-----------------------------------------------ITERATION0-----------------------------------------------

final_causality=[[1, 1, 1, 1, 1, 1, 1, 1, 1, 1, 1, 1, 1], [1, 1, 1, 1, 1, 1, 1, 1, 1, 1, 1, 1, 1, 1, 1, 1, 1, 1, 1, 1, 1, 1, 1, 1, 1, 1, 1, 1, 1, 1, 1, 1, 1, 1, 1, 1, 1, 1, 1, 1, 1, 1, 1, 1, 1, 1, 1, 1, 1, 1], [1, 1, 1, 1, 1, 1, 1, 1, 1, 1, 1, 1, 1, 1, 1, 1, 1, 1, 1, 1, 1, 1, 1, 1, 1, 1, 1, 1, 1, 1, 1, 1, 1, 1, 1, 1, 1, 1, 1, 1, 1, 1, 1, 1, 1, 1, 1, 1, 1, 1]]

means=tensor([1.1666e-04, 1.8553e-04, 2.0703e-05, 1.2229e-04, 2.6330e-05, 3.1709e-05,
        2.8978e-05, 1.7461e-04, 4.4049e-05, 8.4992e-05, 2.4407e-05, 1.9957e-04,
        3.3772e-05, 7.9554e-05, 9.0240e-05, 6.8622e-05, 1.0709e-04, 2.1885e-05,
        1.9026e-05, 4.2607e-06, 4.4158e-05, 7.0513e-05, 5.9989e-05, 1.4300e-05,
        1.1540e-04, 6.2299e-05, 7.1560e-05, 1.5499e-04, 1.3295e-05, 1.2790e-05,
        2.4297e-04, 2.2293e-04, 9.1367e-05, 8.8055e-06, 1.0133e-05, 1.1975e-04,
        4.3825e-05, 2.0624e-04, 1.0529e-05, 2.2256e-05, 1.8882e-05, 9.4897e-06,
        7.3919e-06, 1.3918e-05, 1.5713e-05, 6.3891e-05, 1.6695e-05, 1.5372e-04,
        7.7013e-07, 6.3993e-05, 1.2305e-05, 1.2820e-05, 1.5060e-04, 1.8315e-04,
        7.6988e-06, 2.0879e-05, 8.2346e-05, 2.5144e-05, 4.1258e-05, 6.0393e-05,
        1.3761e-05, 3.8476e-05, 3.5576e-05, 3.1860e-05, 1.3131e-04, 5.6671e-05,
        2.7126e-05, 5.3433e-05, 2.5302e-06, 5.8541e-06, 3.5759e-05, 2.0906e-04,
        2.2862e-05, 1.2282e-04, 8.9268e-05, 2.4709e-05, 1.8520e-05, 4.5727e-05,
        3.8778e-05, 8.1891e-05, 1.8611e-04, 4.3044e-05, 7.0711e-05, 1.4073e-04,
        4.9194e-05, 1.0216e-04, 2.8285e-05, 1.0644e-04, 1.6146e-05, 4.0946e-05,
        8.3558e-05, 4.9893e-05, 1.5889e-04, 4.1852e-06, 4.5162e-05, 2.8858e-05,
        1.8847e-05, 3.4276e-05, 8.5325e-05, 2.0003e-05, 1.1466e-04, 8.1799e-05,
        1.4553e-05, 4.2338e-05, 1.1317e-04, 2.2816e-05, 5.9211e-05, 1.2004e-04,
        1.4966e-04, 1.1314e-05, 1.0169e-04, 7.6227e-05, 8.8658e-05],
       grad_fn=<CatBackward>)

mean_overall=tensor(6.5826e-05, grad_fn=<MeanBackward0>)

-----------------------------------------------ITERATION10-----------------------------------------------

final_causality=[[1, 1, 1, 1, 1, 1, 1, 1, 1, 1, 1, 1, 1], [1, 1, 1, 1, 1, 1, 1, 1, 1, 1, 1, 1, 1, 1, 1, 1, 1, 1, 1, 1, 1, 1, 1, 1, 1, 1, 1, 1, 1, 1, 1, 1, 1, 1, 1, 1, 1, 1, 1, 1, 1, 1, 1, 1, 1, 1, 1, 1, 1, 1], [1, 1, 1, 1, 1, 1, 1, 1, 1, 1, 1, 1, 1, 1, 1, 1, 1, 1, 1, 1, 1, 1, 1, 1, 1, 1, 1, 1, 1, 1, 1, 1, 1, 1, 1, 1, 1, 1, 1, 1, 1, 1, 1, 1, 1, 1, 1, 1, 1, 1]]

means=tensor([9.5859e-05, 1.0467e-04, 7.6201e-06, 1.1579e-05, 1.4911e-05, 3.9386e-05,
        7.2573e-05, 1.4772e-04, 1.5872e-05, 3.2246e-05, 5.4770e-05, 1.4050e-04,
        1.2464e-05, 6.4032e-05, 4.8588e-05, 8.6421e-05, 1.2760e-04, 4.5452e-06,
        4.4833e-05, 2.9454e-05, 3.1493e-06, 4.6430e-05, 2.7048e-05, 1.3306e-05,
        7.6344e-05, 4.0081e-05, 3.5719e-05, 1.7284e-04, 3.5829e-05, 2.4292e-06,
        2.7668e-04, 2.4582e-04, 6.6480e-05, 1.6952e-06, 8.3899e-06, 1.3816e-04,
        1.0464e-05, 2.3936e-04, 2.4231e-05, 6.3971e-05, 3.9310e-05, 1.3543e-05,
        2.0556e-05, 4.4051e-05, 2.1704e-05, 1.0013e-04, 3.4175e-05, 1.8548e-04,
        2.3168e-05, 8.8149e-05, 4.9421e-06, 2.1865e-05, 1.6607e-04, 1.5394e-04,
        3.1192e-05, 4.9977e-05, 1.0314e-04, 7.3369e-05, 7.0414e-05, 9.0191e-05,
        8.7098e-06, 1.5844e-05, 6.3901e-06, 2.5345e-05, 1.1669e-04, 5.1112e-05,
        3.1494e-05, 4.6737e-05, 1.7401e-06, 1.0664e-05, 3.1007e-05, 2.0941e-04,
        1.7748e-05, 1.1317e-04, 9.2730e-05, 3.1513e-05, 2.0882e-05, 4.4692e-05,
        3.6391e-05, 8.6438e-05, 1.6510e-04, 3.8057e-05, 6.5824e-05, 1.4225e-04,
        5.4201e-05, 9.7160e-05, 3.0677e-05, 9.9875e-05, 1.3646e-05, 3.6881e-05,
        7.8119e-05, 5.7037e-05, 1.6009e-04, 7.6777e-06, 4.2988e-05, 3.4407e-05,
        1.4601e-05, 3.1878e-05, 7.7466e-05, 1.6473e-05, 1.1111e-04, 7.5496e-05,
        2.0113e-05, 5.1080e-05, 1.0389e-04, 2.6183e-05, 6.3719e-05, 1.0576e-04,
        1.3853e-04, 1.7098e-05, 1.0271e-04, 7.8072e-05, 8.8593e-05],
       grad_fn=<CatBackward>)

mean_overall=tensor(6.4291e-05, grad_fn=<MeanBackward0>)

-----------------------------------------------ITERATION20-----------------------------------------------

final_causality=[[1, 1, 1, 1, 1, 1, 1, 1, 1, 1, 1, 1, 1], [1, 1, 1, 1, 1, 1, 1, 1, 1, 1, 1, 1, 1, 1, 1, 1, 1, 1, 1, 1, 1, 1, 1, 1, 1, 1, 1, 1, 1, 1, 1, 1, 1, 1, 1, 1, 1, 1, 1, 1, 1, 1, 1, 1, 1, 1, 1, 1, 1, 1], [1, 1, 1, 1, 1, 1, 1, 1, 1, 1, 1, 1, 1, 1, 1, 1, 1, 1, 1, 1, 1, 1, 1, 1, 1, 1, 1, 1, 1, 1, 1, 1, 1, 1, 1, 1, 1, 1, 1, 1, 1, 1, 1, 1, 1, 1, 1, 1, 1, 1]]

means=tensor([7.6232e-05, 2.6896e-05, 4.0136e-05, 1.3387e-04, 1.0359e-05, 4.9924e-05,
        1.1520e-04, 1.1945e-04, 1.4611e-05, 7.8670e-06, 7.4501e-05, 9.5974e-05,
        5.6623e-05, 4.9925e-05, 1.3764e-05, 1.0158e-04, 1.4453e-04, 2.8171e-05,
        6.8366e-05, 5.1120e-05, 1.9969e-05, 2.6108e-05, 7.1992e-07, 3.7287e-05,
        4.3933e-05, 2.0353e-05, 6.6876e-06, 1.8704e-04, 5.6393e-05, 1.6291e-05,
        3.0340e-04, 2.6224e-04, 4.5470e-05, 4.1181e-06, 2.6213e-05, 1.5254e-04,
        1.9167e-05, 2.6648e-04, 5.4396e-05, 9.9347e-05, 5.5966e-05, 3.3357e-05,
        4.7389e-05, 6.9973e-05, 5.7232e-05, 1.3017e-04, 5.0385e-05, 2.1132e-04,
        4.2604e-05, 1.0700e-04, 1.7675e-05, 5.2448e-05, 1.7787e-04, 1.2831e-04,
        5.0576e-05, 7.3723e-05, 1.1948e-04, 1.1335e-04, 9.5689e-05, 1.1552e-04,
        2.6518e-05, 1.9265e-06, 1.5578e-05, 1.9405e-05, 1.0350e-04, 4.7864e-05,
        3.6447e-05, 4.0829e-05, 5.4340e-06, 1.5205e-05, 2.7605e-05, 2.0823e-04,
        1.3387e-05, 1.0422e-04, 9.6208e-05, 3.7987e-05, 2.2165e-05, 4.3013e-05,
        3.4459e-05, 8.8996e-05, 1.4677e-04, 3.3772e-05, 6.1222e-05, 1.4657e-04,
        6.0455e-05, 9.3402e-05, 3.2759e-05, 9.3412e-05, 1.1884e-05, 3.2970e-05,
        7.2889e-05, 6.2003e-05, 1.6182e-04, 1.1259e-05, 4.1725e-05, 3.9141e-05,
        1.0731e-05, 2.9193e-05, 7.0886e-05, 1.3267e-05, 1.0810e-04, 7.0906e-05,
        2.4415e-05, 5.8228e-05, 9.7145e-05, 2.8597e-05, 6.7129e-05, 9.5406e-05,
        1.2866e-04, 2.2483e-05, 1.0369e-04, 7.8655e-05, 8.6279e-05],
       grad_fn=<CatBackward>)

mean_overall=tensor(6.9576e-05, grad_fn=<MeanBackward0>)

-----------------------------------------------ITERATION30-----------------------------------------------

final_causality=[[1, 1, 1, 1, 1, 1, 1, 1, 1, 1, 1, 1, 1], [1, 1, 1, 1, 1, 1, 1, 1, 1, 1, 1, 1, 1, 1, 1, 1, 1, 1, 1, 1, 1, 1, 1, 1, 1, 1, 1, 1, 1, 1, 1, 1, 1, 1, 1, 1, 1, 1, 1, 1, 1, 1, 1, 1, 1, 1, 1, 1, 1, 1], [1, 1, 1, 1, 1, 1, 1, 1, 1, 1, 1, 1, 1, 1, 1, 1, 1, 1, 1, 1, 1, 1, 1, 1, 1, 1, 1, 1, 1, 1, 1, 1, 1, 1, 1, 1, 1, 1, 1, 1, 1, 1, 1, 1, 1, 1, 1, 1, 1, 1]]

means=tensor([6.8282e-05, 3.2728e-05, 6.6805e-05, 2.3362e-04, 1.1090e-05, 6.3480e-05,
        1.5046e-04, 9.1597e-05, 3.8642e-05, 4.2864e-05, 8.1600e-05, 7.3621e-05,
        9.0504e-05, 3.9425e-05, 6.9332e-06, 1.1191e-04, 1.5582e-04, 4.5098e-05,
        8.5507e-05, 6.6413e-05, 3.6670e-05, 1.1614e-05, 2.8273e-05, 5.4024e-05,
        2.1560e-05, 5.9748e-06, 9.3405e-06, 1.9720e-04, 7.1248e-05, 2.5880e-05,
        3.2272e-04, 2.7335e-04, 3.0124e-05, 8.4198e-06, 3.8228e-05, 1.6272e-04,
        4.2680e-05, 2.8365e-04, 7.5249e-05, 1.2334e-04, 6.8254e-05, 4.7286e-05,
        6.6802e-05, 8.7971e-05, 8.2057e-05, 1.5022e-04, 6.2210e-05, 2.2838e-04,
        5.6553e-05, 1.2023e-04, 2.6998e-05, 7.3478e-05, 1.8657e-04, 1.0964e-04,
        6.4345e-05, 9.0112e-05, 1.3092e-04, 1.4155e-04, 1.1323e-04, 1.3284e-04,
        3.8954e-05, 1.4522e-05, 3.1645e-05, 1.5138e-05, 9.5943e-05, 4.5296e-05,
        4.0291e-05, 3.6574e-05, 7.9912e-06, 1.8777e-05, 2.5360e-05, 2.0598e-04,
        1.0209e-05, 9.7551e-05, 9.8923e-05, 4.2891e-05, 2.2390e-05, 4.2468e-05,
        3.2788e-05, 9.0318e-05, 1.3505e-04, 3.0843e-05, 5.9897e-05, 1.4971e-04,
        6.5381e-05, 9.0666e-05, 3.4013e-05, 8.8132e-05, 1.0384e-05, 2.9990e-05,
        6.8969e-05, 6.5079e-05, 1.6319e-04, 1.4301e-05, 4.2188e-05, 4.2581e-05,
        7.9444e-06, 2.7101e-05, 6.8291e-05, 1.1024e-05, 1.0578e-04, 6.7830e-05,
        2.7222e-05, 6.3021e-05, 9.2812e-05, 2.9845e-05, 6.9034e-05, 8.8507e-05,
        1.2126e-04, 2.6553e-05, 1.0614e-04, 7.9047e-05, 8.3389e-05],
       grad_fn=<CatBackward>)

mean_overall=tensor(7.6084e-05, grad_fn=<MeanBackward0>)

-----------------------------------------------ITERATION40-----------------------------------------------

final_causality=[[1, 1, 1, 1, 1, 1, 1, 1, 1, 1, 1, 1, 1], [1, 1, 1, 1, 1, 1, 1, 1, 1, 1, 1, 1, 1, 1, 1, 1, 1, 1, 1, 1, 1, 1, 1, 1, 1, 1, 1, 1, 1, 1, 1, 1, 1, 1, 1, 1, 1, 1, 1, 1, 1, 1, 1, 1, 1, 1, 1, 1, 1, 1], [1, 1, 1, 1, 1, 1, 1, 1, 1, 1, 1, 1, 1, 1, 1, 1, 1, 1, 1, 1, 1, 1, 1, 1, 1, 1, 1, 1, 1, 1, 1, 1, 1, 1, 1, 1, 1, 1, 1, 1, 1, 1, 1, 1, 1, 1, 1, 1, 1, 1]]

means=tensor([8.0671e-05, 8.1764e-05, 6.8855e-05, 2.9747e-04, 9.2174e-07, 7.4995e-05,
        1.6209e-04, 7.0694e-05, 4.1496e-05, 5.0496e-05, 8.7652e-05, 6.7724e-05,
        9.7312e-05, 3.3905e-05, 1.7359e-05, 1.1588e-04, 1.6021e-04, 5.2961e-05,
        9.2401e-05, 7.3629e-05, 4.4784e-05, 4.1303e-06, 4.4845e-05, 6.3846e-05,
        1.0459e-05, 8.2482e-08, 1.8199e-05, 2.0369e-04, 7.7359e-05, 3.0292e-05,
        3.3600e-04, 2.8169e-04, 2.2120e-05, 1.0984e-05, 4.4847e-05, 1.6933e-04,
        5.5959e-05, 2.8882e-04, 8.7836e-05, 1.3319e-04, 7.4896e-05, 5.3491e-05,
        7.8812e-05, 9.5512e-05, 9.5662e-05, 1.5869e-04, 6.6967e-05, 2.3610e-04,
        6.3172e-05, 1.2936e-04, 3.1262e-05, 8.6179e-05, 1.9336e-04, 9.9607e-05,
        7.3359e-05, 9.9297e-05, 1.3821e-04, 1.5828e-04, 1.2014e-04, 1.4019e-04,
        4.6294e-05, 2.0676e-05, 3.9069e-05, 1.3087e-05, 9.7656e-05, 4.3414e-05,
        4.2045e-05, 3.4362e-05, 9.2513e-06, 2.0977e-05, 2.3510e-05, 2.0232e-04,
        8.5493e-06, 9.3090e-05, 9.9366e-05, 4.5552e-05, 2.1991e-05, 4.3168e-05,
        3.1775e-05, 9.2525e-05, 1.3121e-04, 2.9252e-05, 6.1740e-05, 1.5254e-04,
        6.5734e-05, 8.7591e-05, 3.4581e-05, 8.4001e-05, 9.6305e-06, 2.8384e-05,
        7.0194e-05, 6.7067e-05, 1.6180e-04, 1.6159e-05, 4.6558e-05, 4.5031e-05,
        6.5836e-06, 2.6413e-05, 6.8410e-05, 1.0058e-05, 1.0539e-04, 6.4991e-05,
        2.9481e-05, 6.4821e-05, 8.9642e-05, 3.0153e-05, 6.9133e-05, 8.6647e-05,
        1.1582e-04, 2.8336e-05, 1.0582e-04, 8.1116e-05, 8.2129e-05],
       grad_fn=<CatBackward>)

mean_overall=tensor(7.9952e-05, grad_fn=<MeanBackward0>)

-----------------------------------------------ITERATION50-----------------------------------------------

final_causality=[[1, 1, 1, 1, 1, 1, 1, 1, 1, 1, 1, 1, 1], [1, 1, 1, 1, 1, 1, 1, 1, 1, 1, 1, 1, 1, 1, 1, 1, 1, 1, 1, 1, 1, 1, 1, 1, 1, 1, 1, 1, 1, 1, 1, 1, 1, 1, 1, 1, 1, 1, 1, 1, 1, 1, 1, 1, 1, 1, 1, 1, 1, 1], [1, 1, 1, 1, 1, 1, 1, 1, 1, 1, 1, 1, 1, 1, 1, 1, 1, 1, 1, 1, 1, 1, 1, 1, 1, 1, 1, 1, 1, 1, 1, 1, 1, 1, 1, 1, 1, 1, 1, 1, 1, 1, 1, 1, 1, 1, 1, 1, 1, 1]]

means=tensor([1.0394e-04, 1.1241e-04, 4.4001e-05, 3.2531e-04, 2.0377e-05, 8.0585e-05,
        1.4575e-04, 6.0090e-05, 1.9942e-05, 2.8748e-05, 1.0181e-04, 6.7782e-05,
        7.7469e-05, 3.2815e-05, 1.8852e-05, 1.1430e-04, 1.5875e-04, 5.2873e-05,
        8.9866e-05, 7.3950e-05, 4.5769e-05, 2.5589e-06, 5.0021e-05, 6.8348e-05,
        8.5640e-06, 1.8441e-06, 1.8981e-05, 2.0735e-04, 7.5848e-05, 3.1327e-05,
        3.4516e-04, 2.8859e-04, 2.0342e-05, 1.2326e-05, 4.7918e-05, 1.7337e-04,
        6.1215e-05, 2.8417e-04, 9.4064e-05, 1.3141e-04, 7.8538e-05, 5.3280e-05,
        8.5001e-05, 9.4160e-05, 1.0064e-04, 1.5776e-04, 6.5397e-05, 2.3602e-04,
        6.4943e-05, 1.3576e-04, 3.1931e-05, 9.2970e-05, 1.9905e-04, 9.6790e-05,
        7.8901e-05, 1.0303e-04, 1.4262e-04, 1.6652e-04, 1.1768e-04, 1.3926e-04,
        4.9787e-05, 2.1393e-05, 3.9103e-05, 1.2853e-05, 1.0401e-04, 4.2073e-05,
        4.1716e-05, 3.3834e-05, 9.3968e-06, 2.1961e-05, 2.1761e-05, 1.9784e-04,
        8.1194e-06, 9.0100e-05, 9.7222e-05, 4.6168e-05, 2.1492e-05, 4.2369e-05,
        3.1322e-05, 9.6256e-05, 1.3424e-04, 2.8905e-05, 6.7016e-05, 1.5549e-04,
        6.6935e-05, 8.3940e-05, 3.4892e-05, 8.0602e-05, 9.6587e-06, 2.7968e-05,
        7.2406e-05, 6.8356e-05, 1.5751e-04, 1.6716e-05, 5.4720e-05, 4.6880e-05,
        6.4058e-06, 2.7069e-05, 7.0867e-05, 1.0145e-05, 1.0719e-04, 6.1798e-05,
        3.1741e-05, 6.4076e-05, 8.6994e-05, 3.0033e-05, 6.8424e-05, 8.9132e-05,
        1.1142e-04, 2.7989e-05, 1.0247e-04, 8.5072e-05, 8.2932e-05],
       grad_fn=<CatBackward>)

mean_overall=tensor(8.0866e-05, grad_fn=<MeanBackward0>)

-----------------------------------------------ITERATION60-----------------------------------------------

final_causality=[[1, 1, 1, 1, 1, 1, 1, 1, 1, 1, 1, 1, 1], [1, 1, 1, 1, 1, 1, 1, 1, 1, 1, 1, 1, 1, 1, 1, 1, 1, 1, 1, 1, 1, 1, 1, 1, 1, 1, 1, 1, 1, 1, 1, 1, 1, 1, 1, 1, 1, 1, 1, 1, 1, 1, 1, 1, 1, 1, 1, 1, 1, 1], [1, 1, 1, 1, 1, 1, 1, 1, 1, 1, 1, 1, 1, 1, 1, 1, 1, 1, 1, 1, 1, 1, 1, 1, 1, 1, 1, 1, 1, 1, 1, 1, 1, 1, 1, 1, 1, 1, 1, 1, 1, 1, 1, 1, 1, 1, 1, 1, 1, 1]]

means=tensor([1.2876e-04, 1.3219e-04, 8.6037e-06, 3.3326e-04, 5.5301e-05, 8.2319e-05,
        1.1605e-04, 5.5516e-05, 7.9965e-06, 5.3509e-06, 1.2034e-04, 6.9336e-05,
        4.7144e-05, 3.4013e-05, 1.5789e-05, 1.0991e-04, 1.5435e-04, 4.9075e-05,
        8.3007e-05, 7.0838e-05, 4.3181e-05, 3.9906e-06, 4.9482e-05, 6.9662e-05,
        1.1354e-05, 1.0712e-07, 1.5660e-05, 2.0953e-04, 7.4753e-05, 3.0464e-05,
        3.5244e-04, 2.9454e-04, 2.1705e-05, 1.2950e-05, 4.9605e-05, 1.7614e-04,
        6.2755e-05, 2.7460e-04, 9.6195e-05, 1.2397e-04, 8.1174e-05, 5.0170e-05,
        8.7851e-05, 8.8647e-05, 1.0105e-04, 1.5211e-04, 6.0851e-05, 2.3195e-04,
        6.4867e-05, 1.4066e-04, 3.1443e-05, 9.6180e-05, 2.0420e-04, 9.7577e-05,
        8.2089e-05, 1.0379e-04, 1.4558e-04, 1.7017e-04, 1.1065e-04, 1.3407e-04,
        5.1028e-05, 1.9634e-05, 3.5528e-05, 1.3524e-05, 1.1237e-04, 4.1090e-05,
        4.0402e-05, 3.4180e-05, 9.0426e-06, 2.2177e-05, 2.0163e-05, 1.9363e-04,
        8.2838e-06, 8.7949e-05, 9.4041e-05, 4.5497e-05, 2.1047e-05, 4.2594e-05,
        3.1126e-05, 1.0050e-04, 1.4142e-04, 2.9180e-05, 7.3485e-05, 1.5818e-04,
        7.2150e-05, 8.0386e-05, 3.5157e-05, 7.7598e-05, 1.0124e-05, 2.8165e-05,
        7.4691e-05, 6.9099e-05, 1.5271e-04, 1.6499e-05, 6.4069e-05, 4.8177e-05,
        6.8363e-06, 2.8367e-05, 7.4445e-05, 1.0791e-05, 1.0987e-04, 5.8579e-05,
        3.3756e-05, 6.2238e-05, 8.4711e-05, 2.9791e-05, 6.7292e-05, 9.3553e-05,
        1.0768e-04, 2.6811e-05, 9.7904e-05, 8.9484e-05, 8.4614e-05],
       grad_fn=<CatBackward>)

mean_overall=tensor(8.0610e-05, grad_fn=<MeanBackward0>)

-----------------------------------------------ITERATION70-----------------------------------------------

final_causality=[[1, 1, 1, 1, 1, 1, 1, 1, 1, 1, 1, 1, 1], [1, 1, 1, 1, 1, 1, 1, 1, 1, 1, 1, 1, 1, 1, 1, 1, 1, 1, 1, 1, 1, 1, 1, 1, 1, 1, 1, 1, 1, 1, 1, 1, 1, 1, 1, 1, 1, 1, 1, 1, 1, 1, 1, 1, 1, 1, 1, 1, 1, 1], [1, 1, 1, 1, 1, 1, 1, 1, 1, 1, 1, 1, 1, 1, 1, 1, 1, 1, 1, 1, 1, 1, 1, 1, 1, 1, 1, 1, 1, 1, 1, 1, 1, 1, 1, 1, 1, 1, 1, 1, 1, 1, 1, 1, 1, 1, 1, 1, 1, 1]]

means=tensor([1.5138e-04, 1.5141e-04, 1.2030e-05, 3.4046e-04, 8.9100e-05, 8.4363e-05,
        8.6109e-05, 5.0633e-05, 3.9294e-05, 2.4571e-05, 1.3856e-04, 7.1798e-05,
        1.7652e-05, 3.5407e-05, 1.2292e-05, 1.0527e-04, 1.4970e-04, 4.5224e-05,
        7.6177e-05, 6.7486e-05, 4.0300e-05, 5.6803e-06, 4.8634e-05, 7.0557e-05,
        1.4602e-05, 2.8726e-07, 1.1971e-05, 2.1171e-04, 7.3960e-05, 2.9400e-05,
        3.6014e-04, 3.0056e-04, 2.3312e-05, 1.3419e-05, 5.0918e-05, 1.7902e-04,
        6.4088e-05, 2.6445e-04, 9.7559e-05, 1.1611e-04, 8.3503e-05, 4.8249e-05,
        9.0899e-05, 8.2970e-05, 1.0106e-04, 1.4594e-04, 5.6790e-05, 2.2742e-04,
        6.4373e-05, 1.4554e-04, 3.0748e-05, 9.8986e-05, 2.0959e-04, 9.8605e-05,
        8.4902e-05, 1.0425e-04, 1.4905e-04, 1.7353e-04, 1.0339e-04, 1.2852e-04,
        5.2020e-05, 1.7758e-05, 3.1795e-05, 1.4295e-05, 1.2094e-04, 4.0239e-05,
        3.9090e-05, 3.4631e-05, 8.6946e-06, 2.2331e-05, 1.8620e-05, 1.8967e-04,
        8.4937e-06, 8.5920e-05, 9.0964e-05, 4.4600e-05, 2.0576e-05, 4.2788e-05,
        3.0929e-05, 1.0463e-04, 1.4935e-04, 2.9514e-05, 8.0502e-05, 1.6077e-04,
        7.8083e-05, 7.7003e-05, 3.5428e-05, 7.4593e-05, 1.0652e-05, 2.8428e-05,
        7.6926e-05, 6.9685e-05, 1.4843e-04, 1.6214e-05, 7.3224e-05, 4.9295e-05,
        7.3416e-06, 2.9721e-05, 7.8087e-05, 1.1584e-05, 1.1251e-04, 5.5654e-05,
        3.5592e-05, 6.0411e-05, 8.2565e-05, 2.9527e-05, 6.6151e-05, 9.8121e-05,
        1.0407e-04, 2.5726e-05, 9.3410e-05, 9.3863e-05, 8.6227e-05],
       grad_fn=<CatBackward>)

mean_overall=tensor(8.1430e-05, grad_fn=<MeanBackward0>)

-----------------------------------------------ITERATION80-----------------------------------------------

final_causality=[[1, 1, 1, 1, 1, 1, 1, 1, 1, 1, 1, 1, 1], [1, 1, 1, 1, 1, 1, 1, 1, 1, 1, 1, 1, 1, 1, 1, 1, 1, 1, 1, 1, 1, 1, 1, 1, 1, 1, 1, 1, 1, 1, 1, 1, 1, 1, 1, 1, 1, 1, 1, 1, 1, 1, 1, 1, 1, 1, 1, 1, 1, 1], [1, 1, 1, 1, 1, 1, 1, 1, 1, 1, 1, 1, 1, 1, 1, 1, 1, 1, 1, 1, 1, 1, 1, 1, 1, 1, 1, 1, 1, 1, 1, 1, 1, 1, 1, 1, 1, 1, 1, 1, 1, 1, 1, 1, 1, 1, 1, 1, 1, 1]]

means=tensor([1.7203e-04, 1.7609e-04, 4.6264e-05, 3.5691e-04, 1.2108e-04, 8.8758e-05,
        6.0117e-05, 4.2306e-05, 6.6562e-05, 5.6610e-05, 1.5586e-04, 7.4669e-05,
        4.7486e-06, 3.6009e-05, 1.0324e-05, 1.0152e-04, 1.4602e-04, 4.2823e-05,
        7.1883e-05, 6.5366e-05, 3.8674e-05, 6.3044e-06, 5.0152e-05, 7.2734e-05,
        1.6261e-05, 9.8150e-07, 9.6417e-06, 2.1472e-04, 7.5809e-05, 2.9014e-05,
        3.6963e-04, 3.0746e-04, 2.3791e-05, 1.4175e-05, 5.3026e-05, 1.8282e-04,
        6.7316e-05, 2.5569e-04, 1.0036e-04, 1.1021e-04, 8.6608e-05, 4.8624e-05,
        9.5752e-05, 7.8831e-05, 1.0295e-04, 1.4125e-04, 5.3933e-05, 2.2419e-04,
        6.4728e-05, 1.5146e-04, 3.0775e-05, 1.0343e-04, 2.1577e-04, 9.8302e-05,
        8.8803e-05, 1.0594e-04, 1.5364e-04, 1.7916e-04, 9.7781e-05, 1.2441e-04,
        5.4017e-05, 1.6804e-05, 2.9389e-05, 1.4775e-05, 1.2923e-04, 4.0530e-05,
        3.8153e-05, 3.4805e-05, 8.5106e-06, 2.2793e-05, 1.9332e-05, 1.8554e-04,
        8.4932e-06, 8.3487e-05, 8.8349e-05, 4.4161e-05, 2.1045e-05, 4.2998e-05,
        3.0593e-05, 1.0861e-04, 1.5617e-04, 2.9633e-05, 8.7965e-05, 1.6375e-04,
        8.3983e-05, 7.3609e-05, 3.5803e-05, 7.1763e-05, 1.1063e-05, 2.8491e-05,
        7.9244e-05, 7.0270e-05, 1.4443e-04, 1.6253e-05, 8.2245e-05, 5.0626e-05,
        7.6561e-06, 3.0878e-05, 8.1457e-05, 1.2214e-05, 1.1513e-04, 5.2843e-05,
        3.7512e-05, 5.8944e-05, 8.0301e-05, 2.9279e-05, 6.5067e-05, 1.0226e-04,
        1.0012e-04, 2.4976e-05, 9.3087e-05, 9.8190e-05, 8.7518e-05],
       grad_fn=<CatBackward>)

mean_overall=tensor(8.3411e-05, grad_fn=<MeanBackward0>)

-----------------------------------------------ITERATION90-----------------------------------------------

final_causality=[[1, 1, 1, 1, 1, 1, 1, 1, 1, 1, 1, 1, 1], [1, 1, 1, 1, 1, 1, 1, 1, 1, 1, 1, 1, 1, 1, 1, 1, 1, 1, 1, 1, 1, 1, 1, 1, 1, 1, 1, 1, 1, 1, 1, 1, 1, 1, 1, 1, 1, 1, 1, 1, 1, 1, 1, 1, 1, 1, 1, 1, 1, 1], [1, 1, 1, 1, 1, 1, 1, 1, 1, 1, 1, 1, 1, 1, 1, 1, 1, 1, 1, 1, 1, 1, 1, 1, 1, 1, 1, 1, 1, 1, 1, 1, 1, 1, 1, 1, 1, 1, 1, 1, 1, 1, 1, 1, 1, 1, 1, 1, 1, 1]]

means=tensor([1.9207e-04, 2.0647e-04, 7.8262e-05, 3.8240e-04, 1.5303e-04, 9.5329e-05,
        3.6654e-05, 3.0745e-05, 9.1818e-05, 8.5892e-05, 1.7323e-04, 7.7705e-05,
        2.9754e-05, 3.5878e-05, 9.7850e-06, 9.8548e-05, 1.4322e-04, 4.1808e-05,
        7.0274e-05, 6.4372e-05, 3.8210e-05, 5.9308e-06, 5.3968e-05, 7.6326e-05,
        1.6416e-05, 6.6299e-07, 8.5575e-06, 2.1858e-04, 7.9339e-05, 2.9302e-05,
        3.8094e-04, 3.1532e-04, 2.3230e-05, 1.5311e-05, 5.6104e-05, 1.8753e-04,
        7.2548e-05, 2.4818e-04, 1.0484e-04, 1.0607e-04, 9.0638e-05, 4.9765e-05,
        1.0257e-04, 7.7315e-05, 1.0676e-04, 1.3798e-04, 5.1914e-05, 2.2219e-04,
        6.6008e-05, 1.5855e-04, 3.1697e-05, 1.0973e-04, 2.2278e-04, 9.6775e-05,
        9.4005e-05, 1.0894e-04, 1.5925e-04, 1.8720e-04, 9.3612e-05, 1.2160e-04,
        5.7207e-05, 1.6712e-05, 2.8138e-05, 1.4980e-05, 1.3740e-04, 4.1347e-05,
        3.7510e-05, 3.4707e-05, 8.4431e-06, 2.3636e-05, 2.0043e-05, 1.8102e-04,
        8.2978e-06, 8.0569e-05, 8.9587e-05, 4.4239e-05, 2.1786e-05, 4.3247e-05,
        3.0119e-05, 1.1258e-04, 1.6200e-04, 2.9543e-05, 9.6397e-05, 1.6732e-04,
        9.0127e-05, 7.0082e-05, 3.6316e-05, 6.9839e-05, 1.1367e-05, 2.8359e-05,
        8.1736e-05, 7.0826e-05, 1.4031e-04, 1.6617e-05, 9.1197e-05, 5.2266e-05,
        7.7843e-06, 3.1860e-05, 8.4657e-05, 1.2681e-05, 1.1795e-04, 4.9971e-05,
        3.9630e-05, 5.7711e-05, 7.7830e-05, 2.9042e-05, 6.3949e-05, 1.0614e-04,
        9.5755e-05, 2.4431e-05, 1.0174e-04, 1.0286e-04, 8.8632e-05],
       grad_fn=<CatBackward>)

mean_overall=tensor(8.6393e-05, grad_fn=<MeanBackward0>)

-----------------------------------------------ITERATION100-----------------------------------------------

final_causality=[[1, 1, 1, 1, 1, 1, 1, 1, 1, 1, 1, 1, 1], [1, 1, 1, 1, 1, 1, 1, 1, 1, 1, 1, 1, 1, 1, 1, 1, 1, 1, 1, 1, 1, 1, 1, 1, 1, 1, 1, 1, 1, 1, 1, 1, 1, 1, 1, 1, 1, 1, 1, 1, 1, 1, 1, 1, 1, 1, 1, 1, 1, 1], [1, 1, 1, 1, 1, 1, 1, 1, 1, 1, 1, 1, 1, 1, 1, 1, 1, 1, 1, 1, 1, 1, 1, 1, 1, 1, 1, 1, 1, 1, 1, 1, 1, 1, 1, 1, 1, 1, 1, 1, 1, 1, 1, 1, 1, 1, 1, 1, 1, 1]]

means=tensor([2.1227e-04, 2.3972e-04, 1.1071e-04, 4.1199e-04, 1.8627e-04, 1.0299e-04,
        1.2968e-05, 1.7590e-05, 1.1738e-04, 1.1543e-04, 1.9154e-04, 8.0947e-05,
        5.4811e-05, 3.5505e-05, 9.7142e-06, 9.5782e-05, 1.4068e-04, 4.2974e-05,
        6.9056e-05, 6.3760e-05, 3.8149e-05, 5.2146e-06, 5.8810e-05, 8.0652e-05,
        1.6064e-05, 7.0862e-09, 7.8681e-06, 2.2287e-04, 8.3276e-05, 2.9868e-05,
        3.9342e-04, 3.2382e-04, 2.2316e-05, 1.6675e-05, 5.9753e-05, 1.9278e-04,
        7.8899e-05, 2.4093e-04, 1.1015e-04, 1.0250e-04, 9.5174e-05, 5.1244e-05,
        1.1062e-04, 7.6197e-05, 1.1150e-04, 1.3517e-04, 5.0123e-05, 2.2057e-04,
        6.7678e-05, 1.6641e-04, 3.3896e-05, 1.1711e-04, 2.3036e-04, 9.4818e-05,
        9.9968e-05, 1.1255e-04, 1.6551e-04, 1.9656e-04, 8.9933e-05, 1.1919e-04,
        6.0991e-05, 1.6919e-05, 2.7279e-05, 1.5099e-05, 1.4579e-04, 4.3435e-05,
        3.6937e-05, 3.4510e-05, 8.3995e-06, 2.4675e-05, 2.3128e-05, 1.7619e-04,
        8.0517e-06, 7.7380e-05, 9.1017e-05, 4.4546e-05, 2.2532e-05, 4.3524e-05,
        2.9579e-05, 1.1664e-04, 1.6761e-04, 2.9376e-05, 1.0488e-04, 1.7131e-04,
        9.6590e-05, 6.6405e-05, 3.6924e-05, 6.7730e-05, 1.1649e-05, 2.8155e-05,
        8.4385e-05, 7.1298e-05, 1.3592e-04, 1.7381e-05, 1.0035e-04, 5.4079e-05,
        7.8511e-06, 3.2801e-05, 8.7888e-05, 1.3100e-05, 1.2102e-04, 4.6981e-05,
        4.1889e-05, 5.6484e-05, 7.5203e-05, 2.8792e-05, 6.2731e-05, 1.1008e-04,
        9.1122e-05, 2.4082e-05, 1.1051e-04, 1.0786e-04, 8.9766e-05],
       grad_fn=<CatBackward>)

mean_overall=tensor(8.9730e-05, grad_fn=<MeanBackward0>)

-----------------------------------------------ITERATION110-----------------------------------------------

final_causality=[[1, 1, 1, 1, 1, 1, 1, 1, 1, 1, 1, 1, 1], [1, 1, 1, 1, 1, 1, 1, 1, 1, 1, 1, 1, 1, 1, 1, 1, 1, 1, 1, 1, 1, 1, 1, 1, 1, 1, 1, 1, 1, 1, 1, 1, 1, 1, 1, 1, 1, 1, 1, 1, 1, 1, 1, 1, 1, 1, 1, 1, 1, 1], [1, 1, 1, 1, 1, 1, 1, 1, 1, 1, 1, 1, 1, 1, 1, 1, 1, 1, 1, 1, 1, 1, 1, 1, 1, 1, 1, 1, 1, 1, 1, 1, 1, 1, 1, 1, 1, 1, 1, 1, 1, 1, 1, 1, 1, 1, 1, 1, 1, 1]]

means=tensor([2.3277e-04, 2.7326e-04, 1.4493e-04, 4.4154e-04, 2.2114e-04, 1.1084e-04,
        1.0542e-05, 4.2210e-06, 1.4430e-04, 1.4688e-04, 2.1116e-04, 8.4354e-05,
        8.1244e-05, 3.5270e-05, 9.3784e-06, 9.2815e-05, 1.3795e-04, 4.4066e-05,
        6.7713e-05, 6.3513e-05, 3.7925e-05, 4.6552e-06, 6.3680e-05, 8.5114e-05,
        1.5982e-05, 5.2040e-07, 6.9468e-06, 2.2724e-04, 8.7223e-05, 3.0398e-05,
        4.0654e-04, 3.3266e-04, 2.1568e-05, 1.8179e-05, 6.3597e-05, 1.9826e-04,
        8.5634e-05, 2.3324e-04, 1.1550e-04, 9.8661e-05, 9.9810e-05, 5.2851e-05,
        1.1936e-04, 7.4912e-05, 1.1646e-04, 1.3205e-04, 4.8143e-05, 2.1865e-04,
        6.9280e-05, 1.7467e-04, 3.6086e-05, 1.2489e-04, 2.3831e-04, 9.3027e-05,
        1.0617e-04, 1.1622e-04, 1.7208e-04, 2.0632e-04, 8.6080e-05, 1.1653e-04,
        6.4962e-05, 1.6998e-05, 2.6275e-05, 1.5281e-05, 1.5458e-04, 4.5643e-05,
        3.7054e-05, 3.4353e-05, 8.3187e-06, 2.5742e-05, 2.6307e-05, 1.7122e-04,
        7.8871e-06, 7.4130e-05, 9.2478e-05, 4.4819e-05, 2.5065e-05, 4.3808e-05,
        2.9033e-05, 1.2084e-04, 1.7361e-04, 2.9232e-05, 1.1366e-04, 1.7548e-04,
        1.0331e-04, 6.8668e-05, 3.7572e-05, 6.5613e-05, 1.1974e-05, 2.7977e-05,
        8.7128e-05, 7.1670e-05, 1.3134e-04, 1.8436e-05, 1.0979e-04, 5.6461e-05,
        7.9561e-06, 3.3804e-05, 9.1662e-05, 1.3566e-05, 1.2429e-04, 4.3910e-05,
        4.4192e-05, 5.5142e-05, 7.2498e-05, 2.8963e-05, 6.1416e-05, 1.1429e-04,
        8.6382e-05, 2.3803e-05, 1.1950e-04, 1.1301e-04, 9.1025e-05],
       grad_fn=<CatBackward>)

mean_overall=tensor(9.3499e-05, grad_fn=<MeanBackward0>)

-----------------------------------------------ITERATION120-----------------------------------------------

final_causality=[[1, 1, 1, 1, 1, 1, 1, 1, 1, 1, 1, 1, 1], [1, 1, 1, 1, 1, 1, 1, 1, 1, 1, 1, 1, 1, 1, 1, 1, 1, 1, 1, 1, 1, 1, 1, 1, 1, 1, 1, 1, 1, 1, 1, 1, 1, 1, 1, 1, 1, 1, 1, 1, 1, 1, 1, 1, 1, 1, 1, 1, 1, 1], [1, 1, 1, 1, 1, 1, 1, 1, 1, 1, 1, 1, 1, 1, 1, 1, 1, 1, 1, 1, 1, 1, 1, 1, 1, 1, 1, 1, 1, 1, 1, 1, 1, 1, 1, 1, 1, 1, 1, 1, 1, 1, 1, 1, 1, 1, 1, 1, 1, 1]]

means=tensor([2.5342e-04, 3.0639e-04, 1.8088e-04, 4.7000e-04, 2.5745e-04, 1.1862e-04,
        4.0086e-05, 6.7200e-06, 1.7253e-04, 1.8033e-04, 2.3209e-04, 8.7832e-05,
        1.0908e-04, 3.5252e-05, 8.6287e-06, 8.9583e-05, 1.3503e-04, 4.4971e-05,
        6.6156e-05, 6.3718e-05, 3.7433e-05, 4.3552e-06, 6.8374e-05, 8.9697e-05,
        1.6333e-05, 2.9729e-08, 5.6598e-06, 2.3161e-04, 9.1060e-05, 3.0830e-05,
        4.2019e-04, 3.4173e-04, 2.1090e-05, 1.9833e-05, 6.7548e-05, 2.0390e-04,
        9.2605e-05, 2.2501e-04, 1.2069e-04, 9.4417e-05, 1.0443e-04, 5.4400e-05,
        1.2853e-04, 7.3362e-05, 1.2495e-04, 1.2849e-04, 4.5911e-05, 2.1632e-04,
        7.0705e-05, 1.8324e-04, 3.8182e-05, 1.3292e-04, 2.4653e-04, 9.1525e-05,
        1.1282e-04, 1.1982e-04, 1.7889e-04, 2.1628e-04, 8.1959e-05, 1.1352e-04,
        6.9029e-05, 1.6864e-05, 2.5040e-05, 1.5555e-05, 1.6376e-04, 4.7986e-05,
        3.8554e-05, 3.4264e-05, 8.1937e-06, 2.6772e-05, 2.9617e-05, 1.6618e-04,
        7.7689e-06, 7.0883e-05, 9.5876e-05, 4.4988e-05, 2.8302e-05, 4.4090e-05,
        2.9398e-05, 1.2514e-04, 1.8008e-04, 2.9136e-05, 1.2275e-04, 1.7974e-04,
        1.1022e-04, 7.5554e-05, 3.8239e-05, 6.3532e-05, 1.2356e-05, 2.8129e-05,
        9.1389e-05, 7.1951e-05, 1.2664e-04, 1.9455e-05, 1.1946e-04, 5.9547e-05,
        8.1214e-06, 3.4890e-05, 9.6427e-05, 1.4102e-05, 1.2769e-04, 4.0858e-05,
        4.6494e-05, 5.3682e-05, 6.9741e-05, 2.9348e-05, 6.0028e-05, 1.1880e-04,
        8.1586e-05, 2.3435e-05, 1.2868e-04, 1.1825e-04, 9.2418e-05],
       grad_fn=<CatBackward>)

mean_overall=tensor(9.7920e-05, grad_fn=<MeanBackward0>)

-----------------------------------------------ITERATION130-----------------------------------------------

final_causality=[[1, 1, 1, 1, 1, 1, 1, 1, 1, 1, 1, 1, 1], [1, 1, 1, 1, 1, 1, 1, 1, 1, 1, 1, 1, 1, 1, 1, 1, 1, 1, 1, 1, 1, 1, 1, 1, 1, 1, 1, 1, 1, 1, 1, 1, 1, 1, 1, 1, 1, 1, 1, 1, 1, 1, 1, 1, 1, 1, 1, 1, 1, 1], [1, 1, 1, 1, 1, 1, 1, 1, 1, 1, 1, 1, 1, 1, 1, 1, 1, 1, 1, 1, 1, 1, 1, 1, 1, 1, 1, 1, 1, 1, 1, 1, 1, 1, 1, 1, 1, 1, 1, 1, 1, 1, 1, 1, 1, 1, 1, 1, 1, 1]]

means=tensor([2.7422e-04, 3.3979e-04, 2.1813e-04, 4.9849e-04, 2.9502e-04, 1.2657e-04,
        7.1304e-05, 2.0652e-05, 2.0170e-04, 2.1525e-04, 2.5420e-04, 9.1380e-05,
        1.3791e-04, 3.5355e-05, 7.6655e-06, 8.6215e-05, 1.3365e-04, 4.5835e-05,
        6.4534e-05, 6.3840e-05, 3.6831e-05, 4.1816e-06, 7.3182e-05, 9.4666e-05,
        1.6910e-05, 4.2641e-07, 4.1729e-06, 2.3606e-04, 9.4887e-05, 3.1250e-05,
        4.3451e-04, 3.5112e-04, 2.0745e-05, 2.1571e-05, 7.1730e-05, 2.0977e-04,
        1.0006e-04, 2.1648e-04, 1.2594e-04, 9.0031e-05, 1.0915e-04, 5.5939e-05,
        1.3836e-04, 7.1710e-05, 1.3396e-04, 1.2544e-04, 4.3554e-05, 2.1375e-04,
        7.2077e-05, 1.9222e-04, 4.0253e-05, 1.4142e-04, 2.5646e-04, 9.0161e-05,
        1.2017e-04, 1.2350e-04, 1.8604e-04, 2.2669e-04, 7.7780e-05, 1.1035e-04,
        7.3323e-05, 1.6809e-05, 2.3734e-05, 1.5885e-05, 1.7328e-04, 5.0428e-05,
        4.0057e-05, 3.4205e-05, 8.0439e-06, 2.7801e-05, 3.3007e-05, 1.6104e-04,
        7.6717e-06, 6.9447e-05, 9.9960e-05, 4.5129e-05, 3.1864e-05, 4.4375e-05,
        3.0150e-05, 1.2952e-04, 1.8687e-04, 2.9057e-05, 1.3207e-04, 1.8413e-04,
        1.1732e-04, 8.2651e-05, 3.8940e-05, 6.4028e-05, 1.2779e-05, 2.8496e-05,
        9.6421e-05, 7.2140e-05, 1.2387e-04, 2.0481e-05, 1.2931e-04, 6.3169e-05,
        8.3209e-06, 3.6065e-05, 1.0131e-04, 1.4683e-05, 1.3124e-04, 3.7701e-05,
        4.8814e-05, 5.2141e-05, 6.6915e-05, 2.9723e-05, 5.8570e-05, 1.2353e-04,
        7.6750e-05, 2.3018e-05, 1.3800e-04, 1.2469e-04, 9.3919e-05],
       grad_fn=<CatBackward>)

mean_overall=tensor(0.0001, grad_fn=<MeanBackward0>)

-----------------------------------------------ITERATION140-----------------------------------------------

final_causality=[[1, 1, 1, 1, 1, 1, 1, 1, 1, 1, 1, 1, 1], [1, 1, 1, 1, 1, 1, 1, 1, 1, 1, 1, 1, 1, 1, 1, 1, 1, 1, 1, 1, 1, 1, 1, 1, 1, 1, 1, 1, 1, 1, 1, 1, 1, 1, 1, 1, 1, 1, 1, 1, 1, 1, 1, 1, 1, 1, 1, 1, 1, 1], [1, 1, 1, 1, 1, 1, 1, 1, 1, 1, 1, 1, 1, 1, 1, 1, 1, 1, 1, 1, 1, 1, 1, 1, 1, 1, 1, 1, 1, 1, 1, 1, 1, 1, 1, 1, 1, 1, 1, 1, 1, 1, 1, 1, 1, 1, 1, 1, 1, 1]]

means=tensor([2.9527e-04, 3.7428e-04, 2.5644e-04, 5.2823e-04, 3.3387e-04, 1.3498e-04,
        1.0377e-04, 3.5207e-05, 2.3167e-04, 2.5132e-04, 2.7745e-04, 9.5061e-05,
        1.6749e-04, 3.5477e-05, 6.6863e-06, 8.2825e-05, 1.3230e-04, 4.6808e-05,
        6.2985e-05, 6.4012e-05, 3.6580e-05, 4.0031e-06, 7.8402e-05, 1.0003e-04,
        1.7505e-05, 3.9075e-07, 2.6566e-06, 2.4067e-04, 9.8832e-05, 3.1857e-05,
        4.4965e-04, 3.6090e-04, 2.0401e-05, 2.3457e-05, 7.6287e-05, 2.1597e-04,
        1.0826e-04, 2.0786e-04, 1.3149e-04, 8.5743e-05, 1.1409e-04, 5.7579e-05,
        1.4911e-04, 7.0109e-05, 1.4374e-04, 1.2283e-04, 4.4267e-05, 2.1113e-04,
        7.3535e-05, 2.0175e-04, 4.2391e-05, 1.5064e-04, 2.6706e-04, 8.8784e-05,
        1.2802e-04, 1.2744e-04, 1.9362e-04, 2.3787e-04, 7.3732e-05, 1.0720e-04,
        7.7990e-05, 1.6872e-05, 2.2496e-05, 1.6233e-05, 1.8310e-04, 5.3144e-05,
        4.1611e-05, 3.4138e-05, 7.9575e-06, 2.8892e-05, 3.6428e-05, 1.5573e-04,
        7.5706e-06, 7.1663e-05, 1.0424e-04, 4.5330e-05, 3.5492e-05, 4.5051e-05,
        3.0943e-05, 1.3764e-04, 1.9380e-04, 2.9281e-05, 1.4157e-04, 1.8875e-04,
        1.2466e-04, 8.9915e-05, 3.9694e-05, 6.6797e-05, 1.3250e-05, 2.8877e-05,
        1.0162e-04, 7.2226e-05, 1.2104e-04, 2.1572e-05, 1.3932e-04, 6.7043e-05,
        8.5278e-06, 3.8231e-05, 1.0628e-04, 1.5284e-05, 1.3498e-04, 3.6889e-05,
        5.1185e-05, 5.0534e-05, 6.3993e-05, 3.0110e-05, 5.7027e-05, 1.2845e-04,
        7.3920e-05, 2.2584e-05, 1.4812e-04, 1.3219e-04, 9.5518e-05],
       grad_fn=<CatBackward>)

mean_overall=tensor(0.0001, grad_fn=<MeanBackward0>)

-----------------------------------------------ITERATION150-----------------------------------------------

final_causality=[[1, 1, 1, 1, 1, 1, 1, 1, 1, 1, 1, 1, 1], [1, 1, 1, 1, 1, 1, 1, 1, 1, 1, 1, 1, 1, 1, 1, 1, 1, 1, 1, 1, 1, 1, 1, 1, 1, 1, 1, 1, 1, 1, 1, 1, 1, 1, 1, 1, 1, 1, 1, 1, 1, 1, 1, 1, 1, 1, 1, 1, 1, 1], [1, 1, 1, 1, 1, 1, 1, 1, 1, 1, 1, 1, 1, 1, 1, 1, 1, 1, 1, 1, 1, 1, 1, 1, 1, 1, 1, 1, 1, 1, 1, 1, 1, 1, 1, 1, 1, 1, 1, 1, 1, 1, 1, 1, 1, 1, 1, 1, 1, 1]]

means=tensor([3.1668e-04, 4.1016e-04, 2.9587e-04, 5.5960e-04, 3.7408e-04, 1.4397e-04,
        1.3746e-04, 5.0510e-05, 2.6249e-04, 2.8854e-04, 3.0187e-04, 9.8920e-05,
        1.9785e-04, 3.5599e-05, 5.7366e-06, 7.9441e-05, 1.3285e-04, 4.7936e-05,
        6.1543e-05, 6.4271e-05, 3.7238e-05, 3.7904e-06, 8.4127e-05, 1.0588e-04,
        1.8072e-05, 2.0211e-07, 1.1502e-06, 2.4548e-04, 1.0294e-04, 3.3213e-05,
        4.6566e-04, 3.7111e-04, 2.0099e-05, 2.5525e-05, 8.1280e-05, 2.2253e-04,
        1.1731e-04, 1.9920e-04, 1.3744e-04, 8.1613e-05, 1.1930e-04, 5.9356e-05,
        1.6091e-04, 6.8989e-05, 1.5441e-04, 1.2030e-04, 4.6421e-05, 2.0852e-04,
        7.5119e-05, 2.1187e-04, 4.4631e-05, 1.6067e-04, 2.7814e-04, 8.7367e-05,
        1.3645e-04, 1.3168e-04, 2.0169e-04, 2.4990e-04, 6.9862e-05, 1.0413e-04,
        8.3091e-05, 1.6984e-05, 2.1358e-05, 1.6589e-05, 1.9320e-04, 5.6003e-05,
        4.3232e-05, 3.4055e-05, 7.8729e-06, 3.0070e-05, 3.9865e-05, 1.5021e-04,
        7.4602e-06, 7.4014e-05, 1.0875e-04, 4.5625e-05, 3.9200e-05, 4.6418e-05,
        3.1778e-05, 1.4772e-04, 2.0085e-04, 2.9992e-05, 1.5124e-04, 1.9363e-04,
        1.3225e-04, 9.7345e-05, 4.0509e-05, 6.9600e-05, 1.3784e-05, 2.9267e-05,
        1.0700e-04, 7.2195e-05, 1.1808e-04, 2.2755e-05, 1.4950e-04, 7.1044e-05,
        8.7359e-06, 4.0444e-05, 1.1132e-04, 1.5900e-05, 1.3895e-04, 4.3160e-05,
        5.3621e-05, 4.8854e-05, 6.1573e-05, 3.1487e-05, 5.5387e-05, 1.3357e-04,
        7.5371e-05, 2.2136e-05, 1.6249e-04, 1.3987e-04, 9.7223e-05],
       grad_fn=<CatBackward>)

mean_overall=tensor(0.0001, grad_fn=<MeanBackward0>)

-----------------------------------------------ITERATION160-----------------------------------------------

final_causality=[[1, 1, 1, 1, 1, 1, 1, 1, 1, 1, 1, 1, 1], [1, 1, 1, 1, 1, 1, 1, 1, 1, 1, 1, 1, 1, 1, 1, 1, 1, 1, 1, 1, 1, 1, 1, 1, 1, 1, 1, 1, 1, 1, 1, 1, 1, 1, 1, 1, 1, 1, 1, 1, 1, 1, 1, 1, 1, 1, 1, 1, 1, 1], [1, 1, 1, 1, 1, 1, 1, 1, 1, 1, 1, 1, 1, 1, 1, 1, 1, 1, 1, 1, 1, 1, 1, 1, 1, 1, 1, 1, 1, 1, 1, 1, 1, 1, 1, 1, 1, 1, 1, 1, 1, 1, 1, 1, 1, 1, 1, 1, 1, 1]]

means=tensor([3.3849e-04, 4.4727e-04, 3.3651e-04, 5.9236e-04, 4.1569e-04, 1.5348e-04,
        1.7250e-04, 6.6476e-05, 2.9426e-04, 3.2703e-04, 3.2752e-04, 1.0297e-04,
        2.2910e-04, 3.5749e-05, 4.7653e-06, 7.6041e-05, 1.3408e-04, 4.9191e-05,
        6.0176e-05, 6.4588e-05, 3.7950e-05, 3.5794e-06, 9.0311e-05, 1.1219e-04,
        1.8664e-05, 1.5373e-08, 3.9096e-07, 2.5045e-04, 1.0719e-04, 3.4687e-05,
        4.8253e-04, 3.8173e-04, 1.9819e-05, 2.7777e-05, 8.7832e-05, 2.2944e-04,
        1.2723e-04, 1.9050e-04, 1.4449e-04, 7.7596e-05, 1.2477e-04, 6.2241e-05,
        1.7377e-04, 7.0511e-05, 1.6596e-04, 1.1779e-04, 4.9292e-05, 2.0587e-04,
        7.6803e-05, 2.2260e-04, 4.6958e-05, 1.7153e-04, 2.8971e-04, 8.5956e-05,
        1.4546e-04, 1.3620e-04, 2.1023e-04, 2.6275e-04, 6.6211e-05, 1.0109e-04,
        8.8623e-05, 1.7116e-05, 2.0286e-05, 1.6966e-05, 2.0361e-04, 5.8945e-05,
        4.4916e-05, 3.3964e-05, 7.9692e-06, 3.1323e-05, 4.3333e-05, 1.4449e-04,
        7.3470e-06, 7.7097e-05, 1.1347e-04, 4.6001e-05, 4.2984e-05, 4.7854e-05,
        3.2659e-05, 1.5807e-04, 2.0803e-04, 3.0747e-05, 1.6109e-04, 1.9877e-04,
        1.4010e-04, 1.0496e-04, 4.1381e-05, 7.2446e-05, 1.4347e-05, 2.9674e-05,
        1.1258e-04, 7.2039e-05, 1.1496e-04, 2.4021e-05, 1.5984e-04, 7.5164e-05,
        8.9531e-06, 4.2712e-05, 1.1718e-04, 1.6539e-05, 1.4315e-04, 4.9582e-05,
        5.6110e-05, 4.7092e-05, 5.9386e-05, 3.3130e-05, 5.3649e-05, 1.3890e-04,
        7.6831e-05, 2.1663e-05, 1.7702e-04, 1.4771e-04, 9.9048e-05],
       grad_fn=<CatBackward>)

mean_overall=tensor(0.0001, grad_fn=<MeanBackward0>)

-----------------------------------------------ITERATION170-----------------------------------------------

final_causality=[[1, 1, 1, 1, 1, 1, 1, 1, 1, 1, 1, 1, 1], [1, 1, 1, 1, 1, 1, 1, 1, 1, 1, 1, 1, 1, 1, 1, 1, 1, 1, 1, 1, 1, 1, 1, 1, 1, 1, 1, 1, 1, 1, 1, 1, 1, 1, 1, 1, 1, 1, 1, 1, 1, 1, 1, 1, 1, 1, 1, 1, 1, 1], [1, 1, 1, 1, 1, 1, 1, 1, 1, 1, 1, 1, 1, 1, 1, 1, 1, 1, 1, 1, 1, 1, 1, 1, 1, 1, 1, 1, 1, 1, 1, 1, 1, 1, 1, 1, 1, 1, 1, 1, 1, 1, 1, 1, 1, 1, 1, 1, 1, 1]]

means=tensor([3.6070e-04, 4.8545e-04, 3.7842e-04, 6.2623e-04, 4.5868e-04, 1.6347e-04,
        2.0903e-04, 8.3014e-05, 3.2700e-04, 3.6687e-04, 3.5441e-04, 1.0719e-04,
        2.6131e-04, 3.5955e-05, 3.7236e-06, 7.2607e-05, 1.3537e-04, 5.0543e-05,
        5.8855e-05, 6.4934e-05, 3.8686e-05, 3.4074e-06, 9.6912e-05, 1.1894e-04,
        1.9339e-05, 1.2910e-07, 1.0177e-06, 2.5556e-04, 1.1154e-04, 3.8085e-05,
        5.0022e-04, 3.9272e-04, 1.9584e-05, 3.0212e-05, 9.5422e-05, 2.3667e-04,
        1.3800e-04, 1.8172e-04, 1.5324e-04, 7.3656e-05, 1.3047e-04, 6.6477e-05,
        1.8770e-04, 7.2077e-05, 1.7841e-04, 1.1527e-04, 5.2197e-05, 2.0315e-04,
        7.8556e-05, 2.3404e-04, 4.9353e-05, 1.8319e-04, 3.0175e-04, 8.4593e-05,
        1.5504e-04, 1.4153e-04, 2.1923e-04, 2.7639e-04, 6.2755e-05, 9.8073e-05,
        9.4582e-05, 1.7378e-05, 1.9254e-05, 1.7377e-05, 2.1433e-04, 6.2254e-05,
        4.6651e-05, 3.3875e-05, 8.1837e-06, 3.2635e-05, 4.6845e-05, 1.3858e-04,
        7.2371e-06, 8.0277e-05, 1.1839e-04, 4.6442e-05, 4.6836e-05, 4.9359e-05,
        3.3590e-05, 1.6855e-04, 2.1541e-04, 3.1553e-05, 1.7115e-04, 2.0413e-04,
        1.4819e-04, 1.1276e-04, 4.2307e-05, 7.5346e-05, 1.4944e-05, 3.0108e-05,
        1.1837e-04, 7.1755e-05, 1.1170e-04, 2.5357e-05, 1.7032e-04, 7.9389e-05,
        9.1874e-06, 4.5044e-05, 1.2524e-04, 1.7210e-05, 1.4757e-04, 5.6158e-05,
        5.8642e-05, 4.5240e-05, 5.7130e-05, 3.4835e-05, 5.1816e-05, 1.4512e-04,
        7.8310e-05, 2.1156e-05, 1.9169e-04, 1.5570e-04, 1.0100e-04],
       grad_fn=<CatBackward>)

mean_overall=tensor(0.0001, grad_fn=<MeanBackward0>)

-----------------------------------------------ITERATION180-----------------------------------------------

final_causality=[[1, 1, 1, 1, 1, 1, 1, 1, 1, 1, 1, 1, 1], [1, 1, 1, 1, 1, 1, 1, 1, 1, 1, 1, 1, 1, 1, 1, 1, 1, 1, 1, 1, 1, 1, 1, 1, 1, 1, 1, 1, 1, 1, 1, 1, 1, 1, 1, 1, 1, 1, 1, 1, 1, 1, 1, 1, 1, 1, 1, 1, 1, 1], [1, 1, 1, 1, 1, 1, 1, 1, 1, 1, 1, 1, 1, 1, 1, 1, 1, 1, 1, 1, 1, 1, 1, 1, 1, 1, 1, 1, 1, 1, 1, 1, 1, 1, 1, 1, 1, 1, 1, 1, 1, 1, 1, 1, 1, 1, 1, 1, 1, 1]]

means=tensor([3.8334e-04, 5.2473e-04, 4.2162e-04, 6.6121e-04, 5.0308e-04, 1.7394e-04,
        2.4706e-04, 1.0012e-04, 3.6076e-04, 4.0809e-04, 3.8257e-04, 1.1163e-04,
        2.9451e-04, 3.6621e-05, 2.6042e-06, 7.6474e-05, 1.3672e-04, 5.1996e-05,
        5.7577e-05, 6.5307e-05, 3.9443e-05, 3.2765e-06, 1.0395e-04, 1.2616e-04,
        2.0103e-05, 2.2422e-07, 7.3865e-07, 2.6080e-04, 1.1601e-04, 4.1761e-05,
        5.1874e-04, 4.0409e-04, 1.9401e-05, 3.2845e-05, 1.0366e-04, 2.4423e-04,
        1.4966e-04, 1.7289e-04, 1.6242e-04, 6.9797e-05, 1.3640e-04, 7.0879e-05,
        2.0275e-04, 7.3688e-05, 1.9179e-04, 1.1273e-04, 5.5135e-05, 2.0035e-04,
        8.0380e-05, 2.4617e-04, 5.1820e-05, 1.9568e-04, 3.1427e-04, 8.3287e-05,
        1.6521e-04, 1.4741e-04, 2.2870e-04, 2.9083e-04, 5.9404e-05, 9.5253e-05,
        1.0099e-04, 1.7665e-05, 1.8258e-05, 1.7824e-05, 2.2537e-04, 6.5882e-05,
        4.8440e-05, 3.3788e-05, 8.4208e-06, 3.4005e-05, 5.0405e-05, 1.3249e-04,
        7.1310e-06, 8.3821e-05, 1.2350e-04, 4.6953e-05, 5.0753e-05, 5.1471e-05,
        3.4572e-05, 1.7915e-04, 2.2297e-04, 3.2413e-05, 1.8141e-04, 2.1034e-04,
        1.5657e-04, 1.2077e-04, 4.3287e-05, 7.8299e-05, 1.5578e-05, 3.0984e-05,
        1.2437e-04, 7.1334e-05, 1.0827e-04, 2.6764e-05, 1.8111e-04, 8.3718e-05,
        9.4409e-06, 4.7443e-05, 1.3357e-04, 1.7918e-05, 1.5222e-04, 6.2887e-05,
        6.1211e-05, 4.3295e-05, 5.4804e-05, 3.6604e-05, 5.2238e-05, 1.5175e-04,
        7.9812e-05, 2.0632e-05, 2.0650e-04, 1.6383e-04, 1.0310e-04],
       grad_fn=<CatBackward>)

mean_overall=tensor(0.0001, grad_fn=<MeanBackward0>)

-----------------------------------------------ITERATION190-----------------------------------------------

final_causality=[[1, 1, 1, 1, 1, 1, 1, 1, 1, 1, 1, 1, 1], [1, 1, 1, 1, 1, 1, 1, 1, 1, 1, 1, 1, 1, 1, 1, 1, 1, 1, 1, 1, 1, 1, 1, 1, 1, 1, 1, 1, 1, 1, 1, 1, 1, 1, 1, 1, 1, 1, 1, 1, 1, 1, 1, 1, 1, 1, 1, 1, 1, 1], [1, 1, 1, 1, 1, 1, 1, 1, 1, 1, 1, 1, 1, 1, 1, 1, 1, 1, 1, 1, 1, 1, 1, 1, 1, 1, 1, 1, 1, 1, 1, 1, 1, 1, 1, 1, 1, 1, 1, 1, 1, 1, 1, 1, 1, 1, 1, 1, 1, 1]]

means=tensor([4.0648e-04, 5.6524e-04, 4.6616e-04, 6.9747e-04, 5.4894e-04, 1.8496e-04,
        2.8662e-04, 1.1786e-04, 3.9557e-04, 4.5072e-04, 4.1204e-04, 1.1629e-04,
        3.2875e-04, 3.7423e-05, 1.4208e-06, 8.1444e-05, 1.3813e-04, 5.3569e-05,
        5.6353e-05, 6.5720e-05, 4.0235e-05, 3.1769e-06, 1.1147e-04, 1.3388e-04,
        2.0945e-05, 2.8049e-07, 2.5691e-06, 2.6617e-04, 1.2061e-04, 4.5693e-05,
        5.3811e-04, 4.1584e-04, 1.9260e-05, 3.5699e-05, 1.1260e-04, 2.5213e-04,
        1.6230e-04, 1.6404e-04, 1.7206e-04, 6.6819e-05, 1.4260e-04, 7.5472e-05,
        2.1902e-04, 7.5356e-05, 2.0619e-04, 1.1021e-04, 5.8114e-05, 1.9750e-04,
        8.2289e-05, 2.5896e-04, 5.4375e-05, 2.0908e-04, 3.2728e-04, 8.2031e-05,
        1.7603e-04, 1.5361e-04, 2.3867e-04, 3.0612e-04, 5.6173e-05, 9.2458e-05,
        1.0789e-04, 1.7949e-05, 1.7372e-05, 1.8307e-05, 2.3673e-04, 6.9610e-05,
        5.0290e-05, 3.3701e-05, 8.6848e-06, 3.5444e-05, 5.4009e-05, 1.2618e-04,
        7.0539e-06, 9.1063e-05, 1.2882e-04, 4.7548e-05, 5.4740e-05, 5.5331e-05,
        3.5608e-05, 1.8985e-04, 2.3070e-04, 3.3329e-05, 1.9188e-04, 2.1708e-04,
        1.6655e-04, 1.2897e-04, 4.4325e-05, 8.1302e-05, 1.6249e-05, 3.1908e-05,
        1.3063e-04, 7.0768e-05, 1.0468e-04, 2.8254e-05, 1.9226e-04, 8.8163e-05,
        9.7124e-06, 4.9911e-05, 1.4210e-04, 1.8662e-05, 1.5712e-04, 6.9768e-05,
        6.3822e-05, 4.2011e-05, 5.3572e-05, 3.8444e-05, 5.3614e-05, 1.5866e-04,
        8.1336e-05, 2.0204e-05, 2.2144e-04, 1.7209e-04, 1.0534e-04],
       grad_fn=<CatBackward>)

mean_overall=tensor(0.0001, grad_fn=<MeanBackward0>)

-----------------------------------------------ITERATION200-----------------------------------------------

final_causality=[[1, 1, 1, 1, 1, 1, 1, 1, 1, 1, 1, 1, 1], [1, 1, 1, 1, 1, 1, 1, 1, 1, 1, 1, 1, 1, 1, 1, 1, 1, 1, 1, 1, 1, 1, 1, 1, 1, 1, 1, 1, 1, 1, 1, 1, 1, 1, 1, 1, 1, 1, 1, 1, 1, 1, 1, 1, 1, 1, 1, 1, 1, 1], [1, 1, 1, 1, 1, 1, 1, 1, 1, 1, 1, 1, 1, 1, 1, 1, 1, 1, 1, 1, 1, 1, 1, 1, 1, 1, 1, 1, 1, 1, 1, 1, 1, 1, 1, 1, 1, 1, 1, 1, 1, 1, 1, 1, 1, 1, 1, 1, 1, 1]]

means=tensor([4.3018e-04, 6.0710e-04, 5.1209e-04, 7.3515e-04, 5.9631e-04, 1.9658e-04,
        3.2774e-04, 1.3628e-04, 4.3148e-04, 4.9479e-04, 4.4284e-04, 1.2124e-04,
        3.6407e-04, 3.8301e-05, 1.8184e-07, 8.6477e-05, 1.3962e-04, 5.5380e-05,
        5.5188e-05, 6.6184e-05, 4.1073e-05, 3.1029e-06, 1.1953e-04, 1.4215e-04,
        2.1855e-05, 3.0436e-07, 4.4692e-06, 2.7169e-04, 1.2536e-04, 4.9910e-05,
        5.5836e-04, 4.3024e-04, 1.9157e-05, 3.8799e-05, 1.2231e-04, 2.6039e-04,
        1.7599e-04, 1.5519e-04, 1.8222e-04, 6.4697e-05, 1.4907e-04, 8.0276e-05,
        2.3659e-04, 7.7090e-05, 2.2167e-04, 1.0771e-04, 6.1142e-05, 1.9462e-04,
        8.4298e-05, 2.7242e-04, 5.7033e-05, 2.2345e-04, 3.4080e-04, 8.0819e-05,
        1.8754e-04, 1.6015e-04, 2.4915e-04, 3.2244e-04, 5.3791e-05, 9.0938e-05,
        1.1532e-04, 1.8239e-05, 1.6565e-05, 1.8825e-05, 2.4842e-04, 7.3440e-05,
        5.3045e-05, 3.3612e-05, 8.9794e-06, 3.6959e-05, 5.7656e-05, 1.1966e-04,
        6.9881e-06, 9.8530e-05, 1.3434e-04, 4.8241e-05, 5.8800e-05, 5.9406e-05,
        3.6700e-05, 2.0066e-04, 2.3860e-04, 3.4303e-05, 2.0257e-04, 2.2410e-04,
        1.7683e-04, 1.3747e-04, 4.5423e-05, 8.4392e-05, 1.6957e-05, 3.2880e-05,
        1.3720e-04, 7.0045e-05, 1.0089e-04, 2.9836e-05, 2.0354e-04, 9.2734e-05,
        1.0001e-05, 5.2448e-05, 1.5079e-04, 1.9443e-05, 1.6362e-04, 7.6801e-05,
        6.6478e-05, 4.0967e-05, 5.5631e-05, 4.0363e-05, 5.5042e-05, 1.6586e-04,
        8.2880e-05, 1.9748e-05, 2.3652e-04, 1.8049e-04, 1.0774e-04],
       grad_fn=<CatBackward>)

mean_overall=tensor(0.0001, grad_fn=<MeanBackward0>)

-----------------------------------------------ITERATION210-----------------------------------------------

final_causality=[[1, 1, 1, 1, 1, 1, 1, 1, 1, 1, 1, 1, 1], [1, 1, 1, 1, 1, 1, 1, 1, 1, 1, 1, 1, 1, 1, 1, 1, 1, 1, 1, 1, 1, 1, 1, 1, 1, 1, 1, 1, 1, 1, 1, 1, 1, 1, 1, 1, 1, 1, 1, 1, 1, 1, 1, 1, 1, 1, 1, 1, 1, 1], [1, 1, 1, 1, 1, 1, 1, 1, 1, 1, 1, 1, 1, 1, 1, 1, 1, 1, 1, 1, 1, 1, 1, 1, 1, 1, 1, 1, 1, 1, 1, 1, 1, 1, 1, 1, 1, 1, 1, 1, 1, 1, 1, 1, 1, 1, 1, 1, 1, 1]]

means=tensor([4.5447e-04, 6.5037e-04, 5.5947e-04, 7.7431e-04, 6.4524e-04, 2.0884e-04,
        3.7047e-04, 1.5540e-04, 4.6854e-04, 5.4035e-04, 4.7501e-04, 1.2650e-04,
        4.0053e-04, 3.9260e-05, 4.6924e-07, 9.1577e-05, 1.4119e-04, 5.7556e-05,
        5.5231e-05, 6.6700e-05, 4.1960e-05, 3.0563e-06, 1.2814e-04, 1.5100e-04,
        2.2837e-05, 2.9335e-07, 6.4454e-06, 2.7734e-04, 1.3026e-04, 5.4439e-05,
        5.7950e-04, 4.4625e-04, 1.9095e-05, 4.2167e-05, 1.3283e-04, 2.6914e-04,
        1.9077e-04, 1.4636e-04, 1.9291e-04, 6.2632e-05, 1.5583e-04, 8.5309e-05,
        2.5551e-04, 7.8893e-05, 2.3829e-04, 1.0523e-04, 6.4223e-05, 1.9171e-04,
        8.6410e-05, 2.8659e-04, 5.9803e-05, 2.3881e-04, 3.5482e-04, 7.9657e-05,
        1.9978e-04, 1.6705e-04, 2.6017e-04, 3.4066e-04, 5.1729e-05, 9.0973e-05,
        1.2331e-04, 1.8531e-05, 1.6174e-05, 1.9381e-05, 2.6045e-04, 7.7376e-05,
        5.6440e-05, 3.3519e-05, 9.3058e-06, 3.8554e-05, 6.1348e-05, 1.1290e-04,
        6.9239e-06, 1.0773e-04, 1.4009e-04, 4.9039e-05, 6.2934e-05, 6.3873e-05,
        3.7851e-05, 2.1156e-04, 2.4666e-04, 3.5340e-05, 2.1348e-04, 2.3140e-04,
        1.8739e-04, 1.4652e-04, 4.6584e-05, 8.8137e-05, 1.7706e-05, 3.3904e-05,
        1.4405e-04, 6.9158e-05, 9.6910e-05, 3.1544e-05, 2.1495e-04, 9.7435e-05,
        1.0310e-05, 5.5138e-05, 1.5962e-04, 2.0266e-05, 1.7227e-04, 8.3987e-05,
        6.9176e-05, 3.9872e-05, 5.8952e-05, 4.2364e-05, 5.6525e-05, 1.7338e-04,
        8.4449e-05, 1.9260e-05, 2.5174e-04, 1.8902e-04, 1.1031e-04],
       grad_fn=<CatBackward>)

mean_overall=tensor(0.0002, grad_fn=<MeanBackward0>)

-----------------------------------------------ITERATION220-----------------------------------------------

final_causality=[[1, 1, 1, 1, 1, 1, 1, 1, 1, 1, 1, 1, 1], [1, 1, 1, 1, 1, 1, 1, 1, 1, 1, 1, 1, 1, 1, 1, 1, 1, 1, 1, 1, 1, 1, 1, 1, 1, 1, 1, 1, 1, 1, 1, 1, 1, 1, 1, 1, 1, 1, 1, 1, 1, 1, 1, 1, 1, 1, 1, 1, 1, 1], [1, 1, 1, 1, 1, 1, 1, 1, 1, 1, 1, 1, 1, 1, 1, 1, 1, 1, 1, 1, 1, 1, 1, 1, 1, 1, 1, 1, 1, 1, 1, 1, 1, 1, 1, 1, 1, 1, 1, 1, 1, 1, 1, 1, 1, 1, 1, 1, 1, 1]]

means=tensor([4.7939e-04, 6.9509e-04, 6.0834e-04, 8.1497e-04, 6.9576e-04, 2.2177e-04,
        4.1485e-04, 1.7523e-04, 5.0680e-04, 5.8744e-04, 5.0859e-04, 1.3210e-04,
        4.3818e-04, 4.0307e-05, 5.9799e-08, 9.6746e-05, 1.4283e-04, 6.1408e-05,
        5.6368e-05, 6.7268e-05, 4.2897e-05, 3.0408e-06, 1.3735e-04, 1.6045e-04,
        2.3898e-05, 2.4252e-07, 8.5079e-06, 2.8312e-04, 1.3533e-04, 5.9305e-05,
        6.0153e-04, 4.6277e-04, 1.9077e-05, 4.5823e-05, 1.4423e-04, 2.7829e-04,
        2.0671e-04, 1.4080e-04, 2.0416e-04, 6.0622e-05, 1.6290e-04, 9.0582e-05,
        2.7586e-04, 8.2169e-05, 2.5609e-04, 1.0278e-04, 6.7359e-05, 1.8876e-04,
        8.8626e-05, 3.0148e-04, 6.2692e-05, 2.5523e-04, 3.6936e-04, 7.8549e-05,
        2.1279e-04, 1.7430e-04, 2.7174e-04, 3.5991e-04, 4.9709e-05, 9.1003e-05,
        1.3188e-04, 1.8826e-05, 1.5995e-05, 1.9978e-05, 2.7281e-04, 8.1422e-05,
        5.9967e-05, 3.3424e-05, 9.7729e-06, 4.0228e-05, 6.5090e-05, 1.0658e-04,
        6.8616e-06, 1.1724e-04, 1.4605e-04, 4.9947e-05, 6.7142e-05, 6.8627e-05,
        3.9064e-05, 2.2254e-04, 2.5489e-04, 3.6443e-05, 2.2461e-04, 2.3900e-04,
        1.9824e-04, 1.5579e-04, 4.8506e-05, 9.1945e-05, 1.8497e-05, 3.4983e-05,
        1.5118e-04, 6.8099e-05, 9.3240e-05, 3.3472e-05, 2.2646e-04, 1.0227e-04,
        1.0638e-05, 5.8215e-05, 1.6862e-04, 2.1133e-05, 1.8138e-04, 9.1327e-05,
        7.1916e-05, 3.8725e-05, 6.2378e-05, 4.4448e-05, 5.8527e-05, 1.8121e-04,
        8.6044e-05, 1.8740e-05, 2.6708e-04, 1.9768e-04, 1.1305e-04],
       grad_fn=<CatBackward>)

mean_overall=tensor(0.0002, grad_fn=<MeanBackward0>)

-----------------------------------------------ITERATION230-----------------------------------------------

final_causality=[[1, 1, 1, 1, 1, 1, 1, 1, 1, 1, 1, 1, 1], [1, 1, 1, 1, 1, 1, 1, 1, 1, 1, 1, 1, 1, 1, 1, 1, 1, 1, 1, 1, 1, 1, 1, 1, 1, 1, 1, 1, 1, 1, 1, 1, 1, 1, 1, 1, 1, 1, 1, 1, 1, 1, 1, 1, 1, 1, 1, 1, 1, 1], [1, 1, 1, 1, 1, 1, 1, 1, 1, 1, 1, 1, 1, 1, 1, 1, 1, 1, 1, 1, 1, 1, 1, 1, 1, 1, 1, 1, 1, 1, 1, 1, 1, 1, 1, 1, 1, 1, 1, 1, 1, 1, 1, 1, 1, 1, 1, 1, 1, 1]]

means=tensor([5.0499e-04, 7.4131e-04, 6.5875e-04, 8.5718e-04, 7.4792e-04, 2.3539e-04,
        4.6092e-04, 1.9579e-04, 5.4628e-04, 6.3608e-04, 5.4360e-04, 1.3808e-04,
        4.7708e-04, 4.1448e-05, 1.6305e-06, 1.0199e-04, 1.4455e-04, 6.5813e-05,
        5.7815e-05, 6.7889e-05, 4.3884e-05, 3.0580e-06, 1.4717e-04, 1.7053e-04,
        2.5041e-05, 1.4939e-07, 1.0665e-05, 2.8904e-04, 1.4056e-04, 6.4534e-05,
        6.2446e-04, 4.7981e-04, 1.9107e-05, 4.9792e-05, 1.5656e-04, 2.8781e-04,
        2.2385e-04, 1.3642e-04, 2.1598e-04, 5.8667e-05, 1.7028e-04, 9.6111e-05,
        2.9770e-04, 8.7376e-05, 2.7515e-04, 1.0035e-04, 7.0554e-05, 1.8580e-04,
        9.0950e-05, 3.1712e-04, 6.5708e-05, 2.7273e-04, 3.8442e-04, 7.7497e-05,
        2.2658e-04, 1.8193e-04, 2.8386e-04, 3.8024e-04, 4.7733e-05, 9.1028e-05,
        1.4107e-04, 1.9121e-05, 1.5828e-05, 2.0619e-05, 2.8552e-04, 8.5581e-05,
        6.3628e-05, 3.3908e-05, 1.0372e-05, 4.1985e-05, 6.8881e-05, 1.0615e-04,
        6.8013e-06, 1.2702e-04, 1.5223e-04, 5.0971e-05, 7.1422e-05, 7.3638e-05,
        4.0342e-05, 2.3361e-04, 2.6329e-04, 3.7616e-05, 2.3597e-04, 2.4690e-04,
        2.1008e-04, 1.6529e-04, 5.1329e-05, 9.5815e-05, 1.9333e-05, 3.6118e-05,
        1.5862e-04, 6.6861e-05, 9.6339e-05, 3.5578e-05, 2.3809e-04, 1.0724e-04,
        1.0990e-05, 6.1376e-05, 1.7779e-04, 2.2048e-05, 1.9096e-04, 9.8818e-05,
        7.4695e-05, 3.7523e-05, 6.5914e-05, 4.6618e-05, 6.1971e-05, 1.8937e-04,
        8.7667e-05, 1.8185e-05, 2.8254e-04, 2.0649e-04, 1.1597e-04],
       grad_fn=<CatBackward>)

mean_overall=tensor(0.0002, grad_fn=<MeanBackward0>)

-----------------------------------------------ITERATION240-----------------------------------------------

final_causality=[[1, 1, 1, 1, 1, 1, 1, 1, 1, 1, 1, 1, 1], [1, 1, 1, 1, 1, 1, 1, 1, 1, 1, 1, 1, 1, 1, 1, 1, 1, 1, 1, 1, 1, 1, 1, 1, 1, 1, 1, 1, 1, 1, 1, 1, 1, 1, 1, 1, 1, 1, 1, 1, 1, 1, 1, 1, 1, 1, 1, 1, 1, 1], [1, 1, 1, 1, 1, 1, 1, 1, 1, 1, 1, 1, 1, 1, 1, 1, 1, 1, 1, 1, 1, 1, 1, 1, 1, 1, 1, 1, 1, 1, 1, 1, 1, 1, 1, 1, 1, 1, 1, 1, 1, 1, 1, 1, 1, 1, 1, 1, 1, 1]]

means=tensor([5.3129e-04, 7.8911e-04, 7.1076e-04, 9.0100e-04, 8.0174e-04, 2.4976e-04,
        5.0873e-04, 2.1709e-04, 5.8702e-04, 6.8632e-04, 5.8008e-04, 1.4448e-04,
        5.1729e-04, 4.2688e-05, 3.2773e-06, 1.0730e-04, 1.4635e-04, 7.0528e-05,
        5.9297e-05, 6.8566e-05, 4.4928e-05, 3.1074e-06, 1.5764e-04, 1.8126e-04,
        2.6267e-05, 1.3582e-08, 1.2944e-05, 2.9508e-04, 1.4598e-04, 7.0156e-05,
        6.4829e-04, 4.9738e-04, 1.9183e-05, 5.4098e-05, 1.6987e-04, 2.9772e-04,
        2.4224e-04, 1.3208e-04, 2.2839e-04, 5.6768e-05, 1.7798e-04, 1.0191e-04,
        3.2109e-04, 9.2739e-05, 2.9550e-04, 9.7959e-05, 7.3814e-05, 1.8281e-04,
        9.3387e-05, 3.3352e-04, 6.8864e-05, 2.9136e-04, 4.0001e-04, 7.6503e-05,
        2.4122e-04, 1.8994e-04, 2.9656e-04, 4.0166e-04, 4.5801e-05, 9.1048e-05,
        1.5091e-04, 1.9418e-05, 1.5676e-05, 2.1305e-05, 2.9857e-04, 8.9856e-05,
        6.7432e-05, 3.5443e-05, 1.1138e-05, 4.3827e-05, 7.2725e-05, 1.0935e-04,
        6.7424e-06, 1.3708e-04, 1.5863e-04, 5.2119e-05, 7.5775e-05, 7.8917e-05,
        4.1687e-05, 2.4483e-04, 2.7185e-04, 3.8861e-05, 2.4758e-04, 2.5509e-04,
        2.2317e-04, 1.7503e-04, 5.4309e-05, 1.0010e-04, 2.0215e-05, 3.7314e-05,
        1.6638e-04, 6.5435e-05, 9.9623e-05, 3.7797e-05, 2.4981e-04, 1.1235e-04,
        1.1383e-05, 6.4962e-05, 1.8712e-04, 2.3015e-05, 2.0105e-04, 1.0655e-04,
        7.7513e-05, 3.6265e-05, 6.9564e-05, 4.8876e-05, 6.5559e-05, 1.9787e-04,
        9.1450e-05, 1.7594e-05, 2.9813e-04, 2.1577e-04, 1.1908e-04],
       grad_fn=<CatBackward>)

mean_overall=tensor(0.0002, grad_fn=<MeanBackward0>)

-----------------------------------------------ITERATION250-----------------------------------------------

final_causality=[[1, 1, 1, 1, 1, 1, 1, 1, 1, 1, 1, 1, 1], [1, 1, 1, 1, 1, 1, 1, 1, 1, 1, 1, 1, 1, 1, 1, 1, 1, 1, 1, 1, 1, 1, 1, 1, 1, 1, 1, 1, 1, 1, 1, 1, 1, 1, 1, 1, 1, 1, 1, 1, 1, 1, 1, 1, 1, 1, 1, 1, 1, 1], [1, 1, 1, 1, 1, 1, 1, 1, 1, 1, 1, 1, 1, 1, 1, 1, 1, 1, 1, 1, 1, 1, 1, 1, 1, 1, 1, 1, 1, 1, 1, 1, 1, 1, 1, 1, 1, 1, 1, 1, 1, 1, 1, 1, 1, 1, 1, 1, 1, 1]]

means=tensor([5.5835e-04, 8.3854e-04, 7.6440e-04, 9.4648e-04, 8.5726e-04, 2.6492e-04,
        5.5831e-04, 2.3917e-04, 6.2906e-04, 7.3817e-04, 6.1804e-04, 1.5132e-04,
        5.5884e-04, 4.4031e-05, 5.0028e-06, 1.1270e-04, 1.4823e-04, 7.5578e-05,
        6.0818e-05, 6.9300e-05, 4.6031e-05, 3.1890e-06, 1.6880e-04, 1.9269e-04,
        2.7578e-05, 1.6534e-07, 1.5367e-05, 3.0238e-04, 1.5158e-04, 7.6200e-05,
        6.7303e-04, 5.1546e-04, 1.9307e-05, 5.8768e-05, 1.8421e-04, 3.0800e-04,
        2.6195e-04, 1.2779e-04, 2.4142e-04, 5.4926e-05, 1.8602e-04, 1.0799e-04,
        3.4609e-04, 9.8269e-05, 3.1719e-04, 9.5601e-05, 7.7143e-05, 1.7982e-04,
        9.5940e-05, 3.5070e-04, 7.2169e-05, 3.1116e-04, 4.1612e-04, 7.5565e-05,
        2.5671e-04, 1.9833e-04, 3.0984e-04, 4.2422e-04, 4.3914e-05, 9.1066e-05,
        1.6152e-04, 1.9717e-05, 1.5540e-05, 2.2040e-05, 3.1198e-04, 9.4252e-05,
        7.1381e-05, 3.7044e-05, 1.2337e-05, 4.5756e-05, 7.6621e-05, 1.1282e-04,
        6.6846e-06, 1.4742e-04, 1.6525e-04, 5.3396e-05, 8.0201e-05, 8.4475e-05,
        4.3796e-05, 2.5632e-04, 2.8087e-04, 4.0182e-05, 2.5942e-04, 2.6359e-04,
        2.3658e-04, 1.8640e-04, 5.7506e-05, 1.0488e-04, 2.1146e-05, 3.8573e-05,
        1.7447e-04, 6.3816e-05, 1.0310e-04, 4.0134e-05, 2.6162e-04, 1.1760e-04,
        1.1812e-05, 6.8705e-05, 1.9662e-04, 2.4037e-05, 2.1164e-04, 1.1458e-04,
        8.0370e-05, 3.4949e-05, 7.3333e-05, 5.1225e-05, 6.9295e-05, 2.0673e-04,
        9.6237e-05, 1.7246e-05, 3.1384e-04, 2.2516e-04, 1.2239e-04],
       grad_fn=<CatBackward>)

mean_overall=tensor(0.0002, grad_fn=<MeanBackward0>)

-----------------------------------------------ITERATION260-----------------------------------------------

final_causality=[[1, 1, 1, 1, 1, 1, 1, 1, 1, 1, 1, 1, 1], [1, 1, 1, 1, 1, 1, 1, 1, 1, 1, 1, 1, 1, 1, 1, 1, 1, 1, 1, 1, 1, 1, 1, 1, 1, 1, 1, 1, 1, 1, 1, 1, 1, 1, 1, 1, 1, 1, 1, 1, 1, 1, 1, 1, 1, 1, 1, 1, 1, 1], [1, 1, 1, 1, 1, 1, 1, 1, 1, 1, 1, 1, 1, 1, 1, 1, 1, 1, 1, 1, 1, 1, 1, 1, 1, 1, 1, 1, 1, 1, 1, 1, 1, 1, 1, 1, 1, 1, 1, 1, 1, 1, 1, 1, 1, 1, 1, 1, 1, 1]]

means=tensor([5.8618e-04, 8.8965e-04, 8.1972e-04, 9.9367e-04, 9.1451e-04, 2.8090e-04,
        6.0968e-04, 2.6202e-04, 6.7241e-04, 7.9165e-04, 6.5752e-04, 1.5866e-04,
        6.0180e-04, 4.5483e-05, 6.8111e-06, 1.1818e-04, 1.5020e-04, 8.0990e-05,
        6.2382e-05, 7.0093e-05, 4.7197e-05, 3.3028e-06, 1.8067e-04, 2.0482e-04,
        2.8975e-05, 3.8854e-07, 1.7986e-05, 3.1130e-04, 1.5738e-04, 8.2695e-05,
        6.9868e-04, 5.3405e-04, 1.9478e-05, 6.3829e-05, 1.9964e-04, 3.1867e-04,
        2.8301e-04, 1.2357e-04, 2.5508e-04, 5.3141e-05, 1.9442e-04, 1.1465e-04,
        3.7277e-04, 1.0398e-04, 3.4028e-04, 9.3281e-05, 8.0547e-05, 1.7776e-04,
        9.8611e-05, 3.6868e-04, 7.5636e-05, 3.3215e-04, 4.3275e-04, 7.4684e-05,
        2.7310e-04, 2.0713e-04, 3.2372e-04, 4.4792e-04, 4.2072e-05, 9.1080e-05,
        1.7489e-04, 2.0019e-05, 1.5421e-05, 2.2824e-05, 3.2574e-04, 9.8769e-05,
        7.5480e-05, 3.8715e-05, 1.3610e-05, 4.7774e-05, 8.0572e-05, 1.1639e-04,
        6.8222e-06, 1.5806e-04, 1.7210e-04, 5.4808e-05, 8.4697e-05, 9.1241e-05,
        4.6295e-05, 2.6787e-04, 2.9059e-04, 4.1583e-05, 2.7151e-04, 2.7240e-04,
        2.5031e-04, 1.9809e-04, 6.1626e-05, 1.1013e-04, 2.2128e-05, 3.9896e-05,
        1.8291e-04, 6.1997e-05, 1.0678e-04, 4.2592e-05, 2.7351e-04, 1.2300e-04,
        1.2269e-05, 7.2545e-05, 2.0629e-04, 2.5117e-05, 2.2276e-04, 1.2275e-04,
        8.3263e-05, 3.5154e-05, 7.7224e-05, 5.3890e-05, 7.3182e-05, 2.1594e-04,
        1.0156e-04, 1.7787e-05, 3.2965e-04, 2.3465e-04, 1.2590e-04],
       grad_fn=<CatBackward>)

mean_overall=tensor(0.0002, grad_fn=<MeanBackward0>)

-----------------------------------------------ITERATION270-----------------------------------------------

final_causality=[[1, 1, 1, 1, 1, 1, 1, 1, 1, 1, 1, 1, 1], [1, 1, 1, 1, 1, 1, 1, 1, 1, 1, 1, 1, 1, 1, 1, 1, 1, 1, 1, 1, 1, 1, 1, 1, 1, 1, 1, 1, 1, 1, 1, 1, 1, 1, 1, 1, 1, 1, 1, 1, 1, 1, 1, 1, 1, 1, 1, 1, 1, 1], [1, 1, 1, 1, 1, 1, 1, 1, 1, 1, 1, 1, 1, 1, 1, 1, 1, 1, 1, 1, 1, 1, 1, 1, 1, 1, 1, 1, 1, 1, 1, 1, 1, 1, 1, 1, 1, 1, 1, 1, 1, 1, 1, 1, 1, 1, 1, 1, 1, 1]]

means=tensor([6.1483e-04, 9.4248e-04, 8.7673e-04, 1.0426e-03, 9.7350e-04, 2.9774e-04,
        6.6289e-04, 2.8567e-04, 7.1709e-04, 8.4677e-04, 6.9854e-04, 1.6653e-04,
        6.4620e-04, 4.7049e-05, 8.7071e-06, 1.2375e-04, 1.5226e-04, 8.6786e-05,
        6.3990e-05, 7.2339e-05, 4.8430e-05, 3.4492e-06, 1.9329e-04, 2.1769e-04,
        3.0460e-05, 2.2659e-07, 2.0791e-05, 3.2038e-04, 1.6338e-04, 8.9668e-05,
        7.2523e-04, 5.5315e-04, 1.9698e-05, 6.9308e-05, 2.1620e-04, 3.2972e-04,
        3.0547e-04, 1.1940e-04, 2.6939e-04, 5.1413e-05, 2.0317e-04, 1.2236e-04,
        4.0117e-04, 1.0987e-04, 3.6480e-04, 9.1001e-05, 8.4029e-05, 1.7729e-04,
        1.0140e-04, 3.8747e-04, 7.9273e-05, 3.5438e-04, 4.4992e-04, 7.3861e-05,
        2.9042e-04, 2.1632e-04, 3.3820e-04, 4.7278e-04, 4.0274e-05, 9.1093e-05,
        1.8925e-04, 2.0323e-05, 1.5325e-05, 2.3661e-05, 3.3985e-04, 1.0341e-04,
        7.9730e-05, 4.0459e-05, 1.4957e-05, 4.9883e-05, 8.4578e-05, 1.2281e-04,
        7.0412e-06, 1.6900e-04, 1.7916e-04, 5.6359e-05, 8.9262e-05, 9.9645e-05,
        4.8916e-05, 2.7947e-04, 3.0046e-04, 4.3065e-05, 2.8384e-04, 2.8152e-04,
        2.6436e-04, 2.1005e-04, 6.5920e-05, 1.1760e-04, 2.3162e-05, 4.1288e-05,
        1.9172e-04, 5.9974e-05, 1.1068e-04, 4.5315e-05, 2.8548e-04, 1.2854e-04,
        1.2756e-05, 7.6486e-05, 2.1613e-04, 2.6259e-05, 2.3442e-04, 1.3108e-04,
        8.6192e-05, 3.7039e-05, 8.1241e-05, 5.6972e-05, 7.7222e-05, 2.2553e-04,
        1.0911e-04, 1.8379e-05, 3.4557e-04, 2.4423e-04, 1.2962e-04],
       grad_fn=<CatBackward>)

mean_overall=tensor(0.0002, grad_fn=<MeanBackward0>)

-----------------------------------------------ITERATION280-----------------------------------------------

final_causality=[[1, 1, 1, 1, 1, 1, 1, 1, 1, 1, 1, 1, 1], [1, 1, 1, 1, 1, 1, 1, 1, 1, 1, 1, 1, 1, 1, 1, 1, 1, 1, 1, 1, 1, 1, 1, 1, 1, 1, 1, 1, 1, 1, 1, 1, 1, 1, 1, 1, 1, 1, 1, 1, 1, 1, 1, 1, 1, 1, 1, 1, 1, 1], [1, 1, 1, 1, 1, 1, 1, 1, 1, 1, 1, 1, 1, 1, 1, 1, 1, 1, 1, 1, 1, 1, 1, 1, 1, 1, 1, 1, 1, 1, 1, 1, 1, 1, 1, 1, 1, 1, 1, 1, 1, 1, 1, 1, 1, 1, 1, 1, 1, 1]]

means=tensor([6.4430e-04, 9.9706e-04, 9.3547e-04, 1.0933e-03, 1.0342e-03, 3.1549e-04,
        7.1793e-04, 3.1011e-04, 7.6310e-04, 9.0353e-04, 7.4111e-04, 1.7496e-04,
        6.9209e-04, 4.8734e-05, 1.0696e-05, 1.2941e-04, 1.5440e-04, 9.2992e-05,
        6.5646e-05, 7.4876e-05, 4.9731e-05, 3.6280e-06, 2.0667e-04, 2.3132e-04,
        3.2033e-05, 3.7571e-07, 2.3806e-05, 3.2961e-04, 1.6958e-04, 9.7147e-05,
        7.5268e-04, 5.7274e-04, 1.9967e-05, 7.5232e-05, 2.3395e-04, 3.4116e-04,
        3.2936e-04, 1.1530e-04, 2.8436e-04, 4.9740e-05, 2.1229e-04, 1.3045e-04,
        4.3133e-04, 1.1596e-04, 3.9079e-04, 8.8763e-05, 8.7719e-05, 1.7682e-04,
        1.0432e-04, 4.0707e-04, 8.3093e-05, 3.7786e-04, 4.6760e-04, 7.3093e-05,
        3.0868e-04, 2.2591e-04, 3.5328e-04, 4.9882e-04, 3.8520e-05, 9.1103e-05,
        2.0465e-04, 2.0630e-05, 1.5499e-05, 2.4576e-05, 3.5431e-04, 1.0818e-04,
        8.4133e-05, 4.2436e-05, 1.6374e-05, 5.2081e-05, 8.8639e-05, 1.3149e-04,
        7.2726e-06, 1.8024e-04, 1.8645e-04, 5.8054e-05, 9.3892e-05, 1.0848e-04,
        5.1664e-05, 2.9109e-04, 3.1046e-04, 4.4772e-05, 2.9642e-04, 2.9094e-04,
        2.7872e-04, 2.2227e-04, 7.0386e-05, 1.2517e-04, 2.4252e-05, 4.2750e-05,
        2.0091e-04, 5.7743e-05, 1.1479e-04, 4.8332e-05, 2.9751e-04, 1.3423e-04,
        1.3273e-05, 8.0530e-05, 2.2615e-04, 2.7467e-05, 2.4663e-04, 1.3954e-04,
        8.9154e-05, 3.9007e-05, 8.5387e-05, 6.0166e-05, 8.1419e-05, 2.3548e-04,
        1.1680e-04, 1.9052e-05, 3.6158e-04, 2.5390e-04, 1.3356e-04],
       grad_fn=<CatBackward>)

mean_overall=tensor(0.0002, grad_fn=<MeanBackward0>)

-----------------------------------------------ITERATION290-----------------------------------------------

final_causality=[[1, 1, 1, 1, 1, 1, 1, 1, 1, 1, 1, 1, 1], [1, 1, 1, 1, 1, 1, 1, 1, 1, 1, 1, 1, 1, 1, 1, 1, 1, 1, 1, 1, 1, 1, 1, 1, 1, 1, 1, 1, 1, 1, 1, 1, 1, 1, 1, 1, 1, 1, 1, 1, 1, 1, 1, 1, 1, 1, 1, 1, 1, 1], [1, 1, 1, 1, 1, 1, 1, 1, 1, 1, 1, 1, 1, 1, 1, 1, 1, 1, 1, 1, 1, 1, 1, 1, 1, 1, 1, 1, 1, 1, 1, 1, 1, 1, 1, 1, 1, 1, 1, 1, 1, 1, 1, 1, 1, 1, 1, 1, 1, 1]]

means=tensor([6.7463e-04, 1.0534e-03, 9.9595e-04, 1.1457e-03, 1.0967e-03, 3.3416e-04,
        7.7483e-04, 3.3535e-04, 8.1043e-04, 9.6191e-04, 7.8523e-04, 1.8400e-04,
        7.3949e-04, 5.0543e-05, 1.2781e-05, 1.3517e-04, 1.5663e-04, 9.9631e-05,
        6.7863e-05, 7.7522e-05, 5.1104e-05, 3.8391e-06, 2.2084e-04, 2.4571e-04,
        3.3698e-05, 3.4449e-07, 2.7053e-05, 3.3898e-04, 1.7600e-04, 1.0516e-04,
        7.8102e-04, 5.9282e-04, 2.0285e-05, 8.1627e-05, 2.5293e-04, 3.5297e-04,
        3.5471e-04, 1.1127e-04, 3.0000e-04, 4.8839e-05, 2.2178e-04, 1.3895e-04,
        4.6329e-04, 1.2225e-04, 4.1828e-04, 8.6568e-05, 9.2027e-05, 1.7636e-04,
        1.0735e-04, 4.2750e-04, 8.7104e-05, 4.0262e-04, 4.8580e-04, 7.2380e-05,
        3.2791e-04, 2.3801e-04, 3.6898e-04, 5.2826e-04, 3.6809e-05, 9.1111e-05,
        2.2113e-04, 2.0939e-05, 1.5682e-05, 2.5731e-05, 3.6911e-04, 1.1308e-04,
        8.8688e-05, 4.4761e-05, 1.7860e-05, 5.4369e-05, 9.2756e-05, 1.4184e-04,
        7.5168e-06, 1.9180e-04, 1.9395e-04, 5.9893e-05, 9.8583e-05, 1.1774e-04,
        5.4542e-05, 3.0273e-04, 3.2060e-04, 4.6584e-05, 3.0924e-04, 3.0066e-04,
        2.9338e-04, 2.3474e-04, 7.5016e-05, 1.3285e-04, 2.5398e-05, 4.4284e-05,
        2.1048e-04, 5.5302e-05, 1.1912e-04, 5.1488e-05, 3.0959e-04, 1.4019e-04,
        1.3823e-05, 8.4678e-05, 2.3634e-04, 2.8744e-05, 2.5939e-04, 1.4815e-04,
        9.2147e-05, 4.1055e-05, 8.9663e-05, 6.3471e-05, 8.6185e-05, 2.4582e-04,
        1.2465e-04, 1.9805e-05, 3.7767e-04, 2.6364e-04, 1.3771e-04],
       grad_fn=<CatBackward>)

mean_overall=tensor(0.0002, grad_fn=<MeanBackward0>)

-----------------------------------------------ITERATION300-----------------------------------------------

final_causality=[[1, 1, 1, 1, 1, 1, 1, 1, 1, 1, 1, 1, 1], [1, 1, 1, 1, 1, 1, 1, 1, 1, 1, 1, 1, 1, 1, 1, 1, 1, 1, 1, 1, 1, 1, 1, 1, 1, 1, 1, 1, 1, 1, 1, 1, 1, 1, 1, 1, 1, 1, 1, 1, 1, 1, 1, 1, 1, 1, 1, 1, 1, 1], [1, 1, 1, 1, 1, 1, 1, 1, 1, 1, 1, 1, 1, 1, 1, 1, 1, 1, 1, 1, 1, 1, 1, 1, 1, 1, 1, 1, 1, 1, 1, 1, 1, 1, 1, 1, 1, 1, 1, 1, 1, 1, 1, 1, 1, 1, 1, 1, 1, 1]]

means=tensor([7.0582e-04, 1.1116e-03, 1.0582e-03, 1.1999e-03, 1.1609e-03, 3.5380e-04,
        8.3358e-04, 3.6138e-04, 8.5905e-04, 1.0219e-03, 8.3091e-04, 1.9366e-04,
        7.8844e-04, 5.2482e-05, 1.4969e-05, 1.4102e-04, 1.5896e-04, 1.0673e-04,
        7.0517e-05, 8.0281e-05, 5.2552e-05, 4.0817e-06, 2.3582e-04, 2.6089e-04,
        3.5452e-05, 8.2041e-09, 3.0557e-05, 3.4849e-04, 1.8263e-04, 1.1373e-04,
        8.1024e-04, 6.1336e-04, 2.0652e-05, 8.8520e-05, 2.7317e-04, 3.6516e-04,
        3.8154e-04, 1.0731e-04, 3.1631e-04, 4.8373e-05, 2.3165e-04, 1.4786e-04,
        4.9802e-04, 1.2875e-04, 4.4728e-04, 8.4419e-05, 9.6433e-05, 1.7590e-04,
        1.1051e-04, 4.4875e-04, 9.1317e-05, 4.2866e-04, 5.0451e-04, 7.1720e-05,
        3.4812e-04, 2.5104e-04, 3.8528e-04, 5.5996e-04, 3.5139e-05, 9.1116e-05,
        2.3872e-04, 2.1250e-05, 1.5877e-05, 2.6955e-05, 3.8425e-04, 1.1810e-04,
        9.3395e-05, 4.7181e-05, 1.9411e-05, 5.6747e-05, 9.6929e-05, 1.5243e-04,
        7.7826e-06, 2.0365e-04, 2.0166e-04, 6.1880e-05, 1.0333e-04, 1.2743e-04,
        5.7551e-05, 3.1438e-04, 3.3086e-04, 4.8494e-05, 3.2230e-04, 3.1087e-04,
        3.0833e-04, 2.4748e-04, 7.9806e-05, 1.4064e-04, 2.6602e-05, 4.5891e-05,
        2.2159e-04, 5.2649e-05, 1.2367e-04, 5.4784e-05, 3.2171e-04, 1.4637e-04,
        1.4406e-05, 8.8930e-05, 2.4671e-04, 3.0092e-05, 2.7270e-04, 1.5688e-04,
        9.5168e-05, 4.3182e-05, 9.4070e-05, 6.6883e-05, 9.1581e-05, 2.5654e-04,
        1.3263e-04, 2.0702e-05, 3.9383e-04, 2.7345e-04, 1.4208e-04],
       grad_fn=<CatBackward>)

mean_overall=tensor(0.0002, grad_fn=<MeanBackward0>)

-----------------------------------------------ITERATION310-----------------------------------------------

final_causality=[[1, 1, 1, 1, 1, 1, 1, 1, 1, 1, 1, 1, 1], [1, 1, 1, 1, 1, 1, 1, 1, 1, 1, 1, 1, 1, 1, 1, 1, 1, 1, 1, 1, 1, 1, 1, 1, 1, 1, 1, 1, 1, 1, 1, 1, 1, 1, 1, 1, 1, 1, 1, 1, 1, 1, 1, 1, 1, 1, 1, 1, 1, 1], [1, 1, 1, 1, 1, 1, 1, 1, 1, 1, 1, 1, 1, 1, 1, 1, 1, 1, 1, 1, 1, 1, 1, 1, 1, 1, 1, 1, 1, 1, 1, 1, 1, 1, 1, 1, 1, 1, 1, 1, 1, 1, 1, 1, 1, 1, 1, 1, 1, 1]]

means=tensor([7.3788e-04, 1.1716e-03, 1.1221e-03, 1.2559e-03, 1.2268e-03, 3.7443e-04,
        8.9416e-04, 3.8817e-04, 9.0894e-04, 1.0834e-03, 8.7814e-04, 2.0399e-04,
        8.3897e-04, 5.4553e-05, 1.7264e-05, 1.4696e-04, 1.6137e-04, 1.1430e-04,
        7.3225e-05, 8.3158e-05, 5.4075e-05, 4.3555e-06, 2.5163e-04, 2.7687e-04,
        3.7298e-05, 3.6929e-07, 3.4342e-05, 3.5813e-04, 1.8947e-04, 1.2289e-04,
        8.4031e-04, 6.3436e-04, 2.1067e-05, 9.5936e-05, 2.9471e-04, 3.7772e-04,
        4.0985e-04, 1.0343e-04, 3.3330e-04, 4.7879e-05, 2.4190e-04, 1.5721e-04,
        5.3597e-04, 1.3546e-04, 4.7782e-04, 8.2316e-05, 1.0094e-04, 1.7547e-04,
        1.1378e-04, 4.7082e-04, 9.5742e-05, 4.5599e-04, 5.2371e-04, 7.1138e-05,
        3.6933e-04, 2.6463e-04, 4.0219e-04, 5.9306e-04, 3.3509e-05, 9.1118e-05,
        2.5745e-04, 2.1564e-05, 1.6086e-05, 2.8251e-05, 3.9972e-04, 1.2326e-04,
        9.8250e-05, 4.9699e-05, 2.1025e-05, 5.9212e-05, 1.0115e-04, 1.6325e-04,
        8.0702e-06, 2.1581e-04, 2.0957e-04, 6.4015e-05, 1.0813e-04, 1.3756e-04,
        6.0694e-05, 3.2602e-04, 3.4124e-04, 5.0502e-05, 3.3560e-04, 3.2144e-04,
        3.2354e-04, 2.6046e-04, 8.4748e-05, 1.4853e-04, 2.7867e-05, 4.7574e-05,
        2.3353e-04, 4.9784e-05, 1.2845e-04, 5.8218e-05, 3.3386e-04, 1.5270e-04,
        1.5055e-05, 9.3287e-05, 2.5723e-04, 3.1517e-05, 2.8657e-04, 1.6574e-04,
        9.8216e-05, 4.5384e-05, 9.8611e-05, 7.0399e-05, 9.7957e-05, 2.6764e-04,
        1.4076e-04, 2.1687e-05, 4.1015e-04, 2.8331e-04, 1.4667e-04],
       grad_fn=<CatBackward>)

mean_overall=tensor(0.0003, grad_fn=<MeanBackward0>)

-----------------------------------------------ITERATION320-----------------------------------------------

final_causality=[[1, 1, 1, 1, 1, 1, 1, 1, 1, 1, 1, 1, 1], [1, 1, 1, 1, 1, 1, 1, 1, 1, 1, 1, 1, 1, 1, 1, 1, 1, 1, 1, 1, 1, 1, 1, 1, 1, 1, 1, 1, 1, 1, 1, 1, 1, 1, 1, 1, 1, 1, 1, 1, 1, 1, 1, 1, 1, 1, 1, 1, 1, 1], [1, 1, 1, 1, 1, 1, 1, 1, 1, 1, 1, 1, 1, 1, 1, 1, 1, 1, 1, 1, 1, 1, 1, 1, 1, 1, 1, 1, 1, 1, 1, 1, 1, 1, 1, 1, 1, 1, 1, 1, 1, 1, 1, 1, 1, 1, 1, 1, 1, 1]]

means=tensor([7.7082e-04, 1.2333e-03, 1.1877e-03, 1.3135e-03, 1.2944e-03, 3.9608e-04,
        9.5656e-04, 4.1572e-04, 9.6003e-04, 1.1465e-03, 9.2691e-04, 2.1501e-04,
        8.9107e-04, 5.6762e-05, 1.9672e-05, 1.5300e-04, 1.6387e-04, 1.2237e-04,
        7.5989e-05, 8.6204e-05, 5.5733e-05, 4.6596e-06, 2.6829e-04, 2.9364e-04,
        3.9234e-05, 7.8857e-07, 3.8434e-05, 3.6788e-04, 1.9654e-04, 1.3264e-04,
        8.7120e-04, 6.5578e-04, 2.1529e-05, 1.0390e-04, 3.1758e-04, 3.9063e-04,
        4.3966e-04, 9.9629e-05, 3.5095e-04, 4.7361e-05, 2.5254e-04, 1.6699e-04,
        5.7598e-04, 1.4239e-04, 5.0988e-04, 8.0262e-05, 1.0555e-04, 1.7505e-04,
        1.1716e-04, 4.9369e-04, 1.0039e-04, 4.8461e-04, 5.4338e-04, 7.2021e-05,
        3.9154e-04, 2.7877e-04, 4.1971e-04, 6.2755e-04, 3.1918e-05, 9.1117e-05,
        2.7735e-04, 2.1878e-05, 1.6311e-05, 2.9619e-05, 4.1669e-04, 1.2854e-04,
        1.0325e-04, 5.2364e-05, 2.2696e-05, 6.1763e-05, 1.0543e-04, 1.7428e-04,
        8.3731e-06, 2.2827e-04, 2.1767e-04, 6.6297e-05, 1.1298e-04, 1.4812e-04,
        6.3971e-05, 3.3764e-04, 3.5172e-04, 5.2610e-05, 3.4912e-04, 3.3229e-04,
        3.3901e-04, 2.7367e-04, 8.9832e-05, 1.5652e-04, 2.9194e-05, 4.9334e-05,
        2.4591e-04, 4.6709e-05, 1.3822e-04, 6.1787e-05, 3.4602e-04, 1.5915e-04,
        1.5774e-05, 9.7748e-05, 2.6792e-04, 3.3019e-05, 3.0099e-04, 1.7471e-04,
        1.0129e-04, 4.8721e-05, 1.0328e-04, 7.4016e-05, 1.0452e-04, 2.7912e-04,
        1.4903e-04, 2.3462e-05, 4.2684e-04, 2.9322e-04, 1.5148e-04],
       grad_fn=<CatBackward>)

mean_overall=tensor(0.0003, grad_fn=<MeanBackward0>)

-----------------------------------------------ITERATION330-----------------------------------------------

final_causality=[[1, 1, 1, 1, 1, 1, 1, 1, 1, 1, 1, 1, 1], [1, 1, 1, 1, 1, 1, 1, 1, 1, 1, 1, 1, 1, 1, 1, 1, 1, 1, 1, 1, 1, 1, 1, 1, 1, 1, 1, 1, 1, 1, 1, 1, 1, 1, 1, 1, 1, 1, 1, 1, 1, 1, 1, 1, 1, 1, 1, 1, 1, 1], [1, 1, 1, 1, 1, 1, 1, 1, 1, 1, 1, 1, 1, 1, 1, 1, 1, 1, 1, 1, 1, 1, 1, 1, 1, 1, 1, 1, 1, 1, 1, 1, 1, 1, 1, 1, 1, 1, 1, 1, 1, 1, 1, 1, 1, 1, 1, 1, 1, 1]]

means=tensor([8.0463e-04, 1.2969e-03, 1.2551e-03, 1.3729e-03, 1.3636e-03, 4.1876e-04,
        1.0207e-03, 4.4399e-04, 1.0123e-03, 1.2110e-03, 9.7720e-04, 2.2675e-04,
        9.4475e-04, 5.9113e-05, 2.2199e-05, 1.5914e-04, 1.6646e-04, 1.3095e-04,
        7.8809e-05, 8.9556e-05, 5.7706e-05, 4.9931e-06, 2.8579e-04, 3.1121e-04,
        4.1260e-05, 1.2500e-06, 4.2860e-05, 3.7773e-04, 2.0395e-04, 1.4302e-04,
        9.0290e-04, 6.7761e-04, 2.2130e-05, 1.1243e-04, 3.4178e-04, 4.0387e-04,
        4.7096e-04, 9.5911e-05, 3.6927e-04, 4.6819e-05, 2.6356e-04, 1.7722e-04,
        6.1803e-04, 1.4954e-04, 5.4348e-04, 7.8256e-05, 1.1026e-04, 1.7465e-04,
        1.2066e-04, 5.1736e-04, 1.0526e-04, 5.1451e-04, 5.6352e-04, 7.2981e-05,
        4.1474e-04, 2.9346e-04, 4.3781e-04, 6.6341e-04, 3.0363e-05, 9.1184e-05,
        2.9844e-04, 2.2194e-05, 1.6551e-05, 3.1063e-05, 4.3491e-04, 1.3394e-04,
        1.0890e-04, 5.5134e-05, 2.4423e-05, 6.4396e-05, 1.0976e-04, 1.8551e-04,
        8.6916e-06, 2.4102e-04, 2.2595e-04, 6.8724e-05, 1.1787e-04, 1.5910e-04,
        6.7381e-05, 3.4922e-04, 3.6230e-04, 5.4820e-05, 3.6285e-04, 3.4341e-04,
        3.5471e-04, 2.8711e-04, 9.5050e-05, 1.6461e-04, 3.0583e-05, 5.1203e-05,
        2.5873e-04, 4.3427e-05, 1.5031e-04, 6.5488e-05, 3.5819e-04, 1.6573e-04,
        1.6535e-05, 1.0231e-04, 2.7876e-04, 3.4603e-05, 3.1595e-04, 1.8378e-04,
        1.0438e-04, 5.2532e-05, 1.0808e-04, 7.7726e-05, 1.1127e-04, 2.9097e-04,
        1.5742e-04, 2.5739e-05, 4.4353e-04, 3.0315e-04, 1.5651e-04],
       grad_fn=<CatBackward>)

mean_overall=tensor(0.0003, grad_fn=<MeanBackward0>)

-----------------------------------------------ITERATION340-----------------------------------------------

final_causality=[[1, 1, 1, 1, 1, 1, 1, 1, 1, 1, 1, 1, 1], [1, 1, 1, 1, 1, 1, 1, 1, 1, 1, 1, 1, 1, 1, 1, 1, 1, 1, 1, 1, 1, 1, 1, 1, 1, 1, 1, 1, 1, 1, 1, 1, 1, 1, 1, 1, 1, 1, 1, 1, 1, 1, 1, 1, 1, 1, 1, 1, 1, 1], [1, 1, 1, 1, 1, 1, 1, 1, 1, 1, 1, 1, 1, 1, 1, 1, 1, 1, 1, 1, 1, 1, 1, 1, 1, 1, 1, 1, 1, 1, 1, 1, 1, 1, 1, 1, 1, 1, 1, 1, 1, 1, 1, 1, 1, 1, 1, 1, 1, 1]]

means=tensor([8.3929e-04, 1.3622e-03, 1.3240e-03, 1.4338e-03, 1.4343e-03, 4.4249e-04,
        1.0867e-03, 4.7294e-04, 1.0655e-03, 1.2768e-03, 1.0290e-03, 2.3920e-04,
        1.0000e-03, 6.1609e-05, 2.4849e-05, 1.6538e-04, 1.6913e-04, 1.4006e-04,
        8.1684e-05, 9.3040e-05, 5.9761e-05, 5.3548e-06, 3.0414e-04, 3.2958e-04,
        4.3374e-05, 1.7540e-06, 4.7645e-05, 3.8768e-04, 2.1159e-04, 1.5403e-04,
        9.3537e-04, 6.9982e-04, 2.2837e-05, 1.2154e-04, 3.6734e-04, 4.1745e-04,
        5.0372e-04, 9.2278e-05, 3.8823e-04, 4.6254e-05, 2.7495e-04, 1.8790e-04,
        6.6212e-04, 1.5690e-04, 5.7859e-04, 7.6300e-05, 1.1509e-04, 1.7427e-04,
        1.2426e-04, 5.4180e-04, 1.1036e-04, 5.4568e-04, 5.8408e-04, 7.4019e-05,
        4.3893e-04, 3.0868e-04, 4.5648e-04, 7.0062e-04, 2.8843e-05, 9.2267e-05,
        3.2072e-04, 2.2511e-05, 1.6809e-05, 3.2581e-05, 4.5342e-04, 1.3951e-04,
        1.1476e-04, 5.8006e-05, 2.6199e-05, 6.7109e-05, 1.1414e-04, 1.9692e-04,
        9.0262e-06, 2.5404e-04, 2.3440e-04, 7.1293e-05, 1.2279e-04, 1.7049e-04,
        7.0923e-05, 3.6075e-04, 3.7295e-04, 5.7132e-05, 3.7679e-04, 3.5478e-04,
        3.7062e-04, 3.0076e-04, 1.0039e-04, 1.7279e-04, 3.2035e-05, 5.3324e-05,
        2.7197e-04, 3.9941e-05, 1.6285e-04, 6.9316e-05, 3.7034e-04, 1.7243e-04,
        1.7341e-05, 1.0697e-04, 2.8974e-04, 3.6269e-05, 3.3250e-04, 1.9295e-04,
        1.0783e-04, 5.6450e-05, 1.1301e-04, 8.1524e-05, 1.1820e-04, 3.0319e-04,
        1.6594e-04, 2.8464e-05, 4.6022e-04, 3.1311e-04, 1.6175e-04],
       grad_fn=<CatBackward>)

mean_overall=tensor(0.0003, grad_fn=<MeanBackward0>)

-----------------------------------------------ITERATION350-----------------------------------------------

final_causality=[[1, 1, 1, 1, 1, 1, 1, 1, 1, 1, 1, 1, 1], [1, 1, 1, 1, 1, 1, 1, 1, 1, 1, 1, 1, 1, 1, 1, 1, 1, 1, 1, 1, 1, 1, 1, 1, 1, 1, 1, 1, 1, 1, 1, 1, 1, 1, 1, 1, 1, 1, 1, 1, 1, 1, 1, 1, 1, 1, 1, 1, 1, 1], [1, 1, 1, 1, 1, 1, 1, 1, 1, 1, 1, 1, 1, 1, 1, 1, 1, 1, 1, 1, 1, 1, 1, 1, 1, 1, 1, 1, 1, 1, 1, 1, 1, 1, 1, 1, 1, 1, 1, 1, 1, 1, 1, 1, 1, 1, 1, 1, 1, 1]]

means=tensor([8.7478e-04, 1.4292e-03, 1.3945e-03, 1.4962e-03, 1.5064e-03, 4.6728e-04,
        1.1542e-03, 5.0252e-04, 1.1198e-03, 1.3439e-03, 1.0822e-03, 2.5240e-04,
        1.0568e-03, 6.4589e-05, 2.7627e-05, 1.7170e-04, 1.7189e-04, 1.4972e-04,
        8.4612e-05, 9.6658e-05, 6.1901e-05, 5.7435e-06, 3.2334e-04, 3.4872e-04,
        4.5575e-05, 2.3006e-06, 5.2814e-05, 3.9771e-04, 2.1943e-04, 1.6569e-04,
        9.6856e-04, 7.2237e-04, 2.3742e-05, 1.3125e-04, 3.9424e-04, 4.3133e-04,
        5.3792e-04, 8.8732e-05, 4.0781e-04, 4.5668e-05, 2.8671e-04, 1.9902e-04,
        7.0820e-04, 1.6448e-04, 6.1518e-04, 7.4394e-05, 1.2001e-04, 1.7392e-04,
        1.2808e-04, 5.6698e-04, 1.1571e-04, 5.7807e-04, 6.0505e-04, 7.5133e-05,
        4.6410e-04, 3.2442e-04, 4.7571e-04, 7.3914e-04, 2.7357e-05, 9.3313e-05,
        3.4418e-04, 2.2827e-05, 1.7086e-05, 3.4175e-05, 4.7218e-04, 1.4527e-04,
        1.2074e-04, 6.0980e-05, 2.8022e-05, 6.9895e-05, 1.1856e-04, 2.0849e-04,
        9.3770e-06, 2.6732e-04, 2.4300e-04, 7.4000e-05, 1.2773e-04, 1.8228e-04,
        7.4594e-05, 3.7220e-04, 3.8367e-04, 5.9545e-05, 3.9091e-04, 3.6639e-04,
        3.8671e-04, 3.1459e-04, 1.0584e-04, 1.8105e-04, 3.3551e-05, 5.5529e-05,
        2.8563e-04, 3.8141e-05, 1.7584e-04, 7.3265e-05, 3.8246e-04, 1.7923e-04,
        1.8191e-05, 1.1173e-04, 3.0085e-04, 3.8032e-05, 3.5076e-04, 2.0220e-04,
        1.1148e-04, 6.0464e-05, 1.1807e-04, 8.5402e-05, 1.2529e-04, 3.1575e-04,
        1.7456e-04, 3.1323e-05, 4.7687e-04, 3.2306e-04, 1.6719e-04],
       grad_fn=<CatBackward>)

mean_overall=tensor(0.0003, grad_fn=<MeanBackward0>)

-----------------------------------------------ITERATION360-----------------------------------------------

final_causality=[[1, 1, 1, 1, 1, 1, 1, 1, 1, 1, 1, 1, 1], [1, 1, 1, 1, 1, 1, 1, 1, 1, 1, 1, 1, 1, 1, 1, 1, 1, 1, 1, 1, 1, 1, 1, 1, 1, 1, 1, 1, 1, 1, 1, 1, 1, 1, 1, 1, 1, 1, 1, 1, 1, 1, 1, 1, 1, 1, 1, 1, 1, 1], [1, 1, 1, 1, 1, 1, 1, 1, 1, 1, 1, 1, 1, 1, 1, 1, 1, 1, 1, 1, 1, 1, 1, 1, 1, 1, 1, 1, 1, 1, 1, 1, 1, 1, 1, 1, 1, 1, 1, 1, 1, 1, 1, 1, 1, 1, 1, 1, 1, 1]]

means=tensor([9.1109e-04, 1.4979e-03, 1.4664e-03, 1.5601e-03, 1.5799e-03, 4.9314e-04,
        1.2234e-03, 5.3268e-04, 1.1748e-03, 1.4122e-03, 1.1368e-03, 2.6634e-04,
        1.1152e-03, 6.7945e-05, 3.0538e-05, 1.7812e-04, 1.7482e-04, 1.5992e-04,
        8.7590e-05, 1.0041e-04, 6.4125e-05, 6.1576e-06, 3.4338e-04, 3.6863e-04,
        4.7858e-05, 2.8899e-06, 5.8390e-05, 4.0780e-04, 2.2748e-04, 1.7800e-04,
        1.0024e-03, 7.4522e-04, 2.4908e-05, 1.4157e-04, 4.2249e-04, 4.4549e-04,
        5.7351e-04, 8.7114e-05, 4.2800e-04, 4.5061e-05, 2.9883e-04, 2.1058e-04,
        7.5624e-04, 1.7226e-04, 6.5321e-04, 7.2539e-05, 1.2504e-04, 1.7360e-04,
        1.3211e-04, 5.9287e-04, 1.2130e-04, 6.1166e-04, 6.2639e-04, 7.6324e-05,
        4.9021e-04, 3.4066e-04, 4.9547e-04, 7.7891e-04, 2.5902e-05, 9.4320e-05,
        3.6882e-04, 2.3142e-05, 1.7382e-05, 3.5844e-05, 4.9116e-04, 1.5115e-04,
        1.2685e-04, 6.4054e-05, 2.9886e-05, 7.2751e-05, 1.2302e-04, 2.2021e-04,
        9.7442e-06, 2.8085e-04, 2.5174e-04, 7.6838e-05, 1.3268e-04, 1.9443e-04,
        7.8391e-05, 3.8358e-04, 3.9445e-04, 6.2059e-05, 4.0520e-04, 3.7820e-04,
        4.0294e-04, 3.2860e-04, 1.1138e-04, 1.8938e-04, 3.5131e-05, 5.7819e-05,
        2.9968e-04, 3.9372e-05, 1.8993e-04, 7.7328e-05, 3.9453e-04, 1.8612e-04,
        1.9088e-05, 1.1658e-04, 3.1207e-04, 4.0080e-05, 3.6967e-04, 2.1152e-04,
        1.1513e-04, 6.4564e-05, 1.2324e-04, 8.9351e-05, 1.3253e-04, 3.2865e-04,
        1.8328e-04, 3.4301e-05, 4.9346e-04, 3.3301e-04, 1.7286e-04],
       grad_fn=<CatBackward>)

mean_overall=tensor(0.0003, grad_fn=<MeanBackward0>)

-----------------------------------------------ITERATION370-----------------------------------------------

final_causality=[[1, 1, 1, 1, 1, 1, 1, 1, 1, 1, 1, 1, 1], [1, 1, 1, 1, 1, 1, 1, 1, 1, 1, 1, 1, 1, 1, 1, 1, 1, 1, 1, 1, 1, 1, 1, 1, 1, 1, 1, 1, 1, 1, 1, 1, 1, 1, 1, 1, 1, 1, 1, 1, 1, 1, 1, 1, 1, 1, 1, 1, 1, 1], [1, 1, 1, 1, 1, 1, 1, 1, 1, 1, 1, 1, 1, 1, 1, 1, 1, 1, 1, 1, 1, 1, 1, 1, 1, 1, 1, 1, 1, 1, 1, 1, 1, 1, 1, 1, 1, 1, 1, 1, 1, 1, 1, 1, 1, 1, 1, 1, 1, 1]]

means=tensor([9.4816e-04, 1.5681e-03, 1.5398e-03, 1.6252e-03, 1.6545e-03, 5.2005e-04,
        1.2941e-03, 5.6335e-04, 1.2306e-03, 1.4814e-03, 1.1928e-03, 2.8102e-04,
        1.1751e-03, 7.1493e-05, 3.3587e-05, 1.8461e-04, 1.7849e-04, 1.7068e-04,
        9.0614e-05, 1.0430e-04, 6.6433e-05, 6.5954e-06, 3.6424e-04, 3.8927e-04,
        5.0222e-05, 3.5217e-06, 6.4397e-05, 4.1794e-04, 2.3572e-04, 1.9096e-04,
        1.0369e-03, 7.6834e-04, 2.6162e-05, 1.5250e-04, 4.5205e-04, 4.5990e-04,
        6.1043e-04, 8.8484e-05, 4.4874e-04, 4.4435e-05, 3.1129e-04, 2.2259e-04,
        8.0617e-04, 1.8025e-04, 6.9264e-04, 7.0735e-05, 1.3017e-04, 1.7330e-04,
        1.3686e-04, 6.1943e-04, 1.2713e-04, 6.4639e-04, 6.4806e-04, 7.7591e-05,
        5.1724e-04, 3.5735e-04, 5.1574e-04, 8.1989e-04, 2.4477e-05, 9.5286e-05,
        3.9460e-04, 2.3456e-05, 1.7698e-05, 3.7588e-05, 5.1034e-04, 1.5713e-04,
        1.3305e-04, 6.7225e-05, 3.1788e-05, 7.5671e-05, 1.2751e-04, 2.3203e-04,
        1.0128e-05, 2.9460e-04, 2.6059e-04, 7.9908e-05, 1.3764e-04, 2.0694e-04,
        8.2308e-05, 3.9484e-04, 4.0526e-04, 6.4745e-05, 4.1963e-04, 3.9019e-04,
        4.1929e-04, 3.4276e-04, 1.1700e-04, 1.9779e-04, 3.6775e-05, 6.0190e-05,
        3.1412e-04, 4.4217e-05, 2.0487e-04, 8.1498e-05, 4.0653e-04, 1.9308e-04,
        2.0031e-05, 1.2152e-04, 3.2349e-04, 4.2224e-05, 3.8906e-04, 2.2088e-04,
        1.1877e-04, 6.8741e-05, 1.2853e-04, 9.3362e-05, 1.3991e-04, 3.4187e-04,
        1.9208e-04, 3.7389e-05, 5.0997e-04, 3.4292e-04, 1.7900e-04],
       grad_fn=<CatBackward>)

mean_overall=tensor(0.0003, grad_fn=<MeanBackward0>)

-----------------------------------------------ITERATION380-----------------------------------------------

final_causality=[[1, 1, 1, 1, 1, 1, 1, 1, 1, 1, 1, 1, 1], [1, 1, 1, 1, 1, 1, 1, 1, 1, 1, 1, 1, 1, 1, 1, 1, 1, 1, 1, 1, 1, 1, 1, 1, 1, 1, 1, 1, 1, 1, 1, 1, 1, 1, 1, 1, 1, 1, 1, 1, 1, 1, 1, 1, 1, 1, 1, 1, 1, 1], [1, 1, 1, 1, 1, 1, 1, 1, 1, 1, 1, 1, 1, 1, 1, 1, 1, 1, 1, 1, 1, 1, 1, 1, 1, 1, 1, 1, 1, 1, 1, 1, 1, 1, 1, 1, 1, 1, 1, 1, 1, 1, 1, 1, 1, 1, 1, 1, 1, 1]]

means=tensor([9.8596e-04, 1.6398e-03, 1.6143e-03, 1.6915e-03, 1.7303e-03, 5.4801e-04,
        1.3662e-03, 5.9445e-04, 1.2868e-03, 1.5514e-03, 1.2501e-03, 2.9643e-04,
        1.2364e-03, 7.5234e-05, 3.6775e-05, 1.9119e-04, 1.8224e-04, 1.8198e-04,
        9.3679e-05, 1.0832e-04, 6.8825e-05, 7.0553e-06, 3.8589e-04, 4.1063e-04,
        5.2660e-05, 4.1956e-06, 7.0854e-05, 4.2810e-04, 2.4414e-04, 2.0456e-04,
        1.0720e-03, 7.9169e-04, 2.7505e-05, 1.6404e-04, 4.8290e-04, 4.7454e-04,
        6.4863e-04, 8.9810e-05, 4.7002e-04, 4.3790e-05, 3.2408e-04, 2.3501e-04,
        8.5791e-04, 1.8843e-04, 7.3340e-04, 6.8983e-05, 1.3539e-04, 1.7304e-04,
        1.4198e-04, 6.4661e-04, 1.3320e-04, 6.8222e-04, 6.7003e-04, 7.8931e-05,
        5.4514e-04, 3.7448e-04, 5.3647e-04, 8.6198e-04, 2.3080e-05, 9.6210e-05,
        4.2150e-04, 2.3766e-05, 1.8034e-05, 3.9405e-05, 5.3006e-04, 1.6321e-04,
        1.3934e-04, 7.0490e-05, 3.3723e-05, 7.8648e-05, 1.3203e-04, 2.4395e-04,
        1.0528e-05, 3.0854e-04, 2.6955e-04, 8.3270e-05, 1.4260e-04, 2.1977e-04,
        8.6338e-05, 4.0599e-04, 4.1608e-04, 6.7531e-05, 4.3418e-04, 4.0280e-04,
        4.3573e-04, 3.5703e-04, 1.2269e-04, 2.0625e-04, 3.8481e-05, 6.2640e-05,
        3.2890e-04, 4.9274e-05, 2.2018e-04, 8.5766e-05, 4.1845e-04, 2.0011e-04,
        2.1021e-05, 1.2653e-04, 3.3520e-04, 4.4462e-05, 4.0889e-04, 2.3028e-04,
        1.2239e-04, 7.2981e-05, 1.3392e-04, 9.7425e-05, 1.4742e-04, 3.5538e-04,
        2.0094e-04, 4.0580e-05, 5.2637e-04, 3.5279e-04, 1.8577e-04],
       grad_fn=<CatBackward>)

mean_overall=tensor(0.0004, grad_fn=<MeanBackward0>)

-----------------------------------------------ITERATION390-----------------------------------------------

final_causality=[[1, 1, 1, 1, 1, 1, 1, 1, 1, 1, 1, 1, 1], [1, 1, 1, 1, 1, 1, 1, 1, 1, 1, 1, 1, 1, 1, 1, 1, 1, 1, 1, 1, 1, 1, 1, 1, 1, 1, 1, 1, 1, 1, 1, 1, 1, 1, 1, 1, 1, 1, 1, 1, 1, 1, 1, 1, 1, 1, 1, 1, 1, 1], [1, 1, 1, 1, 1, 1, 1, 1, 1, 1, 1, 1, 1, 1, 1, 1, 1, 1, 1, 1, 1, 1, 1, 1, 1, 1, 1, 1, 1, 1, 1, 1, 1, 1, 1, 1, 1, 1, 1, 1, 1, 1, 1, 1, 1, 1, 1, 1, 1, 1]]

means=tensor([1.0244e-03, 1.7129e-03, 1.6900e-03, 1.7588e-03, 1.8069e-03, 5.7701e-04,
        1.4395e-03, 6.2590e-04, 1.3434e-03, 1.6222e-03, 1.3085e-03, 3.1255e-04,
        1.2991e-03, 7.9171e-05, 4.0107e-05, 1.9783e-04, 1.8606e-04, 1.9384e-04,
        9.6779e-05, 1.1247e-04, 7.1299e-05, 7.5350e-06, 4.0832e-04, 4.3265e-04,
        5.5168e-05, 4.9111e-06, 7.7779e-05, 4.3827e-04, 2.5273e-04, 2.1880e-04,
        1.1076e-03, 8.1521e-04, 2.8941e-05, 1.7619e-04, 5.1499e-04, 4.9194e-04,
        6.8801e-04, 9.1090e-05, 4.9178e-04, 4.3129e-05, 3.3716e-04, 2.4784e-04,
        9.1135e-04, 1.9679e-04, 7.7540e-04, 6.7283e-05, 1.4086e-04, 1.7410e-04,
        1.4718e-04, 6.7435e-04, 1.3952e-04, 7.2016e-04, 6.9225e-04, 8.0342e-05,
        5.7386e-04, 3.9199e-04, 5.5763e-04, 9.0512e-04, 2.1709e-05, 9.7090e-05,
        4.4946e-04, 2.4073e-05, 1.8391e-05, 4.1293e-05, 5.4996e-04, 1.6936e-04,
        1.4570e-04, 7.3845e-05, 3.5688e-05, 8.1792e-05, 1.3657e-04, 2.5593e-04,
        1.0993e-05, 3.2265e-04, 2.7858e-04, 8.6751e-05, 1.4754e-04, 2.3290e-04,
        9.0475e-05, 4.1700e-04, 4.2691e-04, 7.0413e-05, 4.4883e-04, 4.1572e-04,
        4.5220e-04, 3.7140e-04, 1.2843e-04, 2.1475e-04, 4.0248e-05, 6.5166e-05,
        3.4400e-04, 5.4525e-05, 2.3582e-04, 9.0121e-05, 4.3027e-04, 2.0719e-04,
        2.2059e-05, 1.3161e-04, 3.4697e-04, 4.6794e-05, 4.2911e-04, 2.3970e-04,
        1.2599e-04, 7.7273e-05, 1.3941e-04, 1.0153e-04, 1.5503e-04, 3.6916e-04,
        2.0985e-04, 4.3866e-05, 5.4263e-04, 3.6260e-04, 1.9271e-04],
       grad_fn=<CatBackward>)

mean_overall=tensor(0.0004, grad_fn=<MeanBackward0>)

-----------------------------------------------ITERATION400-----------------------------------------------

final_causality=[[1, 1, 1, 1, 1, 1, 1, 1, 1, 1, 1, 1, 1], [1, 1, 1, 1, 1, 1, 1, 1, 1, 1, 1, 1, 1, 1, 1, 1, 1, 1, 1, 1, 1, 1, 1, 1, 1, 1, 1, 1, 1, 1, 1, 1, 1, 1, 1, 1, 1, 1, 1, 1, 1, 1, 1, 1, 1, 1, 1, 1, 1, 1], [1, 1, 1, 1, 1, 1, 1, 1, 1, 1, 1, 1, 1, 1, 1, 1, 1, 1, 1, 1, 1, 1, 1, 1, 1, 1, 1, 1, 1, 1, 1, 1, 1, 1, 1, 1, 1, 1, 1, 1, 1, 1, 1, 1, 1, 1, 1, 1, 1, 1]]

means=tensor([1.0635e-03, 1.7873e-03, 1.7667e-03, 1.8270e-03, 1.8843e-03, 6.0701e-04,
        1.5140e-03, 6.5760e-04, 1.4002e-03, 1.6934e-03, 1.3681e-03, 3.2935e-04,
        1.3632e-03, 8.3303e-05, 4.3584e-05, 2.0453e-04, 1.9126e-04, 2.0623e-04,
        9.9906e-05, 1.1674e-04, 7.3851e-05, 8.0325e-06, 4.3148e-04, 4.5530e-04,
        5.7739e-05, 5.6674e-06, 8.5184e-05, 4.4842e-04, 2.6147e-04, 2.3365e-04,
        1.1436e-03, 8.3886e-04, 3.0469e-05, 1.8892e-04, 5.4826e-04, 5.1020e-04,
        7.2849e-04, 9.2324e-05, 5.1396e-04, 4.2451e-05, 3.5052e-04, 2.6106e-04,
        9.6639e-04, 2.0532e-04, 8.1857e-04, 6.5634e-05, 1.4659e-04, 1.7723e-04,
        1.5245e-04, 7.0260e-04, 1.4607e-04, 7.5914e-04, 7.1468e-04, 8.1822e-05,
        6.0335e-04, 4.0985e-04, 5.7919e-04, 9.4922e-04, 2.0363e-05, 9.7922e-05,
        4.7843e-04, 2.4375e-05, 1.8768e-05, 4.3250e-05, 5.6994e-04, 1.7559e-04,
        1.5212e-04, 7.7282e-05, 3.7714e-05, 8.5255e-05, 1.4112e-04, 2.6793e-04,
        1.1552e-05, 3.3690e-04, 2.8767e-04, 9.0340e-05, 1.5246e-04, 2.4628e-04,
        9.4708e-05, 4.2785e-04, 4.3771e-04, 7.3386e-05, 4.6355e-04, 4.2876e-04,
        4.6868e-04, 3.8583e-04, 1.3420e-04, 2.2328e-04, 4.2074e-05, 6.7762e-05,
        3.5939e-04, 5.9953e-05, 2.5194e-04, 9.4553e-05, 4.4197e-04, 2.1431e-04,
        2.3143e-05, 1.3675e-04, 3.5878e-04, 4.9217e-05, 4.4966e-04, 2.4912e-04,
        1.2955e-04, 8.1603e-05, 1.4528e-04, 1.0566e-04, 1.6289e-04, 3.8339e-04,
        2.1879e-04, 4.7236e-05, 5.5871e-04, 3.7233e-04, 1.9982e-04],
       grad_fn=<CatBackward>)

mean_overall=tensor(0.0004, grad_fn=<MeanBackward0>)

-----------------------------------------------ITERATION410-----------------------------------------------

final_causality=[[1, 1, 1, 1, 1, 1, 1, 1, 1, 1, 1, 1, 1], [1, 1, 1, 1, 1, 1, 1, 1, 1, 1, 1, 1, 1, 1, 1, 1, 1, 1, 1, 1, 1, 1, 1, 1, 1, 1, 1, 1, 1, 1, 1, 1, 1, 1, 1, 1, 1, 1, 1, 1, 1, 1, 1, 1, 1, 1, 1, 1, 1, 1], [1, 1, 1, 1, 1, 1, 1, 1, 1, 1, 1, 1, 1, 1, 1, 1, 1, 1, 1, 1, 1, 1, 1, 1, 1, 1, 1, 1, 1, 1, 1, 1, 1, 1, 1, 1, 1, 1, 1, 1, 1, 1, 1, 1, 1, 1, 1, 1, 1, 1]]

means=tensor([1.1032e-03, 1.8629e-03, 1.8442e-03, 1.8958e-03, 1.9622e-03, 6.3799e-04,
        1.5895e-03, 6.8944e-04, 1.4568e-03, 1.7648e-03, 1.4287e-03, 3.4679e-04,
        1.4284e-03, 8.7628e-05, 4.7206e-05, 2.1127e-04, 1.9927e-04, 2.1914e-04,
        1.0305e-04, 1.2114e-04, 7.6480e-05, 8.5453e-06, 4.5533e-04, 4.7852e-04,
        6.0365e-05, 6.4635e-06, 9.3079e-05, 4.5854e-04, 2.7033e-04, 2.4910e-04,
        1.1812e-03, 8.6257e-04, 3.2091e-05, 2.0223e-04, 5.8265e-04, 5.2866e-04,
        7.6995e-04, 9.3511e-05, 5.3652e-04, 4.1758e-05, 3.6413e-04, 2.7465e-04,
        1.0229e-03, 2.1399e-04, 8.6280e-04, 6.4038e-05, 1.5241e-04, 1.8033e-04,
        1.5776e-04, 7.3129e-04, 1.5284e-04, 7.9902e-04, 7.3724e-04, 8.3367e-05,
        6.3353e-04, 4.2799e-04, 6.0127e-04, 9.9416e-04, 1.9041e-05, 9.8705e-05,
        5.0833e-04, 2.4670e-05, 1.9166e-05, 4.5273e-05, 5.8994e-04, 1.8187e-04,
        1.5858e-04, 8.0796e-05, 3.9762e-05, 8.8748e-05, 1.4568e-04, 2.8010e-04,
        1.2128e-05, 3.5126e-04, 2.9678e-04, 9.4024e-05, 1.5733e-04, 2.5987e-04,
        9.9028e-05, 4.3853e-04, 4.4847e-04, 7.6443e-05, 4.7829e-04, 4.4186e-04,
        4.8513e-04, 4.0029e-04, 1.3999e-04, 2.3182e-04, 4.3988e-05, 7.0424e-05,
        3.7502e-04, 6.5538e-05, 2.6843e-04, 9.9050e-05, 4.5352e-04, 2.2143e-04,
        2.4274e-05, 1.4194e-04, 3.7062e-04, 5.1728e-05, 4.7049e-04, 2.5852e-04,
        1.3308e-04, 8.5957e-05, 1.5304e-04, 1.0981e-04, 1.7170e-04, 3.9790e-04,
        2.2774e-04, 5.0680e-05, 5.7459e-04, 3.8196e-04, 2.0708e-04],
       grad_fn=<CatBackward>)

mean_overall=tensor(0.0004, grad_fn=<MeanBackward0>)

-----------------------------------------------ITERATION420-----------------------------------------------

final_causality=[[1, 1, 1, 1, 1, 1, 1, 1, 1, 1, 1, 1, 1], [1, 1, 1, 1, 1, 1, 1, 1, 1, 1, 1, 1, 1, 1, 1, 1, 1, 1, 1, 1, 1, 1, 1, 1, 1, 1, 1, 1, 1, 1, 1, 1, 1, 1, 1, 1, 1, 1, 1, 1, 1, 1, 1, 1, 1, 1, 1, 1, 1, 1], [1, 1, 1, 1, 1, 1, 1, 1, 1, 1, 1, 1, 1, 1, 1, 1, 1, 1, 1, 1, 1, 1, 1, 1, 1, 1, 1, 1, 1, 1, 1, 1, 1, 1, 1, 1, 1, 1, 1, 1, 1, 1, 1, 1, 1, 1, 1, 1, 1, 1]]

means=tensor([1.1433e-03, 1.9395e-03, 1.9223e-03, 1.9650e-03, 2.0405e-03, 6.6991e-04,
        1.6658e-03, 7.2132e-04, 1.5131e-03, 1.8363e-03, 1.4902e-03, 3.6484e-04,
        1.4949e-03, 9.2143e-05, 5.0972e-05, 2.1806e-04, 2.0734e-04, 2.3254e-04,
        1.0621e-04, 1.2674e-04, 7.9179e-05, 9.0711e-06, 4.7982e-04, 5.0226e-04,
        6.3037e-05, 7.2983e-06, 1.0147e-04, 4.6859e-04, 2.7930e-04, 2.6510e-04,
        1.2210e-03, 8.8631e-04, 3.3808e-05, 2.1607e-04, 6.1806e-04, 5.4725e-04,
        8.1229e-04, 9.4649e-05, 5.5939e-04, 4.1051e-05, 3.7795e-04, 2.8893e-04,
        1.0807e-03, 2.2278e-04, 9.0799e-04, 6.4087e-05, 1.5829e-04, 1.8338e-04,
        1.6310e-04, 7.6034e-04, 1.5983e-04, 8.3970e-04, 7.5991e-04, 8.4974e-05,
        6.6433e-04, 4.4636e-04, 6.2382e-04, 1.0398e-03, 1.7741e-05, 9.9437e-05,
        5.3908e-04, 2.4959e-05, 1.9583e-05, 4.7356e-05, 6.0991e-04, 1.8820e-04,
        1.6506e-04, 8.4380e-05, 4.1826e-05, 9.2263e-05, 1.5023e-04, 2.9236e-04,
        1.2722e-05, 3.6569e-04, 3.0591e-04, 9.7790e-05, 1.6216e-04, 2.7365e-04,
        1.0356e-04, 4.4901e-04, 4.5916e-04, 7.9579e-05, 4.9307e-04, 4.5500e-04,
        5.0149e-04, 4.1474e-04, 1.4577e-04, 2.4036e-04, 4.5959e-05, 7.3146e-05,
        3.9086e-04, 7.1259e-05, 2.8509e-04, 1.0360e-04, 4.6492e-04, 2.2855e-04,
        2.5449e-05, 1.4716e-04, 3.8244e-04, 5.4324e-05, 4.9154e-04, 2.6788e-04,
        1.3656e-04, 9.0323e-05, 1.6094e-04, 1.1397e-04, 1.8057e-04, 4.1259e-04,
        2.3668e-04, 5.4187e-05, 5.9024e-04, 3.9147e-04, 2.1447e-04],
       grad_fn=<CatBackward>)

mean_overall=tensor(0.0004, grad_fn=<MeanBackward0>)

-----------------------------------------------ITERATION430-----------------------------------------------

final_causality=[[1, 1, 1, 1, 1, 1, 1, 1, 1, 1, 1, 1, 1], [1, 1, 1, 1, 1, 1, 1, 1, 1, 1, 1, 1, 1, 1, 1, 1, 1, 1, 1, 1, 1, 1, 1, 1, 1, 1, 1, 1, 1, 1, 1, 1, 1, 1, 1, 1, 1, 1, 1, 1, 1, 1, 1, 1, 1, 1, 1, 1, 1, 1], [1, 1, 1, 1, 1, 1, 1, 1, 1, 1, 1, 1, 1, 1, 1, 1, 1, 1, 1, 1, 1, 1, 1, 1, 1, 1, 1, 1, 1, 1, 1, 1, 1, 1, 1, 1, 1, 1, 1, 1, 1, 1, 1, 1, 1, 1, 1, 1, 1, 1]]

means=tensor([1.1838e-03, 2.0169e-03, 2.0009e-03, 2.0345e-03, 2.1188e-03, 7.0273e-04,
        1.7428e-03, 7.5310e-04, 1.5689e-03, 1.9076e-03, 1.5526e-03, 3.8343e-04,
        1.5624e-03, 9.6843e-05, 5.4880e-05, 2.2486e-04, 2.1544e-04, 2.4642e-04,
        1.0937e-04, 1.3253e-04, 8.1943e-05, 9.6072e-06, 5.0488e-04, 5.2646e-04,
        6.5747e-05, 8.1703e-06, 1.1035e-04, 4.7856e-04, 2.8835e-04, 2.8163e-04,
        1.2610e-03, 9.1000e-04, 3.5618e-05, 2.3042e-04, 6.5440e-04, 5.6593e-04,
        8.5537e-04, 9.5738e-05, 5.8250e-04, 4.0332e-05, 3.9196e-04, 3.0354e-04,
        1.1396e-03, 2.3168e-04, 9.5400e-04, 6.4649e-05, 1.6428e-04, 1.8639e-04,
        1.6845e-04, 7.8967e-04, 1.6702e-04, 8.8104e-04, 7.8260e-04, 8.6637e-05,
        6.9565e-04, 4.6491e-04, 6.4662e-04, 1.0861e-03, 1.6462e-05, 1.0012e-04,
        5.7059e-04, 2.5239e-05, 2.0021e-05, 4.9495e-05, 6.2982e-04, 1.9455e-04,
        1.7153e-04, 8.8023e-05, 4.3902e-05, 9.5790e-05, 1.5477e-04, 3.0454e-04,
        1.3331e-05, 3.8015e-04, 3.1502e-04, 1.0162e-04, 1.6693e-04, 2.8756e-04,
        1.0857e-04, 4.5929e-04, 4.6977e-04, 8.2786e-05, 5.0858e-04, 4.6813e-04,
        5.1774e-04, 4.2916e-04, 1.5154e-04, 2.4887e-04, 4.7981e-05, 7.5919e-05,
        4.0686e-04, 7.7094e-05, 3.0190e-04, 1.0819e-04, 4.7613e-04, 2.3565e-04,
        2.6682e-05, 1.5241e-04, 3.9423e-04, 5.6997e-05, 5.1274e-04, 2.7718e-04,
        1.4000e-04, 9.4685e-05, 1.6970e-04, 1.1811e-04, 1.8946e-04, 4.2741e-04,
        2.4558e-04, 5.7745e-05, 6.0562e-04, 4.0085e-04, 2.2196e-04],
       grad_fn=<CatBackward>)

mean_overall=tensor(0.0004, grad_fn=<MeanBackward0>)

-----------------------------------------------ITERATION440-----------------------------------------------

final_causality=[[1, 1, 1, 1, 1, 1, 1, 1, 1, 1, 1, 1, 1], [1, 1, 1, 1, 1, 1, 1, 1, 1, 1, 1, 1, 1, 1, 1, 1, 1, 1, 1, 1, 1, 1, 1, 1, 1, 1, 1, 1, 1, 1, 1, 1, 1, 1, 1, 1, 1, 1, 1, 1, 1, 1, 1, 1, 1, 1, 1, 1, 1, 1], [1, 1, 1, 1, 1, 1, 1, 1, 1, 1, 1, 1, 1, 1, 1, 1, 1, 1, 1, 1, 1, 1, 1, 1, 1, 1, 1, 1, 1, 1, 1, 1, 1, 1, 1, 1, 1, 1, 1, 1, 1, 1, 1, 1, 1, 1, 1, 1, 1, 1]]

means=tensor([1.2247e-03, 2.0950e-03, 2.0797e-03, 2.1040e-03, 2.1971e-03, 7.3640e-04,
        1.8203e-03, 7.8466e-04, 1.6239e-03, 1.9785e-03, 1.6157e-03, 4.0252e-04,
        1.6309e-03, 1.0172e-04, 5.8926e-05, 2.3167e-04, 2.2358e-04, 2.6073e-04,
        1.1251e-04, 1.3844e-04, 8.4766e-05, 1.0151e-05, 5.3046e-04, 5.5105e-04,
        6.8483e-05, 9.0777e-06, 1.1972e-04, 4.8842e-04, 2.9746e-04, 2.9863e-04,
        1.3011e-03, 9.3359e-04, 3.7522e-05, 2.4523e-04, 6.9157e-04, 5.8464e-04,
        8.9906e-04, 9.6776e-05, 6.0578e-04, 3.9602e-05, 4.0610e-04, 3.1843e-04,
        1.1995e-03, 2.4066e-04, 1.0007e-03, 6.5210e-05, 1.7034e-04, 1.8937e-04,
        1.7378e-04, 8.1920e-04, 1.7439e-04, 9.2293e-04, 8.0527e-04, 8.8352e-05,
        7.2742e-04, 4.8355e-04, 6.6961e-04, 1.1329e-03, 1.5203e-05, 1.0074e-04,
        6.0274e-04, 2.5510e-05, 2.0478e-05, 5.1685e-05, 6.4960e-04, 2.0092e-04,
        1.7799e-04, 9.1717e-05, 4.5986e-05, 9.9318e-05, 1.5928e-04, 3.1662e-04,
        1.3954e-05, 3.9460e-04, 3.2409e-04, 1.0551e-04, 1.7164e-04, 3.0155e-04,
        1.1363e-04, 4.6933e-04, 4.8027e-04, 8.6056e-05, 5.2403e-04, 4.8122e-04,
        5.3382e-04, 4.4349e-04, 1.5727e-04, 2.5735e-04, 5.0050e-05, 7.8738e-05,
        4.2296e-04, 8.3020e-05, 3.1877e-04, 1.1281e-04, 4.8714e-04, 2.4270e-04,
        2.7968e-05, 1.5767e-04, 4.0596e-04, 5.9744e-05, 5.3403e-04, 2.8641e-04,
        1.4338e-04, 9.9029e-05, 1.7847e-04, 1.2224e-04, 1.9835e-04, 4.4233e-04,
        2.5441e-04, 6.1341e-05, 6.2071e-04, 4.1008e-04, 2.2954e-04],
       grad_fn=<CatBackward>)

mean_overall=tensor(0.0005, grad_fn=<MeanBackward0>)

