loss_training=[0.07759876036866813, 0.012884566477961797, 0.01651578061216512, 0.012295262119763626, 0.01259721671164233, 0.012021309984701549, 0.012084273257493798, 0.011986275419089625, 0.011981511748805837, 0.011964203383509064, 0.011948670041867166, 0.011935893287851204, 0.011921845433708, 0.011907437916091702, 0.01189267225817446, 0.011877394063121566, 0.01186162304634822, 0.01184537125291406, 0.011828633815754021, 0.011811405463553915, 0.011793679450926596, 0.011775446336596442, 0.011756693743522846, 0.011737406774253518, 0.011717568163607396, 0.011697158328019965, 0.011676155520820942, 0.01165453589655884, 0.011632273630354427, 0.011609341008426243, 0.011585708527880911, 0.011561345001196793, 0.011536217661973977, 0.01151029228129238, 0.011483533289281603, 0.011455903906925887, 0.011427366285757449, 0.011397881660630826, 0.011367410512015742, 0.011335912741110421, 0.011303347859026359, 0.011269675187280842, 0.011234854075824613, 0.011198844136165325, 0.011161605491285337]

test_loss_training=[0.27525562546456717, 0.11045803833535396, 0.07534515289412498, 0.09963420364357045, 0.11714942120445024, 0.10489213661244555, 0.09971985292131583, 0.10513178627206755, 0.10509431172801217, 0.10287810642195049, 0.10371433168759633, 0.10379146119337966, 0.10316900202349889, 0.10325306032473767, 0.1030971812749451, 0.10285136570177049, 0.1027479978603066, 0.10254997360744686, 0.10236951483340387, 0.1021945369479187, 0.10199605875428865, 0.10180455007664344, 0.10160117834267343, 0.10139313455613078, 0.10117937791597975, 0.10095797652482733, 0.10073066828680738, 0.10049566737035218, 0.10025355543249113, 0.10000355180695647, 0.09974548244484781, 0.09947892443676433, 0.09920347798372978, 0.09891875612189885, 0.09862431096739707, 0.09831972187842172, 0.09800452690852704, 0.09767827534910821, 0.09734049712028715, 0.09699072645455468, 0.09662849223198862, 0.09625332909054912, 0.09586477661098072, 0.0954623861202865, 0.09504572356760482]

loss_control_training_MSE=[0.0656672869022025, 0.012161416132658339, 0.016414624858860905, 0.01211632404939909, 0.012594918053432937, 0.012005967243988438, 0.012073629034215978, 0.01198823313238542, 0.011977522695236274, 0.011963271746628434, 0.01194734669545093, 0.011934381295147732, 0.011920428189092365, 0.01190595959182619, 0.01189113250042791, 0.011875810066167504, 0.011859991865540438, 0.01184369094260443, 0.01182690452082976, 0.011809626826010656, 0.011791850596268466, 0.01177356612361542, 0.011754760788283327, 0.011735419461196854, 0.011715524635425937, 0.011695056504621522, 0.011673993109026554, 0.01165231039993483, 0.01162998236043137, 0.0116069810925665, 0.01158327692075705, 0.011558838494451823, 0.01153363289577998, 0.011507625756106483, 0.011480781378346181, 0.011453062870032817, 0.011424432284221535, 0.011394850772802166, 0.011364278750219312, 0.011332676069901008, 0.011300002214097911, 0.011266216497319279, 0.011231278285199346, 0.011195147228964192, 0.011157783516697392]

variances=[1.6559595222642908e-09, 1.699780099536253e-09, 1.7343604896446727e-09, 1.7329930234695465e-09, 1.7491151648389133e-09, 1.788871635934674e-09, 1.8335957486589912e-09, 1.8835377126031306e-09, 1.9474819906902946e-09, 2.0243074948975406e-09, 2.0916601480591483e-09, 2.1733311807762754e-09, 2.270124572260179e-09, 2.381541571612878e-09, 2.5106662050618217e-09, 2.6588661679777813e-09, 2.8272701533175567e-09, 3.017813566024417e-09, 3.2320402076079254e-09, 3.4715276201182976e-09, 3.7371596372649716e-09, 4.031980509806207e-09, 4.358176694677551e-09, 4.718417148812335e-09, 5.1155866062553e-09, 5.552514633210306e-09, 6.032312638779536e-09, 6.558488162449879e-09, 7.134828857255983e-09, 7.765441778233993e-09, 8.452465501647643e-09, 9.202396944258632e-09, 1.0020698052110415e-08, 1.0913159307087993e-08, 1.1886528883576663e-08, 1.2946662540960296e-08, 1.408832020215362e-08, 1.5329023666435006e-08, 1.668029964222967e-08, 1.8145186688372325e-08, 1.973403617887044e-08, 2.1463175129427112e-08, 2.3345583325545723e-08, 2.5374797685616666e-08, 2.7575614556511794e-08]

ACE_values=[4.537890257464671e-05, 4.506586840142941e-05, 4.546064991167106e-05, 4.507415284860365e-05, 4.4917416001167654e-05, 4.507124483680621e-05, 4.5221360228686764e-05, 4.525301372832577e-05, 4.537426506999638e-05, 4.5565231981502464e-05, 4.591300205210129e-05, 4.632109293821082e-05, 4.676886778046438e-05, 4.724217269999633e-05, 4.775132771957911e-05, 4.828755255972251e-05, 4.8847481286922156e-05, 4.944223090878775e-05, 5.0071394833433264e-05, 5.07343508807354e-05, 5.144950213434528e-05, 5.22137662837806e-05, 5.30126867833711e-05, 5.384456340723192e-05, 5.471245134917094e-05, 5.5617330786845004e-05, 5.656105892773482e-05, 5.754846149997092e-05, 5.8592102103075144e-05, 5.9689850662934574e-05, 6.0851680112390116e-05, 6.206518462858606e-05, 6.332904069210836e-05, 6.464724960714349e-05, 6.603560213399795e-05, 6.749590892005625e-05, 6.911820945977133e-05, 7.083733364625698e-05, 7.26385358135538e-05, 7.456505980480308e-05, 7.66214298891704e-05, 7.877868540020179e-05, 8.102263784868407e-05, 8.347740339554307e-05, 8.608967733173604e-05]

-------------------------------CAUSAL NEURAL NET-------------------------------

loss_test_causal=tensor(0.0947, grad_fn=<MseLossBackward>)

