loss_training=[0.7727076655975329, 0.4132829926851243, 0.18252026237097815, 0.06439404984391009, 0.023044059135496238, 0.016925433222367236, 0.017996298952233154, 0.017757121190795925, 0.017034291447956932, 0.016767795659439755, 0.01673092948011361, 0.016685666328281973, 0.01662594880743335, 0.016573338393580685, 0.016523007357054965, 0.01647098434499751, 0.016417957313880807, 0.016364245199830207, 0.016309715588095658, 0.016254446479496528, 0.01619852870383548, 0.016142020175252392, 0.0160849780534787, 0.016027451905408108, 0.015969487361635032, 0.015911132279193843, 0.01585242407857106, 0.015793396740931546, 0.015734090938758556, 0.015674533836026936, 0.015614761515321112, 0.01555480272861519, 0.015494681433351606, 0.01543442541107788, 0.015374057673410275, 0.01531360253975148, 0.015253079911256514, 0.015192505906302667, 0.015131906596641098, 0.015071312770928285, 0.015010725512473296, 0.014950180576448499, 0.014889689612884456, 0.014829265637461257, 0.014768933092799847]

test_loss_training=[0.12752573441319173, 0.027133133133074916, 0.0355522043864546, 0.1174933882683417, 0.21985210710718567, 0.29401873840431425, 0.3216537673127494, 0.31602407362171386, 0.29967139344834093, 0.28696208977483456, 0.28181227880344334, 0.2821966309326007, 0.28458788784055744, 0.2865228483520853, 0.287278308341147, 0.2872650573320942, 0.2871158573661009, 0.2871626285479763, 0.28740654703044494, 0.2877176556748218, 0.2880025135652632, 0.28824703613713387, 0.2884778007998717, 0.28871720301397596, 0.28896873516039073, 0.2892260833200314, 0.28948404223586455, 0.2897414086964196, 0.28999983910430116, 0.2902602129473951, 0.29052251071026325, 0.29078603418458426, 0.29105024618114567, 0.2913152211683095, 0.29158098840749974, 0.29184735838069203, 0.29211409702612057, 0.2923811223433972, 0.29264803329033906, 0.2929145237613162, 0.29318100001586084, 0.2934468937867083, 0.2937121979274769, 0.2939769624457717, 0.29424062580078103]

loss_control_training_MSE=[0.7310644357430012, 0.38449330710661206, 0.16611152308636043, 0.057517226054986194, 0.021476888128831896, 0.016992426767772188, 0.018054409517173825, 0.01768557909755326, 0.016993927338406323, 0.016767995072787638, 0.016735880519343306, 0.016687686731986156, 0.016628406902712528, 0.016576500547637624, 0.016526147458340038, 0.01647407897723549, 0.016421105256490237, 0.016367448991188614, 0.016312992508884936, 0.016257814778105343, 0.016202001837992523, 0.016145609007184918, 0.0160886928143407, 0.01603130594895883, 0.015973492672438153, 0.015915297200674656, 0.015856762149206907, 0.01579791996999576, 0.015738806520555, 0.015679453973552363, 0.015619893737713591, 0.015560153540925811, 0.015500258848037516, 0.015440235012516068, 0.015380106118116554, 0.015319895060786484, 0.015259623694746993, 0.0151993111030655, 0.015138978755591443, 0.015078650443208646, 0.0150183419969275, 0.014958076652581465, 0.014897873260112096, 0.014837747897305676, 0.014777720224504732]

variances=[3.5657783728734042e-09, 3.0852087712672312e-09, 2.8691550137356e-09, 2.8740354473610584e-09, 3.0407301995846864e-09, 3.226457203737532e-09, 3.354612102841785e-09, 3.4272978006068256e-09, 3.4893194373743018e-09, 3.5734814828912315e-09, 3.70284106232482e-09, 3.877818410287444e-09, 4.093277072152687e-09, 4.322291881530038e-09, 4.583179144202922e-09, 4.864799261288829e-09, 5.173335687544175e-09, 5.493379121453648e-09, 5.834545196396759e-09, 6.208012241602397e-09, 6.615411478104694e-09, 7.059987504552945e-09, 7.542804084057289e-09, 8.065557376811565e-09, 8.62566486572176e-09, 9.226022249431888e-09, 9.862880845952085e-09, 1.0537299245183723e-08, 1.1251629247079194e-08, 1.2015911937679768e-08, 1.2818770074735932e-08, 1.366717491396373e-08, 1.4564441112690352e-08, 1.55103359495445e-08, 1.6505527889153805e-08, 1.7551322471875976e-08, 1.8647032241460544e-08, 1.9794492790402074e-08, 2.0995232451233868e-08, 2.2228610206978312e-08, 2.35419164934478e-08, 2.4889542500938054e-08, 2.62910589245272e-08, 2.7752427003033245e-08, 2.9272439883448475e-08]

ACE_values=[7.023541445050008e-05, 6.46446500336954e-05, 6.474580759982063e-05, 6.86296838089819e-05, 7.323361729648579e-05, 7.679980302116437e-05, 7.84829625194085e-05, 7.877703330534215e-05, 7.859134465114787e-05, 7.856268141184368e-05, 7.891808059568901e-05, 7.960689896478267e-05, 8.059644498329125e-05, 8.157211842452413e-05, 8.255828790879566e-05, 8.355538813992448e-05, 8.47369785829376e-05, 8.605487166304617e-05, 8.756944502061056e-05, 8.915649191501931e-05, 9.081429829181065e-05, 9.252597941328021e-05, 9.428372986181289e-05, 9.612583555549943e-05, 9.804664276623366e-05, 0.00010000292219317356, 0.00010205932078261382, 0.00010420269973554104, 0.00010638135300308108, 0.00010865269681588192, 0.0001109677611899544, 0.00011332205398692434, 0.00011573105137739834, 0.00011817099560393071, 0.00012065401425884512, 0.00012316691271640446, 0.0001257309101574046, 0.00012837705944435118, 0.00013105671104430023, 0.00013369787921626908, 0.00013645756384888632, 0.00013920113162776407, 0.0001420075140831237, 0.0001449073758066463, 0.00014784928552115273]

-------------------------------CAUSAL NEURAL NET-------------------------------

loss_test_causal=tensor(0.2945, grad_fn=<MseLossBackward>)

