loss_training=[0.36609086850897493, 0.14339636462778865, 0.038906348907011085, 0.01706811300203762, 0.01990846049213745, 0.01893187633070114, 0.017088682668448513, 0.016937185777147503, 0.016915051525310427, 0.016773405856836527, 0.016708017270810775, 0.016647099175057373, 0.016579864156345908, 0.016515590799505583, 0.01644966289087489, 0.016382784567494382, 0.01631508909906086, 0.016246483952075997, 0.016177110188070068, 0.016107002116666887, 0.01603621839318547, 0.01596480262844736, 0.015892793836737258, 0.01582022651734429, 0.015747131000206253, 0.01567353487131693, 0.015599463773379812, 0.015524942320703589, 0.015449994764000717, 0.015374645651223554, 0.01529892041798357, 0.015222845902251697, 0.015146450778857911, 0.015069765929032261, 0.014992824745510737, 0.014915663368678245, 0.014838320853096386, 0.014760839266368274, 0.014683263721618427, 0.01460564233950791, 0.0145280261435613, 0.014450468888443865, 0.014373026823759258, 0.01429575839368025, 0.014218723878532829]

test_loss_training=[0.02173208574931565, 0.052212709473519095, 0.1678505987118629, 0.2915594437565362, 0.3458793653844614, 0.3303586936100083, 0.29619709598481136, 0.27735474172770525, 0.27708053296519863, 0.2843532782394026, 0.28914454342378826, 0.2892562776288536, 0.28774272339339696, 0.28723660333335155, 0.2878519378857901, 0.2885844962989177, 0.2889406379459902, 0.289117053262261, 0.2893800506058232, 0.2897425864704814, 0.2901054237887959, 0.29043597046306663, 0.2907638758803599, 0.2911077252280735, 0.29145958424681917, 0.2918109267685304, 0.2921633431124977, 0.2925199778446316, 0.2928802781487278, 0.29324279407708004, 0.2936074123584058, 0.2939743854717925, 0.2943434450437849, 0.2947141660928735, 0.29508629390221097, 0.2954595885435245, 0.2958337075890002, 0.2962082716243395, 0.29658289868838644, 0.29695717278679806, 0.2973306333734188, 0.2977027870251981, 0.29807310775998014, 0.2984410316191307, 0.2988059572382571]

loss_control_training_MSE=[0.33841627447384354, 0.12786256138646432, 0.03394780138392049, 0.017083837996534307, 0.020056244625110888, 0.018678549894078564, 0.01701988481699779, 0.01694697604386552, 0.016900146097745306, 0.016763929114023204, 0.016702732339295243, 0.016640271793141127, 0.016573397584914128, 0.016509090219663836, 0.016443000476591668, 0.016376060169038375, 0.016308266734968588, 0.01623958150234878, 0.016170132442407826, 0.01609995423374958, 0.016029105577692417, 0.015957628799390416, 0.015885562722399917, 0.015812941289005546, 0.015739794538624775, 0.01566614980999932, 0.015592032610210608, 0.015517467486577643, 0.015442478691100653, 0.01536709083471715, 0.015291329471476618, 0.015215221604785003, 0.015138796114470119, 0.015062084120347936, 0.014985119280609112, 0.014907938020641968, 0.014830579692937431, 0.014753086669593584, 0.014675504366916323, 0.014597881201564338, 0.014520268478949737, 0.014442720215091525, 0.014365292893454135, 0.014288045159143186, 0.01421103745381537]

variances=[2.3052122261617454e-09, 2.38899564596332e-09, 3.216824350924138e-09, 4.099243263881234e-09, 4.5474231001761235e-09, 4.529169339250052e-09, 4.39460145298535e-09, 4.3865940711299395e-09, 4.550285666075854e-09, 4.8140883482631335e-09, 5.106108862607987e-09, 5.414766061243137e-09, 5.772108139699619e-09, 6.189166574905195e-09, 6.670598904046897e-09, 7.176224766384082e-09, 7.72517622486279e-09, 8.315972744291847e-09, 8.972330005128252e-09, 9.694891967104346e-09, 1.0481792898638313e-08, 1.1336654900267846e-08, 1.2241594084071596e-08, 1.3199367697439245e-08, 1.4183969607195954e-08, 1.52165694055461e-08, 1.632096064642641e-08, 1.750195100926429e-08, 1.8762168094361158e-08, 2.0104905293954125e-08, 2.153302590665342e-08, 2.3049423782510735e-08, 2.4654206305611082e-08, 2.6349797945787796e-08, 2.813844480291297e-08, 3.0023665296843716e-08, 3.201464789726601e-08, 3.41081593981654e-08, 3.631319064727809e-08, 3.8629948446687125e-08, 4.106023928355387e-08, 4.360654297660629e-08, 4.6272585591040754e-08, 4.905350660245011e-08, 5.195642319405317e-08]

ACE_values=[6.692447572759122e-05, 6.904510468513238e-05, 7.316780311882645e-05, 7.829919302233063e-05, 8.107534212175057e-05, 8.085350100675939e-05, 7.969638125034328e-05, 7.925020626445756e-05, 7.972699986651085e-05, 8.070112629850423e-05, 8.172349188764528e-05, 8.25958706096055e-05, 8.345749641666211e-05, 8.443145011578815e-05, 8.559707397689706e-05, 8.69767028891335e-05, 8.850702840196731e-05, 9.0258930200394e-05, 9.210645177897938e-05, 9.405371827749308e-05, 9.608026527976852e-05, 9.815598631175053e-05, 0.00010038932525022316, 0.00010279894807512805, 0.00010551789769554023, 0.00010840728099173248, 0.00011137880640981378, 0.00011444280542394116, 0.00011760337370791176, 0.00012084215820463186, 0.00012414323959899538, 0.00012752411608004164, 0.00013098124715461832, 0.00013451858773229242, 0.00013815239069606011, 0.0001418793550346881, 0.00014569419177640552, 0.00014962669562017705, 0.00015363755713506717, 0.00015771432821195128, 0.0001618510888976046, 0.0001660656217306821, 0.00017034462783677102, 0.00017471311437807966, 0.00017914210380788793]

-------------------------------CAUSAL NEURAL NET-------------------------------

loss_test_causal=tensor(0.2991, grad_fn=<MseLossBackward>)

