-----------------------------------------------ITERATION0-----------------------------------------------

final_causality=[[1, 1, 1, 1, 1, 1, 1, 1, 1, 1, 1, 1, 1], [1, 1, 1, 1, 1, 1, 1, 1, 1, 1, 1, 1, 1, 1, 1, 1, 1, 1, 1, 1, 1, 1, 1, 1, 1, 1, 1, 1, 1, 1, 1, 1, 1, 1, 1, 1, 1, 1, 1, 1, 1, 1, 1, 1, 1, 1, 1, 1, 1, 1], [1, 1, 1, 1, 1, 1, 1, 1, 1, 1, 1, 1, 1, 1, 1, 1, 1, 1, 1, 1, 1, 1, 1, 1, 1, 1, 1, 1, 1, 1, 1, 1, 1, 1, 1, 1, 1, 1, 1, 1, 1, 1, 1, 1, 1, 1, 1, 1, 1, 1]]

means=tensor([3.3239e-05, 1.9662e-05, 9.3815e-05, 8.3977e-05, 2.1874e-04, 1.1668e-04,
        1.3164e-04, 1.7513e-05, 5.1422e-05, 1.3195e-04, 1.6417e-04, 4.0194e-05,
        7.0064e-05, 4.3103e-05, 3.7577e-05, 1.7824e-05, 2.1440e-04, 1.9344e-05,
        4.3151e-05, 2.0583e-04, 1.0327e-05, 7.5392e-05, 1.0717e-04, 5.4147e-05,
        5.4876e-06, 4.4881e-05, 1.3779e-05, 1.8112e-05, 5.9938e-05, 8.2340e-05,
        6.5805e-05, 8.8123e-05, 1.6057e-05, 1.0731e-04, 1.4364e-04, 3.8845e-06,
        8.7480e-05, 1.3253e-04, 1.3998e-04, 8.5872e-05, 1.1913e-05, 5.6571e-06,
        1.1442e-05, 1.2227e-04, 8.5313e-05, 1.8999e-05, 4.4157e-05, 1.3947e-05,
        9.7889e-05, 4.5181e-05, 4.9092e-05, 1.5122e-04, 7.0539e-05, 8.9679e-05,
        5.0154e-05, 1.3231e-04, 7.4779e-05, 1.4494e-05, 2.9411e-05, 1.0103e-04,
        9.3543e-05, 4.7594e-05, 3.6564e-05, 7.3306e-05, 6.9755e-06, 1.0219e-04,
        8.8775e-05, 8.7830e-05, 2.9883e-05, 1.1555e-04, 7.6425e-05, 2.5371e-05,
        8.9390e-05, 1.2918e-05, 1.0144e-04, 1.4142e-04, 1.9124e-05, 7.2047e-05,
        2.7101e-05, 8.0516e-05, 2.6439e-05, 6.3613e-05, 6.3655e-05, 1.8392e-05,
        1.3848e-04, 5.4466e-05, 1.1788e-04, 3.4486e-05, 1.6276e-05, 1.5873e-04,
        1.0205e-04, 6.9998e-05, 4.9423e-05, 9.1904e-05, 1.0792e-05, 3.9413e-06,
        9.6271e-05, 5.4247e-06, 3.9916e-05, 3.8826e-05, 1.0575e-04, 6.4022e-05,
        7.2962e-05, 5.6614e-05, 5.9290e-06, 7.0272e-05, 4.5474e-05, 2.8701e-06,
        7.1300e-05, 1.0893e-04, 3.8619e-05, 4.2360e-05, 3.2399e-05],
       grad_fn=<CatBackward>)

mean_overall=tensor(6.6924e-05, grad_fn=<MeanBackward0>)

-----------------------------------------------ITERATION10-----------------------------------------------

final_causality=[[1, 1, 1, 1, 1, 1, 1, 1, 1, 1, 1, 1, 1], [1, 1, 1, 1, 1, 1, 1, 1, 1, 1, 1, 1, 1, 1, 1, 1, 1, 1, 1, 1, 1, 1, 1, 1, 1, 1, 1, 1, 1, 1, 1, 1, 1, 1, 1, 1, 1, 1, 1, 1, 1, 1, 1, 1, 1, 1, 1, 1, 1, 1], [1, 1, 1, 1, 1, 1, 1, 1, 1, 1, 1, 1, 1, 1, 1, 1, 1, 1, 1, 1, 1, 1, 1, 1, 1, 1, 1, 1, 1, 1, 1, 1, 1, 1, 1, 1, 1, 1, 1, 1, 1, 1, 1, 1, 1, 1, 1, 1, 1, 1]]

means=tensor([2.5470e-05, 6.0281e-05, 6.1894e-05, 1.7086e-04, 1.9352e-04, 7.6570e-05,
        1.6086e-04, 1.1218e-04, 4.4806e-05, 1.3261e-04, 7.9096e-05, 4.6547e-05,
        1.0147e-04, 2.6510e-05, 5.1919e-05, 7.1287e-06, 1.8466e-04, 4.8424e-05,
        1.6886e-05, 2.4264e-04, 1.8710e-05, 1.0289e-04, 1.5061e-04, 9.1538e-05,
        1.9213e-05, 7.1659e-05, 3.9791e-06, 3.0359e-06, 2.1679e-05, 6.7872e-05,
        8.0953e-05, 1.1073e-04, 3.2141e-05, 1.4055e-04, 1.2549e-04, 3.4431e-05,
        1.4393e-04, 9.9819e-05, 1.5872e-04, 5.7861e-05, 9.8229e-07, 3.6187e-05,
        3.6465e-05, 8.1545e-05, 4.7434e-05, 1.3096e-05, 7.6852e-06, 5.9509e-05,
        5.6240e-05, 3.0901e-05, 2.0226e-05, 1.2099e-04, 3.8050e-05, 1.2704e-04,
        8.5242e-05, 9.3736e-05, 1.0409e-04, 6.6054e-06, 6.0606e-05, 7.0723e-05,
        7.3771e-05, 7.7576e-05, 5.9374e-05, 7.5934e-05, 4.1826e-06, 9.6794e-05,
        8.4159e-05, 8.5216e-05, 3.4550e-05, 1.1375e-04, 8.7189e-05, 3.2031e-05,
        9.2143e-05, 1.2520e-05, 9.0769e-05, 1.4350e-04, 1.2279e-05, 7.4393e-05,
        2.1518e-05, 8.4695e-05, 2.9040e-05, 6.4954e-05, 7.0937e-05, 2.4902e-05,
        1.5414e-04, 4.8517e-05, 1.2097e-04, 2.8217e-05, 1.5711e-05, 1.6277e-04,
        1.1598e-04, 7.5440e-05, 5.2662e-05, 9.8793e-05, 2.9427e-06, 8.0163e-06,
        9.4472e-05, 1.2811e-06, 3.4886e-05, 3.2604e-05, 1.0985e-04, 6.5677e-05,
        7.9584e-05, 5.1899e-05, 1.0049e-05, 7.8595e-05, 4.3948e-05, 6.1952e-06,
        7.6164e-05, 1.0176e-04, 4.4005e-05, 3.6291e-05, 2.7005e-05],
       grad_fn=<CatBackward>)

mean_overall=tensor(6.9045e-05, grad_fn=<MeanBackward0>)

-----------------------------------------------ITERATION20-----------------------------------------------

final_causality=[[1, 1, 1, 1, 1, 1, 1, 1, 1, 1, 1, 1, 1], [1, 1, 1, 1, 1, 1, 1, 1, 1, 1, 1, 1, 1, 1, 1, 1, 1, 1, 1, 1, 1, 1, 1, 1, 1, 1, 1, 1, 1, 1, 1, 1, 1, 1, 1, 1, 1, 1, 1, 1, 1, 1, 1, 1, 1, 1, 1, 1, 1, 1], [1, 1, 1, 1, 1, 1, 1, 1, 1, 1, 1, 1, 1, 1, 1, 1, 1, 1, 1, 1, 1, 1, 1, 1, 1, 1, 1, 1, 1, 1, 1, 1, 1, 1, 1, 1, 1, 1, 1, 1, 1, 1, 1, 1, 1, 1, 1, 1, 1, 1]]

means=tensor([1.9133e-05, 1.0055e-04, 3.7388e-05, 2.5143e-04, 1.6668e-04, 3.7014e-05,
        1.9008e-04, 1.9817e-04, 4.4027e-05, 1.3693e-04, 3.0983e-06, 5.1295e-05,
        1.2943e-04, 1.2851e-05, 6.4804e-05, 2.8049e-05, 1.5527e-04, 7.4913e-05,
        3.6250e-06, 2.7351e-04, 4.2330e-05, 1.2580e-04, 1.8817e-04, 1.2157e-04,
        3.2708e-05, 9.5129e-05, 1.7649e-05, 2.1328e-05, 9.4452e-06, 5.5419e-05,
        9.4349e-05, 1.2859e-04, 4.6646e-05, 1.6932e-04, 1.0859e-04, 6.0153e-05,
        1.8970e-04, 7.1940e-05, 1.7331e-04, 3.2842e-05, 1.0924e-05, 6.2807e-05,
        5.7413e-05, 4.6243e-05, 1.4542e-05, 3.9402e-05, 2.5515e-05, 9.8594e-05,
        1.9892e-05, 1.6916e-05, 5.3010e-06, 9.3406e-05, 9.7065e-06, 1.6094e-04,
        1.1331e-04, 5.8611e-05, 1.2813e-04, 2.4127e-05, 8.4960e-05, 4.2637e-05,
        5.5860e-05, 1.0269e-04, 7.7590e-05, 7.6818e-05, 1.9209e-06, 9.2133e-05,
        7.9557e-05, 8.3286e-05, 3.8500e-05, 1.1094e-04, 9.7922e-05, 3.7945e-05,
        9.3351e-05, 1.2276e-05, 8.2125e-05, 1.4370e-04, 6.8564e-06, 7.4925e-05,
        1.6933e-05, 8.8180e-05, 3.1046e-05, 6.3754e-05, 7.7662e-05, 3.1075e-05,
        1.6784e-04, 4.3379e-05, 1.2485e-04, 2.2863e-05, 1.5067e-05, 1.6786e-04,
        1.2751e-04, 7.9349e-05, 5.5147e-05, 1.0426e-04, 3.8031e-06, 1.2106e-05,
        9.3018e-05, 2.1669e-06, 3.0560e-05, 2.7140e-05, 1.1364e-04, 6.6289e-05,
        8.4588e-05, 4.8910e-05, 1.3429e-05, 8.5639e-05, 4.2952e-05, 8.6965e-06,
        7.8769e-05, 9.2917e-05, 4.8524e-05, 3.0759e-05, 2.2266e-05],
       grad_fn=<CatBackward>)

mean_overall=tensor(7.3168e-05, grad_fn=<MeanBackward0>)

-----------------------------------------------ITERATION30-----------------------------------------------

final_causality=[[1, 1, 1, 1, 1, 1, 1, 1, 1, 1, 1, 1, 1], [1, 1, 1, 1, 1, 1, 1, 1, 1, 1, 1, 1, 1, 1, 1, 1, 1, 1, 1, 1, 1, 1, 1, 1, 1, 1, 1, 1, 1, 1, 1, 1, 1, 1, 1, 1, 1, 1, 1, 1, 1, 1, 1, 1, 1, 1, 1, 1, 1, 1], [1, 1, 1, 1, 1, 1, 1, 1, 1, 1, 1, 1, 1, 1, 1, 1, 1, 1, 1, 1, 1, 1, 1, 1, 1, 1, 1, 1, 1, 1, 1, 1, 1, 1, 1, 1, 1, 1, 1, 1, 1, 1, 1, 1, 1, 1, 1, 1, 1, 1]]

means=tensor([1.5970e-05, 1.3202e-04, 2.7814e-05, 3.1631e-04, 1.4214e-04, 4.3268e-06,
        2.1695e-04, 2.5914e-04, 5.2638e-05, 1.4781e-04, 6.0077e-05, 5.3612e-05,
        1.4939e-04, 3.9504e-06, 7.4116e-05, 4.3007e-05, 1.3381e-04, 9.3736e-05,
        1.5815e-05, 2.9380e-04, 5.6773e-05, 1.4100e-04, 2.1378e-04, 1.3998e-04,
        4.3184e-05, 1.1146e-04, 2.6790e-05, 3.4400e-05, 2.9357e-05, 4.6816e-05,
        1.0484e-04, 1.3913e-04, 5.6859e-05, 1.8895e-04, 9.6599e-05, 7.7148e-05,
        2.1799e-04, 5.3201e-05, 1.8192e-04, 1.5617e-05, 1.7434e-05, 8.0980e-05,
        7.0861e-05, 2.2735e-05, 6.2282e-06, 5.6080e-05, 4.9614e-05, 1.2396e-04,
        2.4012e-06, 6.6664e-06, 2.6223e-05, 7.4211e-05, 9.2831e-06, 1.8540e-04,
        1.3022e-04, 3.4061e-05, 1.4339e-04, 3.6419e-05, 9.9065e-05, 2.2897e-05,
        4.3395e-05, 1.1915e-04, 8.8626e-05, 7.6376e-05, 5.0412e-07, 8.9391e-05,
        7.6220e-05, 8.1640e-05, 4.0912e-05, 1.0859e-04, 1.0562e-04, 4.2260e-05,
        9.3818e-05, 1.1975e-05, 7.7312e-05, 1.4380e-04, 3.4738e-06, 7.3513e-05,
        1.4033e-05, 9.1430e-05, 3.3162e-05, 6.0979e-05, 8.2326e-05, 3.5534e-05,
        1.7874e-04, 3.9896e-05, 1.2621e-04, 1.9212e-05, 1.4658e-05, 1.7286e-04,
        1.3655e-04, 8.2038e-05, 5.6549e-05, 1.0755e-04, 8.4410e-06, 1.5133e-05,
        9.2599e-05, 4.4605e-06, 2.8161e-05, 2.3462e-05, 1.1540e-04, 6.7067e-05,
        8.7753e-05, 4.6384e-05, 1.5559e-05, 9.0082e-05, 4.3027e-05, 1.0303e-05,
        7.8883e-05, 8.5043e-05, 5.1235e-05, 2.6871e-05, 1.9282e-05],
       grad_fn=<CatBackward>)

mean_overall=tensor(7.8299e-05, grad_fn=<MeanBackward0>)

-----------------------------------------------ITERATION40-----------------------------------------------

final_causality=[[1, 1, 1, 1, 1, 1, 1, 1, 1, 1, 1, 1, 1], [1, 1, 1, 1, 1, 1, 1, 1, 1, 1, 1, 1, 1, 1, 1, 1, 1, 1, 1, 1, 1, 1, 1, 1, 1, 1, 1, 1, 1, 1, 1, 1, 1, 1, 1, 1, 1, 1, 1, 1, 1, 1, 1, 1, 1, 1, 1, 1, 1, 1], [1, 1, 1, 1, 1, 1, 1, 1, 1, 1, 1, 1, 1, 1, 1, 1, 1, 1, 1, 1, 1, 1, 1, 1, 1, 1, 1, 1, 1, 1, 1, 1, 1, 1, 1, 1, 1, 1, 1, 1, 1, 1, 1, 1, 1, 1, 1, 1, 1, 1]]

means=tensor([1.6145e-05, 1.3946e-04, 3.1646e-05, 3.5414e-04, 1.2816e-04, 1.4005e-05,
        2.3260e-04, 2.7800e-04, 6.5228e-05, 1.5988e-04, 8.1639e-05, 5.4399e-05,
        1.5680e-04, 5.4420e-07, 7.8392e-05, 4.9814e-05, 1.2535e-04, 1.0181e-04,
        2.0813e-05, 3.0145e-04, 6.1408e-05, 1.4732e-04, 2.2455e-04, 1.4582e-04,
        4.8192e-05, 1.1876e-04, 3.0165e-05, 4.0009e-05, 3.6879e-05, 4.3433e-05,
        1.1032e-04, 1.4171e-04, 6.3088e-05, 1.9709e-04, 9.1847e-05, 8.2946e-05,
        2.2739e-04, 4.5429e-05, 1.8422e-04, 9.1097e-06, 1.9632e-05, 8.8633e-05,
        7.5450e-05, 1.4189e-05, 1.4510e-05, 6.1395e-05, 5.9893e-05, 1.3186e-04,
        1.0476e-05, 2.4627e-06, 3.4321e-05, 6.6612e-05, 1.7607e-05, 1.9662e-04,
        1.3488e-04, 2.4436e-05, 1.4872e-04, 4.1950e-05, 1.0281e-04, 1.5319e-05,
        3.8353e-05, 1.2569e-04, 9.1705e-05, 7.4906e-05, 4.1531e-08, 9.0007e-05,
        7.4996e-05, 8.0485e-05, 4.1474e-05, 1.0841e-04, 1.0982e-04, 4.4362e-05,
        9.4135e-05, 1.1827e-05, 7.6338e-05, 1.4476e-04, 2.1717e-06, 7.1055e-05,
        1.2854e-05, 9.2378e-05, 3.4381e-05, 5.8814e-05, 8.3986e-05, 3.7220e-05,
        1.8569e-04, 3.8823e-05, 1.2553e-04, 1.7717e-05, 1.4527e-05, 1.7970e-04,
        1.4217e-04, 8.3465e-05, 5.7022e-05, 1.0841e-04, 1.0346e-05, 1.6289e-05,
        9.3051e-05, 5.3884e-06, 2.7452e-05, 2.1961e-05, 1.1468e-04, 6.8168e-05,
        8.9145e-05, 4.5134e-05, 1.6400e-05, 9.1440e-05, 4.3674e-05, 1.0961e-05,
        7.7927e-05, 7.9553e-05, 5.1489e-05, 2.5261e-05, 1.8217e-05],
       grad_fn=<CatBackward>)

mean_overall=tensor(8.1075e-05, grad_fn=<MeanBackward0>)

-----------------------------------------------ITERATION50-----------------------------------------------

final_causality=[[1, 1, 1, 1, 1, 1, 1, 1, 1, 1, 1, 1, 1], [1, 1, 1, 1, 1, 1, 1, 1, 1, 1, 1, 1, 1, 1, 1, 1, 1, 1, 1, 1, 1, 1, 1, 1, 1, 1, 1, 1, 1, 1, 1, 1, 1, 1, 1, 1, 1, 1, 1, 1, 1, 1, 1, 1, 1, 1, 1, 1, 1, 1], [1, 1, 1, 1, 1, 1, 1, 1, 1, 1, 1, 1, 1, 1, 1, 1, 1, 1, 1, 1, 1, 1, 1, 1, 1, 1, 1, 1, 1, 1, 1, 1, 1, 1, 1, 1, 1, 1, 1, 1, 1, 1, 1, 1, 1, 1, 1, 1, 1, 1]]

means=tensor([1.8384e-05, 1.2427e-04, 4.2294e-05, 3.6723e-04, 1.2584e-04, 1.1202e-05,
        2.3532e-04, 2.6205e-04, 7.6348e-05, 1.6864e-04, 7.2064e-05, 5.4719e-05,
        1.5372e-04, 1.1958e-06, 7.8606e-05, 4.9935e-05, 1.2749e-04, 1.0143e-04,
        2.0336e-05, 2.9971e-04, 5.9458e-05, 1.4720e-04, 2.2415e-04, 1.4297e-04,
        4.8402e-05, 1.1914e-04, 2.9340e-05, 3.9439e-05, 3.5013e-05, 4.4117e-05,
        1.1096e-04, 1.3875e-04, 6.3639e-05, 1.9654e-04, 9.2850e-05, 8.0535e-05,
        2.2378e-04, 4.5752e-05, 1.8213e-04, 1.0978e-05, 1.8721e-05, 8.8379e-05,
        7.3667e-05, 1.6962e-05, 1.3390e-05, 5.8751e-05, 5.9541e-05, 1.2687e-04,
        9.7863e-06, 3.1508e-06, 3.2778e-05, 6.8000e-05, 1.6553e-05, 1.9732e-04,
        1.3109e-04, 2.6539e-05, 1.4698e-04, 4.2169e-05, 9.9781e-05, 1.7354e-05,
        3.9002e-05, 1.2504e-04, 8.9196e-05, 7.2814e-05, 1.1963e-08, 9.1232e-05,
        7.5416e-05, 8.0126e-05, 4.0806e-05, 1.1018e-04, 1.1110e-04, 4.4648e-05,
        9.4443e-05, 1.1870e-05, 7.7587e-05, 1.4639e-04, 2.3188e-06, 6.8633e-05,
        1.2831e-05, 9.1809e-05, 3.4811e-05, 5.7975e-05, 8.3469e-05, 3.6690e-05,
        1.8918e-04, 4.0742e-05, 1.2393e-04, 1.7808e-05, 1.4847e-05, 1.8439e-04,
        1.4468e-04, 8.3712e-05, 5.6979e-05, 1.0757e-04, 1.0152e-05, 1.5961e-05,
        9.3946e-05, 5.3024e-06, 2.7817e-05, 2.1893e-05, 1.1238e-04, 6.9091e-05,
        8.9266e-05, 4.5037e-05, 1.6378e-05, 9.0700e-05, 4.4459e-05, 1.0929e-05,
        7.7007e-05, 7.6343e-05, 4.9945e-05, 2.5389e-05, 1.8499e-05],
       grad_fn=<CatBackward>)

mean_overall=tensor(8.0854e-05, grad_fn=<MeanBackward0>)

-----------------------------------------------ITERATION60-----------------------------------------------

final_causality=[[1, 1, 1, 1, 1, 1, 1, 1, 1, 1, 1, 1, 1], [1, 1, 1, 1, 1, 1, 1, 1, 1, 1, 1, 1, 1, 1, 1, 1, 1, 1, 1, 1, 1, 1, 1, 1, 1, 1, 1, 1, 1, 1, 1, 1, 1, 1, 1, 1, 1, 1, 1, 1, 1, 1, 1, 1, 1, 1, 1, 1, 1, 1], [1, 1, 1, 1, 1, 1, 1, 1, 1, 1, 1, 1, 1, 1, 1, 1, 1, 1, 1, 1, 1, 1, 1, 1, 1, 1, 1, 1, 1, 1, 1, 1, 1, 1, 1, 1, 1, 1, 1, 1, 1, 1, 1, 1, 1, 1, 1, 1, 1, 1]]

means=tensor([2.1301e-05, 1.0298e-04, 5.5452e-05, 3.7238e-04, 1.2701e-04, 3.4826e-06,
        2.3431e-04, 2.3605e-04, 8.7324e-05, 1.7665e-04, 5.2988e-05, 5.4781e-05,
        1.4747e-04, 3.1681e-06, 7.7522e-05, 4.7788e-05, 1.3326e-04, 9.8252e-05,
        1.8057e-05, 2.9492e-04, 5.5344e-05, 1.4503e-04, 2.2008e-04, 1.3725e-04,
        4.7056e-05, 1.1726e-04, 2.7174e-05, 3.6867e-05, 3.0018e-05, 4.6154e-05,
        1.1006e-04, 1.3395e-04, 6.2352e-05, 1.9318e-04, 9.5755e-05, 7.5489e-05,
        2.1584e-04, 4.8668e-05, 1.7856e-04, 1.5614e-05, 1.6833e-05, 8.5493e-05,
        6.9813e-05, 2.3530e-05, 9.1582e-06, 5.3588e-05, 5.5660e-05, 1.1780e-04,
        6.2340e-06, 5.4664e-06, 2.8022e-05, 7.2416e-05, 1.2402e-05, 1.9462e-04,
        1.2457e-04, 3.2536e-05, 1.4293e-04, 4.0601e-05, 9.4522e-05, 2.2606e-05,
        4.1520e-05, 1.2197e-04, 8.4876e-05, 7.0919e-05, 2.6762e-07, 9.2720e-05,
        7.6339e-05, 8.0033e-05, 3.9794e-05, 1.1251e-04, 1.1130e-04, 4.4325e-05,
        9.4711e-05, 1.1977e-05, 7.9847e-05, 1.4832e-04, 2.9596e-06, 6.6192e-05,
        1.3184e-05, 9.0756e-05, 3.4964e-05, 5.7456e-05, 8.2343e-05, 3.5499e-05,
        1.9158e-04, 4.3205e-05, 1.2202e-04, 1.8431e-05, 1.5367e-05, 1.8852e-04,
        1.4629e-04, 8.3525e-05, 5.6744e-05, 1.0621e-04, 9.2586e-06, 1.5200e-05,
        9.5084e-05, 4.8650e-06, 2.8567e-05, 2.2311e-05, 1.0966e-04, 6.9864e-05,
        8.8904e-05, 4.5318e-05, 1.6031e-05, 8.9298e-05, 4.5350e-05, 1.0630e-05,
        7.6031e-05, 7.3776e-05, 4.7860e-05, 2.6109e-05, 1.9241e-05],
       grad_fn=<CatBackward>)

mean_overall=tensor(7.9696e-05, grad_fn=<MeanBackward0>)

-----------------------------------------------ITERATION70-----------------------------------------------

final_causality=[[1, 1, 1, 1, 1, 1, 1, 1, 1, 1, 1, 1, 1], [1, 1, 1, 1, 1, 1, 1, 1, 1, 1, 1, 1, 1, 1, 1, 1, 1, 1, 1, 1, 1, 1, 1, 1, 1, 1, 1, 1, 1, 1, 1, 1, 1, 1, 1, 1, 1, 1, 1, 1, 1, 1, 1, 1, 1, 1, 1, 1, 1, 1], [1, 1, 1, 1, 1, 1, 1, 1, 1, 1, 1, 1, 1, 1, 1, 1, 1, 1, 1, 1, 1, 1, 1, 1, 1, 1, 1, 1, 1, 1, 1, 1, 1, 1, 1, 1, 1, 1, 1, 1, 1, 1, 1, 1, 1, 1, 1, 1, 1, 1]]

means=tensor([2.4086e-05, 8.5985e-05, 6.9092e-05, 3.8378e-04, 1.2505e-04, 4.9894e-06,
        2.3718e-04, 2.1625e-04, 1.0059e-04, 1.8708e-04, 3.9816e-05, 5.4787e-05,
        1.4321e-04, 4.4961e-06, 7.7290e-05, 4.6918e-05, 1.3742e-04, 9.6628e-05,
        1.6714e-05, 2.9175e-04, 5.2132e-05, 1.4408e-04, 2.1807e-04, 1.3281e-04,
        4.6733e-05, 1.1668e-04, 2.5665e-05, 3.5681e-05, 2.6450e-05, 4.7548e-05,
        1.1018e-04, 1.2987e-04, 6.2336e-05, 1.9141e-04, 9.7747e-05, 7.1739e-05,
        2.0972e-04, 5.0228e-05, 1.7561e-04, 1.8918e-05, 1.5422e-05, 8.4025e-05,
        6.6938e-05, 2.8438e-05, 6.4603e-06, 4.9618e-05, 5.3688e-05, 1.1078e-04,
        4.1959e-06, 6.9664e-06, 2.4744e-05, 7.5448e-05, 9.8021e-06, 1.9406e-04,
        1.1924e-04, 3.6634e-05, 1.3997e-04, 4.0037e-05, 9.0120e-05, 2.6350e-05,
        4.3114e-05, 1.2010e-04, 8.1377e-05, 6.9657e-05, 4.3861e-07, 9.4352e-05,
        7.7011e-05, 7.9730e-05, 3.8971e-05, 1.1459e-04, 1.1205e-04, 4.4374e-05,
        9.4992e-05, 1.2041e-05, 8.2102e-05, 1.5037e-04, 3.4034e-06, 6.3372e-05,
        1.3359e-05, 8.9913e-05, 3.5333e-05, 5.6370e-05, 8.1720e-05, 3.4755e-05,
        1.9501e-04, 4.5790e-05, 1.2005e-04, 1.8825e-05, 1.5850e-05, 1.9371e-04,
        1.4888e-04, 8.3586e-05, 5.6594e-05, 1.0510e-04, 8.7036e-06, 1.4723e-05,
        9.6385e-05, 4.5785e-06, 2.9248e-05, 2.2542e-05, 1.0712e-04, 7.0713e-05,
        8.8768e-05, 4.5356e-05, 1.5814e-05, 8.8226e-05, 4.6633e-05, 1.0437e-05,
        7.4777e-05, 7.2062e-05, 4.6268e-05, 2.6571e-05, 1.9807e-05],
       grad_fn=<CatBackward>)

mean_overall=tensor(7.9250e-05, grad_fn=<MeanBackward0>)

-----------------------------------------------ITERATION80-----------------------------------------------

final_causality=[[1, 1, 1, 1, 1, 1, 1, 1, 1, 1, 1, 1, 1], [1, 1, 1, 1, 1, 1, 1, 1, 1, 1, 1, 1, 1, 1, 1, 1, 1, 1, 1, 1, 1, 1, 1, 1, 1, 1, 1, 1, 1, 1, 1, 1, 1, 1, 1, 1, 1, 1, 1, 1, 1, 1, 1, 1, 1, 1, 1, 1, 1, 1], [1, 1, 1, 1, 1, 1, 1, 1, 1, 1, 1, 1, 1, 1, 1, 1, 1, 1, 1, 1, 1, 1, 1, 1, 1, 1, 1, 1, 1, 1, 1, 1, 1, 1, 1, 1, 1, 1, 1, 1, 1, 1, 1, 1, 1, 1, 1, 1, 1, 1]]

means=tensor([2.6599e-05, 7.4133e-05, 8.2722e-05, 4.0459e-04, 1.1884e-04, 3.8200e-06,
        2.4513e-04, 2.0489e-04, 1.1655e-04, 2.0046e-04, 3.4959e-05, 5.4907e-05,
        1.4176e-04, 4.7723e-06, 7.8369e-05, 4.8119e-05, 1.3880e-04, 9.7508e-05,
        1.6908e-05, 2.9117e-04, 5.0526e-05, 1.4505e-04, 2.1939e-04, 1.3056e-04,
        4.7969e-05, 1.1822e-04, 2.5225e-05, 3.6580e-05, 2.5292e-05, 4.7875e-05,
        1.1187e-04, 1.2703e-04, 6.4240e-05, 1.9217e-04, 9.8256e-05, 7.0098e-05,
        2.0684e-04, 4.9614e-05, 1.7375e-04, 2.0055e-05, 1.4767e-05, 8.4894e-05,
        6.5712e-05, 3.0524e-05, 6.3085e-06, 4.7616e-05, 5.4875e-05, 1.0704e-04,
        4.5957e-06, 7.1356e-06, 2.3967e-05, 7.6130e-05, 9.7530e-06, 1.9685e-04,
        1.1589e-04, 3.7622e-05, 1.3886e-04, 4.1112e-05, 8.7271e-05, 2.7590e-05,
        4.3199e-05, 1.2028e-04, 7.9249e-05, 6.8719e-05, 4.5617e-07, 9.6048e-05,
        7.7296e-05, 7.9756e-05, 3.8403e-05, 1.1633e-04, 1.1384e-04, 4.5027e-05,
        9.5362e-05, 1.2048e-05, 8.3912e-05, 1.5250e-04, 3.4853e-06, 6.0092e-05,
        1.3245e-05, 8.9420e-05, 3.6184e-05, 5.4638e-05, 8.1765e-05, 3.4634e-05,
        2.0002e-04, 4.8398e-05, 1.1859e-04, 1.8815e-05, 1.6233e-05, 2.0031e-04,
        1.5283e-04, 8.4091e-05, 5.6623e-05, 1.0437e-04, 8.7087e-06, 1.4643e-05,
        9.7766e-05, 4.5606e-06, 2.9777e-05, 2.2387e-05, 1.0474e-04, 7.1803e-05,
        8.9102e-05, 4.5573e-05, 1.5870e-05, 8.7678e-05, 4.8553e-05, 1.0461e-05,
        7.3271e-05, 7.0827e-05, 4.6525e-05, 2.6578e-05, 2.0054e-05],
       grad_fn=<CatBackward>)

mean_overall=tensor(7.9727e-05, grad_fn=<MeanBackward0>)

-----------------------------------------------ITERATION90-----------------------------------------------

final_causality=[[1, 1, 1, 1, 1, 1, 1, 1, 1, 1, 1, 1, 1], [1, 1, 1, 1, 1, 1, 1, 1, 1, 1, 1, 1, 1, 1, 1, 1, 1, 1, 1, 1, 1, 1, 1, 1, 1, 1, 1, 1, 1, 1, 1, 1, 1, 1, 1, 1, 1, 1, 1, 1, 1, 1, 1, 1, 1, 1, 1, 1, 1, 1], [1, 1, 1, 1, 1, 1, 1, 1, 1, 1, 1, 1, 1, 1, 1, 1, 1, 1, 1, 1, 1, 1, 1, 1, 1, 1, 1, 1, 1, 1, 1, 1, 1, 1, 1, 1, 1, 1, 1, 1, 1, 1, 1, 1, 1, 1, 1, 1, 1, 1]]

means=tensor([2.9060e-05, 6.4092e-05, 9.6820e-05, 4.3048e-04, 1.1039e-04, 3.9477e-06,
        2.5576e-04, 1.9690e-04, 1.3433e-04, 2.1570e-04, 3.3725e-05, 5.5097e-05,
        1.4152e-04, 4.5669e-06, 8.0113e-05, 5.0358e-05, 1.3888e-04, 9.9592e-05,
        1.7846e-05, 2.9180e-04, 4.9655e-05, 1.4694e-04, 2.2236e-04, 1.2927e-04,
        4.9989e-05, 1.2082e-04, 2.5421e-05, 3.8431e-05, 2.5234e-05, 4.7742e-05,
        1.1435e-04, 1.2467e-04, 6.7130e-05, 1.9414e-04, 9.8090e-05, 6.9405e-05,
        2.0540e-04, 4.7981e-05, 1.7235e-04, 2.0213e-05, 1.4447e-05, 8.6905e-05,
        6.5775e-05, 3.1353e-05, 7.3511e-06, 4.6498e-05, 5.7653e-05, 1.0475e-04,
        6.1530e-06, 6.6820e-06, 2.4339e-05, 7.5720e-05, 1.0903e-05, 2.0132e-04,
        1.1344e-04, 3.7177e-05, 1.3858e-04, 4.3027e-05, 8.5087e-05, 2.7694e-05,
        4.2587e-05, 1.2144e-04, 7.7719e-05, 7.0777e-05, 4.0079e-07, 9.7865e-05,
        7.7411e-05, 7.9672e-05, 3.7912e-05, 1.1797e-04, 1.1627e-04, 4.5990e-05,
        9.5817e-05, 1.2031e-05, 8.5538e-05, 1.5472e-04, 3.3947e-06, 5.6476e-05,
        1.3000e-05, 8.9064e-05, 3.7321e-05, 5.3045e-05, 8.2075e-05, 3.4773e-05,
        2.0594e-04, 5.1070e-05, 1.1720e-04, 1.8610e-05, 1.6567e-05, 2.0776e-04,
        1.5752e-04, 8.4862e-05, 5.6743e-05, 1.0379e-04, 8.9780e-06, 1.4729e-05,
        9.9184e-05, 4.6743e-06, 3.0222e-05, 2.2041e-05, 1.0247e-04, 7.3100e-05,
        8.9716e-05, 4.5880e-05, 1.6067e-05, 8.7339e-05, 5.0738e-05, 1.0603e-05,
        7.1618e-05, 6.9536e-05, 4.7044e-05, 2.6366e-05, 2.0159e-05],
       grad_fn=<CatBackward>)

mean_overall=tensor(8.0701e-05, grad_fn=<MeanBackward0>)

-----------------------------------------------ITERATION100-----------------------------------------------

final_causality=[[1, 1, 1, 1, 1, 1, 1, 1, 1, 1, 1, 1, 1], [1, 1, 1, 1, 1, 1, 1, 1, 1, 1, 1, 1, 1, 1, 1, 1, 1, 1, 1, 1, 1, 1, 1, 1, 1, 1, 1, 1, 1, 1, 1, 1, 1, 1, 1, 1, 1, 1, 1, 1, 1, 1, 1, 1, 1, 1, 1, 1, 1, 1], [1, 1, 1, 1, 1, 1, 1, 1, 1, 1, 1, 1, 1, 1, 1, 1, 1, 1, 1, 1, 1, 1, 1, 1, 1, 1, 1, 1, 1, 1, 1, 1, 1, 1, 1, 1, 1, 1, 1, 1, 1, 1, 1, 1, 1, 1, 1, 1, 1, 1]]

means=tensor([3.1644e-05, 5.2963e-05, 1.1168e-04, 4.5643e-04, 1.0191e-04, 7.0380e-06,
        2.6651e-04, 1.8751e-04, 1.5277e-04, 2.3145e-04, 3.1440e-05, 5.5275e-05,
        1.4093e-04, 4.4844e-06, 8.1818e-05, 5.2473e-05, 1.3931e-04, 1.0147e-04,
        1.8663e-05, 2.9216e-04, 4.8601e-05, 1.4871e-04, 2.2511e-04, 1.2769e-04,
        5.1938e-05, 1.2330e-04, 2.6262e-05, 4.0194e-05, 2.4885e-05, 4.7845e-05,
        1.1679e-04, 1.2206e-04, 6.9971e-05, 1.9590e-04, 9.8110e-05, 6.8461e-05,
        2.0352e-04, 4.6545e-05, 1.7076e-04, 2.0655e-05, 1.4045e-05, 8.8767e-05,
        6.5633e-05, 3.2599e-05, 8.1374e-06, 4.5170e-05, 6.0272e-05, 1.0208e-04,
        7.5025e-06, 6.3646e-06, 2.4424e-05, 7.5587e-05, 1.1806e-05, 2.0565e-04,
        1.1237e-04, 3.7095e-05, 1.3807e-04, 4.4887e-05, 8.2663e-05, 2.8126e-05,
        4.2135e-05, 1.2243e-04, 7.5999e-05, 7.3182e-05, 3.6199e-07, 9.9816e-05,
        7.7573e-05, 7.9611e-05, 3.7362e-05, 1.1975e-04, 1.1874e-04, 4.6925e-05,
        9.6298e-05, 1.2020e-05, 8.7296e-05, 1.5704e-04, 3.3455e-06, 5.2721e-05,
        1.2785e-05, 8.8900e-05, 3.8492e-05, 5.4673e-05, 8.2307e-05, 3.4837e-05,
        2.1198e-04, 5.3867e-05, 1.1568e-04, 1.8445e-05, 1.6929e-05, 2.1542e-04,
        1.6254e-04, 8.5644e-05, 5.6845e-05, 1.0313e-04, 9.1921e-06, 1.4769e-05,
        1.0063e-04, 4.7654e-06, 3.0725e-05, 2.1735e-05, 1.0027e-04, 7.4467e-05,
        9.0338e-05, 4.6235e-05, 1.6246e-05, 8.6911e-05, 5.2975e-05, 1.0732e-05,
        6.9924e-05, 6.8201e-05, 4.8562e-05, 2.6200e-05, 2.0312e-05],
       grad_fn=<CatBackward>)

mean_overall=tensor(8.1723e-05, grad_fn=<MeanBackward0>)

-----------------------------------------------ITERATION110-----------------------------------------------

final_causality=[[1, 1, 1, 1, 1, 1, 1, 1, 1, 1, 1, 1, 1], [1, 1, 1, 1, 1, 1, 1, 1, 1, 1, 1, 1, 1, 1, 1, 1, 1, 1, 1, 1, 1, 1, 1, 1, 1, 1, 1, 1, 1, 1, 1, 1, 1, 1, 1, 1, 1, 1, 1, 1, 1, 1, 1, 1, 1, 1, 1, 1, 1, 1], [1, 1, 1, 1, 1, 1, 1, 1, 1, 1, 1, 1, 1, 1, 1, 1, 1, 1, 1, 1, 1, 1, 1, 1, 1, 1, 1, 1, 1, 1, 1, 1, 1, 1, 1, 1, 1, 1, 1, 1, 1, 1, 1, 1, 1, 1, 1, 1, 1, 1]]

means=tensor([3.4359e-05, 4.0116e-05, 1.2717e-04, 4.8076e-04, 9.4120e-05, 9.0358e-06,
        2.7654e-04, 1.7561e-04, 1.7128e-04, 2.4713e-04, 2.6859e-05, 5.5424e-05,
        1.3960e-04, 4.6855e-06, 8.3282e-05, 5.4118e-05, 1.4055e-04, 1.0276e-04,
        1.9113e-05, 2.9185e-04, 4.7153e-05, 1.5008e-04, 2.2713e-04, 1.2552e-04,
        5.3564e-05, 1.2535e-04, 2.6803e-05, 4.1552e-05, 2.3885e-05, 4.8569e-05,
        1.1894e-04, 1.2021e-04, 7.2448e-05, 1.9707e-04, 9.8546e-05, 6.6970e-05,
        2.0072e-04, 4.5626e-05, 1.6985e-04, 2.1720e-05, 1.3614e-05, 9.0123e-05,
        6.5014e-05, 3.4709e-05, 8.2760e-06, 4.3380e-05, 6.2230e-05, 9.8588e-05,
        8.2734e-06, 6.3914e-06, 2.3851e-05, 7.6106e-05, 1.2074e-05, 2.0932e-04,
        1.1071e-04, 3.7865e-05, 1.3705e-04, 4.6435e-05, 7.9805e-05, 2.9285e-05,
        4.2074e-05, 1.2293e-04, 7.3907e-05, 7.5480e-05, 3.6429e-07, 1.0180e-04,
        7.7833e-05, 7.9608e-05, 3.6739e-05, 1.2170e-04, 1.2104e-04, 4.7726e-05,
        9.6770e-05, 1.2022e-05, 8.9272e-05, 1.5946e-04, 3.3980e-06, 4.8931e-05,
        1.2637e-05, 8.8812e-05, 3.9633e-05, 5.6382e-05, 8.2400e-05, 3.4749e-05,
        2.1785e-04, 5.6796e-05, 1.1403e-04, 1.8383e-05, 1.7350e-05, 2.2306e-04,
        1.6860e-04, 8.6337e-05, 5.6900e-05, 1.0233e-04, 9.2623e-06, 1.4716e-05,
        1.0209e-04, 4.7890e-06, 3.1317e-05, 2.1534e-05, 9.7932e-05, 7.5825e-05,
        9.0871e-05, 4.6689e-05, 1.6358e-05, 8.6337e-05, 5.5192e-05, 1.0805e-05,
        6.8243e-05, 6.6829e-05, 5.1365e-05, 2.6153e-05, 2.0563e-05],
       grad_fn=<CatBackward>)

mean_overall=tensor(8.2596e-05, grad_fn=<MeanBackward0>)

-----------------------------------------------ITERATION120-----------------------------------------------

final_causality=[[1, 1, 1, 1, 1, 1, 1, 1, 1, 1, 1, 1, 1], [1, 1, 1, 1, 1, 1, 1, 1, 1, 1, 1, 1, 1, 1, 1, 1, 1, 1, 1, 1, 1, 1, 1, 1, 1, 1, 1, 1, 1, 1, 1, 1, 1, 1, 1, 1, 1, 1, 1, 1, 1, 1, 1, 1, 1, 1, 1, 1, 1, 1], [1, 1, 1, 1, 1, 1, 1, 1, 1, 1, 1, 1, 1, 1, 1, 1, 1, 1, 1, 1, 1, 1, 1, 1, 1, 1, 1, 1, 1, 1, 1, 1, 1, 1, 1, 1, 1, 1, 1, 1, 1, 1, 1, 1, 1, 1, 1, 1, 1, 1]]

means=tensor([3.7147e-05, 2.6367e-05, 1.4312e-04, 5.0465e-04, 8.6489e-05, 1.0621e-05,
        2.8645e-04, 1.6252e-04, 1.9007e-04, 2.6299e-04, 2.1203e-05, 5.5566e-05,
        1.3792e-04, 5.0112e-06, 8.4685e-05, 5.5590e-05, 1.4217e-04, 1.0380e-04,
        1.9423e-05, 2.9449e-04, 4.5564e-05, 1.5132e-04, 2.2890e-04, 1.2310e-04,
        5.5080e-05, 1.2725e-04, 2.7216e-05, 4.2773e-05, 2.2606e-05, 4.9644e-05,
        1.2100e-04, 1.1973e-04, 7.4817e-05, 1.9800e-04, 9.9174e-05, 6.5258e-05,
        1.9752e-04, 4.4909e-05, 1.6895e-04, 2.3075e-05, 1.3293e-05, 9.1307e-05,
        6.4197e-05, 3.7242e-05, 8.1446e-06, 4.1431e-05, 6.3979e-05, 9.4792e-05,
        8.8185e-06, 6.5648e-06, 2.3001e-05, 7.6919e-05, 1.2083e-05, 2.1279e-04,
        1.0880e-04, 3.9021e-05, 1.3581e-04, 4.7903e-05, 7.6775e-05, 3.0787e-05,
        4.2179e-05, 1.2325e-04, 7.1669e-05, 7.7752e-05, 3.8436e-07, 1.0382e-04,
        7.8134e-05, 7.9628e-05, 3.6084e-05, 1.2375e-04, 1.2333e-04, 4.8476e-05,
        9.7244e-05, 1.2030e-05, 9.1372e-05, 1.6195e-04, 3.4959e-06, 4.5084e-05,
        1.2514e-05, 8.8694e-05, 4.0778e-05, 5.8146e-05, 8.2443e-05, 3.4598e-05,
        2.2372e-04, 5.9829e-05, 1.1229e-04, 1.8361e-05, 1.7808e-05, 2.3149e-04,
        1.7474e-04, 8.7005e-05, 5.6935e-05, 1.0146e-04, 9.2706e-06, 1.4627e-05,
        1.0356e-04, 4.7851e-06, 3.1960e-05, 2.1379e-05, 9.5493e-05, 7.7203e-05,
        9.1383e-05, 4.7188e-05, 1.6442e-05, 8.5695e-05, 5.7429e-05, 1.0853e-05,
        6.6559e-05, 6.5425e-05, 5.4140e-05, 2.6156e-05, 2.0862e-05],
       grad_fn=<CatBackward>)

mean_overall=tensor(8.3457e-05, grad_fn=<MeanBackward0>)

-----------------------------------------------ITERATION130-----------------------------------------------

final_causality=[[1, 1, 1, 1, 1, 1, 1, 1, 1, 1, 1, 1, 1], [1, 1, 1, 1, 1, 1, 1, 1, 1, 1, 1, 1, 1, 1, 1, 1, 1, 1, 1, 1, 1, 1, 1, 1, 1, 1, 1, 1, 1, 1, 1, 1, 1, 1, 1, 1, 1, 1, 1, 1, 1, 1, 1, 1, 1, 1, 1, 1, 1, 1], [1, 1, 1, 1, 1, 1, 1, 1, 1, 1, 1, 1, 1, 1, 1, 1, 1, 1, 1, 1, 1, 1, 1, 1, 1, 1, 1, 1, 1, 1, 1, 1, 1, 1, 1, 1, 1, 1, 1, 1, 1, 1, 1, 1, 1, 1, 1, 1, 1, 1]]

means=tensor([3.9976e-05, 1.2426e-05, 1.5951e-04, 5.2952e-04, 7.8410e-05, 1.2504e-05,
        2.9695e-04, 1.4940e-04, 2.0950e-04, 2.7944e-04, 1.5675e-05, 5.5724e-05,
        1.3629e-04, 5.3033e-06, 8.6215e-05, 5.7215e-05, 1.4372e-04, 1.0504e-04,
        1.9828e-05, 2.9764e-04, 4.4340e-05, 1.5269e-04, 2.3090e-04, 1.2075e-04,
        5.6721e-05, 1.2931e-04, 2.7682e-05, 4.4161e-05, 2.1416e-05, 5.0727e-05,
        1.2320e-04, 1.1933e-04, 7.7365e-05, 1.9906e-04, 9.9768e-05, 6.3638e-05,
        1.9442e-04, 4.4087e-05, 1.6811e-04, 2.4388e-05, 1.3008e-05, 9.2657e-05,
        6.3457e-05, 3.9751e-05, 8.1240e-06, 3.9601e-05, 6.6005e-05, 9.1167e-05,
        9.4939e-06, 6.6840e-06, 2.2249e-05, 7.7661e-05, 1.2211e-05, 2.1653e-04,
        1.0699e-04, 4.0086e-05, 1.3602e-04, 4.9544e-05, 7.3806e-05, 3.2244e-05,
        4.2227e-05, 1.2369e-04, 6.9491e-05, 8.0081e-05, 3.9829e-07, 1.0587e-04,
        7.8423e-05, 7.9634e-05, 3.5422e-05, 1.2585e-04, 1.2579e-04, 4.9266e-05,
        9.7746e-05, 1.2037e-05, 9.3504e-05, 1.6451e-04, 3.5811e-06, 4.1436e-05,
        1.2377e-05, 8.8583e-05, 4.1975e-05, 6.0336e-05, 8.2504e-05, 3.4459e-05,
        2.2982e-04, 6.2937e-05, 1.1051e-04, 1.8318e-05, 1.8273e-05, 2.4019e-04,
        1.8114e-04, 8.7733e-05, 5.6977e-05, 1.0057e-04, 9.3009e-06, 1.4548e-05,
        1.0504e-04, 4.7970e-06, 3.2616e-05, 2.1210e-05, 9.2973e-05, 7.8659e-05,
        9.1961e-05, 4.7680e-05, 1.6545e-05, 8.5054e-05, 6.0956e-05, 1.0918e-05,
        6.4840e-05, 6.4065e-05, 5.7018e-05, 2.6137e-05, 2.1159e-05],
       grad_fn=<CatBackward>)

mean_overall=tensor(8.4431e-05, grad_fn=<MeanBackward0>)

-----------------------------------------------ITERATION140-----------------------------------------------

final_causality=[[1, 1, 1, 1, 1, 1, 1, 1, 1, 1, 1, 1, 1], [1, 1, 1, 1, 1, 1, 1, 1, 1, 1, 1, 1, 1, 1, 1, 1, 1, 1, 1, 1, 1, 1, 1, 1, 1, 1, 1, 1, 1, 1, 1, 1, 1, 1, 1, 1, 1, 1, 1, 1, 1, 1, 1, 1, 1, 1, 1, 1, 1, 1], [1, 1, 1, 1, 1, 1, 1, 1, 1, 1, 1, 1, 1, 1, 1, 1, 1, 1, 1, 1, 1, 1, 1, 1, 1, 1, 1, 1, 1, 1, 1, 1, 1, 1, 1, 1, 1, 1, 1, 1, 1, 1, 1, 1, 1, 1, 1, 1, 1, 1]]

means=tensor([4.2846e-05, 1.6422e-06, 1.7636e-04, 5.5557e-04, 6.9799e-05, 1.4773e-05,
        3.0811e-04, 1.3636e-04, 2.2963e-04, 2.9655e-04, 1.0401e-05, 5.5903e-05,
        1.3476e-04, 5.5432e-06, 8.7895e-05, 5.9040e-05, 1.4514e-04, 1.0694e-04,
        2.0358e-05, 3.0106e-04, 4.3286e-05, 1.5447e-04, 2.3319e-04, 1.1852e-04,
        5.8517e-05, 1.3157e-04, 2.8458e-05, 4.5805e-05, 2.0357e-05, 5.1796e-05,
        1.2556e-04, 1.1901e-04, 8.0130e-05, 2.0030e-04, 1.0030e-04, 6.2146e-05,
        1.9149e-04, 4.3127e-05, 1.6732e-04, 2.5618e-05, 1.2772e-05, 9.4215e-05,
        6.2827e-05, 4.2182e-05, 8.2590e-06, 3.7918e-05, 6.8376e-05, 8.7771e-05,
        1.0341e-05, 6.7245e-06, 2.1640e-05, 7.8287e-05, 1.2502e-05, 2.2060e-04,
        1.0531e-04, 4.1005e-05, 1.3736e-04, 5.1518e-05, 7.0923e-05, 3.3610e-05,
        4.2194e-05, 1.2428e-04, 6.7400e-05, 8.2473e-05, 4.0308e-07, 1.0794e-04,
        7.8697e-05, 7.9625e-05, 3.4749e-05, 1.2800e-04, 1.2845e-04, 5.0109e-05,
        9.8284e-05, 1.2041e-05, 9.5654e-05, 1.6714e-04, 3.6459e-06, 3.8374e-05,
        1.2224e-05, 8.8484e-05, 4.3235e-05, 6.2907e-05, 8.2583e-05, 3.4338e-05,
        2.3617e-04, 6.6114e-05, 1.0868e-04, 1.8247e-05, 1.8738e-05, 2.4918e-04,
        1.8776e-04, 8.8538e-05, 5.7031e-05, 9.9676e-05, 9.3636e-06, 1.4481e-05,
        1.0652e-04, 4.8312e-06, 3.3281e-05, 2.1018e-05, 9.1711e-05, 8.0209e-05,
        9.2622e-05, 4.8159e-05, 1.6674e-05, 8.4417e-05, 6.4885e-05, 1.1007e-05,
        6.3083e-05, 6.5516e-05, 6.0014e-05, 2.6088e-05, 2.1448e-05],
       grad_fn=<CatBackward>)

mean_overall=tensor(8.5597e-05, grad_fn=<MeanBackward0>)

-----------------------------------------------ITERATION150-----------------------------------------------

final_causality=[[1, 1, 1, 1, 1, 1, 1, 1, 1, 1, 1, 1, 1], [1, 1, 1, 1, 1, 1, 1, 1, 1, 1, 1, 1, 1, 1, 1, 1, 1, 1, 1, 1, 1, 1, 1, 1, 1, 1, 1, 1, 1, 1, 1, 1, 1, 1, 1, 1, 1, 1, 1, 1, 1, 1, 1, 1, 1, 1, 1, 1, 1, 1], [1, 1, 1, 1, 1, 1, 1, 1, 1, 1, 1, 1, 1, 1, 1, 1, 1, 1, 1, 1, 1, 1, 1, 1, 1, 1, 1, 1, 1, 1, 1, 1, 1, 1, 1, 1, 1, 1, 1, 1, 1, 1, 1, 1, 1, 1, 1, 1, 1, 1]]

means=tensor([4.5764e-05, 5.6548e-06, 1.9363e-04, 5.8226e-04, 6.0888e-05, 1.7177e-05,
        3.1967e-04, 1.2303e-04, 2.5027e-04, 3.1414e-04, 4.9652e-06, 5.6095e-05,
        1.3318e-04, 5.7857e-06, 8.9660e-05, 6.0953e-05, 1.4659e-04, 1.0890e-04,
        2.0930e-05, 3.0459e-04, 4.2269e-05, 1.5644e-04, 2.3560e-04, 1.1629e-04,
        6.0386e-05, 1.3391e-04, 2.9540e-05, 4.7551e-05, 1.9309e-05, 5.3154e-05,
        1.2800e-04, 1.1870e-04, 8.3009e-05, 2.0157e-04, 1.0085e-04, 6.0681e-05,
        1.8856e-04, 4.2141e-05, 1.6655e-04, 2.6881e-05, 1.2548e-05, 9.5859e-05,
        6.2218e-05, 4.4688e-05, 8.4168e-06, 3.6326e-05, 7.0928e-05, 8.4456e-05,
        1.1234e-05, 6.7565e-06, 2.1046e-05, 7.8924e-05, 1.2825e-05, 2.2482e-04,
        1.0366e-04, 4.1941e-05, 1.3876e-04, 5.3744e-05, 6.8062e-05, 3.5018e-05,
        4.2158e-05, 1.2492e-04, 6.5333e-05, 8.4895e-05, 4.0710e-07, 1.1003e-04,
        7.8975e-05, 7.9612e-05, 3.4061e-05, 1.3020e-04, 1.3124e-04, 5.0968e-05,
        9.8848e-05, 1.2045e-05, 9.7849e-05, 1.6982e-04, 3.7105e-06, 3.5242e-05,
        1.2296e-05, 8.8382e-05, 4.4537e-05, 6.5524e-05, 8.2655e-05, 3.4208e-05,
        2.4268e-04, 6.9362e-05, 1.0680e-04, 1.8169e-05, 1.9212e-05, 2.5838e-04,
        1.9452e-04, 8.9388e-05, 5.7087e-05, 1.0152e-04, 9.4285e-06, 1.4411e-05,
        1.0801e-04, 4.8730e-06, 3.3966e-05, 2.0827e-05, 9.0497e-05, 8.1830e-05,
        9.3336e-05, 4.8642e-05, 1.6811e-05, 8.3762e-05, 6.8910e-05, 1.1107e-05,
        6.1303e-05, 6.6995e-05, 6.3073e-05, 2.6033e-05, 2.1746e-05],
       grad_fn=<CatBackward>)

mean_overall=tensor(8.6977e-05, grad_fn=<MeanBackward0>)

-----------------------------------------------ITERATION160-----------------------------------------------

final_causality=[[1, 1, 1, 1, 1, 1, 1, 1, 1, 1, 1, 1, 1], [1, 1, 1, 1, 1, 1, 1, 1, 1, 1, 1, 1, 1, 1, 1, 1, 1, 1, 1, 1, 1, 1, 1, 1, 1, 1, 1, 1, 1, 1, 1, 1, 1, 1, 1, 1, 1, 1, 1, 1, 1, 1, 1, 1, 1, 1, 1, 1, 1, 1], [1, 1, 1, 1, 1, 1, 1, 1, 1, 1, 1, 1, 1, 1, 1, 1, 1, 1, 1, 1, 1, 1, 1, 1, 1, 1, 1, 1, 1, 1, 1, 1, 1, 1, 1, 1, 1, 1, 1, 1, 1, 1, 1, 1, 1, 1, 1, 1, 1, 1]]

means=tensor([4.8730e-05, 2.0173e-05, 2.1128e-04, 6.0923e-04, 5.1830e-05, 1.9566e-05,
        3.3146e-04, 1.0921e-04, 2.7130e-04, 3.3207e-04, 3.4284e-07, 5.6295e-05,
        1.3149e-04, 6.0623e-06, 9.1468e-05, 6.2884e-05, 1.4815e-04, 1.1083e-04,
        2.1495e-05, 3.0811e-04, 4.1247e-05, 1.5842e-04, 2.3802e-04, 1.1402e-04,
        6.2275e-05, 1.3627e-04, 3.0593e-05, 4.9339e-05, 1.8200e-05, 5.4637e-05,
        1.3047e-04, 1.1837e-04, 8.5936e-05, 2.0281e-04, 1.0147e-04, 5.9189e-05,
        1.8556e-04, 4.1194e-05, 1.6575e-04, 2.8241e-05, 1.2317e-05, 9.7519e-05,
        6.1577e-05, 4.7357e-05, 8.5191e-06, 3.4776e-05, 7.3562e-05, 8.1146e-05,
        1.2098e-05, 6.8212e-06, 2.0396e-05, 7.9647e-05, 1.3103e-05, 2.2909e-04,
        1.0197e-04, 4.2992e-05, 1.4015e-04, 5.6044e-05, 6.5189e-05, 3.6550e-05,
        4.2164e-05, 1.2556e-04, 6.3260e-05, 8.7325e-05, 4.1539e-07, 1.1214e-04,
        7.9267e-05, 7.9603e-05, 3.3355e-05, 1.3342e-04, 1.3412e-04, 5.2119e-05,
        9.9430e-05, 1.2052e-05, 1.0010e-04, 1.7289e-04, 3.7875e-06, 3.2104e-05,
        1.2441e-05, 8.8273e-05, 4.5866e-05, 6.8182e-05, 8.2709e-05, 3.4055e-05,
        2.4929e-04, 7.2794e-05, 1.0487e-04, 1.8097e-05, 1.9700e-05, 2.6775e-04,
        2.0137e-04, 9.0264e-05, 5.7139e-05, 1.0401e-04, 9.4778e-06, 1.4327e-05,
        1.1004e-04, 4.9135e-06, 3.4678e-05, 2.0650e-05, 8.9249e-05, 8.3501e-05,
        9.4084e-05, 4.9138e-05, 1.6949e-05, 8.3079e-05, 7.3014e-05, 1.1207e-05,
        5.9514e-05, 6.8506e-05, 6.6159e-05, 2.5988e-05, 2.2064e-05],
       grad_fn=<CatBackward>)

mean_overall=tensor(8.8507e-05, grad_fn=<MeanBackward0>)

-----------------------------------------------ITERATION170-----------------------------------------------

final_causality=[[1, 1, 1, 1, 1, 1, 1, 1, 1, 1, 1, 1, 1], [1, 1, 1, 1, 1, 1, 1, 1, 1, 1, 1, 1, 1, 1, 1, 1, 1, 1, 1, 1, 1, 1, 1, 1, 1, 1, 1, 1, 1, 1, 1, 1, 1, 1, 1, 1, 1, 1, 1, 1, 1, 1, 1, 1, 1, 1, 1, 1, 1, 1], [1, 1, 1, 1, 1, 1, 1, 1, 1, 1, 1, 1, 1, 1, 1, 1, 1, 1, 1, 1, 1, 1, 1, 1, 1, 1, 1, 1, 1, 1, 1, 1, 1, 1, 1, 1, 1, 1, 1, 1, 1, 1, 1, 1, 1, 1, 1, 1, 1, 1]]

means=tensor([5.1739e-05, 3.5053e-05, 2.2929e-04, 6.3653e-04, 4.2597e-05, 2.1978e-05,
        3.4350e-04, 9.4982e-05, 2.9270e-04, 3.5034e-04, 5.6568e-06, 5.6506e-05,
        1.2969e-04, 6.3730e-06, 9.3329e-05, 6.4852e-05, 1.4980e-04, 1.1276e-04,
        2.2065e-05, 3.1167e-04, 4.0235e-05, 1.6042e-04, 2.4048e-04, 1.1173e-04,
        6.4198e-05, 1.3866e-04, 3.1629e-05, 5.1186e-05, 1.7053e-05, 5.6198e-05,
        1.3298e-04, 1.1801e-04, 8.8925e-05, 2.0403e-04, 1.0214e-04, 5.7690e-05,
        1.8250e-04, 4.0271e-05, 1.6538e-04, 2.9682e-05, 1.2085e-05, 9.9210e-05,
        6.0923e-05, 5.0165e-05, 8.5858e-06, 3.3254e-05, 7.6308e-05, 7.7873e-05,
        1.2951e-05, 6.9081e-06, 1.9710e-05, 8.0438e-05, 1.3355e-05, 2.3342e-04,
        1.0027e-04, 4.4134e-05, 1.4154e-04, 5.8433e-05, 6.2323e-05, 3.8185e-05,
        4.2202e-05, 1.2620e-04, 6.1196e-05, 8.9765e-05, 4.2671e-07, 1.1427e-04,
        7.9571e-05, 7.9596e-05, 3.2634e-05, 1.4160e-04, 1.3710e-04, 5.3444e-05,
        1.0003e-04, 1.2059e-05, 1.0242e-04, 1.7627e-04, 3.8739e-06, 3.0654e-05,
        1.2586e-05, 8.8158e-05, 4.7225e-05, 7.0877e-05, 8.2748e-05, 3.3883e-05,
        2.5599e-04, 7.7793e-05, 1.0290e-04, 1.8028e-05, 2.0199e-05, 2.7730e-04,
        2.0832e-04, 9.1170e-05, 5.7187e-05, 1.0655e-04, 9.5153e-06, 1.4234e-05,
        1.1277e-04, 4.9552e-06, 3.5415e-05, 2.0484e-05, 8.9691e-05, 8.5226e-05,
        9.4870e-05, 4.9646e-05, 1.7088e-05, 8.2372e-05, 7.7194e-05, 1.1312e-05,
        5.7715e-05, 7.0044e-05, 6.9276e-05, 2.5948e-05, 2.2399e-05],
       grad_fn=<CatBackward>)

mean_overall=tensor(9.0259e-05, grad_fn=<MeanBackward0>)

-----------------------------------------------ITERATION180-----------------------------------------------

final_causality=[[1, 1, 1, 1, 1, 1, 1, 1, 1, 1, 1, 1, 1], [1, 1, 1, 1, 1, 1, 1, 1, 1, 1, 1, 1, 1, 1, 1, 1, 1, 1, 1, 1, 1, 1, 1, 1, 1, 1, 1, 1, 1, 1, 1, 1, 1, 1, 1, 1, 1, 1, 1, 1, 1, 1, 1, 1, 1, 1, 1, 1, 1, 1], [1, 1, 1, 1, 1, 1, 1, 1, 1, 1, 1, 1, 1, 1, 1, 1, 1, 1, 1, 1, 1, 1, 1, 1, 1, 1, 1, 1, 1, 1, 1, 1, 1, 1, 1, 1, 1, 1, 1, 1, 1, 1, 1, 1, 1, 1, 1, 1, 1, 1]]

means=tensor([5.4793e-05, 5.0211e-05, 2.4766e-04, 6.6433e-04, 3.3123e-05, 2.4486e-05,
        3.5586e-04, 8.0442e-05, 3.1454e-04, 3.6902e-04, 1.1884e-05, 5.6730e-05,
        1.2782e-04, 6.7194e-06, 9.5264e-05, 6.6894e-05, 1.5150e-04, 1.1471e-04,
        2.2664e-05, 3.1528e-04, 3.9255e-05, 1.6247e-04, 2.4302e-04, 1.0946e-04,
        6.6179e-05, 1.4110e-04, 3.2668e-05, 5.3125e-05, 1.5904e-05, 5.7821e-05,
        1.3555e-04, 1.1766e-04, 9.2009e-05, 2.0527e-04, 1.0283e-04, 5.6217e-05,
        1.7946e-04, 3.9346e-05, 1.6750e-04, 3.1170e-05, 1.1861e-05, 1.0101e-04,
        6.0283e-05, 5.3068e-05, 8.6543e-06, 3.1783e-05, 7.9222e-05, 7.4685e-05,
        1.3828e-05, 6.9971e-06, 1.9027e-05, 8.1260e-05, 1.3619e-05, 2.3786e-04,
        9.8603e-05, 4.5318e-05, 1.4296e-04, 6.0942e-05, 5.9488e-05, 3.9885e-05,
        4.2249e-05, 1.2687e-04, 5.9163e-05, 9.2757e-05, 4.3867e-07, 1.1676e-04,
        7.9883e-05, 7.9589e-05, 3.1897e-05, 1.4988e-04, 1.4020e-04, 5.4785e-05,
        1.0065e-04, 1.2067e-05, 1.0477e-04, 1.7971e-04, 3.9637e-06, 2.9179e-05,
        1.2727e-05, 8.8040e-05, 4.8620e-05, 7.3605e-05, 8.2775e-05, 3.3698e-05,
        2.6282e-04, 8.2913e-05, 1.0089e-04, 1.7955e-05, 2.0704e-05, 2.8701e-04,
        2.1538e-04, 9.2117e-05, 5.7234e-05, 1.0915e-04, 9.5494e-06, 1.4133e-05,
        1.1550e-04, 5.0034e-06, 3.6173e-05, 2.0322e-05, 9.1185e-05, 8.7015e-05,
        9.5706e-05, 5.0161e-05, 1.7235e-05, 8.1646e-05, 8.1451e-05, 1.1426e-05,
        5.5903e-05, 7.1777e-05, 7.2434e-05, 2.5906e-05, 2.2748e-05],
       grad_fn=<CatBackward>)

mean_overall=tensor(9.2106e-05, grad_fn=<MeanBackward0>)

-----------------------------------------------ITERATION190-----------------------------------------------

final_causality=[[1, 1, 1, 1, 1, 1, 1, 1, 1, 1, 1, 1, 1], [1, 1, 1, 1, 1, 1, 1, 1, 1, 1, 1, 1, 1, 1, 1, 1, 1, 1, 1, 1, 1, 1, 1, 1, 1, 1, 1, 1, 1, 1, 1, 1, 1, 1, 1, 1, 1, 1, 1, 1, 1, 1, 1, 1, 1, 1, 1, 1, 1, 1], [1, 1, 1, 1, 1, 1, 1, 1, 1, 1, 1, 1, 1, 1, 1, 1, 1, 1, 1, 1, 1, 1, 1, 1, 1, 1, 1, 1, 1, 1, 1, 1, 1, 1, 1, 1, 1, 1, 1, 1, 1, 1, 1, 1, 1, 1, 1, 1, 1, 1]]

means=tensor([5.7892e-05, 6.5627e-05, 2.6641e-04, 6.9265e-04, 2.3398e-05, 2.7102e-05,
        3.6855e-04, 6.5607e-05, 3.3680e-04, 3.8811e-04, 1.8330e-05, 5.6968e-05,
        1.2589e-04, 7.0798e-06, 9.7600e-05, 6.9017e-05, 1.5324e-04, 1.1668e-04,
        2.3296e-05, 3.1896e-04, 3.8312e-05, 1.6457e-04, 2.4565e-04, 1.0719e-04,
        6.8222e-05, 1.4381e-04, 3.3714e-05, 5.5165e-05, 1.4759e-05, 5.9505e-05,
        1.3817e-04, 1.1974e-04, 9.5192e-05, 2.0652e-04, 1.0356e-04, 5.4774e-05,
        1.7644e-04, 3.8416e-05, 1.6967e-04, 3.2700e-05, 1.1649e-05, 1.0355e-04,
        5.9663e-05, 5.6060e-05, 8.7287e-06, 3.0367e-05, 8.2459e-05, 7.1593e-05,
        1.4732e-05, 7.0859e-06, 1.8352e-05, 8.2109e-05, 1.3899e-05, 2.4241e-04,
        9.6963e-05, 4.6540e-05, 1.4443e-04, 6.3578e-05, 5.6836e-05, 4.1646e-05,
        4.2305e-05, 1.2759e-04, 5.7166e-05, 9.6222e-05, 4.5862e-07, 1.1930e-04,
        8.0205e-05, 7.9581e-05, 3.1144e-05, 1.5825e-04, 1.4344e-04, 5.6143e-05,
        1.0130e-04, 1.2075e-05, 1.0717e-04, 1.8321e-04, 4.0563e-06, 2.7681e-05,
        1.2864e-05, 8.7921e-05, 5.0052e-05, 7.6365e-05, 8.2788e-05, 3.3498e-05,
        2.6976e-04, 8.8104e-05, 9.8831e-05, 1.7908e-05, 2.1214e-05, 2.9689e-04,
        2.2253e-04, 9.3110e-05, 5.7283e-05, 1.1180e-04, 9.5807e-06, 1.4023e-05,
        1.1824e-04, 5.0591e-06, 3.6952e-05, 2.0165e-05, 9.2720e-05, 8.8871e-05,
        9.6597e-05, 5.0681e-05, 1.7390e-05, 8.0901e-05, 8.5782e-05, 1.1552e-05,
        5.4079e-05, 7.4699e-05, 7.5635e-05, 2.5862e-05, 2.3110e-05],
       grad_fn=<CatBackward>)

mean_overall=tensor(9.4054e-05, grad_fn=<MeanBackward0>)

-----------------------------------------------ITERATION200-----------------------------------------------

final_causality=[[1, 1, 1, 1, 1, 1, 1, 1, 1, 1, 1, 1, 1], [1, 1, 1, 1, 1, 1, 1, 1, 1, 1, 1, 1, 1, 1, 1, 1, 1, 1, 1, 1, 1, 1, 1, 1, 1, 1, 1, 1, 1, 1, 1, 1, 1, 1, 1, 1, 1, 1, 1, 1, 1, 1, 1, 1, 1, 1, 1, 1, 1, 1], [1, 1, 1, 1, 1, 1, 1, 1, 1, 1, 1, 1, 1, 1, 1, 1, 1, 1, 1, 1, 1, 1, 1, 1, 1, 1, 1, 1, 1, 1, 1, 1, 1, 1, 1, 1, 1, 1, 1, 1, 1, 1, 1, 1, 1, 1, 1, 1, 1, 1]]

means=tensor([6.1037e-05, 8.1308e-05, 2.8552e-04, 7.2143e-04, 1.3451e-05, 2.9802e-05,
        3.8154e-04, 5.0445e-05, 3.5946e-04, 4.0758e-04, 2.5046e-05, 5.7221e-05,
        1.2387e-04, 7.4602e-06, 1.0006e-04, 7.1211e-05, 1.5503e-04, 1.1867e-04,
        2.3953e-05, 3.2268e-04, 3.7399e-05, 1.6670e-04, 2.4835e-04, 1.0494e-04,
        7.0319e-05, 1.4664e-04, 3.4759e-05, 5.7366e-05, 1.3608e-05, 6.1256e-05,
        1.4084e-04, 1.2206e-04, 9.8462e-05, 2.0778e-04, 1.0432e-04, 5.3353e-05,
        1.7343e-04, 3.7495e-05, 1.7190e-04, 3.4284e-05, 1.1443e-05, 1.0618e-04,
        5.9056e-05, 5.9158e-05, 8.7954e-06, 2.9192e-05, 8.6168e-05, 6.8587e-05,
        1.5650e-05, 7.1816e-06, 1.7673e-05, 8.2999e-05, 1.4181e-05, 2.4705e-04,
        9.5346e-05, 4.7816e-05, 1.4591e-04, 6.6333e-05, 5.6986e-05, 4.3483e-05,
        4.2377e-05, 1.2833e-04, 5.5201e-05, 9.9712e-05, 4.8751e-07, 1.2188e-04,
        8.0539e-05, 7.9575e-05, 3.0375e-05, 1.6670e-04, 1.4680e-04, 5.7513e-05,
        1.0197e-04, 1.2084e-05, 1.0962e-04, 1.8677e-04, 4.1540e-06, 2.6161e-05,
        1.2996e-05, 8.7800e-05, 5.1517e-05, 7.9154e-05, 8.2783e-05, 3.3282e-05,
        2.7681e-04, 9.3358e-05, 9.6740e-05, 1.7922e-05, 2.1729e-05, 3.0692e-04,
        2.2978e-04, 9.4144e-05, 5.7330e-05, 1.1450e-04, 9.6059e-06, 1.3904e-05,
        1.2098e-04, 5.1211e-06, 3.7753e-05, 2.0014e-05, 9.4294e-05, 9.0789e-05,
        9.7539e-05, 5.1208e-05, 1.7552e-05, 8.0135e-05, 9.0181e-05, 1.1687e-05,
        5.2245e-05, 7.7650e-05, 7.8869e-05, 2.5817e-05, 2.3487e-05],
       grad_fn=<CatBackward>)

mean_overall=tensor(9.6080e-05, grad_fn=<MeanBackward0>)

-----------------------------------------------ITERATION210-----------------------------------------------

final_causality=[[1, 1, 1, 1, 1, 1, 1, 1, 1, 1, 1, 1, 1], [1, 1, 1, 1, 1, 1, 1, 1, 1, 1, 1, 1, 1, 1, 1, 1, 1, 1, 1, 1, 1, 1, 1, 1, 1, 1, 1, 1, 1, 1, 1, 1, 1, 1, 1, 1, 1, 1, 1, 1, 1, 1, 1, 1, 1, 1, 1, 1, 1, 1], [1, 1, 1, 1, 1, 1, 1, 1, 1, 1, 1, 1, 1, 1, 1, 1, 1, 1, 1, 1, 1, 1, 1, 1, 1, 1, 1, 1, 1, 1, 1, 1, 1, 1, 1, 1, 1, 1, 1, 1, 1, 1, 1, 1, 1, 1, 1, 1, 1, 1]]

means=tensor([6.4227e-05, 9.7249e-05, 3.0497e-04, 7.5062e-04, 3.2961e-06, 3.2576e-05,
        3.9480e-04, 3.4944e-05, 3.8250e-04, 4.2741e-04, 3.2056e-05, 5.7488e-05,
        1.2177e-04, 7.8634e-06, 1.0260e-04, 7.3472e-05, 1.5688e-04, 1.2086e-04,
        2.4630e-05, 3.2643e-04, 3.6513e-05, 1.6887e-04, 2.5111e-04, 1.0269e-04,
        7.2466e-05, 1.4952e-04, 3.5800e-05, 6.0001e-05, 1.2445e-05, 6.3078e-05,
        1.4356e-04, 1.2440e-04, 1.0181e-04, 2.0904e-04, 1.0512e-04, 5.1954e-05,
        1.7042e-04, 3.6587e-05, 1.7417e-04, 3.5927e-05, 1.1244e-05, 1.0887e-04,
        5.8459e-05, 6.2368e-05, 8.8480e-06, 2.8134e-05, 9.0066e-05, 6.5662e-05,
        1.6576e-05, 7.2875e-06, 1.6986e-05, 8.3935e-05, 1.4460e-05, 2.5177e-04,
        9.3751e-05, 4.9155e-05, 1.4742e-04, 6.9204e-05, 5.7132e-05, 4.5404e-05,
        4.2470e-05, 1.2910e-04, 5.3267e-05, 1.0322e-04, 5.1893e-07, 1.2447e-04,
        8.0885e-05, 7.9570e-05, 2.9589e-05, 1.7522e-04, 1.5029e-04, 5.8891e-05,
        1.0267e-04, 1.2094e-05, 1.1211e-04, 1.9039e-04, 4.2577e-06, 2.4621e-05,
        1.3125e-05, 8.7675e-05, 5.3015e-05, 8.1969e-05, 8.2758e-05, 3.3048e-05,
        2.8394e-04, 9.8672e-05, 9.4612e-05, 1.7939e-05, 2.2247e-05, 3.1709e-04,
        2.3710e-04, 9.5219e-05, 5.7377e-05, 1.1725e-04, 9.6232e-06, 1.3774e-05,
        1.2372e-04, 5.1890e-06, 3.8577e-05, 1.9871e-05, 9.5905e-05, 9.2770e-05,
        9.8532e-05, 5.1745e-05, 1.7720e-05, 7.9347e-05, 9.4645e-05, 1.1832e-05,
        5.0404e-05, 8.0628e-05, 8.2130e-05, 2.5774e-05, 2.3880e-05],
       grad_fn=<CatBackward>)

mean_overall=tensor(9.8156e-05, grad_fn=<MeanBackward0>)

-----------------------------------------------ITERATION220-----------------------------------------------

final_causality=[[1, 1, 1, 1, 1, 1, 1, 1, 1, 1, 1, 1, 1], [1, 1, 1, 1, 1, 1, 1, 1, 1, 1, 1, 1, 1, 1, 1, 1, 1, 1, 1, 1, 1, 1, 1, 1, 1, 1, 1, 1, 1, 1, 1, 1, 1, 1, 1, 1, 1, 1, 1, 1, 1, 1, 1, 1, 1, 1, 1, 1, 1, 1], [1, 1, 1, 1, 1, 1, 1, 1, 1, 1, 1, 1, 1, 1, 1, 1, 1, 1, 1, 1, 1, 1, 1, 1, 1, 1, 1, 1, 1, 1, 1, 1, 1, 1, 1, 1, 1, 1, 1, 1, 1, 1, 1, 1, 1, 1, 1, 1, 1, 1]]

means=tensor([6.7465e-05, 1.1343e-04, 3.2478e-04, 7.8026e-04, 4.2797e-06, 3.5433e-05,
        4.0834e-04, 1.9110e-05, 4.0593e-04, 4.4762e-04, 3.9359e-05, 5.7771e-05,
        1.1958e-04, 8.2888e-06, 1.0522e-04, 7.5804e-05, 1.5879e-04, 1.2350e-04,
        2.5329e-05, 3.3022e-04, 3.5961e-05, 1.7106e-04, 2.5393e-04, 1.0045e-04,
        7.4666e-05, 1.5245e-04, 3.6841e-05, 6.3025e-05, 1.1273e-05, 6.4970e-05,
        1.4631e-04, 1.2675e-04, 1.0525e-04, 2.1029e-04, 1.0596e-04, 5.0579e-05,
        1.6744e-04, 3.5693e-05, 1.7648e-04, 3.7626e-05, 1.1051e-05, 1.1165e-04,
        5.7876e-05, 6.5686e-05, 8.8897e-06, 2.7110e-05, 9.4163e-05, 6.2827e-05,
        1.7513e-05, 7.4018e-06, 1.6295e-05, 8.4915e-05, 1.4739e-05, 2.5656e-04,
        9.2183e-05, 5.0552e-05, 1.4895e-04, 7.2196e-05, 5.7277e-05, 4.7407e-05,
        4.2581e-05, 1.2990e-04, 5.1369e-05, 1.0675e-04, 5.5389e-07, 1.2710e-04,
        8.1246e-05, 7.9568e-05, 2.8785e-05, 1.8379e-04, 1.5390e-04, 6.0279e-05,
        1.0339e-04, 1.2105e-05, 1.1465e-04, 1.9406e-04, 4.3672e-06, 2.3179e-05,
        1.3250e-05, 8.7548e-05, 5.4546e-05, 8.4809e-05, 8.2712e-05, 3.2796e-05,
        2.9118e-04, 1.0404e-04, 9.2678e-05, 1.7957e-05, 2.2771e-05, 3.2739e-04,
        2.4451e-04, 9.6336e-05, 5.7422e-05, 1.2004e-04, 9.6330e-06, 1.3633e-05,
        1.2647e-04, 5.2636e-06, 3.9422e-05, 1.9734e-05, 9.7553e-05, 9.4814e-05,
        9.9579e-05, 5.2289e-05, 1.7895e-05, 7.8536e-05, 9.9172e-05, 1.1988e-05,
        4.8557e-05, 8.3631e-05, 8.5480e-05, 2.5730e-05, 2.4290e-05],
       grad_fn=<CatBackward>)

mean_overall=tensor(0.0001, grad_fn=<MeanBackward0>)

-----------------------------------------------ITERATION230-----------------------------------------------

final_causality=[[1, 1, 1, 1, 1, 1, 1, 1, 1, 1, 1, 1, 1], [1, 1, 1, 1, 1, 1, 1, 1, 1, 1, 1, 1, 1, 1, 1, 1, 1, 1, 1, 1, 1, 1, 1, 1, 1, 1, 1, 1, 1, 1, 1, 1, 1, 1, 1, 1, 1, 1, 1, 1, 1, 1, 1, 1, 1, 1, 1, 1, 1, 1], [1, 1, 1, 1, 1, 1, 1, 1, 1, 1, 1, 1, 1, 1, 1, 1, 1, 1, 1, 1, 1, 1, 1, 1, 1, 1, 1, 1, 1, 1, 1, 1, 1, 1, 1, 1, 1, 1, 1, 1, 1, 1, 1, 1, 1, 1, 1, 1, 1, 1]]

means=tensor([7.0751e-05, 1.2984e-04, 3.4494e-04, 8.1036e-04, 1.4703e-05, 3.8382e-05,
        4.2217e-04, 2.9476e-06, 4.2975e-04, 4.6821e-04, 4.6957e-05, 5.8070e-05,
        1.1730e-04, 8.7358e-06, 1.0792e-04, 7.8211e-05, 1.6074e-04, 1.2611e-04,
        2.6054e-05, 3.3403e-04, 3.5691e-05, 1.7327e-04, 2.5681e-04, 9.9365e-05,
        7.6921e-05, 1.5543e-04, 3.7883e-05, 6.6164e-05, 1.0096e-05, 6.6931e-05,
        1.4911e-04, 1.2912e-04, 1.0878e-04, 2.1154e-04, 1.0683e-04, 4.9232e-05,
        1.6448e-04, 3.4812e-05, 1.7884e-04, 3.9379e-05, 1.0866e-05, 1.1450e-04,
        5.7310e-05, 6.9112e-05, 8.9227e-06, 2.6121e-05, 9.8468e-05, 6.0085e-05,
        1.8461e-05, 7.5231e-06, 1.5604e-05, 8.5936e-05, 1.5021e-05, 2.6143e-04,
        9.0646e-05, 5.2005e-05, 1.5050e-04, 7.5313e-05, 5.7422e-05, 4.9489e-05,
        4.2709e-05, 1.3073e-04, 4.9506e-05, 1.1030e-04, 5.9617e-07, 1.2975e-04,
        8.1622e-05, 7.9569e-05, 2.7962e-05, 1.9244e-04, 1.5764e-04, 6.1676e-05,
        1.0414e-04, 1.2116e-05, 1.1722e-04, 1.9779e-04, 4.4821e-06, 2.2828e-05,
        1.3370e-05, 8.7419e-05, 5.6112e-05, 8.7845e-05, 8.2642e-05, 3.2524e-05,
        2.9850e-04, 1.0947e-04, 9.2667e-05, 1.7978e-05, 2.3368e-05, 3.3783e-04,
        2.5198e-04, 9.7499e-05, 5.7468e-05, 1.2288e-04, 9.6358e-06, 1.3479e-05,
        1.2922e-04, 5.3458e-06, 4.0291e-05, 1.9605e-05, 9.9238e-05, 9.6924e-05,
        1.0068e-04, 5.2842e-05, 1.8077e-05, 7.7704e-05, 1.0376e-04, 1.2157e-05,
        4.6703e-05, 8.6661e-05, 8.9305e-05, 2.5685e-05, 2.4717e-05],
       grad_fn=<CatBackward>)

mean_overall=tensor(0.0001, grad_fn=<MeanBackward0>)

-----------------------------------------------ITERATION240-----------------------------------------------

final_causality=[[1, 1, 1, 1, 1, 1, 1, 1, 1, 1, 1, 1, 1], [1, 1, 1, 1, 1, 1, 1, 1, 1, 1, 1, 1, 1, 1, 1, 1, 1, 1, 1, 1, 1, 1, 1, 1, 1, 1, 1, 1, 1, 1, 1, 1, 1, 1, 1, 1, 1, 1, 1, 1, 1, 1, 1, 1, 1, 1, 1, 1, 1, 1], [1, 1, 1, 1, 1, 1, 1, 1, 1, 1, 1, 1, 1, 1, 1, 1, 1, 1, 1, 1, 1, 1, 1, 1, 1, 1, 1, 1, 1, 1, 1, 1, 1, 1, 1, 1, 1, 1, 1, 1, 1, 1, 1, 1, 1, 1, 1, 1, 1, 1]]

means=tensor([7.4087e-05, 1.4647e-04, 3.6546e-04, 8.4092e-04, 2.5341e-05, 4.1425e-05,
        4.3628e-04, 7.9566e-06, 4.5396e-04, 4.8919e-04, 5.4864e-05, 5.8386e-05,
        1.1492e-04, 9.2057e-06, 1.1071e-04, 8.0695e-05, 1.6275e-04, 1.2870e-04,
        2.6803e-05, 3.3787e-04, 3.5441e-05, 1.7551e-04, 2.5975e-04, 1.0052e-04,
        7.9230e-05, 1.5845e-04, 3.8927e-05, 6.9421e-05, 8.9133e-06, 6.8964e-05,
        1.5195e-04, 1.3149e-04, 1.1239e-04, 2.1279e-04, 1.0774e-04, 4.7913e-05,
        1.6155e-04, 3.3945e-05, 1.8124e-04, 4.1186e-05, 1.0770e-05, 1.1744e-04,
        5.6761e-05, 7.2645e-05, 8.9459e-06, 2.5606e-05, 1.0299e-04, 5.7435e-05,
        1.9421e-05, 7.6520e-06, 1.4911e-05, 8.7001e-05, 1.5304e-05, 2.6637e-04,
        8.9141e-05, 5.3516e-05, 1.5207e-04, 7.8555e-05, 5.7567e-05, 5.1653e-05,
        4.2856e-05, 1.3160e-04, 4.7681e-05, 1.1388e-04, 6.4138e-07, 1.3243e-04,
        8.2014e-05, 7.9573e-05, 2.7121e-05, 2.0113e-04, 1.6152e-04, 6.3082e-05,
        1.0491e-04, 1.2128e-05, 1.1985e-04, 2.0157e-04, 4.6026e-06, 2.4383e-05,
        1.3484e-05, 8.7288e-05, 5.7711e-05, 9.1730e-05, 8.2547e-05, 3.2233e-05,
        3.0591e-04, 1.1494e-04, 9.2652e-05, 1.7999e-05, 2.3965e-05, 3.4839e-04,
        2.5952e-04, 9.8707e-05, 5.7513e-05, 1.2576e-04, 9.6310e-06, 1.3312e-05,
        1.3196e-04, 5.4357e-06, 4.1181e-05, 1.9481e-05, 1.0096e-04, 9.9101e-05,
        1.0184e-04, 5.3403e-05, 1.8268e-05, 7.6848e-05, 1.0841e-04, 1.2338e-05,
        4.6109e-05, 8.9716e-05, 9.4317e-05, 2.5641e-05, 2.5162e-05],
       grad_fn=<CatBackward>)

mean_overall=tensor(0.0001, grad_fn=<MeanBackward0>)

-----------------------------------------------ITERATION250-----------------------------------------------

final_causality=[[1, 1, 1, 1, 1, 1, 1, 1, 1, 1, 1, 1, 1], [1, 1, 1, 1, 1, 1, 1, 1, 1, 1, 1, 1, 1, 1, 1, 1, 1, 1, 1, 1, 1, 1, 1, 1, 1, 1, 1, 1, 1, 1, 1, 1, 1, 1, 1, 1, 1, 1, 1, 1, 1, 1, 1, 1, 1, 1, 1, 1, 1, 1], [1, 1, 1, 1, 1, 1, 1, 1, 1, 1, 1, 1, 1, 1, 1, 1, 1, 1, 1, 1, 1, 1, 1, 1, 1, 1, 1, 1, 1, 1, 1, 1, 1, 1, 1, 1, 1, 1, 1, 1, 1, 1, 1, 1, 1, 1, 1, 1, 1, 1]]

means=tensor([7.7475e-05, 1.6331e-04, 3.8634e-04, 8.7194e-04, 3.6192e-05, 4.4563e-05,
        4.5067e-04, 2.4678e-05, 4.7856e-04, 5.1055e-04, 6.3096e-05, 5.8720e-05,
        1.1244e-04, 9.6998e-06, 1.1357e-04, 8.3254e-05, 1.6481e-04, 1.3127e-04,
        2.7575e-05, 3.4173e-04, 3.5212e-05, 1.7777e-04, 2.6275e-04, 1.0173e-04,
        8.1594e-05, 1.6151e-04, 3.9972e-05, 7.2798e-05, 7.7227e-06, 7.1070e-05,
        1.5483e-04, 1.3387e-04, 1.1609e-04, 2.1404e-04, 1.0871e-04, 4.6621e-05,
        1.5866e-04, 3.3095e-05, 1.8368e-04, 4.3048e-05, 1.0978e-05, 1.2045e-04,
        5.6229e-05, 7.6290e-05, 8.9573e-06, 2.5414e-05, 1.0772e-04, 5.4878e-05,
        2.0389e-05, 7.7892e-06, 1.4217e-05, 8.8110e-05, 1.5588e-05, 2.7138e-04,
        8.7668e-05, 5.5087e-05, 1.5367e-04, 8.1923e-05, 5.7711e-05, 5.3903e-05,
        4.3022e-05, 1.3249e-04, 4.5892e-05, 1.1747e-04, 6.9049e-07, 1.3514e-04,
        8.2424e-05, 7.9580e-05, 2.6258e-05, 2.0989e-04, 1.6553e-04, 6.4495e-05,
        1.0571e-04, 1.2141e-05, 1.2251e-04, 2.0540e-04, 4.7291e-06, 2.5948e-05,
        1.3594e-05, 8.7156e-05, 5.9343e-05, 9.5627e-05, 8.2423e-05, 3.1921e-05,
        3.1341e-04, 1.2046e-04, 9.2633e-05, 1.8023e-05, 2.4560e-05, 3.5906e-04,
        2.6713e-04, 9.9962e-05, 5.7558e-05, 1.2868e-04, 9.6181e-06, 1.3132e-05,
        1.3471e-04, 5.5336e-06, 4.2095e-05, 1.9364e-05, 1.0272e-04, 1.0135e-04,
        1.0306e-04, 5.3974e-05, 1.8467e-05, 7.5969e-05, 1.1311e-04, 1.2532e-05,
        4.6599e-05, 9.2795e-05, 9.9367e-05, 2.5595e-05, 2.5625e-05],
       grad_fn=<CatBackward>)

mean_overall=tensor(0.0001, grad_fn=<MeanBackward0>)

-----------------------------------------------ITERATION260-----------------------------------------------

final_causality=[[1, 1, 1, 1, 1, 1, 1, 1, 1, 1, 1, 1, 1], [1, 1, 1, 1, 1, 1, 1, 1, 1, 1, 1, 1, 1, 1, 1, 1, 1, 1, 1, 1, 1, 1, 1, 1, 1, 1, 1, 1, 1, 1, 1, 1, 1, 1, 1, 1, 1, 1, 1, 1, 1, 1, 1, 1, 1, 1, 1, 1, 1, 1], [1, 1, 1, 1, 1, 1, 1, 1, 1, 1, 1, 1, 1, 1, 1, 1, 1, 1, 1, 1, 1, 1, 1, 1, 1, 1, 1, 1, 1, 1, 1, 1, 1, 1, 1, 1, 1, 1, 1, 1, 1, 1, 1, 1, 1, 1, 1, 1, 1, 1]]

means=tensor([8.0916e-05, 1.8034e-04, 4.0758e-04, 9.0342e-04, 4.7258e-05, 4.7800e-05,
        4.6534e-04, 4.1740e-05, 5.0356e-04, 5.3230e-04, 7.1665e-05, 5.9072e-05,
        1.0985e-04, 1.0219e-05, 1.1652e-04, 8.5890e-05, 1.6692e-04, 1.3382e-04,
        2.8370e-05, 3.4560e-04, 3.5003e-05, 1.8004e-04, 2.6580e-04, 1.0299e-04,
        8.4011e-05, 1.6461e-04, 4.1018e-05, 7.6295e-05, 6.5244e-06, 7.3250e-05,
        1.5774e-04, 1.3626e-04, 1.1988e-04, 2.1528e-04, 1.1003e-04, 4.5358e-05,
        1.5579e-04, 3.2262e-05, 1.8615e-04, 4.4966e-05, 1.1266e-05, 1.2354e-04,
        5.5714e-05, 8.0046e-05, 8.9567e-06, 2.5471e-05, 1.1267e-04, 5.2412e-05,
        2.1366e-05, 7.9348e-06, 1.3522e-05, 8.9264e-05, 1.5872e-05, 2.7645e-04,
        8.6228e-05, 5.6717e-05, 1.5527e-04, 8.5709e-05, 5.7854e-05, 5.6240e-05,
        4.3207e-05, 1.3341e-04, 4.4140e-05, 1.2107e-04, 7.4781e-07, 1.3830e-04,
        8.2851e-05, 7.9593e-05, 2.5375e-05, 2.1869e-04, 1.6968e-04, 6.5916e-05,
        1.0654e-04, 1.2154e-05, 1.2522e-04, 2.0929e-04, 4.8619e-06, 2.8907e-05,
        1.3699e-05, 8.7022e-05, 6.1010e-05, 9.9536e-05, 8.2269e-05, 3.1588e-05,
        3.2099e-04, 1.2603e-04, 9.2611e-05, 1.8049e-05, 2.5154e-05, 3.6984e-04,
        2.7480e-04, 1.0126e-04, 5.7603e-05, 1.3199e-04, 9.5967e-06, 1.2938e-05,
        1.3747e-04, 5.6399e-06, 4.3032e-05, 1.9253e-05, 1.0451e-04, 1.0366e-04,
        1.0434e-04, 5.4553e-05, 1.8675e-05, 7.5065e-05, 1.1787e-04, 1.2740e-05,
        4.7096e-05, 9.5899e-05, 1.0445e-04, 2.5550e-05, 2.6107e-05],
       grad_fn=<CatBackward>)

mean_overall=tensor(0.0001, grad_fn=<MeanBackward0>)

-----------------------------------------------ITERATION270-----------------------------------------------

final_causality=[[1, 1, 1, 1, 1, 1, 1, 1, 1, 1, 1, 1, 1], [1, 1, 1, 1, 1, 1, 1, 1, 1, 1, 1, 1, 1, 1, 1, 1, 1, 1, 1, 1, 1, 1, 1, 1, 1, 1, 1, 1, 1, 1, 1, 1, 1, 1, 1, 1, 1, 1, 1, 1, 1, 1, 1, 1, 1, 1, 1, 1, 1, 1], [1, 1, 1, 1, 1, 1, 1, 1, 1, 1, 1, 1, 1, 1, 1, 1, 1, 1, 1, 1, 1, 1, 1, 1, 1, 1, 1, 1, 1, 1, 1, 1, 1, 1, 1, 1, 1, 1, 1, 1, 1, 1, 1, 1, 1, 1, 1, 1, 1, 1]]

means=tensor([8.4412e-05, 1.9756e-04, 4.2919e-04, 9.3538e-04, 5.8543e-05, 5.1142e-05,
        4.8029e-04, 5.9149e-05, 5.2895e-04, 5.5444e-04, 8.0584e-05, 5.9444e-05,
        1.0716e-04, 1.0763e-05, 1.1954e-04, 8.8603e-05, 1.6909e-04, 1.3633e-04,
        2.9188e-05, 3.4949e-04, 3.4816e-05, 1.8233e-04, 2.6890e-04, 1.0430e-04,
        8.6483e-05, 1.6775e-04, 4.2067e-05, 7.9917e-05, 5.3182e-06, 7.5638e-05,
        1.6069e-04, 1.3865e-04, 1.2376e-04, 2.1750e-04, 1.1140e-04, 4.4124e-05,
        1.5297e-04, 3.1448e-05, 1.8867e-04, 4.6940e-05, 1.1542e-05, 1.2671e-04,
        5.5775e-05, 8.3913e-05, 8.9441e-06, 2.5518e-05, 1.1784e-04, 5.0038e-05,
        2.2352e-05, 8.0887e-06, 1.2826e-05, 9.0463e-05, 1.6156e-05, 2.8157e-04,
        8.4823e-05, 5.8409e-05, 1.5750e-04, 8.9671e-05, 5.7997e-05, 5.8665e-05,
        4.3412e-05, 1.3436e-04, 4.2424e-05, 1.2477e-04, 8.0904e-07, 1.4159e-04,
        8.3299e-05, 7.9610e-05, 2.4468e-05, 2.2754e-04, 1.7398e-04, 6.7344e-05,
        1.0740e-04, 1.2168e-05, 1.2798e-04, 2.1323e-04, 5.0008e-06, 3.3374e-05,
        1.3798e-05, 8.6887e-05, 6.2710e-05, 1.0345e-04, 8.2082e-05, 3.1232e-05,
        3.2865e-04, 1.3164e-04, 9.2586e-05, 1.8077e-05, 2.5743e-05, 3.8073e-04,
        2.8253e-04, 1.0261e-04, 5.7648e-05, 1.3562e-04, 9.5669e-06, 1.2729e-05,
        1.4022e-04, 5.7548e-06, 4.3993e-05, 1.9147e-05, 1.0634e-04, 1.0604e-04,
        1.0567e-04, 5.5142e-05, 1.8892e-05, 7.4136e-05, 1.2269e-04, 1.2963e-05,
        4.7600e-05, 9.9028e-05, 1.0957e-04, 2.5503e-05, 2.6608e-05],
       grad_fn=<CatBackward>)

mean_overall=tensor(0.0001, grad_fn=<MeanBackward0>)

-----------------------------------------------ITERATION280-----------------------------------------------

final_causality=[[1, 1, 1, 1, 1, 1, 1, 1, 1, 1, 1, 1, 1], [1, 1, 1, 1, 1, 1, 1, 1, 1, 1, 1, 1, 1, 1, 1, 1, 1, 1, 1, 1, 1, 1, 1, 1, 1, 1, 1, 1, 1, 1, 1, 1, 1, 1, 1, 1, 1, 1, 1, 1, 1, 1, 1, 1, 1, 1, 1, 1, 1, 1], [1, 1, 1, 1, 1, 1, 1, 1, 1, 1, 1, 1, 1, 1, 1, 1, 1, 1, 1, 1, 1, 1, 1, 1, 1, 1, 1, 1, 1, 1, 1, 1, 1, 1, 1, 1, 1, 1, 1, 1, 1, 1, 1, 1, 1, 1, 1, 1, 1, 1]]

means=tensor([8.7964e-05, 2.1495e-04, 4.5118e-04, 9.6782e-04, 7.0049e-05, 5.4594e-05,
        4.9551e-04, 7.6909e-05, 5.5474e-04, 5.7699e-04, 8.9867e-05, 5.9836e-05,
        1.0434e-04, 1.1335e-05, 1.2265e-04, 9.1393e-05, 1.7130e-04, 1.3882e-04,
        3.0030e-05, 3.5338e-04, 3.4650e-05, 1.8463e-04, 2.7205e-04, 1.0566e-04,
        8.9009e-05, 1.7093e-04, 4.3119e-05, 8.3665e-05, 4.1036e-06, 7.8137e-05,
        1.6367e-04, 1.4104e-04, 1.2773e-04, 2.2043e-04, 1.1281e-04, 4.2920e-05,
        1.5026e-04, 3.0653e-05, 1.9121e-04, 4.8969e-05, 1.1807e-05, 1.2996e-04,
        5.7592e-05, 8.7894e-05, 8.9190e-06, 2.5555e-05, 1.2324e-04, 4.7754e-05,
        2.3345e-05, 8.2508e-06, 1.2129e-05, 9.1708e-05, 1.6441e-05, 2.8674e-04,
        8.3453e-05, 6.0161e-05, 1.6034e-04, 9.3788e-05, 5.8140e-05, 6.1179e-05,
        4.3637e-05, 1.3534e-04, 4.0745e-05, 1.2945e-04, 8.7442e-07, 1.4491e-04,
        8.3766e-05, 7.9632e-05, 2.3928e-05, 2.3643e-04, 1.7841e-04, 6.8780e-05,
        1.0829e-04, 1.2183e-05, 1.3077e-04, 2.1721e-04, 5.1461e-06, 3.7859e-05,
        1.3892e-05, 8.6750e-05, 6.4445e-05, 1.0738e-04, 8.1860e-05, 3.0853e-05,
        3.3638e-04, 1.3729e-04, 9.2558e-05, 1.8107e-05, 2.6328e-05, 3.9172e-04,
        2.9031e-04, 1.0401e-04, 5.7694e-05, 1.3931e-04, 9.5283e-06, 1.2504e-05,
        1.4297e-04, 5.8787e-06, 4.5009e-05, 1.9047e-05, 1.0820e-04, 1.0861e-04,
        1.0707e-04, 5.5741e-05, 1.9118e-05, 7.3181e-05, 1.2756e-04, 1.3200e-05,
        4.8109e-05, 1.0218e-04, 1.1473e-04, 2.5456e-05, 2.7130e-05],
       grad_fn=<CatBackward>)

mean_overall=tensor(0.0001, grad_fn=<MeanBackward0>)

-----------------------------------------------ITERATION290-----------------------------------------------

final_causality=[[1, 1, 1, 1, 1, 1, 1, 1, 1, 1, 1, 1, 1], [1, 1, 1, 1, 1, 1, 1, 1, 1, 1, 1, 1, 1, 1, 1, 1, 1, 1, 1, 1, 1, 1, 1, 1, 1, 1, 1, 1, 1, 1, 1, 1, 1, 1, 1, 1, 1, 1, 1, 1, 1, 1, 1, 1, 1, 1, 1, 1, 1, 1], [1, 1, 1, 1, 1, 1, 1, 1, 1, 1, 1, 1, 1, 1, 1, 1, 1, 1, 1, 1, 1, 1, 1, 1, 1, 1, 1, 1, 1, 1, 1, 1, 1, 1, 1, 1, 1, 1, 1, 1, 1, 1, 1, 1, 1, 1, 1, 1, 1, 1]]

means=tensor([9.1574e-05, 2.3250e-04, 4.7354e-04, 1.0008e-03, 8.1777e-05, 5.8160e-05,
        5.1101e-04, 9.5030e-05, 5.8094e-04, 5.9994e-04, 9.9531e-05, 6.0249e-05,
        1.0141e-04, 1.1934e-05, 1.2584e-04, 9.4261e-05, 1.7356e-04, 1.4128e-04,
        3.0894e-05, 3.5729e-04, 3.4506e-05, 1.8694e-04, 2.7525e-04, 1.0708e-04,
        9.1589e-05, 1.7414e-04, 4.4173e-05, 8.7540e-05, 2.8795e-06, 8.0719e-05,
        1.6668e-04, 1.4343e-04, 1.3178e-04, 2.2336e-04, 1.1426e-04, 4.1744e-05,
        1.4844e-04, 2.9877e-05, 1.9379e-04, 5.1053e-05, 1.2061e-05, 1.3329e-04,
        5.9405e-05, 9.1988e-05, 8.8809e-06, 2.5583e-05, 1.2887e-04, 4.5559e-05,
        2.4345e-05, 8.4213e-06, 1.1431e-05, 9.2999e-05, 1.6726e-05, 2.9196e-04,
        8.2118e-05, 6.1975e-05, 1.6320e-04, 9.8062e-05, 5.8281e-05, 6.3784e-05,
        4.3882e-05, 1.3634e-04, 3.9100e-05, 1.3520e-04, 9.4418e-07, 1.4826e-04,
        8.4255e-05, 7.9661e-05, 2.3509e-05, 2.4537e-04, 1.8300e-04, 7.0221e-05,
        1.0920e-04, 1.2197e-05, 1.3361e-04, 2.2125e-04, 5.2979e-06, 4.2362e-05,
        1.3979e-05, 8.6612e-05, 6.6409e-05, 1.1132e-04, 8.1600e-05, 3.0450e-05,
        3.4419e-04, 1.4298e-04, 9.2529e-05, 1.8139e-05, 2.6906e-05, 4.0280e-04,
        2.9814e-04, 1.0546e-04, 5.7740e-05, 1.4305e-04, 9.4809e-06, 1.2263e-05,
        1.4573e-04, 6.0118e-06, 4.6249e-05, 1.8951e-05, 1.1010e-04, 1.1138e-04,
        1.0854e-04, 5.6349e-05, 1.9353e-05, 7.2200e-05, 1.3248e-04, 1.3486e-05,
        4.8625e-05, 1.0536e-04, 1.1993e-04, 2.5407e-05, 2.7673e-05],
       grad_fn=<CatBackward>)

mean_overall=tensor(0.0001, grad_fn=<MeanBackward0>)

-----------------------------------------------ITERATION300-----------------------------------------------

final_causality=[[1, 1, 1, 1, 1, 1, 1, 1, 1, 1, 1, 1, 1], [1, 1, 1, 1, 1, 1, 1, 1, 1, 1, 1, 1, 1, 1, 1, 1, 1, 1, 1, 1, 1, 1, 1, 1, 1, 1, 1, 1, 1, 1, 1, 1, 1, 1, 1, 1, 1, 1, 1, 1, 1, 1, 1, 1, 1, 1, 1, 1, 1, 1], [1, 1, 1, 1, 1, 1, 1, 1, 1, 1, 1, 1, 1, 1, 1, 1, 1, 1, 1, 1, 1, 1, 1, 1, 1, 1, 1, 1, 1, 1, 1, 1, 1, 1, 1, 1, 1, 1, 1, 1, 1, 1, 1, 1, 1, 1, 1, 1, 1, 1]]

means=tensor([9.5245e-05, 2.5019e-04, 4.9628e-04, 1.0342e-03, 9.3731e-05, 6.1847e-05,
        5.2679e-04, 1.1352e-04, 6.0756e-04, 6.2330e-04, 1.0959e-04, 6.0683e-05,
        9.8345e-05, 1.2561e-05, 1.2911e-04, 9.7204e-05, 1.7587e-04, 1.4371e-04,
        3.1781e-05, 3.6119e-04, 3.4383e-05, 1.8925e-04, 2.7849e-04, 1.0882e-04,
        9.4223e-05, 1.7739e-04, 4.5231e-05, 9.1542e-05, 1.6452e-06, 8.3384e-05,
        1.6972e-04, 1.4616e-04, 1.3592e-04, 2.2629e-04, 1.1576e-04, 4.0597e-05,
        1.4664e-04, 2.9123e-05, 1.9640e-04, 5.3193e-05, 1.2305e-05, 1.3670e-04,
        6.1213e-05, 9.6196e-05, 8.8293e-06, 2.5605e-05, 1.3473e-04, 4.3450e-05,
        2.5351e-05, 8.6002e-06, 1.0733e-05, 9.4336e-05, 1.7011e-05, 2.9723e-04,
        8.0819e-05, 6.3850e-05, 1.6606e-04, 1.0249e-04, 5.8423e-05, 6.6482e-05,
        4.4146e-05, 1.3738e-04, 3.7489e-05, 1.4099e-04, 1.0185e-06, 1.5165e-04,
        8.4766e-05, 7.9697e-05, 2.3078e-05, 2.5434e-04, 1.8773e-04, 7.1670e-05,
        1.1015e-04, 1.2213e-05, 1.3649e-04, 2.2533e-04, 5.4633e-06, 4.6879e-05,
        1.4060e-05, 8.6474e-05, 6.8525e-05, 1.1526e-04, 8.1301e-05, 3.0022e-05,
        3.5207e-04, 1.4871e-04, 9.2497e-05, 1.8173e-05, 2.7478e-05, 4.1397e-04,
        3.0602e-04, 1.0696e-04, 5.7787e-05, 1.4684e-04, 9.4246e-06, 1.2005e-05,
        1.4849e-04, 6.1545e-06, 4.7517e-05, 1.8859e-05, 1.1203e-04, 1.1424e-04,
        1.1006e-04, 5.6968e-05, 1.9599e-05, 7.1192e-05, 1.3745e-04, 1.3832e-05,
        4.9145e-05, 1.0856e-04, 1.2516e-04, 2.5358e-05, 2.8238e-05],
       grad_fn=<CatBackward>)

mean_overall=tensor(0.0001, grad_fn=<MeanBackward0>)

-----------------------------------------------ITERATION310-----------------------------------------------

final_causality=[[1, 1, 1, 1, 1, 1, 1, 1, 1, 1, 1, 1, 1], [1, 1, 1, 1, 1, 1, 1, 1, 1, 1, 1, 1, 1, 1, 1, 1, 1, 1, 1, 1, 1, 1, 1, 1, 1, 1, 1, 1, 1, 1, 1, 1, 1, 1, 1, 1, 1, 1, 1, 1, 1, 1, 1, 1, 1, 1, 1, 1, 1, 1], [1, 1, 1, 1, 1, 1, 1, 1, 1, 1, 1, 1, 1, 1, 1, 1, 1, 1, 1, 1, 1, 1, 1, 1, 1, 1, 1, 1, 1, 1, 1, 1, 1, 1, 1, 1, 1, 1, 1, 1, 1, 1, 1, 1, 1, 1, 1, 1, 1, 1]]

means=tensor([9.8977e-05, 2.6802e-04, 5.1942e-04, 1.0681e-03, 1.0591e-04, 6.5660e-05,
        5.4284e-04, 1.3238e-04, 6.3459e-04, 6.4708e-04, 1.2006e-04, 6.1141e-05,
        9.5148e-05, 1.3218e-05, 1.3247e-04, 1.0022e-04, 1.7823e-04, 1.4611e-04,
        3.2689e-05, 3.6510e-04, 3.4282e-05, 1.9157e-04, 2.8178e-04, 1.1104e-04,
        9.6909e-05, 1.8066e-04, 4.6293e-05, 9.5672e-05, 3.9958e-07, 8.6134e-05,
        1.7280e-04, 1.4950e-04, 1.4015e-04, 2.2922e-04, 1.1730e-04, 3.9627e-05,
        1.4487e-04, 2.8389e-05, 1.9904e-04, 5.5388e-05, 1.2541e-05, 1.4023e-04,
        6.3018e-05, 1.0052e-04, 8.7640e-06, 2.5620e-05, 1.4082e-04, 4.1427e-05,
        2.6363e-05, 8.7874e-06, 1.0035e-05, 9.5720e-05, 1.7300e-05, 3.0253e-04,
        7.9556e-05, 6.5789e-05, 1.6893e-04, 1.0708e-04, 5.8563e-05, 6.9274e-05,
        4.4431e-05, 1.3845e-04, 3.5912e-05, 1.4682e-04, 1.0977e-06, 1.5508e-04,
        8.5657e-05, 7.9740e-05, 2.2636e-05, 2.6335e-04, 1.9261e-04, 7.3124e-05,
        1.1113e-04, 1.2229e-05, 1.3941e-04, 2.2947e-04, 5.6704e-06, 5.1411e-05,
        1.4135e-05, 8.6335e-05, 7.0674e-05, 1.1921e-04, 8.0960e-05, 2.9569e-05,
        3.6001e-04, 1.5447e-04, 9.2464e-05, 1.8209e-05, 2.8041e-05, 4.2522e-04,
        3.1395e-04, 1.0851e-04, 5.7835e-05, 1.5068e-04, 9.3593e-06, 1.1730e-05,
        1.5177e-04, 6.3068e-06, 4.8814e-05, 1.8771e-05, 1.1462e-04, 1.1717e-04,
        1.1165e-04, 5.7597e-05, 1.9855e-05, 7.0156e-05, 1.4248e-04, 1.4200e-05,
        4.9671e-05, 1.1179e-04, 1.3041e-04, 2.5307e-05, 2.8825e-05],
       grad_fn=<CatBackward>)

mean_overall=tensor(0.0001, grad_fn=<MeanBackward0>)

-----------------------------------------------ITERATION320-----------------------------------------------

final_causality=[[1, 1, 1, 1, 1, 1, 1, 1, 1, 1, 1, 1, 1], [1, 1, 1, 1, 1, 1, 1, 1, 1, 1, 1, 1, 1, 1, 1, 1, 1, 1, 1, 1, 1, 1, 1, 1, 1, 1, 1, 1, 1, 1, 1, 1, 1, 1, 1, 1, 1, 1, 1, 1, 1, 1, 1, 1, 1, 1, 1, 1, 1, 1], [1, 1, 1, 1, 1, 1, 1, 1, 1, 1, 1, 1, 1, 1, 1, 1, 1, 1, 1, 1, 1, 1, 1, 1, 1, 1, 1, 1, 1, 1, 1, 1, 1, 1, 1, 1, 1, 1, 1, 1, 1, 1, 1, 1, 1, 1, 1, 1, 1, 1]]

means=tensor([1.0277e-04, 2.8596e-04, 5.4294e-04, 1.1025e-03, 1.1832e-04, 6.9606e-05,
        5.5916e-04, 1.5162e-04, 6.6205e-04, 6.7129e-04, 1.3096e-04, 6.1621e-05,
        9.1810e-05, 1.3906e-05, 1.3590e-04, 1.0332e-04, 1.8063e-04, 1.4847e-04,
        3.3619e-05, 3.6900e-04, 3.4203e-05, 1.9388e-04, 2.8510e-04, 1.1333e-04,
        9.9648e-05, 1.8396e-04, 4.7359e-05, 9.9931e-05, 1.8360e-08, 8.8970e-05,
        1.7590e-04, 1.5282e-04, 1.4447e-04, 2.3214e-04, 1.1889e-04, 3.9002e-05,
        1.4313e-04, 2.7677e-05, 2.0171e-04, 5.7639e-05, 1.2770e-05, 1.4403e-04,
        6.4821e-05, 1.0496e-04, 8.6846e-06, 2.5629e-05, 1.4715e-04, 3.9487e-05,
        2.7381e-05, 8.9830e-06, 9.3352e-06, 9.7151e-05, 1.7667e-05, 3.0786e-04,
        7.8330e-05, 6.7790e-05, 1.7182e-04, 1.1183e-04, 5.8703e-05, 7.2160e-05,
        4.4736e-05, 1.3955e-04, 3.4367e-05, 1.5270e-04, 1.1818e-06, 1.5854e-04,
        8.6654e-05, 7.9791e-05, 2.2181e-05, 2.7239e-04, 1.9764e-04, 7.4584e-05,
        1.1214e-04, 1.2546e-05, 1.4237e-04, 2.3365e-04, 5.8865e-06, 5.5954e-05,
        1.4204e-05, 8.6196e-05, 7.2858e-05, 1.2316e-04, 8.0574e-05, 2.9090e-05,
        3.6803e-04, 1.6026e-04, 9.2431e-05, 1.8247e-05, 2.8595e-05, 4.3655e-04,
        3.2192e-04, 1.1011e-04, 5.7884e-05, 1.5458e-04, 9.2849e-06, 1.1437e-05,
        1.5517e-04, 6.4690e-06, 5.0141e-05, 1.8687e-05, 1.1768e-04, 1.2019e-04,
        1.1331e-04, 5.8236e-05, 2.0121e-05, 6.9092e-05, 1.4755e-04, 1.4588e-05,
        5.0201e-05, 1.1504e-04, 1.3568e-04, 2.5254e-05, 2.9434e-05],
       grad_fn=<CatBackward>)

mean_overall=tensor(0.0001, grad_fn=<MeanBackward0>)

-----------------------------------------------ITERATION330-----------------------------------------------

final_causality=[[1, 1, 1, 1, 1, 1, 1, 1, 1, 1, 1, 1, 1], [1, 1, 1, 1, 1, 1, 1, 1, 1, 1, 1, 1, 1, 1, 1, 1, 1, 1, 1, 1, 1, 1, 1, 1, 1, 1, 1, 1, 1, 1, 1, 1, 1, 1, 1, 1, 1, 1, 1, 1, 1, 1, 1, 1, 1, 1, 1, 1, 1, 1], [1, 1, 1, 1, 1, 1, 1, 1, 1, 1, 1, 1, 1, 1, 1, 1, 1, 1, 1, 1, 1, 1, 1, 1, 1, 1, 1, 1, 1, 1, 1, 1, 1, 1, 1, 1, 1, 1, 1, 1, 1, 1, 1, 1, 1, 1, 1, 1, 1, 1]]

means=tensor([1.0663e-04, 3.0399e-04, 5.6687e-04, 1.1374e-03, 1.3097e-04, 7.3693e-05,
        5.7576e-04, 1.7125e-04, 6.8993e-04, 6.9592e-04, 1.4231e-04, 6.2126e-05,
        8.8327e-05, 1.4625e-05, 1.3941e-04, 1.0648e-04, 1.8308e-04, 1.5080e-04,
        3.4570e-05, 3.7289e-04, 3.5061e-05, 1.9620e-04, 2.8846e-04, 1.1568e-04,
        1.0244e-04, 1.8729e-04, 4.8428e-05, 1.0432e-04, 5.0136e-07, 9.1891e-05,
        1.7902e-04, 1.5612e-04, 1.4888e-04, 2.3506e-04, 1.2052e-04, 3.8393e-05,
        1.4141e-04, 2.6987e-05, 2.0441e-04, 5.9944e-05, 1.2991e-05, 1.4788e-04,
        6.6621e-05, 1.0951e-04, 8.5908e-06, 2.5634e-05, 1.5371e-04, 3.7628e-05,
        2.8402e-05, 9.1867e-06, 8.6346e-06, 9.8628e-05, 1.8038e-05, 3.1323e-04,
        7.7584e-05, 6.9854e-05, 1.7535e-04, 1.1674e-04, 5.8843e-05, 7.5142e-05,
        4.5061e-05, 1.4067e-04, 3.2852e-05, 1.5861e-04, 1.2711e-06, 1.6203e-04,
        8.7695e-05, 7.9851e-05, 2.1714e-05, 2.8146e-04, 2.0282e-04, 7.6049e-05,
        1.1318e-04, 1.2873e-05, 1.4538e-04, 2.3788e-04, 6.1119e-06, 6.0507e-05,
        1.4266e-05, 8.6056e-05, 7.5076e-05, 1.2712e-04, 8.0143e-05, 2.8584e-05,
        3.7610e-04, 1.6609e-04, 9.2397e-05, 1.8288e-05, 2.9138e-05, 4.4794e-04,
        3.2993e-04, 1.1177e-04, 5.7935e-05, 1.5852e-04, 9.2015e-06, 1.1126e-05,
        1.5856e-04, 6.6413e-06, 5.1496e-05, 1.8605e-05, 1.2080e-04, 1.2329e-04,
        1.1503e-04, 5.8886e-05, 2.0399e-05, 6.7999e-05, 1.5267e-04, 1.4998e-05,
        5.0736e-05, 1.1832e-04, 1.4096e-04, 2.5200e-05, 3.0068e-05],
       grad_fn=<CatBackward>)

mean_overall=tensor(0.0001, grad_fn=<MeanBackward0>)

-----------------------------------------------ITERATION340-----------------------------------------------

final_causality=[[1, 1, 1, 1, 1, 1, 1, 1, 1, 1, 1, 1, 1], [1, 1, 1, 1, 1, 1, 1, 1, 1, 1, 1, 1, 1, 1, 1, 1, 1, 1, 1, 1, 1, 1, 1, 1, 1, 1, 1, 1, 1, 1, 1, 1, 1, 1, 1, 1, 1, 1, 1, 1, 1, 1, 1, 1, 1, 1, 1, 1, 1, 1], [1, 1, 1, 1, 1, 1, 1, 1, 1, 1, 1, 1, 1, 1, 1, 1, 1, 1, 1, 1, 1, 1, 1, 1, 1, 1, 1, 1, 1, 1, 1, 1, 1, 1, 1, 1, 1, 1, 1, 1, 1, 1, 1, 1, 1, 1, 1, 1, 1, 1]]

means=tensor([1.1056e-04, 3.2210e-04, 5.9119e-04, 1.1729e-03, 1.4384e-04, 7.7927e-05,
        5.9263e-04, 1.9128e-04, 7.1825e-04, 7.2098e-04, 1.5411e-04, 6.2656e-05,
        8.4691e-05, 1.5377e-05, 1.4300e-04, 1.0972e-04, 1.8557e-04, 1.5310e-04,
        3.5541e-05, 3.7677e-04, 3.6153e-05, 1.9851e-04, 2.9185e-04, 1.1809e-04,
        1.0528e-04, 1.9064e-04, 4.9502e-05, 1.0883e-04, 1.9509e-06, 9.4899e-05,
        1.8217e-04, 1.5938e-04, 1.5337e-04, 2.3796e-04, 1.2219e-04, 3.7800e-05,
        1.3973e-04, 2.6319e-05, 2.0785e-04, 6.2304e-05, 1.3206e-05, 1.5179e-04,
        6.8420e-05, 1.1422e-04, 8.4822e-06, 2.5636e-05, 1.6049e-04, 3.5847e-05,
        2.9428e-05, 9.3985e-06, 7.9328e-06, 1.0015e-04, 1.8413e-05, 3.1861e-04,
        7.8651e-05, 7.1981e-05, 1.7886e-04, 1.2180e-04, 5.8981e-05, 7.8221e-05,
        4.5406e-05, 1.4183e-04, 3.1368e-05, 1.6457e-04, 1.3657e-06, 1.6556e-04,
        8.8779e-05, 7.9921e-05, 2.1233e-05, 2.9055e-04, 2.0815e-04, 7.7519e-05,
        1.1426e-04, 1.3212e-05, 1.4842e-04, 2.4215e-04, 6.3469e-06, 6.5069e-05,
        1.4321e-05, 8.5917e-05, 7.7326e-05, 1.3108e-04, 7.9663e-05, 2.8079e-05,
        3.8423e-04, 1.7194e-04, 9.2364e-05, 1.8330e-05, 2.9670e-05, 4.5940e-04,
        3.3798e-04, 1.1347e-04, 5.8078e-05, 1.6252e-04, 9.1093e-06, 1.0797e-05,
        1.6196e-04, 6.8238e-06, 5.2881e-05, 1.8524e-05, 1.2396e-04, 1.2647e-04,
        1.1682e-04, 5.9546e-05, 2.0837e-05, 6.6877e-05, 1.5789e-04, 1.5431e-05,
        5.1450e-05, 1.2215e-04, 1.4626e-04, 2.5144e-05, 3.0725e-05],
       grad_fn=<CatBackward>)

mean_overall=tensor(0.0001, grad_fn=<MeanBackward0>)

-----------------------------------------------ITERATION350-----------------------------------------------

final_causality=[[1, 1, 1, 1, 1, 1, 1, 1, 1, 1, 1, 1, 1], [1, 1, 1, 1, 1, 1, 1, 1, 1, 1, 1, 1, 1, 1, 1, 1, 1, 1, 1, 1, 1, 1, 1, 1, 1, 1, 1, 1, 1, 1, 1, 1, 1, 1, 1, 1, 1, 1, 1, 1, 1, 1, 1, 1, 1, 1, 1, 1, 1, 1], [1, 1, 1, 1, 1, 1, 1, 1, 1, 1, 1, 1, 1, 1, 1, 1, 1, 1, 1, 1, 1, 1, 1, 1, 1, 1, 1, 1, 1, 1, 1, 1, 1, 1, 1, 1, 1, 1, 1, 1, 1, 1, 1, 1, 1, 1, 1, 1, 1, 1]]

means=tensor([1.1455e-04, 3.4026e-04, 6.1593e-04, 1.2088e-03, 1.5695e-04, 8.2316e-05,
        6.0977e-04, 2.1170e-04, 7.4700e-04, 7.4648e-04, 1.6640e-04, 6.3211e-05,
        8.0896e-05, 1.6163e-05, 1.4666e-04, 1.1302e-04, 1.8810e-04, 1.5536e-04,
        3.6532e-05, 3.8064e-04, 3.7254e-05, 2.0082e-04, 2.9527e-04, 1.2058e-04,
        1.0817e-04, 1.9401e-04, 5.0581e-05, 1.1347e-04, 3.4163e-06, 9.7994e-05,
        1.8535e-04, 1.6263e-04, 1.5794e-04, 2.4086e-04, 1.2390e-04, 3.8167e-05,
        1.3808e-04, 2.5673e-05, 2.1239e-04, 6.4717e-05, 1.3414e-05, 1.5575e-04,
        7.0217e-05, 1.1913e-04, 8.3586e-06, 2.5634e-05, 1.6751e-04, 3.4142e-05,
        3.0456e-05, 9.6183e-06, 7.2295e-06, 1.0172e-04, 1.8792e-05, 3.2401e-04,
        7.9740e-05, 7.4170e-05, 1.8235e-04, 1.2703e-04, 5.9118e-05, 8.1396e-05,
        4.5771e-05, 1.4301e-04, 2.9911e-05, 1.7056e-04, 1.4658e-06, 1.6913e-04,
        8.9909e-05, 8.0001e-05, 2.1392e-05, 2.9967e-04, 2.1364e-04, 7.8994e-05,
        1.1537e-04, 1.3561e-05, 1.5151e-04, 2.4647e-04, 6.5915e-06, 6.9637e-05,
        1.4382e-05, 8.5777e-05, 7.9609e-05, 1.3505e-04, 7.9134e-05, 2.7650e-05,
        3.9242e-04, 1.7781e-04, 9.2332e-05, 1.8375e-05, 3.0190e-05, 4.7092e-04,
        3.4605e-04, 1.1523e-04, 5.8272e-05, 1.6656e-04, 9.0082e-06, 1.0449e-05,
        1.6536e-04, 7.0166e-06, 5.4295e-05, 1.8445e-05, 1.2717e-04, 1.2974e-04,
        1.1867e-04, 6.0217e-05, 2.1585e-05, 6.5727e-05, 1.6318e-04, 1.5943e-05,
        5.2727e-05, 1.2663e-04, 1.5158e-04, 2.5086e-05, 3.1406e-05],
       grad_fn=<CatBackward>)

mean_overall=tensor(0.0001, grad_fn=<MeanBackward0>)

-----------------------------------------------ITERATION360-----------------------------------------------

final_causality=[[1, 1, 1, 1, 1, 1, 1, 1, 1, 1, 1, 1, 1], [1, 1, 1, 1, 1, 1, 1, 1, 1, 1, 1, 1, 1, 1, 1, 1, 1, 1, 1, 1, 1, 1, 1, 1, 1, 1, 1, 1, 1, 1, 1, 1, 1, 1, 1, 1, 1, 1, 1, 1, 1, 1, 1, 1, 1, 1, 1, 1, 1, 1], [1, 1, 1, 1, 1, 1, 1, 1, 1, 1, 1, 1, 1, 1, 1, 1, 1, 1, 1, 1, 1, 1, 1, 1, 1, 1, 1, 1, 1, 1, 1, 1, 1, 1, 1, 1, 1, 1, 1, 1, 1, 1, 1, 1, 1, 1, 1, 1, 1, 1]]

means=tensor([1.1861e-04, 3.5844e-04, 6.4107e-04, 1.2452e-03, 1.7030e-04, 8.6869e-05,
        6.2717e-04, 2.3253e-04, 7.7619e-04, 7.7242e-04, 1.7919e-04, 6.3793e-05,
        7.6935e-05, 1.6983e-05, 1.5040e-04, 1.1639e-04, 1.9067e-04, 1.5759e-04,
        3.7541e-05, 3.8450e-04, 3.8365e-05, 2.0311e-04, 2.9871e-04, 1.2316e-04,
        1.1111e-04, 1.9741e-04, 5.1664e-05, 1.1824e-04, 4.8986e-06, 1.0118e-04,
        1.8887e-04, 1.6584e-04, 1.6260e-04, 2.4374e-04, 1.2565e-04, 3.8796e-05,
        1.3646e-04, 2.5049e-05, 2.1697e-04, 6.7183e-05, 1.3618e-05, 1.5976e-04,
        7.2014e-05, 1.2415e-04, 8.2197e-06, 2.5631e-05, 1.7475e-04, 3.2510e-05,
        3.1487e-05, 9.8458e-06, 6.5245e-06, 1.0334e-04, 1.9175e-05, 3.2942e-04,
        8.0850e-05, 7.6422e-05, 1.8582e-04, 1.3241e-04, 5.9254e-05, 8.4668e-05,
        4.6156e-05, 1.4422e-04, 2.8866e-05, 1.7659e-04, 1.5716e-06, 1.7273e-04,
        9.1086e-05, 8.0092e-05, 2.1896e-05, 3.0992e-04, 2.1928e-04, 8.0472e-05,
        1.1650e-04, 1.3922e-05, 1.5463e-04, 2.5168e-04, 6.8461e-06, 7.4209e-05,
        1.4485e-05, 8.5639e-05, 8.1922e-05, 1.3901e-04, 7.8552e-05, 2.7202e-05,
        4.0066e-04, 1.8370e-04, 9.2727e-05, 1.8422e-05, 3.0697e-05, 4.8249e-04,
        3.5416e-04, 1.1704e-04, 5.8474e-05, 1.7066e-04, 8.8984e-06, 1.0082e-05,
        1.6876e-04, 7.2198e-06, 5.5738e-05, 1.8367e-05, 1.3044e-04, 1.3309e-04,
        1.2059e-04, 6.0898e-05, 2.2363e-05, 6.4547e-05, 1.6851e-04, 1.6562e-05,
        5.4016e-05, 1.3113e-04, 1.5690e-04, 2.5028e-05, 3.2113e-05],
       grad_fn=<CatBackward>)

mean_overall=tensor(0.0001, grad_fn=<MeanBackward0>)

-----------------------------------------------ITERATION370-----------------------------------------------

final_causality=[[1, 1, 1, 1, 1, 1, 1, 1, 1, 1, 1, 1, 1], [1, 1, 1, 1, 1, 1, 1, 1, 1, 1, 1, 1, 1, 1, 1, 1, 1, 1, 1, 1, 1, 1, 1, 1, 1, 1, 1, 1, 1, 1, 1, 1, 1, 1, 1, 1, 1, 1, 1, 1, 1, 1, 1, 1, 1, 1, 1, 1, 1, 1], [1, 1, 1, 1, 1, 1, 1, 1, 1, 1, 1, 1, 1, 1, 1, 1, 1, 1, 1, 1, 1, 1, 1, 1, 1, 1, 1, 1, 1, 1, 1, 1, 1, 1, 1, 1, 1, 1, 1, 1, 1, 1, 1, 1, 1, 1, 1, 1, 1, 1]]

means=tensor([1.2274e-04, 3.7662e-04, 6.6662e-04, 1.2822e-03, 1.8387e-04, 9.1593e-05,
        6.4483e-04, 2.5377e-04, 8.0581e-04, 7.9880e-04, 1.9249e-04, 6.4403e-05,
        7.2802e-05, 1.7839e-05, 1.5421e-04, 1.1982e-04, 1.9328e-04, 1.5979e-04,
        3.8568e-05, 3.8833e-04, 3.9487e-05, 2.0540e-04, 3.0218e-04, 1.2638e-04,
        1.1409e-04, 2.0081e-04, 5.2751e-05, 1.2312e-04, 6.3989e-06, 1.0445e-04,
        1.9295e-04, 1.6902e-04, 1.6734e-04, 2.4661e-04, 1.2744e-04, 3.9397e-05,
        1.3560e-04, 2.4449e-05, 2.2158e-04, 6.9701e-05, 1.3816e-05, 1.6381e-04,
        7.3809e-05, 1.2928e-04, 8.0653e-06, 2.5625e-05, 1.8222e-04, 3.0949e-05,
        3.2519e-05, 1.0081e-05, 5.8174e-06, 1.0500e-04, 1.9561e-05, 3.3484e-04,
        8.1983e-05, 7.8737e-05, 1.8926e-04, 1.3794e-04, 5.9387e-05, 8.8036e-05,
        4.6560e-05, 1.4545e-04, 2.8751e-05, 1.8266e-04, 1.6832e-06, 1.7636e-04,
        9.2310e-05, 8.0196e-05, 2.2413e-05, 3.2080e-04, 2.2507e-04, 8.1955e-05,
        1.1768e-04, 1.4423e-05, 1.5779e-04, 2.5703e-04, 7.1106e-06, 7.8784e-05,
        1.4577e-05, 8.5501e-05, 8.4266e-05, 1.4298e-04, 7.7918e-05, 2.6734e-05,
        4.0894e-04, 1.8962e-04, 9.6459e-05, 1.8471e-05, 3.1189e-05, 4.9410e-04,
        3.6229e-04, 1.1890e-04, 5.8684e-05, 1.7480e-04, 8.7802e-06, 9.6954e-06,
        1.7217e-04, 7.4334e-06, 5.7210e-05, 1.8289e-05, 1.3374e-04, 1.3653e-04,
        1.2258e-04, 6.1959e-05, 2.3170e-05, 6.3337e-05, 1.7389e-04, 1.7212e-05,
        5.5394e-05, 1.3568e-04, 1.6223e-04, 2.4967e-05, 3.2844e-05],
       grad_fn=<CatBackward>)

mean_overall=tensor(0.0001, grad_fn=<MeanBackward0>)

-----------------------------------------------ITERATION380-----------------------------------------------

final_causality=[[1, 1, 1, 1, 1, 1, 1, 1, 1, 1, 1, 1, 1], [1, 1, 1, 1, 1, 1, 1, 1, 1, 1, 1, 1, 1, 1, 1, 1, 1, 1, 1, 1, 1, 1, 1, 1, 1, 1, 1, 1, 1, 1, 1, 1, 1, 1, 1, 1, 1, 1, 1, 1, 1, 1, 1, 1, 1, 1, 1, 1, 1, 1], [1, 1, 1, 1, 1, 1, 1, 1, 1, 1, 1, 1, 1, 1, 1, 1, 1, 1, 1, 1, 1, 1, 1, 1, 1, 1, 1, 1, 1, 1, 1, 1, 1, 1, 1, 1, 1, 1, 1, 1, 1, 1, 1, 1, 1, 1, 1, 1, 1, 1]]

means=tensor([1.2693e-04, 3.9477e-04, 6.9258e-04, 1.3196e-03, 1.9768e-04, 9.6498e-05,
        6.6275e-04, 2.7542e-04, 8.3588e-04, 8.2562e-04, 2.0633e-04, 6.5040e-05,
        6.8491e-05, 1.8732e-05, 1.5809e-04, 1.2332e-04, 1.9593e-04, 1.6194e-04,
        3.9612e-05, 3.9313e-04, 4.0622e-05, 2.0778e-04, 3.0566e-04, 1.3025e-04,
        1.1713e-04, 2.0423e-04, 5.3853e-05, 1.2813e-04, 7.9180e-06, 1.0780e-04,
        1.9705e-04, 1.7217e-04, 1.7216e-04, 2.4945e-04, 1.2927e-04, 3.9971e-05,
        1.3499e-04, 2.3871e-05, 2.2621e-04, 7.2269e-05, 1.4010e-05, 1.6792e-04,
        7.5602e-05, 1.3453e-04, 7.8952e-06, 2.5618e-05, 1.8990e-04, 2.9455e-05,
        3.3551e-05, 1.0323e-05, 5.1080e-06, 1.0671e-04, 1.9952e-05, 3.4025e-04,
        8.3138e-05, 8.1112e-05, 1.9267e-04, 1.4363e-04, 5.9560e-05, 9.1501e-05,
        4.6983e-05, 1.4671e-04, 2.8655e-05, 1.8875e-04, 1.8007e-06, 1.8003e-04,
        9.3583e-05, 8.0312e-05, 2.2944e-05, 3.3168e-04, 2.3101e-04, 8.3440e-05,
        1.1888e-04, 1.5047e-05, 1.6099e-04, 2.6241e-04, 7.3944e-06, 8.3359e-05,
        1.4658e-05, 8.5365e-05, 8.6639e-05, 1.4694e-04, 7.7229e-05, 2.6245e-05,
        4.1727e-04, 1.9555e-04, 1.0021e-04, 1.8523e-05, 3.1666e-05, 5.0575e-04,
        3.7044e-04, 1.2081e-04, 5.8903e-05, 1.7898e-04, 8.6538e-06, 9.2902e-06,
        1.7557e-04, 7.6575e-06, 5.8710e-05, 1.8210e-05, 1.3709e-04, 1.4004e-04,
        1.2463e-04, 6.3507e-05, 2.4007e-05, 6.2099e-05, 1.7931e-04, 1.7892e-05,
        5.7267e-05, 1.4026e-04, 1.6756e-04, 2.4904e-05, 3.3602e-05],
       grad_fn=<CatBackward>)

mean_overall=tensor(0.0002, grad_fn=<MeanBackward0>)

-----------------------------------------------ITERATION390-----------------------------------------------

final_causality=[[1, 1, 1, 1, 1, 1, 1, 1, 1, 1, 1, 1, 1], [1, 1, 1, 1, 1, 1, 1, 1, 1, 1, 1, 1, 1, 1, 1, 1, 1, 1, 1, 1, 1, 1, 1, 1, 1, 1, 1, 1, 1, 1, 1, 1, 1, 1, 1, 1, 1, 1, 1, 1, 1, 1, 1, 1, 1, 1, 1, 1, 1, 1], [1, 1, 1, 1, 1, 1, 1, 1, 1, 1, 1, 1, 1, 1, 1, 1, 1, 1, 1, 1, 1, 1, 1, 1, 1, 1, 1, 1, 1, 1, 1, 1, 1, 1, 1, 1, 1, 1, 1, 1, 1, 1, 1, 1, 1, 1, 1, 1, 1, 1]]

means=tensor([1.3120e-04, 4.1286e-04, 7.1895e-04, 1.3576e-03, 2.1172e-04, 1.0159e-04,
        6.8091e-04, 2.9749e-04, 8.6639e-04, 8.5287e-04, 2.2072e-04, 6.5706e-05,
        6.3994e-05, 1.9664e-05, 1.6204e-04, 1.2686e-04, 1.9860e-04, 1.6406e-04,
        4.0671e-05, 3.9793e-04, 4.1770e-05, 2.1047e-04, 3.0916e-04, 1.3460e-04,
        1.2020e-04, 2.0766e-04, 5.4967e-05, 1.3325e-04, 9.4571e-06, 1.1124e-04,
        2.0118e-04, 1.7528e-04, 1.7706e-04, 2.5228e-04, 1.3114e-04, 4.0518e-05,
        1.3460e-04, 2.3315e-05, 2.3087e-04, 7.4887e-05, 1.4199e-05, 1.7207e-04,
        7.7394e-05, 1.3989e-04, 7.7093e-06, 2.5613e-05, 1.9778e-04, 2.8027e-05,
        3.4584e-05, 1.0572e-05, 4.3958e-06, 1.0846e-04, 2.0347e-05, 3.4566e-04,
        8.4817e-05, 8.3549e-05, 1.9625e-04, 1.4946e-04, 5.9812e-05, 9.5061e-05,
        4.7426e-05, 1.4800e-04, 2.8579e-05, 1.9487e-04, 1.9241e-06, 1.8373e-04,
        9.4904e-05, 8.0442e-05, 2.3489e-05, 3.4256e-04, 2.3710e-04, 8.4927e-05,
        1.2011e-04, 1.5697e-05, 1.6422e-04, 2.6783e-04, 7.7133e-06, 8.7931e-05,
        1.4727e-05, 8.5230e-05, 8.9040e-05, 1.5089e-04, 7.6485e-05, 2.5736e-05,
        4.2563e-04, 2.0149e-04, 1.0399e-04, 1.8576e-05, 3.2128e-05, 5.1743e-04,
        3.7861e-04, 1.2277e-04, 5.9131e-05, 1.8322e-04, 8.5195e-06, 8.8658e-06,
        1.7897e-04, 7.8921e-06, 6.0238e-05, 1.8130e-05, 1.4049e-04, 1.4364e-04,
        1.2674e-04, 6.5073e-05, 2.4873e-05, 6.0832e-05, 1.8478e-04, 1.8602e-05,
        5.9150e-05, 1.4488e-04, 1.7288e-04, 2.4838e-05, 3.4386e-05],
       grad_fn=<CatBackward>)

mean_overall=tensor(0.0002, grad_fn=<MeanBackward0>)

-----------------------------------------------ITERATION400-----------------------------------------------

final_causality=[[1, 1, 1, 1, 1, 1, 1, 1, 1, 1, 1, 1, 1], [1, 1, 1, 1, 1, 1, 1, 1, 1, 1, 1, 1, 1, 1, 1, 1, 1, 1, 1, 1, 1, 1, 1, 1, 1, 1, 1, 1, 1, 1, 1, 1, 1, 1, 1, 1, 1, 1, 1, 1, 1, 1, 1, 1, 1, 1, 1, 1, 1, 1], [1, 1, 1, 1, 1, 1, 1, 1, 1, 1, 1, 1, 1, 1, 1, 1, 1, 1, 1, 1, 1, 1, 1, 1, 1, 1, 1, 1, 1, 1, 1, 1, 1, 1, 1, 1, 1, 1, 1, 1, 1, 1, 1, 1, 1, 1, 1, 1, 1, 1]]

means=tensor([1.3554e-04, 4.3085e-04, 7.4573e-04, 1.3960e-03, 2.2600e-04, 1.0689e-04,
        6.9931e-04, 3.1998e-04, 8.9734e-04, 8.8056e-04, 2.3567e-04, 6.6401e-05,
        5.9305e-05, 2.0634e-05, 1.6606e-04, 1.3046e-04, 2.0131e-04, 1.6615e-04,
        4.1745e-05, 4.0271e-04, 4.2932e-05, 2.1316e-04, 3.1267e-04, 1.3904e-04,
        1.2332e-04, 2.1110e-04, 5.6128e-05, 1.3848e-04, 1.1017e-05, 1.1477e-04,
        2.0532e-04, 1.7836e-04, 1.8204e-04, 2.5509e-04, 1.3305e-04, 4.1040e-05,
        1.3444e-04, 2.2782e-05, 2.3555e-04, 7.7553e-05, 1.4384e-05, 1.7627e-04,
        7.9183e-05, 1.4535e-04, 7.5073e-06, 2.5739e-05, 2.0588e-04, 2.6661e-05,
        3.5615e-05, 1.0828e-05, 3.6805e-06, 1.1026e-04, 2.0746e-05, 3.5105e-04,
        8.6609e-05, 8.6045e-05, 1.9981e-04, 1.5545e-04, 6.0060e-05, 9.8715e-05,
        4.7887e-05, 1.4931e-04, 2.8521e-05, 2.0109e-04, 2.0537e-06, 1.8746e-04,
        9.6274e-05, 8.0587e-05, 2.4047e-05, 3.5342e-04, 2.4333e-04, 8.6416e-05,
        1.2138e-04, 1.6378e-05, 1.6748e-04, 2.7328e-04, 8.0440e-06, 9.2499e-05,
        1.4785e-05, 8.5169e-05, 9.1468e-05, 1.5485e-04, 7.5684e-05, 2.5206e-05,
        4.3402e-04, 2.0744e-04, 1.0779e-04, 1.8632e-05, 3.2572e-05, 5.2912e-04,
        3.8678e-04, 1.2478e-04, 5.9368e-05, 1.8749e-04, 8.3776e-06, 8.4225e-06,
        1.8238e-04, 8.1370e-06, 6.1794e-05, 1.8048e-05, 1.4392e-04, 1.4732e-04,
        1.2892e-04, 6.6658e-05, 2.5769e-05, 6.0118e-05, 1.9027e-04, 1.9343e-05,
        6.1043e-05, 1.4953e-04, 1.7821e-04, 2.4769e-05, 3.5196e-05],
       grad_fn=<CatBackward>)

mean_overall=tensor(0.0002, grad_fn=<MeanBackward0>)

-----------------------------------------------ITERATION410-----------------------------------------------

final_causality=[[1, 1, 1, 1, 1, 1, 1, 1, 1, 1, 1, 1, 1], [1, 1, 1, 1, 1, 1, 1, 1, 1, 1, 1, 1, 1, 1, 1, 1, 1, 1, 1, 1, 1, 1, 1, 1, 1, 1, 1, 1, 1, 1, 1, 1, 1, 1, 1, 1, 1, 1, 1, 1, 1, 1, 1, 1, 1, 1, 1, 1, 1, 1], [1, 1, 1, 1, 1, 1, 1, 1, 1, 1, 1, 1, 1, 1, 1, 1, 1, 1, 1, 1, 1, 1, 1, 1, 1, 1, 1, 1, 1, 1, 1, 1, 1, 1, 1, 1, 1, 1, 1, 1, 1, 1, 1, 1, 1, 1, 1, 1, 1, 1]]

means=tensor([1.3995e-04, 4.4869e-04, 7.7292e-04, 1.4349e-03, 2.4049e-04, 1.1239e-04,
        7.1794e-04, 3.4288e-04, 9.2872e-04, 9.0868e-04, 2.5122e-04, 6.7126e-05,
        5.4418e-05, 2.1643e-05, 1.7013e-04, 1.3411e-04, 2.0405e-04, 1.6820e-04,
        4.2833e-05, 4.0748e-04, 4.4109e-05, 2.1584e-04, 3.1619e-04, 1.4356e-04,
        1.2647e-04, 2.1454e-04, 5.7341e-05, 1.4382e-04, 1.2598e-05, 1.1838e-04,
        2.0948e-04, 1.8141e-04, 1.8709e-04, 2.5788e-04, 1.3499e-04, 4.1538e-05,
        1.3428e-04, 2.2272e-05, 2.4025e-04, 8.0265e-05, 1.4565e-05, 1.8050e-04,
        8.0970e-05, 1.5091e-04, 7.2892e-06, 2.5858e-05, 2.1416e-04, 2.5354e-05,
        3.6644e-05, 1.1090e-05, 2.9618e-06, 1.1210e-04, 2.1148e-05, 3.5643e-04,
        8.8425e-05, 8.8600e-05, 2.0334e-04, 1.6157e-04, 6.0305e-05, 1.0246e-04,
        4.8367e-05, 1.5064e-04, 2.8483e-05, 2.0735e-04, 2.1894e-06, 1.9123e-04,
        9.7693e-05, 8.0748e-05, 2.4618e-05, 3.6427e-04, 2.5005e-04, 8.7905e-05,
        1.2267e-04, 1.7079e-05, 1.7078e-04, 2.7875e-04, 8.3866e-06, 9.7060e-05,
        1.4830e-05, 8.6785e-05, 9.3920e-05, 1.5879e-04, 7.4825e-05, 2.4656e-05,
        4.4283e-04, 2.1339e-04, 1.1160e-04, 1.8690e-05, 3.3000e-05, 5.4083e-04,
        3.9497e-04, 1.2684e-04, 5.9613e-05, 1.9180e-04, 8.2284e-06, 7.9888e-06,
        1.8578e-04, 8.3923e-06, 6.3377e-05, 1.7963e-05, 1.4739e-04, 1.5108e-04,
        1.3116e-04, 6.8261e-05, 2.6693e-05, 6.0168e-05, 1.9581e-04, 2.0113e-05,
        6.3129e-05, 1.5422e-04, 1.8352e-04, 2.4697e-05, 3.6032e-05],
       grad_fn=<CatBackward>)

mean_overall=tensor(0.0002, grad_fn=<MeanBackward0>)

-----------------------------------------------ITERATION420-----------------------------------------------

final_causality=[[1, 1, 1, 1, 1, 1, 1, 1, 1, 1, 1, 1, 1], [1, 1, 1, 1, 1, 1, 1, 1, 1, 1, 1, 1, 1, 1, 1, 1, 1, 1, 1, 1, 1, 1, 1, 1, 1, 1, 1, 1, 1, 1, 1, 1, 1, 1, 1, 1, 1, 1, 1, 1, 1, 1, 1, 1, 1, 1, 1, 1, 1, 1], [1, 1, 1, 1, 1, 1, 1, 1, 1, 1, 1, 1, 1, 1, 1, 1, 1, 1, 1, 1, 1, 1, 1, 1, 1, 1, 1, 1, 1, 1, 1, 1, 1, 1, 1, 1, 1, 1, 1, 1, 1, 1, 1, 1, 1, 1, 1, 1, 1, 1]]

means=tensor([1.4442e-04, 4.6636e-04, 8.0051e-04, 1.4743e-03, 2.5521e-04, 1.1812e-04,
        7.3680e-04, 3.6620e-04, 9.6053e-04, 9.3724e-04, 2.6736e-04, 6.7881e-05,
        4.9326e-05, 2.2694e-05, 1.7427e-04, 1.3780e-04, 2.0681e-04, 1.7021e-04,
        4.3932e-05, 4.1223e-04, 4.5300e-05, 2.1852e-04, 3.1970e-04, 1.4816e-04,
        1.2967e-04, 2.1798e-04, 5.8562e-05, 1.4926e-04, 1.4202e-05, 1.2208e-04,
        2.1366e-04, 1.8441e-04, 1.9221e-04, 2.6064e-04, 1.3696e-04, 4.2012e-05,
        1.3411e-04, 2.1783e-05, 2.4496e-04, 8.3020e-05, 1.4742e-05, 1.8478e-04,
        8.2752e-05, 1.5657e-04, 7.0548e-06, 2.5970e-05, 2.2263e-04, 2.4105e-05,
        3.7669e-05, 1.1358e-05, 2.2392e-06, 1.1398e-04, 2.1555e-05, 3.6179e-04,
        9.0266e-05, 9.1212e-05, 2.0683e-04, 1.6784e-04, 6.0911e-05, 1.0630e-04,
        4.8865e-05, 1.5200e-04, 2.8465e-05, 2.1362e-04, 2.3314e-06, 1.9502e-04,
        9.9161e-05, 8.0925e-05, 2.5385e-05, 3.7509e-04, 2.5713e-04, 8.9394e-05,
        1.2399e-04, 1.7800e-05, 1.7410e-04, 2.8425e-04, 8.7410e-06, 1.0161e-04,
        1.4864e-05, 8.8497e-05, 9.6395e-05, 1.6273e-04, 7.3909e-05, 2.4131e-05,
        4.5188e-04, 2.1935e-04, 1.1543e-04, 1.8751e-05, 3.3409e-05, 5.5254e-04,
        4.0315e-04, 1.2895e-04, 5.9868e-05, 1.9615e-04, 8.0723e-06, 7.6280e-06,
        1.8917e-04, 8.6578e-06, 6.4986e-05, 1.7875e-05, 1.5090e-04, 1.5492e-04,
        1.3377e-04, 6.9882e-05, 2.7645e-05, 6.0232e-05, 2.0137e-04, 2.0913e-05,
        6.5252e-05, 1.5951e-04, 1.8882e-04, 2.4621e-05, 3.6895e-05],
       grad_fn=<CatBackward>)

mean_overall=tensor(0.0002, grad_fn=<MeanBackward0>)

-----------------------------------------------ITERATION430-----------------------------------------------

final_causality=[[1, 1, 1, 1, 1, 1, 1, 1, 1, 1, 1, 1, 1], [1, 1, 1, 1, 1, 1, 1, 1, 1, 1, 1, 1, 1, 1, 1, 1, 1, 1, 1, 1, 1, 1, 1, 1, 1, 1, 1, 1, 1, 1, 1, 1, 1, 1, 1, 1, 1, 1, 1, 1, 1, 1, 1, 1, 1, 1, 1, 1, 1, 1], [1, 1, 1, 1, 1, 1, 1, 1, 1, 1, 1, 1, 1, 1, 1, 1, 1, 1, 1, 1, 1, 1, 1, 1, 1, 1, 1, 1, 1, 1, 1, 1, 1, 1, 1, 1, 1, 1, 1, 1, 1, 1, 1, 1, 1, 1, 1, 1, 1, 1]]

means=tensor([1.4897e-04, 4.8379e-04, 8.2849e-04, 1.5141e-03, 2.7015e-04, 1.2408e-04,
        7.5586e-04, 3.8994e-04, 9.9277e-04, 9.6621e-04, 2.8412e-04, 6.8667e-05,
        4.4025e-05, 2.3787e-05, 1.7846e-04, 1.4152e-04, 2.0959e-04, 1.7218e-04,
        4.5042e-05, 4.1695e-04, 4.6507e-05, 2.2119e-04, 3.2322e-04, 1.5285e-04,
        1.3290e-04, 2.2142e-04, 5.9791e-05, 1.5479e-04, 1.5829e-05, 1.2586e-04,
        2.1785e-04, 1.8738e-04, 1.9740e-04, 2.6338e-04, 1.3897e-04, 4.2465e-05,
        1.3394e-04, 2.1317e-05, 2.4970e-04, 8.5818e-05, 1.4915e-05, 1.8909e-04,
        8.4528e-05, 1.6231e-04, 6.8042e-06, 2.6076e-05, 2.3127e-04, 2.2910e-05,
        3.8690e-05, 1.1631e-05, 1.5124e-06, 1.1590e-04, 2.1965e-05, 3.6714e-04,
        9.2131e-05, 9.3879e-05, 2.1028e-04, 1.7424e-04, 6.2969e-05, 1.1023e-04,
        4.9381e-05, 1.5338e-04, 2.8467e-05, 2.1991e-04, 2.4795e-06, 1.9883e-04,
        1.0068e-04, 8.1120e-05, 2.6184e-05, 3.8588e-04, 2.6436e-04, 9.0881e-05,
        1.2534e-04, 1.8541e-05, 1.7745e-04, 2.8977e-04, 9.1074e-06, 1.0615e-04,
        1.4885e-05, 9.0346e-05, 9.8891e-05, 1.6665e-04, 7.2934e-05, 2.3699e-05,
        4.6095e-04, 2.2530e-04, 1.1928e-04, 1.8813e-05, 3.3800e-05, 5.6424e-04,
        4.1133e-04, 1.3110e-04, 6.0131e-05, 2.0054e-04, 7.9097e-06, 7.2536e-06,
        1.9256e-04, 8.9333e-06, 6.6621e-05, 1.7784e-05, 1.5444e-04, 1.5883e-04,
        1.3644e-04, 7.1519e-05, 2.8640e-05, 6.1589e-05, 2.0697e-04, 2.1741e-05,
        6.8250e-05, 1.6614e-04, 1.9410e-04, 2.4542e-05, 3.7784e-05],
       grad_fn=<CatBackward>)

mean_overall=tensor(0.0002, grad_fn=<MeanBackward0>)

-----------------------------------------------ITERATION440-----------------------------------------------

final_causality=[[1, 1, 1, 1, 1, 1, 1, 1, 1, 1, 1, 1, 1], [1, 1, 1, 1, 1, 1, 1, 1, 1, 1, 1, 1, 1, 1, 1, 1, 1, 1, 1, 1, 1, 1, 1, 1, 1, 1, 1, 1, 1, 1, 1, 1, 1, 1, 1, 1, 1, 1, 1, 1, 1, 1, 1, 1, 1, 1, 1, 1, 1, 1], [1, 1, 1, 1, 1, 1, 1, 1, 1, 1, 1, 1, 1, 1, 1, 1, 1, 1, 1, 1, 1, 1, 1, 1, 1, 1, 1, 1, 1, 1, 1, 1, 1, 1, 1, 1, 1, 1, 1, 1, 1, 1, 1, 1, 1, 1, 1, 1, 1, 1]]

means=tensor([1.5358e-04, 5.0095e-04, 8.5687e-04, 1.5543e-03, 2.8530e-04, 1.3027e-04,
        7.7512e-04, 4.1410e-04, 1.0254e-03, 9.9559e-04, 3.0151e-04, 6.9484e-05,
        3.8506e-05, 2.4921e-05, 1.8270e-04, 1.4528e-04, 2.1240e-04, 1.7412e-04,
        4.6161e-05, 4.2165e-04, 4.7729e-05, 2.2384e-04, 3.2672e-04, 1.5762e-04,
        1.3617e-04, 2.2486e-04, 6.1029e-05, 1.6042e-04, 1.7480e-05, 1.2971e-04,
        2.2205e-04, 1.9031e-04, 2.0266e-04, 2.6609e-04, 1.4101e-04, 4.2895e-05,
        1.3376e-04, 2.0873e-05, 2.5445e-04, 8.8655e-05, 1.5084e-05, 1.9343e-04,
        8.6298e-05, 1.6814e-04, 6.5372e-06, 2.6176e-05, 2.4008e-04, 2.2058e-05,
        3.9705e-05, 1.1909e-05, 7.8106e-07, 1.1786e-04, 2.2379e-05, 3.7245e-04,
        9.4023e-05, 9.6600e-05, 2.1369e-04, 1.8076e-04, 6.4986e-05, 1.1424e-04,
        5.0078e-05, 1.5477e-04, 2.8489e-05, 2.2622e-04, 2.6339e-06, 2.0267e-04,
        1.0224e-04, 8.1334e-05, 2.7004e-05, 3.9662e-04, 2.7173e-04, 9.2366e-05,
        1.2671e-04, 1.9300e-05, 1.8083e-04, 2.9530e-04, 9.4858e-06, 1.1067e-04,
        1.4893e-05, 9.2226e-05, 1.0141e-04, 1.7057e-04, 7.1902e-05, 2.3252e-05,
        4.7004e-04, 2.3125e-04, 1.2314e-04, 1.8878e-05, 3.4172e-05, 5.7593e-04,
        4.1950e-04, 1.3329e-04, 6.0403e-05, 2.0497e-04, 7.7411e-06, 6.8658e-06,
        1.9595e-04, 9.2188e-06, 6.8281e-05, 1.7688e-05, 1.5910e-04, 1.6282e-04,
        1.3917e-04, 7.3173e-05, 2.9710e-05, 6.3073e-05, 2.1259e-04, 2.2597e-05,
        7.1644e-05, 1.7290e-04, 1.9935e-04, 2.4459e-05, 3.8701e-05],
       grad_fn=<CatBackward>)

mean_overall=tensor(0.0002, grad_fn=<MeanBackward0>)

