loss_training=[0.1451023936284761, 0.025240941757389074, 0.01163532391884344, 0.014008552450928854, 0.009861605270582373, 0.010209122943960747, 0.009799179857387874, 0.009750711450067312, 0.009691695463695327, 0.00965754174915745, 0.009623181746376677, 0.009591885873870411, 0.009558536262728543, 0.009524975708636732, 0.009489950233152297, 0.009453918353466624, 0.009416705806980383, 0.00937835853173193, 0.00933887130525458, 0.009298232898408794, 0.009256431461609572, 0.009213445456260305, 0.00916924790846519, 0.009123805960294652, 0.009077081072573922, 0.009029029529042523, 0.008979602723573444, 0.008928747528843437, 0.008876406622284378, 0.008822518902026844, 0.0087670198318165, 0.008709841887259276, 0.00865091501166758, 0.00859016709432158, 0.008527524519336596, 0.008462912761879573, 0.008396257076030094, 0.00832748314894317, 0.008256517919277838, 0.008183290412993819, 0.00810773266556428, 0.008029780705773894, 0.007949375606369326, 0.007866464631548276, 0.007781002415968079]

test_loss_training=[0.28317994232836224, 0.10491274432124846, 0.05168768770034345, 0.049908015092330386, 0.06281195472792203, 0.07058492084470938, 0.06555635236334109, 0.061633912326711324, 0.06276249176975163, 0.06413948545670939, 0.06348350298454905, 0.06284213288946751, 0.06296671877296432, 0.06295214624809907, 0.06267105627831199, 0.06250400292516174, 0.06238978601633845, 0.06220510064451672, 0.062018836705918755, 0.06184823397269224, 0.06165987352454629, 0.06146339293495487, 0.06126567214756289, 0.06105903007799259, 0.060844998299690194, 0.060624910970622725, 0.06039681114433424, 0.06016091176405591, 0.05991710363037661, 0.059664679429100066, 0.059403443541665116, 0.05913299641482286, 0.05885288211314441, 0.0585627354357558, 0.05826211629995055, 0.057950599498560275, 0.057627765084102445, 0.05729318225261809, 0.05694643549771956, 0.056587116734481156, 0.05621483345512984, 0.05582921544122744, 0.05542991813742716, 0.05501663060233197, 0.054589081117020856]

loss_control_training_MSE=[0.12711079074201762, 0.02030302148780675, 0.0124630221083786, 0.013491439979205542, 0.00979008818663484, 0.010212708972571571, 0.009766717349922691, 0.009753455904033106, 0.009684238561479843, 0.009655419452805803, 0.009619614128254217, 0.009588780899922036, 0.009555232262191736, 0.009521569237738538, 0.009486444930687598, 0.009450288997341651, 0.009412967721647774, 0.009374505810043763, 0.009334905040735843, 0.00929415201573447, 0.009252234039865049, 0.009209129224690568, 0.009164809885961224, 0.009119242596924572, 0.009072388291262407, 0.009024202754157877, 0.008974636922790463, 0.008923637231783433, 0.008871145980769433, 0.008817101696119814, 0.008761439530130475, 0.008704091685051062, 0.00864498787143956, 0.00858405581073848, 0.008521221782260151, 0.008456411223548095, 0.008389549387635949, 0.008320562062311979, 0.008249376359853683, 0.00817592156802594, 0.008100130075334807, 0.008021938368538527, 0.007941288100722843, 0.007858127227771718, 0.007772411208693325]

variances=[1.5015382570029276e-09, 1.5874266068153749e-09, 1.8696223714658116e-09, 1.8886851606512856e-09, 1.7513910678838661e-09, 1.6822444649772717e-09, 1.7058638708014741e-09, 1.7459421491698746e-09, 1.76107212147116e-09, 1.7835798731444427e-09, 1.8373946694622434e-09, 1.9105372861665254e-09, 1.981987045459523e-09, 2.0685662664382217e-09, 2.180164056981644e-09, 2.314649785489483e-09, 2.473860724288024e-09, 2.660846190535965e-09, 2.8773467704463e-09, 3.1260783093956905e-09, 3.4094182259348277e-09, 3.7298378130372306e-09, 4.089958205664273e-09, 4.494073643219241e-09, 4.945423948942045e-09, 5.447245734245286e-09, 6.003020739880328e-09, 6.617361296249012e-09, 7.294057925869123e-09, 8.039282702355752e-09, 8.859080584109949e-09, 9.760646740920844e-09, 1.0750627979396875e-08, 1.1836718736726555e-08, 1.302616044588047e-08, 1.4326354399872774e-08, 1.5748785700424662e-08, 1.7303935544001447e-08, 1.900253308742738e-08, 2.0857363408242775e-08, 2.288279911716027e-08, 2.5093773060883673e-08, 2.750711386683846e-08, 3.01412661175616e-08, 3.3012671570940285e-08]

ACE_values=[3.873883448158087e-05, 3.869714569913739e-05, 4.051252136013542e-05, 4.0918034608508696e-05, 3.99055963062422e-05, 3.9551052321284974e-05, 3.9881020112727334e-05, 4.0274340107299184e-05, 4.041505605455838e-05, 4.0539259044223835e-05, 4.079587616851759e-05, 4.1097521782121216e-05, 4.1550386168565e-05, 4.210225480814077e-05, 4.270627290260614e-05, 4.334623426137397e-05, 4.402959480670193e-05, 4.477648600346909e-05, 4.559042748301749e-05, 4.646579305693129e-05, 4.740230464281366e-05, 4.8401690959273846e-05, 4.9468178785834615e-05, 5.059659831968151e-05, 5.1786109946847425e-05, 5.3045841399652105e-05, 5.438869156240258e-05, 5.5809372028548654e-05, 5.732797183808674e-05, 5.8932676139049356e-05, 6.063069983501817e-05, 6.242379732044835e-05, 6.430647459337022e-05, 6.628598011068312e-05, 6.837565291752173e-05, 7.059339189426513e-05, 7.292541279328601e-05, 7.538435576732747e-05, 7.797423101162854e-05, 8.069888756357597e-05, 8.355756994810404e-05, 8.655151758369356e-05, 8.96943967199114e-05, 9.299460573573997e-05, 9.647047903253088e-05]

-------------------------------CAUSAL NEURAL NET-------------------------------

loss_test_causal=tensor(0.0542, grad_fn=<MseLossBackward>)

