-----------------------------------------------ITERATION0-----------------------------------------------

final_causality=[[1, 1, 1, 1, 1, 1, 1, 1, 1, 1, 1, 1, 1], [1, 1, 1, 1, 1, 1, 1, 1, 1, 1, 1, 1, 1, 1, 1, 1, 1, 1, 1, 1, 1, 1, 1, 1, 1, 1, 1, 1, 1, 1, 1, 1, 1, 1, 1, 1, 1, 1, 1, 1, 1, 1, 1, 1, 1, 1, 1, 1, 1, 1], [1, 1, 1, 1, 1, 1, 1, 1, 1, 1, 1, 1, 1, 1, 1, 1, 1, 1, 1, 1, 1, 1, 1, 1, 1, 1, 1, 1, 1, 1, 1, 1, 1, 1, 1, 1, 1, 1, 1, 1, 1, 1, 1, 1, 1, 1, 1, 1, 1, 1]]

means=tensor([1.9566e-05, 0.0000e+00, 0.0000e+00, 0.0000e+00, 3.7608e-05, 7.0296e-05,
        1.5041e-04, 3.1488e-05, 0.0000e+00, 0.0000e+00, 0.0000e+00, 3.1052e-04,
        4.0934e-05, 2.1002e-05, 5.1040e-05, 3.9854e-06, 9.0005e-05, 4.5269e-05,
        6.8648e-06, 8.5177e-06, 9.6929e-05, 5.8283e-05, 2.3353e-05, 2.3934e-05,
        2.2683e-06, 1.0803e-05, 5.7738e-05, 3.1707e-05, 3.0982e-05, 6.7678e-06,
        4.8909e-05, 2.7763e-05, 1.6570e-05, 2.3283e-05, 3.6249e-05, 2.4106e-05,
        4.7424e-06, 4.6250e-05, 1.1683e-05, 4.9373e-05, 1.2064e-05, 2.1682e-05,
        2.6353e-05, 2.9517e-05, 1.5111e-05, 1.9379e-05, 1.3641e-04, 1.0080e-05,
        3.4051e-05, 5.2249e-05, 2.0412e-05, 1.6427e-05, 3.8337e-06, 1.0902e-04,
        3.1721e-05, 3.2338e-05, 1.2803e-06, 8.3954e-06, 6.6664e-05, 3.1656e-05,
        4.7662e-06, 5.6334e-05, 6.3601e-06, 3.8324e-05, 4.9259e-05, 4.7096e-05,
        4.2698e-05, 8.8853e-06, 1.2489e-05, 6.8699e-05, 7.3385e-05, 4.6427e-05,
        3.0680e-05, 2.7039e-05, 3.5740e-06, 8.6204e-05, 5.4487e-05, 2.2701e-05,
        3.9992e-05, 5.0852e-05, 9.6098e-06, 5.0844e-05, 3.2564e-05, 4.5835e-05,
        2.6632e-05, 5.2420e-05, 4.7678e-06, 4.6970e-05, 1.0023e-05, 4.8501e-05,
        3.9886e-05, 2.9867e-05, 3.0982e-05, 3.0739e-05, 1.6426e-06, 4.0107e-06,
        4.4202e-05, 5.1503e-07, 1.0899e-05, 4.6908e-06, 3.1942e-05, 4.2885e-05,
        7.5934e-05, 2.6615e-05, 2.2708e-05, 3.8734e-05, 5.7170e-06, 2.9587e-05,
        6.1313e-06, 4.1704e-06, 2.9870e-05, 2.7584e-05, 1.8780e-05],
       grad_fn=<CatBackward>)

mean_overall=tensor(3.4109e-05, grad_fn=<MeanBackward0>)

-----------------------------------------------ITERATION10-----------------------------------------------

final_causality=[[1, 1, 1, 1, 1, 1, 1, 1, 1, 1, 1, 1, 1], [1, 1, 1, 1, 1, 1, 1, 1, 1, 1, 1, 1, 1, 1, 1, 1, 1, 1, 1, 1, 1, 1, 1, 1, 1, 1, 1, 1, 1, 1, 1, 1, 1, 1, 1, 1, 1, 1, 1, 1, 1, 1, 1, 1, 1, 1, 1, 1, 1, 1], [1, 1, 1, 1, 1, 1, 1, 1, 1, 1, 1, 1, 1, 1, 1, 1, 1, 1, 1, 1, 1, 1, 1, 1, 1, 1, 1, 1, 1, 1, 1, 1, 1, 1, 1, 1, 1, 1, 1, 1, 1, 1, 1, 1, 1, 1, 1, 1, 1, 1]]

means=tensor([9.0231e-06, 0.0000e+00, 0.0000e+00, 0.0000e+00, 3.7531e-05, 5.6013e-05,
        1.6915e-04, 3.3710e-05, 0.0000e+00, 0.0000e+00, 0.0000e+00, 3.9594e-04,
        6.3524e-05, 1.1505e-05, 3.4105e-05, 1.3079e-05, 1.0247e-04, 6.2061e-05,
        4.6885e-06, 1.4734e-06, 1.0660e-04, 4.8785e-05, 8.0552e-06, 2.8041e-05,
        5.5518e-06, 2.4262e-05, 4.2236e-05, 4.0889e-05, 4.6764e-05, 3.6660e-06,
        6.5020e-05, 3.7779e-05, 2.6310e-05, 3.7989e-05, 1.7544e-05, 4.4908e-05,
        2.4947e-05, 5.7533e-05, 1.5688e-05, 5.7026e-05, 4.3852e-05, 1.1992e-05,
        1.5912e-05, 1.1193e-05, 1.6562e-06, 2.6365e-06, 1.5602e-04, 6.2380e-06,
        1.3679e-05, 3.7481e-05, 3.7566e-05, 1.0256e-06, 1.9176e-05, 8.8014e-05,
        4.4734e-05, 2.4361e-05, 1.2608e-05, 2.0170e-05, 5.2278e-05, 3.6276e-05,
        1.9198e-05, 6.4676e-05, 1.4535e-05, 4.2284e-05, 5.0385e-05, 4.3833e-05,
        3.9895e-05, 9.8029e-06, 1.0095e-05, 6.2975e-05, 7.8732e-05, 4.6814e-05,
        3.4152e-05, 2.9384e-05, 2.7220e-07, 7.8636e-05, 5.6160e-05, 2.1541e-05,
        3.9567e-05, 4.6867e-05, 1.2865e-05, 5.2866e-05, 3.0828e-05, 4.2990e-05,
        2.3503e-05, 5.0231e-05, 6.3281e-06, 4.8852e-05, 8.8886e-06, 5.1345e-05,
        3.9759e-05, 2.7307e-05, 3.0356e-05, 2.7905e-05, 1.2851e-06, 5.5255e-06,
        4.2890e-05, 1.7568e-06, 8.8500e-06, 6.1974e-06, 3.6000e-05, 4.3077e-05,
        7.9761e-05, 2.6328e-05, 2.1082e-05, 3.9515e-05, 5.7007e-06, 2.6087e-05,
        7.3336e-06, 2.7709e-06, 3.3388e-05, 2.7504e-05, 1.7550e-05],
       grad_fn=<CatBackward>)

mean_overall=tensor(3.5816e-05, grad_fn=<MeanBackward0>)

-----------------------------------------------ITERATION20-----------------------------------------------

final_causality=[[1, 1, 1, 1, 1, 1, 1, 1, 1, 1, 1, 1, 1], [1, 1, 1, 1, 1, 1, 1, 1, 1, 1, 1, 1, 1, 1, 1, 1, 1, 1, 1, 1, 1, 1, 1, 1, 1, 1, 1, 1, 1, 1, 1, 1, 1, 1, 1, 1, 1, 1, 1, 1, 1, 1, 1, 1, 1, 1, 1, 1, 1, 1], [1, 1, 1, 1, 1, 1, 1, 1, 1, 1, 1, 1, 1, 1, 1, 1, 1, 1, 1, 1, 1, 1, 1, 1, 1, 1, 1, 1, 1, 1, 1, 1, 1, 1, 1, 1, 1, 1, 1, 1, 1, 1, 1, 1, 1, 1, 1, 1, 1, 1]]

means=tensor([1.0871e-06, 6.9389e-18, 6.9389e-18, 6.9389e-18, 3.9424e-05, 4.6340e-05,
        1.8811e-04, 3.4283e-05, 6.9389e-18, 0.0000e+00, 6.9389e-18, 4.7209e-04,
        8.6618e-05, 3.5932e-06, 1.9501e-05, 1.9958e-05, 1.1259e-04, 7.5850e-05,
        1.5679e-05, 3.9169e-06, 1.1341e-04, 3.9877e-05, 4.4659e-06, 3.1308e-05,
        1.2611e-05, 3.5930e-05, 2.9149e-05, 4.9292e-05, 5.9713e-05, 1.2949e-05,
        7.7479e-05, 4.6629e-05, 3.4733e-05, 5.1099e-05, 1.8362e-06, 6.1829e-05,
        4.1708e-05, 6.6768e-05, 4.0660e-05, 6.3337e-05, 7.0456e-05, 4.0175e-06,
        6.8020e-06, 3.9785e-06, 9.3237e-06, 1.1376e-05, 1.7226e-04, 2.0882e-05,
        2.9029e-06, 2.4390e-05, 5.1713e-05, 1.6414e-05, 3.1295e-05, 7.0040e-05,
        5.5314e-05, 1.7785e-05, 2.2158e-05, 3.0475e-05, 3.9612e-05, 4.0382e-05,
        3.1517e-05, 7.1269e-05, 2.1451e-05, 4.5160e-05, 5.1820e-05, 4.3385e-05,
        3.7113e-05, 1.0346e-05, 7.8952e-06, 5.7911e-05, 8.3025e-05, 4.6754e-05,
        3.6390e-05, 3.1459e-05, 2.5503e-06, 7.1972e-05, 5.7171e-05, 2.0695e-05,
        3.9317e-05, 4.3156e-05, 1.5896e-05, 5.4094e-05, 3.0806e-05, 4.0343e-05,
        2.0642e-05, 4.8164e-05, 7.7481e-06, 5.0110e-05, 8.2402e-06, 5.3319e-05,
        3.9235e-05, 2.4999e-05, 2.9461e-05, 2.5415e-05, 3.8412e-06, 7.0798e-06,
        4.2576e-05, 2.9105e-06, 6.8229e-06, 7.4185e-06, 4.0568e-05, 4.2609e-05,
        8.2234e-05, 2.5770e-05, 1.9480e-05, 4.1098e-05, 5.5606e-06, 2.4564e-05,
        8.5061e-06, 1.5297e-06, 3.6599e-05, 2.7206e-05, 1.7335e-05],
       grad_fn=<CatBackward>)

mean_overall=tensor(3.8920e-05, grad_fn=<MeanBackward0>)

-----------------------------------------------ITERATION30-----------------------------------------------

final_causality=[[1, 1, 1, 1, 1, 1, 1, 1, 1, 1, 1, 1, 1], [1, 1, 1, 1, 1, 1, 1, 1, 1, 1, 1, 1, 1, 1, 1, 1, 1, 1, 1, 1, 1, 1, 1, 1, 1, 1, 1, 1, 1, 1, 1, 1, 1, 1, 1, 1, 1, 1, 1, 1, 1, 1, 1, 1, 1, 1, 1, 1, 1, 1], [1, 1, 1, 1, 1, 1, 1, 1, 1, 1, 1, 1, 1, 1, 1, 1, 1, 1, 1, 1, 1, 1, 1, 1, 1, 1, 1, 1, 1, 1, 1, 1, 1, 1, 1, 1, 1, 1, 1, 1, 1, 1, 1, 1, 1, 1, 1, 1, 1, 1]]

means=tensor([1.6676e-06, 0.0000e+00, 0.0000e+00, 0.0000e+00, 4.3499e-05, 4.3179e-05,
        2.0553e-04, 3.3064e-05, 0.0000e+00, 0.0000e+00, 0.0000e+00, 5.3374e-04,
        1.0789e-04, 1.8578e-06, 9.2895e-06, 2.4223e-05, 1.1945e-04, 8.5060e-05,
        2.3236e-05, 7.7459e-06, 1.1726e-04, 3.3241e-05, 1.3962e-05, 3.4185e-05,
        1.7846e-05, 4.4246e-05, 2.0126e-05, 5.5379e-05, 6.8383e-05, 1.9603e-05,
        8.5314e-05, 5.3053e-05, 4.0732e-05, 6.0537e-05, 8.7817e-06, 7.3098e-05,
        5.3141e-05, 7.3055e-05, 5.8018e-05, 6.7740e-05, 8.8702e-05, 1.3289e-06,
        3.8227e-07, 1.4269e-05, 1.6832e-05, 2.1350e-05, 1.8344e-04, 3.1104e-05,
        1.4601e-05, 1.5074e-05, 6.1167e-05, 2.6886e-05, 3.8989e-05, 5.7569e-05,
        6.2311e-05, 1.3237e-05, 2.8668e-05, 3.7812e-05, 3.0644e-05, 4.3419e-05,
        4.0038e-05, 7.5474e-05, 2.6217e-05, 4.6940e-05, 5.3137e-05, 4.3084e-05,
        3.5120e-05, 1.0538e-05, 6.3266e-06, 5.4142e-05, 8.5852e-05, 4.6835e-05,
        3.7792e-05, 3.2959e-05, 4.5751e-06, 6.7224e-05, 5.7475e-05, 2.0297e-05,
        3.9037e-05, 4.0414e-05, 1.8227e-05, 5.4672e-05, 3.0861e-05, 3.8476e-05,
        1.8621e-05, 4.6768e-05, 8.8104e-06, 5.0847e-05, 8.0496e-06, 5.4406e-05,
        3.8613e-05, 2.3406e-05, 2.9285e-05, 2.3728e-05, 5.7009e-06, 8.2941e-06,
        4.2295e-05, 3.9831e-06, 5.2768e-06, 8.2049e-06, 4.4144e-05, 4.2151e-05,
        8.3351e-05, 2.5122e-05, 1.8343e-05, 4.2457e-05, 5.4378e-06, 2.3616e-05,
        9.7710e-06, 6.2696e-07, 3.9068e-05, 2.6828e-05, 1.7134e-05],
       grad_fn=<CatBackward>)

mean_overall=tensor(4.1991e-05, grad_fn=<MeanBackward0>)

-----------------------------------------------ITERATION40-----------------------------------------------

final_causality=[[1, 1, 1, 1, 1, 1, 1, 1, 1, 1, 1, 1, 1], [1, 1, 1, 1, 1, 1, 1, 1, 1, 1, 1, 1, 1, 1, 1, 1, 1, 1, 1, 1, 1, 1, 1, 1, 1, 1, 1, 1, 1, 1, 1, 1, 1, 1, 1, 1, 1, 1, 1, 1, 1, 1, 1, 1, 1, 1, 1, 1, 1, 1], [1, 1, 1, 1, 1, 1, 1, 1, 1, 1, 1, 1, 1, 1, 1, 1, 1, 1, 1, 1, 1, 1, 1, 1, 1, 1, 1, 1, 1, 1, 1, 1, 1, 1, 1, 1, 1, 1, 1, 1, 1, 1, 1, 1, 1, 1, 1, 1, 1, 1]]

means=tensor([3.6112e-06, 0.0000e+00, 0.0000e+00, 0.0000e+00, 4.5475e-05, 4.3430e-05,
        2.1476e-04, 3.1487e-05, 0.0000e+00, 0.0000e+00, 0.0000e+00, 5.7012e-04,
        1.1760e-04, 4.6447e-06, 4.4340e-06, 2.6060e-05, 1.2286e-04, 8.9118e-05,
        2.6885e-05, 9.6234e-06, 1.1874e-04, 2.9946e-05, 1.8368e-05, 3.5471e-05,
        2.0466e-05, 4.8324e-05, 1.5765e-05, 5.8408e-05, 7.2177e-05, 2.3097e-05,
        8.8757e-05, 5.6264e-05, 4.3670e-05, 6.5193e-05, 1.4063e-05, 7.8469e-05,
        5.8666e-05, 7.6110e-05, 6.6665e-05, 6.9958e-05, 9.7690e-05, 4.0919e-06,
        2.4989e-06, 1.9231e-05, 2.0292e-05, 2.5948e-05, 1.8889e-04, 3.6253e-05,
        2.0377e-05, 1.0555e-05, 6.5328e-05, 3.1631e-05, 4.2384e-05, 5.1726e-05,
        6.5338e-05, 1.1067e-05, 3.1526e-05, 4.1376e-05, 2.6296e-05, 4.4977e-05,
        4.4091e-05, 7.7158e-05, 2.8408e-05, 4.7885e-05, 5.3946e-05, 4.2904e-05,
        3.4224e-05, 1.0615e-05, 5.5837e-06, 5.2226e-05, 8.7327e-05, 4.6964e-05,
        3.8458e-05, 3.3835e-05, 5.5678e-06, 6.4764e-05, 5.7180e-05, 2.0181e-05,
        3.8713e-05, 3.8975e-05, 1.9470e-05, 5.5156e-05, 3.0892e-05, 3.7816e-05,
        1.7771e-05, 4.6174e-05, 9.4093e-06, 5.1567e-05, 7.9696e-06, 5.5010e-05,
        3.8283e-05, 2.2909e-05, 2.9231e-05, 2.2931e-05, 6.6594e-06, 8.9389e-06,
        4.2208e-05, 4.6222e-06, 4.5005e-06, 8.5585e-06, 4.6082e-05, 4.1949e-05,
        8.3459e-05, 2.5255e-05, 1.7689e-05, 4.3386e-05, 5.7680e-06, 2.3145e-05,
        1.0472e-05, 1.7966e-07, 4.0535e-05, 2.6513e-05, 1.7153e-05],
       grad_fn=<CatBackward>)

mean_overall=tensor(4.3689e-05, grad_fn=<MeanBackward0>)

-----------------------------------------------ITERATION50-----------------------------------------------

final_causality=[[1, 1, 1, 1, 1, 1, 1, 1, 1, 1, 1, 1, 1], [1, 1, 1, 1, 1, 1, 1, 1, 1, 1, 1, 1, 1, 1, 1, 1, 1, 1, 1, 1, 1, 1, 1, 1, 1, 1, 1, 1, 1, 1, 1, 1, 1, 1, 1, 1, 1, 1, 1, 1, 1, 1, 1, 1, 1, 1, 1, 1, 1, 1], [1, 1, 1, 1, 1, 1, 1, 1, 1, 1, 1, 1, 1, 1, 1, 1, 1, 1, 1, 1, 1, 1, 1, 1, 1, 1, 1, 1, 1, 1, 1, 1, 1, 1, 1, 1, 1, 1, 1, 1, 1, 1, 1, 1, 1, 1, 1, 1, 1, 1]]

means=tensor([5.6721e-06, 0.0000e+00, 0.0000e+00, 0.0000e+00, 4.2585e-05, 4.3497e-05,
        2.1309e-04, 3.0790e-05, 0.0000e+00, 0.0000e+00, 0.0000e+00, 5.7962e-04,
        1.1184e-04, 4.9874e-06, 3.9578e-06, 2.6250e-05, 1.2357e-04, 8.9097e-05,
        2.7526e-05, 9.7798e-06, 1.1869e-04, 2.9573e-05, 1.8669e-05, 3.5455e-05,
        2.0693e-05, 4.8833e-05, 1.5112e-05, 5.8813e-05, 7.2065e-05, 2.3469e-05,
        8.8951e-05, 5.6703e-05, 4.4014e-05, 6.5775e-05, 1.4767e-05, 7.9441e-05,
        5.9591e-05, 7.6634e-05, 6.8451e-05, 7.0385e-05, 9.9549e-05, 4.4407e-06,
        2.8464e-06, 1.9954e-05, 2.0660e-05, 2.6194e-05, 1.8976e-04, 3.7402e-05,
        2.1293e-05, 9.9665e-06, 6.5345e-05, 3.1886e-05, 4.2818e-05, 5.1302e-05,
        6.5252e-05, 1.0824e-05, 3.1437e-05, 4.1802e-05, 2.5729e-05, 4.5308e-05,
        4.4605e-05, 7.6916e-05, 2.8503e-05, 4.8240e-05, 5.4147e-05, 4.2714e-05,
        3.4229e-05, 1.0711e-05, 5.5088e-06, 5.1951e-05, 8.7898e-05, 4.6940e-05,
        3.8548e-05, 3.4297e-05, 5.6426e-06, 6.4097e-05, 5.6497e-05, 2.0151e-05,
        3.8279e-05, 3.8596e-05, 1.9702e-05, 5.5897e-05, 3.0982e-05, 3.8238e-05,
        1.7696e-05, 4.6156e-05, 9.6108e-06, 5.2554e-05, 7.8411e-06, 5.5496e-05,
        3.8274e-05, 2.3235e-05, 2.9246e-05, 2.2813e-05, 6.8075e-06, 9.0422e-06,
        4.2254e-05, 4.6722e-06, 4.4022e-06, 8.6381e-06, 4.6407e-05, 4.1939e-05,
        8.3024e-05, 2.5336e-05, 1.7603e-05, 4.3838e-05, 5.6734e-06, 2.2952e-05,
        1.0547e-05, 1.1702e-07, 4.1120e-05, 2.6482e-05, 1.7381e-05],
       grad_fn=<CatBackward>)

mean_overall=tensor(4.3863e-05, grad_fn=<MeanBackward0>)

-----------------------------------------------ITERATION60-----------------------------------------------

final_causality=[[1, 1, 1, 1, 1, 1, 1, 1, 1, 1, 1, 1, 1], [1, 1, 1, 1, 1, 1, 1, 1, 1, 1, 1, 1, 1, 1, 1, 1, 1, 1, 1, 1, 1, 1, 1, 1, 1, 1, 1, 1, 1, 1, 1, 1, 1, 1, 1, 1, 1, 1, 1, 1, 1, 1, 1, 1, 1, 1, 1, 1, 1, 1], [1, 1, 1, 1, 1, 1, 1, 1, 1, 1, 1, 1, 1, 1, 1, 1, 1, 1, 1, 1, 1, 1, 1, 1, 1, 1, 1, 1, 1, 1, 1, 1, 1, 1, 1, 1, 1, 1, 1, 1, 1, 1, 1, 1, 1, 1, 1, 1, 1, 1]]

means=tensor([7.7664e-06, 0.0000e+00, 0.0000e+00, 0.0000e+00, 3.7296e-05, 4.3248e-05,
        2.0606e-04, 3.0633e-05, 0.0000e+00, 0.0000e+00, 0.0000e+00, 5.7577e-04,
        9.8767e-05, 4.1836e-06, 5.5577e-06, 2.5693e-05, 1.2304e-04, 8.7163e-05,
        2.6733e-05, 9.1145e-06, 1.1796e-04, 3.0603e-05, 1.7045e-05, 3.4974e-05,
        1.9770e-05, 4.7644e-05, 1.6190e-05, 5.7966e-05, 7.0118e-05, 2.2500e-05,
        8.7667e-05, 5.5820e-05, 4.3122e-05, 6.4420e-05, 1.3310e-05, 7.8359e-05,
        5.8347e-05, 7.5970e-05, 6.6949e-05, 6.9970e-05, 9.8056e-05, 3.6568e-06,
        1.8531e-06, 1.8676e-05, 1.9591e-05, 2.4412e-05, 1.8848e-04, 3.6574e-05,
        1.9916e-05, 1.1235e-05, 6.3429e-05, 3.0238e-05, 4.1895e-05, 5.3454e-05,
        6.3708e-05, 1.1492e-05, 3.0005e-05, 4.0737e-05, 2.6953e-05, 4.5061e-05,
        4.3450e-05, 7.5767e-05, 2.7617e-05, 4.8325e-05, 5.4051e-05, 4.2514e-05,
        3.4660e-05, 1.0771e-05, 5.7502e-06, 5.2470e-05, 8.8036e-05, 4.6836e-05,
        3.8359e-05, 3.4539e-05, 5.2752e-06, 6.4262e-05, 5.5671e-05, 2.0120e-05,
        3.7808e-05, 3.8720e-05, 1.9424e-05, 5.6751e-05, 3.1089e-05, 3.9152e-05,
        1.8083e-05, 4.6415e-05, 9.6031e-06, 5.3651e-05, 7.6794e-06, 5.5921e-05,
        3.8428e-05, 2.3928e-05, 2.9291e-05, 2.3059e-05, 6.5385e-06, 8.8792e-06,
        4.2369e-05, 4.4241e-06, 4.6306e-06, 8.5772e-06, 4.5941e-05, 4.2025e-05,
        8.2400e-05, 2.5376e-05, 1.7821e-05, 4.4029e-05, 5.3794e-06, 2.2883e-05,
        1.0308e-05, 2.3636e-07, 4.1265e-05, 2.6227e-05, 1.7648e-05],
       grad_fn=<CatBackward>)

mean_overall=tensor(4.3306e-05, grad_fn=<MeanBackward0>)

-----------------------------------------------ITERATION70-----------------------------------------------

final_causality=[[1, 1, 1, 1, 1, 1, 1, 1, 1, 1, 1, 1, 1], [1, 1, 1, 1, 1, 1, 1, 1, 1, 1, 1, 1, 1, 1, 1, 1, 1, 1, 1, 1, 1, 1, 1, 1, 1, 1, 1, 1, 1, 1, 1, 1, 1, 1, 1, 1, 1, 1, 1, 1, 1, 1, 1, 1, 1, 1, 1, 1, 1, 1], [1, 1, 1, 1, 1, 1, 1, 1, 1, 1, 1, 1, 1, 1, 1, 1, 1, 1, 1, 1, 1, 1, 1, 1, 1, 1, 1, 1, 1, 1, 1, 1, 1, 1, 1, 1, 1, 1, 1, 1, 1, 1, 1, 1, 1, 1, 1, 1, 1, 1]]

means=tensor([9.6342e-06, 0.0000e+00, 0.0000e+00, 0.0000e+00, 3.2418e-05, 4.3513e-05,
        1.9970e-04, 3.0280e-05, 0.0000e+00, 0.0000e+00, 0.0000e+00, 5.7363e-04,
        8.6557e-05, 3.3751e-06, 7.1641e-06, 2.5103e-05, 1.2257e-04, 8.5225e-05,
        2.6086e-05, 8.4842e-06, 1.1720e-04, 3.1631e-05, 1.5425e-05, 3.4957e-05,
        1.8900e-05, 4.6502e-05, 1.7261e-05, 5.7163e-05, 6.8171e-05, 2.1751e-05,
        8.6388e-05, 5.4986e-05, 4.2266e-05, 6.3128e-05, 1.1868e-05, 7.7285e-05,
        5.7134e-05, 7.5341e-05, 6.5506e-05, 6.9606e-05, 9.6616e-05, 2.8750e-06,
        8.6023e-07, 1.7384e-05, 1.8512e-05, 2.2642e-05, 1.8729e-04, 3.5742e-05,
        1.8567e-05, 1.2502e-05, 6.1507e-05, 2.8613e-05, 4.0922e-05, 5.5645e-05,
        6.2154e-05, 1.2166e-05, 2.8588e-05, 3.9700e-05, 2.8185e-05, 4.4851e-05,
        4.2301e-05, 7.4597e-05, 2.6741e-05, 4.8425e-05, 5.4048e-05, 4.2342e-05,
        3.5113e-05, 1.0804e-05, 5.9924e-06, 5.2994e-05, 8.8192e-05, 4.6860e-05,
        3.8162e-05, 3.4785e-05, 4.9200e-06, 6.4428e-05, 5.4821e-05, 2.0126e-05,
        3.7350e-05, 3.8840e-05, 1.9170e-05, 5.7603e-05, 3.1191e-05, 4.0100e-05,
        1.8520e-05, 4.6742e-05, 9.6020e-06, 5.4764e-05, 7.5427e-06, 5.6331e-05,
        3.8563e-05, 2.4666e-05, 2.9350e-05, 2.3408e-05, 6.2828e-06, 8.7238e-06,
        4.2529e-05, 4.2082e-06, 4.8596e-06, 8.5035e-06, 4.5532e-05, 4.2152e-05,
        8.1741e-05, 2.5420e-05, 1.8035e-05, 4.4273e-05, 5.1156e-06, 2.2833e-05,
        1.0096e-05, 3.5609e-07, 4.1451e-05, 2.5997e-05, 1.7931e-05],
       grad_fn=<CatBackward>)

mean_overall=tensor(4.2805e-05, grad_fn=<MeanBackward0>)

-----------------------------------------------ITERATION80-----------------------------------------------

final_causality=[[1, 1, 1, 1, 1, 1, 1, 1, 1, 1, 1, 1, 1], [1, 1, 1, 1, 1, 1, 1, 1, 1, 1, 1, 1, 1, 1, 1, 1, 1, 1, 1, 1, 1, 1, 1, 1, 1, 1, 1, 1, 1, 1, 1, 1, 1, 1, 1, 1, 1, 1, 1, 1, 1, 1, 1, 1, 1, 1, 1, 1, 1, 1], [1, 1, 1, 1, 1, 1, 1, 1, 1, 1, 1, 1, 1, 1, 1, 1, 1, 1, 1, 1, 1, 1, 1, 1, 1, 1, 1, 1, 1, 1, 1, 1, 1, 1, 1, 1, 1, 1, 1, 1, 1, 1, 1, 1, 1, 1, 1, 1, 1, 1]]

means=tensor([1.1477e-05, 0.0000e+00, 0.0000e+00, 0.0000e+00, 2.8685e-05, 4.4383e-05,
        1.9610e-04, 2.9483e-05, 0.0000e+00, 0.0000e+00, 0.0000e+00, 5.7951e-04,
        7.7694e-05, 3.0581e-06, 7.8819e-06, 2.4867e-05, 1.2276e-04, 8.4111e-05,
        2.6184e-05, 8.2381e-06, 1.1673e-04, 3.2060e-05, 1.4618e-05, 3.5140e-05,
        1.8584e-05, 4.6167e-05, 1.7581e-05, 5.6967e-05, 6.7008e-05, 2.1618e-05,
        8.5741e-05, 5.4793e-05, 4.1997e-05, 6.2764e-05, 1.1388e-05, 7.7173e-05,
        5.6945e-05, 7.5297e-05, 6.5665e-05, 6.9690e-05, 9.6788e-05, 2.5847e-06,
        4.4419e-07, 1.6961e-05, 1.8028e-05, 2.1734e-05, 1.8718e-04, 3.5846e-05,
        1.8256e-05, 1.2962e-05, 6.0412e-05, 2.7804e-05, 4.0517e-05, 5.6790e-05,
        6.1218e-05, 1.2455e-05, 2.7742e-05, 3.9356e-05, 2.8659e-05, 4.4951e-05,
        4.1908e-05, 7.3793e-05, 2.6300e-05, 4.8665e-05, 5.4304e-05, 4.2199e-05,
        3.5417e-05, 1.0839e-05, 6.0937e-06, 5.3186e-05, 8.8612e-05, 4.7010e-05,
        3.8063e-05, 3.5177e-05, 4.7635e-06, 6.4227e-05, 5.3968e-05, 2.0174e-05,
        3.6905e-05, 3.8723e-05, 1.9188e-05, 5.8466e-05, 3.1306e-05, 4.0913e-05,
        1.8819e-05, 4.7041e-05, 9.7201e-06, 5.5930e-05, 7.4534e-06, 5.6800e-05,
        3.8609e-05, 2.5312e-05, 2.9415e-05, 2.3621e-05, 6.2174e-06, 8.6906e-06,
        4.2722e-05, 4.1489e-06, 4.9488e-06, 8.5000e-06, 4.5535e-05, 4.2291e-05,
        8.1089e-05, 2.5496e-05, 1.8104e-05, 4.4732e-05, 4.9528e-06, 2.2745e-05,
        1.0045e-05, 4.0088e-07, 4.1920e-05, 2.5888e-05, 1.8243e-05],
       grad_fn=<CatBackward>)

mean_overall=tensor(4.2678e-05, grad_fn=<MeanBackward0>)

-----------------------------------------------ITERATION90-----------------------------------------------

final_causality=[[1, 1, 1, 1, 1, 1, 1, 1, 1, 1, 1, 1, 1], [1, 1, 1, 1, 1, 1, 1, 1, 1, 1, 1, 1, 1, 1, 1, 1, 1, 1, 1, 1, 1, 1, 1, 1, 1, 1, 1, 1, 1, 1, 1, 1, 1, 1, 1, 1, 1, 1, 1, 1, 1, 1, 1, 1, 1, 1, 1, 1, 1, 1], [1, 1, 1, 1, 1, 1, 1, 1, 1, 1, 1, 1, 1, 1, 1, 1, 1, 1, 1, 1, 1, 1, 1, 1, 1, 1, 1, 1, 1, 1, 1, 1, 1, 1, 1, 1, 1, 1, 1, 1, 1, 1, 1, 1, 1, 1, 1, 1, 1, 1]]

means=tensor([1.3458e-05, 0.0000e+00, 0.0000e+00, 0.0000e+00, 2.5629e-05, 4.5634e-05,
        1.9446e-04, 2.8341e-05, 0.0000e+00, 0.0000e+00, 0.0000e+00, 5.9185e-04,
        7.0983e-05, 3.1421e-06, 7.8805e-06, 2.4867e-05, 1.2348e-04, 8.3653e-05,
        2.6912e-05, 8.2934e-06, 1.1651e-04, 3.2007e-05, 1.4458e-05, 3.5494e-05,
        1.8704e-05, 4.6485e-05, 1.7293e-05, 5.7259e-05, 6.6467e-05, 2.1995e-05,
        8.5618e-05, 5.5119e-05, 4.2198e-05, 6.3148e-05, 1.1692e-05, 7.7865e-05,
        5.7602e-05, 7.5732e-05, 6.7165e-05, 7.0139e-05, 9.8305e-05, 2.6936e-06,
        4.9424e-07, 1.7258e-05, 1.8032e-05, 2.1505e-05, 1.8795e-04, 3.6752e-05,
        1.8791e-05, 1.2767e-05, 5.9977e-05, 2.7659e-05, 4.0590e-05, 5.7088e-05,
        6.0774e-05, 1.2433e-05, 2.7338e-05, 3.9575e-05, 2.8515e-05, 4.5304e-05,
        4.2134e-05, 7.3279e-05, 2.6204e-05, 4.9026e-05, 5.4762e-05, 4.2068e-05,
        3.5603e-05, 1.0887e-05, 6.0793e-06, 5.3106e-05, 8.9269e-05, 4.7252e-05,
        3.8043e-05, 3.5712e-05, 4.7628e-06, 6.3718e-05, 5.3088e-05, 2.0251e-05,
        3.6455e-05, 3.8402e-05, 1.9429e-05, 5.9445e-05, 3.1446e-05, 4.1634e-05,
        1.9002e-05, 4.7308e-05, 9.9436e-06, 5.7183e-05, 7.3962e-06, 5.7345e-05,
        3.8597e-05, 2.5859e-05, 2.9484e-05, 2.3717e-05, 6.3166e-06, 8.7564e-06,
        4.2940e-05, 4.2089e-06, 4.9253e-06, 8.5629e-06, 4.5868e-05, 4.2435e-05,
        8.0640e-05, 2.5600e-05, 1.8049e-05, 4.5376e-05, 4.8573e-06, 2.2619e-05,
        1.0120e-05, 3.8572e-07, 4.2635e-05, 2.5869e-05, 1.8590e-05],
       grad_fn=<CatBackward>)

mean_overall=tensor(4.2849e-05, grad_fn=<MeanBackward0>)

-----------------------------------------------ITERATION100-----------------------------------------------

final_causality=[[1, 1, 1, 1, 1, 1, 1, 1, 1, 1, 1, 1, 1], [1, 1, 1, 1, 1, 1, 1, 1, 1, 1, 1, 1, 1, 1, 1, 1, 1, 1, 1, 1, 1, 1, 1, 1, 1, 1, 1, 1, 1, 1, 1, 1, 1, 1, 1, 1, 1, 1, 1, 1, 1, 1, 1, 1, 1, 1, 1, 1, 1, 1], [1, 1, 1, 1, 1, 1, 1, 1, 1, 1, 1, 1, 1, 1, 1, 1, 1, 1, 1, 1, 1, 1, 1, 1, 1, 1, 1, 1, 1, 1, 1, 1, 1, 1, 1, 1, 1, 1, 1, 1, 1, 1, 1, 1, 1, 1, 1, 1, 1, 1]]

means=tensor([1.5578e-05, 0.0000e+00, 0.0000e+00, 0.0000e+00, 2.2582e-05, 4.7050e-05,
        1.9321e-04, 2.7054e-05, 0.0000e+00, 0.0000e+00, 0.0000e+00, 6.0638e-04,
        6.4443e-05, 3.3256e-06, 7.7070e-06, 2.5045e-05, 1.2437e-04, 8.3333e-05,
        2.7843e-05, 8.4265e-06, 1.1633e-04, 3.1837e-05, 1.4446e-05, 3.5905e-05,
        1.8937e-05, 4.6977e-05, 1.6849e-05, 5.7682e-05, 6.6055e-05, 2.2518e-05,
        8.5617e-05, 5.5586e-05, 4.2524e-05, 6.3731e-05, 1.2198e-05, 7.8785e-05,
        5.8497e-05, 7.6304e-05, 6.9078e-05, 7.0698e-05, 1.0023e-04, 2.9032e-06,
        6.5781e-07, 1.7744e-05, 1.8154e-05, 2.1430e-05, 1.8898e-04, 3.7908e-05,
        1.9556e-05, 1.2407e-05, 5.9682e-05, 2.7664e-05, 4.0780e-05, 5.7198e-05,
        6.0429e-05, 1.2336e-05, 2.7022e-05, 3.9939e-05, 2.8218e-05, 4.5735e-05,
        4.2518e-05, 7.2811e-05, 2.6186e-05, 4.9434e-05, 5.5289e-05, 4.1934e-05,
        3.5771e-05, 1.0941e-05, 6.0363e-06, 5.2955e-05, 9.0015e-05, 4.7527e-05,
        3.8039e-05, 3.6310e-05, 4.8007e-06, 6.3114e-05, 5.2158e-05, 2.0338e-05,
        3.5983e-05, 3.8015e-05, 1.9740e-05, 6.0599e-05, 3.1604e-05, 4.2366e-05,
        1.9163e-05, 4.7579e-05, 1.0205e-05, 5.8520e-05, 7.3453e-06, 5.7938e-05,
        3.8576e-05, 2.6406e-05, 2.9560e-05, 2.3786e-05, 6.4649e-06, 8.8501e-06,
        4.3173e-05, 4.3023e-06, 4.8739e-06, 8.6469e-06, 4.6299e-05, 4.2587e-05,
        8.0358e-05, 2.5718e-05, 1.7956e-05, 4.6100e-05, 4.9896e-06, 2.2479e-05,
        1.0230e-05, 3.5596e-07, 4.3447e-05, 2.5871e-05, 1.8965e-05],
       grad_fn=<CatBackward>)

mean_overall=tensor(4.3107e-05, grad_fn=<MeanBackward0>)

-----------------------------------------------ITERATION110-----------------------------------------------

final_causality=[[1, 1, 1, 1, 1, 1, 1, 1, 1, 1, 1, 1, 1], [1, 1, 1, 1, 1, 1, 1, 1, 1, 1, 1, 1, 1, 1, 1, 1, 1, 1, 1, 1, 1, 1, 1, 1, 1, 1, 1, 1, 1, 1, 1, 1, 1, 1, 1, 1, 1, 1, 1, 1, 1, 1, 1, 1, 1, 1, 1, 1, 1, 1], [1, 1, 1, 1, 1, 1, 1, 1, 1, 1, 1, 1, 1, 1, 1, 1, 1, 1, 1, 1, 1, 1, 1, 1, 1, 1, 1, 1, 1, 1, 1, 1, 1, 1, 1, 1, 1, 1, 1, 1, 1, 1, 1, 1, 1, 1, 1, 1, 1, 1]]

means=tensor([1.7797e-05, 0.0000e+00, 0.0000e+00, 0.0000e+00, 1.9169e-05, 4.8489e-05,
        1.9141e-04, 2.5764e-05, 0.0000e+00, 0.0000e+00, 0.0000e+00, 6.2028e-04,
        5.6946e-05, 3.4158e-06, 7.7112e-06, 2.5279e-05, 1.2518e-04, 8.2828e-05,
        2.8688e-05, 8.5028e-06, 1.1608e-04, 3.1782e-05, 1.4273e-05, 3.6300e-05,
        1.9078e-05, 4.7336e-05, 1.6537e-05, 5.8009e-05, 6.5464e-05, 2.2947e-05,
        8.5481e-05, 5.5951e-05, 4.2750e-05, 6.4163e-05, 1.2536e-05, 7.9561e-05,
        5.9240e-05, 7.6793e-05, 7.0802e-05, 7.1204e-05, 1.0195e-04, 3.0223e-06,
        7.1004e-07, 1.8075e-05, 1.8155e-05, 2.1181e-05, 1.8985e-04, 3.8944e-05,
        2.0157e-05, 1.2196e-05, 5.9205e-05, 2.7501e-05, 4.0859e-05, 5.7545e-05,
        5.9939e-05, 1.2314e-05, 2.6579e-05, 4.0182e-05, 2.8065e-05, 4.6131e-05,
        4.2769e-05, 7.2240e-05, 2.6079e-05, 4.9837e-05, 5.5803e-05, 4.1791e-05,
        3.5984e-05, 1.0994e-05, 6.0205e-06, 5.2865e-05, 9.0751e-05, 4.7799e-05,
        3.8013e-05, 3.6913e-05, 4.8031e-06, 6.2556e-05, 5.1173e-05, 2.0427e-05,
        3.5485e-05, 3.7656e-05, 2.0020e-05, 6.1809e-05, 3.1768e-05, 4.3172e-05,
        1.9368e-05, 4.7879e-05, 1.0458e-05, 5.9922e-05, 7.2851e-06, 5.8549e-05,
        3.8570e-05, 2.7018e-05, 2.9641e-05, 2.3889e-05, 6.5835e-06, 8.9249e-06,
        4.3417e-05, 4.3732e-06, 4.8488e-06, 8.7201e-06, 4.6676e-05, 4.2750e-05,
        8.0014e-05, 2.5837e-05, 1.7887e-05, 4.6828e-05, 5.1190e-06, 2.2341e-05,
        1.0316e-05, 3.4014e-07, 4.4250e-05, 2.5852e-05, 1.9358e-05],
       grad_fn=<CatBackward>)

mean_overall=tensor(4.3310e-05, grad_fn=<MeanBackward0>)

-----------------------------------------------ITERATION120-----------------------------------------------

final_causality=[[1, 1, 1, 1, 1, 1, 1, 1, 1, 1, 1, 1, 1], [1, 1, 1, 1, 1, 1, 1, 1, 1, 1, 1, 1, 1, 1, 1, 1, 1, 1, 1, 1, 1, 1, 1, 1, 1, 1, 1, 1, 1, 1, 1, 1, 1, 1, 1, 1, 1, 1, 1, 1, 1, 1, 1, 1, 1, 1, 1, 1, 1, 1], [1, 1, 1, 1, 1, 1, 1, 1, 1, 1, 1, 1, 1, 1, 1, 1, 1, 1, 1, 1, 1, 1, 1, 1, 1, 1, 1, 1, 1, 1, 1, 1, 1, 1, 1, 1, 1, 1, 1, 1, 1, 1, 1, 1, 1, 1, 1, 1, 1, 1]]

means=tensor([2.0097e-05, 0.0000e+00, 0.0000e+00, 0.0000e+00, 1.5387e-05, 4.9924e-05,
        1.8899e-04, 2.4493e-05, 0.0000e+00, 0.0000e+00, 0.0000e+00, 6.3330e-04,
        4.8487e-05, 3.4023e-06, 7.9118e-06, 2.5448e-05, 1.2590e-04, 8.2125e-05,
        2.9425e-05, 8.5036e-06, 1.1576e-04, 3.1856e-05, 1.3932e-05, 3.6673e-05,
        1.9114e-05, 4.7544e-05, 1.6373e-05, 5.8225e-05, 6.4682e-05, 2.3265e-05,
        8.5199e-05, 5.6201e-05, 4.2864e-05, 6.4424e-05, 1.2684e-05, 8.0169e-05,
        5.9807e-05, 7.7185e-05, 7.2296e-05, 7.1646e-05, 1.0344e-04, 3.0405e-06,
        6.3926e-07, 1.8232e-05, 1.8026e-05, 2.0748e-05, 1.9054e-04, 3.9831e-05,
        2.0570e-05, 1.2150e-05, 5.8534e-05, 2.7157e-05, 4.0818e-05, 5.8150e-05,
        5.9295e-05, 1.2377e-05, 2.6027e-05, 4.0291e-05, 2.8072e-05, 4.6484e-05,
        4.2868e-05, 7.1561e-05, 2.5876e-05, 5.0228e-05, 5.6297e-05, 4.1639e-05,
        3.6243e-05, 1.1045e-05, 6.0347e-06, 5.2843e-05, 9.1466e-05, 4.8067e-05,
        3.7963e-05, 3.7512e-05, 4.7652e-06, 6.2052e-05, 5.0143e-05, 2.0515e-05,
        3.4961e-05, 3.7330e-05, 2.0311e-05, 6.3070e-05, 3.1933e-05, 4.4053e-05,
        1.9619e-05, 4.8210e-05, 1.0695e-05, 6.1379e-05, 7.2141e-06, 5.9174e-05,
        3.8579e-05, 2.7694e-05, 2.9726e-05, 2.4033e-05, 6.6649e-06, 8.9771e-06,
        4.3672e-05, 4.4165e-06, 4.8527e-06, 8.7791e-06, 4.6987e-05, 4.2923e-05,
        7.9607e-05, 2.5955e-05, 1.7848e-05, 4.7549e-05, 5.2166e-06, 2.2208e-05,
        1.0374e-05, 3.3954e-07, 4.5034e-05, 2.5808e-05, 1.9768e-05],
       grad_fn=<CatBackward>)

mean_overall=tensor(4.3449e-05, grad_fn=<MeanBackward0>)

-----------------------------------------------ITERATION130-----------------------------------------------

final_causality=[[1, 1, 1, 1, 1, 1, 1, 1, 1, 1, 1, 1, 1], [1, 1, 1, 1, 1, 1, 1, 1, 1, 1, 1, 1, 1, 1, 1, 1, 1, 1, 1, 1, 1, 1, 1, 1, 1, 1, 1, 1, 1, 1, 1, 1, 1, 1, 1, 1, 1, 1, 1, 1, 1, 1, 1, 1, 1, 1, 1, 1, 1, 1], [1, 1, 1, 1, 1, 1, 1, 1, 1, 1, 1, 1, 1, 1, 1, 1, 1, 1, 1, 1, 1, 1, 1, 1, 1, 1, 1, 1, 1, 1, 1, 1, 1, 1, 1, 1, 1, 1, 1, 1, 1, 1, 1, 1, 1, 1, 1, 1, 1, 1]]

means=tensor([2.2487e-05, 0.0000e+00, 0.0000e+00, 0.0000e+00, 1.1387e-05, 5.1401e-05,
        1.8634e-04, 2.3193e-05, 0.0000e+00, 0.0000e+00, 0.0000e+00, 6.4644e-04,
        3.9521e-05, 3.3596e-06, 8.1739e-06, 2.5606e-05, 1.2661e-04, 8.1349e-05,
        3.0162e-05, 8.4834e-06, 1.1540e-04, 3.1969e-05, 1.3535e-05, 3.7050e-05,
        1.9124e-05, 4.7717e-05, 1.6245e-05, 5.8417e-05, 6.3831e-05, 2.3562e-05,
        8.4870e-05, 5.6426e-05, 4.2951e-05, 6.4647e-05, 1.2785e-05, 8.0752e-05,
        6.0346e-05, 7.7564e-05, 7.3792e-05, 7.2085e-05, 1.0492e-04, 3.0312e-06,
        5.3233e-07, 1.8347e-05, 1.7859e-05, 2.0258e-05, 1.9120e-04, 4.0707e-05,
        2.0946e-05, 1.2147e-05, 5.7797e-05, 2.6759e-05, 4.0745e-05, 5.8849e-05,
        5.8593e-05, 1.2466e-05, 2.5760e-05, 4.0365e-05, 2.8123e-05, 4.6836e-05,
        4.2928e-05, 7.0834e-05, 2.5678e-05, 5.0628e-05, 5.6800e-05, 4.1480e-05,
        3.6523e-05, 1.1096e-05, 6.0578e-06, 5.2840e-05, 9.2197e-05, 4.8341e-05,
        3.7904e-05, 3.8127e-05, 4.7155e-06, 6.1550e-05, 4.9071e-05, 2.0605e-05,
        3.4414e-05, 3.7004e-05, 2.0600e-05, 6.4380e-05, 3.2104e-05, 4.4982e-05,
        1.9892e-05, 4.8559e-05, 1.0935e-05, 6.2893e-05, 7.1380e-06, 5.9819e-05,
        3.8593e-05, 2.8409e-05, 2.9815e-05, 2.4191e-05, 6.7381e-06, 9.0246e-06,
        4.3938e-05, 4.4532e-06, 4.8648e-06, 8.8357e-06, 4.7290e-05, 4.3105e-05,
        7.9171e-05, 2.6075e-05, 1.7816e-05, 4.8325e-05, 5.3079e-06, 2.2072e-05,
        1.0425e-05, 3.4309e-07, 4.5835e-05, 2.6505e-05, 2.0196e-05],
       grad_fn=<CatBackward>)

mean_overall=tensor(4.3586e-05, grad_fn=<MeanBackward0>)

-----------------------------------------------ITERATION140-----------------------------------------------

final_causality=[[1, 1, 1, 1, 1, 1, 1, 1, 1, 1, 1, 1, 1], [1, 1, 1, 1, 1, 1, 1, 1, 1, 1, 1, 1, 1, 1, 1, 1, 1, 1, 1, 1, 1, 1, 1, 1, 1, 1, 1, 1, 1, 1, 1, 1, 1, 1, 1, 1, 1, 1, 1, 1, 1, 1, 1, 1, 1, 1, 1, 1, 1, 1], [1, 1, 1, 1, 1, 1, 1, 1, 1, 1, 1, 1, 1, 1, 1, 1, 1, 1, 1, 1, 1, 1, 1, 1, 1, 1, 1, 1, 1, 1, 1, 1, 1, 1, 1, 1, 1, 1, 1, 1, 1, 1, 1, 1, 1, 1, 1, 1, 1, 1]]

means=tensor([2.4983e-05, 0.0000e+00, 0.0000e+00, 0.0000e+00, 7.2632e-06, 5.2954e-05,
        1.8369e-04, 2.1824e-05, 0.0000e+00, 0.0000e+00, 0.0000e+00, 6.6047e-04,
        3.0330e-05, 3.3397e-06, 8.4032e-06, 2.5788e-05, 1.2739e-04, 8.0590e-05,
        3.0981e-05, 8.4809e-06, 1.1504e-04, 3.2057e-05, 1.3167e-05, 3.7452e-05,
        1.9161e-05, 4.7938e-05, 1.6078e-05, 5.8646e-05, 6.2995e-05, 2.3905e-05,
        8.4564e-05, 5.6692e-05, 4.3069e-05, 6.4925e-05, 1.2938e-05, 8.1410e-05,
        6.0963e-05, 7.7988e-05, 7.5456e-05, 7.2564e-05, 1.0655e-04, 3.0460e-06,
        4.4971e-07, 1.8512e-05, 1.7718e-05, 1.9799e-05, 1.9195e-04, 4.1678e-05,
        2.1393e-05, 1.2106e-05, 5.7080e-05, 2.6391e-05, 4.0701e-05, 5.9528e-05,
        5.7901e-05, 1.2540e-05, 2.5512e-05, 4.0477e-05, 2.8140e-05, 4.7216e-05,
        4.3029e-05, 7.0099e-05, 2.5536e-05, 5.1050e-05, 5.7332e-05, 4.1315e-05,
        3.6808e-05, 1.1398e-05, 6.0746e-06, 5.2819e-05, 9.2971e-05, 4.8628e-05,
        3.7848e-05, 3.8776e-05, 4.6738e-06, 6.1013e-05, 4.8528e-05, 2.0700e-05,
        3.3847e-05, 3.6653e-05, 2.0914e-05, 6.5741e-05, 3.2285e-05, 4.5939e-05,
        2.0168e-05, 4.8917e-05, 1.1191e-05, 6.4469e-05, 7.0606e-06, 6.0494e-05,
        3.8608e-05, 2.9145e-05, 2.9909e-05, 2.4347e-05, 6.8256e-06, 9.0803e-06,
        4.4213e-05, 4.4987e-06, 4.8705e-06, 8.8992e-06, 4.7626e-05, 4.3332e-05,
        7.8728e-05, 2.6637e-05, 1.7773e-05, 4.9315e-05, 5.4112e-06, 2.1929e-05,
        1.0486e-05, 3.4320e-07, 4.6681e-05, 2.7246e-05, 2.0645e-05],
       grad_fn=<CatBackward>)

mean_overall=tensor(4.3761e-05, grad_fn=<MeanBackward0>)

-----------------------------------------------ITERATION150-----------------------------------------------

final_causality=[[1, 1, 1, 1, 1, 1, 1, 1, 1, 1, 1, 1, 1], [1, 1, 1, 1, 1, 1, 1, 1, 1, 1, 1, 1, 1, 1, 1, 1, 1, 1, 1, 1, 1, 1, 1, 1, 1, 1, 1, 1, 1, 1, 1, 1, 1, 1, 1, 1, 1, 1, 1, 1, 1, 1, 1, 1, 1, 1, 1, 1, 1, 1], [1, 1, 1, 1, 1, 1, 1, 1, 1, 1, 1, 1, 1, 1, 1, 1, 1, 1, 1, 1, 1, 1, 1, 1, 1, 1, 1, 1, 1, 1, 1, 1, 1, 1, 1, 1, 1, 1, 1, 1, 1, 1, 1, 1, 1, 1, 1, 1, 1, 1]]

means=tensor([2.7590e-05, 0.0000e+00, 0.0000e+00, 0.0000e+00, 3.0140e-06, 5.4586e-05,
        1.8105e-04, 2.0383e-05, 0.0000e+00, 0.0000e+00, 0.0000e+00, 6.7542e-04,
        2.0909e-05, 3.3434e-06, 8.5978e-06, 2.6015e-05, 1.2823e-04, 7.9849e-05,
        3.1888e-05, 8.4968e-06, 1.1469e-04, 3.2120e-05, 1.2828e-05, 3.7878e-05,
        1.9229e-05, 4.8209e-05, 1.5869e-05, 5.8913e-05, 6.2176e-05, 2.4295e-05,
        8.4282e-05, 5.6999e-05, 4.3220e-05, 6.5260e-05, 1.3146e-05, 8.2144e-05,
        6.1660e-05, 7.8458e-05, 7.7296e-05, 7.3085e-05, 1.0835e-04, 3.0857e-06,
        3.9246e-07, 1.8730e-05, 1.7602e-05, 1.9372e-05, 1.9277e-04, 4.2749e-05,
        2.1912e-05, 1.2025e-05, 5.6386e-05, 2.6056e-05, 4.0687e-05, 6.0182e-05,
        5.7219e-05, 1.2598e-05, 2.5285e-05, 4.0627e-05, 2.8121e-05, 4.7626e-05,
        4.3172e-05, 6.9359e-05, 2.5410e-05, 5.1495e-05, 5.7893e-05, 4.1145e-05,
        3.7098e-05, 1.1734e-05, 6.0849e-06, 5.2778e-05, 9.3787e-05, 4.8929e-05,
        3.7793e-05, 3.9460e-05, 4.6407e-06, 6.0441e-05, 4.8000e-05, 2.0800e-05,
        3.3260e-05, 3.6275e-05, 2.1252e-05, 6.7154e-05, 3.2478e-05, 4.6926e-05,
        2.0446e-05, 4.9284e-05, 1.1462e-05, 6.6107e-05, 6.9821e-06, 6.1200e-05,
        3.8623e-05, 2.9904e-05, 3.0007e-05, 2.4499e-05, 6.9286e-06, 9.1447e-06,
        4.4499e-05, 4.5532e-06, 4.8698e-06, 8.9700e-06, 4.7996e-05, 4.3598e-05,
        7.8278e-05, 2.7234e-05, 1.7717e-05, 5.0351e-05, 5.5268e-06, 2.1807e-05,
        1.0557e-05, 3.3983e-07, 4.7574e-05, 2.8021e-05, 2.1115e-05],
       grad_fn=<CatBackward>)

mean_overall=tensor(4.3963e-05, grad_fn=<MeanBackward0>)

-----------------------------------------------ITERATION160-----------------------------------------------

final_causality=[[1, 1, 1, 1, 1, 1, 1, 1, 1, 1, 1, 1, 1], [1, 1, 1, 1, 1, 1, 1, 1, 1, 1, 1, 1, 1, 1, 1, 1, 1, 1, 1, 1, 1, 1, 1, 1, 1, 1, 1, 1, 1, 1, 1, 1, 1, 1, 1, 1, 1, 1, 1, 1, 1, 1, 1, 1, 1, 1, 1, 1, 1, 1], [1, 1, 1, 1, 1, 1, 1, 1, 1, 1, 1, 1, 1, 1, 1, 1, 1, 1, 1, 1, 1, 1, 1, 1, 1, 1, 1, 1, 1, 1, 1, 1, 1, 1, 1, 1, 1, 1, 1, 1, 1, 1, 1, 1, 1, 1, 1, 1, 1, 1]]

means=tensor([3.0299e-05, 0.0000e+00, 0.0000e+00, 0.0000e+00, 1.3931e-06, 5.6277e-05,
        1.7832e-04, 1.8890e-05, 0.0000e+00, 0.0000e+00, 0.0000e+00, 6.9094e-04,
        1.1159e-05, 3.3505e-06, 8.7947e-06, 2.6288e-05, 1.2911e-04, 7.9095e-05,
        3.2851e-05, 8.5161e-06, 1.1433e-04, 3.2182e-05, 1.2487e-05, 3.8321e-05,
        1.9304e-05, 4.8496e-05, 1.5650e-05, 5.9193e-05, 6.1345e-05, 2.4706e-05,
        8.3999e-05, 5.7321e-05, 4.3380e-05, 6.5616e-05, 1.3368e-05, 8.2915e-05,
        6.2397e-05, 7.8950e-05, 7.9248e-05, 7.3629e-05, 1.1025e-04, 3.1300e-06,
        3.3696e-07, 1.8964e-05, 1.7488e-05, 1.8946e-05, 1.9364e-04, 4.3879e-05,
        2.2461e-05, 1.1936e-05, 5.5683e-05, 2.5720e-05, 4.0681e-05, 6.0858e-05,
        5.6524e-05, 1.2656e-05, 2.5058e-05, 4.0787e-05, 2.8096e-05, 4.8052e-05,
        4.3326e-05, 6.8598e-05, 2.5284e-05, 5.1956e-05, 5.8474e-05, 4.0969e-05,
        3.7398e-05, 1.2082e-05, 6.0945e-06, 5.2732e-05, 9.4635e-05, 4.9239e-05,
        3.7736e-05, 4.0170e-05, 4.6084e-06, 5.9850e-05, 4.7455e-05, 2.0903e-05,
        3.2652e-05, 3.5880e-05, 2.1605e-05, 6.8615e-05, 3.2680e-05, 4.7948e-05,
        2.0733e-05, 4.9663e-05, 1.1744e-05, 6.7804e-05, 7.2590e-06, 6.1933e-05,
        3.8643e-05, 3.0688e-05, 3.0110e-05, 2.4653e-05, 7.0384e-06, 9.2126e-06,
        4.4794e-05, 4.6108e-06, 4.8682e-06, 9.0775e-06, 4.8384e-05, 4.3874e-05,
        7.7811e-05, 2.7855e-05, 1.7655e-05, 5.1426e-05, 5.6471e-06, 2.1878e-05,
        1.0632e-05, 3.3595e-07, 4.8500e-05, 2.8825e-05, 2.1605e-05],
       grad_fn=<CatBackward>)

mean_overall=tensor(4.4207e-05, grad_fn=<MeanBackward0>)

-----------------------------------------------ITERATION170-----------------------------------------------

final_causality=[[1, 1, 1, 1, 1, 1, 1, 1, 1, 1, 1, 1, 1], [1, 1, 1, 1, 1, 1, 1, 1, 1, 1, 1, 1, 1, 1, 1, 1, 1, 1, 1, 1, 1, 1, 1, 1, 1, 1, 1, 1, 1, 1, 1, 1, 1, 1, 1, 1, 1, 1, 1, 1, 1, 1, 1, 1, 1, 1, 1, 1, 1, 1], [1, 1, 1, 1, 1, 1, 1, 1, 1, 1, 1, 1, 1, 1, 1, 1, 1, 1, 1, 1, 1, 1, 1, 1, 1, 1, 1, 1, 1, 1, 1, 1, 1, 1, 1, 1, 1, 1, 1, 1, 1, 1, 1, 1, 1, 1, 1, 1, 1, 1]]

means=tensor([3.3101e-05, 0.0000e+00, 0.0000e+00, 0.0000e+00, 2.8444e-06, 5.8018e-05,
        1.7546e-04, 1.7356e-05, 0.0000e+00, 0.0000e+00, 0.0000e+00, 7.0687e-04,
        1.0376e-06, 3.3497e-06, 9.0140e-06, 2.6565e-05, 1.3001e-04, 7.8310e-05,
        3.3855e-05, 8.5303e-06, 1.1396e-04, 3.2257e-05, 1.2128e-05, 3.8774e-05,
        1.9376e-05, 4.8781e-05, 1.5438e-05, 5.9473e-05, 6.0487e-05, 2.5125e-05,
        8.3699e-05, 5.7645e-05, 4.3537e-05, 6.5971e-05, 1.3584e-05, 8.3701e-05,
        6.3150e-05, 7.9453e-05, 8.1278e-05, 7.4186e-05, 1.1222e-04, 3.1679e-06,
        2.7033e-07, 1.9194e-05, 1.7363e-05, 1.8503e-05, 1.9452e-04, 4.5045e-05,
        2.3018e-05, 1.1858e-05, 5.4954e-05, 2.5368e-05, 4.0668e-05, 6.1580e-05,
        5.5804e-05, 1.2723e-05, 2.4820e-05, 4.0943e-05, 2.8084e-05, 4.8489e-05,
        4.3486e-05, 6.7811e-05, 2.5149e-05, 5.2429e-05, 5.9069e-05, 4.0788e-05,
        3.7712e-05, 1.2441e-05, 6.1066e-06, 5.2689e-05, 9.5507e-05, 4.9557e-05,
        3.7675e-05, 4.1008e-05, 4.5728e-06, 5.9249e-05, 4.6890e-05, 2.1010e-05,
        3.2025e-05, 3.5476e-05, 2.1967e-05, 7.0121e-05, 3.2889e-05, 4.9007e-05,
        2.1033e-05, 5.0054e-05, 1.2033e-05, 6.9554e-05, 7.6504e-06, 6.2688e-05,
        3.8666e-05, 3.1501e-05, 3.0224e-05, 2.4814e-05, 7.1497e-06, 9.2810e-06,
        4.5097e-05, 4.6679e-06, 4.8689e-06, 9.2296e-06, 4.8868e-05, 4.4158e-05,
        7.7326e-05, 2.8495e-05, 1.7591e-05, 5.2537e-05, 5.7682e-06, 2.1951e-05,
        1.0707e-05, 3.3315e-07, 4.9452e-05, 2.9654e-05, 2.2114e-05],
       grad_fn=<CatBackward>)

mean_overall=tensor(4.4487e-05, grad_fn=<MeanBackward0>)

-----------------------------------------------ITERATION180-----------------------------------------------

final_causality=[[1, 1, 1, 1, 1, 1, 1, 1, 1, 1, 1, 1, 1], [1, 1, 1, 1, 1, 1, 1, 1, 1, 1, 1, 1, 1, 1, 1, 1, 1, 1, 1, 1, 1, 1, 1, 1, 1, 1, 1, 1, 1, 1, 1, 1, 1, 1, 1, 1, 1, 1, 1, 1, 1, 1, 1, 1, 1, 1, 1, 1, 1, 1], [1, 1, 1, 1, 1, 1, 1, 1, 1, 1, 1, 1, 1, 1, 1, 1, 1, 1, 1, 1, 1, 1, 1, 1, 1, 1, 1, 1, 1, 1, 1, 1, 1, 1, 1, 1, 1, 1, 1, 1, 1, 1, 1, 1, 1, 1, 1, 1, 1, 1]]

means=tensor([3.5995e-05, 0.0000e+00, 0.0000e+00, 0.0000e+00, 1.1309e-06, 5.9808e-05,
        1.7247e-04, 1.5779e-05, 0.0000e+00, 0.0000e+00, 0.0000e+00, 7.2321e-04,
        1.6777e-06, 3.3433e-06, 9.2514e-06, 2.6849e-05, 1.3094e-04, 7.7501e-05,
        3.4903e-05, 8.5413e-06, 1.1357e-04, 3.2341e-05, 1.1755e-05, 3.9239e-05,
        1.9601e-05, 4.9070e-05, 1.5229e-05, 5.9755e-05, 5.9607e-05, 2.5554e-05,
        8.3387e-05, 5.7973e-05, 4.3692e-05, 6.6331e-05, 1.3798e-05, 8.4506e-05,
        6.3924e-05, 7.9967e-05, 8.3397e-05, 7.4759e-05, 1.1426e-04, 3.2017e-06,
        1.9547e-07, 1.9425e-05, 1.7231e-05, 1.8050e-05, 1.9542e-04, 4.6253e-05,
        2.3588e-05, 1.1786e-05, 5.4206e-05, 2.5004e-05, 4.0654e-05, 6.2343e-05,
        5.5062e-05, 1.2797e-05, 2.4574e-05, 4.1191e-05, 2.8081e-05, 4.8977e-05,
        4.3659e-05, 6.6999e-05, 2.5007e-05, 5.2916e-05, 5.9679e-05, 4.0601e-05,
        3.8040e-05, 1.2809e-05, 6.1206e-06, 5.2647e-05, 9.6403e-05, 4.9882e-05,
        3.7611e-05, 4.1881e-05, 4.5349e-06, 5.8636e-05, 4.6307e-05, 2.1119e-05,
        3.1419e-05, 3.5061e-05, 2.2337e-05, 7.1671e-05, 3.3107e-05, 5.0101e-05,
        2.1344e-05, 5.0457e-05, 1.2330e-05, 7.1357e-05, 8.0530e-06, 6.3466e-05,
        3.8694e-05, 3.2341e-05, 3.0403e-05, 2.4980e-05, 7.2634e-06, 9.3505e-06,
        4.5410e-05, 4.7252e-06, 4.8712e-06, 9.3858e-06, 4.9726e-05, 4.4452e-05,
        7.6824e-05, 2.9155e-05, 1.7526e-05, 5.3683e-05, 6.0206e-06, 2.2027e-05,
        1.0783e-05, 3.3106e-07, 5.0430e-05, 3.0507e-05, 2.2641e-05],
       grad_fn=<CatBackward>)

mean_overall=tensor(4.4852e-05, grad_fn=<MeanBackward0>)

-----------------------------------------------ITERATION190-----------------------------------------------

final_causality=[[1, 1, 1, 1, 1, 1, 1, 1, 1, 1, 1, 1, 1], [1, 1, 1, 1, 1, 1, 1, 1, 1, 1, 1, 1, 1, 1, 1, 1, 1, 1, 1, 1, 1, 1, 1, 1, 1, 1, 1, 1, 1, 1, 1, 1, 1, 1, 1, 1, 1, 1, 1, 1, 1, 1, 1, 1, 1, 1, 1, 1, 1, 1], [1, 1, 1, 1, 1, 1, 1, 1, 1, 1, 1, 1, 1, 1, 1, 1, 1, 1, 1, 1, 1, 1, 1, 1, 1, 1, 1, 1, 1, 1, 1, 1, 1, 1, 1, 1, 1, 1, 1, 1, 1, 1, 1, 1, 1, 1, 1, 1, 1, 1]]

means=tensor([3.8984e-05, 0.0000e+00, 0.0000e+00, 0.0000e+00, 6.1472e-06, 6.1652e-05,
        1.6939e-04, 1.4157e-05, 0.0000e+00, 0.0000e+00, 0.0000e+00, 7.4005e-04,
        4.4293e-06, 3.3370e-06, 9.4968e-06, 2.7143e-05, 1.3189e-04, 7.6676e-05,
        3.6008e-05, 8.5532e-06, 1.1318e-04, 3.2429e-05, 1.1377e-05, 3.9718e-05,
        2.0218e-05, 4.9370e-05, 1.5016e-05, 6.0046e-05, 5.8714e-05, 2.6002e-05,
        8.3071e-05, 5.8311e-05, 4.3853e-05, 6.6882e-05, 1.4021e-05, 8.5341e-05,
        6.4732e-05, 8.0499e-05, 8.5625e-05, 7.5352e-05, 1.1639e-04, 3.2368e-06,
        1.1875e-07, 1.9665e-05, 1.7097e-05, 1.7595e-05, 1.9635e-04, 4.7515e-05,
        2.4182e-05, 1.1713e-05, 5.3448e-05, 2.4637e-05, 4.0643e-05, 6.3134e-05,
        5.4307e-05, 1.2874e-05, 2.4326e-05, 4.1447e-05, 2.8079e-05, 4.9599e-05,
        4.3837e-05, 6.6168e-05, 2.4864e-05, 5.3416e-05, 6.0306e-05, 4.0409e-05,
        3.8379e-05, 1.3189e-05, 6.1985e-06, 5.2602e-05, 9.7328e-05, 5.0216e-05,
        3.7543e-05, 4.2782e-05, 4.4969e-06, 5.8009e-05, 4.5707e-05, 2.1244e-05,
        3.0811e-05, 3.4632e-05, 2.2720e-05, 7.3264e-05, 3.3333e-05, 5.1229e-05,
        2.1665e-05, 5.0944e-05, 1.2635e-05, 7.3212e-05, 8.4669e-06, 6.4267e-05,
        3.8727e-05, 3.3207e-05, 3.0589e-05, 2.5150e-05, 7.3825e-06, 9.4226e-06,
        4.5731e-05, 4.7844e-06, 4.8736e-06, 9.5480e-06, 5.0616e-05, 4.4754e-05,
        7.6306e-05, 2.9837e-05, 1.7455e-05, 5.4865e-05, 6.3374e-06, 2.2104e-05,
        1.0862e-05, 3.2918e-07, 5.1437e-05, 3.1385e-05, 2.3188e-05],
       grad_fn=<CatBackward>)

mean_overall=tensor(4.5317e-05, grad_fn=<MeanBackward0>)

-----------------------------------------------ITERATION200-----------------------------------------------

final_causality=[[1, 1, 1, 1, 1, 1, 1, 1, 1, 1, 1, 1, 1], [1, 1, 1, 1, 1, 1, 1, 1, 1, 1, 1, 1, 1, 1, 1, 1, 1, 1, 1, 1, 1, 1, 1, 1, 1, 1, 1, 1, 1, 1, 1, 1, 1, 1, 1, 1, 1, 1, 1, 1, 1, 1, 1, 1, 1, 1, 1, 1, 1, 1], [1, 1, 1, 1, 1, 1, 1, 1, 1, 1, 1, 1, 1, 1, 1, 1, 1, 1, 1, 1, 1, 1, 1, 1, 1, 1, 1, 1, 1, 1, 1, 1, 1, 1, 1, 1, 1, 1, 1, 1, 1, 1, 1, 1, 1, 1, 1, 1, 1, 1]]

means=tensor([4.2070e-05, 0.0000e+00, 0.0000e+00, 0.0000e+00, 1.1320e-05, 6.3550e-05,
        1.6621e-04, 1.2487e-05, 0.0000e+00, 0.0000e+00, 0.0000e+00, 7.5742e-04,
        1.5734e-05, 3.3321e-06, 9.7478e-06, 2.7448e-05, 1.3288e-04, 7.5840e-05,
        3.7174e-05, 8.5672e-06, 1.1278e-04, 3.2518e-05, 1.0997e-05, 4.0210e-05,
        2.0855e-05, 4.9684e-05, 1.4796e-05, 6.0529e-05, 5.7813e-05, 2.6469e-05,
        8.2753e-05, 5.8662e-05, 4.4020e-05, 6.7519e-05, 1.4255e-05, 8.6208e-05,
        6.5576e-05, 8.1052e-05, 8.7972e-05, 7.5966e-05, 1.1862e-04, 3.2747e-06,
        4.1867e-08, 1.9920e-05, 1.6964e-05, 1.7142e-05, 1.9732e-04, 4.8838e-05,
        2.4804e-05, 1.1637e-05, 5.2685e-05, 2.4314e-05, 4.0638e-05, 6.3951e-05,
        5.3542e-05, 1.2952e-05, 2.4078e-05, 4.1713e-05, 2.8075e-05, 5.0239e-05,
        4.4025e-05, 6.5319e-05, 2.4720e-05, 5.3932e-05, 6.0951e-05, 4.0211e-05,
        3.8729e-05, 1.3580e-05, 6.2787e-06, 5.2553e-05, 9.8280e-05, 5.0557e-05,
        3.7473e-05, 4.3712e-05, 4.4596e-06, 5.7366e-05, 4.5091e-05, 2.1395e-05,
        3.0186e-05, 3.4189e-05, 2.3116e-05, 7.4901e-05, 3.3569e-05, 5.2390e-05,
        2.1995e-05, 5.1493e-05, 1.2950e-05, 7.5120e-05, 8.8919e-06, 6.5093e-05,
        3.8764e-05, 3.4098e-05, 3.0782e-05, 2.5322e-05, 7.5078e-06, 9.4976e-06,
        4.6060e-05, 4.8460e-06, 4.8757e-06, 9.7169e-06, 5.1537e-05, 4.5065e-05,
        7.5772e-05, 3.0541e-05, 1.7379e-05, 5.6084e-05, 6.6631e-06, 2.2184e-05,
        1.0943e-05, 3.2718e-07, 5.2474e-05, 3.2290e-05, 2.3755e-05],
       grad_fn=<CatBackward>)

mean_overall=tensor(4.5878e-05, grad_fn=<MeanBackward0>)

-----------------------------------------------ITERATION210-----------------------------------------------

final_causality=[[1, 1, 1, 1, 1, 1, 1, 1, 1, 1, 1, 1, 1], [1, 1, 1, 1, 1, 1, 1, 1, 1, 1, 1, 1, 1, 1, 1, 1, 1, 1, 1, 1, 1, 1, 1, 1, 1, 1, 1, 1, 1, 1, 1, 1, 1, 1, 1, 1, 1, 1, 1, 1, 1, 1, 1, 1, 1, 1, 1, 1, 1, 1], [1, 1, 1, 1, 1, 1, 1, 1, 1, 1, 1, 1, 1, 1, 1, 1, 1, 1, 1, 1, 1, 1, 1, 1, 1, 1, 1, 1, 1, 1, 1, 1, 1, 1, 1, 1, 1, 1, 1, 1, 1, 1, 1, 1, 1, 1, 1, 1, 1, 1]]

means=tensor([4.5252e-05, 0.0000e+00, 0.0000e+00, 0.0000e+00, 1.6651e-05, 6.5499e-05,
        1.6294e-04, 1.0772e-05, 0.0000e+00, 0.0000e+00, 0.0000e+00, 7.7528e-04,
        2.7365e-05, 3.3269e-06, 1.0007e-05, 2.7763e-05, 1.3394e-04, 7.4990e-05,
        3.8402e-05, 8.5822e-06, 1.1237e-04, 3.2611e-05, 1.0614e-05, 4.0715e-05,
        2.1511e-05, 5.0010e-05, 1.4573e-05, 6.1111e-05, 5.6903e-05, 2.6956e-05,
        8.2432e-05, 5.9023e-05, 4.4192e-05, 6.8179e-05, 1.4497e-05, 8.7105e-05,
        6.6454e-05, 8.1622e-05, 9.0435e-05, 7.6599e-05, 1.2094e-04, 3.3138e-06,
        3.6967e-08, 2.0185e-05, 1.6830e-05, 1.6689e-05, 1.9832e-04, 5.0217e-05,
        2.5450e-05, 1.1558e-05, 5.1913e-05, 2.4123e-05, 4.1071e-05, 6.4798e-05,
        5.2765e-05, 1.3034e-05, 2.3829e-05, 4.2045e-05, 2.8072e-05, 5.0898e-05,
        4.4218e-05, 6.4452e-05, 2.4575e-05, 5.4461e-05, 6.1612e-05, 4.0064e-05,
        3.9091e-05, 1.3983e-05, 6.3604e-06, 5.2500e-05, 9.9259e-05, 5.0905e-05,
        3.7400e-05, 4.4671e-05, 4.4223e-06, 5.6710e-05, 4.4459e-05, 2.1550e-05,
        2.9544e-05, 3.3846e-05, 2.3524e-05, 7.6580e-05, 3.3815e-05, 5.3585e-05,
        2.2335e-05, 5.2056e-05, 1.3273e-05, 7.7080e-05, 9.3277e-06, 6.5943e-05,
        3.8806e-05, 3.5014e-05, 3.0982e-05, 2.5498e-05, 7.6388e-06, 9.5751e-06,
        4.6397e-05, 4.9094e-06, 4.8779e-06, 9.8922e-06, 5.2490e-05, 4.5384e-05,
        7.5224e-05, 3.1267e-05, 1.7315e-05, 5.7340e-05, 6.9969e-06, 2.2265e-05,
        1.1027e-05, 3.2517e-07, 5.3540e-05, 3.3220e-05, 2.4341e-05],
       grad_fn=<CatBackward>)

mean_overall=tensor(4.6466e-05, grad_fn=<MeanBackward0>)

-----------------------------------------------ITERATION220-----------------------------------------------

final_causality=[[1, 1, 1, 1, 1, 1, 1, 1, 1, 1, 1, 1, 1], [1, 1, 1, 1, 1, 1, 1, 1, 1, 1, 1, 1, 1, 1, 1, 1, 1, 1, 1, 1, 1, 1, 1, 1, 1, 1, 1, 1, 1, 1, 1, 1, 1, 1, 1, 1, 1, 1, 1, 1, 1, 1, 1, 1, 1, 1, 1, 1, 1, 1], [1, 1, 1, 1, 1, 1, 1, 1, 1, 1, 1, 1, 1, 1, 1, 1, 1, 1, 1, 1, 1, 1, 1, 1, 1, 1, 1, 1, 1, 1, 1, 1, 1, 1, 1, 1, 1, 1, 1, 1, 1, 1, 1, 1, 1, 1, 1, 1, 1, 1]]

means=tensor([4.8528e-05, 0.0000e+00, 0.0000e+00, 0.0000e+00, 2.2142e-05, 6.7499e-05,
        1.5956e-04, 9.0139e-06, 0.0000e+00, 0.0000e+00, 0.0000e+00, 7.9360e-04,
        3.9324e-05, 3.3204e-06, 1.0277e-05, 2.8088e-05, 1.3527e-04, 7.4127e-05,
        3.9691e-05, 8.5973e-06, 1.1195e-04, 3.2709e-05, 1.0225e-05, 4.1232e-05,
        2.2185e-05, 5.0345e-05, 1.4348e-05, 6.1708e-05, 5.5983e-05, 2.7461e-05,
        8.2106e-05, 5.9392e-05, 4.4368e-05, 6.8860e-05, 1.4746e-05, 8.8030e-05,
        6.7365e-05, 8.2209e-05, 9.3014e-05, 7.7251e-05, 1.2336e-04, 3.3528e-06,
        3.2123e-08, 2.0458e-05, 1.6694e-05, 1.6236e-05, 1.9934e-04, 5.1654e-05,
        2.6120e-05, 1.1481e-05, 5.1134e-05, 2.3931e-05, 4.1677e-05, 6.5677e-05,
        5.1976e-05, 1.3134e-05, 2.3578e-05, 4.2420e-05, 2.8072e-05, 5.1573e-05,
        4.4416e-05, 6.3568e-05, 2.4427e-05, 5.5004e-05, 6.2288e-05, 3.9915e-05,
        3.9473e-05, 1.4397e-05, 6.4437e-06, 5.2445e-05, 1.0026e-04, 5.1261e-05,
        3.7324e-05, 4.5657e-05, 4.3849e-06, 5.6042e-05, 4.3812e-05, 2.1709e-05,
        2.8931e-05, 3.3642e-05, 2.3943e-05, 7.8301e-05, 3.4070e-05, 5.4813e-05,
        2.2685e-05, 5.2632e-05, 1.3604e-05, 7.9091e-05, 9.7741e-06, 6.6815e-05,
        3.8854e-05, 3.5955e-05, 3.1189e-05, 2.5676e-05, 7.7748e-06, 9.6548e-06,
        4.6743e-05, 4.9743e-06, 4.8806e-06, 1.0073e-05, 5.3474e-05, 4.5711e-05,
        7.4659e-05, 3.2013e-05, 1.7294e-05, 5.8631e-05, 7.3799e-06, 2.2348e-05,
        1.1113e-05, 3.2331e-07, 5.4633e-05, 3.4174e-05, 2.4947e-05],
       grad_fn=<CatBackward>)

mean_overall=tensor(4.7080e-05, grad_fn=<MeanBackward0>)

-----------------------------------------------ITERATION230-----------------------------------------------

final_causality=[[1, 1, 1, 1, 1, 1, 1, 1, 1, 1, 1, 1, 1], [1, 1, 1, 1, 1, 1, 1, 1, 1, 1, 1, 1, 1, 1, 1, 1, 1, 1, 1, 1, 1, 1, 1, 1, 1, 1, 1, 1, 1, 1, 1, 1, 1, 1, 1, 1, 1, 1, 1, 1, 1, 1, 1, 1, 1, 1, 1, 1, 1, 1], [1, 1, 1, 1, 1, 1, 1, 1, 1, 1, 1, 1, 1, 1, 1, 1, 1, 1, 1, 1, 1, 1, 1, 1, 1, 1, 1, 1, 1, 1, 1, 1, 1, 1, 1, 1, 1, 1, 1, 1, 1, 1, 1, 1, 1, 1, 1, 1, 1, 1]]

means=tensor([5.1899e-05, 0.0000e+00, 0.0000e+00, 0.0000e+00, 2.7793e-05, 6.9549e-05,
        1.5607e-04, 7.2119e-06, 0.0000e+00, 0.0000e+00, 0.0000e+00, 8.1240e-04,
        5.1609e-05, 3.3127e-06, 1.0557e-05, 2.8422e-05, 1.3663e-04, 7.3252e-05,
        4.1044e-05, 8.6126e-06, 1.1152e-04, 3.2811e-05, 9.8313e-06, 4.1762e-05,
        2.2878e-05, 5.0690e-05, 1.4122e-05, 6.2318e-05, 5.5055e-05, 2.7984e-05,
        8.1776e-05, 5.9771e-05, 4.4548e-05, 6.9562e-05, 1.5001e-05, 8.8982e-05,
        6.8308e-05, 8.2813e-05, 9.5713e-05, 7.7922e-05, 1.2588e-04, 3.3920e-06,
        8.8433e-08, 2.0740e-05, 1.6557e-05, 1.5783e-05, 2.0039e-04, 5.3149e-05,
        2.6814e-05, 1.1404e-05, 5.0347e-05, 2.3740e-05, 4.2305e-05, 6.6589e-05,
        5.1177e-05, 1.3241e-05, 2.3325e-05, 4.2804e-05, 2.8075e-05, 5.2264e-05,
        4.4619e-05, 6.2667e-05, 2.4278e-05, 5.5561e-05, 6.2980e-05, 3.9762e-05,
        3.9947e-05, 1.4822e-05, 6.5286e-06, 5.2388e-05, 1.0130e-04, 5.1623e-05,
        3.7245e-05, 4.6672e-05, 4.3474e-06, 5.5363e-05, 4.3148e-05, 2.1873e-05,
        2.9328e-05, 3.3433e-05, 2.4374e-05, 8.0062e-05, 3.4334e-05, 5.6074e-05,
        2.3127e-05, 5.3222e-05, 1.4003e-05, 8.1151e-05, 1.0231e-05, 6.7710e-05,
        3.8907e-05, 3.6921e-05, 3.1404e-05, 2.5858e-05, 7.9163e-06, 9.8141e-06,
        4.7096e-05, 5.0438e-06, 4.8838e-06, 1.0261e-05, 5.4488e-05, 4.6046e-05,
        7.4079e-05, 3.2781e-05, 1.7273e-05, 5.9958e-05, 7.7893e-06, 2.2433e-05,
        1.1201e-05, 3.2160e-07, 5.5752e-05, 3.5153e-05, 2.5572e-05],
       grad_fn=<CatBackward>)

mean_overall=tensor(4.7725e-05, grad_fn=<MeanBackward0>)

-----------------------------------------------ITERATION240-----------------------------------------------

final_causality=[[1, 1, 1, 1, 1, 1, 1, 1, 1, 1, 1, 1, 1], [1, 1, 1, 1, 1, 1, 1, 1, 1, 1, 1, 1, 1, 1, 1, 1, 1, 1, 1, 1, 1, 1, 1, 1, 1, 1, 1, 1, 1, 1, 1, 1, 1, 1, 1, 1, 1, 1, 1, 1, 1, 1, 1, 1, 1, 1, 1, 1, 1, 1], [1, 1, 1, 1, 1, 1, 1, 1, 1, 1, 1, 1, 1, 1, 1, 1, 1, 1, 1, 1, 1, 1, 1, 1, 1, 1, 1, 1, 1, 1, 1, 1, 1, 1, 1, 1, 1, 1, 1, 1, 1, 1, 1, 1, 1, 1, 1, 1, 1, 1]]

means=tensor([5.5366e-05, 0.0000e+00, 0.0000e+00, 0.0000e+00, 3.3603e-05, 7.1648e-05,
        1.5249e-04, 5.3658e-06, 0.0000e+00, 0.0000e+00, 0.0000e+00, 8.3166e-04,
        6.4219e-05, 3.3042e-06, 1.0847e-05, 2.8766e-05, 1.3802e-04, 7.2366e-05,
        4.2467e-05, 8.6287e-06, 1.1109e-04, 3.2918e-05, 9.4343e-06, 4.2302e-05,
        2.3591e-05, 5.1046e-05, 1.3893e-05, 6.2943e-05, 5.4120e-05, 2.8527e-05,
        8.1444e-05, 6.0159e-05, 4.4731e-05, 7.0286e-05, 1.5264e-05, 9.0082e-05,
        6.9286e-05, 8.3434e-05, 9.8539e-05, 7.8611e-05, 1.2850e-04, 3.4317e-06,
        4.4411e-09, 2.1032e-05, 1.6419e-05, 1.5332e-05, 2.0147e-04, 5.4705e-05,
        2.7533e-05, 1.1328e-05, 4.9556e-05, 2.3549e-05, 4.2958e-05, 6.7532e-05,
        5.0369e-05, 1.3352e-05, 2.3072e-05, 4.3197e-05, 2.8080e-05, 5.2972e-05,
        4.4828e-05, 6.1750e-05, 2.4127e-05, 5.6131e-05, 6.3687e-05, 3.9606e-05,
        4.0436e-05, 1.5259e-05, 6.6149e-06, 5.2327e-05, 1.0235e-04, 5.1992e-05,
        3.7163e-05, 4.7714e-05, 4.3103e-06, 5.4671e-05, 4.2469e-05, 2.2041e-05,
        2.9813e-05, 3.3218e-05, 2.4817e-05, 8.1864e-05, 3.4609e-05, 5.7367e-05,
        2.3616e-05, 5.3824e-05, 1.4452e-05, 8.3261e-05, 1.0698e-05, 6.8628e-05,
        3.8966e-05, 3.7911e-05, 3.1626e-05, 2.6042e-05, 8.0636e-06, 9.9810e-06,
        4.7457e-05, 5.1216e-06, 4.8873e-06, 1.0454e-05, 5.5535e-05, 4.6388e-05,
        7.3483e-05, 3.3571e-05, 1.7250e-05, 6.1320e-05, 8.2080e-06, 2.2520e-05,
        1.1292e-05, 3.1996e-07, 5.6899e-05, 3.6155e-05, 2.6217e-05],
       grad_fn=<CatBackward>)

mean_overall=tensor(4.8391e-05, grad_fn=<MeanBackward0>)

-----------------------------------------------ITERATION250-----------------------------------------------

final_causality=[[1, 1, 1, 1, 1, 1, 1, 1, 1, 1, 1, 1, 1], [1, 1, 1, 1, 1, 1, 1, 1, 1, 1, 1, 1, 1, 1, 1, 1, 1, 1, 1, 1, 1, 1, 1, 1, 1, 1, 1, 1, 1, 1, 1, 1, 1, 1, 1, 1, 1, 1, 1, 1, 1, 1, 1, 1, 1, 1, 1, 1, 1, 1], [1, 1, 1, 1, 1, 1, 1, 1, 1, 1, 1, 1, 1, 1, 1, 1, 1, 1, 1, 1, 1, 1, 1, 1, 1, 1, 1, 1, 1, 1, 1, 1, 1, 1, 1, 1, 1, 1, 1, 1, 1, 1, 1, 1, 1, 1, 1, 1, 1, 1]]

means=tensor([5.8930e-05, 0.0000e+00, 0.0000e+00, 0.0000e+00, 3.9574e-05, 7.3798e-05,
        1.4880e-04, 3.4756e-06, 0.0000e+00, 0.0000e+00, 0.0000e+00, 8.5141e-04,
        7.7155e-05, 3.2949e-06, 1.1147e-05, 2.9120e-05, 1.3946e-04, 7.1470e-05,
        4.3960e-05, 8.6455e-06, 1.1065e-04, 3.3029e-05, 9.0342e-06, 4.2855e-05,
        2.4324e-05, 5.1413e-05, 1.3663e-05, 6.3582e-05, 5.3181e-05, 2.9091e-05,
        8.1109e-05, 6.0556e-05, 4.4919e-05, 7.1032e-05, 1.5534e-05, 9.1238e-05,
        7.0299e-05, 8.4073e-05, 1.0150e-04, 7.9320e-05, 1.3122e-04, 3.4720e-06,
        8.1869e-08, 2.1335e-05, 1.6280e-05, 1.4883e-05, 2.0257e-04, 5.6325e-05,
        2.8278e-05, 1.1251e-05, 4.8761e-05, 2.3359e-05, 4.3634e-05, 6.8506e-05,
        4.9553e-05, 1.3467e-05, 2.2819e-05, 4.3600e-05, 2.8087e-05, 5.3697e-05,
        4.5042e-05, 6.0818e-05, 2.3974e-05, 5.6715e-05, 6.4409e-05, 3.9446e-05,
        4.0940e-05, 1.5707e-05, 6.7024e-06, 5.2263e-05, 1.0344e-04, 5.2368e-05,
        3.7077e-05, 4.8785e-05, 4.2735e-06, 5.3968e-05, 4.1774e-05, 2.2213e-05,
        3.0392e-05, 3.2997e-05, 2.5272e-05, 8.3705e-05, 3.4895e-05, 5.8694e-05,
        2.4117e-05, 5.4440e-05, 1.4911e-05, 8.5421e-05, 1.1175e-05, 6.9568e-05,
        3.9031e-05, 3.8926e-05, 3.1855e-05, 2.6228e-05, 8.2170e-06, 1.0153e-05,
        4.7826e-05, 5.2015e-06, 4.8912e-06, 1.0655e-05, 5.6613e-05, 4.6739e-05,
        7.2891e-05, 3.4382e-05, 1.7225e-05, 6.2718e-05, 8.6358e-06, 2.2609e-05,
        1.1385e-05, 3.1840e-07, 5.8072e-05, 3.7182e-05, 2.6882e-05],
       grad_fn=<CatBackward>)

mean_overall=tensor(4.9079e-05, grad_fn=<MeanBackward0>)

-----------------------------------------------ITERATION260-----------------------------------------------

final_causality=[[1, 1, 1, 1, 1, 1, 1, 1, 1, 1, 1, 1, 1], [1, 1, 1, 1, 1, 1, 1, 1, 1, 1, 1, 1, 1, 1, 1, 1, 1, 1, 1, 1, 1, 1, 1, 1, 1, 1, 1, 1, 1, 1, 1, 1, 1, 1, 1, 1, 1, 1, 1, 1, 1, 1, 1, 1, 1, 1, 1, 1, 1, 1], [1, 1, 1, 1, 1, 1, 1, 1, 1, 1, 1, 1, 1, 1, 1, 1, 1, 1, 1, 1, 1, 1, 1, 1, 1, 1, 1, 1, 1, 1, 1, 1, 1, 1, 1, 1, 1, 1, 1, 1, 1, 1, 1, 1, 1, 1, 1, 1, 1, 1]]

means=tensor([6.2591e-05, 0.0000e+00, 0.0000e+00, 0.0000e+00, 4.5706e-05, 7.5997e-05,
        1.4501e-04, 1.5412e-06, 0.0000e+00, 0.0000e+00, 0.0000e+00, 8.7163e-04,
        9.0418e-05, 3.2846e-06, 1.1456e-05, 2.9484e-05, 1.4092e-04, 7.0565e-05,
        4.5529e-05, 8.6631e-06, 1.1021e-04, 3.3145e-05, 8.6310e-06, 4.3419e-05,
        2.5078e-05, 5.1791e-05, 1.3431e-05, 6.4235e-05, 5.2238e-05, 2.9677e-05,
        8.0773e-05, 6.0962e-05, 4.5111e-05, 7.1800e-05, 1.5811e-05, 9.2426e-05,
        7.1348e-05, 8.4729e-05, 1.0459e-04, 8.0048e-05, 1.3404e-04, 3.5126e-06,
        1.7071e-07, 2.1648e-05, 1.6141e-05, 1.4438e-05, 2.0371e-04, 5.8010e-05,
        2.9049e-05, 1.1174e-05, 4.7962e-05, 2.3170e-05, 4.4335e-05, 6.9514e-05,
        4.8729e-05, 1.3587e-05, 2.2565e-05, 4.4011e-05, 2.8097e-05, 5.4438e-05,
        4.5288e-05, 5.9970e-05, 2.3821e-05, 5.7313e-05, 6.5221e-05, 3.9283e-05,
        4.1460e-05, 1.6167e-05, 6.7924e-06, 5.2195e-05, 1.0454e-04, 5.2750e-05,
        3.6988e-05, 4.9885e-05, 4.2373e-06, 5.3255e-05, 4.1064e-05, 2.2389e-05,
        3.0983e-05, 3.2771e-05, 2.5739e-05, 8.5586e-05, 3.5191e-05, 6.0054e-05,
        2.4631e-05, 5.5068e-05, 1.5381e-05, 8.7629e-05, 1.1663e-05, 7.0532e-05,
        3.9103e-05, 3.9966e-05, 3.2091e-05, 2.6417e-05, 8.3766e-06, 1.0330e-05,
        4.8202e-05, 5.2834e-06, 4.8954e-06, 1.0862e-05, 5.7724e-05, 4.7098e-05,
        7.2314e-05, 3.5216e-05, 1.7199e-05, 6.4153e-05, 9.0728e-06, 2.2700e-05,
        1.1481e-05, 3.1693e-07, 5.9272e-05, 3.8234e-05, 2.7567e-05],
       grad_fn=<CatBackward>)

mean_overall=tensor(4.9790e-05, grad_fn=<MeanBackward0>)

-----------------------------------------------ITERATION270-----------------------------------------------

final_causality=[[1, 1, 1, 1, 1, 1, 1, 1, 1, 1, 1, 1, 1], [1, 1, 1, 1, 1, 1, 1, 1, 1, 1, 1, 1, 1, 1, 1, 1, 1, 1, 1, 1, 1, 1, 1, 1, 1, 1, 1, 1, 1, 1, 1, 1, 1, 1, 1, 1, 1, 1, 1, 1, 1, 1, 1, 1, 1, 1, 1, 1, 1, 1], [1, 1, 1, 1, 1, 1, 1, 1, 1, 1, 1, 1, 1, 1, 1, 1, 1, 1, 1, 1, 1, 1, 1, 1, 1, 1, 1, 1, 1, 1, 1, 1, 1, 1, 1, 1, 1, 1, 1, 1, 1, 1, 1, 1, 1, 1, 1, 1, 1, 1]]

means=tensor([6.6351e-05, 0.0000e+00, 0.0000e+00, 0.0000e+00, 5.2002e-05, 7.8247e-05,
        1.4111e-04, 1.0579e-07, 0.0000e+00, 0.0000e+00, 0.0000e+00, 8.9233e-04,
        1.0401e-04, 3.2733e-06, 1.1776e-05, 2.9859e-05, 1.4243e-04, 6.9651e-05,
        4.7176e-05, 8.6814e-06, 1.0976e-04, 3.3265e-05, 8.2250e-06, 4.3994e-05,
        2.5854e-05, 5.2180e-05, 1.3199e-05, 6.4901e-05, 5.1291e-05, 3.0284e-05,
        8.0434e-05, 6.1377e-05, 4.5306e-05, 7.2590e-05, 1.6096e-05, 9.3648e-05,
        7.2434e-05, 8.5402e-05, 1.0782e-04, 8.0795e-05, 1.3698e-04, 3.5535e-06,
        2.6219e-07, 2.1971e-05, 1.6002e-05, 1.3996e-05, 2.0487e-04, 5.9763e-05,
        2.9847e-05, 1.1098e-05, 4.7161e-05, 2.2983e-05, 4.5061e-05, 7.0555e-05,
        4.7898e-05, 1.3712e-05, 2.2312e-05, 4.4611e-05, 2.8109e-05, 5.5195e-05,
        4.5577e-05, 5.9355e-05, 2.3666e-05, 5.7925e-05, 6.6339e-05, 3.9116e-05,
        4.1994e-05, 1.6638e-05, 6.8847e-06, 5.2124e-05, 1.0568e-04, 5.3138e-05,
        3.6896e-05, 5.1014e-05, 4.2017e-06, 5.2531e-05, 4.0338e-05, 2.2570e-05,
        3.1767e-05, 3.2540e-05, 2.6218e-05, 8.7507e-05, 3.5498e-05, 6.1446e-05,
        2.5158e-05, 5.5709e-05, 1.5861e-05, 8.9887e-05, 1.2161e-05, 7.1518e-05,
        3.9182e-05, 4.1029e-05, 3.2336e-05, 2.6641e-05, 8.5427e-06, 1.0513e-05,
        4.8586e-05, 5.3673e-06, 4.9001e-06, 1.1076e-05, 5.8868e-05, 4.7464e-05,
        7.1723e-05, 3.6072e-05, 1.7172e-05, 6.5623e-05, 9.5189e-06, 2.2792e-05,
        1.1579e-05, 3.1558e-07, 6.0499e-05, 3.9309e-05, 2.8273e-05],
       grad_fn=<CatBackward>)

mean_overall=tensor(5.0535e-05, grad_fn=<MeanBackward0>)

-----------------------------------------------ITERATION280-----------------------------------------------

final_causality=[[1, 1, 1, 1, 1, 1, 1, 1, 1, 1, 1, 1, 1], [1, 1, 1, 1, 1, 1, 1, 1, 1, 1, 1, 1, 1, 1, 1, 1, 1, 1, 1, 1, 1, 1, 1, 1, 1, 1, 1, 1, 1, 1, 1, 1, 1, 1, 1, 1, 1, 1, 1, 1, 1, 1, 1, 1, 1, 1, 1, 1, 1, 1], [1, 1, 1, 1, 1, 1, 1, 1, 1, 1, 1, 1, 1, 1, 1, 1, 1, 1, 1, 1, 1, 1, 1, 1, 1, 1, 1, 1, 1, 1, 1, 1, 1, 1, 1, 1, 1, 1, 1, 1, 1, 1, 1, 1, 1, 1, 1, 1, 1, 1]]

means=tensor([7.0212e-05, 0.0000e+00, 0.0000e+00, 0.0000e+00, 5.8463e-05, 8.0546e-05,
        1.3710e-04, 1.6667e-06, 0.0000e+00, 0.0000e+00, 0.0000e+00, 9.1350e-04,
        1.1794e-04, 3.2608e-06, 1.2107e-05, 3.0244e-05, 1.4397e-04, 6.8730e-05,
        4.8905e-05, 8.7004e-06, 1.0930e-04, 3.3391e-05, 7.8162e-06, 4.4579e-05,
        2.6652e-05, 5.2579e-05, 1.2965e-05, 6.5581e-05, 5.0343e-05, 3.0915e-05,
        8.0094e-05, 6.1800e-05, 4.5506e-05, 7.3403e-05, 1.6388e-05, 9.4904e-05,
        7.3556e-05, 8.6092e-05, 1.1119e-04, 8.1560e-05, 1.4002e-04, 3.5947e-06,
        3.5627e-07, 2.2304e-05, 1.5862e-05, 1.3557e-05, 2.0606e-04, 6.1585e-05,
        3.0673e-05, 1.1023e-05, 4.6358e-05, 2.2798e-05, 4.5813e-05, 7.1630e-05,
        4.7061e-05, 1.3841e-05, 2.2059e-05, 4.5304e-05, 2.8125e-05, 5.5967e-05,
        4.5872e-05, 5.8730e-05, 2.3511e-05, 5.8550e-05, 6.7548e-05, 3.8946e-05,
        4.2545e-05, 1.7121e-05, 6.9781e-06, 5.2050e-05, 1.0715e-04, 5.3627e-05,
        3.6800e-05, 5.2171e-05, 4.1669e-06, 5.1796e-05, 3.9597e-05, 2.2756e-05,
        3.2579e-05, 3.2303e-05, 2.6709e-05, 8.9467e-05, 3.5817e-05, 6.2872e-05,
        2.5698e-05, 5.6441e-05, 1.6353e-05, 9.2194e-05, 1.2749e-05, 7.2527e-05,
        3.9268e-05, 4.2118e-05, 3.2588e-05, 2.6902e-05, 8.7153e-06, 1.0701e-05,
        4.8978e-05, 5.4557e-06, 4.9052e-06, 1.1298e-05, 6.0045e-05, 4.7838e-05,
        7.1116e-05, 3.6951e-05, 1.7142e-05, 6.7129e-05, 1.0048e-05, 2.2886e-05,
        1.1679e-05, 3.1434e-07, 6.1751e-05, 4.0408e-05, 2.9000e-05],
       grad_fn=<CatBackward>)

mean_overall=tensor(5.1335e-05, grad_fn=<MeanBackward0>)

-----------------------------------------------ITERATION290-----------------------------------------------

final_causality=[[1, 1, 1, 1, 1, 1, 1, 1, 1, 1, 1, 1, 1], [1, 1, 1, 1, 1, 1, 1, 1, 1, 1, 1, 1, 1, 1, 1, 1, 1, 1, 1, 1, 1, 1, 1, 1, 1, 1, 1, 1, 1, 1, 1, 1, 1, 1, 1, 1, 1, 1, 1, 1, 1, 1, 1, 1, 1, 1, 1, 1, 1, 1], [1, 1, 1, 1, 1, 1, 1, 1, 1, 1, 1, 1, 1, 1, 1, 1, 1, 1, 1, 1, 1, 1, 1, 1, 1, 1, 1, 1, 1, 1, 1, 1, 1, 1, 1, 1, 1, 1, 1, 1, 1, 1, 1, 1, 1, 1, 1, 1, 1, 1]]

means=tensor([7.4174e-05, 0.0000e+00, 0.0000e+00, 0.0000e+00, 6.5090e-05, 8.2896e-05,
        1.3299e-04, 3.7290e-06, 0.0000e+00, 0.0000e+00, 0.0000e+00, 9.3516e-04,
        1.3220e-04, 3.2473e-06, 1.2448e-05, 3.0639e-05, 1.4555e-04, 6.7801e-05,
        5.0720e-05, 8.7203e-06, 1.0884e-04, 3.3521e-05, 7.4048e-06, 4.5176e-05,
        2.7472e-05, 5.2991e-05, 1.2731e-05, 6.6274e-05, 4.9393e-05, 3.1569e-05,
        7.9754e-05, 6.2233e-05, 4.5709e-05, 7.4239e-05, 1.6688e-05, 9.6192e-05,
        7.4717e-05, 8.6800e-05, 1.1472e-04, 8.2345e-05, 1.4318e-04, 3.6362e-06,
        4.5294e-07, 2.2648e-05, 1.5722e-05, 1.3124e-05, 2.0727e-04, 6.3480e-05,
        3.1527e-05, 1.0949e-05, 4.5554e-05, 2.2615e-05, 4.6592e-05, 7.2739e-05,
        4.6219e-05, 1.3975e-05, 2.1806e-05, 4.6012e-05, 2.8144e-05, 5.6756e-05,
        4.6174e-05, 5.8097e-05, 2.3354e-05, 5.9190e-05, 6.8930e-05, 3.8772e-05,
        4.3112e-05, 1.7616e-05, 7.0725e-06, 5.1972e-05, 1.0865e-04, 5.4155e-05,
        3.6700e-05, 5.3359e-05, 4.1330e-06, 5.1051e-05, 3.8840e-05, 2.2945e-05,
        3.3407e-05, 3.2060e-05, 2.7213e-05, 9.1466e-05, 3.6148e-05, 6.4332e-05,
        2.6251e-05, 5.7242e-05, 1.6855e-05, 9.4551e-05, 1.3467e-05, 7.3559e-05,
        3.9362e-05, 4.3231e-05, 3.2848e-05, 2.7166e-05, 8.8961e-06, 1.0894e-05,
        4.9377e-05, 5.5503e-06, 4.9108e-06, 1.1526e-05, 6.1255e-05, 4.8220e-05,
        7.0495e-05, 3.7853e-05, 1.7111e-05, 6.8672e-05, 1.0650e-05, 2.2982e-05,
        1.1782e-05, 3.1726e-07, 6.3030e-05, 4.1532e-05, 2.9747e-05],
       grad_fn=<CatBackward>)

mean_overall=tensor(5.2165e-05, grad_fn=<MeanBackward0>)

-----------------------------------------------ITERATION300-----------------------------------------------

final_causality=[[1, 1, 1, 1, 1, 1, 1, 1, 1, 1, 1, 1, 1], [1, 1, 1, 1, 1, 1, 1, 1, 1, 1, 1, 1, 1, 1, 1, 1, 1, 1, 1, 1, 1, 1, 1, 1, 1, 1, 1, 1, 1, 1, 1, 1, 1, 1, 1, 1, 1, 1, 1, 1, 1, 1, 1, 1, 1, 1, 1, 1, 1, 1], [1, 1, 1, 1, 1, 1, 1, 1, 1, 1, 1, 1, 1, 1, 1, 1, 1, 1, 1, 1, 1, 1, 1, 1, 1, 1, 1, 1, 1, 1, 1, 1, 1, 1, 1, 1, 1, 1, 1, 1, 1, 1, 1, 1, 1, 1, 1, 1, 1, 1]]

means=tensor([7.8239e-05, 0.0000e+00, 0.0000e+00, 0.0000e+00, 7.1887e-05, 8.5298e-05,
        1.2876e-04, 5.8371e-06, 0.0000e+00, 0.0000e+00, 0.0000e+00, 9.5731e-04,
        1.4681e-04, 3.2325e-06, 1.2800e-05, 3.1046e-05, 1.4716e-04, 6.6867e-05,
        5.2625e-05, 8.7411e-06, 1.0837e-04, 3.3656e-05, 6.9912e-06, 4.5783e-05,
        2.8317e-05, 5.3413e-05, 1.2497e-05, 6.6980e-05, 4.8444e-05, 3.2248e-05,
        7.9413e-05, 6.2674e-05, 4.5917e-05, 7.5097e-05, 1.6995e-05, 9.7515e-05,
        7.5917e-05, 8.7525e-05, 1.1840e-04, 8.3149e-05, 1.4645e-04, 3.6778e-06,
        5.5226e-07, 2.3003e-05, 1.5582e-05, 1.2695e-05, 2.0851e-04, 6.5449e-05,
        3.2411e-05, 1.0875e-05, 4.4749e-05, 2.2434e-05, 4.7398e-05, 7.3883e-05,
        4.5372e-05, 1.4114e-05, 2.1554e-05, 4.6734e-05, 2.8166e-05, 5.7560e-05,
        4.6483e-05, 5.7454e-05, 2.3198e-05, 5.9844e-05, 7.0474e-05, 3.8595e-05,
        4.3696e-05, 1.8124e-05, 7.1679e-06, 5.1889e-05, 1.1018e-04, 5.4690e-05,
        3.6597e-05, 5.4576e-05, 4.1001e-06, 5.0296e-05, 3.9136e-05, 2.3140e-05,
        3.4249e-05, 3.1812e-05, 2.7730e-05, 9.3503e-05, 3.6492e-05, 6.5825e-05,
        2.6818e-05, 5.8058e-05, 1.7368e-05, 9.6956e-05, 1.4199e-05, 7.4614e-05,
        3.9464e-05, 4.4369e-05, 3.3116e-05, 2.7433e-05, 9.0851e-06, 1.1092e-05,
        4.9783e-05, 5.6471e-06, 4.9168e-06, 1.1763e-05, 6.2500e-05, 4.8609e-05,
        6.9859e-05, 3.8780e-05, 1.7077e-05, 7.0252e-05, 1.1329e-05, 2.3079e-05,
        1.1888e-05, 3.2156e-07, 6.4336e-05, 4.2680e-05, 3.0516e-05],
       grad_fn=<CatBackward>)

mean_overall=tensor(5.3029e-05, grad_fn=<MeanBackward0>)

-----------------------------------------------ITERATION310-----------------------------------------------

final_causality=[[1, 1, 1, 1, 1, 1, 1, 1, 1, 1, 1, 1, 1], [1, 1, 1, 1, 1, 1, 1, 1, 1, 1, 1, 1, 1, 1, 1, 1, 1, 1, 1, 1, 1, 1, 1, 1, 1, 1, 1, 1, 1, 1, 1, 1, 1, 1, 1, 1, 1, 1, 1, 1, 1, 1, 1, 1, 1, 1, 1, 1, 1, 1], [1, 1, 1, 1, 1, 1, 1, 1, 1, 1, 1, 1, 1, 1, 1, 1, 1, 1, 1, 1, 1, 1, 1, 1, 1, 1, 1, 1, 1, 1, 1, 1, 1, 1, 1, 1, 1, 1, 1, 1, 1, 1, 1, 1, 1, 1, 1, 1, 1, 1]]

means=tensor([8.2410e-05, 0.0000e+00, 0.0000e+00, 0.0000e+00, 7.8855e-05, 8.7750e-05,
        1.2442e-04, 7.9914e-06, 0.0000e+00, 0.0000e+00, 0.0000e+00, 9.7995e-04,
        1.6176e-04, 3.2165e-06, 1.3163e-05, 3.1463e-05, 1.4881e-04, 6.5927e-05,
        5.4625e-05, 8.7629e-06, 1.0790e-04, 3.3797e-05, 6.5751e-06, 4.6401e-05,
        2.9187e-05, 5.3848e-05, 1.2263e-05, 6.7699e-05, 4.7495e-05, 3.2953e-05,
        7.9071e-05, 6.3124e-05, 4.6128e-05, 7.6045e-05, 1.7310e-05, 9.8873e-05,
        7.7158e-05, 8.8268e-05, 1.2224e-04, 8.3972e-05, 1.4984e-04, 3.7196e-06,
        6.5426e-07, 2.3369e-05, 1.5442e-05, 1.2271e-05, 2.0978e-04, 6.7496e-05,
        3.3325e-05, 1.0803e-05, 4.3945e-05, 2.2255e-05, 4.8232e-05, 7.5063e-05,
        4.4521e-05, 1.4258e-05, 2.1303e-05, 4.7471e-05, 2.8191e-05, 5.8379e-05,
        4.6798e-05, 5.6804e-05, 2.3040e-05, 6.0513e-05, 7.2332e-05, 3.8414e-05,
        4.4296e-05, 1.8644e-05, 7.2642e-06, 5.1803e-05, 1.1175e-04, 5.5234e-05,
        3.6490e-05, 5.5825e-05, 4.0684e-06, 4.9531e-05, 3.9717e-05, 2.3339e-05,
        3.5106e-05, 3.1558e-05, 2.8259e-05, 9.5580e-05, 3.6848e-05, 6.7353e-05,
        2.7398e-05, 5.8890e-05, 1.7893e-05, 9.9411e-05, 1.4945e-05, 7.5692e-05,
        3.9574e-05, 4.5531e-05, 3.3392e-05, 2.7702e-05, 9.2816e-06, 1.1297e-05,
        5.0197e-05, 5.7626e-06, 4.9234e-06, 1.2008e-05, 6.3780e-05, 4.9007e-05,
        6.9208e-05, 3.9730e-05, 1.7042e-05, 7.1870e-05, 1.2081e-05, 2.3179e-05,
        1.1996e-05, 3.2612e-07, 6.5667e-05, 4.3852e-05, 3.1382e-05],
       grad_fn=<CatBackward>)

mean_overall=tensor(5.3923e-05, grad_fn=<MeanBackward0>)

-----------------------------------------------ITERATION320-----------------------------------------------

final_causality=[[1, 1, 1, 1, 1, 1, 1, 1, 1, 1, 1, 1, 1], [1, 1, 1, 1, 1, 1, 1, 1, 1, 1, 1, 1, 1, 1, 1, 1, 1, 1, 1, 1, 1, 1, 1, 1, 1, 1, 1, 1, 1, 1, 1, 1, 1, 1, 1, 1, 1, 1, 1, 1, 1, 1, 1, 1, 1, 1, 1, 1, 1, 1], [1, 1, 1, 1, 1, 1, 1, 1, 1, 1, 1, 1, 1, 1, 1, 1, 1, 1, 1, 1, 1, 1, 1, 1, 1, 1, 1, 1, 1, 1, 1, 1, 1, 1, 1, 1, 1, 1, 1, 1, 1, 1, 1, 1, 1, 1, 1, 1, 1, 1]]

means=tensor([8.6687e-05, 0.0000e+00, 0.0000e+00, 0.0000e+00, 8.5998e-05, 9.0255e-05,
        1.1996e-04, 1.0193e-05, 0.0000e+00, 0.0000e+00, 0.0000e+00, 1.0031e-03,
        1.7707e-04, 3.1992e-06, 1.3537e-05, 3.1892e-05, 1.5049e-04, 6.4982e-05,
        5.6724e-05, 8.7856e-06, 1.0742e-04, 3.3943e-05, 6.1568e-06, 4.7029e-05,
        3.0083e-05, 5.4294e-05, 1.2029e-05, 6.8566e-05, 4.6548e-05, 3.3685e-05,
        7.8730e-05, 6.3583e-05, 4.6343e-05, 7.7035e-05, 1.7632e-05, 1.0026e-04,
        7.8439e-05, 8.9028e-05, 1.2624e-04, 8.4814e-05, 1.5336e-04, 3.7615e-06,
        7.5900e-07, 2.3746e-05, 1.5302e-05, 1.1853e-05, 2.1108e-04, 6.9624e-05,
        3.4290e-05, 1.0732e-05, 4.3141e-05, 2.2079e-05, 4.9096e-05, 7.6280e-05,
        4.3667e-05, 1.4407e-05, 2.1053e-05, 4.8223e-05, 2.8221e-05, 5.9215e-05,
        4.7120e-05, 5.6145e-05, 2.2882e-05, 6.1196e-05, 7.4229e-05, 3.8230e-05,
        4.4913e-05, 1.9177e-05, 7.3614e-06, 5.1713e-05, 1.1335e-04, 5.5785e-05,
        3.6379e-05, 5.7104e-05, 4.0380e-06, 4.8757e-05, 4.0307e-05, 2.3543e-05,
        3.5978e-05, 3.1303e-05, 2.8802e-05, 9.7695e-05, 3.7217e-05, 6.8914e-05,
        2.7992e-05, 5.9737e-05, 1.8429e-05, 1.0192e-04, 1.5706e-05, 7.6794e-05,
        3.9693e-05, 4.6719e-05, 3.3818e-05, 2.7974e-05, 9.4859e-06, 1.1507e-05,
        5.0619e-05, 5.8850e-06, 4.9304e-06, 1.2260e-05, 6.5096e-05, 4.9412e-05,
        6.8541e-05, 4.0705e-05, 1.7004e-05, 7.3525e-05, 1.2847e-05, 2.3813e-05,
        1.2106e-05, 3.3094e-07, 6.7025e-05, 4.5049e-05, 3.2330e-05],
       grad_fn=<CatBackward>)

mean_overall=tensor(5.4850e-05, grad_fn=<MeanBackward0>)

-----------------------------------------------ITERATION330-----------------------------------------------

final_causality=[[1, 1, 1, 1, 1, 1, 1, 1, 1, 1, 1, 1, 1], [1, 1, 1, 1, 1, 1, 1, 1, 1, 1, 1, 1, 1, 1, 1, 1, 1, 1, 1, 1, 1, 1, 1, 1, 1, 1, 1, 1, 1, 1, 1, 1, 1, 1, 1, 1, 1, 1, 1, 1, 1, 1, 1, 1, 1, 1, 1, 1, 1, 1], [1, 1, 1, 1, 1, 1, 1, 1, 1, 1, 1, 1, 1, 1, 1, 1, 1, 1, 1, 1, 1, 1, 1, 1, 1, 1, 1, 1, 1, 1, 1, 1, 1, 1, 1, 1, 1, 1, 1, 1, 1, 1, 1, 1, 1, 1, 1, 1, 1, 1]]

means=tensor([9.1074e-05, 0.0000e+00, 0.0000e+00, 0.0000e+00, 9.3318e-05, 9.2813e-05,
        1.1539e-04, 1.2442e-05, 0.0000e+00, 0.0000e+00, 0.0000e+00, 1.0267e-03,
        1.9273e-04, 3.1805e-06, 1.3923e-05, 3.2332e-05, 1.5221e-04, 6.4033e-05,
        5.8927e-05, 8.8133e-06, 1.0694e-04, 3.4094e-05, 5.7362e-06, 4.7667e-05,
        3.1005e-05, 5.4752e-05, 1.1795e-05, 6.9467e-05, 4.5602e-05, 3.4445e-05,
        7.8389e-05, 6.4050e-05, 4.6562e-05, 7.8050e-05, 1.7962e-05, 1.0169e-04,
        7.9762e-05, 8.9806e-05, 1.3042e-04, 8.5676e-05, 1.5700e-04, 3.8035e-06,
        8.6650e-07, 2.4135e-05, 1.5163e-05, 1.1440e-05, 2.1241e-04, 7.1834e-05,
        3.5295e-05, 1.0662e-05, 4.2339e-05, 2.1906e-05, 4.9989e-05, 7.7534e-05,
        4.2810e-05, 1.4561e-05, 2.0862e-05, 4.8989e-05, 2.8254e-05, 6.0065e-05,
        4.7449e-05, 5.5479e-05, 2.2724e-05, 6.1894e-05, 7.6164e-05, 3.8042e-05,
        4.5548e-05, 1.9723e-05, 7.4594e-06, 5.1618e-05, 1.1498e-04, 5.6408e-05,
        3.6264e-05, 5.8415e-05, 4.0091e-06, 4.7972e-05, 4.0908e-05, 2.3751e-05,
        3.6865e-05, 3.1066e-05, 2.9358e-05, 9.9850e-05, 3.7601e-05, 7.0511e-05,
        2.8599e-05, 6.0600e-05, 1.8975e-05, 1.0447e-04, 1.6481e-05, 7.7920e-05,
        3.9821e-05, 4.7932e-05, 3.4303e-05, 2.8248e-05, 9.6984e-06, 1.1723e-05,
        5.1048e-05, 6.0103e-06, 4.9380e-06, 1.2522e-05, 6.6448e-05, 4.9824e-05,
        6.7858e-05, 4.1706e-05, 1.6964e-05, 7.5218e-05, 1.3629e-05, 2.4502e-05,
        1.2220e-05, 3.3604e-07, 6.8409e-05, 4.6270e-05, 3.3304e-05],
       grad_fn=<CatBackward>)

mean_overall=tensor(5.5803e-05, grad_fn=<MeanBackward0>)

-----------------------------------------------ITERATION340-----------------------------------------------

final_causality=[[1, 1, 1, 1, 1, 1, 1, 1, 1, 1, 1, 1, 1], [1, 1, 1, 1, 1, 1, 1, 1, 1, 1, 1, 1, 1, 1, 1, 1, 1, 1, 1, 1, 1, 1, 1, 1, 1, 1, 1, 1, 1, 1, 1, 1, 1, 1, 1, 1, 1, 1, 1, 1, 1, 1, 1, 1, 1, 1, 1, 1, 1, 1], [1, 1, 1, 1, 1, 1, 1, 1, 1, 1, 1, 1, 1, 1, 1, 1, 1, 1, 1, 1, 1, 1, 1, 1, 1, 1, 1, 1, 1, 1, 1, 1, 1, 1, 1, 1, 1, 1, 1, 1, 1, 1, 1, 1, 1, 1, 1, 1, 1, 1]]

means=tensor([9.5572e-05, 0.0000e+00, 0.0000e+00, 0.0000e+00, 1.0082e-04, 9.5426e-05,
        1.1069e-04, 1.4740e-05, 0.0000e+00, 0.0000e+00, 0.0000e+00, 1.0509e-03,
        2.0876e-04, 3.1605e-06, 1.4321e-05, 3.2784e-05, 1.5396e-04, 6.3080e-05,
        6.1240e-05, 8.8513e-06, 1.0646e-04, 3.4251e-05, 5.3133e-06, 4.8315e-05,
        3.1957e-05, 5.5222e-05, 1.1561e-05, 7.0383e-05, 4.4660e-05, 3.5234e-05,
        7.8049e-05, 6.4526e-05, 4.6785e-05, 7.9092e-05, 1.8300e-05, 1.0315e-04,
        8.1128e-05, 9.0603e-05, 1.3478e-04, 8.6557e-05, 1.6077e-04, 3.8455e-06,
        9.7683e-07, 2.4536e-05, 1.5024e-05, 1.1034e-05, 2.1376e-04, 7.4131e-05,
        3.6336e-05, 1.0593e-05, 4.1539e-05, 2.1736e-05, 5.0913e-05, 7.8826e-05,
        4.1951e-05, 1.4721e-05, 2.1169e-05, 4.9770e-05, 2.8290e-05, 6.0931e-05,
        4.7785e-05, 5.4805e-05, 2.2584e-05, 6.2608e-05, 7.8138e-05, 3.7851e-05,
        4.6201e-05, 2.0283e-05, 7.5582e-06, 5.1518e-05, 1.1665e-04, 5.7055e-05,
        3.6144e-05, 5.9758e-05, 3.9819e-06, 4.7178e-05, 4.1518e-05, 2.3965e-05,
        3.7766e-05, 3.0823e-05, 2.9927e-05, 1.0204e-04, 3.7999e-05, 7.2142e-05,
        2.9221e-05, 6.1853e-05, 1.9534e-05, 1.0708e-04, 1.7270e-05, 7.9070e-05,
        3.9958e-05, 4.9170e-05, 3.4803e-05, 2.8524e-05, 9.9194e-06, 1.1944e-05,
        5.1485e-05, 6.1388e-06, 4.9462e-06, 1.2792e-05, 6.7837e-05, 5.0245e-05,
        6.7159e-05, 4.2734e-05, 1.6922e-05, 7.6950e-05, 1.4426e-05, 2.5205e-05,
        1.2336e-05, 3.4143e-07, 6.9820e-05, 4.7517e-05, 3.4304e-05],
       grad_fn=<CatBackward>)

mean_overall=tensor(5.6790e-05, grad_fn=<MeanBackward0>)

-----------------------------------------------ITERATION350-----------------------------------------------

final_causality=[[1, 1, 1, 1, 1, 1, 1, 1, 1, 1, 1, 1, 1], [1, 1, 1, 1, 1, 1, 1, 1, 1, 1, 1, 1, 1, 1, 1, 1, 1, 1, 1, 1, 1, 1, 1, 1, 1, 1, 1, 1, 1, 1, 1, 1, 1, 1, 1, 1, 1, 1, 1, 1, 1, 1, 1, 1, 1, 1, 1, 1, 1, 1], [1, 1, 1, 1, 1, 1, 1, 1, 1, 1, 1, 1, 1, 1, 1, 1, 1, 1, 1, 1, 1, 1, 1, 1, 1, 1, 1, 1, 1, 1, 1, 1, 1, 1, 1, 1, 1, 1, 1, 1, 1, 1, 1, 1, 1, 1, 1, 1, 1, 1]]

means=tensor([1.0018e-04, 0.0000e+00, 0.0000e+00, 0.0000e+00, 1.0851e-04, 9.8093e-05,
        1.0587e-04, 1.7089e-05, 0.0000e+00, 0.0000e+00, 0.0000e+00, 1.0756e-03,
        2.2516e-04, 3.1389e-06, 1.4731e-05, 3.3249e-05, 1.5576e-04, 6.2123e-05,
        6.3668e-05, 8.8905e-06, 1.0597e-04, 3.4414e-05, 4.8881e-06, 4.8973e-05,
        3.2937e-05, 5.5705e-05, 1.1329e-05, 7.1314e-05, 4.3722e-05, 3.6054e-05,
        7.7709e-05, 6.5010e-05, 4.7012e-05, 8.0161e-05, 1.8646e-05, 1.0465e-04,
        8.2538e-05, 9.1417e-05, 1.3932e-04, 8.7457e-05, 1.6467e-04, 3.8875e-06,
        1.0900e-06, 2.4948e-05, 1.4886e-05, 1.0634e-05, 2.1513e-04, 7.6517e-05,
        3.7412e-05, 1.0526e-05, 4.0741e-05, 2.1569e-05, 5.1868e-05, 8.0157e-05,
        4.1091e-05, 1.4915e-05, 2.1480e-05, 5.0566e-05, 2.8331e-05, 6.1812e-05,
        4.8128e-05, 5.4124e-05, 2.2574e-05, 6.3338e-05, 8.0150e-05, 3.7656e-05,
        4.6873e-05, 2.0857e-05, 7.6576e-06, 5.1414e-05, 1.1835e-04, 5.7767e-05,
        3.6021e-05, 6.1134e-05, 3.9564e-06, 4.6374e-05, 4.2139e-05, 2.4184e-05,
        3.8804e-05, 3.0574e-05, 3.0511e-05, 1.0428e-04, 3.8411e-05, 7.3809e-05,
        2.9857e-05, 6.3137e-05, 2.0104e-05, 1.0974e-04, 1.8073e-05, 8.0244e-05,
        4.0106e-05, 5.0434e-05, 3.5318e-05, 2.8803e-05, 1.0149e-05, 1.2172e-05,
        5.1930e-05, 6.2704e-06, 4.9549e-06, 1.3071e-05, 6.9263e-05, 5.0673e-05,
        6.6444e-05, 4.3788e-05, 1.6877e-05, 7.8722e-05, 1.5239e-05, 2.5921e-05,
        1.2455e-05, 3.4712e-07, 7.1258e-05, 4.9181e-05, 3.5332e-05],
       grad_fn=<CatBackward>)

mean_overall=tensor(5.7809e-05, grad_fn=<MeanBackward0>)

-----------------------------------------------ITERATION360-----------------------------------------------

final_causality=[[1, 1, 1, 1, 1, 1, 1, 1, 1, 1, 1, 1, 1], [1, 1, 1, 1, 1, 1, 1, 1, 1, 1, 1, 1, 1, 1, 1, 1, 1, 1, 1, 1, 1, 1, 1, 1, 1, 1, 1, 1, 1, 1, 1, 1, 1, 1, 1, 1, 1, 1, 1, 1, 1, 1, 1, 1, 1, 1, 1, 1, 1, 1], [1, 1, 1, 1, 1, 1, 1, 1, 1, 1, 1, 1, 1, 1, 1, 1, 1, 1, 1, 1, 1, 1, 1, 1, 1, 1, 1, 1, 1, 1, 1, 1, 1, 1, 1, 1, 1, 1, 1, 1, 1, 1, 1, 1, 1, 1, 1, 1, 1, 1]]

means=tensor([1.0491e-04, 0.0000e+00, 0.0000e+00, 0.0000e+00, 1.1638e-04, 1.0082e-04,
        1.0092e-04, 1.9488e-05, 0.0000e+00, 0.0000e+00, 0.0000e+00, 1.1008e-03,
        2.4194e-04, 3.1159e-06, 1.5153e-05, 3.3726e-05, 1.5758e-04, 6.1165e-05,
        6.6217e-05, 8.9309e-06, 1.0548e-04, 3.4582e-05, 4.4605e-06, 4.9640e-05,
        3.3948e-05, 5.6200e-05, 1.1097e-05, 7.2261e-05, 4.2788e-05, 3.6905e-05,
        7.7372e-05, 6.5503e-05, 4.7243e-05, 8.1258e-05, 1.9000e-05, 1.0619e-04,
        8.4008e-05, 9.2249e-05, 1.4406e-04, 8.8378e-05, 1.6871e-04, 3.9295e-06,
        1.2061e-06, 2.5373e-05, 1.4748e-05, 1.0240e-05, 2.1654e-04, 7.8996e-05,
        3.8527e-05, 1.0460e-05, 3.9946e-05, 2.1406e-05, 5.2856e-05, 8.1528e-05,
        4.0230e-05, 1.5162e-05, 2.1796e-05, 5.1377e-05, 2.8377e-05, 6.2708e-05,
        4.8478e-05, 5.3627e-05, 2.2567e-05, 6.4206e-05, 8.2202e-05, 3.7457e-05,
        4.7563e-05, 2.1444e-05, 7.7577e-06, 5.1304e-05, 1.2009e-04, 5.8567e-05,
        3.6067e-05, 6.2543e-05, 3.9329e-06, 4.5560e-05, 4.2769e-05, 2.4407e-05,
        4.0099e-05, 3.0320e-05, 3.1108e-05, 1.0655e-04, 3.8840e-05, 7.5513e-05,
        3.0507e-05, 6.4443e-05, 2.0685e-05, 1.1245e-04, 1.8892e-05, 8.1442e-05,
        4.0264e-05, 5.1725e-05, 3.5850e-05, 2.9082e-05, 1.0388e-05, 1.2406e-05,
        5.2382e-05, 6.4052e-06, 4.9643e-06, 1.3360e-05, 7.0728e-05, 5.1109e-05,
        6.5711e-05, 4.4870e-05, 1.6829e-05, 8.0533e-05, 1.6068e-05, 2.6650e-05,
        1.2577e-05, 3.5312e-07, 7.2929e-05, 5.0962e-05, 3.6387e-05],
       grad_fn=<CatBackward>)

mean_overall=tensor(5.8865e-05, grad_fn=<MeanBackward0>)

-----------------------------------------------ITERATION370-----------------------------------------------

final_causality=[[1, 1, 1, 1, 1, 1, 1, 1, 1, 1, 1, 1, 1], [1, 1, 1, 1, 1, 1, 1, 1, 1, 1, 1, 1, 1, 1, 1, 1, 1, 1, 1, 1, 1, 1, 1, 1, 1, 1, 1, 1, 1, 1, 1, 1, 1, 1, 1, 1, 1, 1, 1, 1, 1, 1, 1, 1, 1, 1, 1, 1, 1, 1], [1, 1, 1, 1, 1, 1, 1, 1, 1, 1, 1, 1, 1, 1, 1, 1, 1, 1, 1, 1, 1, 1, 1, 1, 1, 1, 1, 1, 1, 1, 1, 1, 1, 1, 1, 1, 1, 1, 1, 1, 1, 1, 1, 1, 1, 1, 1, 1, 1, 1]]

means=tensor([1.0976e-04, 0.0000e+00, 0.0000e+00, 0.0000e+00, 1.2445e-04, 1.0360e-04,
        9.5845e-05, 2.1940e-05, 0.0000e+00, 0.0000e+00, 0.0000e+00, 1.1265e-03,
        2.5910e-04, 3.0912e-06, 1.5588e-05, 3.4215e-05, 1.5945e-04, 6.0204e-05,
        6.8893e-05, 8.9727e-06, 1.0498e-04, 3.4756e-05, 4.0303e-06, 5.0318e-05,
        3.4992e-05, 5.6707e-05, 1.0867e-05, 7.3222e-05, 4.1860e-05, 3.7789e-05,
        7.7035e-05, 6.6004e-05, 4.7477e-05, 8.2382e-05, 1.9362e-05, 1.0776e-04,
        8.5539e-05, 9.3100e-05, 1.4899e-04, 8.9318e-05, 1.7289e-04, 3.9713e-06,
        1.3252e-06, 2.5811e-05, 1.4611e-05, 9.8533e-06, 2.1797e-04, 8.1572e-05,
        3.9680e-05, 1.0396e-05, 3.9155e-05, 2.1245e-05, 5.3878e-05, 8.2940e-05,
        3.9368e-05, 1.5418e-05, 2.2117e-05, 5.2203e-05, 2.8426e-05, 6.3620e-05,
        4.8835e-05, 5.3157e-05, 2.2561e-05, 6.5193e-05, 8.4294e-05, 3.7255e-05,
        4.8272e-05, 2.2047e-05, 7.8583e-06, 5.1190e-05, 1.2186e-04, 5.9379e-05,
        3.6602e-05, 6.3987e-05, 3.9114e-06, 4.4737e-05, 4.3409e-05, 2.4636e-05,
        4.1416e-05, 3.0059e-05, 3.1720e-05, 1.0886e-04, 3.9284e-05, 7.7253e-05,
        3.1172e-05, 6.5774e-05, 2.1279e-05, 1.1521e-04, 1.9725e-05, 8.2666e-05,
        4.0433e-05, 5.3042e-05, 3.6398e-05, 2.9364e-05, 1.0637e-05, 1.2646e-05,
        5.2842e-05, 6.5434e-06, 4.9742e-06, 1.3659e-05, 7.2232e-05, 5.1553e-05,
        6.4962e-05, 4.5980e-05, 1.6778e-05, 8.2385e-05, 1.6914e-05, 2.7392e-05,
        1.2702e-05, 3.5946e-07, 7.4709e-05, 5.2780e-05, 3.7471e-05],
       grad_fn=<CatBackward>)

mean_overall=tensor(5.9955e-05, grad_fn=<MeanBackward0>)

-----------------------------------------------ITERATION380-----------------------------------------------

final_causality=[[1, 1, 1, 1, 1, 1, 1, 1, 1, 1, 1, 1, 1], [1, 1, 1, 1, 1, 1, 1, 1, 1, 1, 1, 1, 1, 1, 1, 1, 1, 1, 1, 1, 1, 1, 1, 1, 1, 1, 1, 1, 1, 1, 1, 1, 1, 1, 1, 1, 1, 1, 1, 1, 1, 1, 1, 1, 1, 1, 1, 1, 1, 1], [1, 1, 1, 1, 1, 1, 1, 1, 1, 1, 1, 1, 1, 1, 1, 1, 1, 1, 1, 1, 1, 1, 1, 1, 1, 1, 1, 1, 1, 1, 1, 1, 1, 1, 1, 1, 1, 1, 1, 1, 1, 1, 1, 1, 1, 1, 1, 1, 1, 1]]

means=tensor([1.1473e-04, 0.0000e+00, 0.0000e+00, 0.0000e+00, 1.3271e-04, 1.0644e-04,
        9.0633e-05, 2.4446e-05, 0.0000e+00, 0.0000e+00, 0.0000e+00, 1.1528e-03,
        2.7667e-04, 3.0649e-06, 1.6037e-05, 3.4739e-05, 1.6134e-04, 5.9242e-05,
        7.1702e-05, 9.0159e-06, 1.0449e-04, 3.4937e-05, 3.5974e-06, 5.1004e-05,
        3.6069e-05, 5.7228e-05, 1.0638e-05, 7.4198e-05, 4.0937e-05, 3.8708e-05,
        7.6701e-05, 6.6514e-05, 4.7716e-05, 8.3836e-05, 1.9732e-05, 1.0937e-04,
        8.7118e-05, 9.3970e-05, 1.5412e-04, 9.0279e-05, 1.7722e-04, 4.0131e-06,
        1.4473e-06, 2.6261e-05, 1.4762e-05, 9.4732e-06, 2.1943e-04, 8.4247e-05,
        4.0874e-05, 1.0334e-05, 3.8367e-05, 2.1089e-05, 5.5040e-05, 8.4393e-05,
        3.8507e-05, 1.5683e-05, 2.2442e-05, 5.3044e-05, 2.8480e-05, 6.4546e-05,
        4.9199e-05, 5.2682e-05, 2.2727e-05, 6.6203e-05, 8.6427e-05, 3.7100e-05,
        4.9002e-05, 2.2664e-05, 7.9594e-06, 5.1070e-05, 1.2366e-04, 6.0202e-05,
        3.7257e-05, 6.5466e-05, 3.9034e-06, 4.3903e-05, 4.4060e-05, 2.4871e-05,
        4.2756e-05, 2.9793e-05, 3.2347e-05, 1.1121e-04, 3.9746e-05, 7.9030e-05,
        3.1852e-05, 6.7128e-05, 2.1885e-05, 1.1802e-04, 2.0572e-05, 8.3915e-05,
        4.0614e-05, 5.4385e-05, 3.6962e-05, 2.9647e-05, 1.0895e-05, 1.2893e-05,
        5.3310e-05, 6.6851e-06, 4.9849e-06, 1.3967e-05, 7.3776e-05, 5.2006e-05,
        6.4194e-05, 4.7120e-05, 1.6725e-05, 8.4277e-05, 1.7776e-05, 2.8149e-05,
        1.2830e-05, 3.6613e-07, 7.6521e-05, 5.4634e-05, 3.8584e-05],
       grad_fn=<CatBackward>)

mean_overall=tensor(6.1082e-05, grad_fn=<MeanBackward0>)

-----------------------------------------------ITERATION390-----------------------------------------------

final_causality=[[1, 1, 1, 1, 1, 1, 1, 1, 1, 1, 1, 1, 1], [1, 1, 1, 1, 1, 1, 1, 1, 1, 1, 1, 1, 1, 1, 1, 1, 1, 1, 1, 1, 1, 1, 1, 1, 1, 1, 1, 1, 1, 1, 1, 1, 1, 1, 1, 1, 1, 1, 1, 1, 1, 1, 1, 1, 1, 1, 1, 1, 1, 1], [1, 1, 1, 1, 1, 1, 1, 1, 1, 1, 1, 1, 1, 1, 1, 1, 1, 1, 1, 1, 1, 1, 1, 1, 1, 1, 1, 1, 1, 1, 1, 1, 1, 1, 1, 1, 1, 1, 1, 1, 1, 1, 1, 1, 1, 1, 1, 1, 1, 1]]

means=tensor([1.1983e-04, 0.0000e+00, 0.0000e+00, 0.0000e+00, 1.4117e-04, 1.0934e-04,
        8.5284e-05, 2.7007e-05, 0.0000e+00, 0.0000e+00, 0.0000e+00, 1.1796e-03,
        2.9464e-04, 3.0369e-06, 1.6498e-05, 3.5607e-05, 1.6328e-04, 5.8278e-05,
        7.4650e-05, 9.0605e-06, 1.0399e-04, 3.5123e-05, 3.1617e-06, 5.1701e-05,
        3.7182e-05, 5.7762e-05, 1.0410e-05, 7.5190e-05, 4.0020e-05, 3.9662e-05,
        7.6368e-05, 6.7032e-05, 4.7959e-05, 8.5330e-05, 2.0111e-05, 1.1102e-04,
        8.8748e-05, 9.4858e-05, 1.5947e-04, 9.1260e-05, 1.8169e-04, 4.0546e-06,
        1.5726e-06, 2.6725e-05, 1.5015e-05, 9.0998e-06, 2.2091e-04, 8.7026e-05,
        4.2109e-05, 1.0274e-05, 3.7583e-05, 2.0936e-05, 5.6772e-05, 8.5889e-05,
        3.7646e-05, 1.5957e-05, 2.2773e-05, 5.3900e-05, 2.8539e-05, 6.5488e-05,
        4.9571e-05, 5.2203e-05, 2.3091e-05, 6.7236e-05, 8.8600e-05, 3.8035e-05,
        4.9751e-05, 2.3296e-05, 8.0610e-06, 5.0945e-05, 1.2551e-04, 6.1036e-05,
        3.7929e-05, 6.6981e-05, 3.8990e-06, 4.3060e-05, 4.4721e-05, 2.5111e-05,
        4.4119e-05, 2.9521e-05, 3.2989e-05, 1.1360e-04, 4.0225e-05, 8.0845e-05,
        3.2548e-05, 6.8975e-05, 2.2502e-05, 1.2089e-04, 2.1435e-05, 8.5189e-05,
        4.0807e-05, 5.5756e-05, 3.7544e-05, 2.9931e-05, 1.1164e-05, 1.3147e-05,
        5.3786e-05, 6.8336e-06, 4.9962e-06, 1.4287e-05, 7.5361e-05, 5.2466e-05,
        6.3575e-05, 4.8291e-05, 1.6668e-05, 8.6212e-05, 1.8655e-05, 2.8919e-05,
        1.2962e-05, 3.7316e-07, 7.8367e-05, 5.6525e-05, 3.9726e-05],
       grad_fn=<CatBackward>)

mean_overall=tensor(6.2264e-05, grad_fn=<MeanBackward0>)

-----------------------------------------------ITERATION400-----------------------------------------------

final_causality=[[1, 1, 1, 1, 1, 1, 1, 1, 1, 1, 1, 1, 1], [1, 1, 1, 1, 1, 1, 1, 1, 1, 1, 1, 1, 1, 1, 1, 1, 1, 1, 1, 1, 1, 1, 1, 1, 1, 1, 1, 1, 1, 1, 1, 1, 1, 1, 1, 1, 1, 1, 1, 1, 1, 1, 1, 1, 1, 1, 1, 1, 1, 1], [1, 1, 1, 1, 1, 1, 1, 1, 1, 1, 1, 1, 1, 1, 1, 1, 1, 1, 1, 1, 1, 1, 1, 1, 1, 1, 1, 1, 1, 1, 1, 1, 1, 1, 1, 1, 1, 1, 1, 1, 1, 1, 1, 1, 1, 1, 1, 1, 1, 1]]

means=tensor([1.2505e-04, 0.0000e+00, 0.0000e+00, 0.0000e+00, 1.4984e-04, 1.1230e-04,
        7.9792e-05, 2.9625e-05, 0.0000e+00, 0.0000e+00, 0.0000e+00, 1.2071e-03,
        3.1303e-04, 3.0071e-06, 1.6974e-05, 3.6495e-05, 1.6525e-04, 5.7315e-05,
        7.7746e-05, 9.1066e-06, 1.0349e-04, 3.5316e-05, 2.7229e-06, 5.2407e-05,
        3.8331e-05, 5.8309e-05, 1.0184e-05, 7.6196e-05, 3.9110e-05, 4.0654e-05,
        7.6038e-05, 6.7559e-05, 4.8205e-05, 8.6861e-05, 2.0498e-05, 1.1270e-04,
        9.0429e-05, 9.5765e-05, 1.6504e-04, 9.2261e-05, 1.8632e-04, 4.0960e-06,
        1.7010e-06, 2.7202e-05, 1.5269e-05, 8.7335e-06, 2.2242e-04, 8.9912e-05,
        4.3388e-05, 1.0215e-05, 3.6804e-05, 2.0787e-05, 5.8561e-05, 8.7428e-05,
        3.6787e-05, 1.6240e-05, 2.3108e-05, 5.4773e-05, 2.8603e-05, 6.6446e-05,
        4.9951e-05, 5.1721e-05, 2.3459e-05, 6.8292e-05, 9.0815e-05, 3.8984e-05,
        5.0522e-05, 2.3944e-05, 8.1629e-06, 5.0813e-05, 1.2759e-04, 6.1882e-05,
        3.8618e-05, 6.8533e-05, 3.8948e-06, 4.2206e-05, 4.5392e-05, 2.5357e-05,
        4.5505e-05, 2.9242e-05, 3.3647e-05, 1.1604e-04, 4.0722e-05, 8.2698e-05,
        3.3259e-05, 7.0880e-05, 2.3133e-05, 1.2381e-04, 2.2314e-05, 8.6490e-05,
        4.1012e-05, 5.7154e-05, 3.8144e-05, 3.0216e-05, 1.1443e-05, 1.3407e-05,
        5.4270e-05, 7.0477e-06, 5.0082e-06, 1.4617e-05, 7.6988e-05, 5.2934e-05,
        6.4011e-05, 4.9492e-05, 1.6608e-05, 8.8189e-05, 1.9552e-05, 2.9704e-05,
        1.3096e-05, 3.8056e-07, 8.0245e-05, 5.8454e-05, 4.0897e-05],
       grad_fn=<CatBackward>)

mean_overall=tensor(6.3489e-05, grad_fn=<MeanBackward0>)

-----------------------------------------------ITERATION410-----------------------------------------------

final_causality=[[1, 1, 1, 1, 1, 1, 1, 1, 1, 1, 1, 1, 1], [1, 1, 1, 1, 1, 1, 1, 1, 1, 1, 1, 1, 1, 1, 1, 1, 1, 1, 1, 1, 1, 1, 1, 1, 1, 1, 1, 1, 1, 1, 1, 1, 1, 1, 1, 1, 1, 1, 1, 1, 1, 1, 1, 1, 1, 1, 1, 1, 1, 1], [1, 1, 1, 1, 1, 1, 1, 1, 1, 1, 1, 1, 1, 1, 1, 1, 1, 1, 1, 1, 1, 1, 1, 1, 1, 1, 1, 1, 1, 1, 1, 1, 1, 1, 1, 1, 1, 1, 1, 1, 1, 1, 1, 1, 1, 1, 1, 1, 1, 1]]

means=tensor([1.3041e-04, 0.0000e+00, 0.0000e+00, 0.0000e+00, 1.5873e-04, 1.1533e-04,
        7.4155e-05, 3.2302e-05, 0.0000e+00, 0.0000e+00, 0.0000e+00, 1.2351e-03,
        3.3185e-04, 2.9755e-06, 1.7463e-05, 3.7401e-05, 1.6726e-04, 5.6351e-05,
        8.0996e-05, 9.1544e-06, 1.0404e-04, 3.5515e-05, 2.2808e-06, 5.3122e-05,
        3.9518e-05, 5.8870e-05, 9.9604e-06, 7.7216e-05, 3.8207e-05, 4.1685e-05,
        7.5711e-05, 6.8094e-05, 4.8456e-05, 8.8432e-05, 2.0893e-05, 1.1443e-04,
        9.2163e-05, 9.6691e-05, 1.7084e-04, 9.3282e-05, 1.9110e-04, 4.1371e-06,
        1.8326e-06, 2.7693e-05, 1.5524e-05, 8.3741e-06, 2.2396e-04, 9.2910e-05,
        4.4711e-05, 1.0159e-05, 3.6030e-05, 2.0642e-05, 6.0408e-05, 8.9012e-05,
        3.5929e-05, 1.6533e-05, 2.3449e-05, 5.5661e-05, 2.8672e-05, 6.7418e-05,
        5.0337e-05, 5.1235e-05, 2.3894e-05, 6.9372e-05, 9.3072e-05, 3.9948e-05,
        5.1314e-05, 2.4609e-05, 8.2652e-06, 5.0676e-05, 1.2981e-04, 6.2739e-05,
        3.9324e-05, 7.0122e-05, 3.8910e-06, 4.1341e-05, 4.6073e-05, 2.5608e-05,
        4.6914e-05, 2.8969e-05, 3.4321e-05, 1.1851e-04, 4.1237e-05, 8.4590e-05,
        3.3986e-05, 7.2819e-05, 2.3776e-05, 1.2679e-04, 2.3208e-05, 8.7817e-05,
        4.1230e-05, 5.8581e-05, 3.8761e-05, 3.0501e-05, 1.1734e-05, 1.3674e-05,
        5.4762e-05, 7.2676e-06, 5.0209e-06, 1.4959e-05, 7.8657e-05, 5.3411e-05,
        6.4453e-05, 5.0726e-05, 1.6545e-05, 9.0210e-05, 2.0467e-05, 3.0503e-05,
        1.3234e-05, 3.8906e-07, 8.2157e-05, 6.0422e-05, 4.2100e-05],
       grad_fn=<CatBackward>)

mean_overall=tensor(6.4755e-05, grad_fn=<MeanBackward0>)

-----------------------------------------------ITERATION420-----------------------------------------------

final_causality=[[1, 1, 1, 1, 1, 1, 1, 1, 1, 1, 1, 1, 1], [1, 1, 1, 1, 1, 1, 1, 1, 1, 1, 1, 1, 1, 1, 1, 1, 1, 1, 1, 1, 1, 1, 1, 1, 1, 1, 1, 1, 1, 1, 1, 1, 1, 1, 1, 1, 1, 1, 1, 1, 1, 1, 1, 1, 1, 1, 1, 1, 1, 1], [1, 1, 1, 1, 1, 1, 1, 1, 1, 1, 1, 1, 1, 1, 1, 1, 1, 1, 1, 1, 1, 1, 1, 1, 1, 1, 1, 1, 1, 1, 1, 1, 1, 1, 1, 1, 1, 1, 1, 1, 1, 1, 1, 1, 1, 1, 1, 1, 1, 1]]

means=tensor([1.3590e-04, 0.0000e+00, 0.0000e+00, 0.0000e+00, 1.6782e-04, 1.1843e-04,
        6.8367e-05, 3.5039e-05, 0.0000e+00, 0.0000e+00, 0.0000e+00, 1.2637e-03,
        3.5111e-04, 2.9420e-06, 1.7967e-05, 3.8328e-05, 1.6930e-04, 5.5387e-05,
        8.4407e-05, 9.2037e-06, 1.0478e-04, 3.5720e-05, 1.8351e-06, 5.3846e-05,
        4.0746e-05, 5.9445e-05, 9.7385e-06, 7.8252e-05, 3.7313e-05, 4.2756e-05,
        7.5386e-05, 6.8638e-05, 4.8710e-05, 9.0041e-05, 2.1298e-05, 1.1619e-04,
        9.4223e-05, 9.7637e-05, 1.7687e-04, 9.4324e-05, 1.9605e-04, 4.1779e-06,
        1.9676e-06, 2.8198e-05, 1.5779e-05, 8.0217e-06, 2.2553e-04, 9.6024e-05,
        4.6081e-05, 1.0105e-05, 3.5260e-05, 2.0501e-05, 6.2316e-05, 9.0641e-05,
        3.5073e-05, 1.6836e-05, 2.3795e-05, 5.6565e-05, 2.8746e-05, 6.8406e-05,
        5.0732e-05, 5.0745e-05, 2.4435e-05, 7.0477e-05, 9.5372e-05, 4.0927e-05,
        5.2128e-05, 2.5290e-05, 8.3676e-06, 5.0532e-05, 1.3207e-04, 6.3608e-05,
        4.0048e-05, 7.1750e-05, 3.8875e-06, 4.0466e-05, 4.6765e-05, 2.5866e-05,
        4.8348e-05, 2.9206e-05, 3.5011e-05, 1.2103e-04, 4.1773e-05, 8.6522e-05,
        3.4788e-05, 7.4791e-05, 2.4432e-05, 1.2983e-04, 2.4117e-05, 8.9171e-05,
        4.1461e-05, 6.0035e-05, 3.9398e-05, 3.0787e-05, 1.2037e-05, 1.3948e-05,
        5.5263e-05, 7.4935e-06, 5.0344e-06, 1.5312e-05, 8.0370e-05, 5.3896e-05,
        6.4903e-05, 5.1992e-05, 1.6477e-05, 9.2275e-05, 2.1400e-05, 3.1546e-05,
        1.3389e-05, 3.9877e-07, 8.4103e-05, 6.2428e-05, 4.3333e-05],
       grad_fn=<CatBackward>)

mean_overall=tensor(6.6066e-05, grad_fn=<MeanBackward0>)

-----------------------------------------------ITERATION430-----------------------------------------------

final_causality=[[1, 1, 1, 1, 1, 1, 1, 1, 1, 1, 1, 1, 1], [1, 1, 1, 1, 1, 1, 1, 1, 1, 1, 1, 1, 1, 1, 1, 1, 1, 1, 1, 1, 1, 1, 1, 1, 1, 1, 1, 1, 1, 1, 1, 1, 1, 1, 1, 1, 1, 1, 1, 1, 1, 1, 1, 1, 1, 1, 1, 1, 1, 1], [1, 1, 1, 1, 1, 1, 1, 1, 1, 1, 1, 1, 1, 1, 1, 1, 1, 1, 1, 1, 1, 1, 1, 1, 1, 1, 1, 1, 1, 1, 1, 1, 1, 1, 1, 1, 1, 1, 1, 1, 1, 1, 1, 1, 1, 1, 1, 1, 1, 1]]

means=tensor([1.4153e-04, 0.0000e+00, 0.0000e+00, 0.0000e+00, 1.7714e-04, 1.2159e-04,
        6.2425e-05, 3.7838e-05, 0.0000e+00, 0.0000e+00, 0.0000e+00, 1.2929e-03,
        3.7081e-04, 2.9065e-06, 1.8486e-05, 3.9276e-05, 1.7138e-04, 5.4424e-05,
        8.7989e-05, 9.2548e-06, 1.0553e-04, 3.5932e-05, 1.3855e-06, 5.4579e-05,
        4.2015e-05, 6.0034e-05, 9.5187e-06, 7.9302e-05, 3.6426e-05, 4.3869e-05,
        7.5065e-05, 6.9190e-05, 4.8969e-05, 9.1691e-05, 2.1711e-05, 1.1800e-04,
        9.6358e-05, 9.8602e-05, 1.8314e-04, 9.5388e-05, 2.0116e-04, 4.2184e-06,
        2.1059e-06, 2.8717e-05, 1.6035e-05, 7.6763e-06, 2.2712e-04, 9.9257e-05,
        4.7498e-05, 1.0053e-05, 3.4497e-05, 2.0364e-05, 6.4286e-05, 9.2317e-05,
        3.4490e-05, 1.7149e-05, 2.4147e-05, 5.7485e-05, 2.8825e-05, 6.9409e-05,
        5.1135e-05, 5.0251e-05, 2.4981e-05, 7.1607e-05, 9.7716e-05, 4.1922e-05,
        5.2964e-05, 2.5988e-05, 8.4703e-06, 5.0382e-05, 1.3438e-04, 6.4489e-05,
        4.0791e-05, 7.3417e-05, 3.8844e-06, 3.9580e-05, 4.7468e-05, 2.6129e-05,
        4.9806e-05, 2.9448e-05, 3.5717e-05, 1.2358e-04, 4.2329e-05, 8.8495e-05,
        3.5636e-05, 7.6796e-05, 2.5102e-05, 1.3292e-04, 2.5043e-05, 9.0553e-05,
        4.1707e-05, 6.1519e-05, 4.0053e-05, 3.1074e-05, 1.2351e-05, 1.4230e-05,
        5.5772e-05, 7.8157e-06, 5.0486e-06, 1.5678e-05, 8.2127e-05, 5.4389e-05,
        6.5359e-05, 5.3294e-05, 1.6406e-05, 9.4384e-05, 2.2353e-05, 3.2649e-05,
        1.3622e-05, 4.0894e-07, 8.6083e-05, 6.4474e-05, 4.4598e-05],
       grad_fn=<CatBackward>)

mean_overall=tensor(6.7414e-05, grad_fn=<MeanBackward0>)

-----------------------------------------------ITERATION440-----------------------------------------------

final_causality=[[1, 1, 1, 1, 1, 1, 1, 1, 1, 1, 1, 1, 1], [1, 1, 1, 1, 1, 1, 1, 1, 1, 1, 1, 1, 1, 1, 1, 1, 1, 1, 1, 1, 1, 1, 1, 1, 1, 1, 1, 1, 1, 1, 1, 1, 1, 1, 1, 1, 1, 1, 1, 1, 1, 1, 1, 1, 1, 1, 1, 1, 1, 1], [1, 1, 1, 1, 1, 1, 1, 1, 1, 1, 1, 1, 1, 1, 1, 1, 1, 1, 1, 1, 1, 1, 1, 1, 1, 1, 1, 1, 1, 1, 1, 1, 1, 1, 1, 1, 1, 1, 1, 1, 1, 1, 1, 1, 1, 1, 1, 1, 1, 1]]

means=tensor([1.4730e-04, 0.0000e+00, 0.0000e+00, 0.0000e+00, 1.8669e-04, 1.2482e-04,
        5.6323e-05, 4.0701e-05, 0.0000e+00, 0.0000e+00, 0.0000e+00, 1.3227e-03,
        3.9098e-04, 2.8690e-06, 1.9021e-05, 4.0244e-05, 1.7350e-04, 5.3462e-05,
        9.1749e-05, 9.3076e-06, 1.0629e-04, 3.6151e-05, 9.3164e-07, 5.5322e-05,
        4.3329e-05, 6.0638e-05, 9.3013e-06, 8.0367e-05, 3.5548e-05, 4.5026e-05,
        7.4747e-05, 6.9751e-05, 4.9231e-05, 9.3381e-05, 2.2133e-05, 1.1984e-04,
        9.8561e-05, 9.9586e-05, 1.8967e-04, 9.6472e-05, 2.0644e-04, 4.2585e-06,
        2.2478e-06, 2.9251e-05, 1.6291e-05, 7.3378e-06, 2.2874e-04, 1.0261e-04,
        4.8965e-05, 1.0004e-05, 3.4183e-05, 2.0232e-05, 6.6321e-05, 9.4041e-05,
        3.3970e-05, 1.7473e-05, 2.4505e-05, 5.8421e-05, 2.8910e-05, 7.0427e-05,
        5.1545e-05, 4.9755e-05, 2.5532e-05, 7.2763e-05, 1.0010e-04, 4.2932e-05,
        5.3824e-05, 2.6704e-05, 8.5730e-06, 5.0225e-05, 1.3673e-04, 6.5381e-05,
        4.1552e-05, 7.5125e-05, 3.8817e-06, 3.8682e-05, 4.8181e-05, 2.6399e-05,
        5.1290e-05, 2.9694e-05, 3.6441e-05, 1.2618e-04, 4.2905e-05, 9.0508e-05,
        3.6502e-05, 7.8836e-05, 2.5784e-05, 1.3607e-04, 2.6086e-05, 9.1962e-05,
        4.1968e-05, 6.3033e-05, 4.0728e-05, 3.1360e-05, 1.2678e-05, 1.4518e-05,
        5.6289e-05, 8.1805e-06, 5.0637e-06, 1.6056e-05, 8.3929e-05, 5.4992e-05,
        6.5823e-05, 5.4630e-05, 1.6331e-05, 9.6540e-05, 2.3325e-05, 3.3775e-05,
        1.3971e-05, 4.1960e-07, 8.8098e-05, 6.6561e-05, 4.5896e-05],
       grad_fn=<CatBackward>)

mean_overall=tensor(6.8804e-05, grad_fn=<MeanBackward0>)

