-----------------------------------------------ITERATION0-----------------------------------------------

final_causality=[[1, 1, 1, 1, 1, 1, 1, 1, 1, 1, 1, 1, 1], [1, 1, 1, 1, 1, 1, 1, 1, 1, 1, 1, 1, 1, 1, 1, 1, 1, 1, 1, 1, 1, 1, 1, 1, 1, 1, 1, 1, 1, 1, 1, 1, 1, 1, 1, 1, 1, 1, 1, 1, 1, 1, 1, 1, 1, 1, 1, 1, 1, 1], [1, 1, 1, 1, 1, 1, 1, 1, 1, 1, 1, 1, 1, 1, 1, 1, 1, 1, 1, 1, 1, 1, 1, 1, 1, 1, 1, 1, 1, 1, 1, 1, 1, 1, 1, 1, 1, 1, 1, 1, 1, 1, 1, 1, 1, 1, 1, 1, 1, 1]]

means=tensor([2.3193e-05, 0.0000e+00, 0.0000e+00, 0.0000e+00, 5.4999e-05, 1.3111e-04,
        6.1970e-05, 2.7893e-05, 0.0000e+00, 0.0000e+00, 0.0000e+00, 1.4534e-04,
        1.6240e-04, 9.6766e-05, 5.6585e-06, 5.7497e-05, 8.2820e-06, 4.1356e-05,
        3.8474e-05, 1.0788e-05, 3.7504e-05, 4.2499e-05, 3.2107e-05, 2.3976e-05,
        1.1288e-05, 2.2281e-06, 2.6747e-05, 3.0041e-05, 2.1705e-05, 4.1056e-05,
        1.2170e-05, 5.4224e-05, 2.3877e-05, 7.8905e-05, 2.9106e-05, 4.9951e-05,
        3.4947e-05, 6.2415e-06, 3.5445e-05, 4.3364e-05, 3.1359e-05, 1.2661e-05,
        3.6823e-05, 5.2047e-05, 8.5046e-05, 1.2471e-05, 2.5048e-05, 2.5257e-06,
        4.9506e-06, 7.1410e-05, 1.2630e-05, 8.4469e-06, 2.7078e-05, 1.3877e-04,
        1.0081e-04, 4.6998e-07, 8.5474e-05, 1.1678e-05, 6.7789e-05, 6.9744e-05,
        3.3168e-05, 8.9567e-06, 3.6158e-06, 5.6921e-06, 2.1809e-05, 2.1128e-05,
        3.5029e-05, 3.4759e-05, 1.3966e-05, 1.4401e-05, 5.6171e-06, 1.3458e-05,
        1.0655e-05, 5.7492e-06, 1.7731e-05, 2.3061e-05, 5.7186e-06, 2.0839e-05,
        1.3806e-06, 3.6946e-05, 3.1639e-05, 1.6874e-06, 6.3579e-05, 1.3880e-05,
        3.0738e-05, 2.0387e-05, 4.9767e-05, 4.5158e-05, 1.6019e-05, 7.9454e-05,
        3.1700e-05, 4.4320e-05, 5.2703e-05, 8.1721e-05, 4.9132e-05, 5.8309e-05,
        5.3718e-05, 3.9542e-05, 2.5770e-05, 2.4800e-05, 5.0569e-05, 6.9348e-05,
        2.9236e-06, 9.2924e-05, 7.2488e-05, 4.6943e-05, 4.2017e-05, 1.9999e-05,
        7.0331e-05, 2.2200e-05, 2.9212e-05, 5.7560e-05, 3.3132e-05],
       grad_fn=<CatBackward>)

mean_overall=tensor(3.6440e-05, grad_fn=<MeanBackward0>)

-----------------------------------------------ITERATION10-----------------------------------------------

final_causality=[[1, 1, 1, 1, 1, 1, 1, 1, 1, 1, 1, 1, 1], [1, 1, 1, 1, 1, 1, 1, 1, 1, 1, 1, 1, 1, 1, 1, 1, 1, 1, 1, 1, 1, 1, 1, 1, 1, 1, 1, 1, 1, 1, 1, 1, 1, 1, 1, 1, 1, 1, 1, 1, 1, 1, 1, 1, 1, 1, 1, 1, 1, 1], [1, 1, 1, 1, 1, 1, 1, 1, 1, 1, 1, 1, 1, 1, 1, 1, 1, 1, 1, 1, 1, 1, 1, 1, 1, 1, 1, 1, 1, 1, 1, 1, 1, 1, 1, 1, 1, 1, 1, 1, 1, 1, 1, 1, 1, 1, 1, 1, 1, 1]]

means=tensor([4.1757e-06, 0.0000e+00, 0.0000e+00, 0.0000e+00, 8.1808e-05, 1.4511e-04,
        9.9095e-05, 4.7927e-05, 0.0000e+00, 0.0000e+00, 0.0000e+00, 1.9742e-04,
        1.6968e-04, 7.8075e-05, 1.5483e-05, 6.6057e-05, 1.8660e-05, 2.3943e-05,
        1.8624e-05, 1.3651e-05, 4.4556e-05, 3.0356e-05, 5.2304e-05, 2.7909e-05,
        3.8571e-06, 1.5223e-05, 3.5642e-05, 4.7150e-05, 3.6431e-05, 5.3109e-05,
        6.4371e-06, 6.5841e-05, 3.6385e-05, 6.7995e-05, 1.9294e-05, 3.2272e-05,
        2.0474e-05, 2.6808e-06, 4.7367e-05, 6.3460e-05, 4.8640e-05, 2.3139e-05,
        4.6835e-05, 7.1596e-05, 7.4165e-05, 1.9913e-05, 3.3793e-05, 1.5044e-05,
        1.0929e-05, 4.9275e-05, 4.5062e-06, 5.9058e-06, 1.5556e-05, 1.4771e-04,
        7.4716e-05, 1.1460e-05, 1.0036e-04, 2.1278e-05, 5.7591e-05, 4.8579e-05,
        4.2430e-05, 1.6808e-06, 2.5464e-06, 7.1105e-06, 2.1427e-05, 2.0533e-05,
        3.5676e-05, 3.1926e-05, 1.6334e-05, 1.7000e-05, 6.9232e-06, 1.7494e-05,
        8.9514e-06, 3.2680e-06, 1.9778e-05, 2.1971e-05, 3.8205e-06, 1.7542e-05,
        3.5762e-07, 3.5493e-05, 2.7879e-05, 4.3851e-07, 6.4795e-05, 1.5366e-05,
        3.2851e-05, 1.9913e-05, 4.9133e-05, 4.8330e-05, 1.2983e-05, 7.3142e-05,
        3.0148e-05, 4.7101e-05, 4.9118e-05, 8.7737e-05, 4.7180e-05, 6.0368e-05,
        5.4619e-05, 3.3971e-05, 2.6378e-05, 2.7984e-05, 4.8171e-05, 6.7820e-05,
        4.4017e-06, 9.8122e-05, 7.3730e-05, 4.6946e-05, 4.3822e-05, 2.1556e-05,
        6.6876e-05, 2.4049e-05, 3.1082e-05, 5.3099e-05, 3.4729e-05],
       grad_fn=<CatBackward>)

mean_overall=tensor(3.8279e-05, grad_fn=<MeanBackward0>)

-----------------------------------------------ITERATION20-----------------------------------------------

final_causality=[[1, 1, 1, 1, 1, 1, 1, 1, 1, 1, 1, 1, 1], [1, 1, 1, 1, 1, 1, 1, 1, 1, 1, 1, 1, 1, 1, 1, 1, 1, 1, 1, 1, 1, 1, 1, 1, 1, 1, 1, 1, 1, 1, 1, 1, 1, 1, 1, 1, 1, 1, 1, 1, 1, 1, 1, 1, 1, 1, 1, 1, 1, 1], [1, 1, 1, 1, 1, 1, 1, 1, 1, 1, 1, 1, 1, 1, 1, 1, 1, 1, 1, 1, 1, 1, 1, 1, 1, 1, 1, 1, 1, 1, 1, 1, 1, 1, 1, 1, 1, 1, 1, 1, 1, 1, 1, 1, 1, 1, 1, 1, 1, 1]]

means=tensor([3.5219e-06, 0.0000e+00, 0.0000e+00, 0.0000e+00, 8.2266e-05, 1.4687e-04,
        1.0312e-04, 5.0122e-05, 0.0000e+00, 0.0000e+00, 0.0000e+00, 2.2012e-04,
        1.6141e-04, 7.5827e-05, 1.6921e-05, 6.7048e-05, 2.0745e-05, 2.1210e-05,
        1.4615e-05, 1.3840e-05, 4.6236e-05, 2.8772e-05, 5.6621e-05, 2.8891e-05,
        6.2945e-06, 1.7074e-05, 3.7657e-05, 4.9021e-05, 3.8287e-05, 5.5710e-05,
        5.3725e-06, 6.7966e-05, 3.7697e-05, 6.5360e-05, 1.7318e-05, 2.9374e-05,
        1.8350e-05, 4.4961e-06, 4.9554e-05, 6.7142e-05, 5.2494e-05, 2.4991e-05,
        4.8939e-05, 7.5152e-05, 7.2572e-05, 2.1223e-05, 3.4654e-05, 1.7271e-05,
        1.1867e-05, 4.4633e-05, 3.0677e-06, 8.6415e-06, 1.3710e-05, 1.4802e-04,
        6.8291e-05, 1.3408e-05, 1.0166e-04, 2.2445e-05, 5.6330e-05, 4.4765e-05,
        4.4127e-05, 3.7064e-06, 3.6123e-06, 7.4236e-06, 2.0730e-05, 2.0043e-05,
        3.5303e-05, 3.1220e-05, 1.6637e-05, 1.6963e-05, 7.0294e-06, 1.8234e-05,
        8.6992e-06, 2.8115e-06, 2.0016e-05, 2.1696e-05, 3.4402e-06, 1.6977e-05,
        1.6642e-07, 3.4978e-05, 2.6870e-05, 1.7978e-07, 6.5270e-05, 1.5914e-05,
        3.3475e-05, 1.9547e-05, 4.8577e-05, 4.8878e-05, 1.2215e-05, 7.1806e-05,
        2.9629e-05, 4.7525e-05, 4.8625e-05, 8.9418e-05, 4.6855e-05, 6.1810e-05,
        5.6009e-05, 3.2797e-05, 2.6952e-05, 2.8631e-05, 4.6973e-05, 6.6528e-05,
        4.6392e-06, 9.7866e-05, 7.4138e-05, 4.7218e-05, 4.4159e-05, 2.1276e-05,
        6.5523e-05, 2.4395e-05, 3.0263e-05, 5.2322e-05, 3.4985e-05],
       grad_fn=<CatBackward>)

mean_overall=tensor(3.8620e-05, grad_fn=<MeanBackward0>)

-----------------------------------------------ITERATION30-----------------------------------------------

final_causality=[[1, 1, 1, 1, 1, 1, 1, 1, 1, 1, 1, 1, 1], [1, 1, 1, 1, 1, 1, 1, 1, 1, 1, 1, 1, 1, 1, 1, 1, 1, 1, 1, 1, 1, 1, 1, 1, 1, 1, 1, 1, 1, 1, 1, 1, 1, 1, 1, 1, 1, 1, 1, 1, 1, 1, 1, 1, 1, 1, 1, 1, 1, 1], [1, 1, 1, 1, 1, 1, 1, 1, 1, 1, 1, 1, 1, 1, 1, 1, 1, 1, 1, 1, 1, 1, 1, 1, 1, 1, 1, 1, 1, 1, 1, 1, 1, 1, 1, 1, 1, 1, 1, 1, 1, 1, 1, 1, 1, 1, 1, 1, 1, 1]]

means=tensor([1.2589e-05, 2.7756e-17, 2.7756e-17, 2.7756e-17, 6.8673e-05, 1.4212e-04,
        8.8391e-05, 4.2202e-05, 2.7756e-17, 0.0000e+00, 2.7756e-17, 2.2303e-04,
        1.4756e-04, 8.3202e-05, 1.3765e-05, 6.3975e-05, 1.7818e-05, 2.6920e-05,
        1.9912e-05, 1.2685e-05, 4.4779e-05, 3.3355e-05, 5.1365e-05, 2.8195e-05,
        2.4084e-06, 1.2682e-05, 3.5598e-05, 4.2316e-05, 3.2904e-05, 5.2715e-05,
        7.3394e-06, 6.4594e-05, 3.2763e-05, 6.7796e-05, 1.9923e-05, 3.5417e-05,
        2.3583e-05, 1.7316e-06, 4.6060e-05, 6.1139e-05, 4.8388e-05, 2.1625e-05,
        4.6301e-05, 6.9292e-05, 7.6730e-05, 1.9070e-05, 3.1142e-05, 1.3255e-05,
        9.9887e-06, 5.0241e-05, 5.3731e-06, 4.5807e-06, 1.7513e-05, 1.4382e-04,
        7.3359e-05, 9.9039e-06, 9.5518e-05, 1.8929e-05, 6.0472e-05, 5.1443e-05,
        4.1411e-05, 8.2278e-07, 1.7591e-06, 7.0861e-06, 2.0116e-05, 1.9896e-05,
        3.4538e-05, 3.1810e-05, 1.5718e-05, 1.5982e-05, 6.1784e-06, 1.6959e-05,
        9.3063e-06, 3.5325e-06, 1.9280e-05, 2.1808e-05, 3.9925e-06, 1.7996e-05,
        4.5570e-07, 3.5127e-05, 2.7577e-05, 5.5881e-07, 6.5429e-05, 1.5779e-05,
        3.3694e-05, 1.9366e-05, 4.8340e-05, 4.7900e-05, 1.2736e-05, 7.3620e-05,
        2.9834e-05, 4.6659e-05, 5.0076e-05, 8.8691e-05, 4.7627e-05, 6.2679e-05,
        5.7554e-05, 3.4123e-05, 2.7117e-05, 2.7823e-05, 4.6830e-05, 6.5903e-05,
        4.1913e-06, 9.4779e-05, 7.3713e-05, 4.7379e-05, 4.3750e-05, 2.0218e-05,
        6.5710e-05, 2.3930e-05, 2.8322e-05, 5.3828e-05, 3.4573e-05],
       grad_fn=<CatBackward>)

mean_overall=tensor(3.7792e-05, grad_fn=<MeanBackward0>)

-----------------------------------------------ITERATION40-----------------------------------------------

final_causality=[[1, 1, 1, 1, 1, 1, 1, 1, 1, 1, 1, 1, 1], [1, 1, 1, 1, 1, 1, 1, 1, 1, 1, 1, 1, 1, 1, 1, 1, 1, 1, 1, 1, 1, 1, 1, 1, 1, 1, 1, 1, 1, 1, 1, 1, 1, 1, 1, 1, 1, 1, 1, 1, 1, 1, 1, 1, 1, 1, 1, 1, 1, 1], [1, 1, 1, 1, 1, 1, 1, 1, 1, 1, 1, 1, 1, 1, 1, 1, 1, 1, 1, 1, 1, 1, 1, 1, 1, 1, 1, 1, 1, 1, 1, 1, 1, 1, 1, 1, 1, 1, 1, 1, 1, 1, 1, 1, 1, 1, 1, 1, 1, 1]]

means=tensor([1.5881e-05, 0.0000e+00, 0.0000e+00, 0.0000e+00, 6.3342e-05, 1.4122e-04,
        8.5994e-05, 4.0383e-05, 0.0000e+00, 0.0000e+00, 0.0000e+00, 2.4609e-04,
        1.3548e-04, 8.4996e-05, 1.3557e-05, 6.3423e-05, 1.8314e-05, 2.7356e-05,
        1.8904e-05, 1.2420e-05, 4.5623e-05, 3.4313e-05, 5.2878e-05, 2.8748e-05,
        2.6644e-06, 1.2324e-05, 3.6521e-05, 4.1079e-05, 3.2126e-05, 5.3777e-05,
        7.2981e-06, 6.5006e-05, 3.1816e-05, 6.6673e-05, 1.9420e-05, 3.5766e-05,
        2.4278e-05, 2.0064e-06, 4.6526e-05, 6.1826e-05, 4.9945e-05, 2.1845e-05,
        4.7083e-05, 6.9865e-05, 7.7399e-05, 1.9370e-05, 3.0380e-05, 1.3509e-05,
        1.0081e-05, 4.8924e-05, 5.2487e-06, 5.0365e-06, 1.7769e-05, 1.4229e-04,
        7.0332e-05, 1.0138e-05, 9.4007e-05, 1.8419e-05, 6.1426e-05, 5.1335e-05,
        4.1724e-05, 1.2023e-06, 1.8273e-06, 7.2055e-06, 1.9249e-05, 1.9444e-05,
        3.3951e-05, 3.2153e-05, 1.5625e-05, 1.6301e-05, 5.9258e-06, 1.7092e-05,
        9.4080e-06, 3.5031e-06, 1.9105e-05, 2.1689e-05, 3.9427e-06, 1.8024e-05,
        4.3854e-07, 3.5016e-05, 2.7118e-05, 5.3160e-07, 6.5841e-05, 1.6270e-05,
        3.4131e-05, 1.8977e-05, 4.7781e-05, 4.8093e-05, 1.2335e-05, 7.3049e-05,
        2.9493e-05, 4.7056e-05, 5.0420e-05, 9.0020e-05, 4.7713e-05, 6.4365e-05,
        5.9574e-05, 3.3697e-05, 2.7753e-05, 2.8077e-05, 4.5732e-05, 6.4530e-05,
        4.2949e-06, 9.3221e-05, 7.4150e-05, 4.7680e-05, 4.3990e-05, 1.9378e-05,
        6.4626e-05, 2.4032e-05, 2.6690e-05, 5.3868e-05, 3.4621e-05],
       grad_fn=<CatBackward>)

mean_overall=tensor(3.7826e-05, grad_fn=<MeanBackward0>)

-----------------------------------------------ITERATION50-----------------------------------------------

final_causality=[[1, 1, 1, 1, 1, 1, 1, 1, 1, 1, 1, 1, 1], [1, 1, 1, 1, 1, 1, 1, 1, 1, 1, 1, 1, 1, 1, 1, 1, 1, 1, 1, 1, 1, 1, 1, 1, 1, 1, 1, 1, 1, 1, 1, 1, 1, 1, 1, 1, 1, 1, 1, 1, 1, 1, 1, 1, 1, 1, 1, 1, 1, 1], [1, 1, 1, 1, 1, 1, 1, 1, 1, 1, 1, 1, 1, 1, 1, 1, 1, 1, 1, 1, 1, 1, 1, 1, 1, 1, 1, 1, 1, 1, 1, 1, 1, 1, 1, 1, 1, 1, 1, 1, 1, 1, 1, 1, 1, 1, 1, 1, 1, 1]]

means=tensor([1.7756e-05, 0.0000e+00, 0.0000e+00, 0.0000e+00, 6.0025e-05, 1.4161e-04,
        8.7153e-05, 4.0408e-05, 0.0000e+00, 0.0000e+00, 0.0000e+00, 2.7753e-04,
        1.2250e-04, 8.5107e-05, 1.4269e-05, 6.3667e-05, 2.0017e-05, 2.6125e-05,
        1.5858e-05, 1.2368e-05, 4.7310e-05, 3.4177e-05, 5.6809e-05, 2.9764e-05,
        4.2887e-06, 1.3237e-05, 3.8544e-05, 4.1493e-05, 3.2780e-05, 5.6282e-05,
        6.5900e-06, 6.6690e-05, 3.2089e-05, 6.4388e-05, 1.7925e-05, 3.4301e-05,
        2.3564e-05, 3.3158e-06, 4.8331e-05, 6.4771e-05, 5.3548e-05, 2.3267e-05,
        4.9067e-05, 7.2596e-05, 7.6986e-05, 2.0847e-05, 3.0446e-05, 1.5195e-05,
        1.0950e-05, 4.5363e-05, 4.3396e-06, 7.0305e-06, 1.6885e-05, 1.4155e-04,
        6.4601e-05, 1.1626e-05, 9.3898e-05, 1.8818e-05, 6.1404e-05, 4.9030e-05,
        4.3056e-05, 2.6904e-06, 2.5404e-06, 7.4997e-06, 1.8478e-05, 1.8872e-05,
        3.3374e-05, 3.2194e-05, 1.5767e-05, 1.6970e-05, 5.8791e-06, 1.7708e-05,
        9.3552e-06, 3.2327e-06, 1.9082e-05, 2.1484e-05, 3.6969e-06, 1.7755e-05,
        3.2364e-07, 3.4796e-05, 2.6274e-05, 3.7604e-07, 6.6400e-05, 1.7027e-05,
        3.4648e-05, 1.8498e-05, 4.7754e-05, 4.8703e-05, 1.1634e-05, 7.1654e-05,
        2.8939e-05, 4.7896e-05, 5.0416e-05, 9.2105e-05, 4.7603e-05, 6.6429e-05,
        6.1909e-05, 3.2697e-05, 2.8613e-05, 2.8708e-05, 4.4268e-05, 6.2837e-05,
        4.5805e-06, 9.2007e-05, 7.4711e-05, 4.8066e-05, 4.4524e-05, 1.8595e-05,
        6.3080e-05, 2.4366e-05, 2.5577e-05, 5.3467e-05, 3.4879e-05],
       grad_fn=<CatBackward>)

mean_overall=tensor(3.8164e-05, grad_fn=<MeanBackward0>)

-----------------------------------------------ITERATION60-----------------------------------------------

final_causality=[[1, 1, 1, 1, 1, 1, 1, 1, 1, 1, 1, 1, 1], [1, 1, 1, 1, 1, 1, 1, 1, 1, 1, 1, 1, 1, 1, 1, 1, 1, 1, 1, 1, 1, 1, 1, 1, 1, 1, 1, 1, 1, 1, 1, 1, 1, 1, 1, 1, 1, 1, 1, 1, 1, 1, 1, 1, 1, 1, 1, 1, 1, 1], [1, 1, 1, 1, 1, 1, 1, 1, 1, 1, 1, 1, 1, 1, 1, 1, 1, 1, 1, 1, 1, 1, 1, 1, 1, 1, 1, 1, 1, 1, 1, 1, 1, 1, 1, 1, 1, 1, 1, 1, 1, 1, 1, 1, 1, 1, 1, 1, 1, 1]]

means=tensor([2.2944e-05, 0.0000e+00, 0.0000e+00, 0.0000e+00, 5.1861e-05, 1.3952e-04,
        8.1842e-05, 3.6802e-05, 0.0000e+00, 0.0000e+00, 0.0000e+00, 3.0269e-04,
        1.0772e-04, 8.8890e-05, 1.3393e-05, 6.2437e-05, 1.9910e-05, 2.7968e-05,
        1.6067e-05, 1.1889e-05, 4.7886e-05, 3.6380e-05, 5.7365e-05, 3.0185e-05,
        3.7034e-06, 1.2008e-05, 3.9074e-05, 3.8979e-05, 3.0909e-05, 5.6829e-05,
        6.9689e-06, 6.6415e-05, 3.0198e-05, 6.3833e-05, 1.8004e-05, 3.6052e-05,
        2.5545e-05, 3.0217e-06, 4.8133e-05, 6.4286e-05, 5.4362e-05, 2.2851e-05,
        4.9393e-05, 7.1986e-05, 7.8686e-05, 2.0956e-05, 2.8996e-05, 1.4677e-05,
        1.0831e-05, 4.5345e-05, 4.7549e-06, 6.6523e-06, 1.8084e-05, 1.3913e-04,
        6.2789e-05, 1.1202e-05, 9.1141e-05, 1.7618e-05, 6.3426e-05, 5.0470e-05,
        4.2809e-05, 2.4609e-06, 2.2308e-06, 7.5504e-06, 1.7710e-05, 1.8395e-05,
        3.2651e-05, 3.2892e-05, 1.5511e-05, 1.7181e-05, 5.5335e-06, 1.7609e-05,
        9.6164e-06, 3.3733e-06, 1.8726e-05, 2.1412e-05, 3.7768e-06, 1.8051e-05,
        3.7118e-07, 3.4813e-05, 2.6013e-05, 4.3290e-07, 6.6848e-05, 1.7732e-05,
        3.4972e-05, 1.8064e-05, 4.8390e-05, 4.8761e-05, 1.1352e-05, 7.1353e-05,
        2.8641e-05, 4.8301e-05, 5.1140e-05, 9.3370e-05, 4.7878e-05, 6.8312e-05,
        6.4375e-05, 3.2551e-05, 2.9430e-05, 2.8818e-05, 4.3127e-05, 6.1384e-05,
        4.5930e-06, 8.9809e-05, 7.5237e-05, 4.8511e-05, 4.4739e-05, 1.7953e-05,
        6.2041e-05, 2.4390e-05, 2.4328e-05, 5.3871e-05, 3.4874e-05],
       grad_fn=<CatBackward>)

mean_overall=tensor(3.8118e-05, grad_fn=<MeanBackward0>)

-----------------------------------------------ITERATION70-----------------------------------------------

final_causality=[[1, 1, 1, 1, 1, 1, 1, 1, 1, 1, 1, 1, 1], [1, 1, 1, 1, 1, 1, 1, 1, 1, 1, 1, 1, 1, 1, 1, 1, 1, 1, 1, 1, 1, 1, 1, 1, 1, 1, 1, 1, 1, 1, 1, 1, 1, 1, 1, 1, 1, 1, 1, 1, 1, 1, 1, 1, 1, 1, 1, 1, 1, 1], [1, 1, 1, 1, 1, 1, 1, 1, 1, 1, 1, 1, 1, 1, 1, 1, 1, 1, 1, 1, 1, 1, 1, 1, 1, 1, 1, 1, 1, 1, 1, 1, 1, 1, 1, 1, 1, 1, 1, 1, 1, 1, 1, 1, 1, 1, 1, 1, 1, 1]]

means=tensor([2.7650e-05, 0.0000e+00, 0.0000e+00, 0.0000e+00, 4.4309e-05, 1.3796e-04,
        7.7932e-05, 3.3914e-05, 0.0000e+00, 0.0000e+00, 0.0000e+00, 3.3249e-04,
        9.2051e-05, 9.2105e-05, 1.2920e-05, 6.1539e-05, 2.0347e-05, 2.9143e-05,
        1.5356e-05, 1.1827e-05, 4.8867e-05, 3.8211e-05, 5.9067e-05, 3.0832e-05,
        3.7184e-06, 1.1341e-05, 4.0123e-05, 3.7277e-05, 2.9652e-05, 5.8068e-05,
        7.0637e-06, 6.6705e-05, 2.8875e-05, 6.2744e-05, 1.7641e-05, 3.7060e-05,
        2.6987e-05, 3.1899e-06, 4.8541e-05, 6.4811e-05, 5.6164e-05, 2.2965e-05,
        5.0288e-05, 7.2382e-05, 7.9974e-05, 2.1498e-05, 2.7896e-05, 1.4788e-05,
        1.1012e-05, 4.4321e-05, 4.8311e-06, 6.9673e-06, 1.8827e-05, 1.3701e-04,
        5.9717e-05, 1.1331e-05, 8.8956e-05, 1.6813e-05, 6.5105e-05, 5.0975e-05,
        4.3012e-05, 2.7306e-06, 2.2178e-06, 7.6821e-06, 1.7316e-05, 1.7848e-05,
        3.1908e-05, 3.3471e-05, 1.5354e-05, 1.7554e-05, 5.4778e-06, 1.7723e-05,
        9.8179e-06, 3.4091e-06, 1.8429e-05, 2.1294e-05, 3.7703e-06, 1.8229e-05,
        3.7794e-07, 3.4762e-05, 2.5569e-05, 4.3374e-07, 6.7390e-05, 1.8555e-05,
        3.5364e-05, 1.7583e-05, 4.9020e-05, 4.9008e-05, 1.0926e-05, 7.0670e-05,
        2.8233e-05, 4.8909e-05, 5.1730e-05, 9.5049e-05, 4.8080e-05, 7.0400e-05,
        6.7083e-05, 3.2147e-05, 3.0348e-05, 2.9100e-05, 4.1791e-05, 5.9765e-05,
        4.6875e-06, 8.7713e-05, 7.5840e-05, 4.9032e-05, 4.5101e-05, 1.7222e-05,
        6.0767e-05, 2.4530e-05, 2.3207e-05, 5.4096e-05, 3.4978e-05],
       grad_fn=<CatBackward>)

mean_overall=tensor(3.8220e-05, grad_fn=<MeanBackward0>)

-----------------------------------------------ITERATION80-----------------------------------------------

final_causality=[[1, 1, 1, 1, 1, 1, 1, 1, 1, 1, 1, 1, 1], [1, 1, 1, 1, 1, 1, 1, 1, 1, 1, 1, 1, 1, 1, 1, 1, 1, 1, 1, 1, 1, 1, 1, 1, 1, 1, 1, 1, 1, 1, 1, 1, 1, 1, 1, 1, 1, 1, 1, 1, 1, 1, 1, 1, 1, 1, 1, 1, 1, 1], [1, 1, 1, 1, 1, 1, 1, 1, 1, 1, 1, 1, 1, 1, 1, 1, 1, 1, 1, 1, 1, 1, 1, 1, 1, 1, 1, 1, 1, 1, 1, 1, 1, 1, 1, 1, 1, 1, 1, 1, 1, 1, 1, 1, 1, 1, 1, 1, 1, 1]]

means=tensor([3.2074e-05, 0.0000e+00, 0.0000e+00, 0.0000e+00, 3.7097e-05, 1.3683e-04,
        7.5051e-05, 3.1575e-05, 0.0000e+00, 0.0000e+00, 0.0000e+00, 3.6653e-04,
        7.5269e-05, 9.4876e-05, 1.2767e-05, 6.0920e-05, 2.1268e-05, 2.9916e-05,
        1.3893e-05, 1.2097e-05, 5.0209e-05, 3.9750e-05, 6.1786e-05, 3.1681e-05,
        4.2371e-06, 1.1122e-05, 4.1639e-05, 3.6152e-05, 2.8891e-05, 5.9913e-05,
        6.9216e-06, 6.7470e-05, 2.8004e-05, 6.1231e-05, 1.6929e-05, 3.7460e-05,
        2.7996e-05, 3.7552e-06, 4.9460e-05, 6.6190e-05, 5.8849e-05, 2.3528e-05,
        5.1679e-05, 7.3675e-05, 8.0927e-05, 2.2425e-05, 2.7075e-05, 1.5434e-05,
        1.1459e-05, 4.2487e-05, 4.6255e-06, 7.8844e-06, 1.9186e-05, 1.3513e-04,
        5.5620e-05, 1.1933e-05, 8.7231e-05, 1.6315e-05, 6.6505e-05, 5.0705e-05,
        4.3594e-05, 3.4319e-06, 2.4505e-06, 7.8885e-06, 1.6940e-05, 1.7893e-05,
        3.1137e-05, 3.3958e-05, 1.5274e-05, 1.8067e-05, 5.5994e-06, 1.8020e-05,
        9.9703e-06, 3.3584e-06, 1.8172e-05, 2.1133e-05, 3.6923e-06, 1.8317e-05,
        3.5283e-07, 3.4634e-05, 2.4975e-05, 3.9045e-07, 6.8029e-05, 1.9502e-05,
        3.5831e-05, 1.7056e-05, 4.9647e-05, 4.9417e-05, 1.0387e-05, 6.9667e-05,
        2.7724e-05, 4.9677e-05, 5.2207e-05, 9.7088e-05, 4.8230e-05, 7.3055e-05,
        7.0027e-05, 3.1534e-05, 3.1371e-05, 2.9530e-05, 4.0441e-05, 5.8004e-05,
        4.8558e-06, 8.5665e-05, 7.6531e-05, 4.9659e-05, 4.5606e-05, 1.6415e-05,
        5.9294e-05, 2.4787e-05, 2.2166e-05, 5.4187e-05, 3.5198e-05],
       grad_fn=<CatBackward>)

mean_overall=tensor(3.8457e-05, grad_fn=<MeanBackward0>)

-----------------------------------------------ITERATION90-----------------------------------------------

final_causality=[[1, 1, 1, 1, 1, 1, 1, 1, 1, 1, 1, 1, 1], [1, 1, 1, 1, 1, 1, 1, 1, 1, 1, 1, 1, 1, 1, 1, 1, 1, 1, 1, 1, 1, 1, 1, 1, 1, 1, 1, 1, 1, 1, 1, 1, 1, 1, 1, 1, 1, 1, 1, 1, 1, 1, 1, 1, 1, 1, 1, 1, 1, 1], [1, 1, 1, 1, 1, 1, 1, 1, 1, 1, 1, 1, 1, 1, 1, 1, 1, 1, 1, 1, 1, 1, 1, 1, 1, 1, 1, 1, 1, 1, 1, 1, 1, 1, 1, 1, 1, 1, 1, 1, 1, 1, 1, 1, 1, 1, 1, 1, 1, 1]]

means=tensor([3.7456e-05, 0.0000e+00, 0.0000e+00, 0.0000e+00, 2.8410e-05, 1.3509e-04,
        7.0395e-05, 2.8265e-05, 0.0000e+00, 0.0000e+00, 0.0000e+00, 4.0001e-04,
        5.7546e-05, 9.8836e-05, 1.2243e-05, 5.9922e-05, 2.1748e-05, 3.1651e-05,
        1.3209e-05, 1.2279e-05, 5.1317e-05, 4.2048e-05, 6.3768e-05, 3.2408e-05,
        4.2117e-06, 1.0410e-05, 4.2815e-05, 3.4343e-05, 2.7518e-05, 6.1345e-05,
        7.0636e-06, 6.7756e-05, 2.6619e-05, 6.0119e-05, 1.6590e-05, 3.8729e-05,
        2.9793e-05, 3.9377e-06, 4.9909e-05, 6.6746e-05, 6.0960e-05, 2.3642e-05,
        5.2709e-05, 7.4179e-05, 8.2500e-05, 2.3019e-05, 2.5888e-05, 1.5530e-05,
        1.1675e-05, 4.1498e-05, 4.7577e-06, 8.2410e-06, 2.0144e-05, 1.3278e-04,
        5.2404e-05, 1.2061e-05, 8.4830e-05, 1.5447e-05, 6.8599e-05, 5.1412e-05,
        4.3786e-05, 3.7287e-06, 2.4167e-06, 8.0363e-06, 1.6487e-05, 1.8327e-05,
        3.0308e-05, 3.4628e-05, 1.5094e-05, 1.8473e-05, 5.7444e-06, 1.8142e-05,
        1.0213e-05, 3.4100e-06, 1.7872e-05, 2.0993e-05, 3.6942e-06, 1.8564e-05,
        3.6808e-07, 3.4554e-05, 2.4510e-05, 3.9762e-07, 6.8669e-05, 2.0439e-05,
        3.6276e-05, 1.6534e-05, 5.0365e-05, 4.9696e-05, 9.9288e-06, 6.8906e-05,
        2.7262e-05, 5.0351e-05, 5.2890e-05, 9.8996e-05, 4.8488e-05, 7.5765e-05,
        7.3124e-05, 3.1115e-05, 3.2409e-05, 2.9837e-05, 3.9280e-05, 5.6296e-05,
        4.9546e-06, 8.3344e-05, 7.7239e-05, 5.0345e-05, 4.6045e-05, 1.5592e-05,
        5.7913e-05, 2.4983e-05, 2.0902e-05, 5.4500e-05, 3.5372e-05],
       grad_fn=<CatBackward>)

mean_overall=tensor(3.8623e-05, grad_fn=<MeanBackward0>)

-----------------------------------------------ITERATION100-----------------------------------------------

final_causality=[[1, 1, 1, 1, 1, 1, 1, 1, 1, 1, 1, 1, 1], [1, 1, 1, 1, 1, 1, 1, 1, 1, 1, 1, 1, 1, 1, 1, 1, 1, 1, 1, 1, 1, 1, 1, 1, 1, 1, 1, 1, 1, 1, 1, 1, 1, 1, 1, 1, 1, 1, 1, 1, 1, 1, 1, 1, 1, 1, 1, 1, 1, 1], [1, 1, 1, 1, 1, 1, 1, 1, 1, 1, 1, 1, 1, 1, 1, 1, 1, 1, 1, 1, 1, 1, 1, 1, 1, 1, 1, 1, 1, 1, 1, 1, 1, 1, 1, 1, 1, 1, 1, 1, 1, 1, 1, 1, 1, 1, 1, 1, 1, 1]]

means=tensor([4.2838e-05, 0.0000e+00, 0.0000e+00, 0.0000e+00, 1.9650e-05, 1.3356e-04,
        6.6097e-05, 2.5158e-05, 0.0000e+00, 0.0000e+00, 0.0000e+00, 4.3651e-04,
        3.8768e-05, 1.0273e-04, 1.1881e-05, 5.9064e-05, 2.2505e-05, 3.3201e-05,
        1.2140e-05, 1.2525e-05, 5.2646e-05, 4.4305e-05, 6.6375e-05, 3.3485e-05,
        4.4484e-06, 9.9324e-06, 4.4275e-05, 3.2820e-05, 2.6399e-05, 6.3151e-05,
        7.0906e-06, 6.8295e-05, 2.5448e-05, 5.8793e-05, 1.6079e-05, 3.9732e-05,
        3.1444e-05, 4.3425e-06, 5.0642e-05, 6.7767e-05, 6.3628e-05, 2.3999e-05,
        5.4039e-05, 7.5109e-05, 8.3957e-05, 2.3835e-05, 2.4844e-05, 1.5915e-05,
        1.2047e-05, 4.0159e-05, 4.7526e-06, 8.9410e-06, 2.0946e-05, 1.3053e-04,
        4.8650e-05, 1.2448e-05, 8.2652e-05, 1.4737e-05, 7.0875e-05, 5.1752e-05,
        4.4178e-05, 4.2712e-06, 2.5145e-06, 8.2289e-06, 1.6279e-05, 1.8772e-05,
        2.9447e-05, 3.5265e-05, 1.4951e-05, 1.8960e-05, 6.3883e-06, 1.8362e-05,
        1.0438e-05, 3.4189e-06, 1.8757e-05, 2.0823e-05, 3.6959e-06, 1.8782e-05,
        3.6599e-07, 3.4418e-05, 2.3962e-05, 3.8319e-07, 6.9385e-05, 2.1470e-05,
        3.6779e-05, 1.6107e-05, 5.1100e-05, 5.0069e-05, 9.5850e-06, 6.7960e-05,
        2.6731e-05, 5.1119e-05, 5.3532e-05, 1.0111e-04, 4.8732e-05, 7.8594e-05,
        7.6431e-05, 3.0587e-05, 3.3531e-05, 3.0228e-05, 3.8011e-05, 5.4509e-05,
        5.0946e-06, 8.1010e-05, 7.8022e-05, 5.1142e-05, 4.6582e-05, 1.5113e-05,
        5.6410e-05, 2.5263e-05, 1.9649e-05, 5.4766e-05, 3.5633e-05],
       grad_fn=<CatBackward>)

mean_overall=tensor(3.8892e-05, grad_fn=<MeanBackward0>)

-----------------------------------------------ITERATION110-----------------------------------------------

final_causality=[[1, 1, 1, 1, 1, 1, 1, 1, 1, 1, 1, 1, 1], [1, 1, 1, 1, 1, 1, 1, 1, 1, 1, 1, 1, 1, 1, 1, 1, 1, 1, 1, 1, 1, 1, 1, 1, 1, 1, 1, 1, 1, 1, 1, 1, 1, 1, 1, 1, 1, 1, 1, 1, 1, 1, 1, 1, 1, 1, 1, 1, 1, 1], [1, 1, 1, 1, 1, 1, 1, 1, 1, 1, 1, 1, 1, 1, 1, 1, 1, 1, 1, 1, 1, 1, 1, 1, 1, 1, 1, 1, 1, 1, 1, 1, 1, 1, 1, 1, 1, 1, 1, 1, 1, 1, 1, 1, 1, 1, 1, 1, 1, 1]]

means=tensor([4.8519e-05, 0.0000e+00, 0.0000e+00, 0.0000e+00, 1.0381e-05, 1.3198e-04,
        6.1472e-05, 2.1891e-05, 0.0000e+00, 0.0000e+00, 0.0000e+00, 4.7486e-04,
        1.8974e-05, 1.0697e-04, 1.1518e-05, 5.8190e-05, 2.3315e-05, 3.4917e-05,
        1.1060e-05, 1.2850e-05, 5.4054e-05, 4.6789e-05, 6.9188e-05, 3.4895e-05,
        4.6951e-06, 9.4665e-06, 4.5822e-05, 3.1296e-05, 2.5273e-05, 6.5087e-05,
        7.1295e-06, 6.8857e-05, 2.4276e-05, 5.7459e-05, 1.5573e-05, 4.0828e-05,
        3.3250e-05, 4.7845e-06, 5.1424e-05, 6.8887e-05, 6.6506e-05, 2.4384e-05,
        5.5463e-05, 7.6082e-05, 8.5532e-05, 2.4700e-05, 2.3793e-05, 1.6325e-05,
        1.2458e-05, 3.8835e-05, 4.7608e-06, 9.7083e-06, 2.1837e-05, 1.2822e-04,
        4.4829e-05, 1.2867e-05, 8.0433e-05, 1.4025e-05, 7.3335e-05, 5.2150e-05,
        4.4584e-05, 4.8622e-06, 2.6197e-06, 8.4340e-06, 1.6893e-05, 1.9232e-05,
        2.8547e-05, 3.7553e-05, 1.4801e-05, 1.9469e-05, 7.1200e-06, 1.8596e-05,
        1.0679e-05, 3.4307e-06, 1.9992e-05, 2.0679e-05, 3.7115e-06, 1.9032e-05,
        3.6471e-07, 3.4256e-05, 2.3399e-05, 3.6984e-07, 7.0153e-05, 2.2564e-05,
        3.7317e-05, 1.5732e-05, 5.1871e-05, 5.0466e-05, 9.6639e-06, 6.6964e-05,
        2.6168e-05, 5.1916e-05, 5.4209e-05, 1.0331e-04, 4.9002e-05, 8.1505e-05,
        8.0738e-05, 3.0047e-05, 3.4715e-05, 3.0637e-05, 3.6701e-05, 5.2697e-05,
        5.2407e-06, 7.8592e-05, 7.8864e-05, 5.2043e-05, 4.7166e-05, 1.5268e-05,
        5.4859e-05, 2.5585e-05, 1.9129e-05, 5.5076e-05, 3.5948e-05],
       grad_fn=<CatBackward>)

mean_overall=tensor(3.9247e-05, grad_fn=<MeanBackward0>)

-----------------------------------------------ITERATION120-----------------------------------------------

final_causality=[[1, 1, 1, 1, 1, 1, 1, 1, 1, 1, 1, 1, 1], [1, 1, 1, 1, 1, 1, 1, 1, 1, 1, 1, 1, 1, 1, 1, 1, 1, 1, 1, 1, 1, 1, 1, 1, 1, 1, 1, 1, 1, 1, 1, 1, 1, 1, 1, 1, 1, 1, 1, 1, 1, 1, 1, 1, 1, 1, 1, 1, 1, 1], [1, 1, 1, 1, 1, 1, 1, 1, 1, 1, 1, 1, 1, 1, 1, 1, 1, 1, 1, 1, 1, 1, 1, 1, 1, 1, 1, 1, 1, 1, 1, 1, 1, 1, 1, 1, 1, 1, 1, 1, 1, 1, 1, 1, 1, 1, 1, 1, 1, 1]]

means=tensor([5.4577e-05, 0.0000e+00, 0.0000e+00, 0.0000e+00, 4.8945e-07, 1.3030e-04,
        5.6316e-05, 1.8362e-05, 0.0000e+00, 0.0000e+00, 0.0000e+00, 5.1463e-04,
        1.7817e-06, 1.1170e-04, 1.1336e-05, 5.7259e-05, 2.4109e-05, 3.6921e-05,
        1.0080e-05, 1.3223e-05, 5.5493e-05, 4.9595e-05, 7.2077e-05, 3.6344e-05,
        4.8757e-06, 8.9527e-06, 4.7392e-05, 2.9697e-05, 2.4071e-05, 6.7078e-05,
        7.2203e-06, 6.9370e-05, 2.3045e-05, 5.6179e-05, 1.5121e-05, 4.2205e-05,
        3.5311e-05, 5.2088e-06, 5.2183e-05, 6.9957e-05, 6.9490e-05, 2.4731e-05,
        5.6919e-05, 7.6981e-05, 8.7299e-05, 2.5557e-05, 2.2700e-05, 1.6682e-05,
        1.2873e-05, 3.7632e-05, 4.8289e-06, 1.0461e-05, 2.2899e-05, 1.2580e-04,
        4.1087e-05, 1.3248e-05, 7.8108e-05, 1.3274e-05, 7.6064e-05, 5.2740e-05,
        4.4947e-05, 5.4437e-06, 2.6915e-06, 8.6408e-06, 1.8519e-05, 1.9710e-05,
        2.7610e-05, 4.0075e-05, 1.4633e-05, 1.9978e-05, 7.9379e-06, 1.8815e-05,
        1.0948e-05, 3.4590e-06, 2.1275e-05, 2.0730e-05, 3.7407e-06, 1.9334e-05,
        3.6975e-07, 3.4078e-05, 2.2841e-05, 3.6382e-07, 7.1008e-05, 2.3709e-05,
        3.7882e-05, 1.5351e-05, 5.2686e-05, 5.0863e-05, 9.7655e-06, 6.5959e-05,
        2.5584e-05, 5.2725e-05, 5.4946e-05, 1.0586e-04, 4.9308e-05, 8.4477e-05,
        8.5397e-05, 2.9524e-05, 3.5952e-05, 3.1042e-05, 3.5369e-05, 5.1154e-05,
        5.3810e-06, 7.6077e-05, 7.9761e-05, 5.3048e-05, 4.7779e-05, 1.5439e-05,
        5.3281e-05, 2.5939e-05, 2.0204e-05, 5.5456e-05, 3.6304e-05],
       grad_fn=<CatBackward>)

mean_overall=tensor(3.9692e-05, grad_fn=<MeanBackward0>)

-----------------------------------------------ITERATION130-----------------------------------------------

final_causality=[[1, 1, 1, 1, 1, 1, 1, 1, 1, 1, 1, 1, 1], [1, 1, 1, 1, 1, 1, 1, 1, 1, 1, 1, 1, 1, 1, 1, 1, 1, 1, 1, 1, 1, 1, 1, 1, 1, 1, 1, 1, 1, 1, 1, 1, 1, 1, 1, 1, 1, 1, 1, 1, 1, 1, 1, 1, 1, 1, 1, 1, 1, 1], [1, 1, 1, 1, 1, 1, 1, 1, 1, 1, 1, 1, 1, 1, 1, 1, 1, 1, 1, 1, 1, 1, 1, 1, 1, 1, 1, 1, 1, 1, 1, 1, 1, 1, 1, 1, 1, 1, 1, 1, 1, 1, 1, 1, 1, 1, 1, 1, 1, 1]]

means=tensor([6.0861e-05, 0.0000e+00, 0.0000e+00, 0.0000e+00, 5.0773e-06, 1.2865e-04,
        5.1008e-05, 1.4779e-05, 0.0000e+00, 0.0000e+00, 0.0000e+00, 5.5669e-04,
        5.5499e-06, 1.1667e-04, 1.1361e-05, 5.6373e-05, 2.5041e-05, 3.8998e-05,
        8.9783e-06, 1.3637e-05, 5.7060e-05, 5.2568e-05, 7.5338e-05, 3.7890e-05,
        5.1507e-06, 8.5249e-06, 4.9123e-05, 2.8205e-05, 2.2959e-05, 6.9290e-05,
        7.2836e-06, 6.9981e-05, 2.1895e-05, 5.4843e-05, 1.4627e-05, 4.3660e-05,
        3.7445e-05, 5.7438e-06, 5.3072e-05, 7.1228e-05, 7.2823e-05, 2.5184e-05,
        5.8547e-05, 7.8051e-05, 8.9113e-05, 2.6743e-05, 2.1714e-05, 1.7159e-05,
        1.3377e-05, 3.6316e-05, 4.8637e-06, 1.1390e-05, 2.3979e-05, 1.2340e-04,
        3.7163e-05, 1.3744e-05, 7.5852e-05, 1.2578e-05, 7.8909e-05, 5.3256e-05,
        4.5386e-05, 6.1563e-06, 2.8171e-06, 8.8729e-06, 2.0218e-05, 2.0199e-05,
        2.6635e-05, 4.2677e-05, 1.4472e-05, 2.0529e-05, 8.7940e-06, 1.9077e-05,
        1.1223e-05, 3.4760e-06, 2.2706e-05, 2.1353e-05, 3.7606e-06, 1.9655e-05,
        3.6977e-07, 3.3858e-05, 2.2247e-05, 3.5210e-07, 7.1933e-05, 2.4936e-05,
        3.8493e-05, 1.4949e-05, 5.3531e-05, 5.1309e-05, 9.8584e-06, 6.4858e-05,
        2.4950e-05, 5.3582e-05, 5.5696e-05, 1.0986e-04, 4.9630e-05, 8.7531e-05,
        9.0305e-05, 2.8960e-05, 3.7265e-05, 3.1487e-05, 3.3978e-05, 4.9667e-05,
        5.5398e-06, 7.3505e-05, 8.1589e-05, 5.4184e-05, 4.8552e-05, 1.5617e-05,
        5.1636e-05, 2.6359e-05, 2.2532e-05, 5.5861e-05, 3.6739e-05],
       grad_fn=<CatBackward>)

mean_overall=tensor(4.0562e-05, grad_fn=<MeanBackward0>)

-----------------------------------------------ITERATION140-----------------------------------------------

final_causality=[[1, 1, 1, 1, 1, 1, 1, 1, 1, 1, 1, 1, 1], [1, 1, 1, 1, 1, 1, 1, 1, 1, 1, 1, 1, 1, 1, 1, 1, 1, 1, 1, 1, 1, 1, 1, 1, 1, 1, 1, 1, 1, 1, 1, 1, 1, 1, 1, 1, 1, 1, 1, 1, 1, 1, 1, 1, 1, 1, 1, 1, 1, 1], [1, 1, 1, 1, 1, 1, 1, 1, 1, 1, 1, 1, 1, 1, 1, 1, 1, 1, 1, 1, 1, 1, 1, 1, 1, 1, 1, 1, 1, 1, 1, 1, 1, 1, 1, 1, 1, 1, 1, 1, 1, 1, 1, 1, 1, 1, 1, 1, 1, 1]]

means=tensor([6.7503e-05, 0.0000e+00, 0.0000e+00, 0.0000e+00, 1.6133e-05, 1.2694e-04,
        4.5220e-05, 1.0976e-05, 0.0000e+00, 0.0000e+00, 0.0000e+00, 6.0044e-04,
        2.8414e-05, 1.2210e-04, 1.1372e-05, 5.5461e-05, 2.5998e-05, 4.1340e-05,
        7.9322e-06, 1.4066e-05, 5.8683e-05, 5.5861e-05, 7.8764e-05, 3.9488e-05,
        5.3971e-06, 8.0843e-06, 5.0913e-05, 2.6693e-05, 2.1818e-05, 7.1604e-05,
        7.3828e-06, 7.0577e-05, 2.0728e-05, 5.3545e-05, 1.4315e-05, 4.5294e-05,
        3.9855e-05, 6.3013e-06, 5.3975e-05, 7.2498e-05, 7.6336e-05, 2.5635e-05,
        6.0244e-05, 7.9103e-05, 9.1094e-05, 2.8062e-05, 2.0780e-05, 1.7624e-05,
        1.3912e-05, 3.5076e-05, 4.9392e-06, 1.2368e-05, 2.5210e-05, 1.2094e-04,
        3.3275e-05, 1.4242e-05, 7.3545e-05, 1.2020e-05, 8.2005e-05, 5.3909e-05,
        4.5809e-05, 6.9059e-06, 2.9310e-06, 9.1127e-06, 2.1994e-05, 2.0704e-05,
        2.6461e-05, 4.5390e-05, 1.4298e-05, 2.1090e-05, 9.6757e-06, 1.9452e-05,
        1.1522e-05, 3.5036e-06, 2.4304e-05, 2.2022e-05, 3.7893e-06, 2.0024e-05,
        3.7364e-07, 3.3613e-05, 2.1649e-05, 3.5708e-07, 7.2906e-05, 2.6225e-05,
        3.9136e-05, 1.4703e-05, 5.4415e-05, 5.1768e-05, 9.9676e-06, 6.3725e-05,
        2.4286e-05, 5.4457e-05, 5.6496e-05, 1.1402e-04, 4.9985e-05, 9.0646e-05,
        9.5475e-05, 2.8399e-05, 3.8685e-05, 3.1939e-05, 3.2558e-05, 4.8179e-05,
        5.6981e-06, 7.0849e-05, 8.4006e-05, 5.5446e-05, 4.9378e-05, 1.5810e-05,
        4.9956e-05, 2.6826e-05, 2.4937e-05, 5.6570e-05, 3.7233e-05],
       grad_fn=<CatBackward>)

mean_overall=tensor(4.1731e-05, grad_fn=<MeanBackward0>)

-----------------------------------------------ITERATION150-----------------------------------------------

final_causality=[[1, 1, 1, 1, 1, 1, 1, 1, 1, 1, 1, 1, 1], [1, 1, 1, 1, 1, 1, 1, 1, 1, 1, 1, 1, 1, 1, 1, 1, 1, 1, 1, 1, 1, 1, 1, 1, 1, 1, 1, 1, 1, 1, 1, 1, 1, 1, 1, 1, 1, 1, 1, 1, 1, 1, 1, 1, 1, 1, 1, 1, 1, 1], [1, 1, 1, 1, 1, 1, 1, 1, 1, 1, 1, 1, 1, 1, 1, 1, 1, 1, 1, 1, 1, 1, 1, 1, 1, 1, 1, 1, 1, 1, 1, 1, 1, 1, 1, 1, 1, 1, 1, 1, 1, 1, 1, 1, 1, 1, 1, 1, 1, 1]]

means=tensor([7.4458e-05, 0.0000e+00, 0.0000e+00, 0.0000e+00, 2.7726e-05, 1.2520e-04,
        3.9081e-05, 7.0251e-06, 0.0000e+00, 0.0000e+00, 0.0000e+00, 6.4629e-04,
        5.2442e-05, 1.2791e-04, 1.1408e-05, 5.4568e-05, 2.7050e-05, 4.3868e-05,
        6.8526e-06, 1.4526e-05, 6.0405e-05, 5.9419e-05, 8.2484e-05, 4.1162e-05,
        5.6823e-06, 7.6842e-06, 5.2823e-05, 2.5238e-05, 2.0717e-05, 7.4092e-05,
        7.4858e-06, 7.1219e-05, 1.9617e-05, 5.2271e-05, 1.4016e-05, 4.7017e-05,
        4.2509e-05, 6.9633e-06, 5.4956e-05, 7.3879e-05, 8.0138e-05, 2.6146e-05,
        6.2099e-05, 8.0239e-05, 9.3182e-05, 2.9474e-05, 1.9870e-05, 1.8153e-05,
        1.4516e-05, 3.3822e-05, 5.0181e-06, 1.3478e-05, 2.6533e-05, 1.1847e-04,
        2.9322e-05, 1.4809e-05, 7.1265e-05, 1.1619e-05, 8.5295e-05, 5.4591e-05,
        4.6265e-05, 7.7581e-06, 3.0716e-06, 9.3711e-06, 2.3849e-05, 2.1223e-05,
        2.7604e-05, 4.8198e-05, 1.4121e-05, 2.1679e-05, 1.0592e-05, 1.9916e-05,
        1.1837e-05, 3.5309e-06, 2.5977e-05, 2.2850e-05, 3.8174e-06, 2.0432e-05,
        3.7675e-07, 3.3330e-05, 2.1030e-05, 3.8264e-07, 7.3939e-05, 2.7594e-05,
        3.9821e-05, 1.4704e-05, 5.5336e-05, 5.2262e-05, 1.0080e-05, 6.2523e-05,
        2.3576e-05, 5.5367e-05, 5.7329e-05, 1.1834e-04, 5.0366e-05, 9.3832e-05,
        1.0091e-04, 2.7820e-05, 4.0190e-05, 3.2415e-05, 3.1093e-05, 4.6675e-05,
        5.8667e-06, 6.8119e-05, 8.6597e-05, 5.6852e-05, 5.0272e-05, 1.6015e-05,
        4.8223e-05, 2.7357e-05, 2.7430e-05, 5.7852e-05, 3.7807e-05],
       grad_fn=<CatBackward>)

mean_overall=tensor(4.3008e-05, grad_fn=<MeanBackward0>)

-----------------------------------------------ITERATION160-----------------------------------------------

final_causality=[[1, 1, 1, 1, 1, 1, 1, 1, 1, 1, 1, 1, 1], [1, 1, 1, 1, 1, 1, 1, 1, 1, 1, 1, 1, 1, 1, 1, 1, 1, 1, 1, 1, 1, 1, 1, 1, 1, 1, 1, 1, 1, 1, 1, 1, 1, 1, 1, 1, 1, 1, 1, 1, 1, 1, 1, 1, 1, 1, 1, 1, 1, 1], [1, 1, 1, 1, 1, 1, 1, 1, 1, 1, 1, 1, 1, 1, 1, 1, 1, 1, 1, 1, 1, 1, 1, 1, 1, 1, 1, 1, 1, 1, 1, 1, 1, 1, 1, 1, 1, 1, 1, 1, 1, 1, 1, 1, 1, 1, 1, 1, 1, 1]]

means=tensor([8.1769e-05, 0.0000e+00, 0.0000e+00, 0.0000e+00, 3.9922e-05, 1.2343e-04,
        3.2499e-05, 2.8859e-06, 0.0000e+00, 0.0000e+00, 0.0000e+00, 6.9423e-04,
        7.7672e-05, 1.3415e-04, 1.1456e-05, 5.3680e-05, 2.8176e-05, 4.6632e-05,
        5.7742e-06, 1.5012e-05, 6.2212e-05, 6.3290e-05, 8.6469e-05, 4.2906e-05,
        5.9842e-06, 7.3063e-06, 5.4835e-05, 2.3817e-05, 1.9636e-05, 7.6736e-05,
        7.6062e-06, 7.1886e-05, 1.8538e-05, 5.1290e-05, 1.3731e-05, 4.8872e-05,
        4.5388e-05, 7.8455e-06, 5.5996e-05, 7.5333e-05, 8.4205e-05, 2.6698e-05,
        6.4509e-05, 8.1425e-05, 9.5408e-05, 3.0967e-05, 1.8977e-05, 1.8722e-05,
        1.5185e-05, 3.2593e-05, 5.1160e-06, 1.4703e-05, 2.7981e-05, 1.1598e-04,
        2.5350e-05, 1.5425e-05, 6.8994e-05, 1.1225e-05, 8.8812e-05, 5.5349e-05,
        4.6738e-05, 8.7039e-06, 3.2272e-06, 9.6453e-06, 2.5787e-05, 2.1757e-05,
        2.8795e-05, 5.1111e-05, 1.3936e-05, 2.2291e-05, 1.1540e-05, 2.0407e-05,
        1.2172e-05, 3.5623e-06, 2.7723e-05, 2.3874e-05, 3.8487e-06, 2.0885e-05,
        3.8086e-07, 3.3012e-05, 2.0395e-05, 4.1062e-07, 7.5031e-05, 2.9042e-05,
        4.0546e-05, 1.4706e-05, 5.6294e-05, 5.2785e-05, 1.0202e-05, 6.1261e-05,
        2.2823e-05, 5.6606e-05, 5.8204e-05, 1.2283e-04, 5.0778e-05, 9.7085e-05,
        1.0662e-04, 2.7230e-05, 4.1780e-05, 3.2910e-05, 2.9586e-05, 4.5160e-05,
        6.0419e-06, 6.5312e-05, 8.9364e-05, 5.8409e-05, 5.1231e-05, 1.7243e-05,
        4.6442e-05, 2.7953e-05, 3.0010e-05, 5.9273e-05, 3.8462e-05],
       grad_fn=<CatBackward>)

mean_overall=tensor(4.4389e-05, grad_fn=<MeanBackward0>)

-----------------------------------------------ITERATION170-----------------------------------------------

final_causality=[[1, 1, 1, 1, 1, 1, 1, 1, 1, 1, 1, 1, 1], [1, 1, 1, 1, 1, 1, 1, 1, 1, 1, 1, 1, 1, 1, 1, 1, 1, 1, 1, 1, 1, 1, 1, 1, 1, 1, 1, 1, 1, 1, 1, 1, 1, 1, 1, 1, 1, 1, 1, 1, 1, 1, 1, 1, 1, 1, 1, 1, 1, 1], [1, 1, 1, 1, 1, 1, 1, 1, 1, 1, 1, 1, 1, 1, 1, 1, 1, 1, 1, 1, 1, 1, 1, 1, 1, 1, 1, 1, 1, 1, 1, 1, 1, 1, 1, 1, 1, 1, 1, 1, 1, 1, 1, 1, 1, 1, 1, 1, 1, 1]]

means=tensor([8.9457e-05, 0.0000e+00, 0.0000e+00, 0.0000e+00, 5.2753e-05, 1.2160e-04,
        2.5442e-05, 7.7682e-07, 0.0000e+00, 0.0000e+00, 0.0000e+00, 7.4435e-04,
        1.0418e-04, 1.4086e-04, 1.1518e-05, 5.2803e-05, 2.9385e-05, 4.9647e-05,
        4.6944e-06, 1.5528e-05, 6.4109e-05, 6.7492e-05, 9.0736e-05, 4.4721e-05,
        6.3072e-06, 6.9530e-06, 5.6957e-05, 2.2438e-05, 1.8580e-05, 7.9546e-05,
        7.7439e-06, 7.2581e-05, 1.7487e-05, 5.0329e-05, 1.3459e-05, 5.0994e-05,
        4.8505e-05, 8.8544e-06, 5.7100e-05, 7.6868e-05, 8.8556e-05, 2.7299e-05,
        6.7076e-05, 8.2666e-05, 9.7772e-05, 3.2546e-05, 1.8103e-05, 1.9338e-05,
        1.6289e-05, 3.1389e-05, 5.2525e-06, 1.6059e-05, 2.9650e-05, 1.1348e-04,
        2.1357e-05, 1.6098e-05, 6.6744e-05, 1.0841e-05, 9.2566e-05, 5.6181e-05,
        4.7230e-05, 9.7587e-06, 3.4013e-06, 9.9370e-06, 2.8279e-05, 2.2308e-05,
        3.0037e-05, 5.4130e-05, 1.3744e-05, 2.2927e-05, 1.2524e-05, 2.0929e-05,
        1.2529e-05, 3.5978e-06, 2.9546e-05, 2.4967e-05, 3.8829e-06, 2.1386e-05,
        3.8585e-07, 3.2655e-05, 1.9742e-05, 4.4115e-07, 7.6184e-05, 3.0575e-05,
        4.1313e-05, 1.4707e-05, 5.7292e-05, 5.3339e-05, 1.0333e-05, 5.9936e-05,
        2.2023e-05, 5.8418e-05, 5.9509e-05, 1.2749e-04, 5.1221e-05, 1.0041e-04,
        1.1261e-04, 2.6626e-05, 4.3460e-05, 3.3425e-05, 2.8036e-05, 4.3631e-05,
        6.2246e-06, 6.2421e-05, 9.2320e-05, 6.0129e-05, 5.2259e-05, 1.9038e-05,
        4.4609e-05, 2.8618e-05, 3.2679e-05, 6.0843e-05, 3.9204e-05],
       grad_fn=<CatBackward>)

mean_overall=tensor(4.5905e-05, grad_fn=<MeanBackward0>)

-----------------------------------------------ITERATION180-----------------------------------------------

final_causality=[[1, 1, 1, 1, 1, 1, 1, 1, 1, 1, 1, 1, 1], [1, 1, 1, 1, 1, 1, 1, 1, 1, 1, 1, 1, 1, 1, 1, 1, 1, 1, 1, 1, 1, 1, 1, 1, 1, 1, 1, 1, 1, 1, 1, 1, 1, 1, 1, 1, 1, 1, 1, 1, 1, 1, 1, 1, 1, 1, 1, 1, 1, 1], [1, 1, 1, 1, 1, 1, 1, 1, 1, 1, 1, 1, 1, 1, 1, 1, 1, 1, 1, 1, 1, 1, 1, 1, 1, 1, 1, 1, 1, 1, 1, 1, 1, 1, 1, 1, 1, 1, 1, 1, 1, 1, 1, 1, 1, 1, 1, 1, 1, 1]]

means=tensor([9.7545e-05, 0.0000e+00, 0.0000e+00, 0.0000e+00, 6.6256e-05, 1.1972e-04,
        1.7876e-05, 5.3100e-06, 0.0000e+00, 0.0000e+00, 0.0000e+00, 7.9684e-04,
        1.3206e-04, 1.4803e-04, 1.1600e-05, 5.1942e-05, 3.0689e-05, 5.2924e-05,
        3.6071e-06, 1.6088e-05, 6.6102e-05, 7.2043e-05, 9.5312e-05, 4.6611e-05,
        6.6587e-06, 6.6914e-06, 5.9198e-05, 2.1107e-05, 1.7613e-05, 8.2534e-05,
        7.8975e-06, 7.3309e-05, 1.6469e-05, 4.9387e-05, 1.3198e-05, 5.3297e-05,
        5.1871e-05, 1.0013e-05, 5.8274e-05, 7.8494e-05, 9.3213e-05, 2.7954e-05,
        6.9813e-05, 8.3971e-05, 1.0028e-04, 3.4222e-05, 1.7254e-05, 2.0010e-05,
        1.7505e-05, 3.0206e-05, 5.4412e-06, 1.7567e-05, 3.1491e-05, 1.1098e-04,
        1.7338e-05, 1.6851e-05, 6.4524e-05, 1.0469e-05, 9.6563e-05, 5.7083e-05,
        4.7745e-05, 1.0942e-05, 3.5997e-06, 1.0248e-05, 3.1107e-05, 2.2875e-05,
        3.1331e-05, 5.7260e-05, 1.3544e-05, 2.3589e-05, 1.3546e-05, 2.1487e-05,
        1.2908e-05, 3.6372e-06, 3.1450e-05, 2.6131e-05, 3.9197e-06, 2.1939e-05,
        3.9144e-07, 3.2256e-05, 1.9069e-05, 4.7416e-07, 7.7402e-05, 3.2200e-05,
        4.2125e-05, 1.4708e-05, 5.8331e-05, 5.3928e-05, 1.0472e-05, 5.8539e-05,
        2.1169e-05, 6.0323e-05, 6.1058e-05, 1.3232e-04, 5.1696e-05, 1.0380e-04,
        1.1890e-04, 2.6007e-05, 4.5501e-05, 3.3962e-05, 2.6438e-05, 4.2082e-05,
        6.4164e-06, 5.9444e-05, 9.5480e-05, 6.2023e-05, 5.3362e-05, 2.0929e-05,
        4.2719e-05, 2.9360e-05, 3.5442e-05, 6.2571e-05, 4.0042e-05],
       grad_fn=<CatBackward>)

mean_overall=tensor(4.7588e-05, grad_fn=<MeanBackward0>)

-----------------------------------------------ITERATION190-----------------------------------------------

final_causality=[[1, 1, 1, 1, 1, 1, 1, 1, 1, 1, 1, 1, 1], [1, 1, 1, 1, 1, 1, 1, 1, 1, 1, 1, 1, 1, 1, 1, 1, 1, 1, 1, 1, 1, 1, 1, 1, 1, 1, 1, 1, 1, 1, 1, 1, 1, 1, 1, 1, 1, 1, 1, 1, 1, 1, 1, 1, 1, 1, 1, 1, 1, 1], [1, 1, 1, 1, 1, 1, 1, 1, 1, 1, 1, 1, 1, 1, 1, 1, 1, 1, 1, 1, 1, 1, 1, 1, 1, 1, 1, 1, 1, 1, 1, 1, 1, 1, 1, 1, 1, 1, 1, 1, 1, 1, 1, 1, 1, 1, 1, 1, 1, 1]]

means=tensor([1.0607e-04, 0.0000e+00, 0.0000e+00, 0.0000e+00, 8.0488e-05, 1.1776e-04,
        9.7390e-06, 1.0080e-05, 0.0000e+00, 0.0000e+00, 0.0000e+00, 8.5179e-04,
        1.6142e-04, 1.5572e-04, 1.1699e-05, 5.1095e-05, 3.2088e-05, 5.6494e-05,
        2.5208e-06, 1.6860e-05, 6.8190e-05, 7.6977e-05, 1.0020e-04, 4.8576e-05,
        7.0344e-06, 6.4734e-06, 6.1558e-05, 1.9820e-05, 1.6752e-05, 8.5703e-05,
        8.0718e-06, 7.4066e-05, 1.5481e-05, 4.8473e-05, 1.2953e-05, 5.5770e-05,
        5.5511e-05, 1.1339e-05, 5.9515e-05, 8.0205e-05, 9.8182e-05, 2.8664e-05,
        7.2723e-05, 8.5331e-05, 1.0293e-04, 3.6062e-05, 1.6427e-05, 2.0734e-05,
        1.8843e-05, 2.9057e-05, 5.6586e-06, 1.9234e-05, 3.3500e-05, 1.0848e-04,
        1.3299e-05, 1.7928e-05, 6.2333e-05, 1.0201e-05, 1.0082e-04, 5.8069e-05,
        4.8282e-05, 1.2265e-05, 3.8214e-06, 1.0579e-05, 3.4068e-05, 2.3461e-05,
        3.2681e-05, 6.0507e-05, 1.3334e-05, 2.4375e-05, 1.4609e-05, 2.2079e-05,
        1.3311e-05, 3.6822e-06, 3.3440e-05, 2.7372e-05, 3.9600e-06, 2.2547e-05,
        3.9814e-07, 3.1812e-05, 1.8376e-05, 5.1066e-07, 7.8686e-05, 3.3920e-05,
        4.2986e-05, 1.4709e-05, 5.9412e-05, 5.4551e-05, 1.0621e-05, 5.7225e-05,
        2.0260e-05, 6.2302e-05, 6.2692e-05, 1.3737e-04, 5.2208e-05, 1.0728e-04,
        1.2549e-04, 2.5374e-05, 4.7799e-05, 3.4521e-05, 2.4791e-05, 4.0509e-05,
        6.6165e-06, 5.6370e-05, 9.8856e-05, 6.4103e-05, 5.4542e-05, 2.2921e-05,
        4.0770e-05, 3.0182e-05, 3.8304e-05, 6.4470e-05, 4.0983e-05],
       grad_fn=<CatBackward>)

mean_overall=tensor(4.9392e-05, grad_fn=<MeanBackward0>)

-----------------------------------------------ITERATION200-----------------------------------------------

final_causality=[[1, 1, 1, 1, 1, 1, 1, 1, 1, 1, 1, 1, 1], [1, 1, 1, 1, 1, 1, 1, 1, 1, 1, 1, 1, 1, 1, 1, 1, 1, 1, 1, 1, 1, 1, 1, 1, 1, 1, 1, 1, 1, 1, 1, 1, 1, 1, 1, 1, 1, 1, 1, 1, 1, 1, 1, 1, 1, 1, 1, 1, 1, 1], [1, 1, 1, 1, 1, 1, 1, 1, 1, 1, 1, 1, 1, 1, 1, 1, 1, 1, 1, 1, 1, 1, 1, 1, 1, 1, 1, 1, 1, 1, 1, 1, 1, 1, 1, 1, 1, 1, 1, 1, 1, 1, 1, 1, 1, 1, 1, 1, 1, 1]]

means=tensor([1.1506e-04, 0.0000e+00, 0.0000e+00, 0.0000e+00, 9.5498e-05, 1.1571e-04,
        9.8626e-07, 1.5100e-05, 0.0000e+00, 0.0000e+00, 0.0000e+00, 9.0939e-04,
        1.9237e-04, 1.6394e-04, 1.1819e-05, 5.0268e-05, 3.3594e-05, 6.0372e-05,
        1.4286e-06, 1.7676e-05, 7.0382e-05, 8.2313e-05, 1.0543e-04, 5.0620e-05,
        7.4420e-06, 6.2782e-06, 6.4049e-05, 1.8583e-05, 1.5909e-05, 8.9065e-05,
        8.2653e-06, 7.4857e-05, 1.4528e-05, 4.7584e-05, 1.2721e-05, 5.8413e-05,
        5.9438e-05, 1.2860e-05, 6.0896e-05, 8.2013e-05, 1.0349e-04, 2.9434e-05,
        7.5820e-05, 8.6759e-05, 1.0574e-04, 3.8103e-05, 1.5628e-05, 2.1521e-05,
        2.0318e-05, 2.7937e-05, 5.9058e-06, 2.1084e-05, 3.5686e-05, 1.0599e-04,
        9.2324e-06, 1.9111e-05, 6.0182e-05, 9.9585e-06, 1.0536e-04, 5.9136e-05,
        4.8843e-05, 1.3750e-05, 4.0727e-06, 1.0933e-05, 3.7170e-05, 2.4078e-05,
        3.4091e-05, 6.3878e-05, 1.3114e-05, 2.5528e-05, 1.5716e-05, 2.2711e-05,
        1.3740e-05, 3.7326e-06, 3.5520e-05, 2.8694e-05, 4.0036e-06, 2.3214e-05,
        4.0603e-07, 3.1320e-05, 1.7658e-05, 5.5061e-07, 8.0042e-05, 3.5745e-05,
        4.3975e-05, 1.4935e-05, 6.0538e-05, 5.5214e-05, 1.0780e-05, 5.5919e-05,
        1.9290e-05, 6.4623e-05, 6.4415e-05, 1.4389e-04, 5.2756e-05, 1.1085e-04,
        1.3240e-04, 2.4723e-05, 5.0234e-05, 3.5104e-05, 2.3088e-05, 3.8905e-05,
        6.8267e-06, 5.3193e-05, 1.0246e-04, 6.6381e-05, 5.5807e-05, 2.5025e-05,
        3.8756e-05, 3.1091e-05, 4.1270e-05, 6.6551e-05, 4.2034e-05],
       grad_fn=<CatBackward>)

mean_overall=tensor(5.1334e-05, grad_fn=<MeanBackward0>)

-----------------------------------------------ITERATION210-----------------------------------------------

final_causality=[[1, 1, 1, 1, 1, 1, 1, 1, 1, 1, 1, 1, 1], [1, 1, 1, 1, 1, 1, 1, 1, 1, 1, 1, 1, 1, 1, 1, 1, 1, 1, 1, 1, 1, 1, 1, 1, 1, 1, 1, 1, 1, 1, 1, 1, 1, 1, 1, 1, 1, 1, 1, 1, 1, 1, 1, 1, 1, 1, 1, 1, 1, 1], [1, 1, 1, 1, 1, 1, 1, 1, 1, 1, 1, 1, 1, 1, 1, 1, 1, 1, 1, 1, 1, 1, 1, 1, 1, 1, 1, 1, 1, 1, 1, 1, 1, 1, 1, 1, 1, 1, 1, 1, 1, 1, 1, 1, 1, 1, 1, 1, 1, 1]]

means=tensor([1.2455e-04, 0.0000e+00, 0.0000e+00, 0.0000e+00, 1.1135e-04, 1.1356e-04,
        4.3921e-07, 2.0396e-05, 0.0000e+00, 0.0000e+00, 0.0000e+00, 9.6980e-04,
        2.2505e-04, 1.7273e-04, 1.1960e-05, 4.9460e-05, 3.5210e-05, 6.4588e-05,
        3.3440e-07, 1.8537e-05, 7.3031e-05, 8.8085e-05, 1.1101e-04, 5.2744e-05,
        7.8807e-06, 6.1042e-06, 6.6674e-05, 1.7394e-05, 1.5083e-05, 9.2626e-05,
        8.4812e-06, 7.5680e-05, 1.3608e-05, 4.6726e-05, 1.2505e-05, 6.1243e-05,
        6.3675e-05, 1.4602e-05, 6.2925e-05, 8.3913e-05, 1.0915e-04, 3.0268e-05,
        7.9209e-05, 8.8248e-05, 1.0870e-04, 4.0267e-05, 1.4854e-05, 2.2371e-05,
        2.1942e-05, 2.6854e-05, 6.1856e-06, 2.3131e-05, 3.8067e-05, 1.0350e-04,
        5.1374e-06, 2.0405e-05, 5.8070e-05, 9.7258e-06, 1.1018e-04, 6.0292e-05,
        4.9427e-05, 1.5413e-05, 4.3551e-06, 1.1310e-05, 4.0425e-05, 2.4894e-05,
        3.5564e-05, 6.7380e-05, 1.2883e-05, 2.6730e-05, 1.6870e-05, 2.3383e-05,
        1.4197e-05, 3.7899e-06, 3.7814e-05, 3.0100e-05, 4.0511e-06, 2.3944e-05,
        4.1734e-07, 3.0778e-05, 1.6917e-05, 5.9488e-07, 8.1471e-05, 3.7679e-05,
        4.5020e-05, 1.5356e-05, 6.1711e-05, 5.5917e-05, 1.0951e-05, 5.4548e-05,
        1.8384e-05, 6.8208e-05, 6.6235e-05, 1.5066e-04, 5.3343e-05, 1.1451e-04,
        1.3963e-04, 2.4055e-05, 5.2815e-05, 3.5711e-05, 2.1327e-05, 3.7262e-05,
        7.0471e-06, 4.9901e-05, 1.0632e-04, 6.8869e-05, 5.7162e-05, 2.7249e-05,
        3.6672e-05, 3.2092e-05, 4.4345e-05, 6.8826e-05, 4.3203e-05],
       grad_fn=<CatBackward>)

mean_overall=tensor(5.3506e-05, grad_fn=<MeanBackward0>)

-----------------------------------------------ITERATION220-----------------------------------------------

final_causality=[[1, 1, 1, 1, 1, 1, 1, 1, 1, 1, 1, 1, 1], [1, 1, 1, 1, 1, 1, 1, 1, 1, 1, 1, 1, 1, 1, 1, 1, 1, 1, 1, 1, 1, 1, 1, 1, 1, 1, 1, 1, 1, 1, 1, 1, 1, 1, 1, 1, 1, 1, 1, 1, 1, 1, 1, 1, 1, 1, 1, 1, 1, 1], [1, 1, 1, 1, 1, 1, 1, 1, 1, 1, 1, 1, 1, 1, 1, 1, 1, 1, 1, 1, 1, 1, 1, 1, 1, 1, 1, 1, 1, 1, 1, 1, 1, 1, 1, 1, 1, 1, 1, 1, 1, 1, 1, 1, 1, 1, 1, 1, 1, 1]]

means=tensor([1.3459e-04, 0.0000e+00, 0.0000e+00, 0.0000e+00, 1.2811e-04, 1.1127e-04,
        9.8045e-06, 2.5991e-05, 0.0000e+00, 0.0000e+00, 0.0000e+00, 1.0332e-03,
        2.5959e-04, 1.8211e-04, 1.2124e-05, 4.8675e-05, 3.6948e-05, 6.9166e-05,
        4.4716e-07, 1.9449e-05, 7.5844e-05, 9.4321e-05, 1.1696e-04, 5.4954e-05,
        8.3559e-06, 6.0171e-06, 6.9441e-05, 1.6255e-05, 1.4275e-05, 9.6399e-05,
        8.7200e-06, 7.6538e-05, 1.2723e-05, 4.5899e-05, 1.2304e-05, 6.4266e-05,
        6.8532e-05, 1.6596e-05, 6.5067e-05, 8.5913e-05, 1.1518e-04, 3.1169e-05,
        8.3197e-05, 8.9804e-05, 1.1184e-04, 4.2564e-05, 1.4177e-05, 2.3291e-05,
        2.3734e-05, 2.5805e-05, 6.5000e-06, 2.5397e-05, 4.0656e-05, 1.0104e-04,
        1.0046e-06, 2.1823e-05, 5.6004e-05, 9.5040e-06, 1.1530e-04, 6.1537e-05,
        5.0038e-05, 1.7280e-05, 4.6741e-06, 1.1712e-05, 4.3841e-05, 2.5989e-05,
        3.7103e-05, 7.1021e-05, 1.2639e-05, 2.7986e-05, 1.8077e-05, 2.4099e-05,
        1.4684e-05, 3.8546e-06, 4.0633e-05, 3.1595e-05, 4.1027e-06, 2.4741e-05,
        4.3007e-07, 3.0352e-05, 1.6147e-05, 6.4379e-07, 8.2978e-05, 3.9732e-05,
        4.6125e-05, 1.5802e-05, 6.2932e-05, 5.6664e-05, 1.1167e-05, 5.3107e-05,
        1.9213e-05, 7.1951e-05, 6.8156e-05, 1.5769e-04, 5.3972e-05, 1.1827e-04,
        1.4722e-04, 2.3368e-05, 5.5556e-05, 3.6344e-05, 2.0233e-05, 3.5570e-05,
        7.2788e-06, 4.6484e-05, 1.1044e-04, 7.1580e-05, 5.8613e-05, 2.9603e-05,
        3.5499e-05, 3.3192e-05, 4.7536e-05, 7.1307e-05, 4.4499e-05],
       grad_fn=<CatBackward>)

mean_overall=tensor(5.5966e-05, grad_fn=<MeanBackward0>)

-----------------------------------------------ITERATION230-----------------------------------------------

final_causality=[[1, 1, 1, 1, 1, 1, 1, 1, 1, 1, 1, 1, 1], [1, 1, 1, 1, 1, 1, 1, 1, 1, 1, 1, 1, 1, 1, 1, 1, 1, 1, 1, 1, 1, 1, 1, 1, 1, 1, 1, 1, 1, 1, 1, 1, 1, 1, 1, 1, 1, 1, 1, 1, 1, 1, 1, 1, 1, 1, 1, 1, 1, 1], [1, 1, 1, 1, 1, 1, 1, 1, 1, 1, 1, 1, 1, 1, 1, 1, 1, 1, 1, 1, 1, 1, 1, 1, 1, 1, 1, 1, 1, 1, 1, 1, 1, 1, 1, 1, 1, 1, 1, 1, 1, 1, 1, 1, 1, 1, 1, 1, 1, 1]]

means=tensor([1.4521e-04, 0.0000e+00, 0.0000e+00, 0.0000e+00, 1.4586e-04, 1.0882e-04,
        2.0878e-05, 3.1912e-05, 0.0000e+00, 0.0000e+00, 0.0000e+00, 1.0998e-03,
        2.9615e-04, 1.9214e-04, 1.2313e-05, 4.7914e-05, 3.8813e-05, 7.4135e-05,
        1.4314e-06, 2.0522e-05, 7.8789e-05, 1.0105e-04, 1.2331e-04, 5.7250e-05,
        8.8691e-06, 6.0087e-06, 7.2357e-05, 1.5163e-05, 1.3486e-05, 1.0039e-04,
        8.9837e-06, 7.7430e-05, 1.1871e-05, 4.5105e-05, 1.2121e-05, 6.7494e-05,
        7.3894e-05, 1.8877e-05, 6.7327e-05, 8.8013e-05, 1.2160e-04, 3.2330e-05,
        8.7440e-05, 9.1427e-05, 1.1515e-04, 4.5000e-05, 1.3523e-05, 2.4283e-05,
        2.5709e-05, 2.4796e-05, 6.8530e-06, 2.7902e-05, 4.3472e-05, 9.8585e-05,
        2.8463e-06, 2.3374e-05, 5.3985e-05, 9.2931e-06, 1.2075e-04, 6.2879e-05,
        5.0674e-05, 1.9371e-05, 5.0333e-06, 1.2142e-05, 4.7432e-05, 2.7664e-05,
        3.8714e-05, 7.4811e-05, 1.2381e-05, 2.9494e-05, 1.9341e-05, 2.4861e-05,
        1.5204e-05, 3.9280e-06, 4.3590e-05, 3.3185e-05, 4.1588e-06, 2.5610e-05,
        4.4449e-07, 3.0384e-05, 1.5348e-05, 6.9811e-07, 8.4568e-05, 4.1910e-05,
        4.7292e-05, 1.6278e-05, 6.4205e-05, 5.7456e-05, 1.2134e-05, 5.1593e-05,
        2.0104e-05, 7.5863e-05, 7.0187e-05, 1.6500e-04, 5.4644e-05, 1.2215e-04,
        1.5516e-04, 2.2659e-05, 5.8468e-05, 3.7004e-05, 1.9128e-05, 3.3820e-05,
        7.5225e-06, 4.2927e-05, 1.1485e-04, 7.4526e-05, 6.0167e-05, 3.2098e-05,
        3.4305e-05, 3.4398e-05, 5.1642e-05, 7.4008e-05, 4.5930e-05],
       grad_fn=<CatBackward>)

mean_overall=tensor(5.8685e-05, grad_fn=<MeanBackward0>)

-----------------------------------------------ITERATION240-----------------------------------------------

final_causality=[[1, 1, 1, 1, 1, 1, 1, 1, 1, 1, 1, 1, 1], [1, 1, 1, 1, 1, 1, 1, 1, 1, 1, 1, 1, 1, 1, 1, 1, 1, 1, 1, 1, 1, 1, 1, 1, 1, 1, 1, 1, 1, 1, 1, 1, 1, 1, 1, 1, 1, 1, 1, 1, 1, 1, 1, 1, 1, 1, 1, 1, 1, 1], [1, 1, 1, 1, 1, 1, 1, 1, 1, 1, 1, 1, 1, 1, 1, 1, 1, 1, 1, 1, 1, 1, 1, 1, 1, 1, 1, 1, 1, 1, 1, 1, 1, 1, 1, 1, 1, 1, 1, 1, 1, 1, 1, 1, 1, 1, 1, 1, 1, 1]]

means=tensor([1.5646e-04, 0.0000e+00, 0.0000e+00, 0.0000e+00, 1.6467e-04, 1.0619e-04,
        3.2854e-05, 3.8190e-05, 0.0000e+00, 0.0000e+00, 0.0000e+00, 1.1698e-03,
        3.3490e-04, 2.0283e-04, 1.2527e-05, 4.7178e-05, 4.0817e-05, 7.9524e-05,
        2.4233e-06, 2.2315e-05, 8.1872e-05, 1.0831e-04, 1.3007e-04, 5.9638e-05,
        9.4242e-06, 6.0201e-06, 7.5430e-05, 1.4120e-05, 1.2714e-05, 1.0521e-04,
        9.3998e-06, 7.8358e-05, 1.1052e-05, 4.4345e-05, 1.1954e-05, 7.0938e-05,
        7.9696e-05, 2.1483e-05, 6.9710e-05, 9.0217e-05, 1.2843e-04, 3.3841e-05,
        9.1953e-05, 9.3121e-05, 1.1864e-04, 4.7587e-05, 1.2895e-05, 2.5353e-05,
        2.7887e-05, 2.3825e-05, 7.2474e-06, 3.0667e-05, 4.6530e-05, 9.6155e-05,
        7.2602e-06, 2.5081e-05, 5.2016e-05, 9.0936e-06, 1.2654e-04, 6.4318e-05,
        5.1401e-05, 2.1713e-05, 5.4386e-06, 1.2601e-05, 5.1208e-05, 2.9523e-05,
        4.0400e-05, 7.8759e-05, 1.2107e-05, 3.1251e-05, 2.0667e-05, 2.5674e-05,
        1.5758e-05, 4.0113e-06, 4.6695e-05, 3.4874e-05, 4.2196e-06, 2.6555e-05,
        4.6068e-07, 3.0433e-05, 1.4516e-05, 7.5844e-07, 8.6244e-05, 4.4527e-05,
        4.8983e-05, 1.6786e-05, 6.5532e-05, 5.8397e-05, 1.3143e-05, 5.0153e-05,
        2.1060e-05, 7.9954e-05, 7.2334e-05, 1.7259e-04, 5.5363e-05, 1.2616e-04,
        1.6347e-04, 2.1929e-05, 6.1567e-05, 3.7693e-05, 1.7984e-05, 3.2000e-05,
        7.7795e-06, 3.9219e-05, 1.1956e-04, 7.7720e-05, 6.2083e-05, 3.4745e-05,
        3.3070e-05, 3.5715e-05, 5.6175e-05, 7.6943e-05, 4.7505e-05],
       grad_fn=<CatBackward>)

mean_overall=tensor(6.1633e-05, grad_fn=<MeanBackward0>)

-----------------------------------------------ITERATION250-----------------------------------------------

final_causality=[[1, 1, 1, 1, 1, 1, 1, 1, 1, 1, 1, 1, 1], [1, 1, 1, 1, 1, 1, 1, 1, 1, 1, 1, 1, 1, 1, 1, 1, 1, 1, 1, 1, 1, 1, 1, 1, 1, 1, 1, 1, 1, 1, 1, 1, 1, 1, 1, 1, 1, 1, 1, 1, 1, 1, 1, 1, 1, 1, 1, 1, 1, 1], [1, 1, 1, 1, 1, 1, 1, 1, 1, 1, 1, 1, 1, 1, 1, 1, 1, 1, 1, 1, 1, 1, 1, 1, 1, 1, 1, 1, 1, 1, 1, 1, 1, 1, 1, 1, 1, 1, 1, 1, 1, 1, 1, 1, 1, 1, 1, 1, 1, 1]]

means=tensor([1.6839e-04, 0.0000e+00, 0.0000e+00, 0.0000e+00, 1.8462e-04, 1.0333e-04,
        4.5815e-05, 4.4854e-05, 0.0000e+00, 0.0000e+00, 0.0000e+00, 1.2435e-03,
        3.7600e-04, 2.1422e-04, 1.2769e-05, 4.6468e-05, 4.2968e-05, 8.5364e-05,
        3.4234e-06, 2.4200e-05, 8.5099e-05, 1.1613e-04, 1.3726e-04, 6.2119e-05,
        1.0024e-05, 6.0526e-06, 7.8668e-05, 1.3122e-05, 1.1962e-05, 1.1053e-04,
        9.8750e-06, 7.9322e-05, 1.0268e-05, 4.3621e-05, 1.1804e-05, 7.4608e-05,
        8.5968e-05, 2.4453e-05, 7.2222e-05, 9.2527e-05, 1.3570e-04, 3.5465e-05,
        9.6748e-05, 9.4886e-05, 1.2231e-04, 5.0332e-05, 1.2291e-05, 2.6505e-05,
        3.0289e-05, 2.2895e-05, 7.6876e-06, 3.3931e-05, 4.9850e-05, 9.3750e-05,
        1.1742e-05, 2.7185e-05, 5.0097e-05, 8.9056e-06, 1.3268e-04, 6.5860e-05,
        5.2195e-05, 2.4334e-05, 5.8954e-06, 1.3092e-05, 5.5183e-05, 3.1462e-05,
        4.2165e-05, 8.2875e-05, 1.1845e-05, 3.3194e-05, 2.2204e-05, 2.6539e-05,
        1.6470e-05, 4.1058e-06, 4.9992e-05, 3.6667e-05, 4.2857e-06, 2.7580e-05,
        4.7886e-07, 3.0502e-05, 1.3649e-05, 8.2725e-07, 8.8013e-05, 4.7325e-05,
        5.1569e-05, 1.7332e-05, 6.6996e-05, 5.9439e-05, 1.4198e-05, 4.8858e-05,
        2.2088e-05, 8.4233e-05, 7.4605e-05, 1.8163e-04, 5.6131e-05, 1.3032e-04,
        1.7216e-04, 2.1174e-05, 6.4864e-05, 3.8413e-05, 1.6798e-05, 3.0098e-05,
        8.0506e-06, 3.7083e-05, 1.2460e-04, 8.1184e-05, 6.4139e-05, 3.7553e-05,
        3.1791e-05, 3.7150e-05, 6.0896e-05, 8.0124e-05, 4.9234e-05],
       grad_fn=<CatBackward>)

mean_overall=tensor(6.4816e-05, grad_fn=<MeanBackward0>)

-----------------------------------------------ITERATION260-----------------------------------------------

final_causality=[[1, 1, 1, 1, 1, 1, 1, 1, 1, 1, 1, 1, 1], [1, 1, 1, 1, 1, 1, 1, 1, 1, 1, 1, 1, 1, 1, 1, 1, 1, 1, 1, 1, 1, 1, 1, 1, 1, 1, 1, 1, 1, 1, 1, 1, 1, 1, 1, 1, 1, 1, 1, 1, 1, 1, 1, 1, 1, 1, 1, 1, 1, 1], [1, 1, 1, 1, 1, 1, 1, 1, 1, 1, 1, 1, 1, 1, 1, 1, 1, 1, 1, 1, 1, 1, 1, 1, 1, 1, 1, 1, 1, 1, 1, 1, 1, 1, 1, 1, 1, 1, 1, 1, 1, 1, 1, 1, 1, 1, 1, 1, 1, 1]]

means=tensor([1.8105e-04, 0.0000e+00, 0.0000e+00, 0.0000e+00, 2.0580e-04, 1.0022e-04,
        5.9850e-05, 5.1937e-05, 0.0000e+00, 0.0000e+00, 0.0000e+00, 1.3209e-03,
        4.1964e-04, 2.2636e-04, 1.3040e-05, 4.5787e-05, 4.5277e-05, 9.1689e-05,
        4.4337e-06, 2.6185e-05, 8.8477e-05, 1.2455e-04, 1.4490e-04, 6.4697e-05,
        1.0674e-05, 6.1079e-06, 8.2080e-05, 1.2171e-05, 1.1227e-05, 1.1644e-04,
        1.0394e-05, 8.0324e-05, 9.5526e-06, 4.2933e-05, 1.1671e-05, 7.8517e-05,
        9.2740e-05, 2.7835e-05, 7.4868e-05, 9.5129e-05, 1.4341e-04, 3.7211e-05,
        1.0184e-04, 9.6725e-05, 1.2639e-04, 5.3459e-05, 1.1711e-05, 2.7745e-05,
        3.2935e-05, 2.2007e-05, 8.1774e-06, 3.7617e-05, 5.3451e-05, 9.1373e-05,
        1.6306e-05, 2.9491e-05, 4.8232e-05, 8.7295e-06, 1.3919e-04, 6.7508e-05,
        5.3022e-05, 2.7264e-05, 6.4103e-06, 1.3727e-05, 5.9368e-05, 3.3487e-05,
        4.4015e-05, 8.7170e-05, 1.1585e-05, 3.5323e-05, 2.4014e-05, 2.7462e-05,
        1.7297e-05, 4.2128e-06, 5.3483e-05, 3.8570e-05, 4.3573e-06, 2.8691e-05,
        4.9922e-07, 3.0593e-05, 1.2744e-05, 9.1584e-07, 8.9878e-05, 5.0296e-05,
        5.4314e-05, 1.8599e-05, 6.8531e-05, 6.0549e-05, 1.5302e-05, 4.8372e-05,
        2.3192e-05, 8.9357e-05, 7.7553e-05, 1.9105e-04, 5.6951e-05, 1.3462e-04,
        1.8126e-04, 2.0393e-05, 6.8376e-05, 3.9354e-05, 1.5567e-05, 2.8100e-05,
        8.3370e-06, 3.7301e-05, 1.2997e-04, 8.5204e-05, 6.6344e-05, 4.1042e-05,
        3.0465e-05, 3.8711e-05, 6.5878e-05, 8.3565e-05, 5.1125e-05],
       grad_fn=<CatBackward>)

mean_overall=tensor(6.8272e-05, grad_fn=<MeanBackward0>)

-----------------------------------------------ITERATION270-----------------------------------------------

final_causality=[[1, 1, 1, 1, 1, 1, 1, 1, 1, 1, 1, 1, 1], [1, 1, 1, 1, 1, 1, 1, 1, 1, 1, 1, 1, 1, 1, 1, 1, 1, 1, 1, 1, 1, 1, 1, 1, 1, 1, 1, 1, 1, 1, 1, 1, 1, 1, 1, 1, 1, 1, 1, 1, 1, 1, 1, 1, 1, 1, 1, 1, 1, 1], [1, 1, 1, 1, 1, 1, 1, 1, 1, 1, 1, 1, 1, 1, 1, 1, 1, 1, 1, 1, 1, 1, 1, 1, 1, 1, 1, 1, 1, 1, 1, 1, 1, 1, 1, 1, 1, 1, 1, 1, 1, 1, 1, 1, 1, 1, 1, 1, 1, 1]]

means=tensor([1.9450e-04, 0.0000e+00, 0.0000e+00, 0.0000e+00, 2.2831e-04, 9.6798e-05,
        7.5059e-05, 5.9474e-05, 0.0000e+00, 0.0000e+00, 0.0000e+00, 1.4025e-03,
        4.6601e-04, 2.3928e-04, 1.3351e-05, 4.5134e-05, 4.7876e-05, 9.8534e-05,
        5.4561e-06, 2.8277e-05, 9.2011e-05, 1.3360e-04, 1.5324e-04, 6.7483e-05,
        1.1469e-05, 6.1878e-06, 8.5674e-05, 1.1263e-05, 1.0511e-05, 1.2271e-04,
        1.0959e-05, 8.1363e-05, 8.8604e-06, 4.2282e-05, 1.1556e-05, 8.2675e-05,
        1.0004e-04, 3.1675e-05, 7.7653e-05, 9.8099e-05, 1.5160e-04, 3.9087e-05,
        1.0725e-04, 9.8942e-05, 1.3099e-04, 5.6924e-05, 1.1157e-05, 2.9078e-05,
        3.5851e-05, 2.1161e-05, 8.7216e-06, 4.1698e-05, 5.7355e-05, 8.9025e-05,
        2.0964e-05, 3.2018e-05, 4.6421e-05, 8.5760e-06, 1.4610e-04, 6.9265e-05,
        5.3881e-05, 3.0534e-05, 6.9905e-06, 1.4417e-05, 6.3778e-05, 3.5666e-05,
        4.6342e-05, 9.1655e-05, 1.1311e-05, 3.7558e-05, 2.5924e-05, 2.8445e-05,
        1.8216e-05, 4.3342e-06, 5.7153e-05, 4.0588e-05, 4.4349e-06, 2.9893e-05,
        5.2200e-07, 3.0710e-05, 1.1798e-05, 1.0146e-06, 9.1844e-05, 5.3493e-05,
        5.7228e-05, 2.0161e-05, 7.0131e-05, 6.1730e-05, 1.6493e-05, 5.0386e-05,
        2.4378e-05, 9.5203e-05, 8.0744e-05, 2.0085e-04, 5.7824e-05, 1.3910e-04,
        1.9077e-04, 2.0833e-05, 7.2117e-05, 4.0621e-05, 1.5307e-05, 2.5992e-05,
        8.6740e-06, 3.8603e-05, 1.3571e-04, 8.9543e-05, 6.8709e-05, 4.4930e-05,
        2.9091e-05, 4.0404e-05, 7.1485e-05, 8.7281e-05, 5.3189e-05],
       grad_fn=<CatBackward>)

mean_overall=tensor(7.2036e-05, grad_fn=<MeanBackward0>)

-----------------------------------------------ITERATION280-----------------------------------------------

final_causality=[[1, 1, 1, 1, 1, 1, 1, 1, 1, 1, 1, 1, 1], [1, 1, 1, 1, 1, 1, 1, 1, 1, 1, 1, 1, 1, 1, 1, 1, 1, 1, 1, 1, 1, 1, 1, 1, 1, 1, 1, 1, 1, 1, 1, 1, 1, 1, 1, 1, 1, 1, 1, 1, 1, 1, 1, 1, 1, 1, 1, 1, 1, 1], [1, 1, 1, 1, 1, 1, 1, 1, 1, 1, 1, 1, 1, 1, 1, 1, 1, 1, 1, 1, 1, 1, 1, 1, 1, 1, 1, 1, 1, 1, 1, 1, 1, 1, 1, 1, 1, 1, 1, 1, 1, 1, 1, 1, 1, 1, 1, 1, 1, 1]]

means=tensor([2.0878e-04, 0.0000e+00, 0.0000e+00, 0.0000e+00, 2.5224e-04, 9.3030e-05,
        9.1543e-05, 6.7502e-05, 0.0000e+00, 0.0000e+00, 0.0000e+00, 1.4883e-03,
        5.1530e-04, 2.5303e-04, 1.4009e-05, 4.4512e-05, 5.0884e-05, 1.0593e-04,
        6.4927e-06, 3.0483e-05, 9.5709e-05, 1.4332e-04, 1.6236e-04, 7.0575e-05,
        1.2348e-05, 6.2941e-06, 8.9458e-05, 1.0397e-05, 9.8130e-06, 1.2934e-04,
        1.1575e-05, 8.2441e-05, 8.1909e-06, 4.1669e-05, 1.1459e-05, 8.7094e-05,
        1.0791e-04, 3.6029e-05, 8.0581e-05, 1.0121e-04, 1.6029e-04, 4.1101e-05,
        1.1299e-04, 1.0139e-04, 1.3583e-04, 6.0603e-05, 1.0627e-05, 3.0508e-05,
        3.9060e-05, 2.0451e-05, 9.3252e-06, 4.6206e-05, 6.1581e-05, 8.6711e-05,
        2.5733e-05, 3.4783e-05, 4.4666e-05, 8.4971e-06, 1.5342e-04, 7.1133e-05,
        5.4774e-05, 3.4177e-05, 7.6441e-06, 1.5155e-05, 6.8426e-05, 3.7975e-05,
        4.9540e-05, 9.6342e-05, 1.1021e-05, 3.9905e-05, 2.7941e-05, 2.9492e-05,
        1.9201e-05, 4.4717e-06, 6.1010e-05, 4.2726e-05, 4.5188e-06, 3.1198e-05,
        5.4745e-07, 3.0854e-05, 1.0807e-05, 1.1249e-06, 9.3916e-05, 5.6937e-05,
        6.0320e-05, 2.1823e-05, 7.2195e-05, 6.2987e-05, 1.7773e-05, 5.2555e-05,
        2.5894e-05, 1.0133e-04, 8.4126e-05, 2.1106e-04, 5.8755e-05, 1.4376e-04,
        2.0071e-04, 2.1802e-05, 7.6103e-05, 4.2124e-05, 1.5718e-05, 2.3759e-05,
        9.0542e-06, 4.0166e-05, 1.4184e-04, 9.4217e-05, 7.1245e-05, 4.9110e-05,
        2.7666e-05, 4.2236e-05, 7.7345e-05, 9.1285e-05, 5.5435e-05],
       grad_fn=<CatBackward>)

mean_overall=tensor(7.6078e-05, grad_fn=<MeanBackward0>)

-----------------------------------------------ITERATION290-----------------------------------------------

final_causality=[[1, 1, 1, 1, 1, 1, 1, 1, 1, 1, 1, 1, 1], [1, 1, 1, 1, 1, 1, 1, 1, 1, 1, 1, 1, 1, 1, 1, 1, 1, 1, 1, 1, 1, 1, 1, 1, 1, 1, 1, 1, 1, 1, 1, 1, 1, 1, 1, 1, 1, 1, 1, 1, 1, 1, 1, 1, 1, 1, 1, 1, 1, 1], [1, 1, 1, 1, 1, 1, 1, 1, 1, 1, 1, 1, 1, 1, 1, 1, 1, 1, 1, 1, 1, 1, 1, 1, 1, 1, 1, 1, 1, 1, 1, 1, 1, 1, 1, 1, 1, 1, 1, 1, 1, 1, 1, 1, 1, 1, 1, 1, 1, 1]]

means=tensor([2.2396e-04, 0.0000e+00, 0.0000e+00, 0.0000e+00, 2.7769e-04, 8.8860e-05,
        1.0941e-04, 7.6056e-05, 0.0000e+00, 0.0000e+00, 0.0000e+00, 1.5787e-03,
        5.6772e-04, 2.6764e-04, 1.4716e-05, 4.3921e-05, 5.4115e-05, 1.1393e-04,
        7.5458e-06, 3.2812e-05, 9.9578e-05, 1.5374e-04, 1.7212e-04, 7.3783e-05,
        1.3311e-05, 6.4289e-06, 9.3440e-05, 9.5709e-06, 9.1325e-06, 1.3636e-04,
        1.2245e-05, 8.3556e-05, 7.5434e-06, 4.1190e-05, 1.1379e-05, 9.1880e-05,
        1.1636e-04, 4.0950e-05, 8.3657e-05, 1.0501e-04, 1.6949e-04, 4.3262e-05,
        1.1907e-04, 1.0393e-04, 1.4091e-04, 6.4510e-05, 1.0122e-05, 3.2041e-05,
        4.2590e-05, 1.9783e-05, 9.9937e-06, 5.1175e-05, 6.6153e-05, 8.4432e-05,
        3.0630e-05, 3.7807e-05, 4.2966e-05, 8.4288e-06, 1.6118e-04, 7.3116e-05,
        5.5702e-05, 3.8229e-05, 8.3798e-06, 1.5966e-05, 7.3325e-05, 4.0394e-05,
        5.3955e-05, 1.0124e-04, 1.0716e-05, 4.2371e-05, 3.0075e-05, 3.0609e-05,
        2.0257e-05, 4.6272e-06, 6.5066e-05, 4.5329e-05, 4.6096e-06, 3.2722e-05,
        5.7585e-07, 3.1028e-05, 9.7680e-06, 1.2481e-06, 9.6099e-05, 6.0593e-05,
        6.3600e-05, 2.3594e-05, 7.4466e-05, 6.4321e-05, 1.9118e-05, 5.4890e-05,
        2.7616e-05, 1.0776e-04, 8.7711e-05, 2.2168e-04, 5.9744e-05, 1.4878e-04,
        2.1109e-04, 2.2829e-05, 8.0350e-05, 4.3897e-05, 1.6158e-05, 2.1387e-05,
        9.4572e-06, 4.2324e-05, 1.4837e-04, 9.9242e-05, 7.3964e-05, 5.3576e-05,
        2.8778e-05, 4.4216e-05, 8.3472e-05, 9.5593e-05, 5.7873e-05],
       grad_fn=<CatBackward>)

mean_overall=tensor(8.0431e-05, grad_fn=<MeanBackward0>)

-----------------------------------------------ITERATION300-----------------------------------------------

final_causality=[[1, 1, 1, 1, 1, 1, 1, 1, 1, 1, 1, 1, 1], [1, 1, 1, 1, 1, 1, 1, 1, 1, 1, 1, 1, 1, 1, 1, 1, 1, 1, 1, 1, 1, 1, 1, 1, 1, 1, 1, 1, 1, 1, 1, 1, 1, 1, 1, 1, 1, 1, 1, 1, 1, 1, 1, 1, 1, 1, 1, 1, 1, 1], [1, 1, 1, 1, 1, 1, 1, 1, 1, 1, 1, 1, 1, 1, 1, 1, 1, 1, 1, 1, 1, 1, 1, 1, 1, 1, 1, 1, 1, 1, 1, 1, 1, 1, 1, 1, 1, 1, 1, 1, 1, 1, 1, 1, 1, 1, 1, 1, 1, 1]]

means=tensor([2.4009e-04, 0.0000e+00, 0.0000e+00, 0.0000e+00, 3.0476e-04, 8.4231e-05,
        1.2878e-04, 8.5176e-05, 0.0000e+00, 0.0000e+00, 0.0000e+00, 1.6739e-03,
        6.2349e-04, 2.8315e-04, 1.5477e-05, 4.3420e-05, 5.7582e-05, 1.2255e-04,
        8.6178e-06, 3.5272e-05, 1.0362e-04, 1.6490e-04, 1.8250e-04, 7.7112e-05,
        1.4363e-05, 6.5943e-06, 9.7630e-05, 8.7830e-06, 8.4694e-06, 1.4377e-04,
        1.2974e-05, 8.4709e-05, 6.9171e-06, 4.0968e-05, 1.1317e-05, 9.7091e-05,
        1.2544e-04, 4.6500e-05, 8.6886e-05, 1.0912e-04, 1.7924e-04, 4.5578e-05,
        1.2551e-04, 1.0657e-04, 1.4625e-04, 6.8657e-05, 9.6412e-06, 3.3682e-05,
        4.6468e-05, 1.9151e-05, 1.0733e-05, 5.6640e-05, 7.1093e-05, 8.2189e-05,
        3.5671e-05, 4.1108e-05, 4.1323e-05, 8.3716e-06, 1.6938e-04, 7.5215e-05,
        5.6665e-05, 4.2725e-05, 9.2074e-06, 1.6872e-05, 7.8490e-05, 4.3020e-05,
        5.8789e-05, 1.0637e-04, 1.0394e-05, 4.5297e-05, 3.2349e-05, 3.1799e-05,
        2.1387e-05, 4.8028e-06, 6.9330e-05, 4.8401e-05, 4.7077e-06, 3.4366e-05,
        6.0835e-07, 3.1791e-05, 9.5768e-06, 1.3857e-06, 9.8398e-05, 6.4474e-05,
        6.7097e-05, 2.5532e-05, 7.6842e-05, 6.5738e-05, 2.0533e-05, 5.7402e-05,
        2.9462e-05, 1.1449e-04, 9.1511e-05, 2.3273e-04, 6.0795e-05, 1.5522e-04,
        2.2193e-04, 2.4291e-05, 8.4873e-05, 4.5830e-05, 1.7656e-05, 1.8859e-05,
        9.8986e-06, 4.4583e-05, 1.5533e-04, 1.0463e-04, 7.6878e-05, 5.8312e-05,
        3.3167e-05, 4.6351e-05, 8.9883e-05, 1.0022e-04, 6.0514e-05],
       grad_fn=<CatBackward>)

mean_overall=tensor(8.5137e-05, grad_fn=<MeanBackward0>)

-----------------------------------------------ITERATION310-----------------------------------------------

final_causality=[[1, 1, 1, 1, 1, 1, 1, 1, 1, 1, 1, 1, 1], [1, 1, 1, 1, 1, 1, 1, 1, 1, 1, 1, 1, 1, 1, 1, 1, 1, 1, 1, 1, 1, 1, 1, 1, 1, 1, 1, 1, 1, 1, 1, 1, 1, 1, 1, 1, 1, 1, 1, 1, 1, 1, 1, 1, 1, 1, 1, 1, 1, 1], [1, 1, 1, 1, 1, 1, 1, 1, 1, 1, 1, 1, 1, 1, 1, 1, 1, 1, 1, 1, 1, 1, 1, 1, 1, 1, 1, 1, 1, 1, 1, 1, 1, 1, 1, 1, 1, 1, 1, 1, 1, 1, 1, 1, 1, 1, 1, 1, 1, 1]]

means=tensor([2.5723e-04, 0.0000e+00, 0.0000e+00, 0.0000e+00, 3.3356e-04, 7.9081e-05,
        1.4977e-04, 9.4901e-05, 0.0000e+00, 0.0000e+00, 0.0000e+00, 1.7741e-03,
        6.8280e-04, 2.9961e-04, 1.6296e-05, 4.2981e-05, 6.1301e-05, 1.3184e-04,
        9.7112e-06, 3.7872e-05, 1.0786e-04, 1.7684e-04, 1.9350e-04, 8.0565e-05,
        1.5513e-05, 6.7927e-06, 1.0204e-04, 8.0309e-06, 7.8232e-06, 1.5159e-04,
        1.3765e-05, 8.5900e-05, 6.3112e-06, 4.0787e-05, 1.1404e-05, 1.0262e-04,
        1.3517e-04, 5.2742e-05, 9.0271e-05, 1.1342e-04, 1.8954e-04, 4.8057e-05,
        1.3233e-04, 1.0931e-04, 1.5185e-04, 7.3057e-05, 9.2946e-06, 3.5437e-05,
        5.0724e-05, 1.8558e-05, 1.1549e-05, 6.2636e-05, 7.6425e-05, 7.9987e-05,
        4.0877e-05, 4.4708e-05, 3.9738e-05, 8.3255e-06, 1.7806e-04, 7.7431e-05,
        5.7663e-05, 4.7705e-05, 1.0138e-05, 1.7840e-05, 8.3934e-05, 4.5860e-05,
        6.3892e-05, 1.1173e-04, 1.0054e-05, 4.8523e-05, 3.4773e-05, 3.3094e-05,
        2.2599e-05, 5.0009e-06, 7.3814e-05, 5.1657e-05, 4.8135e-06, 3.6135e-05,
        6.6888e-07, 3.2928e-05, 9.7274e-06, 1.5394e-06, 1.0116e-04, 6.8592e-05,
        7.0966e-05, 2.7879e-05, 7.9327e-05, 6.7292e-05, 2.2129e-05, 6.0103e-05,
        3.1439e-05, 1.2155e-04, 9.5536e-05, 2.4423e-04, 6.1910e-05, 1.6196e-04,
        2.3324e-04, 2.6847e-05, 8.9687e-05, 4.7927e-05, 2.0400e-05, 1.6160e-05,
        1.0555e-05, 4.6948e-05, 1.6273e-04, 1.1040e-04, 7.9999e-05, 6.3330e-05,
        3.7878e-05, 4.8648e-05, 9.6599e-05, 1.0517e-04, 6.3366e-05],
       grad_fn=<CatBackward>)

mean_overall=tensor(9.0177e-05, grad_fn=<MeanBackward0>)

-----------------------------------------------ITERATION320-----------------------------------------------

final_causality=[[1, 1, 1, 1, 1, 1, 1, 1, 1, 1, 1, 1, 1], [1, 1, 1, 1, 1, 1, 1, 1, 1, 1, 1, 1, 1, 1, 1, 1, 1, 1, 1, 1, 1, 1, 1, 1, 1, 1, 1, 1, 1, 1, 1, 1, 1, 1, 1, 1, 1, 1, 1, 1, 1, 1, 1, 1, 1, 1, 1, 1, 1, 1], [1, 1, 1, 1, 1, 1, 1, 1, 1, 1, 1, 1, 1, 1, 1, 1, 1, 1, 1, 1, 1, 1, 1, 1, 1, 1, 1, 1, 1, 1, 1, 1, 1, 1, 1, 1, 1, 1, 1, 1, 1, 1, 1, 1, 1, 1, 1, 1, 1, 1]]

means=tensor([2.7545e-04, 0.0000e+00, 0.0000e+00, 0.0000e+00, 3.6419e-04, 7.3342e-05,
        1.7249e-04, 1.0527e-04, 0.0000e+00, 0.0000e+00, 0.0000e+00, 1.8795e-03,
        7.4589e-04, 3.1705e-04, 1.7177e-05, 4.2575e-05, 6.5287e-05, 1.4185e-04,
        1.0828e-05, 4.0621e-05, 1.1228e-04, 1.8959e-04, 2.0516e-04, 8.4146e-05,
        1.6771e-05, 7.0265e-06, 1.0666e-04, 7.3122e-06, 7.1937e-06, 1.5985e-04,
        1.4623e-05, 8.7128e-05, 5.7248e-06, 4.0648e-05, 1.1825e-05, 1.0849e-04,
        1.4558e-04, 5.9741e-05, 9.3815e-05, 1.1791e-04, 2.0043e-04, 5.0708e-05,
        1.3954e-04, 1.1214e-04, 1.5772e-04, 7.7721e-05, 8.9798e-06, 3.7311e-05,
        5.5390e-05, 1.8003e-05, 1.2448e-05, 6.9198e-05, 8.2171e-05, 7.7825e-05,
        4.6264e-05, 4.8626e-05, 3.8209e-05, 8.2909e-06, 1.8722e-04, 7.9767e-05,
        5.8829e-05, 5.3208e-05, 1.1182e-05, 1.8874e-05, 8.9670e-05, 4.8844e-05,
        6.9276e-05, 1.1797e-04, 9.6963e-06, 5.2037e-05, 3.7371e-05, 3.4900e-05,
        2.3896e-05, 5.2240e-06, 7.8525e-05, 5.5105e-05, 4.9274e-06, 3.8037e-05,
        7.3928e-07, 3.4207e-05, 9.8842e-06, 1.7113e-06, 1.0552e-04, 7.2959e-05,
        7.5065e-05, 3.0386e-05, 8.2001e-05, 6.9838e-05, 2.3899e-05, 6.3004e-05,
        3.3554e-05, 1.2895e-04, 9.9799e-05, 2.5620e-04, 6.3091e-05, 1.6902e-04,
        2.4502e-04, 2.9537e-05, 9.4808e-05, 5.0177e-05, 2.3293e-05, 1.3821e-05,
        1.1254e-05, 4.9424e-05, 1.7061e-04, 1.1656e-04, 8.3543e-05, 6.8643e-05,
        4.2842e-05, 5.1115e-05, 1.0372e-04, 1.1047e-04, 6.6440e-05],
       grad_fn=<CatBackward>)

mean_overall=tensor(9.5572e-05, grad_fn=<MeanBackward0>)

-----------------------------------------------ITERATION330-----------------------------------------------

final_causality=[[1, 1, 1, 1, 1, 1, 1, 1, 1, 1, 1, 1, 1], [1, 1, 1, 1, 1, 1, 1, 1, 1, 1, 1, 1, 1, 1, 1, 1, 1, 1, 1, 1, 1, 1, 1, 1, 1, 1, 1, 1, 1, 1, 1, 1, 1, 1, 1, 1, 1, 1, 1, 1, 1, 1, 1, 1, 1, 1, 1, 1, 1, 1], [1, 1, 1, 1, 1, 1, 1, 1, 1, 1, 1, 1, 1, 1, 1, 1, 1, 1, 1, 1, 1, 1, 1, 1, 1, 1, 1, 1, 1, 1, 1, 1, 1, 1, 1, 1, 1, 1, 1, 1, 1, 1, 1, 1, 1, 1, 1, 1, 1, 1]]

means=tensor([2.9479e-04, 0.0000e+00, 0.0000e+00, 0.0000e+00, 3.9676e-04, 6.6941e-05,
        1.9709e-04, 1.1632e-04, 0.0000e+00, 0.0000e+00, 0.0000e+00, 1.9903e-03,
        8.1296e-04, 3.3551e-04, 1.8125e-05, 4.2204e-05, 6.9555e-05, 1.5260e-04,
        1.1972e-05, 4.3526e-05, 1.1690e-04, 2.0319e-04, 2.1749e-04, 8.7858e-05,
        1.8143e-05, 7.2985e-06, 1.1152e-04, 6.6246e-06, 6.5804e-06, 1.6854e-04,
        1.5551e-05, 8.8391e-05, 5.1572e-06, 4.0553e-05, 1.2321e-05, 1.1470e-04,
        1.5670e-04, 6.7566e-05, 9.7520e-05, 1.2259e-04, 2.1191e-04, 5.3578e-05,
        1.4715e-04, 1.1507e-04, 1.6387e-04, 8.2663e-05, 8.6798e-06, 3.9582e-05,
        6.0495e-05, 1.7487e-05, 1.3438e-05, 7.6360e-05, 8.8355e-05, 7.5706e-05,
        5.1852e-05, 5.2883e-05, 3.6737e-05, 8.2678e-06, 1.9690e-04, 8.2221e-05,
        6.0214e-05, 5.9273e-05, 1.2353e-05, 2.0100e-05, 9.5711e-05, 5.2123e-05,
        7.4955e-05, 1.2507e-04, 9.3200e-06, 5.5949e-05, 4.0123e-05, 3.6921e-05,
        2.5284e-05, 5.4746e-06, 8.3474e-05, 5.8752e-05, 5.0499e-06, 4.0079e-05,
        8.1845e-07, 3.5926e-05, 1.0047e-05, 1.9137e-06, 1.1014e-04, 7.7588e-05,
        8.0338e-05, 3.3062e-05, 8.5839e-05, 7.2613e-05, 2.5766e-05, 6.7178e-05,
        3.5858e-05, 1.3669e-04, 1.0431e-04, 2.6866e-04, 6.4339e-05, 1.7641e-04,
        2.5729e-04, 3.2371e-05, 1.0025e-04, 5.2701e-05, 2.6343e-05, 1.5043e-05,
        1.2000e-05, 5.2015e-05, 1.7898e-04, 1.2313e-04, 8.7660e-05, 7.4263e-05,
        4.8078e-05, 5.3760e-05, 1.1118e-04, 1.1613e-04, 6.9746e-05],
       grad_fn=<CatBackward>)

mean_overall=tensor(0.0001, grad_fn=<MeanBackward0>)

-----------------------------------------------ITERATION340-----------------------------------------------

final_causality=[[1, 1, 1, 1, 1, 1, 1, 1, 1, 1, 1, 1, 1], [1, 1, 1, 1, 1, 1, 1, 1, 1, 1, 1, 1, 1, 1, 1, 1, 1, 1, 1, 1, 1, 1, 1, 1, 1, 1, 1, 1, 1, 1, 1, 1, 1, 1, 1, 1, 1, 1, 1, 1, 1, 1, 1, 1, 1, 1, 1, 1, 1, 1], [1, 1, 1, 1, 1, 1, 1, 1, 1, 1, 1, 1, 1, 1, 1, 1, 1, 1, 1, 1, 1, 1, 1, 1, 1, 1, 1, 1, 1, 1, 1, 1, 1, 1, 1, 1, 1, 1, 1, 1, 1, 1, 1, 1, 1, 1, 1, 1, 1, 1]]

means=tensor([3.1532e-04, 0.0000e+00, 0.0000e+00, 0.0000e+00, 4.3136e-04, 5.9801e-05,
        2.2368e-04, 1.2810e-04, 0.0000e+00, 0.0000e+00, 0.0000e+00, 2.1067e-03,
        8.8422e-04, 3.5504e-04, 1.9144e-05, 4.1867e-05, 7.4121e-05, 1.6415e-04,
        1.3144e-05, 4.6597e-05, 1.2172e-04, 2.1766e-04, 2.3050e-04, 9.1705e-05,
        1.9640e-05, 7.6116e-06, 1.1662e-04, 5.9657e-06, 5.9831e-06, 1.7768e-04,
        1.6555e-05, 8.9688e-05, 4.6075e-06, 4.0501e-05, 1.3088e-05, 1.2126e-04,
        1.6856e-04, 7.6286e-05, 1.0139e-04, 1.2747e-04, 2.2401e-04, 5.6732e-05,
        1.5518e-04, 1.1810e-04, 1.7029e-04, 8.7895e-05, 8.3945e-06, 4.2304e-05,
        6.6074e-05, 1.7011e-05, 1.4525e-05, 8.4154e-05, 9.5000e-05, 7.3633e-05,
        5.7659e-05, 5.7501e-05, 3.5322e-05, 8.2565e-06, 2.0710e-04, 8.4794e-05,
        6.2034e-05, 6.5941e-05, 1.3664e-05, 2.1438e-05, 1.0207e-04, 5.6059e-05,
        8.1049e-05, 1.3249e-04, 8.9245e-06, 6.0068e-05, 4.3073e-05, 3.9078e-05,
        2.6769e-05, 5.7557e-06, 8.8669e-05, 6.2605e-05, 5.1815e-06, 4.2266e-05,
        9.0749e-07, 3.9602e-05, 1.0217e-05, 2.1444e-06, 1.1504e-04, 8.2491e-05,
        8.6134e-05, 3.5917e-05, 8.9861e-05, 7.5566e-05, 2.7736e-05, 7.4530e-05,
        3.8653e-05, 1.4480e-04, 1.0908e-04, 2.8161e-04, 6.5655e-05, 1.8415e-04,
        2.7006e-04, 3.5357e-05, 1.0602e-04, 5.5358e-05, 2.9558e-05, 1.6671e-05,
        1.2982e-05, 5.4722e-05, 1.8785e-04, 1.3012e-04, 9.2066e-05, 8.0201e-05,
        5.3598e-05, 5.6589e-05, 1.1898e-04, 1.2216e-04, 7.3293e-05],
       grad_fn=<CatBackward>)

mean_overall=tensor(0.0001, grad_fn=<MeanBackward0>)

-----------------------------------------------ITERATION350-----------------------------------------------

final_causality=[[1, 1, 1, 1, 1, 1, 1, 1, 1, 1, 1, 1, 1], [1, 1, 1, 1, 1, 1, 1, 1, 1, 1, 1, 1, 1, 1, 1, 1, 1, 1, 1, 1, 1, 1, 1, 1, 1, 1, 1, 1, 1, 1, 1, 1, 1, 1, 1, 1, 1, 1, 1, 1, 1, 1, 1, 1, 1, 1, 1, 1, 1, 1], [1, 1, 1, 1, 1, 1, 1, 1, 1, 1, 1, 1, 1, 1, 1, 1, 1, 1, 1, 1, 1, 1, 1, 1, 1, 1, 1, 1, 1, 1, 1, 1, 1, 1, 1, 1, 1, 1, 1, 1, 1, 1, 1, 1, 1, 1, 1, 1, 1, 1]]

means=tensor([3.3710e-04, 0.0000e+00, 0.0000e+00, 0.0000e+00, 4.6809e-04, 5.1837e-05,
        2.5240e-04, 1.4064e-04, 0.0000e+00, 0.0000e+00, 0.0000e+00, 2.2288e-03,
        9.5988e-04, 3.7566e-04, 2.0240e-05, 4.1567e-05, 7.9000e-05, 1.7652e-04,
        1.4348e-05, 4.9842e-05, 1.2676e-04, 2.3304e-04, 2.4423e-04, 9.5690e-05,
        2.1271e-05, 7.9689e-06, 1.2196e-04, 5.3330e-06, 5.4015e-06, 1.8729e-04,
        1.7637e-05, 9.1018e-05, 4.0750e-06, 4.0494e-05, 1.3902e-05, 1.2818e-04,
        1.8116e-04, 8.5973e-05, 1.0542e-04, 1.3255e-04, 2.3674e-04, 6.0094e-05,
        1.6364e-04, 1.2123e-04, 1.7699e-04, 9.3426e-05, 8.1239e-06, 4.5233e-05,
        7.2158e-05, 1.6576e-05, 1.5718e-05, 9.2611e-05, 1.0213e-04, 7.1606e-05,
        6.3704e-05, 6.2497e-05, 3.3964e-05, 8.2988e-06, 2.1784e-04, 8.7483e-05,
        6.3937e-05, 7.3252e-05, 1.5129e-05, 2.2864e-05, 1.0875e-04, 6.0195e-05,
        8.7929e-05, 1.4025e-04, 8.5096e-06, 6.4404e-05, 4.6201e-05, 4.1378e-05,
        2.8356e-05, 6.0760e-06, 9.4118e-05, 6.6668e-05, 5.3225e-06, 4.4606e-05,
        1.0076e-06, 4.3613e-05, 1.1164e-05, 2.4028e-06, 1.2023e-04, 8.7680e-05,
        9.2267e-05, 3.8958e-05, 9.4072e-05, 7.8702e-05, 2.9815e-05, 8.2308e-05,
        4.1635e-05, 1.5327e-04, 1.1412e-04, 2.9507e-04, 6.7040e-05, 1.9226e-04,
        2.8334e-04, 3.8503e-05, 1.1215e-04, 5.8151e-05, 3.2947e-05, 1.8615e-05,
        1.4051e-05, 5.7734e-05, 1.9724e-04, 1.3754e-04, 9.6773e-05, 8.6466e-05,
        5.9419e-05, 5.9610e-05, 1.2715e-04, 1.2858e-04, 7.7088e-05],
       grad_fn=<CatBackward>)

mean_overall=tensor(0.0001, grad_fn=<MeanBackward0>)

-----------------------------------------------ITERATION360-----------------------------------------------

final_causality=[[1, 1, 1, 1, 1, 1, 1, 1, 1, 1, 1, 1, 1], [1, 1, 1, 1, 1, 1, 1, 1, 1, 1, 1, 1, 1, 1, 1, 1, 1, 1, 1, 1, 1, 1, 1, 1, 1, 1, 1, 1, 1, 1, 1, 1, 1, 1, 1, 1, 1, 1, 1, 1, 1, 1, 1, 1, 1, 1, 1, 1, 1, 1], [1, 1, 1, 1, 1, 1, 1, 1, 1, 1, 1, 1, 1, 1, 1, 1, 1, 1, 1, 1, 1, 1, 1, 1, 1, 1, 1, 1, 1, 1, 1, 1, 1, 1, 1, 1, 1, 1, 1, 1, 1, 1, 1, 1, 1, 1, 1, 1, 1, 1]]

means=tensor([3.6017e-04, 0.0000e+00, 0.0000e+00, 0.0000e+00, 5.0705e-04, 4.2963e-05,
        2.8337e-04, 1.5397e-04, 0.0000e+00, 0.0000e+00, 0.0000e+00, 2.3569e-03,
        1.0401e-03, 3.9740e-04, 2.1417e-05, 4.1305e-05, 8.4206e-05, 1.8977e-04,
        1.5643e-05, 5.3270e-05, 1.3202e-04, 2.4935e-04, 2.5868e-04, 9.9814e-05,
        2.3046e-05, 8.3740e-06, 1.2755e-04, 4.7240e-06, 4.8355e-06, 1.9737e-04,
        1.8802e-05, 9.2377e-05, 3.5591e-06, 4.0533e-05, 1.4766e-05, 1.3547e-04,
        1.9454e-04, 9.6697e-05, 1.0962e-04, 1.3782e-04, 2.5011e-04, 6.3673e-05,
        1.7253e-04, 1.2445e-04, 1.8519e-04, 9.9268e-05, 7.8680e-06, 4.8812e-05,
        7.8780e-05, 1.6183e-05, 1.7024e-05, 1.0176e-04, 1.0976e-04, 6.9626e-05,
        7.0004e-05, 6.7893e-05, 3.2661e-05, 8.4071e-06, 2.2913e-04, 9.0287e-05,
        6.5891e-05, 8.1245e-05, 1.6764e-05, 2.4383e-05, 1.1577e-04, 6.4541e-05,
        9.5176e-05, 1.4836e-04, 8.1024e-06, 6.8995e-05, 4.9511e-05, 4.3829e-05,
        3.0050e-05, 6.4350e-06, 9.9827e-05, 7.0948e-05, 5.4733e-06, 4.7127e-05,
        1.1203e-06, 4.7973e-05, 1.2777e-05, 2.6921e-06, 1.2572e-04, 9.3166e-05,
        9.8800e-05, 4.2191e-05, 9.8477e-05, 8.2025e-05, 3.2010e-05, 9.0733e-05,
        4.4812e-05, 1.6212e-04, 1.1943e-04, 3.0905e-04, 6.9627e-05, 2.0076e-04,
        2.9712e-04, 4.1817e-05, 1.1863e-04, 6.1085e-05, 3.6914e-05, 2.2463e-05,
        1.5193e-05, 6.2580e-05, 2.0717e-04, 1.4539e-04, 1.0180e-04, 9.3066e-05,
        6.5554e-05, 6.2829e-05, 1.3569e-04, 1.3538e-04, 8.1141e-05],
       grad_fn=<CatBackward>)

mean_overall=tensor(0.0001, grad_fn=<MeanBackward0>)

-----------------------------------------------ITERATION370-----------------------------------------------

final_causality=[[1, 1, 1, 1, 1, 1, 1, 1, 1, 1, 1, 1, 1], [1, 1, 1, 1, 1, 1, 1, 1, 1, 1, 1, 1, 1, 1, 1, 1, 1, 1, 1, 1, 1, 1, 1, 1, 1, 1, 1, 1, 1, 1, 1, 1, 1, 1, 1, 1, 1, 1, 1, 1, 1, 1, 1, 1, 1, 1, 1, 1, 1, 1], [1, 1, 1, 1, 1, 1, 1, 1, 1, 1, 1, 1, 1, 1, 1, 1, 1, 1, 1, 1, 1, 1, 1, 1, 1, 1, 1, 1, 1, 1, 1, 1, 1, 1, 1, 1, 1, 1, 1, 1, 1, 1, 1, 1, 1, 1, 1, 1, 1, 1]]

means=tensor([3.8459e-04, 0.0000e+00, 0.0000e+00, 0.0000e+00, 5.4832e-04, 3.3087e-05,
        3.1671e-04, 1.6814e-04, 0.0000e+00, 0.0000e+00, 0.0000e+00, 2.4908e-03,
        1.1251e-03, 4.2029e-04, 2.2679e-05, 4.1080e-05, 8.9754e-05, 2.0392e-04,
        1.6998e-05, 5.6887e-05, 1.3749e-04, 2.6661e-04, 2.7386e-04, 1.0408e-04,
        2.4974e-05, 8.8303e-06, 1.3340e-04, 4.1363e-06, 4.2849e-06, 2.0793e-04,
        2.0054e-05, 9.3764e-05, 3.0591e-06, 4.0618e-05, 1.5685e-05, 1.4313e-04,
        2.0871e-04, 1.0853e-04, 1.1398e-04, 1.4328e-04, 2.6414e-04, 6.7474e-05,
        1.8186e-04, 1.2776e-04, 1.9411e-04, 1.0543e-04, 7.6268e-06, 5.2655e-05,
        8.5972e-05, 1.5831e-05, 1.8451e-05, 1.1162e-04, 1.1792e-04, 6.7697e-05,
        7.6575e-05, 7.3704e-05, 3.1413e-05, 8.5276e-06, 2.4100e-04, 9.3199e-05,
        6.7895e-05, 8.9958e-05, 1.8582e-05, 2.5999e-05, 1.2314e-04, 6.9104e-05,
        1.0280e-04, 1.5682e-04, 8.1078e-06, 7.3928e-05, 5.3012e-05, 4.6438e-05,
        3.1857e-05, 6.8343e-06, 1.0580e-04, 7.5895e-05, 5.6343e-06, 4.9826e-05,
        1.2469e-06, 5.2693e-05, 1.4535e-05, 3.0156e-06, 1.3151e-04, 9.8960e-05,
        1.0646e-04, 4.5621e-05, 1.0308e-04, 8.5537e-05, 3.4329e-05, 9.9632e-05,
        4.8190e-05, 1.7135e-04, 1.2503e-04, 3.2355e-04, 7.2515e-05, 2.0964e-04,
        3.1141e-04, 4.5307e-05, 1.2547e-04, 6.4165e-05, 4.1481e-05, 2.6556e-05,
        1.6412e-05, 6.7667e-05, 2.1764e-04, 1.5369e-04, 1.0715e-04, 1.0000e-04,
        7.2014e-05, 6.6253e-05, 1.4461e-04, 1.4258e-04, 8.5456e-05],
       grad_fn=<CatBackward>)

mean_overall=tensor(0.0001, grad_fn=<MeanBackward0>)

-----------------------------------------------ITERATION380-----------------------------------------------

final_causality=[[1, 1, 1, 1, 1, 1, 1, 1, 1, 1, 1, 1, 1], [1, 1, 1, 1, 1, 1, 1, 1, 1, 1, 1, 1, 1, 1, 1, 1, 1, 1, 1, 1, 1, 1, 1, 1, 1, 1, 1, 1, 1, 1, 1, 1, 1, 1, 1, 1, 1, 1, 1, 1, 1, 1, 1, 1, 1, 1, 1, 1, 1, 1], [1, 1, 1, 1, 1, 1, 1, 1, 1, 1, 1, 1, 1, 1, 1, 1, 1, 1, 1, 1, 1, 1, 1, 1, 1, 1, 1, 1, 1, 1, 1, 1, 1, 1, 1, 1, 1, 1, 1, 1, 1, 1, 1, 1, 1, 1, 1, 1, 1, 1]]

means=tensor([4.1041e-04, 0.0000e+00, 0.0000e+00, 0.0000e+00, 5.9198e-04, 2.2114e-05,
        3.5255e-04, 1.8317e-04, 0.0000e+00, 0.0000e+00, 0.0000e+00, 2.6308e-03,
        1.2151e-03, 4.4436e-04, 2.4031e-05, 4.0895e-05, 9.5656e-05, 2.1901e-04,
        1.8408e-05, 6.0701e-05, 1.4319e-04, 2.8483e-04, 2.8979e-04, 1.0849e-04,
        2.7063e-05, 9.3420e-06, 1.3949e-04, 3.5673e-06, 3.7498e-06, 2.1897e-04,
        2.1396e-05, 9.5373e-05, 2.5746e-06, 4.0750e-05, 1.6663e-05, 1.5136e-04,
        2.2368e-04, 1.2153e-04, 1.1849e-04, 1.4894e-04, 2.7882e-04, 7.1503e-05,
        1.9165e-04, 1.3115e-04, 2.0373e-04, 1.1192e-04, 7.4002e-06, 5.6775e-05,
        9.3767e-05, 1.5521e-05, 2.0007e-05, 1.2223e-04, 1.2661e-04, 6.5818e-05,
        8.3431e-05, 7.9947e-05, 3.0220e-05, 8.6607e-06, 2.5344e-04, 9.6217e-05,
        6.9948e-05, 9.9427e-05, 2.0600e-05, 2.7714e-05, 1.3085e-04, 7.3891e-05,
        1.1080e-04, 1.6565e-04, 8.3384e-06, 7.9111e-05, 5.6710e-05, 4.9213e-05,
        3.3780e-05, 7.2772e-06, 1.1205e-04, 8.1239e-05, 5.8058e-06, 5.2697e-05,
        1.3891e-06, 5.7786e-05, 1.6554e-05, 3.3771e-06, 1.3867e-04, 1.0507e-04,
        1.1455e-04, 4.9252e-05, 1.0832e-04, 8.9409e-05, 3.6776e-05, 1.0899e-04,
        5.2179e-05, 1.8097e-04, 1.3092e-04, 3.3858e-04, 7.5575e-05, 2.1892e-04,
        3.2620e-04, 4.8977e-05, 1.3268e-04, 6.7395e-05, 4.6277e-05, 3.0900e-05,
        1.7712e-05, 7.3000e-05, 2.2868e-04, 1.6243e-04, 1.1284e-04, 1.0729e-04,
        7.8808e-05, 6.9885e-05, 1.5392e-04, 1.5020e-04, 9.0041e-05],
       grad_fn=<CatBackward>)

mean_overall=tensor(0.0001, grad_fn=<MeanBackward0>)

-----------------------------------------------ITERATION390-----------------------------------------------

final_causality=[[1, 1, 1, 1, 1, 1, 1, 1, 1, 1, 1, 1, 1], [1, 1, 1, 1, 1, 1, 1, 1, 1, 1, 1, 1, 1, 1, 1, 1, 1, 1, 1, 1, 1, 1, 1, 1, 1, 1, 1, 1, 1, 1, 1, 1, 1, 1, 1, 1, 1, 1, 1, 1, 1, 1, 1, 1, 1, 1, 1, 1, 1, 1], [1, 1, 1, 1, 1, 1, 1, 1, 1, 1, 1, 1, 1, 1, 1, 1, 1, 1, 1, 1, 1, 1, 1, 1, 1, 1, 1, 1, 1, 1, 1, 1, 1, 1, 1, 1, 1, 1, 1, 1, 1, 1, 1, 1, 1, 1, 1, 1, 1, 1]]

means=tensor([4.3766e-04, 0.0000e+00, 0.0000e+00, 0.0000e+00, 6.3808e-04, 9.9466e-06,
        3.9100e-04, 1.9909e-04, 0.0000e+00, 0.0000e+00, 0.0000e+00, 2.7767e-03,
        1.3101e-03, 4.6961e-04, 2.5478e-05, 4.0750e-05, 1.0192e-04, 2.3506e-04,
        1.9874e-05, 6.4718e-05, 1.4912e-04, 3.0403e-04, 3.0645e-04, 1.1303e-04,
        2.9324e-05, 9.9130e-06, 1.4585e-04, 3.0148e-06, 3.2305e-06, 2.3048e-04,
        2.2958e-05, 9.7225e-05, 2.1054e-06, 4.0931e-05, 1.7704e-05, 1.6017e-04,
        2.3945e-04, 1.3577e-04, 1.2316e-04, 1.5477e-04, 2.9416e-04, 7.5763e-05,
        2.0188e-04, 1.3463e-04, 2.1375e-04, 1.1874e-04, 7.1882e-06, 6.1382e-05,
        1.0219e-04, 1.5253e-05, 2.1699e-05, 1.3359e-04, 1.3587e-04, 6.3991e-05,
        9.0586e-05, 8.6634e-05, 2.9080e-05, 8.8066e-06, 2.6646e-04, 9.9331e-05,
        7.2047e-05, 1.0968e-04, 2.3007e-05, 2.9533e-05, 1.3892e-04, 7.8908e-05,
        1.1920e-04, 1.7485e-04, 8.6046e-06, 8.4553e-05, 6.0612e-05, 5.2159e-05,
        3.5824e-05, 7.7671e-06, 1.1856e-04, 8.6845e-05, 5.9878e-06, 5.5746e-05,
        1.5488e-06, 6.3259e-05, 1.8672e-05, 3.7806e-06, 1.4628e-04, 1.1151e-04,
        1.2307e-04, 5.3085e-05, 1.1464e-04, 9.3871e-05, 3.9359e-05, 1.1882e-04,
        5.6610e-05, 1.9096e-04, 1.3710e-04, 3.5414e-04, 7.8809e-05, 2.2861e-04,
        3.4149e-04, 5.2835e-05, 1.4027e-04, 7.0775e-05, 5.1309e-05, 3.5502e-05,
        1.9098e-05, 7.9058e-05, 2.4027e-04, 1.7162e-04, 1.1887e-04, 1.1491e-04,
        8.5946e-05, 7.3731e-05, 1.6363e-04, 1.5822e-04, 9.4897e-05],
       grad_fn=<CatBackward>)

mean_overall=tensor(0.0001, grad_fn=<MeanBackward0>)

-----------------------------------------------ITERATION400-----------------------------------------------

final_causality=[[1, 1, 1, 1, 1, 1, 1, 1, 1, 1, 1, 1, 1], [1, 1, 1, 1, 1, 1, 1, 1, 1, 1, 1, 1, 1, 1, 1, 1, 1, 1, 1, 1, 1, 1, 1, 1, 1, 1, 1, 1, 1, 1, 1, 1, 1, 1, 1, 1, 1, 1, 1, 1, 1, 1, 1, 1, 1, 1, 1, 1, 1, 1], [1, 1, 1, 1, 1, 1, 1, 1, 1, 1, 1, 1, 1, 1, 1, 1, 1, 1, 1, 1, 1, 1, 1, 1, 1, 1, 1, 1, 1, 1, 1, 1, 1, 1, 1, 1, 1, 1, 1, 1, 1, 1, 1, 1, 1, 1, 1, 1, 1, 1]]

means=tensor([4.6638e-04, 0.0000e+00, 0.0000e+00, 0.0000e+00, 6.8667e-04, 1.2367e-06,
        4.3216e-04, 2.1593e-04, 0.0000e+00, 0.0000e+00, 0.0000e+00, 2.9285e-03,
        1.4104e-03, 4.9605e-04, 2.7023e-05, 4.0647e-05, 1.0857e-04, 2.5211e-04,
        2.1399e-05, 6.8942e-05, 1.5528e-04, 3.2421e-04, 3.2386e-04, 1.1772e-04,
        3.1763e-05, 1.0548e-05, 1.5246e-04, 2.4763e-06, 2.7272e-06, 2.4248e-04,
        2.4797e-05, 9.9099e-05, 1.6511e-06, 4.1160e-05, 1.8811e-05, 1.6939e-04,
        2.5601e-04, 1.5130e-04, 1.2817e-04, 1.6077e-04, 3.1016e-04, 8.0703e-05,
        2.1255e-04, 1.3817e-04, 2.2417e-04, 1.2589e-04, 6.9909e-06, 6.6413e-05,
        1.1128e-04, 1.5029e-05, 2.3623e-05, 1.4571e-04, 1.4569e-04, 6.2217e-05,
        9.8049e-05, 9.3776e-05, 2.8272e-05, 8.9657e-06, 2.8007e-04, 1.0253e-04,
        7.4191e-05, 1.2076e-04, 2.5765e-05, 3.1457e-05, 1.4735e-04, 8.4158e-05,
        1.2797e-04, 1.8442e-04, 8.8906e-06, 9.0259e-05, 6.4724e-05, 5.5285e-05,
        3.7992e-05, 8.3074e-06, 1.2535e-04, 9.2759e-05, 6.1810e-06, 5.8977e-05,
        1.7278e-06, 6.9120e-05, 2.0890e-05, 4.2302e-06, 1.5453e-04, 1.1828e-04,
        1.3201e-04, 5.7215e-05, 1.2124e-04, 9.8552e-05, 4.2081e-05, 1.2912e-04,
        6.1296e-05, 2.0134e-04, 1.4358e-04, 3.7022e-04, 8.2600e-05, 2.3870e-04,
        3.5726e-04, 5.6883e-05, 1.4823e-04, 7.4308e-05, 5.6578e-05, 4.0685e-05,
        2.0573e-05, 8.6142e-05, 2.5242e-04, 1.8126e-04, 1.2526e-04, 1.2288e-04,
        9.3430e-05, 7.7792e-05, 1.7374e-04, 1.6665e-04, 1.0003e-04],
       grad_fn=<CatBackward>)

mean_overall=tensor(0.0002, grad_fn=<MeanBackward0>)

-----------------------------------------------ITERATION410-----------------------------------------------

final_causality=[[1, 1, 1, 1, 1, 1, 1, 1, 1, 1, 1, 1, 1], [1, 1, 1, 1, 1, 1, 1, 1, 1, 1, 1, 1, 1, 1, 1, 1, 1, 1, 1, 1, 1, 1, 1, 1, 1, 1, 1, 1, 1, 1, 1, 1, 1, 1, 1, 1, 1, 1, 1, 1, 1, 1, 1, 1, 1, 1, 1, 1, 1, 1], [1, 1, 1, 1, 1, 1, 1, 1, 1, 1, 1, 1, 1, 1, 1, 1, 1, 1, 1, 1, 1, 1, 1, 1, 1, 1, 1, 1, 1, 1, 1, 1, 1, 1, 1, 1, 1, 1, 1, 1, 1, 1, 1, 1, 1, 1, 1, 1, 1, 1]]

means=tensor([4.9659e-04, 0.0000e+00, 0.0000e+00, 0.0000e+00, 7.3779e-04, 1.6272e-05,
        4.7612e-04, 2.3371e-04, 0.0000e+00, 0.0000e+00, 0.0000e+00, 3.0860e-03,
        1.5158e-03, 5.2368e-04, 2.8668e-05, 4.0586e-05, 1.1560e-04, 2.7017e-04,
        2.2985e-05, 7.3378e-05, 1.6167e-04, 3.4535e-04, 3.4201e-04, 1.2255e-04,
        3.4386e-05, 1.1251e-05, 1.5932e-04, 1.9501e-06, 2.2409e-06, 2.5495e-04,
        2.6903e-05, 1.0111e-04, 1.2125e-06, 4.1438e-05, 1.9988e-05, 1.7954e-04,
        2.7337e-04, 1.6818e-04, 1.3405e-04, 1.6693e-04, 3.2681e-04, 8.5931e-05,
        2.2366e-04, 1.4179e-04, 2.3498e-04, 1.3338e-04, 6.8084e-06, 7.1778e-05,
        1.2104e-04, 1.4847e-05, 2.5851e-05, 1.5860e-04, 1.5609e-04, 6.0497e-05,
        1.0583e-04, 1.0138e-04, 2.7714e-05, 9.1377e-06, 2.9425e-04, 1.0581e-04,
        7.6374e-05, 1.3267e-04, 2.8821e-05, 3.3490e-05, 1.5612e-04, 8.9643e-05,
        1.3713e-04, 1.9435e-04, 9.3400e-06, 9.6232e-05, 6.9049e-05, 5.8593e-05,
        4.0287e-05, 8.9013e-06, 1.3241e-04, 9.8967e-05, 6.3947e-06, 6.2391e-05,
        1.9281e-06, 7.5371e-05, 2.3210e-05, 4.7305e-06, 1.6491e-04, 1.2538e-04,
        1.4139e-04, 6.1898e-05, 1.2810e-04, 1.0374e-04, 4.4948e-05, 1.3988e-04,
        6.6239e-05, 2.1209e-04, 1.5036e-04, 3.8680e-04, 8.6847e-05, 2.4920e-04,
        3.7352e-04, 6.1125e-05, 1.5657e-04, 7.7994e-05, 6.2087e-05, 4.6954e-05,
        2.2143e-05, 9.4095e-05, 2.6514e-04, 1.9133e-04, 1.3201e-04, 1.3118e-04,
        1.0126e-04, 8.2071e-05, 1.8425e-04, 1.7549e-04, 1.0543e-04],
       grad_fn=<CatBackward>)

mean_overall=tensor(0.0002, grad_fn=<MeanBackward0>)

-----------------------------------------------ITERATION420-----------------------------------------------

final_causality=[[1, 1, 1, 1, 1, 1, 1, 1, 1, 1, 1, 1, 1], [1, 1, 1, 1, 1, 1, 1, 1, 1, 1, 1, 1, 1, 1, 1, 1, 1, 1, 1, 1, 1, 1, 1, 1, 1, 1, 1, 1, 1, 1, 1, 1, 1, 1, 1, 1, 1, 1, 1, 1, 1, 1, 1, 1, 1, 1, 1, 1, 1, 1], [1, 1, 1, 1, 1, 1, 1, 1, 1, 1, 1, 1, 1, 1, 1, 1, 1, 1, 1, 1, 1, 1, 1, 1, 1, 1, 1, 1, 1, 1, 1, 1, 1, 1, 1, 1, 1, 1, 1, 1, 1, 1, 1, 1, 1, 1, 1, 1, 1, 1]]

means=tensor([5.2830e-04, 0.0000e+00, 0.0000e+00, 0.0000e+00, 7.9145e-04, 3.2870e-05,
        5.2295e-04, 2.5242e-04, 0.0000e+00, 0.0000e+00, 0.0000e+00, 3.2490e-03,
        1.6267e-03, 5.5249e-04, 3.0569e-05, 4.0569e-05, 1.2302e-04, 2.8926e-04,
        2.4632e-05, 7.8030e-05, 1.6829e-04, 3.6746e-04, 3.6086e-04, 1.2752e-04,
        3.7199e-05, 1.2028e-05, 1.6669e-04, 1.4338e-06, 1.7722e-06, 2.6787e-04,
        2.9159e-05, 1.0358e-04, 7.8964e-07, 4.1779e-05, 2.1238e-05, 1.9040e-04,
        2.9151e-04, 1.8645e-04, 1.4011e-04, 1.7372e-04, 3.4408e-04, 9.1434e-05,
        2.3520e-04, 1.4545e-04, 2.4618e-04, 1.4121e-04, 6.6407e-06, 7.7483e-05,
        1.3152e-04, 1.4707e-05, 2.8272e-05, 1.7275e-04, 1.6706e-04, 5.8833e-05,
        1.1392e-04, 1.0944e-04, 2.7181e-05, 9.3229e-06, 3.0901e-04, 1.0915e-04,
        7.8593e-05, 1.4545e-04, 3.2192e-05, 3.5632e-05, 1.6524e-04, 9.5363e-05,
        1.4666e-04, 2.0465e-04, 9.8966e-06, 1.0248e-04, 7.3590e-05, 6.2090e-05,
        4.2710e-05, 9.5519e-06, 1.3973e-04, 1.0543e-04, 6.6195e-06, 6.5989e-05,
        2.1685e-06, 8.2013e-05, 2.5633e-05, 5.2860e-06, 1.7579e-04, 1.3283e-04,
        1.5120e-04, 6.6807e-05, 1.3521e-04, 1.0939e-04, 4.7963e-05, 1.5108e-04,
        7.1436e-05, 2.2321e-04, 1.5743e-04, 4.0388e-04, 9.1305e-05, 2.6009e-04,
        3.9022e-04, 6.5562e-05, 1.6526e-04, 8.1831e-05, 6.7834e-05, 5.3562e-05,
        2.3811e-05, 1.0321e-04, 2.7840e-04, 2.0183e-04, 1.3911e-04, 1.3981e-04,
        1.0945e-04, 8.6567e-05, 1.9516e-04, 1.8474e-04, 1.1111e-04],
       grad_fn=<CatBackward>)

mean_overall=tensor(0.0002, grad_fn=<MeanBackward0>)

-----------------------------------------------ITERATION430-----------------------------------------------

final_causality=[[1, 1, 1, 1, 1, 1, 1, 1, 1, 1, 1, 1, 1], [1, 1, 1, 1, 1, 1, 1, 1, 1, 1, 1, 1, 1, 1, 1, 1, 1, 1, 1, 1, 1, 1, 1, 1, 1, 1, 1, 1, 1, 1, 1, 1, 1, 1, 1, 1, 1, 1, 1, 1, 1, 1, 1, 1, 1, 1, 1, 1, 1, 1], [1, 1, 1, 1, 1, 1, 1, 1, 1, 1, 1, 1, 1, 1, 1, 1, 1, 1, 1, 1, 1, 1, 1, 1, 1, 1, 1, 1, 1, 1, 1, 1, 1, 1, 1, 1, 1, 1, 1, 1, 1, 1, 1, 1, 1, 1, 1, 1, 1, 1]]

means=tensor([5.6152e-04, 0.0000e+00, 0.0000e+00, 0.0000e+00, 8.4763e-04, 5.1101e-05,
        5.7273e-04, 2.7209e-04, 0.0000e+00, 0.0000e+00, 0.0000e+00, 3.4171e-03,
        1.7428e-03, 5.8246e-04, 3.2637e-05, 4.0596e-05, 1.3082e-04, 3.0939e-04,
        2.6340e-05, 8.2895e-05, 1.7514e-04, 3.9050e-04, 3.8042e-04, 1.3261e-04,
        4.0205e-05, 1.2883e-05, 1.7456e-04, 9.2537e-07, 1.3219e-06, 2.8123e-04,
        3.1565e-05, 1.0607e-04, 3.8253e-07, 4.2719e-05, 2.2564e-05, 2.0171e-04,
        3.1039e-04, 2.0612e-04, 1.4633e-04, 1.8113e-04, 3.6197e-04, 9.7210e-05,
        2.4714e-04, 1.4916e-04, 2.5774e-04, 1.4936e-04, 6.4880e-06, 8.3529e-05,
        1.4271e-04, 1.4611e-05, 3.0895e-05, 1.8825e-04, 1.7862e-04, 5.7225e-05,
        1.2234e-04, 1.1810e-04, 2.6672e-05, 9.6503e-06, 3.2433e-04, 1.1254e-04,
        8.0842e-05, 1.5909e-04, 3.5897e-05, 3.7883e-05, 1.7470e-04, 1.0132e-04,
        1.5654e-04, 2.1529e-04, 1.0758e-05, 1.0899e-04, 7.8346e-05, 6.5776e-05,
        4.5262e-05, 1.0262e-05, 1.4730e-04, 1.1214e-04, 6.8551e-06, 6.9771e-05,
        2.4445e-06, 8.9042e-05, 2.8157e-05, 5.9013e-06, 1.8716e-04, 1.4061e-04,
        1.6142e-04, 7.1937e-05, 1.4258e-04, 1.1528e-04, 5.1129e-05, 1.6273e-04,
        7.6887e-05, 2.3466e-04, 1.6480e-04, 4.2142e-04, 9.5967e-05, 2.7136e-04,
        4.0735e-04, 7.0193e-05, 1.7444e-04, 8.5815e-05, 7.3814e-05, 6.0505e-05,
        2.5579e-05, 1.1269e-04, 2.9219e-04, 2.1273e-04, 1.4657e-04, 1.4875e-04,
        1.1797e-04, 9.1276e-05, 2.0652e-04, 1.9439e-04, 1.1705e-04],
       grad_fn=<CatBackward>)

mean_overall=tensor(0.0002, grad_fn=<MeanBackward0>)

-----------------------------------------------ITERATION440-----------------------------------------------

final_causality=[[1, 1, 1, 1, 1, 1, 1, 1, 1, 1, 1, 1, 1], [1, 1, 1, 1, 1, 1, 1, 1, 1, 1, 1, 1, 1, 1, 1, 1, 1, 1, 1, 1, 1, 1, 1, 1, 1, 1, 1, 1, 1, 1, 1, 1, 1, 1, 1, 1, 1, 1, 1, 1, 1, 1, 1, 1, 1, 1, 1, 1, 1, 1], [1, 1, 1, 1, 1, 1, 1, 1, 1, 1, 1, 1, 1, 1, 1, 1, 1, 1, 1, 1, 1, 1, 1, 1, 1, 1, 1, 1, 1, 1, 1, 1, 1, 1, 1, 1, 1, 1, 1, 1, 1, 1, 1, 1, 1, 1, 1, 1, 1, 1]]

means=tensor([5.9624e-04, 0.0000e+00, 0.0000e+00, 0.0000e+00, 9.0631e-04, 7.1046e-05,
        6.2547e-04, 2.9270e-04, 0.0000e+00, 0.0000e+00, 0.0000e+00, 3.5900e-03,
        1.8642e-03, 6.1354e-04, 3.4831e-05, 4.0670e-05, 1.3902e-04, 3.3054e-04,
        2.8109e-05, 8.7973e-05, 1.8220e-04, 4.1443e-04, 4.0063e-04, 1.3783e-04,
        4.3406e-05, 1.3821e-05, 1.8276e-04, 4.2298e-07, 8.9127e-07, 2.9501e-04,
        3.4123e-05, 1.0856e-04, 8.2518e-09, 4.3837e-05, 2.3967e-05, 2.1344e-04,
        3.2998e-04, 2.2722e-04, 1.5270e-04, 1.8870e-04, 3.8043e-04, 1.0325e-04,
        2.5947e-04, 1.5290e-04, 2.6965e-04, 1.5783e-04, 6.3504e-06, 8.9915e-05,
        1.5463e-04, 1.4557e-05, 3.3727e-05, 2.0460e-04, 1.9074e-04, 5.5675e-05,
        1.3109e-04, 1.2772e-04, 2.6187e-05, 1.0027e-05, 3.4018e-04, 1.1597e-04,
        8.3116e-05, 1.7361e-04, 3.9952e-05, 4.0244e-05, 1.8449e-04, 1.0749e-04,
        1.6677e-04, 2.2627e-04, 1.2133e-05, 1.1576e-04, 8.3317e-05, 6.9653e-05,
        4.7943e-05, 1.1034e-05, 1.5511e-04, 1.1909e-04, 7.2767e-06, 7.3734e-05,
        2.7522e-06, 9.6449e-05, 3.0782e-05, 6.5809e-06, 1.9901e-04, 1.4872e-04,
        1.7205e-04, 7.7280e-05, 1.5021e-04, 1.2138e-04, 5.4446e-05, 1.7479e-04,
        8.2582e-05, 2.4644e-04, 1.7243e-04, 4.3940e-04, 1.0083e-04, 2.8300e-04,
        4.2488e-04, 7.5015e-05, 1.8406e-04, 9.0025e-05, 8.0023e-05, 6.7773e-05,
        2.7449e-05, 1.2253e-04, 3.0649e-04, 2.2402e-04, 1.5437e-04, 1.5799e-04,
        1.2682e-04, 9.6195e-05, 2.1840e-04, 2.0441e-04, 1.2325e-04],
       grad_fn=<CatBackward>)

mean_overall=tensor(0.0002, grad_fn=<MeanBackward0>)

