loss_training=[0.0643895443029131, 0.0633614491348534, 0.06282925416263549, 0.06212965554727996, 0.061347794868332334, 0.06043674192864546, 0.059372901246401016, 0.0581199324715887, 0.05661864647993206, 0.054828624640157905, 0.05269216435203316, 0.050141474675266307, 0.04710182224144757, 0.04350099133997451, 0.039290302844622246, 0.03446505200414317, 0.029089428174915135, 0.023320340574126, 0.017429396887689956, 0.01177966758393473, 0.006754310174190687, 0.002647444345819667, -0.0004466031335252224, -0.0026307346065762537, -0.0041198931601483454, -0.005147473813938784, -0.005901963068987846, -0.006499998991171513, -0.007001439145889122, -0.0074379775090332775, -0.007832095359160322, -0.00819706356430742, -0.0085433766139197, -0.008927265585799335, -0.009423827883774862, -0.009917511899029816, -0.010400886634897437, -0.010868146198075874, -0.01132275777059586, -0.011759410071673467, -0.012180307159577046, -0.012586314158969887, -0.012980853633286007, -0.013349314934795931, -0.013723347845509529]

test_loss_training=[0.06912461635803491, 0.0685318092551428, 0.06944955956640095, 0.0673116494196723, 0.06516816002252801, 0.06350454901532655, 0.06189752638801408, 0.06004531744436664, 0.057827710943660654, 0.05515696416503128, 0.05197149177611318, 0.0483034861133803, 0.04418338525114575, 0.03971335194334208, 0.03499448282471965, 0.03037501157890449, 0.026269826357956487, 0.023195361769082802, 0.02162662400665775, 0.021891764982917394, 0.0240655722352315, 0.02791305953381943, 0.03291326962449559, 0.038418755259701766, 0.043856039767301916, 0.048913537317292144, 0.05358954583237145, 0.058025569564463295, 0.062366016960994704, 0.06670664737074576, 0.07141798251797052, 0.07570707306411936, 0.08010870620254859, 0.08483343795584107, 0.0893885560671442, 0.09416651610368981, 0.09907152042270666, 0.10372879406126556, 0.1096855605041423, 0.11556631207264458, 0.1219439025232787, 0.12805827490212474, 0.13522603850080875, 0.14197914497253297, 0.15056121465432865]

loss_control_training_MSE=[0.06417864269205915, 0.06375421383406846, 0.06326691898818002, 0.06262813810473605, 0.06191661865377336, 0.06111401728791121, 0.060190590204556686, 0.05911747833484368, 0.05785445362248355, 0.05635765941799713, 0.05458057145747684, 0.05247476379168415, 0.049985547358455625, 0.04706407411759372, 0.04369196686932764, 0.039894773945152964, 0.035765811100774675, 0.0314843517509338, 0.027318603739977087, 0.023592862521538912, 0.020606177016753012, 0.018515364782016312, 0.017263237812630536, 0.01662914195203769, 0.01633928565716742, 0.01616124299379398, 0.01596073561357896, 0.015702141374324238, 0.015405532641231503, 0.015101749956681444, 0.014821518094236007, 0.014571572003301081, 0.014338785778093053, 0.014091981206516885, 0.013809939015710457, 0.01355790683031076, 0.013342989174114743, 0.01316333351288701, 0.013007768540318671, 0.0128697599686183, 0.01274285116204253, 0.012627525848940788, 0.01252543372297739, 0.012445605135551258, 0.012378871779696361]

variances=[1.589771351124786e-09, 1.5937143855148156e-09, 2.3319816315558776e-09, 4.147658900851376e-09, 7.602328324067835e-09, 1.3446718847643004e-08, 2.273837784244016e-08, 3.6873344082958254e-08, 5.795520140725277e-08, 8.960265176255413e-08, 1.371297446235569e-07, 2.0850363945365622e-07, 3.1581357088030117e-07, 4.772290498682506e-07, 7.189255750216137e-07, 1.0772332302822128e-06, 1.5996874264644259e-06, 2.3430638812718245e-06, 3.3663157455527285e-06, 4.714125264310376e-06, 6.389144486328658e-06, 8.322225424537153e-06, 1.0365247704151058e-05, 1.232728889785518e-05, 1.4032543601155301e-05, 1.5371603407805234e-05, 1.6326329116466555e-05, 1.6958011765658417e-05, 1.7366254532152902e-05, 1.764530623304423e-05, 1.787445112117731e-05, 1.8101683955788894e-05, 1.8312938804497473e-05, 1.8487282141851733e-05, 1.8620848539082787e-05, 1.8788723881829215e-05, 1.8997921600207815e-05, 1.9235352613026032e-05, 1.9499183657858853e-05, 1.9761105299123265e-05, 2.0009672037038622e-05, 2.0247462512512604e-05, 2.0483597995094804e-05, 2.072880278623351e-05, 2.0996923623755816e-05]

ACE_values=[4.954372008900905e-05, 4.892573717299306e-05, 5.0214640386863496e-05, 5.5619003375359844e-05, 6.437305415496819e-05, 7.636367819289136e-05, 9.163660027230596e-05, 0.00011130139363023901, 0.00013718952189622875, 0.00016904918680879657, 0.00020801806077430505, 0.00025599329464943055, 0.00031515388941680267, 0.0003875464982030824, 0.000475888338370024, 0.0005826540613186107, 0.0007099829498957555, 0.0008591996493694776, 0.0010291489023125816, 0.0012156728441773074, 0.0014111187042609803, 0.0016036686378566734, 0.001780282777086793, 0.0019303334853482887, 0.0020479961767281827, 0.002132618172747281, 0.002188538781163378, 0.0022230240712452594, 0.0022437413760463707, 0.002256969849359864, 0.002267897566851678, 0.002279310301909666, 0.0022904672041851753, 0.0023047800288826634, 0.002326094252720653, 0.0023498916534274794, 0.0023763831537858488, 0.0024047127134195685, 0.0024345154456734018, 0.002464276931031315, 0.002493535536818866, 0.0025224871960578916, 0.002551586068012795, 0.0025810450964206446, 0.002611061369365509]

-------------------------------CAUSAL NEURAL NET-------------------------------

loss_test_causal=tensor(0.1584, grad_fn=<MseLossBackward>)

