-------------------------------CAUSAL NEURAL NET-------------------------------

loss_training=[0.09197941469154595, 0.06473421679144616, 0.06340142095039218, 0.06332842439266632, 0.0624260616497541, 0.06211852435592533, 0.061844041043229166, 0.06151030982879628, 0.0611553780888626, 0.06077617363789035, 0.06036327498012463, 0.059910658139442206, 0.059413327485281366, 0.058866080816887004, 0.058263225701915736, 0.057598694040389066, 0.05686608382027243, 0.05605879587042238, 0.05517014230390097, 0.05419352337591897, 0.053122617712254745, 0.05195163592816437, 0.050675622303329164, 0.049290824672702675, 0.04779513569914946, 0.046188604486253816, 0.0444740123194896, 0.0426574784689727, 0.04074904480223043, 0.03876316628311995, 0.03671902737046435, 0.034640601311056195, 0.0325563441304636, 0.03049838467603963, 0.028501094620837, 0.02659900696568343, 0.02482418141297003, 0.023203297322441457, 0.021754965355113363, 0.02048790130564551, 0.019400554991376974, 0.01848238745229773, 0.017716365692110127, 0.01708186126153653, 0.016557262711184018]

test_loss_training=[0.14271303041669142, 0.053233277973604325, 0.06348913808856133, 0.07835130323300546, 0.06460612767745678, 0.06716769989721111, 0.06886660521949492, 0.06557362369920595, 0.06687569997178038, 0.06545042762134208, 0.06513678509066512, 0.06444314958050393, 0.06370153991409613, 0.06298964455199894, 0.06212821954646562, 0.06125811477952423, 0.06027266064751935, 0.059220652527386355, 0.058065647413640314, 0.05680888586607542, 0.0554418055507069, 0.05395283315367285, 0.05234116369670586, 0.05059955634602094, 0.04873109498491011, 0.046740616584316025, 0.044640595251369965, 0.04245178795043857, 0.040203531998531446, 0.03793471621019722, 0.035692662234463005, 0.03353079077613922, 0.031505231921085626, 0.029670636320218616, 0.028075775413056215, 0.026759430642744084, 0.025747046066444762, 0.025048564633910277, 0.024657699904374948, 0.024552724803842435, 0.02469881091754007, 0.025051951930176654, 0.02556409581648583, 0.026188387098676092, 0.026883268191693167]

loss_control_training_MSE=[0.0839639498924939, 0.06556262278291226, 0.06304076594821739, 0.06323549885141211, 0.06244414766198561, 0.06207864597127451, 0.06180394729590459, 0.06147657858501457, 0.06111999878138983, 0.0607368697092874, 0.06031990491564719, 0.05986299306258764, 0.0593609241565843, 0.05880838903706911, 0.058199650217555, 0.057528604671524486, 0.05678882706263806, 0.05597370372906921, 0.0550765481160375, 0.05409077842760661, 0.05301011487368029, 0.05182883635008984, 0.05054209009340152, 0.04914626714656912, 0.04763945169807709, 0.046021939372651526, 0.04429681778297456, 0.04247057314694087, 0.040553668803588155, 0.03856102197096525, 0.036512298377903346, 0.034431940499598766, 0.03234881760658641, 0.030295358030522464, 0.028306053649099865, 0.026415316063838307, 0.024654798667883653, 0.02305048600991217, 0.0216200613741137, 0.0203712030857697, 0.019301379020449875, 0.018399275171871787, 0.017647368963841368, 0.017024824880740152, 0.016510053966653174]

variances=[2.665901196646467e-09, 3.853111108732135e-09, 4.3668092786128514e-09, 4.871644082746052e-09, 6.209252221037822e-09, 7.646608206416122e-09, 9.398085889277422e-09, 1.176749896333384e-08, 1.4599472605366307e-08, 1.8255224231329296e-08, 2.2808539238252092e-08, 2.84075518142976e-08, 3.5392999466112895e-08, 4.405025013589261e-08, 5.4804486665390605e-08, 6.815502529833398e-08, 8.472712907402301e-08, 1.0526776944418921e-07, 1.307794992087821e-07, 1.6237502183123024e-07, 2.0149730361136126e-07, 2.4982911110084527e-07, 3.0945346424994786e-07, 3.8286121850061924e-07, 4.730203788822302e-07, 5.833889288126306e-07, 7.179210600875446e-07, 8.810737729718517e-07, 1.0778968667016776e-06, 1.3136979209416064e-06, 1.594124075670847e-06, 1.924832170106848e-06, 2.31098342474397e-06, 2.7566288357248854e-06, 3.2641248890146225e-06, 3.8337950461377086e-06, 4.462768165177284e-06, 5.1446147714283015e-06, 5.871424368208647e-06, 6.611293833289623e-06, 7.365609913155042e-06, 8.115554578452093e-06, 8.845583662533199e-06, 9.542034430831014e-06, 1.0194158682149486e-05]

ACE_values=[5.4081980378636135e-05, 5.6409497236401645e-05, 5.772481922347878e-05, 5.915881733508866e-05, 6.191776155601523e-05, 6.473354459714535e-05, 6.830165210730494e-05, 7.304734636365863e-05, 7.826333683327981e-05, 8.424339041896517e-05, 9.093679960154493e-05, 9.90708340607207e-05, 0.00010818443899173098, 0.000118586488338519, 0.00013044448076416393, 0.00014380306274358135, 0.00015884574006876697, 0.0001759360289142942, 0.00019516847608297367, 0.00021688920300182268, 0.00024116533083356107, 0.00026836594619391083, 0.0002987070364694684, 0.00033240138617156165, 0.00036964284677793433, 0.000410648492792624, 0.00045567577176554926, 0.000504944195630391, 0.0005584462425009579, 0.0006162600939566291, 0.0006782460601675955, 0.0007441035788696166, 0.0008134579436426917, 0.0008858206064005852, 0.0009605564091798331, 0.0010366559018877115, 0.0011131543611244332, 0.0011889713273284634, 0.0012618289807866429, 0.0013391945369458183, 0.0014113978935156805, 0.0014785869477362671, 0.0015399563921021132, 0.0015950806449844558, 0.0016438211338248763]

-------------------------------CAUSAL NEURAL NET-------------------------------

loss_test_causal=tensor(0.0275, grad_fn=<MseLossBackward>)

