loss_training=[0.1967091157553714, 0.08441938428929145, 0.06451175061261924, 0.06797468561893201, 0.06447466229843622, 0.06395049251934873, 0.0638198840106042, 0.06349458106225252, 0.06336866829455333, 0.06318428817235752, 0.06302217917993948, 0.06284562780083189, 0.06266426687630966, 0.062472849672506096, 0.06227179077681599, 0.06205949021519427, 0.06183500850723599, 0.06159705985716938, 0.061344311658642986, 0.061075303043857394, 0.06078846193090315, 0.06048209442850647, 0.06015438289684463, 0.05980338718119965, 0.059427039719832465, 0.05902314389725201, 0.05858937375759094, 0.05812327310485676, 0.05762225643011051, 0.057083612130064534, 0.05650450791661577, 0.05588199999621537, 0.05521304725086644, 0.05449453180065875, 0.053723288164136296, 0.05289614339959634, 0.05200997107936762, 0.05106176254464936, 0.05004871935597448, 0.048968371538724666, 0.047818726782639626, 0.04659845576299714, 0.04530711742350874, 0.04394542430801817, 0.0425155412336564]

test_loss_training=[0.3114650280556307, 0.12975227383546348, 0.06008015214716123, 0.05108953237878114, 0.06311176733831818, 0.07528069719344957, 0.07409434005517385, 0.0686083267729311, 0.06755943016140116, 0.06925247159642238, 0.0697251387512055, 0.06895647714254971, 0.06860668950376465, 0.06871405814435609, 0.06862318922149094, 0.06836591815337324, 0.06819021998187182, 0.06803922129409357, 0.0678283622959215, 0.06759773347215244, 0.06736403564672878, 0.06710319671689702, 0.06681389040464374, 0.06650108868955756, 0.0661581832837634, 0.06578106978078525, 0.0653683006679675, 0.06491567186257899, 0.06441907965248587, 0.06387492485086173, 0.06327882468438871, 0.06262632018360445, 0.06191293799303085, 0.06113397377362913, 0.060284750050853715, 0.059360663658781586, 0.058357275285616794, 0.05727050578490053, 0.056096804939238604, 0.05483340071496413, 0.05347859979695125, 0.05203214758279613, 0.0504956668278201, 0.04887315680177818, 0.047171540182556544]

loss_control_training_MSE=[0.1804132717365367, 0.07912112254297382, 0.06498447359249065, 0.0677619652037094, 0.0642501766218305, 0.06398306956382789, 0.06377043938984236, 0.06348333389070268, 0.06335015980376213, 0.06316802246557965, 0.06300495686551674, 0.0628278203400941, 0.06264555717949553, 0.062453212825230336, 0.06225107619199146, 0.062037613228187245, 0.06181183946795152, 0.061572474764869725, 0.061318167381629485, 0.061047448389857914, 0.060758732913718784, 0.060450314785742455, 0.06012036422091329, 0.059766928496088, 0.05938792717506329, 0.05898115073269095, 0.05854426022051684, 0.05807478642506018, 0.05757013105313733, 0.05702757014162252, 0.05644425976318353, 0.055817245662849964, 0.055143477997852255, 0.0544198326538348, 0.05364314139354596, 0.052810233241082714, 0.051917990022085754, 0.05096341955225547, 0.0499437504484433, 0.04885655323156404, 0.047699892913351416, 0.04647251818074328, 0.04517409076712307, 0.043805454559099975, 0.04236893688424057]

variances=[2.1433519315061732e-09, 2.3032485621458017e-09, 2.526439459701585e-09, 2.537856074547587e-09, 2.5136876317959342e-09, 2.483216106561542e-09, 2.5667483898710505e-09, 2.7239770296414533e-09, 2.918266974427676e-09, 3.204683998272133e-09, 3.606040965131322e-09, 4.133146450675593e-09, 4.807572054988382e-09, 5.650969493043592e-09, 6.682682490900034e-09, 7.927698774606127e-09, 9.4204009334428e-09, 1.1199977994212193e-08, 1.3303836735252188e-08, 1.5789888603893975e-08, 1.8729899946122313e-08, 2.2204659950930703e-08, 2.6305067046249085e-08, 3.113700463565554e-08, 3.682736578342007e-08, 4.352568733886447e-08, 5.1412466891741616e-08, 6.069745164174065e-08, 7.154624985320223e-08, 8.424818713859978e-08, 9.920244786909553e-08, 1.1679400159561148e-07, 1.3750112378868183e-07, 1.6186912812513386e-07, 1.9034924158203068e-07, 2.2393454926463456e-07, 2.634379814433496e-07, 3.099147193069133e-07, 3.6460506496410886e-07, 4.2894581553318294e-07, 5.046327343196397e-07, 5.936362219142906e-07, 6.982056973489232e-07, 8.20852642088518e-07, 9.644992363179108e-07]

ACE_values=[4.785914883194249e-05, 4.930038145911052e-05, 5.121480220556355e-05, 5.13937695568095e-05, 5.0258221141830195e-05, 5.031959145968923e-05, 5.090898287504458e-05, 5.1781449692065796e-05, 5.3055121821009754e-05, 5.453291266548543e-05, 5.6252062003929764e-05, 5.816741798053619e-05, 6.027653662277052e-05, 6.262493764621417e-05, 6.524599389242157e-05, 6.812325885382708e-05, 7.125297225969754e-05, 7.467336925635856e-05, 7.846234517521844e-05, 8.263788904335364e-05, 8.715914131189102e-05, 9.207396745862235e-05, 9.74252214914479e-05, 0.00010322885987475149, 0.00010953964416586538, 0.00011646104025659192, 0.00012406213729680593, 0.00013236675266166804, 0.0001417225902595246, 0.0001521689358685267, 0.0001635835682754462, 0.00017607733633835136, 0.00018973001898854014, 0.00020468004607510426, 0.00022147872487621916, 0.00023959674670090905, 0.0002593804943719741, 0.00028094882962488197, 0.00030451852728994666, 0.0003301936362553029, 0.00035804951764541095, 0.0003882838747771348, 0.000421067643902376, 0.00045656998433020126, 0.000494920661648819]

------------------------------CONTROL NEURAL NET-------------------------------

loss_test_control=tensor(0.0456, grad_fn=<MseLossBackward>)

