loss_training=[0.007419397894986011, 0.0014341911407274714, 0.0008064860594426545, 0.0005338356593646651, 0.0004284647974568827, 0.0003887353812862056, 0.00037224458227338796, 0.0003651669518211396, 0.00036237783345421937, 0.000360973464651264, 0.00035952156399728335, 0.00035794016072213114, 0.0003564475800422291, 0.0003550065847648317, 0.00035357953650711805, 0.0003521854099540638, 0.00035082293854069317, 0.0003494938625222867, 0.0003481999866603318, 0.00034694193767626945, 0.0003457201799411611, 0.0003445346596027278, 0.00034338503498881185, 0.00034227067775655096, 0.000341190732731068, 0.0003401441710371287, 0.00033912983361307275, 0.0003381464551543311, 0.00033719269650674675, 0.00033626716049654906, 0.00033536843546291194, 0.0003344951033848022, 0.0003336457467778456, 0.0003328189688762963, 0.00033201340153626364, 0.0003312277153231499, 0.000330460617105393, 0.00032971086372722216, 0.0003289772863903637, 0.00032825876613762876, 0.00032755423959809503, 0.0003268627009676703, 0.0003261832027815583, 0.00032551485505078896, 0.0003248568237121972]

test_loss_training=[0.051600557289978005, 0.07309225655281833, 0.06032915168697726, 0.06860321034634408, 0.06311119030529834, 0.06624861503451686, 0.06445971691889714, 0.06516546190228746, 0.06501334137414601, 0.06478108725942128, 0.06497265903241656, 0.06480823917911187, 0.06477228138576556, 0.06477218597205019, 0.06470777047643739, 0.06466228180687947, 0.06463116720347517, 0.06459051943821419, 0.06454794740688677, 0.0645094784910514, 0.06447245034973363, 0.06443520816116012, 0.06439848528105253, 0.0643629128635121, 0.06432845441066022, 0.06429495510439136, 0.06426239831690363, 0.06423083832539658, 0.06420031519315204, 0.06417084040253523, 0.06414241311234593, 0.06411502969419616, 0.0640886864383199, 0.06406337803899893, 0.06403909666842937, 0.06401583197956066, 0.06399357149799718, 0.06397230016323892, 0.06395200251354914, 0.06393266182579566, 0.0639142603857942, 0.06389677980777185, 0.06388020128756508, 0.06386450578337917, 0.06384967443029248]

loss_control_training_MSE=[0.004007440510247682, 0.0010222074918288678, 0.0006958803816224557, 0.0005064128019672952, 0.0004188994897875376, 0.0003832849993907471, 0.0003691658746704213, 0.00036403570060774887, 0.0003622509037211167, 0.0003609527206663358, 0.00035936760836300014, 0.0003577792896179962, 0.00035631264683001545, 0.0003548690271639898, 0.0003534442912618173, 0.00035205413208039716, 0.0003506945244951314, 0.0003493690612065896, 0.0003480786905438361, 0.0003468242811834031, 0.0003456061543993212, 0.00034442425976979733, 0.0003432782068285575, 0.00034216734802522994, 0.0003410908089647682, 0.0003400475473201348, 0.0003390363873456394, 0.00033805605522871916, 0.000337105205707891, 0.0003361824444607354, 0.0003352863541819212, 0.0003344155139702376, 0.00033356850844986014, 0.0003327439427556099, 0.00033194045249228845, 0.00033115671216565337, 0.000330391442000819, 0.00032964340428696633, 0.00032891142737510176, 0.0003281943977741053, 0.00032749125766708066, 0.0003268010071739061, 0.00032612270468352413, 0.0003254554661018434, 0.0003247984631342343]

variances=[3.55520646493388e-09, 3.4830753175163478e-09, 3.4360513681461857e-09, 3.401102280929753e-09, 3.343633135315171e-09, 3.297276087767638e-09, 3.2419419072268544e-09, 3.195315625684914e-09, 3.1479172690973735e-09, 3.1055867937560628e-09, 3.0694951467436686e-09, 3.0370113200649545e-09, 3.010147906602521e-09, 2.9876690346719052e-09, 2.971094302332879e-09, 2.9609733831872263e-09, 2.9561824158162376e-09, 2.9547682521671396e-09, 2.959006775633034e-09, 2.9686323832484708e-09, 2.977785917887515e-09, 2.9861920663653675e-09, 2.9948825658010376e-09, 3.006573360146276e-09, 3.018018113914768e-09, 3.026760010884429e-09, 3.0389563666846007e-09, 3.053808587193967e-09, 3.0709460077387664e-09, 3.0816766760763334e-09, 3.091356449480884e-09, 3.1028219552409668e-09, 3.1146868194643112e-09, 3.1279674914296383e-09, 3.1427172973818336e-09, 3.158466700282025e-09, 3.163127397777624e-09, 3.1553179171641735e-09, 3.148302939559811e-09, 3.142218018410055e-09, 3.13694662086522e-09, 3.132507515719115e-09, 3.1289506402051565e-09, 3.1261391574196458e-09, 3.1240937102597458e-09]

ACE_values=[6.1018339231948526e-05, 6.256254792246653e-05, 6.156621395013059e-05, 6.196077668452892e-05, 6.15688553247221e-05, 6.171410817142986e-05, 6.155095860099031e-05, 6.156718455536296e-05, 6.150163664339305e-05, 6.14714371387748e-05, 6.145860624804143e-05, 6.142801388024165e-05, 6.141204607749002e-05, 6.141359327732828e-05, 6.141396410853423e-05, 6.141540041132825e-05, 6.142525747991684e-05, 6.144081275918406e-05, 6.146500144426701e-05, 6.14854373385835e-05, 6.154978772364292e-05, 6.167469824773472e-05, 6.180885667922458e-05, 6.195940027984302e-05, 6.21415506405664e-05, 6.237638963260118e-05, 6.260806487813373e-05, 6.283932837155107e-05, 6.30683552431215e-05, 6.33648910221468e-05, 6.368044753027055e-05, 6.398768003097486e-05, 6.429626126377371e-05, 6.459821299867109e-05, 6.489703016435661e-05, 6.518986794703422e-05, 6.556411989507446e-05, 6.602763714463348e-05, 6.648098541583893e-05, 6.692565951042944e-05, 6.736006704399974e-05, 6.778513438289189e-05, 6.820132539558588e-05, 6.861073760140957e-05, 6.901583485263363e-05]

-------------------------------CAUSAL NEURAL NET-------------------------------

loss_test_causal=tensor(0.0638, grad_fn=<MseLossBackward>)

