-----------------------------------------------ITERATION0-----------------------------------------------

final_causality=[[1, 1, 1, 1, 1, 1, 1, 1, 1, 1, 1, 1, 1], [1, 1, 1, 1, 1, 1, 1, 1, 1, 1, 1, 1, 1, 1, 1, 1, 1, 1, 1, 1, 1, 1, 1, 1, 1, 1, 1, 1, 1, 1, 1, 1, 1, 1, 1, 1, 1, 1, 1, 1, 1, 1, 1, 1, 1, 1, 1, 1, 1, 1], [1, 1, 1, 1, 1, 1, 1, 1, 1, 1, 1, 1, 1, 1, 1, 1, 1, 1, 1, 1, 1, 1, 1, 1, 1, 1, 1, 1, 1, 1, 1, 1, 1, 1, 1, 1, 1, 1, 1, 1, 1, 1, 1, 1, 1, 1, 1, 1, 1, 1]]

means=tensor([1.8491e-05, 2.6749e-05, 1.1636e-05, 2.8741e-06, 3.6263e-04, 6.2562e-05,
        4.2472e-05, 1.0335e-04, 2.2844e-04, 2.8263e-06, 5.5562e-05, 7.4008e-06,
        1.1217e-04, 4.4064e-05, 3.0236e-04, 5.1533e-05, 1.2992e-05, 1.2520e-05,
        4.3938e-05, 3.8509e-05, 6.0528e-05, 4.6049e-07, 1.6995e-04, 2.8805e-05,
        3.5100e-05, 4.2813e-05, 4.1276e-05, 4.7377e-05, 1.8185e-05, 1.3849e-04,
        9.5000e-05, 3.0419e-05, 6.2791e-07, 6.6221e-05, 6.7298e-06, 3.3633e-05,
        1.7797e-04, 1.2946e-04, 1.1179e-04, 1.1170e-06, 7.3841e-05, 3.1160e-05,
        5.0692e-05, 7.1064e-05, 7.6775e-06, 4.7024e-05, 3.7984e-05, 5.4719e-07,
        8.1009e-05, 7.9217e-05, 1.1720e-04, 1.1400e-06, 9.5498e-05, 1.5635e-04,
        2.0234e-05, 2.5597e-05, 1.5437e-05, 6.1821e-05, 1.7830e-06, 4.8394e-05,
        9.8933e-06, 3.7708e-05, 4.4210e-05, 7.5327e-05, 5.2436e-05, 7.5642e-05,
        9.7846e-06, 8.2641e-05, 1.6979e-04, 1.4809e-04, 4.9488e-05, 1.9726e-06,
        1.3624e-05, 6.0139e-05, 9.3711e-06, 5.8500e-05, 3.3262e-05, 8.7275e-05,
        1.0191e-04, 6.2749e-05, 1.1051e-04, 9.2584e-05, 8.5866e-05, 5.1753e-05,
        2.1647e-05, 7.7692e-05, 1.2439e-04, 9.4362e-05, 5.4936e-05, 5.9785e-05,
        2.7143e-05, 3.4134e-05, 2.6620e-05, 9.8137e-05, 2.0575e-04, 3.0651e-05,
        5.4278e-05, 7.1132e-05, 4.2977e-05, 8.7106e-05, 3.0353e-05, 3.3539e-06,
        1.4882e-05, 8.8809e-06, 6.2322e-05, 5.3729e-05, 2.5099e-05, 5.6129e-05,
        3.6973e-05, 3.6998e-06, 5.4730e-09, 1.2990e-04, 3.1791e-05],
       grad_fn=<CatBackward>)

mean_overall=tensor(6.1018e-05, grad_fn=<MeanBackward0>)

-----------------------------------------------ITERATION10-----------------------------------------------

final_causality=[[1, 1, 1, 1, 1, 1, 1, 1, 1, 1, 1, 1, 1], [1, 1, 1, 1, 1, 1, 1, 1, 1, 1, 1, 1, 1, 1, 1, 1, 1, 1, 1, 1, 1, 1, 1, 1, 1, 1, 1, 1, 1, 1, 1, 1, 1, 1, 1, 1, 1, 1, 1, 1, 1, 1, 1, 1, 1, 1, 1, 1, 1, 1], [1, 1, 1, 1, 1, 1, 1, 1, 1, 1, 1, 1, 1, 1, 1, 1, 1, 1, 1, 1, 1, 1, 1, 1, 1, 1, 1, 1, 1, 1, 1, 1, 1, 1, 1, 1, 1, 1, 1, 1, 1, 1, 1, 1, 1, 1, 1, 1, 1, 1]]

means=tensor([1.2450e-05, 1.7461e-05, 3.3072e-05, 5.2600e-05, 3.0469e-04, 2.3079e-05,
        4.1508e-05, 1.2969e-04, 2.4119e-04, 1.9558e-05, 7.4995e-05, 2.4603e-06,
        1.1015e-04, 2.9423e-05, 3.2238e-04, 6.6974e-05, 3.1471e-06, 4.5836e-06,
        3.2642e-05, 5.2256e-05, 7.3065e-05, 6.7060e-06, 1.8739e-04, 4.9835e-05,
        1.9206e-05, 3.0870e-05, 3.6447e-05, 7.8578e-05, 7.7686e-06, 1.5303e-04,
        1.1018e-04, 1.4477e-05, 1.0460e-05, 8.2138e-05, 1.2933e-05, 3.8840e-05,
        1.8403e-04, 1.4157e-04, 1.0455e-04, 1.8949e-05, 6.0090e-05, 4.8457e-05,
        3.2675e-05, 5.8024e-05, 2.5673e-05, 5.8391e-05, 5.1727e-05, 7.2545e-06,
        6.7614e-05, 9.9811e-05, 1.2883e-04, 1.0809e-05, 8.3804e-05, 1.6789e-04,
        9.0150e-06, 4.4886e-05, 4.9952e-06, 4.8130e-05, 1.9806e-05, 3.6254e-05,
        8.1207e-07, 4.9427e-05, 3.4472e-05, 7.1451e-05, 5.3052e-05, 7.5788e-05,
        8.3350e-06, 7.9206e-05, 1.6307e-04, 1.4507e-04, 4.8468e-05, 3.3614e-07,
        1.1324e-05, 6.0157e-05, 6.5141e-06, 5.8830e-05, 3.0143e-05, 9.1145e-05,
        9.9784e-05, 6.6152e-05, 1.1374e-04, 8.9024e-05, 8.2654e-05, 5.0024e-05,
        2.3825e-05, 7.8768e-05, 1.2054e-04, 9.2065e-05, 5.7989e-05, 6.3636e-05,
        3.1575e-05, 3.1124e-05, 2.4327e-05, 1.0261e-04, 1.9958e-04, 3.2864e-05,
        5.7222e-05, 7.0058e-05, 4.0071e-05, 8.9137e-05, 3.3021e-05, 1.3719e-06,
        1.7881e-05, 1.1387e-05, 5.7366e-05, 5.1067e-05, 2.7562e-05, 5.4712e-05,
        4.0262e-05, 1.6683e-06, 8.6345e-07, 1.3436e-04, 3.4224e-05],
       grad_fn=<CatBackward>)

mean_overall=tensor(6.2563e-05, grad_fn=<MeanBackward0>)

-----------------------------------------------ITERATION20-----------------------------------------------

final_causality=[[1, 1, 1, 1, 1, 1, 1, 1, 1, 1, 1, 1, 1], [1, 1, 1, 1, 1, 1, 1, 1, 1, 1, 1, 1, 1, 1, 1, 1, 1, 1, 1, 1, 1, 1, 1, 1, 1, 1, 1, 1, 1, 1, 1, 1, 1, 1, 1, 1, 1, 1, 1, 1, 1, 1, 1, 1, 1, 1, 1, 1, 1, 1], [1, 1, 1, 1, 1, 1, 1, 1, 1, 1, 1, 1, 1, 1, 1, 1, 1, 1, 1, 1, 1, 1, 1, 1, 1, 1, 1, 1, 1, 1, 1, 1, 1, 1, 1, 1, 1, 1, 1, 1, 1, 1, 1, 1, 1, 1, 1, 1, 1, 1]]

means=tensor([1.4749e-05, 2.4062e-05, 2.4304e-05, 3.3858e-05, 3.2615e-04, 4.0046e-05,
        4.1312e-05, 1.1442e-04, 2.3528e-04, 1.1793e-05, 6.3552e-05, 2.7148e-06,
        1.1076e-04, 3.6648e-05, 3.1080e-04, 5.9455e-05, 4.8114e-06, 8.1619e-06,
        3.7949e-05, 4.6290e-05, 6.7852e-05, 3.8077e-06, 1.7932e-04, 3.9745e-05,
        2.6183e-05, 3.6143e-05, 3.8204e-05, 6.4731e-05, 1.2333e-05, 1.4692e-04,
        1.0294e-04, 2.1417e-05, 5.4179e-06, 7.5390e-05, 1.0147e-05, 3.6509e-05,
        1.8030e-04, 1.3610e-04, 1.0737e-04, 1.0737e-05, 6.6160e-05, 4.0537e-05,
        4.1222e-05, 6.3278e-05, 1.7588e-05, 5.2993e-05, 4.5266e-05, 3.7346e-06,
        7.3876e-05, 9.0949e-05, 1.2332e-04, 5.2192e-06, 8.8718e-05, 1.6160e-04,
        1.4067e-05, 3.6262e-05, 9.0092e-06, 5.4602e-05, 9.8003e-06, 4.1623e-05,
        3.8723e-06, 4.3233e-05, 3.8738e-05, 7.2742e-05, 5.2620e-05, 7.5161e-05,
        9.0092e-06, 8.0703e-05, 1.6606e-04, 1.4615e-04, 4.8219e-05, 1.0976e-06,
        1.2373e-05, 6.0271e-05, 7.7575e-06, 5.7933e-05, 3.1192e-05, 9.0071e-05,
        1.0058e-04, 6.4293e-05, 1.1205e-04, 9.0174e-05, 8.4489e-05, 5.1404e-05,
        2.2973e-05, 7.7663e-05, 1.2098e-04, 9.1847e-05, 5.7078e-05, 6.1691e-05,
        2.9393e-05, 3.1846e-05, 2.4412e-05, 1.0019e-04, 2.0222e-04, 3.1799e-05,
        5.5920e-05, 7.1239e-05, 4.1185e-05, 8.8177e-05, 3.1260e-05, 2.1712e-06,
        1.6454e-05, 1.0204e-05, 5.8987e-05, 5.2099e-05, 2.6776e-05, 5.5157e-05,
        3.8932e-05, 2.5402e-06, 4.5287e-07, 1.3176e-04, 3.2873e-05],
       grad_fn=<CatBackward>)

mean_overall=tensor(6.1566e-05, grad_fn=<MeanBackward0>)

-----------------------------------------------ITERATION30-----------------------------------------------

final_causality=[[1, 1, 1, 1, 1, 1, 1, 1, 1, 1, 1, 1, 1], [1, 1, 1, 1, 1, 1, 1, 1, 1, 1, 1, 1, 1, 1, 1, 1, 1, 1, 1, 1, 1, 1, 1, 1, 1, 1, 1, 1, 1, 1, 1, 1, 1, 1, 1, 1, 1, 1, 1, 1, 1, 1, 1, 1, 1, 1, 1, 1, 1, 1], [1, 1, 1, 1, 1, 1, 1, 1, 1, 1, 1, 1, 1, 1, 1, 1, 1, 1, 1, 1, 1, 1, 1, 1, 1, 1, 1, 1, 1, 1, 1, 1, 1, 1, 1, 1, 1, 1, 1, 1, 1, 1, 1, 1, 1, 1, 1, 1, 1, 1]]

means=tensor([1.2509e-05, 2.3774e-05, 3.1493e-05, 5.7957e-05, 3.0503e-04, 2.7682e-05,
        4.0375e-05, 1.1909e-04, 2.3912e-04, 1.6206e-05, 6.6900e-05, 4.7258e-07,
        1.0996e-04, 3.2603e-05, 3.1452e-04, 6.3557e-05, 6.7600e-07, 5.8341e-06,
        3.4795e-05, 5.0595e-05, 7.2125e-05, 5.5979e-06, 1.8444e-04, 4.5495e-05,
        2.1452e-05, 3.2586e-05, 3.6551e-05, 7.4318e-05, 9.1566e-06, 1.5169e-04,
        1.0701e-04, 1.6641e-05, 8.3906e-06, 8.0706e-05, 1.1938e-05, 3.8007e-05,
        1.8122e-04, 1.3976e-04, 1.0481e-04, 1.5949e-05, 6.1906e-05, 4.5880e-05,
        3.6216e-05, 5.9127e-05, 2.2870e-05, 5.6369e-05, 4.9004e-05, 5.8406e-06,
        7.0058e-05, 9.7667e-05, 1.2658e-04, 8.5396e-06, 8.5054e-05, 1.6401e-04,
        1.0780e-05, 4.2058e-05, 5.5762e-06, 5.0684e-05, 1.5572e-05, 3.7981e-05,
        5.7242e-07, 4.5971e-05, 3.5859e-05, 7.1298e-05, 5.2650e-05, 7.4867e-05,
        8.5846e-06, 7.9647e-05, 1.6406e-04, 1.4498e-04, 4.7820e-05, 6.2171e-07,
        1.1679e-05, 6.0532e-05, 6.9314e-06, 5.7474e-05, 3.0151e-05, 9.1467e-05,
        9.9839e-05, 6.5357e-05, 1.1298e-04, 8.8766e-05, 8.3850e-05, 5.1349e-05,
        2.3717e-05, 7.7756e-05, 1.1926e-04, 9.0843e-05, 5.8413e-05, 6.2897e-05,
        3.0627e-05, 3.0787e-05, 2.3806e-05, 1.0173e-04, 1.9976e-04, 3.2453e-05,
        5.6897e-05, 7.1121e-05, 4.0321e-05, 8.8834e-05, 3.2076e-05, 1.6057e-06,
        1.7356e-05, 1.0936e-05, 5.7160e-05, 5.1424e-05, 2.7806e-05, 5.4932e-05,
        3.9913e-05, 1.9612e-06, 6.8862e-07, 1.3303e-04, 3.3390e-05],
       grad_fn=<CatBackward>)

mean_overall=tensor(6.1961e-05, grad_fn=<MeanBackward0>)

-----------------------------------------------ITERATION40-----------------------------------------------

final_causality=[[1, 1, 1, 1, 1, 1, 1, 1, 1, 1, 1, 1, 1], [1, 1, 1, 1, 1, 1, 1, 1, 1, 1, 1, 1, 1, 1, 1, 1, 1, 1, 1, 1, 1, 1, 1, 1, 1, 1, 1, 1, 1, 1, 1, 1, 1, 1, 1, 1, 1, 1, 1, 1, 1, 1, 1, 1, 1, 1, 1, 1, 1, 1], [1, 1, 1, 1, 1, 1, 1, 1, 1, 1, 1, 1, 1, 1, 1, 1, 1, 1, 1, 1, 1, 1, 1, 1, 1, 1, 1, 1, 1, 1, 1, 1, 1, 1, 1, 1, 1, 1, 1, 1, 1, 1, 1, 1, 1, 1, 1, 1, 1, 1]]

means=tensor([1.2764e-05, 2.8144e-05, 2.9587e-05, 5.7850e-05, 3.0881e-04, 3.3665e-05,
        3.9273e-05, 1.1104e-04, 2.3642e-04, 1.3406e-05, 6.0904e-05, 2.0245e-07,
        1.1055e-04, 3.5660e-05, 3.0828e-04, 6.0425e-05, 3.3943e-06, 7.1875e-06,
        3.7015e-05, 4.8587e-05, 7.0747e-05, 4.5732e-06, 1.8146e-04, 4.1340e-05,
        2.4013e-05, 3.4545e-05, 3.6984e-05, 6.9514e-05, 1.0760e-05, 1.4990e-04,
        1.0396e-04, 1.9136e-05, 6.4316e-06, 7.8782e-05, 1.0877e-05, 3.7114e-05,
        1.7908e-04, 1.3784e-04, 1.0547e-04, 1.2883e-05, 6.4072e-05, 4.3182e-05,
        3.9764e-05, 6.0783e-05, 1.9800e-05, 5.4405e-05, 4.6328e-05, 4.4497e-06,
        7.2597e-05, 9.4932e-05, 1.2442e-04, 6.4123e-06, 8.6698e-05, 1.6080e-04,
        1.2692e-05, 3.8869e-05, 6.6924e-06, 5.3249e-05, 1.1565e-05, 3.9923e-05,
        2.1511e-06, 4.3047e-05, 3.7473e-05, 7.1593e-05, 5.2384e-05, 7.4337e-05,
        8.8472e-06, 8.0241e-05, 1.6512e-04, 1.4516e-04, 4.7736e-05, 9.1738e-07,
        1.2082e-05, 6.0840e-05, 7.4348e-06, 5.6666e-05, 3.0445e-05, 9.1253e-05,
        1.0004e-04, 6.4817e-05, 1.1251e-04, 8.8893e-05, 8.4866e-05, 5.1865e-05,
        2.3456e-05, 7.7122e-05, 1.1894e-04, 9.0472e-05, 5.8446e-05, 6.2186e-05,
        2.9765e-05, 3.0872e-05, 2.3949e-05, 1.0098e-04, 2.0008e-04, 3.2073e-05,
        5.6525e-05, 7.1672e-05, 4.0760e-05, 8.8830e-05, 3.1548e-05, 1.8944e-06,
        1.6852e-05, 1.0497e-05, 5.7326e-05, 5.1990e-05, 2.7787e-05, 5.5315e-05,
        3.9403e-05, 2.3011e-06, 5.3246e-07, 1.3207e-04, 3.2716e-05],
       grad_fn=<CatBackward>)

mean_overall=tensor(6.1569e-05, grad_fn=<MeanBackward0>)

-----------------------------------------------ITERATION50-----------------------------------------------

final_causality=[[1, 1, 1, 1, 1, 1, 1, 1, 1, 1, 1, 1, 1], [1, 1, 1, 1, 1, 1, 1, 1, 1, 1, 1, 1, 1, 1, 1, 1, 1, 1, 1, 1, 1, 1, 1, 1, 1, 1, 1, 1, 1, 1, 1, 1, 1, 1, 1, 1, 1, 1, 1, 1, 1, 1, 1, 1, 1, 1, 1, 1, 1, 1], [1, 1, 1, 1, 1, 1, 1, 1, 1, 1, 1, 1, 1, 1, 1, 1, 1, 1, 1, 1, 1, 1, 1, 1, 1, 1, 1, 1, 1, 1, 1, 1, 1, 1, 1, 1, 1, 1, 1, 1, 1, 1, 1, 1, 1, 1, 1, 1, 1, 1]]

means=tensor([1.1310e-05, 3.0185e-05, 3.3619e-05, 7.4231e-05, 2.9624e-04, 2.8335e-05,
        3.7969e-05, 1.1017e-04, 2.3767e-04, 1.4946e-05, 6.0167e-05, 2.7966e-06,
        1.1044e-04, 3.4414e-05, 3.0769e-04, 6.1662e-05, 2.0166e-06, 6.3077e-06,
        3.6004e-05, 5.0534e-05, 7.3049e-05, 5.3008e-06, 1.8348e-04, 4.3158e-05,
        2.2145e-05, 3.3151e-05, 3.6132e-05, 7.3680e-05, 9.4222e-06, 1.5229e-04,
        1.0518e-04, 1.7210e-05, 7.4635e-06, 8.1529e-05, 1.1553e-05, 3.7675e-05,
        1.7865e-04, 1.3940e-04, 1.0408e-04, 1.4934e-05, 6.2274e-05, 4.5560e-05,
        3.8175e-05, 5.8878e-05, 2.1821e-05, 5.5812e-05, 4.7497e-05, 5.1677e-06,
        7.1292e-05, 9.8217e-05, 1.2557e-04, 7.6237e-06, 8.5092e-05, 1.6082e-04,
        1.1440e-05, 4.1215e-05, 4.9866e-06, 5.1869e-05, 1.3473e-05, 3.8460e-05,
        7.1452e-07, 4.3449e-05, 3.6380e-05, 7.1143e-05, 5.2275e-05, 7.3921e-05,
        8.6922e-06, 7.9859e-05, 1.6427e-04, 1.4446e-04, 4.7940e-05, 7.4371e-07,
        1.1819e-05, 6.1234e-05, 7.1510e-06, 5.5979e-05, 2.9943e-05, 9.2016e-05,
        9.9654e-05, 6.5392e-05, 1.1297e-04, 8.8029e-05, 8.4943e-05, 5.1836e-05,
        2.3819e-05, 7.6945e-05, 1.1778e-04, 8.9814e-05, 5.9381e-05, 6.2674e-05,
        3.0195e-05, 3.0273e-05, 2.3822e-05, 1.0170e-04, 1.9843e-04, 3.2348e-05,
        5.7028e-05, 7.1748e-05, 4.0448e-05, 8.9446e-05, 3.1979e-05, 1.6800e-06,
        1.7238e-05, 1.0786e-05, 5.6274e-05, 5.1897e-05, 2.8478e-05, 5.5453e-05,
        3.9787e-05, 2.0961e-06, 6.1734e-07, 1.3259e-04, 3.2732e-05],
       grad_fn=<CatBackward>)

mean_overall=tensor(6.1714e-05, grad_fn=<MeanBackward0>)

-----------------------------------------------ITERATION60-----------------------------------------------

final_causality=[[1, 1, 1, 1, 1, 1, 1, 1, 1, 1, 1, 1, 1], [1, 1, 1, 1, 1, 1, 1, 1, 1, 1, 1, 1, 1, 1, 1, 1, 1, 1, 1, 1, 1, 1, 1, 1, 1, 1, 1, 1, 1, 1, 1, 1, 1, 1, 1, 1, 1, 1, 1, 1, 1, 1, 1, 1, 1, 1, 1, 1, 1, 1], [1, 1, 1, 1, 1, 1, 1, 1, 1, 1, 1, 1, 1, 1, 1, 1, 1, 1, 1, 1, 1, 1, 1, 1, 1, 1, 1, 1, 1, 1, 1, 1, 1, 1, 1, 1, 1, 1, 1, 1, 1, 1, 1, 1, 1, 1, 1, 1, 1, 1]]

means=tensor([1.0731e-05, 3.3926e-05, 3.4432e-05, 8.1878e-05, 2.9249e-04, 2.9687e-05,
        3.6514e-05, 1.0462e-04, 2.3651e-04, 1.3881e-05, 5.5962e-05, 4.5085e-06,
        1.1088e-04, 3.5804e-05, 3.0340e-04, 6.0272e-05, 3.1363e-06, 6.7654e-06,
        3.6984e-05, 5.0174e-05, 7.3310e-05, 5.0125e-06, 1.8252e-04, 4.1345e-05,
        2.2920e-05, 3.3764e-05, 3.6020e-05, 7.2604e-05, 9.8148e-06, 1.5229e-04,
        1.0382e-04, 1.7907e-05, 6.7207e-06, 8.1647e-05, 1.1201e-05, 3.7371e-05,
        1.7707e-04, 1.3894e-04, 1.0384e-04, 1.3949e-05, 6.2815e-05, 4.5053e-05,
        3.9735e-05, 5.9057e-05, 2.0813e-05, 5.5375e-05, 4.6333e-05, 4.6239e-06,
        7.2325e-05, 9.8053e-05, 1.2475e-04, 6.8435e-06, 8.5405e-05, 1.5878e-04,
        1.2082e-05, 4.0262e-05, 4.9021e-06, 5.2864e-05, 1.1814e-05, 3.9022e-05,
        1.0430e-06, 4.1779e-05, 3.6922e-05, 7.1132e-05, 5.2060e-05, 7.3414e-05,
        8.7891e-06, 8.0081e-05, 1.6453e-04, 1.4424e-04, 4.8028e-05, 8.4995e-07,
        1.1958e-05, 6.1655e-05, 7.3541e-06, 5.5155e-05, 2.9917e-05, 9.2200e-05,
        9.9606e-05, 6.5374e-05, 1.1293e-04, 8.7718e-05, 8.5641e-05, 5.2032e-05,
        2.3811e-05, 7.6502e-05, 1.1709e-04, 8.9382e-05, 5.9847e-05, 6.2461e-05,
        2.9858e-05, 3.0073e-05, 2.3960e-05, 1.0158e-04, 1.9777e-04, 3.2244e-05,
        5.7039e-05, 7.2085e-05, 4.0610e-05, 8.9825e-05, 3.1913e-05, 1.7677e-06,
        1.7107e-05, 1.0645e-05, 5.5864e-05, 5.2269e-05, 2.8788e-05, 5.5817e-05,
        3.9627e-05, 2.2247e-06, 5.6039e-07, 1.3229e-04, 3.2311e-05],
       grad_fn=<CatBackward>)

mean_overall=tensor(6.1551e-05, grad_fn=<MeanBackward0>)

-----------------------------------------------ITERATION70-----------------------------------------------

final_causality=[[1, 1, 1, 1, 1, 1, 1, 1, 1, 1, 1, 1, 1], [1, 1, 1, 1, 1, 1, 1, 1, 1, 1, 1, 1, 1, 1, 1, 1, 1, 1, 1, 1, 1, 1, 1, 1, 1, 1, 1, 1, 1, 1, 1, 1, 1, 1, 1, 1, 1, 1, 1, 1, 1, 1, 1, 1, 1, 1, 1, 1, 1, 1], [1, 1, 1, 1, 1, 1, 1, 1, 1, 1, 1, 1, 1, 1, 1, 1, 1, 1, 1, 1, 1, 1, 1, 1, 1, 1, 1, 1, 1, 1, 1, 1, 1, 1, 1, 1, 1, 1, 1, 1, 1, 1, 1, 1, 1, 1, 1, 1, 1, 1]]

means=tensor([9.5432e-06, 3.7002e-05, 3.7282e-05, 9.5329e-05, 2.8294e-04, 2.7153e-05,
        3.4945e-05, 1.0131e-04, 2.3674e-04, 1.4192e-05, 5.3362e-05, 7.1929e-06,
        1.1107e-04, 3.5745e-05, 3.0092e-04, 6.0344e-05, 2.8936e-06, 6.4743e-06,
        3.6871e-05, 5.1183e-05, 7.4875e-05, 5.3191e-06, 1.8324e-04, 4.1521e-05,
        2.2207e-05, 3.3244e-05, 3.5685e-05, 7.4610e-05, 9.2066e-06, 1.5375e-04,
        1.0389e-04, 1.7120e-05, 6.9733e-06, 8.3407e-05, 1.1437e-05, 3.7560e-05,
        1.7603e-04, 1.3967e-04, 1.0289e-04, 1.4716e-05, 6.1989e-05, 4.6269e-05,
        3.9576e-05, 5.8035e-05, 2.1526e-05, 5.6048e-05, 4.6455e-05, 4.7848e-06,
        7.2157e-05, 9.9986e-05, 1.2504e-04, 7.1868e-06, 8.4621e-05, 1.5778e-04,
        1.1656e-05, 4.1205e-05, 3.8484e-06, 5.2531e-05, 1.2127e-05, 3.8441e-05,
        3.4463e-07, 4.1198e-05, 3.6554e-05, 7.0857e-05, 5.1887e-05, 7.2930e-05,
        8.7457e-06, 7.9975e-05, 1.6413e-04, 1.4370e-04, 4.8166e-05, 7.9955e-07,
        1.1872e-05, 6.2122e-05, 7.2902e-06, 5.4343e-05, 2.9615e-05, 9.2738e-05,
        9.9349e-05, 6.5738e-05, 1.1318e-04, 8.7060e-05, 8.6030e-05, 5.2053e-05,
        2.4020e-05, 7.6209e-05, 1.1610e-04, 8.8847e-05, 6.0642e-05, 6.2643e-05,
        2.9953e-05, 2.9631e-05, 2.3999e-05, 1.0194e-04, 1.9641e-04, 3.2363e-05,
        5.7355e-05, 7.2279e-05, 4.0515e-05, 9.0436e-05, 3.2163e-05, 1.6887e-06,
        1.7280e-05, 1.0752e-05, 5.5087e-05, 5.2415e-05, 2.9352e-05, 5.6100e-05,
        3.9776e-05, 2.1699e-06, 5.8394e-07, 1.3249e-04, 3.2111e-05],
       grad_fn=<CatBackward>)

mean_overall=tensor(6.1567e-05, grad_fn=<MeanBackward0>)

-----------------------------------------------ITERATION80-----------------------------------------------

final_causality=[[1, 1, 1, 1, 1, 1, 1, 1, 1, 1, 1, 1, 1], [1, 1, 1, 1, 1, 1, 1, 1, 1, 1, 1, 1, 1, 1, 1, 1, 1, 1, 1, 1, 1, 1, 1, 1, 1, 1, 1, 1, 1, 1, 1, 1, 1, 1, 1, 1, 1, 1, 1, 1, 1, 1, 1, 1, 1, 1, 1, 1, 1, 1], [1, 1, 1, 1, 1, 1, 1, 1, 1, 1, 1, 1, 1, 1, 1, 1, 1, 1, 1, 1, 1, 1, 1, 1, 1, 1, 1, 1, 1, 1, 1, 1, 1, 1, 1, 1, 1, 1, 1, 1, 1, 1, 1, 1, 1, 1, 1, 1, 1, 1]]

means=tensor([8.5555e-06, 4.0574e-05, 3.9341e-05, 1.0660e-04, 2.7541e-04, 2.6305e-05,
        3.3277e-05, 9.6684e-05, 2.3638e-04, 1.3766e-05, 4.9738e-05, 9.6210e-06,
        1.1141e-04, 3.6392e-05, 2.9741e-04, 5.9741e-05, 3.3126e-06, 6.5296e-06,
        3.7291e-05, 5.1609e-05, 7.5954e-05, 5.3687e-06, 1.8317e-04, 4.0735e-05,
        2.2174e-05, 3.3241e-05, 3.5731e-05, 7.5289e-05, 9.0360e-06, 1.5462e-04,
        1.0329e-04, 1.7003e-05, 6.7723e-06, 8.4526e-05, 1.1415e-05, 3.7530e-05,
        1.7466e-04, 1.3990e-04, 1.0222e-04, 1.4699e-05, 6.1751e-05, 4.6757e-05,
        4.0256e-05, 5.7539e-05, 2.1470e-05, 5.6220e-05, 4.5971e-05, 4.6233e-06,
        7.2737e-05, 1.0106e-04, 1.2483e-04, 7.0049e-06, 8.4327e-05, 1.5623e-04,
        1.1721e-05, 4.1296e-05, 3.1922e-06, 5.2820e-05, 1.1500e-05, 3.8383e-05,
        5.8226e-08, 4.0065e-05, 3.6610e-05, 7.0700e-05, 5.1684e-05, 7.2419e-05,
        8.7684e-06, 8.0027e-05, 1.6401e-04, 1.4327e-04, 4.8275e-05, 8.2109e-07,
        1.1890e-05, 6.2612e-05, 7.3532e-06, 5.3481e-05, 2.9430e-05, 9.3141e-05,
        9.9176e-05, 6.5949e-05, 1.1328e-04, 8.6544e-05, 8.6590e-05, 5.2135e-05,
        2.4134e-05, 7.5851e-05, 1.1521e-04, 8.8377e-05, 6.1331e-05, 6.2640e-05,
        2.9848e-05, 2.9282e-05, 2.4106e-05, 1.0207e-04, 1.9527e-04, 3.2384e-05,
        5.7549e-05, 7.2555e-05, 4.0544e-05, 9.1000e-05, 3.2279e-05, 1.6856e-06,
        1.7317e-05, 1.0747e-05, 5.4445e-05, 5.2690e-05, 2.9823e-05, 5.6451e-05,
        3.9786e-05, 2.2019e-06, 5.7071e-07, 1.3248e-04, 3.1792e-05],
       grad_fn=<CatBackward>)

mean_overall=tensor(6.1502e-05, grad_fn=<MeanBackward0>)

-----------------------------------------------ITERATION90-----------------------------------------------

final_causality=[[1, 1, 1, 1, 1, 1, 1, 1, 1, 1, 1, 1, 1], [1, 1, 1, 1, 1, 1, 1, 1, 1, 1, 1, 1, 1, 1, 1, 1, 1, 1, 1, 1, 1, 1, 1, 1, 1, 1, 1, 1, 1, 1, 1, 1, 1, 1, 1, 1, 1, 1, 1, 1, 1, 1, 1, 1, 1, 1, 1, 1, 1, 1], [1, 1, 1, 1, 1, 1, 1, 1, 1, 1, 1, 1, 1, 1, 1, 1, 1, 1, 1, 1, 1, 1, 1, 1, 1, 1, 1, 1, 1, 1, 1, 1, 1, 1, 1, 1, 1, 1, 1, 1, 1, 1, 1, 1, 1, 1, 1, 1, 1, 1]]

means=tensor([7.4673e-06, 4.4155e-05, 4.1664e-05, 1.1862e-04, 2.6695e-04, 2.4980e-05,
        3.1528e-05, 9.2158e-05, 2.3623e-04, 1.3399e-05, 4.6127e-05, 1.2253e-05,
        1.1174e-04, 3.6900e-05, 2.9400e-04, 5.9300e-05, 3.6055e-06, 6.5069e-06,
        3.7605e-05, 5.2208e-05, 7.7233e-05, 5.4904e-06, 1.8326e-04, 4.0135e-05,
        2.1992e-05, 3.3116e-05, 3.5743e-05, 7.6346e-05, 8.7465e-06, 1.5569e-04,
        1.0286e-04, 1.6725e-05, 6.6789e-06, 8.5880e-05, 1.1464e-05, 3.7559e-05,
        1.7331e-04, 1.4028e-04, 1.0221e-04, 1.4886e-05, 6.1341e-05, 4.7452e-05,
        4.0774e-05, 5.6907e-05, 2.1610e-05, 5.6510e-05, 4.5622e-05, 4.5389e-06,
        7.3187e-05, 1.0240e-04, 1.2473e-04, 6.9371e-06, 8.3915e-05, 1.5476e-04,
        1.1669e-05, 4.1604e-05, 2.4098e-06, 5.2971e-05, 1.1065e-05, 3.8206e-05,
        3.7747e-07, 3.9029e-05, 3.6574e-05, 7.0996e-05, 5.1480e-05, 7.1905e-05,
        8.7771e-06, 8.0046e-05, 1.6381e-04, 1.4277e-04, 4.8390e-05, 8.2617e-07,
        1.1885e-05, 6.3126e-05, 7.3883e-06, 5.2602e-05, 2.9209e-05, 9.3598e-05,
        9.8974e-05, 6.6208e-05, 1.1341e-04, 8.6004e-05, 8.7127e-05, 5.2197e-05,
        2.4273e-05, 7.5516e-05, 1.1428e-04, 8.7910e-05, 6.2075e-05, 6.2673e-05,
        2.9786e-05, 2.8897e-05, 2.4203e-05, 1.0223e-04, 1.9420e-04, 3.2431e-05,
        5.7782e-05, 7.2831e-05, 4.0545e-05, 9.1611e-05, 3.2427e-05, 1.6645e-06,
        1.7389e-05, 1.0769e-05, 5.3751e-05, 5.2948e-05, 3.0331e-05, 5.6798e-05,
        3.9835e-05, 2.2150e-06, 5.6598e-07, 1.3253e-04, 3.1489e-05],
       grad_fn=<CatBackward>)

mean_overall=tensor(6.1471e-05, grad_fn=<MeanBackward0>)

-----------------------------------------------ITERATION100-----------------------------------------------

final_causality=[[1, 1, 1, 1, 1, 1, 1, 1, 1, 1, 1, 1, 1], [1, 1, 1, 1, 1, 1, 1, 1, 1, 1, 1, 1, 1, 1, 1, 1, 1, 1, 1, 1, 1, 1, 1, 1, 1, 1, 1, 1, 1, 1, 1, 1, 1, 1, 1, 1, 1, 1, 1, 1, 1, 1, 1, 1, 1, 1, 1, 1, 1, 1], [1, 1, 1, 1, 1, 1, 1, 1, 1, 1, 1, 1, 1, 1, 1, 1, 1, 1, 1, 1, 1, 1, 1, 1, 1, 1, 1, 1, 1, 1, 1, 1, 1, 1, 1, 1, 1, 1, 1, 1, 1, 1, 1, 1, 1, 1, 1, 1, 1, 1]]

means=tensor([6.3029e-06, 4.7749e-05, 4.4166e-05, 1.3113e-04, 2.5778e-04, 2.3308e-05,
        2.9707e-05, 8.7679e-05, 2.3625e-04, 1.3034e-05, 4.2483e-05, 1.5050e-05,
        1.1205e-04, 3.7314e-05, 2.9065e-04, 5.8977e-05, 3.8171e-06, 6.4313e-06,
        3.7847e-05, 5.2934e-05, 7.8667e-05, 5.6648e-06, 1.8345e-04, 3.9658e-05,
        2.1735e-05, 3.2905e-05, 3.5731e-05, 7.7678e-05, 8.3715e-06, 1.5689e-04,
        1.0253e-04, 1.6336e-05, 6.6816e-06, 8.7413e-05, 1.1566e-05, 3.7632e-05,
        1.7198e-04, 1.4077e-04, 1.0215e-04, 1.5222e-05, 6.0802e-05, 4.8297e-05,
        4.1184e-05, 5.6184e-05, 2.1892e-05, 5.6881e-05, 4.5367e-05, 4.5091e-06,
        7.3541e-05, 1.0396e-04, 1.2472e-04, 6.9468e-06, 8.3421e-05, 1.5334e-04,
        1.1538e-05, 4.2069e-05, 1.5359e-06, 5.3026e-05, 1.0758e-05, 3.7949e-05,
        7.6538e-07, 3.8061e-05, 3.6474e-05, 7.1290e-05, 5.1275e-05, 7.1390e-05,
        8.7764e-06, 8.0045e-05, 1.6354e-04, 1.4224e-04, 4.8509e-05, 8.2010e-07,
        1.1864e-05, 6.3661e-05, 7.4034e-06, 5.1710e-05, 2.8962e-05, 9.4100e-05,
        9.8751e-05, 6.6498e-05, 1.1354e-04, 8.5432e-05, 8.7647e-05, 5.2246e-05,
        2.4431e-05, 7.5201e-05, 1.1331e-04, 8.7450e-05, 6.2862e-05, 6.2727e-05,
        2.9754e-05, 2.8486e-05, 2.4291e-05, 1.0241e-04, 1.9342e-04, 3.2494e-05,
        5.8046e-05, 7.3112e-05, 4.0527e-05, 9.2260e-05, 3.2592e-05, 1.6312e-06,
        1.7485e-05, 1.0810e-05, 5.3221e-05, 5.3195e-05, 3.0866e-05, 5.7142e-05,
        3.9911e-05, 2.2149e-06, 5.6708e-07, 1.3262e-04, 3.1195e-05],
       grad_fn=<CatBackward>)

mean_overall=tensor(6.1459e-05, grad_fn=<MeanBackward0>)

-----------------------------------------------ITERATION110-----------------------------------------------

final_causality=[[1, 1, 1, 1, 1, 1, 1, 1, 1, 1, 1, 1, 1], [1, 1, 1, 1, 1, 1, 1, 1, 1, 1, 1, 1, 1, 1, 1, 1, 1, 1, 1, 1, 1, 1, 1, 1, 1, 1, 1, 1, 1, 1, 1, 1, 1, 1, 1, 1, 1, 1, 1, 1, 1, 1, 1, 1, 1, 1, 1, 1, 1, 1], [1, 1, 1, 1, 1, 1, 1, 1, 1, 1, 1, 1, 1, 1, 1, 1, 1, 1, 1, 1, 1, 1, 1, 1, 1, 1, 1, 1, 1, 1, 1, 1, 1, 1, 1, 1, 1, 1, 1, 1, 1, 1, 1, 1, 1, 1, 1, 1, 1, 1]]

means=tensor([5.1721e-06, 5.1467e-05, 4.6475e-05, 1.4300e-04, 2.4891e-04, 2.1992e-05,
        2.7827e-05, 8.2839e-05, 2.3621e-04, 1.2404e-05, 3.8502e-05, 1.7840e-05,
        1.1239e-04, 3.7904e-05, 2.8705e-04, 5.8512e-05, 4.1978e-06, 6.4380e-06,
        3.8222e-05, 5.3535e-05, 8.0021e-05, 5.7850e-06, 1.8343e-04, 3.8940e-05,
        2.1640e-05, 3.2815e-05, 3.5754e-05, 7.8725e-05, 8.0910e-06, 1.5797e-04,
        1.0207e-04, 1.6101e-05, 6.6239e-06, 8.8825e-05, 1.1617e-05, 3.7661e-05,
        1.7056e-04, 1.4115e-04, 1.0216e-04, 1.5383e-05, 6.0383e-05, 4.8977e-05,
        4.1805e-05, 5.5584e-05, 2.2008e-05, 5.7125e-05, 4.4977e-05, 4.4095e-06,
        7.4031e-05, 1.0533e-04, 1.2459e-04, 6.8249e-06, 8.3047e-05, 1.5180e-04,
        1.1520e-05, 4.2339e-05, 7.4332e-07, 5.3228e-05, 1.0250e-05, 3.7819e-05,
        1.0732e-06, 3.6965e-05, 3.6478e-05, 7.1597e-05, 5.1062e-05, 7.0875e-05,
        8.7924e-06, 8.0081e-05, 1.6332e-04, 1.4171e-04, 4.8620e-05, 8.3054e-07,
        1.1867e-05, 6.4210e-05, 7.4479e-06, 5.0804e-05, 2.8740e-05, 9.4579e-05,
        9.8546e-05, 6.6751e-05, 1.1361e-04, 8.4898e-05, 8.8208e-05, 5.2311e-05,
        2.4565e-05, 7.4884e-05, 1.1237e-04, 8.7027e-05, 6.3630e-05, 6.2730e-05,
        2.9673e-05, 2.8092e-05, 2.4392e-05, 1.0251e-04, 1.9270e-04, 3.2534e-05,
        5.8281e-05, 7.3426e-05, 4.0537e-05, 9.2904e-05, 3.2717e-05, 1.6144e-06,
        1.7551e-05, 1.0824e-05, 5.3390e-05, 5.3476e-05, 3.1379e-05, 5.7501e-05,
        3.9960e-05, 2.2353e-06, 5.5953e-07, 1.3265e-04, 3.0872e-05],
       grad_fn=<CatBackward>)

mean_overall=tensor(6.1428e-05, grad_fn=<MeanBackward0>)

-----------------------------------------------ITERATION120-----------------------------------------------

final_causality=[[1, 1, 1, 1, 1, 1, 1, 1, 1, 1, 1, 1, 1], [1, 1, 1, 1, 1, 1, 1, 1, 1, 1, 1, 1, 1, 1, 1, 1, 1, 1, 1, 1, 1, 1, 1, 1, 1, 1, 1, 1, 1, 1, 1, 1, 1, 1, 1, 1, 1, 1, 1, 1, 1, 1, 1, 1, 1, 1, 1, 1, 1, 1], [1, 1, 1, 1, 1, 1, 1, 1, 1, 1, 1, 1, 1, 1, 1, 1, 1, 1, 1, 1, 1, 1, 1, 1, 1, 1, 1, 1, 1, 1, 1, 1, 1, 1, 1, 1, 1, 1, 1, 1, 1, 1, 1, 1, 1, 1, 1, 1, 1, 1]]

means=tensor([3.9843e-06, 5.5168e-05, 4.8899e-05, 1.5512e-04, 2.3949e-04, 2.0390e-05,
        2.5893e-05, 7.8060e-05, 2.3633e-04, 1.1739e-05, 3.4489e-05, 2.0759e-05,
        1.1272e-04, 3.8413e-05, 2.8353e-04, 5.8153e-05, 4.5154e-06, 6.4029e-06,
        3.8538e-05, 5.4239e-05, 8.1502e-05, 5.9490e-06, 1.8349e-04, 3.8320e-05,
        2.1461e-05, 3.2657e-05, 3.5757e-05, 7.9995e-05, 7.7412e-06, 1.5916e-04,
        1.0171e-04, 1.5780e-05, 6.6287e-06, 9.0381e-05, 1.1713e-05, 3.7727e-05,
        1.6915e-04, 1.4163e-04, 1.0213e-04, 1.5669e-05, 5.9856e-05, 4.9774e-05,
        4.2338e-05, 5.4918e-05, 2.2242e-05, 5.7428e-05, 4.4668e-05, 4.3562e-06,
        7.4434e-05, 1.0686e-04, 1.2453e-04, 6.7636e-06, 8.2613e-05, 1.5031e-04,
        1.1437e-05, 4.2736e-05, 4.5021e-07, 5.3351e-05, 9.8524e-06, 3.7629e-05,
        1.4427e-06, 3.5934e-05, 3.6432e-05, 7.1899e-05, 5.0849e-05, 7.0365e-05,
        8.8011e-06, 8.0100e-05, 1.6305e-04, 1.4114e-04, 4.8734e-05, 8.3201e-07,
        1.1858e-05, 6.4774e-05, 7.4756e-06, 4.9896e-05, 2.8498e-05, 9.5094e-05,
        9.8325e-05, 6.7027e-05, 1.1368e-04, 8.4347e-05, 8.8751e-05, 5.2365e-05,
        2.4713e-05, 7.4592e-05, 1.1141e-04, 8.6623e-05, 6.4429e-05, 6.2748e-05,
        2.9617e-05, 2.7679e-05, 2.4482e-05, 1.0261e-04, 1.9193e-04, 3.2588e-05,
        5.8539e-05, 7.3747e-05, 4.0530e-05, 9.3577e-05, 3.2853e-05, 1.5878e-06,
        1.7641e-05, 1.0853e-05, 5.3559e-05, 5.3744e-05, 3.1910e-05, 5.7852e-05,
        4.0033e-05, 2.2449e-06, 5.5670e-07, 1.3272e-04, 3.0582e-05],
       grad_fn=<CatBackward>)

mean_overall=tensor(6.1412e-05, grad_fn=<MeanBackward0>)

-----------------------------------------------ITERATION130-----------------------------------------------

final_causality=[[1, 1, 1, 1, 1, 1, 1, 1, 1, 1, 1, 1, 1], [1, 1, 1, 1, 1, 1, 1, 1, 1, 1, 1, 1, 1, 1, 1, 1, 1, 1, 1, 1, 1, 1, 1, 1, 1, 1, 1, 1, 1, 1, 1, 1, 1, 1, 1, 1, 1, 1, 1, 1, 1, 1, 1, 1, 1, 1, 1, 1, 1, 1], [1, 1, 1, 1, 1, 1, 1, 1, 1, 1, 1, 1, 1, 1, 1, 1, 1, 1, 1, 1, 1, 1, 1, 1, 1, 1, 1, 1, 1, 1, 1, 1, 1, 1, 1, 1, 1, 1, 1, 1, 1, 1, 1, 1, 1, 1, 1, 1, 1, 1]]

means=tensor([2.7802e-06, 5.8882e-05, 5.1296e-05, 1.6705e-04, 2.2988e-04, 1.8753e-05,
        2.3914e-05, 7.3210e-05, 2.3655e-04, 1.0943e-05, 3.0345e-05, 2.3740e-05,
        1.1304e-04, 3.8936e-05, 2.7998e-04, 5.7812e-05, 4.8575e-06, 6.3733e-06,
        3.8866e-05, 5.4957e-05, 8.3024e-05, 6.1192e-06, 1.8351e-04, 3.7674e-05,
        2.1292e-05, 3.2504e-05, 3.5762e-05, 8.1287e-05, 7.3857e-06, 1.6037e-04,
        1.0136e-04, 1.5465e-05, 6.6343e-06, 9.1971e-05, 1.1819e-05, 3.7800e-05,
        1.6774e-04, 1.4213e-04, 1.0210e-04, 1.5966e-05, 5.9310e-05, 5.0576e-05,
        4.2893e-05, 5.4263e-05, 2.2487e-05, 5.7716e-05, 4.4362e-05, 4.3059e-06,
        7.4831e-05, 1.0841e-04, 1.2448e-04, 6.6893e-06, 8.2192e-05, 1.4896e-04,
        1.1357e-05, 4.3137e-05, 1.2186e-06, 5.3480e-05, 9.4263e-06, 3.7452e-05,
        1.8190e-06, 3.4902e-05, 3.6395e-05, 7.2200e-05, 5.0634e-05, 6.9863e-05,
        8.8117e-06, 8.0122e-05, 1.6277e-04, 1.4055e-04, 4.8846e-05, 8.3420e-07,
        1.1850e-05, 6.5350e-05, 7.5036e-06, 4.8986e-05, 2.8255e-05, 9.5619e-05,
        9.8102e-05, 6.7300e-05, 1.1373e-04, 8.3804e-05, 8.9294e-05, 5.2420e-05,
        2.4859e-05, 7.4318e-05, 1.1046e-04, 8.6249e-05, 6.5236e-05, 6.2754e-05,
        2.9557e-05, 2.7263e-05, 2.4569e-05, 1.0268e-04, 1.9116e-04, 3.2641e-05,
        5.8797e-05, 7.4084e-05, 4.0524e-05, 9.4263e-05, 3.2978e-05, 1.5614e-06,
        1.7747e-05, 1.0882e-05, 5.4529e-05, 5.4017e-05, 3.2440e-05, 5.8202e-05,
        4.0110e-05, 2.2555e-06, 5.5351e-07, 1.3279e-04, 3.0684e-05],
       grad_fn=<CatBackward>)

mean_overall=tensor(6.1414e-05, grad_fn=<MeanBackward0>)

-----------------------------------------------ITERATION140-----------------------------------------------

final_causality=[[1, 1, 1, 1, 1, 1, 1, 1, 1, 1, 1, 1, 1], [1, 1, 1, 1, 1, 1, 1, 1, 1, 1, 1, 1, 1, 1, 1, 1, 1, 1, 1, 1, 1, 1, 1, 1, 1, 1, 1, 1, 1, 1, 1, 1, 1, 1, 1, 1, 1, 1, 1, 1, 1, 1, 1, 1, 1, 1, 1, 1, 1, 1], [1, 1, 1, 1, 1, 1, 1, 1, 1, 1, 1, 1, 1, 1, 1, 1, 1, 1, 1, 1, 1, 1, 1, 1, 1, 1, 1, 1, 1, 1, 1, 1, 1, 1, 1, 1, 1, 1, 1, 1, 1, 1, 1, 1, 1, 1, 1, 1, 1, 1]]

means=tensor([1.5722e-06, 6.2603e-05, 5.3626e-05, 1.7865e-04, 2.2020e-04, 1.7141e-05,
        2.1896e-05, 6.8273e-05, 2.3684e-04, 9.9892e-06, 2.6055e-05, 2.6761e-05,
        1.1336e-04, 3.9491e-05, 2.7639e-04, 5.7469e-05, 5.2432e-06, 6.3598e-06,
        3.9221e-05, 5.5664e-05, 8.4563e-05, 6.2867e-06, 1.8346e-04, 3.6973e-05,
        2.1156e-05, 3.2371e-05, 3.5772e-05, 8.2553e-05, 7.0395e-06, 1.6157e-04,
        1.0102e-04, 1.5178e-05, 6.6270e-06, 9.3566e-05, 1.1926e-05, 3.7873e-05,
        1.6631e-04, 1.4263e-04, 1.0208e-04, 1.6247e-05, 5.8765e-05, 5.1352e-05,
        4.3494e-05, 5.3637e-05, 2.2717e-05, 5.7971e-05, 4.4042e-05, 4.2496e-06,
        7.5237e-05, 1.0994e-04, 1.2441e-04, 6.5850e-06, 8.1799e-05, 1.4777e-04,
        1.1295e-05, 4.3511e-05, 1.9817e-06, 5.3633e-05, 8.9436e-06, 3.7306e-05,
        2.1898e-06, 3.3858e-05, 3.6381e-05, 7.2500e-05, 5.0419e-05, 6.9371e-05,
        8.8265e-06, 8.0153e-05, 1.6259e-04, 1.3995e-04, 4.8954e-05, 8.3917e-07,
        1.1846e-05, 6.5936e-05, 7.5358e-06, 4.8080e-05, 2.8014e-05, 9.6149e-05,
        9.7882e-05, 6.7564e-05, 1.1375e-04, 8.3277e-05, 8.9840e-05, 5.2475e-05,
        2.5001e-05, 7.4064e-05, 1.0952e-04, 8.5913e-05, 6.6042e-05, 6.2743e-05,
        2.9488e-05, 2.6850e-05, 2.4655e-05, 1.0271e-04, 1.9041e-04, 3.2689e-05,
        5.9051e-05, 7.4440e-05, 4.0521e-05, 9.4952e-05, 3.3087e-05, 1.5376e-06,
        1.7852e-05, 1.0905e-05, 5.5908e-05, 5.4296e-05, 3.2965e-05, 5.8549e-05,
        4.0187e-05, 2.2697e-06, 5.4887e-07, 1.3286e-04, 3.0766e-05],
       grad_fn=<CatBackward>)

mean_overall=tensor(6.1414e-05, grad_fn=<MeanBackward0>)

-----------------------------------------------ITERATION150-----------------------------------------------

final_causality=[[1, 1, 1, 1, 1, 1, 1, 1, 1, 1, 1, 1, 1], [1, 1, 1, 1, 1, 1, 1, 1, 1, 1, 1, 1, 1, 1, 1, 1, 1, 1, 1, 1, 1, 1, 1, 1, 1, 1, 1, 1, 1, 1, 1, 1, 1, 1, 1, 1, 1, 1, 1, 1, 1, 1, 1, 1, 1, 1, 1, 1, 1, 1], [1, 1, 1, 1, 1, 1, 1, 1, 1, 1, 1, 1, 1, 1, 1, 1, 1, 1, 1, 1, 1, 1, 1, 1, 1, 1, 1, 1, 1, 1, 1, 1, 1, 1, 1, 1, 1, 1, 1, 1, 1, 1, 1, 1, 1, 1, 1, 1, 1, 1]]

means=tensor([3.4644e-07, 6.6300e-05, 5.5929e-05, 1.9003e-04, 2.1031e-04, 1.5447e-05,
        1.9845e-05, 6.3330e-05, 2.3724e-04, 8.9140e-06, 2.1677e-05, 2.9840e-05,
        1.1367e-04, 4.0034e-05, 2.7283e-04, 5.7169e-05, 5.6331e-06, 6.3418e-06,
        3.9570e-05, 5.6400e-05, 8.6153e-05, 6.4680e-06, 1.8340e-04, 3.6276e-05,
        2.1012e-05, 3.2229e-05, 3.5778e-05, 8.3875e-05, 6.6755e-06, 1.6279e-04,
        1.0071e-04, 1.4881e-05, 6.6347e-06, 9.5209e-05, 1.2052e-05, 3.7960e-05,
        1.6489e-04, 1.4315e-04, 1.0205e-04, 1.6564e-05, 5.8184e-05, 5.2149e-05,
        4.4089e-05, 5.3011e-05, 2.2982e-05, 5.8224e-05, 4.3744e-05, 4.2066e-06,
        7.5612e-05, 1.1151e-04, 1.2435e-04, 6.4830e-06, 8.1408e-05, 1.4660e-04,
        1.1221e-05, 4.3912e-05, 2.7612e-06, 5.3770e-05, 8.4620e-06, 3.7159e-05,
        2.5787e-06, 3.2837e-05, 3.6363e-05, 7.2794e-05, 5.0204e-05, 6.8891e-05,
        8.8413e-06, 8.0183e-05, 1.6264e-04, 1.3934e-04, 4.9059e-05, 8.4277e-07,
        1.1841e-05, 6.6530e-05, 7.5643e-06, 4.7181e-05, 2.7770e-05, 9.6690e-05,
        9.7659e-05, 6.7829e-05, 1.1375e-04, 8.2759e-05, 9.0379e-05, 5.2528e-05,
        2.5143e-05, 7.3835e-05, 1.0859e-04, 8.5613e-05, 6.6855e-05, 6.2726e-05,
        2.9422e-05, 2.6434e-05, 2.4735e-05, 1.0272e-04, 1.8965e-04, 3.2739e-05,
        5.9308e-05, 7.4810e-05, 4.0516e-05, 9.5647e-05, 3.3189e-05, 1.5120e-06,
        1.7960e-05, 1.0931e-05, 5.7303e-05, 5.4574e-05, 3.3490e-05, 5.8890e-05,
        4.0273e-05, 2.2823e-06, 5.4501e-07, 1.3293e-04, 3.0836e-05],
       grad_fn=<CatBackward>)

mean_overall=tensor(6.1415e-05, grad_fn=<MeanBackward0>)

-----------------------------------------------ITERATION160-----------------------------------------------

final_causality=[[1, 1, 1, 1, 1, 1, 1, 1, 1, 1, 1, 1, 1], [1, 1, 1, 1, 1, 1, 1, 1, 1, 1, 1, 1, 1, 1, 1, 1, 1, 1, 1, 1, 1, 1, 1, 1, 1, 1, 1, 1, 1, 1, 1, 1, 1, 1, 1, 1, 1, 1, 1, 1, 1, 1, 1, 1, 1, 1, 1, 1, 1, 1], [1, 1, 1, 1, 1, 1, 1, 1, 1, 1, 1, 1, 1, 1, 1, 1, 1, 1, 1, 1, 1, 1, 1, 1, 1, 1, 1, 1, 1, 1, 1, 1, 1, 1, 1, 1, 1, 1, 1, 1, 1, 1, 1, 1, 1, 1, 1, 1, 1, 1]]

means=tensor([4.0314e-07, 6.9969e-05, 5.8178e-05, 2.0111e-04, 2.0028e-04, 1.3707e-05,
        1.7764e-05, 5.8376e-05, 2.3774e-04, 7.7024e-06, 1.7204e-05, 3.2963e-05,
        1.1396e-04, 4.0575e-05, 2.6929e-04, 5.6901e-05, 6.0380e-06, 6.3252e-06,
        3.9921e-05, 5.7149e-05, 8.7777e-05, 6.6581e-06, 1.8331e-04, 3.5568e-05,
        2.0871e-05, 3.2085e-05, 3.5783e-05, 8.5225e-05, 6.3025e-06, 1.6402e-04,
        1.0043e-04, 1.4584e-05, 6.6495e-06, 9.6880e-05, 1.2191e-05, 3.8058e-05,
        1.6348e-04, 1.4370e-04, 1.0201e-04, 1.6901e-05, 5.7580e-05, 5.2949e-05,
        4.4690e-05, 5.2397e-05, 2.3266e-05, 5.8465e-05, 4.3461e-05, 4.1716e-06,
        7.5965e-05, 1.1310e-04, 1.2431e-04, 6.3739e-06, 8.1027e-05, 1.4544e-04,
        1.1143e-05, 4.4325e-05, 3.5493e-06, 5.3903e-05, 7.9661e-06, 3.7022e-05,
        2.9789e-06, 3.1833e-05, 3.6350e-05, 7.3082e-05, 4.9991e-05, 6.8426e-05,
        8.8575e-06, 8.0214e-05, 1.6270e-04, 1.3870e-04, 4.9160e-05, 8.4619e-07,
        1.1837e-05, 6.7130e-05, 7.5911e-06, 4.6291e-05, 2.7526e-05, 9.7239e-05,
        9.7437e-05, 6.8091e-05, 1.1372e-04, 8.2254e-05, 9.0910e-05, 5.2578e-05,
        2.5284e-05, 7.3632e-05, 1.0768e-04, 8.5352e-05, 6.7670e-05, 6.2699e-05,
        2.9357e-05, 2.6020e-05, 2.4811e-05, 1.0270e-04, 1.8889e-04, 3.2788e-05,
        5.9564e-05, 7.5195e-05, 4.0508e-05, 9.6345e-05, 3.3280e-05, 1.4860e-06,
        1.8067e-05, 1.0958e-05, 5.8711e-05, 5.4850e-05, 3.4011e-05, 5.9225e-05,
        4.0366e-05, 2.2946e-06, 5.4131e-07, 1.3300e-04, 3.0893e-05],
       grad_fn=<CatBackward>)

mean_overall=tensor(6.1425e-05, grad_fn=<MeanBackward0>)

-----------------------------------------------ITERATION170-----------------------------------------------

final_causality=[[1, 1, 1, 1, 1, 1, 1, 1, 1, 1, 1, 1, 1], [1, 1, 1, 1, 1, 1, 1, 1, 1, 1, 1, 1, 1, 1, 1, 1, 1, 1, 1, 1, 1, 1, 1, 1, 1, 1, 1, 1, 1, 1, 1, 1, 1, 1, 1, 1, 1, 1, 1, 1, 1, 1, 1, 1, 1, 1, 1, 1, 1, 1], [1, 1, 1, 1, 1, 1, 1, 1, 1, 1, 1, 1, 1, 1, 1, 1, 1, 1, 1, 1, 1, 1, 1, 1, 1, 1, 1, 1, 1, 1, 1, 1, 1, 1, 1, 1, 1, 1, 1, 1, 1, 1, 1, 1, 1, 1, 1, 1, 1, 1]]

means=tensor([8.4413e-07, 7.3602e-05, 6.0351e-05, 2.1181e-04, 1.9018e-04, 1.1945e-05,
        1.5660e-05, 5.3409e-05, 2.3835e-04, 6.3436e-06, 1.2634e-05, 3.6118e-05,
        1.1423e-04, 4.1120e-05, 2.6578e-04, 5.6701e-05, 6.4651e-06, 6.3143e-06,
        4.0280e-05, 5.7903e-05, 8.9425e-05, 6.8531e-06, 1.8317e-04, 3.4839e-05,
        2.0744e-05, 3.1947e-05, 3.5789e-05, 8.6579e-05, 5.9267e-06, 1.6524e-04,
        1.0017e-04, 1.4296e-05, 6.6659e-06, 9.8564e-05, 1.2340e-05, 3.8162e-05,
        1.6207e-04, 1.4426e-04, 1.0198e-04, 1.7248e-05, 5.6960e-05, 5.3738e-05,
        4.5306e-05, 5.1802e-05, 2.3561e-05, 5.8684e-05, 4.3185e-05, 4.1410e-06,
        7.6301e-05, 1.1468e-04, 1.2426e-04, 6.2504e-06, 8.0665e-05, 1.4429e-04,
        1.1068e-05, 4.4734e-05, 4.3396e-06, 5.4038e-05, 7.4447e-06, 3.6902e-05,
        3.3853e-06, 3.0842e-05, 3.6347e-05, 7.3364e-05, 4.9779e-05, 6.7976e-05,
        8.8760e-06, 8.0248e-05, 1.6277e-04, 1.3805e-04, 4.9257e-05, 8.5030e-07,
        1.1834e-05, 6.7736e-05, 7.6179e-06, 4.5413e-05, 2.7283e-05, 9.7793e-05,
        9.7216e-05, 6.8346e-05, 1.1368e-04, 8.1766e-05, 9.1435e-05, 5.2627e-05,
        2.5422e-05, 7.3456e-05, 1.0678e-04, 8.5135e-05, 6.8483e-05, 6.2660e-05,
        2.9288e-05, 2.5608e-05, 2.4882e-05, 1.0264e-04, 1.8815e-04, 3.2836e-05,
        5.9817e-05, 7.5595e-05, 4.0501e-05, 9.7041e-05, 3.3360e-05, 1.4604e-06,
        1.8171e-05, 1.0982e-05, 6.0688e-05, 5.5127e-05, 3.4526e-05, 5.9727e-05,
        4.0462e-05, 2.3078e-06, 5.3731e-07, 1.3307e-04, 3.0932e-05],
       grad_fn=<CatBackward>)

mean_overall=tensor(6.1441e-05, grad_fn=<MeanBackward0>)

-----------------------------------------------ITERATION180-----------------------------------------------

final_causality=[[1, 1, 1, 1, 1, 1, 1, 1, 1, 1, 1, 1, 1], [1, 1, 1, 1, 1, 1, 1, 1, 1, 1, 1, 1, 1, 1, 1, 1, 1, 1, 1, 1, 1, 1, 1, 1, 1, 1, 1, 1, 1, 1, 1, 1, 1, 1, 1, 1, 1, 1, 1, 1, 1, 1, 1, 1, 1, 1, 1, 1, 1, 1], [1, 1, 1, 1, 1, 1, 1, 1, 1, 1, 1, 1, 1, 1, 1, 1, 1, 1, 1, 1, 1, 1, 1, 1, 1, 1, 1, 1, 1, 1, 1, 1, 1, 1, 1, 1, 1, 1, 1, 1, 1, 1, 1, 1, 1, 1, 1, 1, 1, 1]]

means=tensor([2.0970e-06, 7.7190e-05, 6.2446e-05, 2.2212e-04, 1.7998e-04, 1.0150e-05,
        1.3536e-05, 4.8449e-05, 2.3905e-04, 4.8413e-06, 7.9808e-06, 3.9303e-05,
        1.1448e-04, 4.1661e-05, 2.6231e-04, 5.6561e-05, 6.9086e-06, 6.3060e-06,
        4.0640e-05, 5.8664e-05, 9.1096e-05, 7.0552e-06, 1.8300e-04, 3.4098e-05,
        2.0625e-05, 3.1810e-05, 3.5793e-05, 8.7946e-05, 5.5448e-06, 1.6647e-04,
        9.9944e-05, 1.4013e-05, 6.6879e-06, 1.0026e-04, 1.2503e-05, 3.8276e-05,
        1.6068e-04, 1.4484e-04, 1.0194e-04, 1.7611e-05, 5.6322e-05, 5.4520e-05,
        4.5928e-05, 5.1223e-05, 2.3873e-05, 5.8887e-05, 4.2921e-05, 4.1174e-06,
        7.6612e-05, 1.1627e-04, 1.2423e-04, 6.1171e-06, 8.0318e-05, 1.4317e-04,
        1.0990e-05, 4.5149e-05, 5.1346e-06, 5.4170e-05, 6.9069e-06, 3.6795e-05,
        3.8013e-06, 2.9870e-05, 3.6350e-05, 7.3639e-05, 4.9569e-05, 6.7544e-05,
        8.8963e-06, 8.0283e-05, 1.6285e-04, 1.3739e-04, 4.9350e-05, 8.6525e-07,
        1.1831e-05, 6.8345e-05, 7.6433e-06, 4.4549e-05, 2.7044e-05, 9.8350e-05,
        9.6997e-05, 6.8596e-05, 1.1361e-04, 8.1592e-05, 9.1951e-05, 5.2673e-05,
        2.5557e-05, 7.3309e-05, 1.0591e-04, 8.4962e-05, 6.9293e-05, 6.2612e-05,
        2.9219e-05, 2.5200e-05, 2.4949e-05, 1.0256e-04, 1.8742e-04, 3.2882e-05,
        6.0067e-05, 7.6009e-05, 4.0493e-05, 9.7733e-05, 3.3429e-05, 1.4348e-06,
        1.8274e-05, 1.1007e-05, 6.2867e-05, 5.5402e-05, 3.5034e-05, 6.0296e-05,
        4.0563e-05, 2.3210e-06, 5.3334e-07, 1.3314e-04, 3.0957e-05],
       grad_fn=<CatBackward>)

mean_overall=tensor(6.1465e-05, grad_fn=<MeanBackward0>)

-----------------------------------------------ITERATION190-----------------------------------------------

final_causality=[[1, 1, 1, 1, 1, 1, 1, 1, 1, 1, 1, 1, 1], [1, 1, 1, 1, 1, 1, 1, 1, 1, 1, 1, 1, 1, 1, 1, 1, 1, 1, 1, 1, 1, 1, 1, 1, 1, 1, 1, 1, 1, 1, 1, 1, 1, 1, 1, 1, 1, 1, 1, 1, 1, 1, 1, 1, 1, 1, 1, 1, 1, 1], [1, 1, 1, 1, 1, 1, 1, 1, 1, 1, 1, 1, 1, 1, 1, 1, 1, 1, 1, 1, 1, 1, 1, 1, 1, 1, 1, 1, 1, 1, 1, 1, 1, 1, 1, 1, 1, 1, 1, 1, 1, 1, 1, 1, 1, 1, 1, 1, 1, 1]]

means=tensor([3.3551e-06, 8.0725e-05, 6.4456e-05, 2.3202e-04, 1.6970e-04, 8.3192e-06,
        1.1394e-05, 4.3506e-05, 2.3985e-04, 3.1956e-06, 3.2509e-06, 4.2517e-05,
        1.1471e-04, 4.2196e-05, 2.5888e-04, 5.6456e-05, 7.3663e-06, 6.2997e-06,
        4.1001e-05, 5.9432e-05, 9.2789e-05, 7.2646e-06, 1.8280e-04, 3.3348e-05,
        2.0512e-05, 3.1673e-05, 3.5796e-05, 8.9325e-05, 5.1563e-06, 1.6769e-04,
        9.9749e-05, 1.3734e-05, 6.7166e-06, 1.0198e-04, 1.2679e-05, 3.8400e-05,
        1.5931e-04, 1.4543e-04, 1.0190e-04, 1.7991e-05, 5.5665e-05, 5.5294e-05,
        4.6554e-05, 5.0661e-05, 2.4203e-05, 5.9073e-05, 4.2673e-05, 4.1016e-06,
        7.6895e-05, 1.1785e-04, 1.2420e-04, 5.9752e-06, 7.9987e-05, 1.4206e-04,
        1.0910e-05, 4.5568e-05, 5.9344e-06, 5.4295e-05, 6.3554e-06, 3.6700e-05,
        4.2278e-06, 2.8921e-05, 3.6358e-05, 7.3904e-05, 4.9361e-05, 6.7130e-05,
        8.9183e-06, 8.0320e-05, 1.6294e-04, 1.3672e-04, 4.9439e-05, 8.8052e-07,
        1.1829e-05, 6.8956e-05, 7.6670e-06, 4.3701e-05, 2.6809e-05, 9.8911e-05,
        9.6780e-05, 6.8841e-05, 1.1352e-04, 8.1455e-05, 9.2457e-05, 5.2716e-05,
        2.5690e-05, 7.3193e-05, 1.0506e-04, 8.4835e-05, 7.0099e-05, 6.2555e-05,
        2.9151e-05, 2.4797e-05, 2.5010e-05, 1.0246e-04, 1.8670e-04, 3.2927e-05,
        6.0312e-05, 7.6437e-05, 4.0484e-05, 9.8420e-05, 3.3487e-05, 1.4231e-06,
        1.8374e-05, 1.1031e-05, 6.5041e-05, 5.5674e-05, 3.5535e-05, 6.0851e-05,
        4.0670e-05, 2.3340e-06, 5.2949e-07, 1.3322e-04, 3.0966e-05],
       grad_fn=<CatBackward>)

mean_overall=tensor(6.1485e-05, grad_fn=<MeanBackward0>)

-----------------------------------------------ITERATION200-----------------------------------------------

final_causality=[[1, 1, 1, 1, 1, 1, 1, 1, 1, 1, 1, 1, 1], [1, 1, 1, 1, 1, 1, 1, 1, 1, 1, 1, 1, 1, 1, 1, 1, 1, 1, 1, 1, 1, 1, 1, 1, 1, 1, 1, 1, 1, 1, 1, 1, 1, 1, 1, 1, 1, 1, 1, 1, 1, 1, 1, 1, 1, 1, 1, 1, 1, 1], [1, 1, 1, 1, 1, 1, 1, 1, 1, 1, 1, 1, 1, 1, 1, 1, 1, 1, 1, 1, 1, 1, 1, 1, 1, 1, 1, 1, 1, 1, 1, 1, 1, 1, 1, 1, 1, 1, 1, 1, 1, 1, 1, 1, 1, 1, 1, 1, 1, 1]]

means=tensor([4.6169e-06, 8.4201e-05, 6.6370e-05, 2.4147e-04, 1.5936e-04, 6.4603e-06,
        9.2400e-06, 3.8586e-05, 2.4074e-04, 1.4043e-06, 3.3272e-06, 4.5752e-05,
        1.1492e-04, 4.2723e-05, 2.5551e-04, 5.6383e-05, 7.8394e-06, 6.2961e-06,
        4.1362e-05, 6.0203e-05, 9.4498e-05, 7.5595e-06, 1.8256e-04, 3.2588e-05,
        2.0407e-05, 3.1538e-05, 3.5921e-05, 9.0708e-05, 4.7629e-06, 1.6891e-04,
        9.9585e-05, 1.3459e-05, 6.7509e-06, 1.0370e-04, 1.2868e-05, 3.8533e-05,
        1.5795e-04, 1.4604e-04, 1.0185e-04, 1.8387e-05, 5.4992e-05, 5.6055e-05,
        4.7183e-05, 5.0117e-05, 2.4549e-05, 5.9241e-05, 4.2578e-05, 4.1108e-06,
        7.7152e-05, 1.1943e-04, 1.2417e-04, 5.8347e-06, 7.9672e-05, 1.4098e-04,
        1.0827e-05, 4.5989e-05, 6.7372e-06, 5.4416e-05, 5.7887e-06, 3.6619e-05,
        4.6639e-06, 2.7994e-05, 3.6372e-05, 7.4161e-05, 4.9157e-05, 6.6735e-05,
        8.9421e-06, 8.0358e-05, 1.6305e-04, 1.3604e-04, 4.9523e-05, 8.9561e-07,
        1.1828e-05, 6.9569e-05, 7.6895e-06, 4.3130e-05, 2.6577e-05, 9.9473e-05,
        9.6565e-05, 6.9079e-05, 1.1341e-04, 8.1305e-05, 9.2952e-05, 5.2756e-05,
        2.5821e-05, 7.3109e-05, 1.0423e-04, 8.4757e-05, 7.0899e-05, 6.2488e-05,
        2.9081e-05, 2.4399e-05, 2.5067e-05, 1.0232e-04, 1.8600e-04, 3.2972e-05,
        6.0553e-05, 7.6889e-05, 4.0474e-05, 9.9097e-05, 3.3535e-05, 1.4189e-06,
        1.8472e-05, 1.1055e-05, 6.7205e-05, 5.5942e-05, 3.6028e-05, 6.1391e-05,
        4.0782e-05, 2.3471e-06, 5.2566e-07, 1.3329e-04, 3.0961e-05],
       grad_fn=<CatBackward>)

mean_overall=tensor(6.1550e-05, grad_fn=<MeanBackward0>)

-----------------------------------------------ITERATION210-----------------------------------------------

final_causality=[[1, 1, 1, 1, 1, 1, 1, 1, 1, 1, 1, 1, 1], [1, 1, 1, 1, 1, 1, 1, 1, 1, 1, 1, 1, 1, 1, 1, 1, 1, 1, 1, 1, 1, 1, 1, 1, 1, 1, 1, 1, 1, 1, 1, 1, 1, 1, 1, 1, 1, 1, 1, 1, 1, 1, 1, 1, 1, 1, 1, 1, 1, 1], [1, 1, 1, 1, 1, 1, 1, 1, 1, 1, 1, 1, 1, 1, 1, 1, 1, 1, 1, 1, 1, 1, 1, 1, 1, 1, 1, 1, 1, 1, 1, 1, 1, 1, 1, 1, 1, 1, 1, 1, 1, 1, 1, 1, 1, 1, 1, 1, 1, 1]]

means=tensor([5.8819e-06, 8.7612e-05, 6.8180e-05, 2.5045e-04, 1.4897e-04, 4.5766e-06,
        7.0751e-06, 3.3696e-05, 2.4173e-04, 5.3299e-07, 8.1921e-06, 4.9005e-05,
        1.1509e-04, 4.3243e-05, 2.5219e-04, 5.6343e-05, 8.3277e-06, 6.2953e-06,
        4.1723e-05, 6.0975e-05, 9.6218e-05, 7.8828e-06, 1.8229e-04, 3.1819e-05,
        2.0311e-05, 3.1404e-05, 3.6048e-05, 9.2091e-05, 4.3652e-06, 1.7011e-04,
        9.9452e-05, 1.3190e-05, 6.7905e-06, 1.0542e-04, 1.3070e-05, 3.8674e-05,
        1.5662e-04, 1.4665e-04, 1.0181e-04, 1.8796e-05, 5.4304e-05, 5.6800e-05,
        4.7816e-05, 4.9593e-05, 2.4911e-05, 5.9388e-05, 4.2506e-05, 4.1654e-06,
        7.7380e-05, 1.2100e-04, 1.2415e-04, 5.6871e-06, 7.9375e-05, 1.3993e-04,
        1.0741e-05, 4.6409e-05, 7.5420e-06, 5.4533e-05, 5.2069e-06, 3.6553e-05,
        5.1093e-06, 2.7091e-05, 3.6393e-05, 7.4408e-05, 4.8956e-05, 6.6361e-05,
        8.9680e-06, 8.0397e-05, 1.6318e-04, 1.3535e-04, 4.9602e-05, 9.1054e-07,
        1.1827e-05, 7.0182e-05, 7.7106e-06, 4.3622e-05, 2.6348e-05, 1.0003e-04,
        9.6354e-05, 6.9310e-05, 1.1329e-04, 8.1141e-05, 9.3435e-05, 5.2794e-05,
        2.5948e-05, 7.3059e-05, 1.0343e-04, 8.4728e-05, 7.1691e-05, 6.2413e-05,
        2.9012e-05, 2.4007e-05, 2.5118e-05, 1.0217e-04, 1.8531e-04, 3.3014e-05,
        6.0789e-05, 7.7758e-05, 4.0462e-05, 9.9763e-05, 3.3572e-05, 1.4151e-06,
        1.8568e-05, 1.1078e-05, 6.9354e-05, 5.6207e-05, 3.6511e-05, 6.1916e-05,
        4.0898e-05, 2.3603e-06, 5.2184e-07, 1.3337e-04, 3.0940e-05],
       grad_fn=<CatBackward>)

mean_overall=tensor(6.1675e-05, grad_fn=<MeanBackward0>)

-----------------------------------------------ITERATION220-----------------------------------------------

final_causality=[[1, 1, 1, 1, 1, 1, 1, 1, 1, 1, 1, 1, 1], [1, 1, 1, 1, 1, 1, 1, 1, 1, 1, 1, 1, 1, 1, 1, 1, 1, 1, 1, 1, 1, 1, 1, 1, 1, 1, 1, 1, 1, 1, 1, 1, 1, 1, 1, 1, 1, 1, 1, 1, 1, 1, 1, 1, 1, 1, 1, 1, 1, 1], [1, 1, 1, 1, 1, 1, 1, 1, 1, 1, 1, 1, 1, 1, 1, 1, 1, 1, 1, 1, 1, 1, 1, 1, 1, 1, 1, 1, 1, 1, 1, 1, 1, 1, 1, 1, 1, 1, 1, 1, 1, 1, 1, 1, 1, 1, 1, 1, 1, 1]]

means=tensor([7.1501e-06, 9.0954e-05, 6.9881e-05, 2.5895e-04, 1.3854e-04, 2.6685e-06,
        4.9021e-06, 2.8843e-05, 2.4280e-04, 1.0757e-06, 1.3116e-05, 5.2275e-05,
        1.1523e-04, 4.3753e-05, 2.4893e-04, 5.6337e-05, 8.8302e-06, 6.2970e-06,
        4.2082e-05, 6.1792e-05, 9.7947e-05, 8.2180e-06, 1.8197e-04, 3.1042e-05,
        2.0223e-05, 3.1271e-05, 3.6172e-05, 9.3471e-05, 3.9634e-06, 1.7130e-04,
        9.9351e-05, 1.2926e-05, 6.8357e-06, 1.0714e-04, 1.3286e-05, 3.8824e-05,
        1.5531e-04, 1.4728e-04, 1.0176e-04, 1.9219e-05, 5.3602e-05, 5.7526e-05,
        4.8450e-05, 4.9088e-05, 2.5290e-05, 5.9517e-05, 4.2443e-05, 4.2266e-06,
        7.7579e-05, 1.2255e-04, 1.2414e-04, 5.5278e-06, 7.9096e-05, 1.3890e-04,
        1.0653e-05, 4.6828e-05, 8.3486e-06, 5.4643e-05, 4.6116e-06, 3.6501e-05,
        5.5643e-06, 2.6213e-05, 3.6419e-05, 7.4645e-05, 4.8758e-05, 6.6007e-05,
        8.9959e-06, 8.0437e-05, 1.6333e-04, 1.3465e-04, 4.9676e-05, 9.2523e-07,
        1.1827e-05, 7.0793e-05, 7.7303e-06, 4.4107e-05, 2.6124e-05, 1.0059e-04,
        9.6145e-05, 6.9533e-05, 1.1315e-04, 8.0967e-05, 9.3906e-05, 5.2828e-05,
        2.6073e-05, 7.3042e-05, 1.0266e-04, 8.4749e-05, 7.2474e-05, 6.2331e-05,
        2.8942e-05, 2.3621e-05, 2.5165e-05, 1.0199e-04, 1.8463e-04, 3.3055e-05,
        6.1018e-05, 7.8618e-05, 4.0450e-05, 1.0042e-04, 3.3600e-05, 1.4119e-06,
        1.8660e-05, 1.1100e-05, 7.1486e-05, 5.6466e-05, 3.6985e-05, 6.2423e-05,
        4.1018e-05, 2.3734e-06, 5.1806e-07, 1.3344e-04, 3.0905e-05],
       grad_fn=<CatBackward>)

mean_overall=tensor(6.1809e-05, grad_fn=<MeanBackward0>)

-----------------------------------------------ITERATION230-----------------------------------------------

final_causality=[[1, 1, 1, 1, 1, 1, 1, 1, 1, 1, 1, 1, 1], [1, 1, 1, 1, 1, 1, 1, 1, 1, 1, 1, 1, 1, 1, 1, 1, 1, 1, 1, 1, 1, 1, 1, 1, 1, 1, 1, 1, 1, 1, 1, 1, 1, 1, 1, 1, 1, 1, 1, 1, 1, 1, 1, 1, 1, 1, 1, 1, 1, 1], [1, 1, 1, 1, 1, 1, 1, 1, 1, 1, 1, 1, 1, 1, 1, 1, 1, 1, 1, 1, 1, 1, 1, 1, 1, 1, 1, 1, 1, 1, 1, 1, 1, 1, 1, 1, 1, 1, 1, 1, 1, 1, 1, 1, 1, 1, 1, 1, 1, 1]]

means=tensor([8.4221e-06, 9.4222e-05, 7.1467e-05, 2.6694e-04, 1.2809e-04, 1.1362e-06,
        2.7234e-06, 2.4032e-05, 2.4395e-04, 3.2564e-06, 1.8095e-05, 5.5558e-05,
        1.1534e-04, 4.4252e-05, 2.4574e-04, 5.6363e-05, 9.3460e-06, 6.3008e-06,
        4.2439e-05, 6.2698e-05, 9.9681e-05, 8.5649e-06, 1.8163e-04, 3.0258e-05,
        2.0142e-05, 3.1139e-05, 3.6290e-05, 9.4845e-05, 3.5576e-06, 1.7248e-04,
        9.9282e-05, 1.2667e-05, 6.8867e-06, 1.0886e-04, 1.3516e-05, 3.8983e-05,
        1.5403e-04, 1.4792e-04, 1.0171e-04, 1.9655e-05, 5.2888e-05, 5.8233e-05,
        4.9084e-05, 4.8603e-05, 2.5685e-05, 5.9625e-05, 4.2391e-05, 4.2947e-06,
        7.7746e-05, 1.2408e-04, 1.2413e-04, 5.3571e-06, 7.8835e-05, 1.3790e-04,
        1.0560e-05, 4.7246e-05, 9.1566e-06, 5.4747e-05, 4.0039e-06, 3.6463e-05,
        6.0291e-06, 2.5360e-05, 3.6450e-05, 7.4872e-05, 4.8564e-05, 6.5675e-05,
        9.0258e-06, 8.0477e-05, 1.6350e-04, 1.3394e-04, 4.9746e-05, 9.3965e-07,
        1.1828e-05, 7.1403e-05, 7.7486e-06, 4.4586e-05, 2.5904e-05, 1.0133e-04,
        9.5940e-05, 6.9750e-05, 1.1299e-04, 8.0784e-05, 9.4365e-05, 5.2859e-05,
        2.6194e-05, 7.3060e-05, 1.0191e-04, 8.4822e-05, 7.3247e-05, 6.2241e-05,
        2.8873e-05, 2.3243e-05, 2.5207e-05, 1.0180e-04, 1.8397e-04, 3.3095e-05,
        6.1241e-05, 7.9468e-05, 4.0437e-05, 1.0105e-04, 3.3618e-05, 1.4103e-06,
        1.8749e-05, 1.1122e-05, 7.3597e-05, 5.6720e-05, 3.7448e-05, 6.2914e-05,
        4.1142e-05, 2.3865e-06, 5.1435e-07, 1.3352e-04, 3.0856e-05],
       grad_fn=<CatBackward>)

mean_overall=tensor(6.1959e-05, grad_fn=<MeanBackward0>)

-----------------------------------------------ITERATION240-----------------------------------------------

final_causality=[[1, 1, 1, 1, 1, 1, 1, 1, 1, 1, 1, 1, 1], [1, 1, 1, 1, 1, 1, 1, 1, 1, 1, 1, 1, 1, 1, 1, 1, 1, 1, 1, 1, 1, 1, 1, 1, 1, 1, 1, 1, 1, 1, 1, 1, 1, 1, 1, 1, 1, 1, 1, 1, 1, 1, 1, 1, 1, 1, 1, 1, 1, 1], [1, 1, 1, 1, 1, 1, 1, 1, 1, 1, 1, 1, 1, 1, 1, 1, 1, 1, 1, 1, 1, 1, 1, 1, 1, 1, 1, 1, 1, 1, 1, 1, 1, 1, 1, 1, 1, 1, 1, 1, 1, 1, 1, 1, 1, 1, 1, 1, 1, 1]]

means=tensor([9.6981e-06, 9.7412e-05, 7.2931e-05, 2.7441e-04, 1.1761e-04, 3.2877e-06,
        1.7219e-07, 1.9268e-05, 2.4517e-04, 5.5759e-06, 2.3124e-05, 5.8853e-05,
        1.1541e-04, 4.4739e-05, 2.4261e-04, 5.6423e-05, 9.8749e-06, 6.3069e-06,
        4.2793e-05, 6.3595e-05, 1.0142e-04, 8.9232e-06, 1.8125e-04, 2.9468e-05,
        2.0070e-05, 3.1008e-05, 3.6404e-05, 9.6208e-05, 3.1483e-06, 1.7363e-04,
        9.9244e-05, 1.2412e-05, 6.9434e-06, 1.1057e-04, 1.3760e-05, 3.9150e-05,
        1.5277e-04, 1.4857e-04, 1.0166e-04, 2.0102e-05, 5.2162e-05, 5.8917e-05,
        4.9717e-05, 4.8139e-05, 2.6097e-05, 5.9713e-05, 4.2347e-05, 4.3698e-06,
        7.7882e-05, 1.2559e-04, 1.2412e-04, 5.1749e-06, 7.8592e-05, 1.3694e-04,
        1.0465e-05, 4.7660e-05, 9.9654e-06, 5.4845e-05, 3.3846e-06, 3.6440e-05,
        6.5036e-06, 2.4532e-05, 3.6737e-05, 7.5088e-05, 4.8375e-05, 6.5364e-05,
        9.0577e-06, 8.0518e-05, 1.6369e-04, 1.3323e-04, 4.9811e-05, 9.5380e-07,
        1.1830e-05, 7.2009e-05, 7.7656e-06, 4.5056e-05, 2.5689e-05, 1.0223e-04,
        9.5739e-05, 6.9958e-05, 1.1282e-04, 8.0594e-05, 9.4810e-05, 5.2886e-05,
        2.6313e-05, 7.3115e-05, 1.0119e-04, 8.4947e-05, 7.4009e-05, 6.2145e-05,
        2.8804e-05, 2.3050e-05, 2.5245e-05, 1.0159e-04, 1.8333e-04, 3.3133e-05,
        6.1456e-05, 8.0305e-05, 4.0423e-05, 1.0167e-04, 3.3628e-05, 1.4090e-06,
        1.8834e-05, 1.1143e-05, 7.5683e-05, 5.6968e-05, 3.7901e-05, 6.3388e-05,
        4.1270e-05, 2.3995e-06, 5.1068e-07, 1.3359e-04, 3.0793e-05],
       grad_fn=<CatBackward>)

mean_overall=tensor(6.2142e-05, grad_fn=<MeanBackward0>)

-----------------------------------------------ITERATION250-----------------------------------------------

final_causality=[[1, 1, 1, 1, 1, 1, 1, 1, 1, 1, 1, 1, 1], [1, 1, 1, 1, 1, 1, 1, 1, 1, 1, 1, 1, 1, 1, 1, 1, 1, 1, 1, 1, 1, 1, 1, 1, 1, 1, 1, 1, 1, 1, 1, 1, 1, 1, 1, 1, 1, 1, 1, 1, 1, 1, 1, 1, 1, 1, 1, 1, 1, 1], [1, 1, 1, 1, 1, 1, 1, 1, 1, 1, 1, 1, 1, 1, 1, 1, 1, 1, 1, 1, 1, 1, 1, 1, 1, 1, 1, 1, 1, 1, 1, 1, 1, 1, 1, 1, 1, 1, 1, 1, 1, 1, 1, 1, 1, 1, 1, 1, 1, 1]]

means=tensor([1.0979e-05, 1.0052e-04, 7.4269e-05, 2.8136e-04, 1.0713e-04, 5.2524e-06,
        2.7001e-06, 1.4556e-05, 2.4646e-04, 8.0325e-06, 2.8200e-05, 6.2159e-05,
        1.1543e-04, 4.5213e-05, 2.3955e-04, 5.6515e-05, 1.0416e-05, 6.3150e-06,
        4.3143e-05, 6.4482e-05, 1.0315e-04, 9.2925e-06, 1.8084e-04, 2.8674e-05,
        2.0005e-05, 3.0877e-05, 3.6512e-05, 9.7558e-05, 2.7360e-06, 1.7476e-04,
        9.9238e-05, 1.2163e-05, 7.0058e-06, 1.1227e-04, 1.4088e-05, 3.9325e-05,
        1.5154e-04, 1.4922e-04, 1.0161e-04, 2.0561e-05, 5.1425e-05, 5.9576e-05,
        5.0348e-05, 4.7695e-05, 2.6525e-05, 5.9782e-05, 4.2313e-05, 4.4519e-06,
        7.7987e-05, 1.2707e-04, 1.2412e-04, 4.9815e-06, 7.8367e-05, 1.3600e-04,
        1.0365e-05, 4.8070e-05, 1.0775e-05, 5.4935e-05, 2.7542e-06, 3.6430e-05,
        6.9876e-06, 2.3731e-05, 3.7087e-05, 7.5293e-05, 4.8189e-05, 6.5076e-05,
        9.0917e-06, 8.0560e-05, 1.6390e-04, 1.3251e-04, 4.9871e-05, 9.6769e-07,
        1.1905e-05, 7.2610e-05, 7.7811e-06, 4.5517e-05, 2.5479e-05, 1.0314e-04,
        9.5540e-05, 7.0159e-05, 1.1264e-04, 8.0398e-05, 9.5241e-05, 5.2910e-05,
        2.6428e-05, 7.3206e-05, 1.0090e-04, 8.5124e-05, 7.4758e-05, 6.2043e-05,
        2.8735e-05, 2.3713e-05, 2.5278e-05, 1.0137e-04, 1.8271e-04, 3.3170e-05,
        6.1664e-05, 8.1129e-05, 4.0409e-05, 1.0227e-04, 3.3629e-05, 1.4081e-06,
        1.8916e-05, 1.1164e-05, 7.7742e-05, 5.7209e-05, 3.8341e-05, 6.3845e-05,
        4.1401e-05, 2.4124e-06, 5.0707e-07, 1.3367e-04, 3.0717e-05],
       grad_fn=<CatBackward>)

mean_overall=tensor(6.2376e-05, grad_fn=<MeanBackward0>)

-----------------------------------------------ITERATION260-----------------------------------------------

final_causality=[[1, 1, 1, 1, 1, 1, 1, 1, 1, 1, 1, 1, 1], [1, 1, 1, 1, 1, 1, 1, 1, 1, 1, 1, 1, 1, 1, 1, 1, 1, 1, 1, 1, 1, 1, 1, 1, 1, 1, 1, 1, 1, 1, 1, 1, 1, 1, 1, 1, 1, 1, 1, 1, 1, 1, 1, 1, 1, 1, 1, 1, 1, 1], [1, 1, 1, 1, 1, 1, 1, 1, 1, 1, 1, 1, 1, 1, 1, 1, 1, 1, 1, 1, 1, 1, 1, 1, 1, 1, 1, 1, 1, 1, 1, 1, 1, 1, 1, 1, 1, 1, 1, 1, 1, 1, 1, 1, 1, 1, 1, 1, 1, 1]]

means=tensor([1.2265e-05, 1.0354e-04, 7.5476e-05, 2.8776e-04, 9.6631e-05, 7.2334e-06,
        4.8835e-06, 9.9003e-06, 2.4782e-04, 1.0624e-05, 3.3319e-05, 6.5473e-05,
        1.1542e-04, 4.5674e-05, 2.3656e-04, 5.6639e-05, 1.0970e-05, 6.3251e-06,
        4.3488e-05, 6.5356e-05, 1.0487e-04, 9.6724e-06, 1.8039e-04, 2.7875e-05,
        1.9947e-05, 3.0745e-05, 3.6616e-05, 9.8890e-05, 2.3208e-06, 1.7587e-04,
        9.9264e-05, 1.1918e-05, 7.0738e-06, 1.1395e-04, 1.4478e-05, 3.9507e-05,
        1.5034e-04, 1.4989e-04, 1.0155e-04, 2.1029e-05, 5.0680e-05, 6.0210e-05,
        5.0978e-05, 4.7271e-05, 2.6969e-05, 5.9830e-05, 4.2288e-05, 4.5411e-06,
        7.8060e-05, 1.2853e-04, 1.2411e-04, 4.7770e-06, 7.8160e-05, 1.3510e-04,
        1.0261e-05, 4.8474e-05, 1.1584e-05, 5.5019e-05, 2.1138e-06, 3.6435e-05,
        7.4809e-06, 2.2956e-05, 3.7432e-05, 7.5487e-05, 4.8008e-05, 6.4809e-05,
        9.1277e-06, 8.0601e-05, 1.6415e-04, 1.3179e-04, 4.9927e-05, 9.8131e-07,
        1.1975e-05, 7.3206e-05, 7.7953e-06, 4.5969e-05, 2.5276e-05, 1.0404e-04,
        9.5346e-05, 7.0352e-05, 1.1244e-04, 8.0200e-05, 9.5658e-05, 5.2931e-05,
        2.6540e-05, 7.3335e-05, 1.0101e-04, 8.5355e-05, 7.5493e-05, 6.1937e-05,
        2.8666e-05, 2.4370e-05, 2.5308e-05, 1.0114e-04, 1.8211e-04, 3.3205e-05,
        6.1864e-05, 8.1938e-05, 4.0393e-05, 1.0285e-04, 3.3623e-05, 1.4076e-06,
        1.8994e-05, 1.1184e-05, 7.9769e-05, 5.7442e-05, 3.8770e-05, 6.4284e-05,
        4.1536e-05, 2.4251e-06, 5.0353e-07, 1.3374e-04, 3.0628e-05],
       grad_fn=<CatBackward>)

mean_overall=tensor(6.2608e-05, grad_fn=<MeanBackward0>)

-----------------------------------------------ITERATION270-----------------------------------------------

final_causality=[[1, 1, 1, 1, 1, 1, 1, 1, 1, 1, 1, 1, 1], [1, 1, 1, 1, 1, 1, 1, 1, 1, 1, 1, 1, 1, 1, 1, 1, 1, 1, 1, 1, 1, 1, 1, 1, 1, 1, 1, 1, 1, 1, 1, 1, 1, 1, 1, 1, 1, 1, 1, 1, 1, 1, 1, 1, 1, 1, 1, 1, 1, 1], [1, 1, 1, 1, 1, 1, 1, 1, 1, 1, 1, 1, 1, 1, 1, 1, 1, 1, 1, 1, 1, 1, 1, 1, 1, 1, 1, 1, 1, 1, 1, 1, 1, 1, 1, 1, 1, 1, 1, 1, 1, 1, 1, 1, 1, 1, 1, 1, 1, 1]]

means=tensor([1.3558e-05, 1.0648e-04, 7.6549e-05, 2.9361e-04, 8.6134e-05, 9.2294e-06,
        7.0624e-06, 5.3033e-06, 2.4922e-04, 1.3348e-05, 3.8477e-05, 6.8795e-05,
        1.1536e-04, 4.6119e-05, 2.3364e-04, 5.6795e-05, 1.1535e-05, 6.3370e-06,
        4.3828e-05, 6.6217e-05, 1.0659e-04, 1.0063e-05, 1.7992e-04, 2.7074e-05,
        1.9896e-05, 3.0614e-05, 3.6713e-05, 1.0020e-04, 1.9031e-06, 1.7695e-04,
        9.9320e-05, 1.1677e-05, 7.1474e-06, 1.1562e-04, 1.4882e-05, 3.9697e-05,
        1.4917e-04, 1.5055e-04, 1.0150e-04, 2.1507e-05, 4.9927e-05, 6.0816e-05,
        5.1638e-05, 4.6867e-05, 2.7429e-05, 5.9859e-05, 4.2272e-05, 4.6375e-06,
        7.8100e-05, 1.2996e-04, 1.2412e-04, 4.5620e-06, 7.7972e-05, 1.3423e-04,
        1.0152e-05, 4.8872e-05, 1.2397e-05, 5.5095e-05, 1.4640e-06, 3.6454e-05,
        7.9835e-06, 2.2208e-05, 3.7768e-05, 7.5670e-05, 4.7831e-05, 6.4566e-05,
        9.1659e-06, 8.0643e-05, 1.6442e-04, 1.3107e-04, 4.9978e-05, 9.9466e-07,
        1.2041e-05, 7.3796e-05, 7.8082e-06, 4.6412e-05, 2.5078e-05, 1.0493e-04,
        9.5154e-05, 7.0536e-05, 1.1224e-04, 8.0000e-05, 9.6061e-05, 5.2948e-05,
        2.6648e-05, 7.3934e-05, 1.0112e-04, 8.5638e-05, 7.6213e-05, 6.1827e-05,
        2.8599e-05, 2.5013e-05, 2.5333e-05, 1.0090e-04, 1.8153e-04, 3.3239e-05,
        6.2056e-05, 8.2731e-05, 4.0376e-05, 1.0341e-04, 3.3609e-05, 1.4074e-06,
        1.9068e-05, 1.1203e-05, 8.1764e-05, 5.7668e-05, 3.9186e-05, 6.4706e-05,
        4.1673e-05, 2.4378e-06, 5.0004e-07, 1.3382e-04, 3.0528e-05],
       grad_fn=<CatBackward>)

mean_overall=tensor(6.2839e-05, grad_fn=<MeanBackward0>)

-----------------------------------------------ITERATION280-----------------------------------------------

final_causality=[[1, 1, 1, 1, 1, 1, 1, 1, 1, 1, 1, 1, 1], [1, 1, 1, 1, 1, 1, 1, 1, 1, 1, 1, 1, 1, 1, 1, 1, 1, 1, 1, 1, 1, 1, 1, 1, 1, 1, 1, 1, 1, 1, 1, 1, 1, 1, 1, 1, 1, 1, 1, 1, 1, 1, 1, 1, 1, 1, 1, 1, 1, 1], [1, 1, 1, 1, 1, 1, 1, 1, 1, 1, 1, 1, 1, 1, 1, 1, 1, 1, 1, 1, 1, 1, 1, 1, 1, 1, 1, 1, 1, 1, 1, 1, 1, 1, 1, 1, 1, 1, 1, 1, 1, 1, 1, 1, 1, 1, 1, 1, 1, 1]]

means=tensor([1.4859e-05, 1.0933e-04, 7.7483e-05, 2.9891e-04, 7.5640e-05, 1.1239e-05,
        9.2356e-06, 7.6865e-07, 2.5068e-04, 1.6202e-05, 4.3670e-05, 7.2124e-05,
        1.1524e-04, 4.6550e-05, 2.3079e-04, 5.6981e-05, 1.2112e-05, 6.3505e-06,
        4.4162e-05, 6.7062e-05, 1.0830e-04, 1.0471e-05, 1.7941e-04, 2.6270e-05,
        1.9852e-05, 3.0482e-05, 3.6805e-05, 1.0149e-04, 1.4832e-06, 1.7800e-04,
        9.9406e-05, 1.1440e-05, 7.2267e-06, 1.1726e-04, 1.5299e-05, 4.0034e-05,
        1.4802e-04, 1.5123e-04, 1.0145e-04, 2.1992e-05, 4.9168e-05, 6.1392e-05,
        5.2326e-05, 4.6482e-05, 2.7906e-05, 5.9867e-05, 4.2263e-05, 4.7412e-06,
        7.8109e-05, 1.3136e-04, 1.2412e-04, 4.3366e-06, 7.7801e-05, 1.3339e-04,
        1.0038e-05, 4.9263e-05, 1.3209e-05, 5.5164e-05, 8.0571e-07, 3.6486e-05,
        8.4951e-06, 2.1486e-05, 3.8097e-05, 7.5842e-05, 4.7658e-05, 6.4345e-05,
        9.2061e-06, 8.0684e-05, 1.6472e-04, 1.3034e-04, 5.0026e-05, 1.0077e-06,
        1.2102e-05, 7.4379e-05, 7.8198e-06, 4.6844e-05, 2.4888e-05, 1.0582e-04,
        9.4965e-05, 7.0713e-05, 1.1202e-04, 7.9802e-05, 9.6449e-05, 5.2962e-05,
        2.6754e-05, 7.4692e-05, 1.0125e-04, 8.5975e-05, 7.6918e-05, 6.1714e-05,
        2.8531e-05, 2.5642e-05, 2.5355e-05, 1.0066e-04, 1.8097e-04, 3.3271e-05,
        6.2239e-05, 8.3505e-05, 4.0359e-05, 1.0394e-04, 3.3589e-05, 1.4076e-06,
        1.9138e-05, 1.1223e-05, 8.3722e-05, 5.7885e-05, 3.9589e-05, 6.5115e-05,
        4.1812e-05, 2.4503e-06, 4.9662e-07, 1.3390e-04, 3.0415e-05],
       grad_fn=<CatBackward>)

mean_overall=tensor(6.3068e-05, grad_fn=<MeanBackward0>)

-----------------------------------------------ITERATION290-----------------------------------------------

final_causality=[[1, 1, 1, 1, 1, 1, 1, 1, 1, 1, 1, 1, 1], [1, 1, 1, 1, 1, 1, 1, 1, 1, 1, 1, 1, 1, 1, 1, 1, 1, 1, 1, 1, 1, 1, 1, 1, 1, 1, 1, 1, 1, 1, 1, 1, 1, 1, 1, 1, 1, 1, 1, 1, 1, 1, 1, 1, 1, 1, 1, 1, 1, 1], [1, 1, 1, 1, 1, 1, 1, 1, 1, 1, 1, 1, 1, 1, 1, 1, 1, 1, 1, 1, 1, 1, 1, 1, 1, 1, 1, 1, 1, 1, 1, 1, 1, 1, 1, 1, 1, 1, 1, 1, 1, 1, 1, 1, 1, 1, 1, 1, 1, 1]]

means=tensor([1.6168e-05, 1.1208e-04, 7.8276e-05, 3.0365e-04, 6.5153e-05, 1.3262e-05,
        1.1402e-05, 3.1910e-06, 2.5216e-04, 1.9183e-05, 4.8896e-05, 7.5461e-05,
        1.1508e-04, 4.6966e-05, 2.2802e-04, 5.7197e-05, 1.2699e-05, 6.3657e-06,
        4.4490e-05, 6.7891e-05, 1.0999e-04, 1.0926e-05, 1.7887e-04, 2.5465e-05,
        1.9814e-05, 3.0349e-05, 3.6892e-05, 1.0276e-04, 1.0615e-06, 1.7902e-04,
        9.9522e-05, 1.1208e-05, 7.3115e-06, 1.1889e-04, 1.5730e-05, 4.0528e-05,
        1.4691e-04, 1.5190e-04, 1.0139e-04, 2.2484e-05, 4.8403e-05, 6.1939e-05,
        5.3010e-05, 4.6118e-05, 2.8399e-05, 5.9857e-05, 4.2262e-05, 4.8520e-06,
        7.8085e-05, 1.3272e-04, 1.2412e-04, 4.1015e-06, 7.7648e-05, 1.3259e-04,
        9.9184e-06, 4.9644e-05, 1.4021e-05, 5.5225e-05, 6.8553e-07, 3.6532e-05,
        9.0154e-06, 2.0791e-05, 3.8418e-05, 7.6003e-05, 4.7490e-05, 6.4147e-05,
        9.2483e-06, 8.0725e-05, 1.6505e-04, 1.2962e-04, 5.0069e-05, 1.0205e-06,
        1.2159e-05, 7.4954e-05, 7.8302e-06, 4.7265e-05, 2.4704e-05, 1.0672e-04,
        9.4780e-05, 7.0882e-05, 1.1180e-04, 7.9605e-05, 9.6823e-05, 5.2972e-05,
        2.6856e-05, 7.5462e-05, 1.0138e-04, 8.6364e-05, 7.7606e-05, 6.1599e-05,
        2.8465e-05, 2.6255e-05, 2.5374e-05, 1.0042e-04, 1.8042e-04, 3.3302e-05,
        6.2414e-05, 8.4261e-05, 4.0341e-05, 1.0444e-04, 3.3563e-05, 1.4082e-06,
        1.9204e-05, 1.1242e-05, 8.5641e-05, 5.8093e-05, 3.9978e-05, 6.6125e-05,
        4.1954e-05, 2.4627e-06, 4.9327e-07, 1.3397e-04, 3.0293e-05],
       grad_fn=<CatBackward>)

mean_overall=tensor(6.3365e-05, grad_fn=<MeanBackward0>)

-----------------------------------------------ITERATION300-----------------------------------------------

final_causality=[[1, 1, 1, 1, 1, 1, 1, 1, 1, 1, 1, 1, 1], [1, 1, 1, 1, 1, 1, 1, 1, 1, 1, 1, 1, 1, 1, 1, 1, 1, 1, 1, 1, 1, 1, 1, 1, 1, 1, 1, 1, 1, 1, 1, 1, 1, 1, 1, 1, 1, 1, 1, 1, 1, 1, 1, 1, 1, 1, 1, 1, 1, 1], [1, 1, 1, 1, 1, 1, 1, 1, 1, 1, 1, 1, 1, 1, 1, 1, 1, 1, 1, 1, 1, 1, 1, 1, 1, 1, 1, 1, 1, 1, 1, 1, 1, 1, 1, 1, 1, 1, 1, 1, 1, 1, 1, 1, 1, 1, 1, 1, 1, 1]]

means=tensor([1.7488e-05, 1.1475e-04, 7.8924e-05, 3.0782e-04, 5.4677e-05, 1.5296e-05,
        1.3561e-05, 7.5220e-06, 2.5368e-04, 2.2288e-05, 5.4151e-05, 7.8804e-05,
        1.1486e-04, 4.7366e-05, 2.2531e-04, 5.7443e-05, 1.3298e-05, 6.3823e-06,
        4.4811e-05, 6.8701e-05, 1.1166e-04, 1.1393e-05, 1.7831e-04, 2.4660e-05,
        1.9782e-05, 3.0215e-05, 3.6972e-05, 1.0399e-04, 6.3812e-07, 1.8001e-04,
        9.9667e-05, 1.0979e-05, 7.4019e-06, 1.2048e-04, 1.6174e-05, 4.1017e-05,
        1.4582e-04, 1.5258e-04, 1.0134e-04, 2.2983e-05, 4.7634e-05, 6.2455e-05,
        5.3690e-05, 4.5772e-05, 2.8908e-05, 5.9827e-05, 4.2269e-05, 4.9701e-06,
        7.8031e-05, 1.3405e-04, 1.2413e-04, 3.8569e-06, 7.7512e-05, 1.3183e-04,
        9.7935e-06, 5.0017e-05, 1.4833e-05, 5.5278e-05, 1.3666e-06, 3.6591e-05,
        9.5441e-06, 2.0122e-05, 3.8729e-05, 7.6153e-05, 4.7326e-05, 6.3971e-05,
        9.2926e-06, 8.0766e-05, 1.6542e-04, 1.2889e-04, 5.0109e-05, 1.0331e-06,
        1.2211e-05, 7.5519e-05, 7.8395e-06, 4.7676e-05, 2.4528e-05, 1.0781e-04,
        9.4597e-05, 7.1043e-05, 1.1158e-04, 7.9414e-05, 9.7181e-05, 5.2979e-05,
        2.6955e-05, 7.6243e-05, 1.0151e-04, 8.6807e-05, 7.8277e-05, 6.1484e-05,
        2.8399e-05, 2.6853e-05, 2.5390e-05, 1.0018e-04, 1.7990e-04, 3.3331e-05,
        6.2580e-05, 8.4997e-05, 4.0323e-05, 1.0492e-04, 3.3531e-05, 1.4092e-06,
        1.9265e-05, 1.1261e-05, 8.7519e-05, 5.8292e-05, 4.0354e-05, 6.7088e-05,
        4.2097e-05, 2.4748e-06, 4.8998e-07, 1.3405e-04, 3.0160e-05],
       grad_fn=<CatBackward>)

mean_overall=tensor(6.3680e-05, grad_fn=<MeanBackward0>)

-----------------------------------------------ITERATION310-----------------------------------------------

final_causality=[[1, 1, 1, 1, 1, 1, 1, 1, 1, 1, 1, 1, 1], [1, 1, 1, 1, 1, 1, 1, 1, 1, 1, 1, 1, 1, 1, 1, 1, 1, 1, 1, 1, 1, 1, 1, 1, 1, 1, 1, 1, 1, 1, 1, 1, 1, 1, 1, 1, 1, 1, 1, 1, 1, 1, 1, 1, 1, 1, 1, 1, 1, 1], [1, 1, 1, 1, 1, 1, 1, 1, 1, 1, 1, 1, 1, 1, 1, 1, 1, 1, 1, 1, 1, 1, 1, 1, 1, 1, 1, 1, 1, 1, 1, 1, 1, 1, 1, 1, 1, 1, 1, 1, 1, 1, 1, 1, 1, 1, 1, 1, 1, 1]]

means=tensor([1.8819e-05, 1.1732e-04, 7.9425e-05, 3.1144e-04, 4.4213e-05, 1.7342e-05,
        1.5712e-05, 1.1782e-05, 2.5522e-04, 2.5514e-05, 5.9433e-05, 8.2155e-05,
        1.1459e-04, 4.7750e-05, 2.2267e-04, 5.7716e-05, 1.3908e-05, 6.4003e-06,
        4.5124e-05, 6.9492e-05, 1.1331e-04, 1.1871e-05, 1.7772e-04, 2.3854e-05,
        1.9755e-05, 3.0079e-05, 3.7046e-05, 1.0519e-04, 1.3114e-07, 1.8096e-04,
        9.9841e-05, 1.0754e-05, 7.4979e-06, 1.2205e-04, 1.6631e-05, 4.1501e-05,
        1.4477e-04, 1.5325e-04, 1.0128e-04, 2.3486e-05, 4.6861e-05, 6.2940e-05,
        5.4364e-05, 4.5463e-05, 2.9433e-05, 5.9780e-05, 4.2282e-05, 5.0955e-06,
        7.7945e-05, 1.3535e-04, 1.2413e-04, 3.6035e-06, 7.7394e-05, 1.3109e-04,
        9.6629e-06, 5.0379e-05, 1.5643e-05, 5.5324e-05, 2.0539e-06, 3.6663e-05,
        1.0081e-05, 1.9479e-05, 3.9030e-05, 7.6293e-05, 4.7167e-05, 6.3818e-05,
        9.3389e-06, 8.0806e-05, 1.6582e-04, 1.2817e-04, 5.0145e-05, 1.0454e-06,
        1.2259e-05, 7.6074e-05, 7.8476e-06, 4.8074e-05, 2.4360e-05, 1.0888e-04,
        9.4416e-05, 7.1195e-05, 1.1135e-04, 7.9228e-05, 9.7525e-05, 5.2983e-05,
        2.7051e-05, 7.7033e-05, 1.0165e-04, 8.7301e-05, 7.8930e-05, 6.1368e-05,
        2.8334e-05, 2.7435e-05, 2.5403e-05, 9.9937e-05, 1.7940e-04, 3.3360e-05,
        6.2737e-05, 8.5711e-05, 4.0304e-05, 1.0537e-04, 3.3495e-05, 1.4210e-06,
        1.9322e-05, 1.1279e-05, 8.9353e-05, 5.8480e-05, 4.0716e-05, 6.8006e-05,
        4.2242e-05, 2.4869e-06, 4.8677e-07, 1.3413e-04, 3.0017e-05],
       grad_fn=<CatBackward>)

mean_overall=tensor(6.3988e-05, grad_fn=<MeanBackward0>)

-----------------------------------------------ITERATION320-----------------------------------------------

final_causality=[[1, 1, 1, 1, 1, 1, 1, 1, 1, 1, 1, 1, 1], [1, 1, 1, 1, 1, 1, 1, 1, 1, 1, 1, 1, 1, 1, 1, 1, 1, 1, 1, 1, 1, 1, 1, 1, 1, 1, 1, 1, 1, 1, 1, 1, 1, 1, 1, 1, 1, 1, 1, 1, 1, 1, 1, 1, 1, 1, 1, 1, 1, 1], [1, 1, 1, 1, 1, 1, 1, 1, 1, 1, 1, 1, 1, 1, 1, 1, 1, 1, 1, 1, 1, 1, 1, 1, 1, 1, 1, 1, 1, 1, 1, 1, 1, 1, 1, 1, 1, 1, 1, 1, 1, 1, 1, 1, 1, 1, 1, 1, 1, 1]]

means=tensor([2.0164e-05, 1.1979e-04, 7.9778e-05, 3.1449e-04, 3.3766e-05, 1.9397e-05,
        1.7853e-05, 1.5969e-05, 2.5676e-04, 2.8857e-05, 6.4737e-05, 8.5513e-05,
        1.1426e-04, 4.8119e-05, 2.2010e-04, 5.8017e-05, 1.4529e-05, 6.4195e-06,
        4.5430e-05, 7.0263e-05, 1.1494e-04, 1.2358e-05, 1.7711e-04, 2.3050e-05,
        1.9733e-05, 2.9942e-05, 3.7115e-05, 1.0637e-04, 5.7050e-07, 1.8188e-04,
        1.0004e-04, 1.0532e-05, 7.5993e-06, 1.2359e-04, 1.7101e-05, 4.1979e-05,
        1.4374e-04, 1.5393e-04, 1.0123e-04, 2.3993e-05, 4.6087e-05, 6.3392e-05,
        5.5032e-05, 4.5259e-05, 2.9975e-05, 5.9714e-05, 4.2302e-05, 5.2281e-06,
        7.7830e-05, 1.3660e-04, 1.2414e-04, 3.3417e-06, 7.7291e-05, 1.3040e-04,
        9.5261e-06, 5.0731e-05, 1.6451e-05, 5.5362e-05, 2.7469e-06, 3.6748e-05,
        1.0646e-05, 1.8863e-05, 3.9321e-05, 7.6422e-05, 4.7012e-05, 6.3687e-05,
        9.3871e-06, 8.0845e-05, 1.6626e-04, 1.2745e-04, 5.0179e-05, 1.0575e-06,
        1.2303e-05, 7.6619e-05, 7.8547e-06, 4.8462e-05, 2.4200e-05, 1.0991e-04,
        9.4237e-05, 7.1340e-05, 1.1111e-04, 7.9050e-05, 9.7854e-05, 5.2983e-05,
        2.7144e-05, 7.7833e-05, 1.0180e-04, 8.7847e-05, 7.9576e-05, 6.1253e-05,
        2.8270e-05, 2.8000e-05, 2.5414e-05, 9.9706e-05, 1.7892e-04, 3.3387e-05,
        6.2886e-05, 8.6402e-05, 4.0284e-05, 1.0579e-04, 3.3454e-05, 1.4411e-06,
        1.9374e-05, 1.1296e-05, 9.1142e-05, 5.8658e-05, 4.1063e-05, 6.8880e-05,
        4.2387e-05, 2.4987e-06, 4.8362e-07, 1.3421e-04, 2.9866e-05],
       grad_fn=<CatBackward>)

mean_overall=tensor(6.4296e-05, grad_fn=<MeanBackward0>)

-----------------------------------------------ITERATION330-----------------------------------------------

final_causality=[[1, 1, 1, 1, 1, 1, 1, 1, 1, 1, 1, 1, 1], [1, 1, 1, 1, 1, 1, 1, 1, 1, 1, 1, 1, 1, 1, 1, 1, 1, 1, 1, 1, 1, 1, 1, 1, 1, 1, 1, 1, 1, 1, 1, 1, 1, 1, 1, 1, 1, 1, 1, 1, 1, 1, 1, 1, 1, 1, 1, 1, 1, 1], [1, 1, 1, 1, 1, 1, 1, 1, 1, 1, 1, 1, 1, 1, 1, 1, 1, 1, 1, 1, 1, 1, 1, 1, 1, 1, 1, 1, 1, 1, 1, 1, 1, 1, 1, 1, 1, 1, 1, 1, 1, 1, 1, 1, 1, 1, 1, 1, 1, 1]]

means=tensor([2.1524e-05, 1.2216e-04, 7.9979e-05, 3.1699e-04, 2.3336e-05, 2.1462e-05,
        1.9985e-05, 2.0082e-05, 2.5831e-04, 3.2315e-05, 7.0061e-05, 8.8880e-05,
        1.1387e-04, 4.8473e-05, 2.1760e-04, 5.8344e-05, 1.5160e-05, 6.4400e-06,
        4.5727e-05, 7.1012e-05, 1.1655e-04, 1.2856e-05, 1.7648e-04, 2.2247e-05,
        1.9716e-05, 2.9802e-05, 3.7177e-05, 1.0750e-04, 1.0152e-06, 1.8276e-04,
        1.0027e-04, 1.0312e-05, 7.7063e-06, 1.2510e-04, 1.7585e-05, 4.2450e-05,
        1.4275e-04, 1.5460e-04, 1.0118e-04, 2.4502e-05, 4.5312e-05, 6.3811e-05,
        5.5695e-05, 4.5071e-05, 3.0533e-05, 5.9631e-05, 4.2328e-05, 5.3791e-06,
        7.7685e-05, 1.3782e-04, 1.2414e-04, 3.0722e-06, 7.7205e-05, 1.2973e-04,
        9.3831e-06, 5.1071e-05, 1.7258e-05, 5.5392e-05, 3.4451e-06, 3.6845e-05,
        1.1224e-05, 1.8272e-05, 3.9601e-05, 7.6541e-05, 4.6861e-05, 6.3578e-05,
        9.4372e-06, 8.0884e-05, 1.6673e-04, 1.2673e-04, 5.0209e-05, 1.0694e-06,
        1.2342e-05, 7.7153e-05, 7.8608e-06, 4.8837e-05, 2.4048e-05, 1.1091e-04,
        9.4059e-05, 7.1478e-05, 1.1088e-04, 7.8881e-05, 9.8168e-05, 5.2980e-05,
        2.7234e-05, 7.8642e-05, 1.0194e-04, 8.8508e-05, 8.0322e-05, 6.1140e-05,
        2.8206e-05, 2.8548e-05, 2.5423e-05, 9.9484e-05, 1.7846e-04, 3.3413e-05,
        6.3026e-05, 8.7070e-05, 4.0264e-05, 1.0618e-04, 3.3410e-05, 1.4616e-06,
        1.9421e-05, 1.1313e-05, 9.2883e-05, 5.8826e-05, 4.1395e-05, 6.9711e-05,
        4.2534e-05, 2.5104e-06, 4.8055e-07, 1.3429e-04, 2.9707e-05],
       grad_fn=<CatBackward>)

mean_overall=tensor(6.4598e-05, grad_fn=<MeanBackward0>)

-----------------------------------------------ITERATION340-----------------------------------------------

final_causality=[[1, 1, 1, 1, 1, 1, 1, 1, 1, 1, 1, 1, 1], [1, 1, 1, 1, 1, 1, 1, 1, 1, 1, 1, 1, 1, 1, 1, 1, 1, 1, 1, 1, 1, 1, 1, 1, 1, 1, 1, 1, 1, 1, 1, 1, 1, 1, 1, 1, 1, 1, 1, 1, 1, 1, 1, 1, 1, 1, 1, 1, 1, 1], [1, 1, 1, 1, 1, 1, 1, 1, 1, 1, 1, 1, 1, 1, 1, 1, 1, 1, 1, 1, 1, 1, 1, 1, 1, 1, 1, 1, 1, 1, 1, 1, 1, 1, 1, 1, 1, 1, 1, 1, 1, 1, 1, 1, 1, 1, 1, 1, 1, 1]]

means=tensor([2.2900e-05, 1.2444e-04, 8.0027e-05, 3.1893e-04, 1.2924e-05, 2.3535e-05,
        2.2108e-05, 2.4118e-05, 2.5984e-04, 3.5883e-05, 7.5403e-05, 9.2255e-05,
        1.1341e-04, 4.8812e-05, 2.1517e-04, 5.8696e-05, 1.5838e-05, 6.4615e-06,
        4.6016e-05, 7.1740e-05, 1.1812e-04, 1.3362e-05, 1.7582e-04, 2.1446e-05,
        1.9703e-05, 2.9661e-05, 3.7233e-05, 1.0860e-04, 1.4603e-06, 1.8361e-04,
        1.0052e-04, 1.0096e-05, 7.8188e-06, 1.2657e-04, 1.8081e-05, 4.2914e-05,
        1.4178e-04, 1.5528e-04, 1.0113e-04, 2.5013e-05, 4.4538e-05, 6.4199e-05,
        5.6351e-05, 4.4900e-05, 3.1107e-05, 5.9531e-05, 4.2359e-05, 5.5470e-06,
        7.7513e-05, 1.3900e-04, 1.2414e-04, 2.7954e-06, 7.7135e-05, 1.2910e-04,
        9.2336e-06, 5.1399e-05, 1.8063e-05, 5.5415e-05, 4.1479e-06, 3.6954e-05,
        1.1811e-05, 1.7707e-05, 3.9870e-05, 7.6651e-05, 4.6715e-05, 6.3491e-05,
        9.4892e-06, 8.0922e-05, 1.6725e-04, 1.2602e-04, 5.0237e-05, 1.0810e-06,
        1.2378e-05, 7.7674e-05, 7.8660e-06, 4.9199e-05, 2.3905e-05, 1.1187e-04,
        9.3883e-05, 7.1608e-05, 1.1064e-04, 7.8723e-05, 9.8468e-05, 5.2975e-05,
        2.7320e-05, 7.9459e-05, 1.0209e-04, 8.9800e-05, 8.1047e-05, 6.1029e-05,
        2.8144e-05, 2.9079e-05, 2.5431e-05, 9.9273e-05, 1.7802e-04, 3.3438e-05,
        6.3157e-05, 8.7712e-05, 4.0244e-05, 1.0654e-04, 3.3363e-05, 1.4826e-06,
        1.9464e-05, 1.1330e-05, 9.4575e-05, 5.8982e-05, 4.1713e-05, 7.0500e-05,
        4.2681e-05, 2.5218e-06, 4.7755e-07, 1.3437e-04, 2.9541e-05],
       grad_fn=<CatBackward>)

mean_overall=tensor(6.4897e-05, grad_fn=<MeanBackward0>)

-----------------------------------------------ITERATION350-----------------------------------------------

final_causality=[[1, 1, 1, 1, 1, 1, 1, 1, 1, 1, 1, 1, 1], [1, 1, 1, 1, 1, 1, 1, 1, 1, 1, 1, 1, 1, 1, 1, 1, 1, 1, 1, 1, 1, 1, 1, 1, 1, 1, 1, 1, 1, 1, 1, 1, 1, 1, 1, 1, 1, 1, 1, 1, 1, 1, 1, 1, 1, 1, 1, 1, 1, 1], [1, 1, 1, 1, 1, 1, 1, 1, 1, 1, 1, 1, 1, 1, 1, 1, 1, 1, 1, 1, 1, 1, 1, 1, 1, 1, 1, 1, 1, 1, 1, 1, 1, 1, 1, 1, 1, 1, 1, 1, 1, 1, 1, 1, 1, 1, 1, 1, 1, 1]]

means=tensor([2.4294e-05, 1.2661e-04, 7.9921e-05, 3.2032e-04, 2.5320e-06, 2.5616e-05,
        2.4220e-05, 2.8078e-05, 2.6136e-04, 3.9558e-05, 8.0760e-05, 9.5640e-05,
        1.1289e-04, 4.9135e-05, 2.1280e-04, 5.9072e-05, 1.6598e-05, 6.4840e-06,
        4.6296e-05, 7.2445e-05, 1.1967e-04, 1.3877e-05, 1.7515e-04, 2.0649e-05,
        1.9694e-05, 2.9516e-05, 3.7283e-05, 1.0966e-04, 1.9055e-06, 1.8441e-04,
        1.0080e-04, 9.8823e-06, 7.9367e-06, 1.2802e-04, 1.8590e-05, 4.3371e-05,
        1.4085e-04, 1.5594e-04, 1.0108e-04, 2.5525e-05, 4.3764e-05, 6.4593e-05,
        5.7002e-05, 4.4744e-05, 3.1697e-05, 5.9416e-05, 4.2395e-05, 5.7234e-06,
        7.7313e-05, 1.4014e-04, 1.2414e-04, 2.5119e-06, 7.7079e-05, 1.2850e-04,
        9.0775e-06, 5.1715e-05, 1.8866e-05, 5.5430e-05, 4.8549e-06, 3.7075e-05,
        1.2405e-05, 1.7168e-05, 4.0128e-05, 7.6751e-05, 4.6597e-05, 6.3425e-05,
        9.5430e-06, 8.0959e-05, 1.6780e-04, 1.2531e-04, 5.0262e-05, 1.0925e-06,
        1.2409e-05, 7.8182e-05, 7.8704e-06, 4.9806e-05, 2.3770e-05, 1.1280e-04,
        9.3707e-05, 7.1731e-05, 1.1040e-04, 7.8577e-05, 9.8753e-05, 5.2966e-05,
        2.7404e-05, 8.0284e-05, 1.0224e-04, 9.1077e-05, 8.1753e-05, 6.0922e-05,
        2.8083e-05, 2.9594e-05, 2.5438e-05, 9.9076e-05, 1.7760e-04, 3.3462e-05,
        6.3280e-05, 8.8329e-05, 4.0223e-05, 1.0687e-04, 3.3314e-05, 1.5039e-06,
        1.9503e-05, 1.1346e-05, 9.6215e-05, 5.9128e-05, 4.2016e-05, 7.1250e-05,
        4.2828e-05, 2.5331e-06, 4.7461e-07, 1.3445e-04, 2.9368e-05],
       grad_fn=<CatBackward>)

mean_overall=tensor(6.5190e-05, grad_fn=<MeanBackward0>)

-----------------------------------------------ITERATION360-----------------------------------------------

final_causality=[[1, 1, 1, 1, 1, 1, 1, 1, 1, 1, 1, 1, 1], [1, 1, 1, 1, 1, 1, 1, 1, 1, 1, 1, 1, 1, 1, 1, 1, 1, 1, 1, 1, 1, 1, 1, 1, 1, 1, 1, 1, 1, 1, 1, 1, 1, 1, 1, 1, 1, 1, 1, 1, 1, 1, 1, 1, 1, 1, 1, 1, 1, 1], [1, 1, 1, 1, 1, 1, 1, 1, 1, 1, 1, 1, 1, 1, 1, 1, 1, 1, 1, 1, 1, 1, 1, 1, 1, 1, 1, 1, 1, 1, 1, 1, 1, 1, 1, 1, 1, 1, 1, 1, 1, 1, 1, 1, 1, 1, 1, 1, 1, 1]]

means=tensor([2.5708e-05, 1.2869e-04, 7.9659e-05, 3.2117e-04, 2.0798e-06, 2.7705e-05,
        2.6322e-05, 3.1959e-05, 2.6286e-04, 4.3338e-05, 8.6129e-05, 9.9035e-05,
        1.1229e-04, 4.9445e-05, 2.1050e-04, 5.9472e-05, 1.7381e-05, 6.5075e-06,
        4.6567e-05, 7.3128e-05, 1.2119e-04, 1.4400e-05, 1.7446e-04, 1.9856e-05,
        1.9689e-05, 2.9369e-05, 3.7327e-05, 1.1068e-04, 2.3505e-06, 1.8518e-04,
        1.0110e-04, 9.6708e-06, 8.0602e-06, 1.2942e-04, 1.9111e-05, 4.3819e-05,
        1.3994e-04, 1.5661e-04, 1.0103e-04, 2.6036e-05, 4.2994e-05, 6.4960e-05,
        5.7646e-05, 4.4602e-05, 3.2303e-05, 5.9285e-05, 4.2436e-05, 5.9084e-06,
        7.7086e-05, 1.4125e-04, 1.2413e-04, 2.2223e-06, 7.7038e-05, 1.2794e-04,
        8.9146e-06, 5.2017e-05, 1.9666e-05, 5.5437e-05, 5.5656e-06, 3.7207e-05,
        1.3006e-05, 1.6654e-05, 4.0374e-05, 7.6842e-05, 4.6483e-05, 6.3380e-05,
        9.5985e-06, 8.0995e-05, 1.6839e-04, 1.2461e-04, 5.0286e-05, 1.1039e-06,
        1.2436e-05, 7.8677e-05, 7.8739e-06, 5.0475e-05, 2.3644e-05, 1.1370e-04,
        9.3532e-05, 7.1846e-05, 1.1017e-04, 7.8443e-05, 9.9024e-05, 5.2955e-05,
        2.7485e-05, 8.1115e-05, 1.0239e-04, 9.2337e-05, 8.2438e-05, 6.0818e-05,
        2.8023e-05, 3.0091e-05, 2.5443e-05, 9.8895e-05, 1.7720e-04, 3.3485e-05,
        6.3671e-05, 8.8918e-05, 4.0202e-05, 1.0717e-04, 3.3262e-05, 1.5257e-06,
        1.9537e-05, 1.1362e-05, 9.7804e-05, 5.9261e-05, 4.2303e-05, 7.1960e-05,
        4.2974e-05, 2.5442e-06, 4.7175e-07, 1.3453e-04, 2.9189e-05],
       grad_fn=<CatBackward>)

mean_overall=tensor(6.5564e-05, grad_fn=<MeanBackward0>)

-----------------------------------------------ITERATION370-----------------------------------------------

final_causality=[[1, 1, 1, 1, 1, 1, 1, 1, 1, 1, 1, 1, 1], [1, 1, 1, 1, 1, 1, 1, 1, 1, 1, 1, 1, 1, 1, 1, 1, 1, 1, 1, 1, 1, 1, 1, 1, 1, 1, 1, 1, 1, 1, 1, 1, 1, 1, 1, 1, 1, 1, 1, 1, 1, 1, 1, 1, 1, 1, 1, 1, 1, 1], [1, 1, 1, 1, 1, 1, 1, 1, 1, 1, 1, 1, 1, 1, 1, 1, 1, 1, 1, 1, 1, 1, 1, 1, 1, 1, 1, 1, 1, 1, 1, 1, 1, 1, 1, 1, 1, 1, 1, 1, 1, 1, 1, 1, 1, 1, 1, 1, 1, 1]]

means=tensor([2.7143e-05, 1.3066e-04, 7.9241e-05, 3.2149e-04, 1.2528e-05, 2.9802e-05,
        2.8414e-05, 3.5762e-05, 2.6431e-04, 4.7218e-05, 9.1507e-05, 1.0244e-04,
        1.1163e-04, 4.9741e-05, 2.0826e-04, 5.9893e-05, 1.8187e-05, 6.5319e-06,
        4.6830e-05, 7.3787e-05, 1.2268e-04, 1.4929e-05, 1.7375e-04, 1.9066e-05,
        1.9687e-05, 2.9219e-05, 3.7366e-05, 1.1166e-04, 2.7950e-06, 1.8591e-04,
        1.0142e-04, 9.4614e-06, 8.1891e-06, 1.3079e-04, 1.9645e-05, 4.4260e-05,
        1.3906e-04, 1.5727e-04, 1.0099e-04, 2.6547e-05, 4.2226e-05, 6.5292e-05,
        5.8284e-05, 4.4475e-05, 3.2924e-05, 5.9140e-05, 4.2481e-05, 6.1019e-06,
        7.6835e-05, 1.4231e-04, 1.2412e-04, 1.9271e-06, 7.7012e-05, 1.2741e-04,
        8.7449e-06, 5.2307e-05, 2.0463e-05, 5.5437e-05, 6.2796e-06, 3.7350e-05,
        1.3613e-05, 1.6164e-05, 4.0608e-05, 7.6925e-05, 4.6372e-05, 6.3496e-05,
        9.6557e-06, 8.1031e-05, 1.6903e-04, 1.2391e-04, 5.0308e-05, 1.1151e-06,
        1.2459e-05, 7.9159e-05, 7.8768e-06, 5.1130e-05, 2.3527e-05, 1.1455e-04,
        9.3356e-05, 7.1955e-05, 1.0993e-04, 7.8323e-05, 9.9280e-05, 5.2941e-05,
        2.7563e-05, 8.1953e-05, 1.0254e-04, 9.3580e-05, 8.3102e-05, 6.0720e-05,
        2.7964e-05, 3.0572e-05, 2.5449e-05, 9.8732e-05, 1.7682e-04, 3.3507e-05,
        6.4215e-05, 8.9480e-05, 4.0180e-05, 1.0743e-04, 3.3209e-05, 1.5478e-06,
        1.9566e-05, 1.1377e-05, 9.9339e-05, 5.9383e-05, 4.2575e-05, 7.2633e-05,
        4.3121e-05, 2.5551e-06, 4.6896e-07, 1.3462e-04, 2.9004e-05],
       grad_fn=<CatBackward>)

mean_overall=tensor(6.6028e-05, grad_fn=<MeanBackward0>)

-----------------------------------------------ITERATION380-----------------------------------------------

final_causality=[[1, 1, 1, 1, 1, 1, 1, 1, 1, 1, 1, 1, 1], [1, 1, 1, 1, 1, 1, 1, 1, 1, 1, 1, 1, 1, 1, 1, 1, 1, 1, 1, 1, 1, 1, 1, 1, 1, 1, 1, 1, 1, 1, 1, 1, 1, 1, 1, 1, 1, 1, 1, 1, 1, 1, 1, 1, 1, 1, 1, 1, 1, 1], [1, 1, 1, 1, 1, 1, 1, 1, 1, 1, 1, 1, 1, 1, 1, 1, 1, 1, 1, 1, 1, 1, 1, 1, 1, 1, 1, 1, 1, 1, 1, 1, 1, 1, 1, 1, 1, 1, 1, 1, 1, 1, 1, 1, 1, 1, 1, 1, 1, 1]]

means=tensor([2.8601e-05, 1.3254e-04, 7.8666e-05, 3.2129e-04, 2.2946e-05, 3.1905e-05,
        3.0496e-05, 3.9485e-05, 2.6572e-04, 5.1195e-05, 9.6893e-05, 1.0586e-04,
        1.1090e-04, 5.0024e-05, 2.0608e-04, 6.0335e-05, 1.9017e-05, 6.5686e-06,
        4.7083e-05, 7.4423e-05, 1.2413e-04, 1.5466e-05, 1.7303e-04, 1.8282e-05,
        1.9687e-05, 2.9065e-05, 3.7398e-05, 1.1260e-04, 3.2388e-06, 1.8660e-04,
        1.0176e-04, 9.2540e-06, 8.3235e-06, 1.3213e-04, 2.0191e-05, 4.4692e-05,
        1.3821e-04, 1.5792e-04, 1.0095e-04, 2.7055e-05, 4.1463e-05, 6.5591e-05,
        5.8916e-05, 4.4361e-05, 3.3562e-05, 5.8982e-05, 4.2530e-05, 6.3041e-06,
        7.6561e-05, 1.4333e-04, 1.2411e-04, 1.6268e-06, 7.6998e-05, 1.2691e-04,
        8.5682e-06, 5.2583e-05, 2.1258e-05, 5.5430e-05, 6.9966e-06, 3.7503e-05,
        1.4226e-05, 1.5700e-05, 4.0830e-05, 7.7000e-05, 4.6264e-05, 6.3641e-05,
        9.7145e-06, 8.1065e-05, 1.6970e-04, 1.2323e-04, 5.0328e-05, 1.1262e-06,
        1.2479e-05, 7.9626e-05, 7.8790e-06, 5.1771e-05, 2.3419e-05, 1.1538e-04,
        9.3179e-05, 7.2058e-05, 1.0970e-04, 7.8218e-05, 9.9523e-05, 5.2924e-05,
        2.7639e-05, 8.2795e-05, 1.0269e-04, 9.4806e-05, 8.3745e-05, 6.0627e-05,
        2.7906e-05, 3.1035e-05, 2.5454e-05, 9.8588e-05, 1.7645e-04, 3.3529e-05,
        6.4735e-05, 9.0013e-05, 4.0159e-05, 1.0767e-04, 3.3155e-05, 1.5702e-06,
        1.9591e-05, 1.1392e-05, 1.0082e-04, 5.9493e-05, 4.2832e-05, 7.3270e-05,
        4.3266e-05, 2.5659e-06, 4.6624e-07, 1.3471e-04, 2.8815e-05],
       grad_fn=<CatBackward>)

mean_overall=tensor(6.6481e-05, grad_fn=<MeanBackward0>)

-----------------------------------------------ITERATION390-----------------------------------------------

final_causality=[[1, 1, 1, 1, 1, 1, 1, 1, 1, 1, 1, 1, 1], [1, 1, 1, 1, 1, 1, 1, 1, 1, 1, 1, 1, 1, 1, 1, 1, 1, 1, 1, 1, 1, 1, 1, 1, 1, 1, 1, 1, 1, 1, 1, 1, 1, 1, 1, 1, 1, 1, 1, 1, 1, 1, 1, 1, 1, 1, 1, 1, 1, 1], [1, 1, 1, 1, 1, 1, 1, 1, 1, 1, 1, 1, 1, 1, 1, 1, 1, 1, 1, 1, 1, 1, 1, 1, 1, 1, 1, 1, 1, 1, 1, 1, 1, 1, 1, 1, 1, 1, 1, 1, 1, 1, 1, 1, 1, 1, 1, 1, 1, 1]]

means=tensor([3.0083e-05, 1.3432e-04, 7.7932e-05, 3.2058e-04, 3.3333e-05, 3.4015e-05,
        3.2567e-05, 4.3129e-05, 2.6707e-04, 5.5267e-05, 1.0228e-04, 1.0929e-04,
        1.1009e-04, 5.0296e-05, 2.0395e-04, 6.0797e-05, 1.9872e-05, 6.6088e-06,
        4.7328e-05, 7.5036e-05, 1.2555e-04, 1.6008e-05, 1.7230e-04, 1.7503e-05,
        1.9690e-05, 2.8908e-05, 3.7425e-05, 1.1349e-04, 3.6816e-06, 1.8725e-04,
        1.0232e-04, 9.0483e-06, 8.4634e-06, 1.3342e-04, 2.0749e-05, 4.5116e-05,
        1.3739e-04, 1.5857e-04, 1.0092e-04, 2.7560e-05, 4.0706e-05, 6.5856e-05,
        5.9542e-05, 4.4260e-05, 3.4214e-05, 5.8811e-05, 4.2582e-05, 6.5149e-06,
        7.6264e-05, 1.4432e-04, 1.2409e-04, 1.3221e-06, 7.6998e-05, 1.2644e-04,
        8.3844e-06, 5.2846e-05, 2.2050e-05, 5.5416e-05, 7.7163e-06, 3.7666e-05,
        1.4844e-05, 1.5260e-05, 4.1040e-05, 7.7068e-05, 4.6160e-05, 6.3803e-05,
        9.7748e-06, 8.1099e-05, 1.7041e-04, 1.2255e-04, 5.0347e-05, 1.1372e-06,
        1.2495e-05, 8.0078e-05, 7.8806e-06, 5.2399e-05, 2.3320e-05, 1.1616e-04,
        9.3002e-05, 7.2155e-05, 1.0946e-04, 7.8128e-05, 9.9753e-05, 5.2905e-05,
        2.7712e-05, 8.3643e-05, 1.0284e-04, 9.6014e-05, 8.4367e-05, 6.0539e-05,
        2.7849e-05, 3.1483e-05, 2.5459e-05, 9.8465e-05, 1.7611e-04, 3.3550e-05,
        6.5232e-05, 9.0517e-05, 4.0137e-05, 1.0787e-04, 3.3100e-05, 1.5929e-06,
        1.9611e-05, 1.1406e-05, 1.0224e-04, 5.9592e-05, 4.3074e-05, 7.3872e-05,
        4.3410e-05, 2.5764e-06, 4.6359e-07, 1.3480e-04, 2.8622e-05],
       grad_fn=<CatBackward>)

mean_overall=tensor(6.6926e-05, grad_fn=<MeanBackward0>)

-----------------------------------------------ITERATION400-----------------------------------------------

final_causality=[[1, 1, 1, 1, 1, 1, 1, 1, 1, 1, 1, 1, 1], [1, 1, 1, 1, 1, 1, 1, 1, 1, 1, 1, 1, 1, 1, 1, 1, 1, 1, 1, 1, 1, 1, 1, 1, 1, 1, 1, 1, 1, 1, 1, 1, 1, 1, 1, 1, 1, 1, 1, 1, 1, 1, 1, 1, 1, 1, 1, 1, 1, 1], [1, 1, 1, 1, 1, 1, 1, 1, 1, 1, 1, 1, 1, 1, 1, 1, 1, 1, 1, 1, 1, 1, 1, 1, 1, 1, 1, 1, 1, 1, 1, 1, 1, 1, 1, 1, 1, 1, 1, 1, 1, 1, 1, 1, 1, 1, 1, 1, 1, 1]]

means=tensor([3.1591e-05, 1.3599e-04, 7.7040e-05, 3.1937e-04, 4.3691e-05, 3.6132e-05,
        3.4628e-05, 4.6692e-05, 2.6836e-04, 5.9429e-05, 1.0768e-04, 1.1274e-04,
        1.0920e-04, 5.0555e-05, 2.0189e-04, 6.1278e-05, 2.0751e-05, 6.6498e-06,
        4.7563e-05, 7.5625e-05, 1.2693e-04, 1.6577e-05, 1.7155e-04, 1.6730e-05,
        1.9694e-05, 2.8748e-05, 3.7446e-05, 1.1435e-04, 4.1230e-06, 1.8786e-04,
        1.0290e-04, 8.8442e-06, 8.6088e-06, 1.3468e-04, 2.1319e-05, 4.5530e-05,
        1.3659e-04, 1.5920e-04, 1.0088e-04, 2.8062e-05, 3.9955e-05, 6.6090e-05,
        6.0162e-05, 4.4171e-05, 3.4882e-05, 5.8628e-05, 4.2638e-05, 6.7345e-06,
        7.5947e-05, 1.4527e-04, 1.2407e-04, 1.0133e-06, 7.7009e-05, 1.2600e-04,
        8.1935e-06, 5.3095e-05, 2.2839e-05, 5.5395e-05, 8.4383e-06, 3.7839e-05,
        1.5465e-05, 1.4844e-05, 4.1239e-05, 7.7128e-05, 4.6058e-05, 6.3981e-05,
        9.8365e-06, 8.1132e-05, 1.7117e-04, 1.2188e-04, 5.0366e-05, 1.1482e-06,
        1.2507e-05, 8.0516e-05, 7.8817e-06, 5.3012e-05, 2.3230e-05, 1.1691e-04,
        9.2822e-05, 7.2245e-05, 1.0924e-04, 7.8054e-05, 9.9969e-05, 5.2884e-05,
        2.7782e-05, 8.4495e-05, 1.0299e-04, 9.7204e-05, 8.4968e-05, 6.0459e-05,
        2.7793e-05, 3.1913e-05, 2.5464e-05, 9.8365e-05, 1.7579e-04, 3.3571e-05,
        6.5705e-05, 9.0991e-05, 4.0115e-05, 1.0804e-04, 3.3045e-05, 1.6159e-06,
        1.9627e-05, 1.1420e-05, 1.0361e-04, 5.9678e-05, 4.3300e-05, 7.4442e-05,
        4.3553e-05, 2.5868e-06, 4.6100e-07, 1.3489e-04, 2.8425e-05],
       grad_fn=<CatBackward>)

mean_overall=tensor(6.7360e-05, grad_fn=<MeanBackward0>)

-----------------------------------------------ITERATION410-----------------------------------------------

final_causality=[[1, 1, 1, 1, 1, 1, 1, 1, 1, 1, 1, 1, 1], [1, 1, 1, 1, 1, 1, 1, 1, 1, 1, 1, 1, 1, 1, 1, 1, 1, 1, 1, 1, 1, 1, 1, 1, 1, 1, 1, 1, 1, 1, 1, 1, 1, 1, 1, 1, 1, 1, 1, 1, 1, 1, 1, 1, 1, 1, 1, 1, 1, 1], [1, 1, 1, 1, 1, 1, 1, 1, 1, 1, 1, 1, 1, 1, 1, 1, 1, 1, 1, 1, 1, 1, 1, 1, 1, 1, 1, 1, 1, 1, 1, 1, 1, 1, 1, 1, 1, 1, 1, 1, 1, 1, 1, 1, 1, 1, 1, 1, 1, 1]]

means=tensor([3.3127e-05, 1.3757e-04, 7.5988e-05, 3.1767e-04, 5.4021e-05, 3.8255e-05,
        3.6680e-05, 5.0175e-05, 2.6958e-04, 6.3680e-05, 1.1307e-04, 1.1621e-04,
        1.0823e-04, 5.0805e-05, 1.9988e-04, 6.1777e-05, 2.1656e-05, 6.6916e-06,
        4.7790e-05, 7.6192e-05, 1.2828e-04, 1.7187e-05, 1.7080e-04, 1.5964e-05,
        1.9701e-05, 2.8584e-05, 3.7461e-05, 1.1516e-04, 4.5627e-06, 1.8843e-04,
        1.0349e-04, 8.6416e-06, 8.7597e-06, 1.3591e-04, 2.1901e-05, 4.5936e-05,
        1.3582e-04, 1.5983e-04, 1.0086e-04, 2.8559e-05, 3.9211e-05, 6.6292e-05,
        6.0777e-05, 4.4094e-05, 3.5564e-05, 5.8434e-05, 4.2695e-05, 6.9628e-06,
        7.5610e-05, 1.4618e-04, 1.2404e-04, 7.0103e-07, 7.7032e-05, 1.2559e-04,
        7.9956e-06, 5.3331e-05, 2.3624e-05, 5.5384e-05, 9.1625e-06, 3.8022e-05,
        1.6090e-05, 1.4452e-05, 4.1425e-05, 7.7183e-05, 4.5959e-05, 6.4174e-05,
        9.8996e-06, 8.1164e-05, 1.7196e-04, 1.2122e-04, 5.0383e-05, 1.1591e-06,
        1.2516e-05, 8.0968e-05, 7.8824e-06, 5.3611e-05, 2.3149e-05, 1.1762e-04,
        9.2640e-05, 7.2330e-05, 1.0901e-04, 7.7996e-05, 1.0017e-04, 5.2861e-05,
        2.7851e-05, 8.5350e-05, 1.0314e-04, 9.8376e-05, 8.5548e-05, 6.0385e-05,
        2.7738e-05, 3.2328e-05, 2.5471e-05, 9.8287e-05, 1.7549e-04, 3.3591e-05,
        6.6156e-05, 9.1436e-05, 4.0093e-05, 1.0818e-04, 3.2990e-05, 1.6392e-06,
        1.9638e-05, 1.1434e-05, 1.0493e-04, 5.9752e-05, 4.3553e-05, 7.4981e-05,
        4.3694e-05, 2.5970e-06, 4.5848e-07, 1.3499e-04, 2.8225e-05],
       grad_fn=<CatBackward>)

mean_overall=tensor(6.7785e-05, grad_fn=<MeanBackward0>)

-----------------------------------------------ITERATION420-----------------------------------------------

final_causality=[[1, 1, 1, 1, 1, 1, 1, 1, 1, 1, 1, 1, 1], [1, 1, 1, 1, 1, 1, 1, 1, 1, 1, 1, 1, 1, 1, 1, 1, 1, 1, 1, 1, 1, 1, 1, 1, 1, 1, 1, 1, 1, 1, 1, 1, 1, 1, 1, 1, 1, 1, 1, 1, 1, 1, 1, 1, 1, 1, 1, 1, 1, 1], [1, 1, 1, 1, 1, 1, 1, 1, 1, 1, 1, 1, 1, 1, 1, 1, 1, 1, 1, 1, 1, 1, 1, 1, 1, 1, 1, 1, 1, 1, 1, 1, 1, 1, 1, 1, 1, 1, 1, 1, 1, 1, 1, 1, 1, 1, 1, 1, 1, 1]]

means=tensor([3.4692e-05, 1.3904e-04, 7.4776e-05, 3.1551e-04, 6.4324e-05, 4.0385e-05,
        3.8722e-05, 5.3578e-05, 2.7072e-04, 6.8017e-05, 1.1846e-04, 1.1969e-04,
        1.0719e-04, 5.1045e-05, 1.9792e-04, 6.2292e-05, 2.2587e-05, 6.7339e-06,
        4.8009e-05, 7.6736e-05, 1.2960e-04, 1.7805e-05, 1.7005e-04, 1.5205e-05,
        1.9708e-05, 2.8416e-05, 3.7471e-05, 1.1592e-04, 5.0006e-06, 1.8897e-04,
        1.0410e-04, 8.4402e-06, 8.9162e-06, 1.3709e-04, 2.2495e-05, 4.6332e-05,
        1.3508e-04, 1.6045e-04, 1.0083e-04, 2.9052e-05, 3.8474e-05, 6.6464e-05,
        6.1387e-05, 4.4027e-05, 3.6262e-05, 5.8230e-05, 4.2755e-05, 7.2000e-06,
        7.5255e-05, 1.4706e-04, 1.2401e-04, 3.8562e-07, 7.7067e-05, 1.2521e-04,
        7.7905e-06, 5.3553e-05, 2.4451e-05, 5.5367e-05, 9.8885e-06, 3.8213e-05,
        1.6718e-05, 1.4083e-05, 4.1599e-05, 7.7231e-05, 4.5862e-05, 6.4382e-05,
        9.9639e-06, 8.1195e-05, 1.7280e-04, 1.2057e-04, 5.0401e-05, 1.1701e-06,
        1.2522e-05, 8.1445e-05, 7.8826e-06, 5.4195e-05, 2.3077e-05, 1.1829e-04,
        9.2456e-05, 7.2410e-05, 1.0878e-04, 7.7954e-05, 1.0036e-04, 5.2835e-05,
        2.7917e-05, 8.6208e-05, 1.0328e-04, 9.9529e-05, 8.6107e-05, 6.0318e-05,
        2.7685e-05, 3.2727e-05, 2.5477e-05, 9.8234e-05, 1.7520e-04, 3.3610e-05,
        6.6583e-05, 9.1849e-05, 4.0070e-05, 1.0829e-04, 3.2935e-05, 1.6628e-06,
        1.9645e-05, 1.1447e-05, 1.0618e-04, 5.9814e-05, 4.3871e-05, 7.5490e-05,
        4.3833e-05, 2.6071e-06, 4.5603e-07, 1.3509e-04, 2.8023e-05],
       grad_fn=<CatBackward>)

mean_overall=tensor(6.8201e-05, grad_fn=<MeanBackward0>)

-----------------------------------------------ITERATION430-----------------------------------------------

final_causality=[[1, 1, 1, 1, 1, 1, 1, 1, 1, 1, 1, 1, 1], [1, 1, 1, 1, 1, 1, 1, 1, 1, 1, 1, 1, 1, 1, 1, 1, 1, 1, 1, 1, 1, 1, 1, 1, 1, 1, 1, 1, 1, 1, 1, 1, 1, 1, 1, 1, 1, 1, 1, 1, 1, 1, 1, 1, 1, 1, 1, 1, 1, 1], [1, 1, 1, 1, 1, 1, 1, 1, 1, 1, 1, 1, 1, 1, 1, 1, 1, 1, 1, 1, 1, 1, 1, 1, 1, 1, 1, 1, 1, 1, 1, 1, 1, 1, 1, 1, 1, 1, 1, 1, 1, 1, 1, 1, 1, 1, 1, 1, 1, 1]]

means=tensor([3.6287e-05, 1.4042e-04, 7.3405e-05, 3.1289e-04, 7.4603e-05, 4.2521e-05,
        4.0754e-05, 5.6900e-05, 2.7176e-04, 7.2437e-05, 1.2385e-04, 1.2319e-04,
        1.0606e-04, 5.1276e-05, 1.9601e-04, 6.2822e-05, 2.3545e-05, 6.7769e-06,
        4.8219e-05, 7.7257e-05, 1.3087e-04, 1.8429e-05, 1.6929e-04, 1.4453e-05,
        1.9717e-05, 2.8244e-05, 3.7476e-05, 1.1665e-04, 5.4363e-06, 1.8946e-04,
        1.0473e-04, 8.2399e-06, 9.0781e-06, 1.3824e-04, 2.3100e-05, 4.6719e-05,
        1.3436e-04, 1.6106e-04, 1.0081e-04, 2.9539e-05, 3.7747e-05, 6.6607e-05,
        6.1992e-05, 4.3970e-05, 3.6973e-05, 5.8018e-05, 4.2817e-05, 7.4459e-06,
        7.4884e-05, 1.4790e-04, 1.2397e-04, 2.6163e-07, 7.7111e-05, 1.2485e-04,
        7.5784e-06, 5.3763e-05, 2.5324e-05, 5.5342e-05, 1.0616e-05, 3.8413e-05,
        1.7348e-05, 1.3738e-05, 4.1761e-05, 7.7274e-05, 4.5768e-05, 6.4761e-05,
        1.0029e-05, 8.1226e-05, 1.7367e-04, 1.1993e-04, 5.0418e-05, 1.1810e-06,
        1.2525e-05, 8.1908e-05, 7.8824e-06, 5.4766e-05, 2.3014e-05, 1.1893e-04,
        9.2269e-05, 7.2485e-05, 1.0856e-04, 7.7929e-05, 1.0054e-04, 5.2808e-05,
        2.7981e-05, 8.7068e-05, 1.0342e-04, 1.0066e-04, 8.6646e-05, 6.0259e-05,
        2.7632e-05, 3.3111e-05, 2.5485e-05, 9.8204e-05, 1.7494e-04, 3.3629e-05,
        6.6989e-05, 9.2232e-05, 4.0048e-05, 1.0838e-04, 3.2881e-05, 1.6865e-06,
        1.9648e-05, 1.1461e-05, 1.0739e-04, 5.9864e-05, 4.4167e-05, 7.5970e-05,
        4.3970e-05, 2.6170e-06, 4.5363e-07, 1.3520e-04, 2.7819e-05],
       grad_fn=<CatBackward>)

mean_overall=tensor(6.8611e-05, grad_fn=<MeanBackward0>)

-----------------------------------------------ITERATION440-----------------------------------------------

final_causality=[[1, 1, 1, 1, 1, 1, 1, 1, 1, 1, 1, 1, 1], [1, 1, 1, 1, 1, 1, 1, 1, 1, 1, 1, 1, 1, 1, 1, 1, 1, 1, 1, 1, 1, 1, 1, 1, 1, 1, 1, 1, 1, 1, 1, 1, 1, 1, 1, 1, 1, 1, 1, 1, 1, 1, 1, 1, 1, 1, 1, 1, 1, 1], [1, 1, 1, 1, 1, 1, 1, 1, 1, 1, 1, 1, 1, 1, 1, 1, 1, 1, 1, 1, 1, 1, 1, 1, 1, 1, 1, 1, 1, 1, 1, 1, 1, 1, 1, 1, 1, 1, 1, 1, 1, 1, 1, 1, 1, 1, 1, 1, 1, 1]]

means=tensor([3.7914e-05, 1.4170e-04, 7.1873e-05, 3.0983e-04, 8.4860e-05, 4.4663e-05,
        4.2778e-05, 6.0142e-05, 2.7271e-04, 7.6938e-05, 1.2924e-04, 1.2672e-04,
        1.0484e-04, 5.1500e-05, 1.9415e-04, 6.3368e-05, 2.4530e-05, 6.8204e-06,
        4.8421e-05, 7.7757e-05, 1.3211e-04, 1.9060e-05, 1.6853e-04, 1.3709e-05,
        1.9727e-05, 2.8068e-05, 3.7476e-05, 1.1733e-04, 5.8696e-06, 1.8991e-04,
        1.0537e-04, 8.0406e-06, 9.2457e-06, 1.3936e-04, 2.3716e-05, 4.7098e-05,
        1.3367e-04, 1.6166e-04, 1.0080e-04, 3.0020e-05, 3.7029e-05, 6.6722e-05,
        6.2592e-05, 4.3923e-05, 3.7697e-05, 5.7797e-05, 4.2881e-05, 7.7008e-06,
        7.4498e-05, 1.4871e-04, 1.2409e-04, 5.5816e-07, 7.7166e-05, 1.2452e-04,
        7.3592e-06, 5.3959e-05, 2.6200e-05, 5.5310e-05, 1.1346e-05, 3.8621e-05,
        1.7979e-05, 1.3417e-05, 4.1911e-05, 7.7313e-05, 4.5676e-05, 6.5226e-05,
        1.0096e-05, 8.1255e-05, 1.7458e-04, 1.1930e-04, 5.0435e-05, 1.1919e-06,
        1.2525e-05, 8.2356e-05, 7.8820e-06, 5.5322e-05, 2.2960e-05, 1.1953e-04,
        9.2078e-05, 7.2555e-05, 1.0835e-04, 7.7919e-05, 1.0071e-04, 5.2779e-05,
        2.8043e-05, 8.7929e-05, 1.0356e-04, 1.0178e-04, 8.7164e-05, 6.0208e-05,
        2.7581e-05, 3.3480e-05, 2.5494e-05, 9.8200e-05, 1.7469e-04, 3.3648e-05,
        6.7373e-05, 9.2585e-05, 4.0026e-05, 1.0843e-04, 3.2828e-05, 1.7104e-06,
        1.9646e-05, 1.1474e-05, 1.0853e-04, 5.9902e-05, 4.4444e-05, 7.6424e-05,
        4.4104e-05, 2.6268e-06, 4.5130e-07, 1.3531e-04, 2.7614e-05],
       grad_fn=<CatBackward>)

mean_overall=tensor(6.9016e-05, grad_fn=<MeanBackward0>)

