loss_training=[0.05684959233396917, 0.0003697445599798412, 0.004536217272403101, 0.0003449981119434355, 0.0008822203379819605, 0.00037999121192595843, 0.00037878106511067213, 0.00036499464717806423, 0.00034110198492499634, 0.00034247503021456204, 0.0003413082190355412, 0.0003397955414151954, 0.0003392825620043318, 0.00033887229078473797, 0.00033839893393342756, 0.00033792483964283657, 0.0003374563337224002, 0.00033698436601474984, 0.0003365066673570005, 0.00033602414114945766, 0.00033553784243901005, 0.00033504859127128563, 0.0003345571088169038, 0.00033406407368405443, 0.0003335701242321776, 0.0003330758549412228, 0.0003325818160903802, 0.00033208851567039107, 0.0003315964215382857, 0.00033110596365592626, 0.0003306175360844489, 0.0003301314989082348, 0.00032964818000445257, 0.000329167876737764, 0.00032869085755160636, 0.00032821736348959645, 0.00032774760963951447, 0.00032728178651559485, 0.000326820061378765, 0.00032636257950316975, 0.0003259094653907656, 0.0003254608239389495, 0.000325016741563433, 0.00032457728727959675, 0.00032414251374441016]

test_loss_training=[0.04896966017087971, 0.06721685829626961, 0.08459661629633596, 0.061708852689660795, 0.05835764243492308, 0.0661465498327968, 0.06511929411811558, 0.0624713238434195, 0.06411410779279811, 0.06411515168460408, 0.06352244403695034, 0.06393850043700931, 0.06382810539805067, 0.06377258438150463, 0.06385722031414563, 0.06380070989564181, 0.06382369000520986, 0.06382052939792987, 0.06381559632027288, 0.06382125619073652, 0.06381681448878003, 0.06381927209706062, 0.06381786451301498, 0.06381831404984903, 0.06381804774372582, 0.06381797819403999, 0.06381794110152081, 0.06381782718733989, 0.06381780525272901, 0.06381772537579003, 0.06381769811519504, 0.06381764791588615, 0.06381762266086499, 0.0638175918771992, 0.06381757319159923, 0.06381755529776383, 0.06381754384171455, 0.06381753468074915, 0.06381752910746337, 0.06381752545854377, 0.06381752354955908, 0.06381752249796568, 0.06381752167725419, 0.06381752041048747, 0.06381751798334447]

loss_control_training_MSE=[0.045312350066694596, 0.00048101761688338837, 0.004051780095116545, 0.0004016294170297426, 0.0007823140526399423, 0.00040675549268396195, 0.0003622801010755185, 0.00036507025463674805, 0.000341939916952861, 0.00034156327998818517, 0.0003411975063959228, 0.00033983014677371997, 0.00033922473561186694, 0.0003388119636689922, 0.00033835237184139057, 0.0003378799182484555, 0.0003374096526020097, 0.00033693668054616556, 0.0003364585251407578, 0.00033597565312836565, 0.0003354890426406587, 0.00033499953565155685, 0.00033450786559372517, 0.0003340147099721725, 0.0003335207022685681, 0.00033302643194802395, 0.0003325324447747284, 0.00033203924458219197, 0.0003315472953393241, 0.00033105702333222157, 0.000330568819142073, 0.0003300830395552274, 0.0003296000093232164, 0.0003291200228484149, 0.0003286433457670851, 0.0003281702164634087, 0.00032770084750664537, 0.000327235427027224, 0.00032677412003128314, 0.00032631706966189237, 0.00032586439840877286, 0.00032541620927132637, 0.0003249725868772403, 0.00032453359855979575, 0.00032409929539598046]

variances=[3.3208429006607734e-09, 3.668910113582306e-09, 3.759898520565698e-09, 3.5980332402333234e-09, 3.567923148760325e-09, 3.630612293610896e-09, 3.6243908040155574e-09, 3.604717166819381e-09, 3.6229209261099122e-09, 3.628059994660118e-09, 3.628865161628876e-09, 3.639625980636559e-09, 3.6466968726433865e-09, 3.655284476606684e-09, 3.666290757677108e-09, 3.6681245194546185e-09, 3.667251724471999e-09, 3.6681177238809723e-09, 3.6666157397436538e-09, 3.6672603570490596e-09, 3.669009231314423e-09, 3.6715303882952853e-09, 3.6752950535751184e-09, 3.6804555803578947e-09, 3.687033536644129e-09, 3.6950392863977844e-09, 3.70443703807251e-09, 3.7152419689162255e-09, 3.727692774502703e-09, 3.740492664703938e-09, 3.754891714483676e-09, 3.770713414971951e-09, 3.787879118368445e-09, 3.80625161757518e-09, 3.826042495271134e-09, 3.847696064987815e-09, 3.869675562021371e-09, 3.893112456885096e-09, 3.91702817691478e-09, 3.9429499267130144e-09, 3.970869262934756e-09, 3.9965281968017875e-09, 4.025028752892709e-09, 4.053215103214967e-09, 4.082480113669785e-09]

ACE_values=[7.209864797311547e-05, 7.310776883939504e-05, 7.418406844528975e-05, 7.230234796601736e-05, 7.19682146295589e-05, 7.244288319256382e-05, 7.233126805757192e-05, 7.211437179253847e-05, 7.218528155259435e-05, 7.215093076391327e-05, 7.207284341518942e-05, 7.206816588544143e-05, 7.202435277922808e-05, 7.198604318573502e-05, 7.195799253223838e-05, 7.197505929531196e-05, 7.203267407862787e-05, 7.208773773989713e-05, 7.217457919374073e-05, 7.22584658310842e-05, 7.234309200421082e-05, 7.24266302117285e-05, 7.251134924018474e-05, 7.259864329760488e-05, 7.26890552605802e-05, 7.278194664739138e-05, 7.287598099350892e-05, 7.297106964039998e-05, 7.307196593124823e-05, 7.318260346302789e-05, 7.3293473529422e-05, 7.340587719063903e-05, 7.351980737603502e-05, 7.36370879514564e-05, 7.375491972742314e-05, 7.387230384240246e-05, 7.400285407536918e-05, 7.413229548097313e-05, 7.425715532206729e-05, 7.438705240115151e-05, 7.452167578466515e-05, 7.46835445875301e-05, 7.484188804241641e-05, 7.499414555818822e-05, 7.51459700474786e-05]

------------------------------CONTROL NEURAL NET-------------------------------

loss_test_control=tensor(0.0638, grad_fn=<MseLossBackward>)

loss_training=[0.09060882022067211, 0.0035868349923395327, 0.005227378763019883, 0.0015615459547442389, 0.0007869357029056393, 0.0005329547821703974, 0.00041800100174031843, 0.0003591739578927751, 0.0003608340995342695, 0.00034550731538069654, 0.0003469623098683446, 0.0003449514476724356, 0.0003441718748982274, 0.00034375349136740453, 0.0003431872705190637, 0.0003426820656770313, 0.0003421878277693801, 0.000341684503601888, 0.0003411803810985405, 0.0003406762129479595, 0.00034017181983775775, 0.0003396681507715648, 0.00033916614461687936, 0.00033866655867239437, 0.00033817007710949365, 0.00033767732652527203, 0.00033718886800590845, 0.0003367051981793848, 0.0003362267537106279, 0.00033575391522216704, 0.00033528701072059165, 0.0003348263188916325, 0.00033437207228524516, 0.0003339244604037367, 0.00033348363266999195, 0.0003330497012874903, 0.00033262274399286707, 0.00033220280670378713, 0.00033178990606446405, 0.0003313840318891628, 0.0003309851495052696, 0.000330593201996182, 0.00033020811234499693, 0.0003298297854794609, 0.0003294581102189711]

test_loss_training=[0.2196942841737712, 0.07802704334060459, 0.050758218167855355, 0.059038258505593834, 0.07326915120885237, 0.06935243630725407, 0.06360401545668873, 0.06543479560594564, 0.06720275549855556, 0.0659673084638262, 0.06571799157413431, 0.06623155677906108, 0.06604333082031547, 0.06592156569389519, 0.06601964042019902, 0.06596097634424697, 0.0659228878715603, 0.06592607637484488, 0.06589138072305514, 0.06587000037544631, 0.06585086446826235, 0.06582466388339839, 0.06580318006265018, 0.06577963591704741, 0.06575596197775792, 0.06573284722434596, 0.06570904286378056, 0.06568556109033104, 0.06566191333424842, 0.06563829121900307, 0.06561472595019197, 0.06559117337531334, 0.06556771907285827, 0.06554433699189881, 0.06552107163840028, 0.06549792803152844, 0.06547492730545969, 0.06545208416769988, 0.06542941272278394, 0.06540692772967098, 0.06538464136426352, 0.06536256643826696, 0.0653407139714706, 0.06531909489773528, 0.06529771901757939]

loss_control_training_MSE=[0.07576442467309985, 0.0016863523540770532, 0.005544467614979214, 0.0011113059677144818, 0.0008775513056729363, 0.0004641647877063951, 0.00042976221134310153, 0.00035198430138768543, 0.00036055538736921405, 0.0003456067135029616, 0.00034644865663970817, 0.00034500702158987354, 0.00034409578724790076, 0.000343687429019077, 0.00034314352037953993, 0.0003426316648182774, 0.00034213683552955233, 0.0003416344086626136, 0.00034113005579947814, 0.0003406257239938373, 0.0003401213945796784, 0.0003396178676258924, 0.00033911606689135106, 0.00033861675946845256, 0.0003381206241086137, 0.00033762827885317517, 0.00033714027790604457, 0.0003366571118923212, 0.00033617921177791203, 0.0003357069527668284, 0.00033524065777867565, 0.0003347806007417679, 0.0003343270097645045, 0.00033388007020990776, 0.0003334399276520299, 0.0003330066907255951, 0.00033258043386785225, 0.00033216119995627266, 0.00033174900284377626, 0.000331343829792161, 0.00033094564380512534, 0.0003305543858612058, 0.00033016997704756303, 0.0003297923205951042, 0.00032942130381572593]

variances=[3.611377276824658e-09, 4.41728164278954e-09, 5.129319713935159e-09, 4.749723939395016e-09, 4.371797799619219e-09, 4.424506624206115e-09, 4.53589927230194e-09, 4.471104146969282e-09, 4.412343374692933e-09, 4.420607285706595e-09, 4.407003944925157e-09, 4.3765271843755905e-09, 4.36170875584645e-09, 4.345656550053917e-09, 4.3252299158764095e-09, 4.308553727427999e-09, 4.291944226112536e-09, 4.275089274425676e-09, 4.2597257157802395e-09, 4.244836868463871e-09, 4.230688998130407e-09, 4.21744408448679e-09, 4.20494190417722e-09, 4.1933905210843295e-09, 4.182797850683623e-09, 4.173182915413293e-09, 4.16458882081323e-09, 4.1570118132880536e-09, 4.150467311625366e-09, 4.1449550079962844e-09, 4.140470276562472e-09, 4.137039675606466e-09, 4.134661666565475e-09, 4.13328726403826e-09, 4.132894364528502e-09, 4.1334771785611805e-09, 4.135016853841156e-09, 4.1374921903105385e-09, 4.14087532195072e-09, 4.145111486211252e-09, 4.150375600008236e-09, 4.156587496552452e-09, 4.163606593558491e-09, 4.171406417116587e-09, 4.179849215591976e-09]

ACE_values=[7.400595010207046e-05, 8.020687650259844e-05, 8.468034857393589e-05, 8.240150883287347e-05, 8.029216416708185e-05, 8.075773715389214e-05, 8.155296634465864e-05, 8.132157928302713e-05, 8.111829533687048e-05, 8.132884815019116e-05, 8.141027232108068e-05, 8.138893804521557e-05, 8.146811617337916e-05, 8.154073675091976e-05, 8.158476568763162e-05, 8.165204610442942e-05, 8.17182047548945e-05, 8.178014416283784e-05, 8.184905519098464e-05, 8.191725485658734e-05, 8.198632896114984e-05, 8.20580564960457e-05, 8.213068703000548e-05, 8.220491707066638e-05, 8.227999772337564e-05, 8.235554521601495e-05, 8.243192375113882e-05, 8.250937627535456e-05, 8.258738678798044e-05, 8.266559881320546e-05, 8.274457034214655e-05, 8.282444511365834e-05, 8.290467208810363e-05, 8.298481699397425e-05, 8.306494559174546e-05, 8.314477576647818e-05, 8.322423422009783e-05, 8.330372196130751e-05, 8.338335460771861e-05, 8.346267496417328e-05, 8.35451033922854e-05, 8.362938102848803e-05, 8.37128127490704e-05, 8.379534146917209e-05, 8.387867016546625e-05]

------------------------------CONTROL NEURAL NET-------------------------------

loss_test_control=tensor(0.0653, grad_fn=<MseLossBackward>)

