loss_training=[0.13893486605627042, 0.04199262697459404, 0.03092381654830333, 0.03249726014223308, 0.028932830016468625, 0.029016915930580707, 0.028404626532665907, 0.028107559879651526, 0.027765019968084854, 0.0274334798982036, 0.02707863404185467, 0.026706651913905113, 0.026310492109627725, 0.025890710898140525, 0.02544472607947482, 0.02497184357279134, 0.024471149377787917, 0.023942229203430497, 0.023385193074282825, 0.02280076821799032, 0.022190386947965584, 0.02155628930288098, 0.020901596646362503, 0.020230347939795577, 0.01954750937696158, 0.018858928817281063, 0.01817122687163158, 0.017491620672552506, 0.016827672664919965, 0.01618696983313415, 0.01557674799853439, 0.015003485958371459, 0.014472506644301972, 0.013987629998881314, 0.013550924314996568, 0.013162596440171, 0.012821045148334655, 0.012523078306536971, 0.012264267454768182, 0.0120393896937037, 0.011842892928592042, 0.01166932068566493, 0.011513646802490752, 0.011371493641368748, 0.011239232709869987]

test_loss_training=[0.1580257564157615, 0.05799446244348326, 0.04294206670613684, 0.042989014937023236, 0.043107518575123266, 0.0446104564104858, 0.043081209261932825, 0.04213618420502542, 0.04211251271746111, 0.042104180692452246, 0.041675115845773276, 0.0412621249416683, 0.04097853043065403, 0.04063801062201049, 0.04022808852754247, 0.03982389199839461, 0.039405871209410595, 0.03895137216184539, 0.03847655089504696, 0.037983730689958556, 0.03746753206651212, 0.036932854844571074, 0.03638346433984715, 0.03582132237973164, 0.03525141754246012, 0.034678997833832007, 0.03410937405651512, 0.03354884204814679, 0.033003699180274154, 0.03248009504021265, 0.03198386489167067, 0.031519984355815836, 0.031092326659837525, 0.030703371790893483, 0.03035399972889665, 0.03004346907679558, 0.029769502051735654, 0.02952853470323814, 0.029316075918749053, 0.02912712601619027, 0.028956601918818582, 0.028799702819065146, 0.02865218085745508, 0.028510495655556082, 0.028371859590032383]

loss_control_training_MSE=[0.1244771329157497, 0.03796268065702148, 0.03158871389106574, 0.03203600365210722, 0.02886702543858566, 0.028988799067568037, 0.028354451129312203, 0.028080677583298196, 0.027729539404013934, 0.02739985648655514, 0.027042054898119103, 0.02666817685447203, 0.026269623063924604, 0.02584729569317734, 0.02539867264817153, 0.024923032674510636, 0.024419531351505527, 0.0238877837298209, 0.023327965172107824, 0.022740867873957956, 0.022127999925621332, 0.021491687424012217, 0.02083514205053835, 0.020162495756894053, 0.01947880603265966, 0.018790003941434784, 0.01810277888567793, 0.01742439506798841, 0.016762432864654574, 0.016124461787142753, 0.015517660427451603, 0.014948409457206498, 0.014421895866793082, 0.013941773610464135, 0.013509927207651713, 0.013126377511427504, 0.012789351869999757, 0.012495516662989608, 0.012240343191541348, 0.012018554894046084, 0.01182459128548591, 0.011653025663169636, 0.011498888907534201, 0.011357875595421478, 0.011226433645508243]

variances=[2.652135335653389e-09, 3.0500316333283937e-09, 3.7219272379854884e-09, 4.034235924747e-09, 4.187316802910564e-09, 4.586759868768155e-09, 5.335225195461278e-09, 6.297853871687512e-09, 7.4226837789299295e-09, 8.827037554413534e-09, 1.0592589424317964e-08, 1.266215768902905e-08, 1.509509004493452e-08, 1.8023837172583937e-08, 2.156629639871097e-08, 2.58089987802178e-08, 3.087953293148872e-08, 3.692222024785419e-08, 4.4090784794263964e-08, 5.256521650904507e-08, 6.254080383513837e-08, 7.422792392732613e-08, 8.781538703687903e-08, 1.0353584786216188e-07, 1.215880528357541e-07, 1.421669928490383e-07, 1.653800321562423e-07, 1.9129911867044013e-07, 2.2000321139820426e-07, 2.514469569252018e-07, 2.8551839137068075e-07, 3.219271091171947e-07, 3.6032073361418973e-07, 4.0035719436183056e-07, 4.413819778382153e-07, 4.828521318063778e-07, 5.241273446319379e-07, 5.645979160123089e-07, 6.039185402240958e-07, 6.405693459974e-07, 6.751744031954501e-07, 7.074018801959004e-07, 7.371712520951482e-07, 7.645177323597496e-07, 7.895929171293726e-07]

ACE_values=[5.9865810172743506e-05, 6.458136060964159e-05, 7.027974033251607e-05, 7.256969637012795e-05, 7.333912347772037e-05, 7.589152067725108e-05, 8.022602002596747e-05, 8.504878935295866e-05, 8.975273399827118e-05, 9.50601973543652e-05, 0.00010144625577260578, 0.00010900452267654369, 0.00011753421776328652, 0.00012705000831627955, 0.00013758452796653562, 0.00014904653204677614, 0.00016156690908703908, 0.00017520951860208967, 0.0001900604610910815, 0.00020618304573082858, 0.0002236653416551287, 0.00024254169981726437, 0.0002628686411747025, 0.00028455243480326456, 0.000307562541514026, 0.00033184292393752935, 0.00035740991701684277, 0.0003841991815092732, 0.000411973797130324, 0.0004405667898480696, 0.0004697183820082559, 0.0004992454132326198, 0.0005289206974758692, 0.0005583423174255959, 0.0005872339083049069, 0.0006152044730960751, 0.00064196630473447, 0.0006672569022225893, 0.0006907050450085131, 0.0007129379287318658, 0.0007331480451642083, 0.0007514364910361106, 0.0007678434888846128, 0.0007824646513635063, 0.0007954407970605815]

-------------------------------CAUSAL NEURAL NET-------------------------------

loss_test_causal=tensor(0.0282, grad_fn=<MseLossBackward>)

