loss_training=[0.13453728832446954, 0.0646687840083355, 0.06878796323929379, 0.06385546562733749, 0.06414073815849744, 0.063280844376022, 0.06315557381104327, 0.06283847280893218, 0.06259721553972326, 0.06233720100691075, 0.062059245535103086, 0.061767387094923486, 0.06145513837081334, 0.06112075308122004, 0.0607620637897168, 0.060376331816600175, 0.05996077243087286, 0.0595124278064318, 0.0590281840780288, 0.05850478088682569, 0.057938842950496366, 0.057326919563619974, 0.05666551633568064, 0.055951148520641904, 0.05518039392472563, 0.05434995837033897, 0.05345674933835947, 0.05249796001439267, 0.05147116606151042, 0.050374435447013914, 0.049206454136012066, 0.047966667738614445, 0.04665543990394914, 0.04527422561834288, 0.04382575645450918, 0.0423142322745855, 0.04074551193299063, 0.039127292411900425, 0.03746926079066854, 0.03578319458737214, 0.03408297360429788, 0.03238445482494198, 0.0307051588261622, 0.029063727992317066, 0.027479144805643126]

test_loss_training=[0.21719506314023307, 0.07546900331815419, 0.05133266243704346, 0.06974009383762751, 0.08202146182951, 0.07157271373198054, 0.0683561936085818, 0.07247638098228283, 0.07174994381743856, 0.07005456794766741, 0.07063785326905994, 0.07030353901834649, 0.06965202814094723, 0.06949428992115854, 0.0690407784979735, 0.0685754915413041, 0.0681522831391205, 0.06761810694732241, 0.06707797468099962, 0.06648197301647593, 0.06583078121626058, 0.06513051135020267, 0.06436413556098806, 0.06353531400306424, 0.06263400374353094, 0.06165730304247876, 0.06059925186632565, 0.059455328962896355, 0.058221417143797166, 0.05689433761660862, 0.055472518367900826, 0.05395629534333901, 0.05234864413672417, 0.05065564274570014, 0.048886982772598, 0.047056279820407866, 0.04518113467559131, 0.043282913234502986, 0.041386155757470414, 0.03951770150178384, 0.03770559037794074, 0.03597790084110194, 0.034361643422297465, 0.03288176644273737, 0.03156025967676153]

loss_control_training_MSE=[0.12147602695441094, 0.06402564871918029, 0.06857983681671799, 0.06369067531396816, 0.06409756160524506, 0.06325564091041938, 0.06311860100947038, 0.06281934877841742, 0.06256937108975155, 0.062310549860420235, 0.062031030431859584, 0.06173696612254751, 0.06142273648029182, 0.06108604045623359, 0.06072474873993691, 0.0603361632483222, 0.05991746395811397, 0.05946567181438382, 0.05897766089567659, 0.058450157501149486, 0.057879777394133775, 0.057263063553256305, 0.05659652007676989, 0.05587666603361605, 0.05510008884151288, 0.0542635110993929, 0.05336386482460471, 0.05239837692512922, 0.05136466708415939, 0.0502608591649291, 0.049085708437773545, 0.047838744930146525, 0.046520433394546694, 0.04513234798674354, 0.04367735842934981, 0.042159821999843736, 0.04058577360692741, 0.0389631030280451, 0.03730170299784805, 0.0356135625800892, 0.03391276764338862, 0.032215359163433696, 0.0305389982626812, 0.02890240036933602, 0.027324530365708435]

variances=[3.630752670907954e-09, 3.644986931499425e-09, 3.661973053246243e-09, 3.664296484131013e-09, 3.841699415539471e-09, 4.176400245115948e-09, 4.690660952352206e-09, 5.340534330073835e-09, 6.120466717356388e-09, 7.162549596221914e-09, 8.517838306120028e-09, 1.0236125425778449e-08, 1.239349306713924e-08, 1.5075098549012027e-08, 1.8391050077412034e-08, 2.2454458481406094e-08, 2.7408908644832416e-08, 3.3434499842551975e-08, 4.074333840354413e-08, 4.9589172025092375e-08, 6.028322359419167e-08, 7.319271396458876e-08, 8.872700943241997e-08, 1.0741014549580629e-07, 1.298420756541507e-07, 1.567414960896109e-07, 1.889512470769027e-07, 2.274302975827978e-07, 2.7330773176851864e-07, 3.278954164142716e-07, 3.926069882531009e-07, 4.6923922439327335e-07, 5.597628634609478e-07, 6.664508301866915e-07, 7.917683703625474e-07, 9.384299502584078e-07, 1.1094094160378418e-06, 1.3078297864436702e-06, 1.5369451059178715e-06, 1.8001647655936053e-06, 2.1007143931539894e-06, 2.4415436076515286e-06, 2.8250709118851387e-06, 3.2528987273914164e-06, 3.7253647017766137e-06]

ACE_values=[6.317069916101824e-05, 6.257935028239495e-05, 6.330401569812276e-05, 6.402139612984932e-05, 6.495538778090377e-05, 6.618160152156973e-05, 6.76233787947718e-05, 6.978886062116487e-05, 7.294350195029583e-05, 7.651391548148662e-05, 8.04005885839919e-05, 8.475145891936802e-05, 8.960624178418062e-05, 9.494656179337203e-05, 0.00010090822427828238, 0.00010749794745162493, 0.00011482069106453278, 0.000122947216177896, 0.00013197323551570288, 0.00014199761737209213, 0.00015305474724019186, 0.0001652953710095976, 0.0001788309870415724, 0.0001938319470252424, 0.00021040950245916585, 0.00022859443234818906, 0.00024846395592016153, 0.0002701865561814607, 0.000293956999096182, 0.000319886176153325, 0.00034826472733797873, 0.0003790535612357274, 0.0004123560228789258, 0.0004482689801868105, 0.000486855085489941, 0.0005282756518386299, 0.0005725325229686067, 0.000619637604697156, 0.0006695968366851559, 0.000722226653144299, 0.0007774098130719208, 0.0008348969081238241, 0.000894389183576008, 0.0009555184806520601, 0.0010179105642547238]

-------------------------------CAUSAL NEURAL NET-------------------------------

loss_test_causal=tensor(0.0305, grad_fn=<MseLossBackward>)

