-------------------------------CAUSAL NEURAL NET-------------------------------

loss_training=[0.17191540651692794, 0.05030932679056652, 0.012992938051949794, 0.014239896190086978, 0.013931705102721775, 0.012009084976594479, 0.012051252318788026, 0.011996306215295162, 0.011908014596713286, 0.011914221839967659, 0.011897611117736179, 0.0118914512342566, 0.011884505223953864, 0.011877617393650668, 0.011870769677096228, 0.01186362967900819, 0.011856322128697461, 0.011848780599575339, 0.011841030713539527, 0.011833065974082865, 0.011824891976589232, 0.011816509513612043, 0.011807920068133769, 0.01179912402088051, 0.011790121202704767, 0.011780910762048112, 0.01177149122000887, 0.011761860500654472, 0.01175201594184166, 0.011741954314172754, 0.011731671835569307, 0.011721164184701913, 0.011710426510645695, 0.011699453440086861, 0.011688239087457563, 0.011676777060860804, 0.011665060466862104, 0.011653081916126996, 0.011640833526731195, 0.011628306927708193, 0.011615493261707579, 0.011602383188230377, 0.011588966886238745, 0.011575234056560019, 0.011561173924714226]

test_loss_training=[0.053941046396882596, 0.045748369511887294, 0.09593857818751414, 0.13497704473157346, 0.1293192042915613, 0.10918295760528152, 0.0997761656350534, 0.10171181566008863, 0.10631889818751446, 0.10747605553404216, 0.10603104032782978, 0.10507062455081963, 0.10526549828910713, 0.10557235607043335, 0.10545481611660812, 0.10522007087265656, 0.10512760905438227, 0.1050883592768481, 0.10499543308791409, 0.10487861644529085, 0.10477882444727869, 0.10468371806941486, 0.10457872579385673, 0.10446985945448121, 0.10436186112449282, 0.1042518162087663, 0.10413851432179867, 0.10402329117817179, 0.1039062821246033, 0.1037869529129739, 0.1036653849804122, 0.10354171755712512, 0.10341583391993425, 0.1032876732703896, 0.1031572388750437, 0.1030244791561534, 0.10288933190036904, 0.10275175005993367, 0.10261167433273706, 0.10246903643562312, 0.10232376779543449, 0.10217579422147575, 0.10202503568951916, 0.10187140859704602, 0.10171482480510324]

loss_control_training_MSE=[0.1554632110706681, 0.04326511102928734, 0.012341053149240668, 0.014522876949921288, 0.013662852902564714, 0.011959210733181846, 0.012065828765472077, 0.011979391686876015, 0.011908333742263237, 0.011912980049972068, 0.011896483517589606, 0.011890897204496036, 0.011883722507219063, 0.011876934540958721, 0.011870029582562563, 0.011862882852035626, 0.011855548870605385, 0.011847987437166191, 0.011840215577448934, 0.011832229944544904, 0.01182403496809334, 0.01181563178391388, 0.011807021653102932, 0.011798204946219214, 0.011789181407420656, 0.01177995012746698, 0.011770509564378147, 0.011760857583569257, 0.011750991465419141, 0.011740907924580636, 0.011730603124529585, 0.01172007269020031, 0.011709311717846737, 0.011698314783101462, 0.011687075949444369, 0.011675588774470762, 0.01166384631507745, 0.011651841132238659, 0.011639565295016654, 0.011627010383593851, 0.011614167492443293, 0.011601027232958243, 0.011587579736162137, 0.011573814655174215, 0.011559721167870242]

variances=[8.898280404902798e-10, 8.905278135738695e-10, 9.494151529291523e-10, 1.0010398672414841e-09, 9.916804387399385e-10, 9.694340480568877e-10, 9.705702181752057e-10, 9.902104844802285e-10, 1.0168386057157032e-09, 1.042347905419867e-09, 1.0676666040785677e-09, 1.0971648904791744e-09, 1.1321344760310503e-09, 1.171748164154496e-09, 1.2151789827796343e-09, 1.2629897284058369e-09, 1.315669042186179e-09, 1.3698803838194718e-09, 1.4248987151801244e-09, 1.4852747186401793e-09, 1.5515631791503561e-09, 1.6240168488631093e-09, 1.7027763968997838e-09, 1.788016075325048e-09, 1.880349851265429e-09, 1.9802585863198644e-09, 2.087964148778503e-09, 2.203868480775757e-09, 2.328439249403813e-09, 2.462455249025774e-09, 2.6069047080892987e-09, 2.7619712482926894e-09, 2.92774586253446e-09, 3.104758982931151e-09, 3.2936963737728246e-09, 3.4935957860106325e-09, 3.7002038175637427e-09, 3.920545516322263e-09, 4.155550419839673e-09, 4.405811667536019e-09, 4.67249811037056e-09, 4.956291955025522e-09, 5.258275073706866e-09, 5.5795905655773325e-09, 5.921388114200573e-09]

ACE_values=[2.9888154181714632e-05, 3.042380338225273e-05, 3.212508295081716e-05, 3.319532423232707e-05, 3.294908412750723e-05, 3.231505542819455e-05, 3.2010693695589876e-05, 3.209522606863031e-05, 3.227533230762217e-05, 3.2347514996724885e-05, 3.234172208233433e-05, 3.235565919856779e-05, 3.2410956045751094e-05, 3.247769382940817e-05, 3.2536801564514784e-05, 3.259627059652383e-05, 3.266945840639929e-05, 3.281675810324799e-05, 3.3041579531275844e-05, 3.32753026376561e-05, 3.352332353496544e-05, 3.378520512905292e-05, 3.4061003218893866e-05, 3.435461600213348e-05, 3.466410395230658e-05, 3.499124145460405e-05, 3.532899844083729e-05, 3.567878996248004e-05, 3.604436725483625e-05, 3.643015804909056e-05, 3.683824497901834e-05, 3.726587160031055e-05, 3.7711774675771914e-05, 3.8176402022977485e-05, 3.8662353980446995e-05, 3.922668712057295e-05, 3.979328629767447e-05, 4.042209768821483e-05, 4.1074851097448994e-05, 4.175240929082995e-05, 4.245811190180826e-05, 4.318559736188062e-05, 4.393581912844365e-05, 4.470905703849802e-05, 4.551008618388558e-05]

-------------------------------CAUSAL NEURAL NET-------------------------------

loss_test_causal=tensor(0.1016, grad_fn=<MseLossBackward>)

