-----------------------------------------------ITERATION0-----------------------------------------------

final_causality=[[1, 1, 1, 1, 1, 1, 1, 1, 1, 1, 1, 1, 1], [1, 1, 1, 1, 1, 1, 1, 1, 1, 1, 1, 1, 1, 1, 1, 1, 1, 1, 1, 1, 1, 1, 1, 1, 1, 1, 1, 1, 1, 1, 1, 1, 1, 1, 1, 1, 1, 1, 1, 1, 1, 1, 1, 1, 1, 1, 1, 1, 1, 1], [1, 1, 1, 1, 1, 1, 1, 1, 1, 1, 1, 1, 1, 1, 1, 1, 1, 1, 1, 1, 1, 1, 1, 1, 1, 1, 1, 1, 1, 1, 1, 1, 1, 1, 1, 1, 1, 1, 1, 1, 1, 1, 1, 1, 1, 1, 1, 1, 1, 1]]

means=tensor([1.2023e-04, 1.1046e-05, 1.7797e-04, 5.2669e-05, 2.8356e-05, 1.2442e-04,
        1.1408e-04, 2.3498e-05, 5.9618e-05, 1.8308e-04, 1.8532e-04, 7.0900e-05,
        8.8944e-05, 4.5089e-05, 8.6868e-05, 1.0869e-05, 4.0123e-05, 9.5344e-05,
        5.0864e-05, 1.4636e-04, 6.4281e-05, 1.2007e-04, 1.9789e-05, 2.2274e-05,
        7.9498e-05, 1.0034e-05, 7.4667e-05, 4.0612e-05, 1.3817e-05, 1.0747e-04,
        7.1014e-05, 2.9793e-05, 1.2614e-04, 6.1416e-05, 2.8919e-05, 1.4683e-04,
        3.0869e-05, 1.1891e-04, 5.8698e-05, 1.1143e-04, 5.8924e-05, 2.0682e-04,
        1.0485e-04, 3.9236e-05, 6.6775e-05, 3.2332e-05, 5.8309e-05, 1.3463e-04,
        9.7913e-05, 6.1418e-05, 3.8539e-05, 6.8477e-06, 1.1148e-05, 7.0916e-05,
        2.7023e-05, 1.2390e-04, 7.7434e-05, 2.8155e-05, 3.3763e-05, 8.9406e-05,
        3.7476e-05, 1.0346e-04, 4.2485e-05, 1.2073e-04, 5.2674e-05, 5.4666e-05,
        9.4836e-05, 1.2358e-05, 5.3293e-05, 3.6905e-05, 1.0979e-04, 1.0891e-04,
        8.4034e-06, 7.4526e-06, 9.8536e-06, 5.0540e-05, 1.7681e-04, 9.3098e-05,
        4.5411e-05, 4.9650e-05, 3.6414e-06, 6.4542e-05, 5.3007e-06, 9.5004e-05,
        1.8518e-04, 2.6589e-05, 1.7788e-04, 1.0689e-04, 4.9292e-06, 1.0202e-04,
        2.8981e-05, 3.2356e-05, 8.8407e-05, 4.6966e-05, 2.2989e-04, 5.8056e-05,
        2.0166e-05, 3.6664e-05, 5.3135e-06, 5.1964e-05, 3.3137e-05, 7.9668e-05,
        2.3259e-05, 3.7231e-05, 1.0682e-04, 1.4772e-04, 3.2089e-05, 2.3714e-05,
        5.6789e-05, 7.5978e-05, 8.8497e-05, 5.6463e-06, 2.8163e-05],
       grad_fn=<CatBackward>)

mean_overall=tensor(6.9016e-05, grad_fn=<MeanBackward0>)

-----------------------------------------------ITERATION10-----------------------------------------------

final_causality=[[1, 1, 1, 1, 1, 1, 1, 1, 1, 1, 1, 1, 1], [1, 1, 1, 1, 1, 1, 1, 1, 1, 1, 1, 1, 1, 1, 1, 1, 1, 1, 1, 1, 1, 1, 1, 1, 1, 1, 1, 1, 1, 1, 1, 1, 1, 1, 1, 1, 1, 1, 1, 1, 1, 1, 1, 1, 1, 1, 1, 1, 1, 1], [1, 1, 1, 1, 1, 1, 1, 1, 1, 1, 1, 1, 1, 1, 1, 1, 1, 1, 1, 1, 1, 1, 1, 1, 1, 1, 1, 1, 1, 1, 1, 1, 1, 1, 1, 1, 1, 1, 1, 1, 1, 1, 1, 1, 1, 1, 1, 1, 1, 1]]

means=tensor([1.3931e-04, 1.8899e-05, 2.5160e-04, 3.9947e-05, 4.7472e-05, 8.8543e-05,
        1.4569e-04, 8.8429e-06, 8.7792e-06, 1.5858e-04, 1.2809e-04, 9.2991e-05,
        8.6476e-05, 7.4122e-05, 1.1380e-04, 1.3685e-05, 6.9792e-05, 7.0622e-05,
        2.5337e-05, 1.1932e-04, 2.7557e-05, 8.4658e-05, 6.4863e-05, 4.0635e-05,
        1.1051e-04, 1.1919e-05, 1.0820e-04, 5.7375e-05, 3.3279e-05, 1.3071e-04,
        1.0202e-04, 5.9513e-05, 1.0563e-04, 3.6371e-05, 5.6286e-05, 1.0733e-04,
        2.7822e-05, 1.3580e-04, 3.9343e-05, 8.1448e-05, 4.1626e-05, 1.7422e-04,
        5.2781e-05, 5.5393e-05, 4.4048e-05, 9.3646e-06, 8.1199e-05, 1.5400e-04,
        6.8137e-05, 3.5357e-05, 6.0767e-06, 3.6665e-05, 2.1612e-05, 1.0636e-04,
        3.5196e-05, 1.6320e-04, 4.9800e-05, 4.1960e-05, 2.6637e-06, 1.1744e-04,
        4.7163e-07, 8.0728e-05, 6.0965e-05, 1.1943e-04, 4.7017e-05, 4.8269e-05,
        1.0019e-04, 5.8852e-06, 4.5009e-05, 4.3393e-05, 1.0162e-04, 1.0698e-04,
        1.5052e-05, 4.5813e-06, 1.6204e-05, 5.3666e-05, 1.7929e-04, 9.9540e-05,
        4.7492e-05, 5.5082e-05, 2.2477e-06, 5.6966e-05, 7.6634e-06, 1.0090e-04,
        1.7439e-04, 2.2791e-05, 1.6251e-04, 1.1202e-04, 1.5671e-06, 9.8090e-05,
        3.0525e-05, 2.9253e-05, 9.6785e-05, 5.0277e-05, 2.2710e-04, 6.6212e-05,
        1.2823e-05, 3.4971e-05, 1.2290e-06, 4.4831e-05, 2.8962e-05, 7.4526e-05,
        1.9078e-05, 4.1579e-05, 1.0743e-04, 1.4301e-04, 3.5871e-05, 2.0401e-05,
        5.3939e-05, 7.0762e-05, 8.1170e-05, 8.3920e-06, 2.5224e-05],
       grad_fn=<CatBackward>)

mean_overall=tensor(6.8094e-05, grad_fn=<MeanBackward0>)

-----------------------------------------------ITERATION20-----------------------------------------------

final_causality=[[1, 1, 1, 1, 1, 1, 1, 1, 1, 1, 1, 1, 1], [1, 1, 1, 1, 1, 1, 1, 1, 1, 1, 1, 1, 1, 1, 1, 1, 1, 1, 1, 1, 1, 1, 1, 1, 1, 1, 1, 1, 1, 1, 1, 1, 1, 1, 1, 1, 1, 1, 1, 1, 1, 1, 1, 1, 1, 1, 1, 1, 1, 1], [1, 1, 1, 1, 1, 1, 1, 1, 1, 1, 1, 1, 1, 1, 1, 1, 1, 1, 1, 1, 1, 1, 1, 1, 1, 1, 1, 1, 1, 1, 1, 1, 1, 1, 1, 1, 1, 1, 1, 1, 1, 1, 1, 1, 1, 1, 1, 1, 1, 1]]

means=tensor([1.5445e-04, 4.0239e-05, 3.1734e-04, 2.5149e-05, 6.0154e-05, 5.4029e-05,
        1.7556e-04, 3.7442e-05, 2.5059e-05, 1.3222e-04, 7.3028e-05, 1.1541e-04,
        8.5219e-05, 9.9424e-05, 1.3612e-04, 3.1699e-05, 9.5437e-05, 4.8498e-05,
        3.9287e-06, 9.5938e-05, 1.5330e-06, 5.2681e-05, 1.0223e-04, 5.5148e-05,
        1.3673e-04, 3.0852e-05, 1.3496e-04, 7.3142e-05, 4.9027e-05, 1.5077e-04,
        1.2836e-04, 8.4885e-05, 8.7560e-05, 1.4731e-05, 7.7787e-05, 7.3279e-05,
        8.4468e-05, 1.4956e-04, 2.1297e-05, 5.5384e-05, 2.6608e-05, 1.4502e-04,
        6.3730e-06, 6.9357e-05, 2.2693e-05, 1.0171e-05, 1.0117e-04, 1.7174e-04,
        4.2330e-05, 1.2903e-05, 2.4237e-05, 6.1933e-05, 5.1107e-05, 1.3767e-04,
        4.1871e-05, 1.9548e-04, 2.5985e-05, 5.4432e-05, 3.9505e-05, 1.4232e-04,
        3.4110e-05, 5.9586e-05, 7.5576e-05, 1.1624e-04, 4.2122e-05, 4.2685e-05,
        1.0423e-04, 5.1504e-08, 3.8121e-05, 4.9161e-05, 9.4421e-05, 1.0417e-04,
        2.0727e-05, 1.9772e-06, 2.1125e-05, 5.8630e-05, 1.8213e-04, 1.0627e-04,
        4.8396e-05, 5.9561e-05, 8.2107e-07, 5.0328e-05, 9.5755e-06, 1.0536e-04,
        1.6300e-04, 1.9117e-05, 1.4840e-04, 1.1492e-04, 1.4687e-06, 9.4041e-05,
        3.1896e-05, 2.6342e-05, 1.0564e-04, 5.3106e-05, 2.2101e-04, 7.3357e-05,
        6.3412e-06, 3.3077e-05, 2.5553e-06, 3.8719e-05, 2.5045e-05, 6.9529e-05,
        1.5163e-05, 4.5587e-05, 1.0894e-04, 1.3782e-04, 3.8430e-05, 1.7233e-05,
        5.0522e-05, 6.5598e-05, 7.5665e-05, 1.0859e-05, 2.2077e-05],
       grad_fn=<CatBackward>)

mean_overall=tensor(7.0748e-05, grad_fn=<MeanBackward0>)

-----------------------------------------------ITERATION30-----------------------------------------------

final_causality=[[1, 1, 1, 1, 1, 1, 1, 1, 1, 1, 1, 1, 1], [1, 1, 1, 1, 1, 1, 1, 1, 1, 1, 1, 1, 1, 1, 1, 1, 1, 1, 1, 1, 1, 1, 1, 1, 1, 1, 1, 1, 1, 1, 1, 1, 1, 1, 1, 1, 1, 1, 1, 1, 1, 1, 1, 1, 1, 1, 1, 1, 1, 1], [1, 1, 1, 1, 1, 1, 1, 1, 1, 1, 1, 1, 1, 1, 1, 1, 1, 1, 1, 1, 1, 1, 1, 1, 1, 1, 1, 1, 1, 1, 1, 1, 1, 1, 1, 1, 1, 1, 1, 1, 1, 1, 1, 1, 1, 1, 1, 1, 1, 1]]

means=tensor([1.6680e-04, 4.7472e-05, 3.7076e-04, 4.9608e-06, 6.3775e-05, 2.2626e-05,
        2.0215e-04, 6.4583e-05, 6.0931e-05, 1.0631e-04, 2.4096e-05, 1.4002e-04,
        8.6034e-05, 1.1839e-04, 1.5246e-04, 4.5252e-05, 1.1452e-04, 3.1425e-05,
        1.0469e-05, 7.8478e-05, 1.9695e-05, 2.7694e-05, 1.2972e-04, 6.5496e-05,
        1.5569e-04, 4.5752e-05, 1.5388e-04, 8.7538e-05, 6.0254e-05, 1.6537e-04,
        1.4741e-04, 1.0349e-04, 7.3907e-05, 6.8533e-08, 9.2608e-05, 4.7855e-05,
        1.2514e-04, 1.5994e-04, 6.9760e-06, 3.5714e-05, 1.5259e-05, 1.2257e-04,
        2.9270e-05, 7.9787e-05, 5.6368e-06, 2.5913e-05, 1.1583e-04, 1.8463e-04,
        2.2997e-05, 3.2953e-06, 4.8091e-05, 8.0753e-05, 7.3133e-05, 1.6113e-04,
        4.6933e-05, 2.1814e-04, 7.9381e-06, 6.4186e-05, 6.7479e-05, 1.6128e-04,
        5.9442e-05, 4.2626e-05, 8.5612e-05, 1.1279e-04, 3.9082e-05, 3.8440e-05,
        1.0682e-04, 4.3751e-06, 3.3262e-05, 5.3662e-05, 8.8464e-05, 1.0109e-04,
        2.4669e-05, 3.7631e-08, 2.4297e-05, 6.4252e-05, 1.8481e-04, 1.1096e-04,
        4.8628e-05, 6.2878e-05, 3.9374e-07, 4.5831e-05, 1.0814e-05, 1.0853e-04,
        1.5370e-04, 1.6266e-05, 1.3867e-04, 1.1574e-04, 3.7967e-06, 9.0213e-05,
        3.3198e-05, 2.4018e-05, 1.1269e-04, 5.5313e-05, 2.1445e-04, 7.8959e-05,
        1.4295e-06, 3.1358e-05, 5.5139e-06, 3.4161e-05, 2.1954e-05, 6.5408e-05,
        1.2174e-05, 4.9023e-05, 1.0947e-04, 1.3316e-04, 3.9700e-05, 1.4516e-05,
        4.7345e-05, 6.1533e-05, 7.3265e-05, 1.2744e-05, 1.9274e-05],
       grad_fn=<CatBackward>)

mean_overall=tensor(7.4078e-05, grad_fn=<MeanBackward0>)

-----------------------------------------------ITERATION40-----------------------------------------------

final_causality=[[1, 1, 1, 1, 1, 1, 1, 1, 1, 1, 1, 1, 1], [1, 1, 1, 1, 1, 1, 1, 1, 1, 1, 1, 1, 1, 1, 1, 1, 1, 1, 1, 1, 1, 1, 1, 1, 1, 1, 1, 1, 1, 1, 1, 1, 1, 1, 1, 1, 1, 1, 1, 1, 1, 1, 1, 1, 1, 1, 1, 1, 1, 1], [1, 1, 1, 1, 1, 1, 1, 1, 1, 1, 1, 1, 1, 1, 1, 1, 1, 1, 1, 1, 1, 1, 1, 1, 1, 1, 1, 1, 1, 1, 1, 1, 1, 1, 1, 1, 1, 1, 1, 1, 1, 1, 1, 1, 1, 1, 1, 1, 1, 1]]

means=tensor([1.8429e-04, 4.0181e-05, 4.0114e-04, 1.0778e-05, 6.6222e-05, 1.5728e-06,
        2.1806e-04, 8.7144e-05, 8.0376e-05, 9.1409e-05, 1.6300e-06, 1.6240e-04,
        8.2738e-05, 1.2909e-04, 1.6323e-04, 5.3192e-05, 1.2573e-04, 2.0775e-05,
        1.9408e-05, 6.7952e-05, 3.0647e-05, 1.1719e-05, 1.4795e-04, 7.2377e-05,
        1.6608e-04, 5.5080e-05, 1.6599e-04, 9.6414e-05, 6.7698e-05, 1.7284e-04,
        1.5789e-04, 1.1421e-04, 6.5747e-05, 8.0566e-06, 1.0199e-04, 3.2651e-05,
        1.5082e-04, 1.6725e-04, 1.7265e-06, 2.3546e-05, 8.2200e-06, 1.0879e-04,
        5.4072e-05, 8.6171e-05, 4.0159e-06, 3.5655e-05, 1.2402e-04, 1.9183e-04,
        1.1244e-05, 1.4283e-05, 6.3609e-05, 9.3326e-05, 8.6894e-05, 1.7399e-04,
        5.0755e-05, 2.3021e-04, 4.7590e-07, 7.0204e-05, 8.5315e-05, 1.7234e-04,
        7.4068e-05, 3.1677e-05, 9.1620e-05, 1.1001e-04, 3.7172e-05, 3.5611e-05,
        1.0800e-04, 7.1473e-06, 3.0904e-05, 5.6225e-05, 8.4640e-05, 9.8215e-05,
        2.7038e-05, 1.3010e-06, 2.6092e-05, 6.7284e-05, 1.8570e-04, 1.1248e-04,
        4.9504e-05, 6.5414e-05, 1.1900e-06, 4.3353e-05, 1.1105e-05, 1.1027e-04,
        1.4912e-04, 1.4510e-05, 1.3324e-04, 1.1638e-04, 5.2729e-06, 8.9280e-05,
        3.4436e-05, 2.2502e-05, 1.1504e-04, 5.6425e-05, 2.1238e-04, 8.2546e-05,
        1.7463e-06, 3.0622e-05, 7.3502e-06, 3.1295e-05, 1.9779e-05, 6.2458e-05,
        1.0266e-05, 5.0822e-05, 1.0825e-04, 1.2967e-04, 4.0454e-05, 1.2700e-05,
        4.5021e-05, 5.8893e-05, 7.0443e-05, 1.3874e-05, 1.7609e-05],
       grad_fn=<CatBackward>)

mean_overall=tensor(7.6919e-05, grad_fn=<MeanBackward0>)

-----------------------------------------------ITERATION50-----------------------------------------------

final_causality=[[1, 1, 1, 1, 1, 1, 1, 1, 1, 1, 1, 1, 1], [1, 1, 1, 1, 1, 1, 1, 1, 1, 1, 1, 1, 1, 1, 1, 1, 1, 1, 1, 1, 1, 1, 1, 1, 1, 1, 1, 1, 1, 1, 1, 1, 1, 1, 1, 1, 1, 1, 1, 1, 1, 1, 1, 1, 1, 1, 1, 1, 1, 1], [1, 1, 1, 1, 1, 1, 1, 1, 1, 1, 1, 1, 1, 1, 1, 1, 1, 1, 1, 1, 1, 1, 1, 1, 1, 1, 1, 1, 1, 1, 1, 1, 1, 1, 1, 1, 1, 1, 1, 1, 1, 1, 1, 1, 1, 1, 1, 1, 1, 1]]

means=tensor([2.0737e-04, 2.2804e-05, 4.0078e-04, 7.5002e-06, 7.8136e-05, 6.5856e-06,
        2.1606e-04, 1.0216e-04, 7.5328e-05, 9.7214e-05, 1.5823e-06, 1.7606e-04,
        6.8602e-05, 1.3152e-04, 1.6514e-04, 5.5827e-05, 1.2959e-04, 1.6244e-05,
        2.3003e-05, 6.3826e-05, 3.4597e-05, 4.3667e-06, 1.5941e-04, 7.7052e-05,
        1.6847e-04, 5.8685e-05, 1.7339e-04, 9.8159e-05, 7.2643e-05, 1.7331e-04,
        1.6056e-04, 1.1785e-04, 6.2827e-05, 1.1312e-05, 1.0794e-04, 2.7045e-05,
        1.6673e-04, 1.7216e-04, 6.4158e-06, 1.8328e-05, 5.1777e-06, 1.0330e-04,
        6.6091e-05, 8.8606e-05, 8.2276e-06, 3.9346e-05, 1.2603e-04, 1.9364e-04,
        6.4427e-06, 1.8988e-05, 7.2205e-05, 1.0138e-04, 9.3493e-05, 1.7628e-04,
        5.3804e-05, 2.3283e-04, 8.2422e-06, 7.2412e-05, 9.4852e-05, 1.7545e-04,
        7.8201e-05, 2.6791e-05, 9.4827e-05, 1.0816e-04, 3.6368e-05, 3.3815e-05,
        1.0809e-04, 8.2353e-06, 3.0927e-05, 5.6669e-05, 8.3529e-05, 9.5609e-05,
        2.8657e-05, 1.8416e-06, 2.7353e-05, 6.7409e-05, 1.8316e-04, 1.1028e-04,
        5.2135e-05, 6.7850e-05, 1.5145e-06, 4.3137e-05, 1.0374e-05, 1.0927e-04,
        1.5038e-04, 1.3739e-05, 1.3116e-04, 1.1881e-04, 6.0300e-06, 9.3354e-05,
        3.5579e-05, 2.1737e-05, 1.1043e-04, 5.6035e-05, 2.1795e-04, 8.4009e-05,
        3.1648e-06, 2.9201e-05, 8.1519e-06, 2.9824e-05, 1.8293e-05, 6.0428e-05,
        9.3954e-06, 4.9868e-05, 1.0486e-04, 1.2722e-04, 4.1570e-05, 1.1887e-05,
        4.3673e-05, 5.7406e-05, 6.7228e-05, 1.4330e-05, 1.7377e-05],
       grad_fn=<CatBackward>)

mean_overall=tensor(7.8324e-05, grad_fn=<MeanBackward0>)

-----------------------------------------------ITERATION60-----------------------------------------------

final_causality=[[1, 1, 1, 1, 1, 1, 1, 1, 1, 1, 1, 1, 1], [1, 1, 1, 1, 1, 1, 1, 1, 1, 1, 1, 1, 1, 1, 1, 1, 1, 1, 1, 1, 1, 1, 1, 1, 1, 1, 1, 1, 1, 1, 1, 1, 1, 1, 1, 1, 1, 1, 1, 1, 1, 1, 1, 1, 1, 1, 1, 1, 1, 1], [1, 1, 1, 1, 1, 1, 1, 1, 1, 1, 1, 1, 1, 1, 1, 1, 1, 1, 1, 1, 1, 1, 1, 1, 1, 1, 1, 1, 1, 1, 1, 1, 1, 1, 1, 1, 1, 1, 1, 1, 1, 1, 1, 1, 1, 1, 1, 1, 1, 1]]

means=tensor([2.3067e-04, 3.7871e-07, 3.7749e-04, 2.4304e-05, 9.9217e-05, 1.1331e-05,
        1.9886e-04, 1.1039e-04, 5.1507e-05, 1.1976e-04, 2.0093e-06, 1.8043e-04,
        4.6228e-05, 1.2817e-04, 1.6352e-04, 5.4818e-05, 1.2845e-04, 1.5966e-05,
        2.2895e-05, 6.4122e-05, 3.3663e-05, 2.9834e-06, 1.6673e-04, 8.0735e-05,
        1.6542e-04, 5.8270e-05, 1.7797e-04, 9.8748e-05, 7.5891e-05, 1.6893e-04,
        1.5797e-04, 1.1678e-04, 6.3616e-05, 1.1264e-05, 1.1180e-04, 2.8154e-05,
        1.7646e-04, 1.7549e-04, 7.0707e-06, 1.7900e-05, 4.8931e-06, 1.0362e-04,
        6.9513e-05, 8.8205e-05, 8.6898e-06, 3.9932e-05, 1.2375e-04, 1.9172e-04,
        6.4121e-06, 1.9372e-05, 7.6208e-05, 1.0636e-04, 9.5196e-05, 1.7133e-04,
        5.6348e-05, 2.2905e-04, 1.0627e-05, 7.1905e-05, 9.8921e-05, 1.7295e-04,
        7.5338e-05, 2.6183e-05, 9.6375e-05, 1.0707e-04, 3.6310e-05, 3.2671e-05,
        1.0754e-04, 8.1487e-06, 3.2569e-05, 5.5633e-05, 8.5732e-05, 9.3213e-05,
        2.9928e-05, 1.8863e-06, 2.8436e-05, 6.5420e-05, 1.7799e-04, 1.0551e-04,
        5.6088e-05, 7.0156e-05, 1.5058e-06, 4.4692e-05, 8.9996e-06, 1.0635e-04,
        1.5571e-04, 1.3599e-05, 1.3201e-04, 1.2284e-04, 6.2856e-06, 1.0135e-04,
        3.6947e-05, 2.1482e-05, 1.0103e-04, 5.4472e-05, 2.2904e-04, 8.3942e-05,
        3.2978e-06, 2.7115e-05, 8.2632e-06, 2.9306e-05, 1.7212e-05, 5.9007e-05,
        9.2970e-06, 4.6842e-05, 9.9790e-05, 1.2550e-04, 4.3142e-05, 1.1796e-05,
        4.3007e-05, 5.6608e-05, 6.6890e-05, 1.4350e-05, 1.8208e-05],
       grad_fn=<CatBackward>)

mean_overall=tensor(7.8438e-05, grad_fn=<MeanBackward0>)

-----------------------------------------------ITERATION70-----------------------------------------------

final_causality=[[1, 1, 1, 1, 1, 1, 1, 1, 1, 1, 1, 1, 1], [1, 1, 1, 1, 1, 1, 1, 1, 1, 1, 1, 1, 1, 1, 1, 1, 1, 1, 1, 1, 1, 1, 1, 1, 1, 1, 1, 1, 1, 1, 1, 1, 1, 1, 1, 1, 1, 1, 1, 1, 1, 1, 1, 1, 1, 1, 1, 1, 1, 1], [1, 1, 1, 1, 1, 1, 1, 1, 1, 1, 1, 1, 1, 1, 1, 1, 1, 1, 1, 1, 1, 1, 1, 1, 1, 1, 1, 1, 1, 1, 1, 1, 1, 1, 1, 1, 1, 1, 1, 1, 1, 1, 1, 1, 1, 1, 1, 1, 1, 1]]

means=tensor([2.5187e-04, 1.1072e-05, 3.4562e-04, 4.0189e-05, 1.2314e-04, 1.2513e-05,
        1.7531e-04, 1.1570e-04, 2.0705e-05, 1.4850e-04, 8.0733e-06, 1.8072e-04,
        2.1455e-05, 1.2243e-04, 1.5978e-04, 5.2222e-05, 1.2519e-04, 1.7530e-05,
        2.1226e-05, 6.6368e-05, 3.0662e-05, 4.1286e-06, 1.7239e-04, 8.3904e-05,
        1.6009e-04, 5.6209e-05, 1.8137e-04, 1.0008e-04, 7.8216e-05, 1.6249e-04,
        1.5308e-04, 1.1369e-04, 6.6099e-05, 9.7890e-06, 1.1465e-04, 3.2259e-05,
        1.8301e-04, 1.7824e-04, 5.9946e-06, 1.9532e-05, 5.7917e-06, 1.0652e-04,
        6.9306e-05, 8.6607e-05, 7.5334e-06, 3.9027e-05, 1.1974e-04, 1.8818e-04,
        8.4506e-06, 1.7911e-05, 7.8138e-05, 1.0977e-04, 9.4708e-05, 1.6345e-04,
        5.8649e-05, 2.2246e-04, 1.0778e-05, 7.0251e-05, 1.0055e-04, 1.6808e-04,
        6.9828e-05, 2.7396e-05, 9.7200e-05, 1.0639e-04, 3.6573e-05, 3.1822e-05,
        1.0671e-04, 7.5912e-06, 3.4940e-05, 5.4041e-05, 8.8681e-05, 9.0906e-05,
        3.0919e-05, 1.7199e-06, 2.9351e-05, 6.2753e-05, 1.7195e-04, 9.9828e-05,
        6.0432e-05, 7.2183e-05, 1.3610e-06, 4.7367e-05, 7.7179e-06, 1.0270e-04,
        1.6265e-04, 1.3718e-05, 1.3396e-04, 1.2735e-04, 6.2750e-06, 1.1088e-04,
        4.0378e-05, 2.1448e-05, 9.0038e-05, 5.2435e-05, 2.4189e-04, 8.3296e-05,
        2.8971e-06, 2.4742e-05, 8.0681e-06, 2.9249e-05, 1.6284e-05, 5.7871e-05,
        9.5626e-06, 4.3009e-05, 9.3979e-05, 1.2416e-04, 4.4849e-05, 1.2011e-05,
        4.2618e-05, 5.6085e-05, 6.9710e-05, 1.4680e-05, 1.9502e-05],
       grad_fn=<CatBackward>)

mean_overall=tensor(7.8277e-05, grad_fn=<MeanBackward0>)

-----------------------------------------------ITERATION80-----------------------------------------------

final_causality=[[1, 1, 1, 1, 1, 1, 1, 1, 1, 1, 1, 1, 1], [1, 1, 1, 1, 1, 1, 1, 1, 1, 1, 1, 1, 1, 1, 1, 1, 1, 1, 1, 1, 1, 1, 1, 1, 1, 1, 1, 1, 1, 1, 1, 1, 1, 1, 1, 1, 1, 1, 1, 1, 1, 1, 1, 1, 1, 1, 1, 1, 1, 1], [1, 1, 1, 1, 1, 1, 1, 1, 1, 1, 1, 1, 1, 1, 1, 1, 1, 1, 1, 1, 1, 1, 1, 1, 1, 1, 1, 1, 1, 1, 1, 1, 1, 1, 1, 1, 1, 1, 1, 1, 1, 1, 1, 1, 1, 1, 1, 1, 1, 1]]

means=tensor([2.7160e-04, 3.7109e-05, 3.1444e-04, 5.6917e-05, 1.4642e-04, 1.4246e-05,
        1.5170e-04, 1.2176e-04, 2.4459e-06, 1.7681e-04, 2.5697e-05, 1.8192e-04,
        2.9561e-06, 1.1676e-04, 1.5632e-04, 4.9769e-05, 1.2194e-04, 1.9101e-05,
        1.9595e-05, 6.8694e-05, 2.7689e-05, 5.1882e-06, 1.7859e-04, 8.7196e-05,
        1.5471e-04, 5.4255e-05, 1.8496e-04, 1.0319e-04, 8.0495e-05, 1.5599e-04,
        1.4810e-04, 1.1056e-04, 6.8722e-05, 8.3080e-06, 1.1754e-04, 3.6522e-05,
        1.8950e-04, 1.8125e-04, 4.9427e-06, 2.1160e-05, 6.6806e-06, 1.0951e-04,
        6.9288e-05, 8.5051e-05, 6.3878e-06, 3.8177e-05, 1.2020e-04, 1.8461e-04,
        1.0523e-05, 1.6474e-05, 8.0181e-05, 1.1323e-04, 9.4260e-05, 1.5565e-04,
        6.1030e-05, 2.1574e-04, 1.1094e-05, 6.8975e-05, 1.0232e-04, 1.6323e-04,
        6.4549e-05, 2.8561e-05, 9.8040e-05, 1.0567e-04, 3.6840e-05, 3.0979e-05,
        1.0586e-04, 7.0572e-06, 3.7411e-05, 5.2490e-05, 9.1664e-05, 8.8511e-05,
        3.1823e-05, 1.5542e-06, 3.0204e-05, 6.3207e-05, 1.6606e-04, 9.6658e-05,
        6.4734e-05, 7.4153e-05, 1.2205e-06, 5.0099e-05, 8.7161e-06, 9.9066e-05,
        1.6964e-04, 1.3828e-05, 1.3596e-04, 1.3262e-04, 6.2384e-06, 1.2055e-04,
        4.3771e-05, 2.1417e-05, 8.0237e-05, 5.0400e-05, 2.5456e-04, 8.2718e-05,
        2.5073e-06, 2.2318e-05, 7.8638e-06, 2.9237e-05, 1.5325e-05, 5.6727e-05,
        9.8328e-06, 4.0764e-05, 8.8776e-05, 1.2283e-04, 4.6522e-05, 1.2226e-05,
        4.2187e-05, 5.5552e-05, 7.2540e-05, 1.5108e-05, 2.0805e-05],
       grad_fn=<CatBackward>)

mean_overall=tensor(7.8724e-05, grad_fn=<MeanBackward0>)

-----------------------------------------------ITERATION90-----------------------------------------------

final_causality=[[1, 1, 1, 1, 1, 1, 1, 1, 1, 1, 1, 1, 1], [1, 1, 1, 1, 1, 1, 1, 1, 1, 1, 1, 1, 1, 1, 1, 1, 1, 1, 1, 1, 1, 1, 1, 1, 1, 1, 1, 1, 1, 1, 1, 1, 1, 1, 1, 1, 1, 1, 1, 1, 1, 1, 1, 1, 1, 1, 1, 1, 1, 1], [1, 1, 1, 1, 1, 1, 1, 1, 1, 1, 1, 1, 1, 1, 1, 1, 1, 1, 1, 1, 1, 1, 1, 1, 1, 1, 1, 1, 1, 1, 1, 1, 1, 1, 1, 1, 1, 1, 1, 1, 1, 1, 1, 1, 1, 1, 1, 1, 1, 1]]

means=tensor([2.9124e-04, 6.3410e-05, 2.8658e-04, 7.5510e-05, 1.6886e-04, 1.8243e-05,
        1.2987e-04, 1.3016e-04, 2.2397e-05, 2.0309e-04, 3.9993e-05, 1.8601e-04,
        1.7512e-05, 1.1211e-04, 1.5394e-04, 4.7980e-05, 1.1959e-04, 1.9901e-05,
        1.8641e-05, 7.0307e-05, 2.5578e-05, 5.0650e-06, 1.8645e-04, 9.1060e-05,
        1.5019e-04, 5.3439e-05, 1.8947e-04, 1.0732e-04, 8.3280e-05, 1.5017e-04,
        1.4396e-04, 1.0824e-04, 7.0808e-05, 7.4164e-06, 1.2109e-04, 3.9729e-05,
        1.9779e-04, 1.8492e-04, 4.6630e-06, 2.1917e-05, 7.0589e-06, 1.1154e-04,
        7.1178e-05, 8.4044e-05, 5.9509e-06, 3.8114e-05, 1.2114e-04, 1.8248e-04,
        1.1769e-05, 1.5845e-05, 8.3478e-05, 1.1768e-04, 9.4874e-05, 1.4903e-04,
        6.3704e-05, 2.1003e-04, 1.2596e-05, 6.8297e-05, 1.0549e-04, 1.5933e-04,
        6.0503e-05, 2.8903e-05, 9.9271e-05, 1.0463e-04, 3.6985e-05, 3.0012e-05,
        1.0509e-04, 6.7260e-06, 3.9736e-05, 5.1151e-05, 9.4509e-05, 8.5895e-05,
        3.2855e-05, 1.4765e-06, 3.1141e-05, 6.3812e-05, 1.6049e-04, 9.4269e-05,
        6.8974e-05, 7.6340e-05, 1.1367e-06, 5.2643e-05, 9.9778e-06, 9.5748e-05,
        1.7617e-04, 1.3815e-05, 1.3758e-04, 1.3859e-04, 6.3154e-06, 1.3041e-04,
        4.7179e-05, 2.1300e-05, 7.1659e-05, 4.8492e-05, 2.6676e-04, 8.2389e-05,
        2.3394e-06, 2.0207e-05, 7.7880e-06, 2.9065e-05, 1.4267e-05, 5.5429e-05,
        9.9741e-06, 3.8800e-05, 8.3808e-05, 1.2133e-04, 4.8175e-05, 1.2322e-05,
        4.1558e-05, 5.4878e-05, 7.5069e-05, 1.5607e-05, 2.1928e-05],
       grad_fn=<CatBackward>)

mean_overall=tensor(8.0151e-05, grad_fn=<MeanBackward0>)

-----------------------------------------------ITERATION100-----------------------------------------------

final_causality=[[1, 1, 1, 1, 1, 1, 1, 1, 1, 1, 1, 1, 1], [1, 1, 1, 1, 1, 1, 1, 1, 1, 1, 1, 1, 1, 1, 1, 1, 1, 1, 1, 1, 1, 1, 1, 1, 1, 1, 1, 1, 1, 1, 1, 1, 1, 1, 1, 1, 1, 1, 1, 1, 1, 1, 1, 1, 1, 1, 1, 1, 1, 1], [1, 1, 1, 1, 1, 1, 1, 1, 1, 1, 1, 1, 1, 1, 1, 1, 1, 1, 1, 1, 1, 1, 1, 1, 1, 1, 1, 1, 1, 1, 1, 1, 1, 1, 1, 1, 1, 1, 1, 1, 1, 1, 1, 1, 1, 1, 1, 1, 1, 1]]

means=tensor([3.1147e-04, 9.0233e-05, 2.6091e-04, 9.5986e-05, 1.9135e-04, 2.4278e-05,
        1.0906e-04, 1.4072e-04, 5.0670e-05, 2.2835e-04, 5.1745e-05, 1.9262e-04,
        4.2847e-05, 1.0830e-04, 1.5220e-04, 4.6735e-05, 1.1803e-04, 2.0007e-05,
        1.8273e-05, 7.1277e-05, 2.4217e-05, 3.8816e-06, 1.9634e-04, 9.5556e-05,
        1.4640e-04, 5.3637e-05, 1.9489e-04, 1.1196e-04, 8.6640e-05, 1.4597e-04,
        1.4056e-04, 1.0666e-04, 7.2404e-05, 7.0493e-06, 1.2535e-04, 4.1992e-05,
        2.0810e-04, 1.8924e-04, 5.0829e-06, 2.1892e-05, 6.9794e-06, 1.1268e-04,
        7.4884e-05, 8.3810e-05, 6.1563e-06, 3.8782e-05, 1.2254e-04, 1.8239e-04,
        1.2272e-05, 1.5940e-05, 8.8074e-05, 1.2318e-04, 9.7349e-05, 1.4340e-04,
        6.6691e-05, 2.0521e-04, 1.5179e-05, 6.8061e-05, 1.1009e-04, 1.5624e-04,
        5.7444e-05, 2.8521e-05, 1.0090e-04, 1.0327e-04, 3.7020e-05, 2.9105e-05,
        1.0438e-04, 6.5867e-06, 4.1944e-05, 4.9945e-05, 9.8386e-05, 8.3036e-05,
        3.4080e-05, 1.4775e-06, 3.2213e-05, 6.4587e-05, 1.5507e-04, 9.4419e-05,
        7.3259e-05, 7.8834e-05, 1.1131e-06, 5.5062e-05, 1.1306e-05, 9.2859e-05,
        1.8238e-04, 1.3687e-05, 1.4009e-04, 1.4438e-04, 6.5175e-06, 1.4012e-04,
        5.0687e-05, 2.1697e-05, 6.3770e-05, 4.6638e-05, 2.7888e-04, 8.2217e-05,
        2.3610e-06, 1.8588e-05, 7.8342e-06, 2.8727e-05, 1.3121e-05, 5.3973e-05,
        9.9982e-06, 4.0365e-05, 7.8729e-05, 1.1964e-04, 4.9865e-05, 1.2318e-05,
        4.0737e-05, 5.4063e-05, 8.1219e-05, 1.6213e-05, 2.2900e-05],
       grad_fn=<CatBackward>)

mean_overall=tensor(8.2206e-05, grad_fn=<MeanBackward0>)

-----------------------------------------------ITERATION110-----------------------------------------------

final_causality=[[1, 1, 1, 1, 1, 1, 1, 1, 1, 1, 1, 1, 1], [1, 1, 1, 1, 1, 1, 1, 1, 1, 1, 1, 1, 1, 1, 1, 1, 1, 1, 1, 1, 1, 1, 1, 1, 1, 1, 1, 1, 1, 1, 1, 1, 1, 1, 1, 1, 1, 1, 1, 1, 1, 1, 1, 1, 1, 1, 1, 1, 1, 1], [1, 1, 1, 1, 1, 1, 1, 1, 1, 1, 1, 1, 1, 1, 1, 1, 1, 1, 1, 1, 1, 1, 1, 1, 1, 1, 1, 1, 1, 1, 1, 1, 1, 1, 1, 1, 1, 1, 1, 1, 1, 1, 1, 1, 1, 1, 1, 1, 1, 1]]

means=tensor([3.3224e-04, 1.1783e-04, 2.3539e-04, 1.1778e-04, 2.1459e-04, 3.1368e-05,
        8.7912e-05, 1.5251e-04, 7.9135e-05, 2.5399e-04, 6.2919e-05, 2.0051e-04,
        6.8938e-05, 1.0481e-04, 1.5071e-04, 4.5685e-05, 1.1677e-04, 1.9839e-05,
        1.8132e-05, 7.2028e-05, 2.3144e-05, 2.2414e-06, 2.0787e-04, 1.0052e-04,
        1.4283e-04, 5.4125e-05, 2.0090e-04, 1.1696e-04, 9.0366e-05, 1.4893e-04,
        1.3740e-04, 1.0535e-04, 7.3866e-05, 6.8843e-06, 1.3010e-04, 4.3965e-05,
        2.1975e-04, 1.9399e-04, 5.7997e-06, 2.1555e-05, 6.7148e-06, 1.1350e-04,
        7.9541e-05, 8.3791e-05, 6.6291e-06, 3.9796e-05, 1.2416e-04, 1.8248e-04,
        1.2495e-05, 1.6333e-05, 9.3477e-05, 1.2936e-04, 1.0256e-04, 1.3810e-04,
        6.9898e-05, 2.0070e-04, 1.8285e-05, 6.8004e-05, 1.1552e-04, 1.5344e-04,
        5.4746e-05, 2.7864e-05, 1.0274e-04, 1.0171e-04, 3.7012e-05, 2.8499e-05,
        1.0367e-04, 6.5093e-06, 4.4165e-05, 4.8743e-05, 1.0234e-04, 7.9990e-05,
        3.5439e-05, 1.5101e-06, 3.3386e-05, 6.5558e-05, 1.4953e-04, 9.7527e-05,
        7.7666e-05, 8.1563e-05, 1.1246e-06, 5.7507e-05, 1.2966e-05, 9.0081e-05,
        1.8860e-04, 1.3505e-05, 1.4469e-04, 1.5027e-04, 6.7880e-06, 1.5002e-04,
        5.4320e-05, 2.2069e-05, 5.9741e-05, 4.4734e-05, 2.9151e-04, 8.2060e-05,
        2.4544e-06, 1.8752e-05, 7.9338e-06, 2.8313e-05, 1.1925e-05, 5.2423e-05,
        9.9746e-06, 4.2213e-05, 7.4041e-05, 1.1784e-04, 5.1620e-05, 1.2278e-05,
        3.9805e-05, 5.3167e-05, 8.8569e-05, 1.6902e-05, 2.3829e-05],
       grad_fn=<CatBackward>)

mean_overall=tensor(8.4660e-05, grad_fn=<MeanBackward0>)

-----------------------------------------------ITERATION120-----------------------------------------------

final_causality=[[1, 1, 1, 1, 1, 1, 1, 1, 1, 1, 1, 1, 1], [1, 1, 1, 1, 1, 1, 1, 1, 1, 1, 1, 1, 1, 1, 1, 1, 1, 1, 1, 1, 1, 1, 1, 1, 1, 1, 1, 1, 1, 1, 1, 1, 1, 1, 1, 1, 1, 1, 1, 1, 1, 1, 1, 1, 1, 1, 1, 1, 1, 1], [1, 1, 1, 1, 1, 1, 1, 1, 1, 1, 1, 1, 1, 1, 1, 1, 1, 1, 1, 1, 1, 1, 1, 1, 1, 1, 1, 1, 1, 1, 1, 1, 1, 1, 1, 1, 1, 1, 1, 1, 1, 1, 1, 1, 1, 1, 1, 1, 1, 1]]

means=tensor([3.5323e-04, 1.4624e-04, 2.0875e-04, 1.4027e-04, 2.3879e-04, 3.8690e-05,
        6.5512e-05, 1.6473e-04, 1.0888e-04, 2.8081e-04, 7.4959e-05, 2.0868e-04,
        9.6029e-05, 1.0124e-04, 1.4915e-04, 4.4658e-05, 1.1544e-04, 1.9739e-05,
        1.7942e-05, 7.2907e-05, 2.2009e-05, 6.2956e-07, 2.2027e-04, 1.0578e-04,
        1.3910e-04, 5.4619e-05, 2.0721e-04, 1.2216e-04, 9.4250e-05, 1.5247e-04,
        1.3409e-04, 1.0396e-04, 7.5493e-05, 6.6631e-06, 1.3509e-04, 4.6187e-05,
        2.3209e-04, 1.9898e-04, 6.4870e-06, 2.1285e-05, 6.4858e-06, 1.1447e-04,
        8.4421e-05, 8.3755e-05, 7.0652e-06, 4.0838e-05, 1.2581e-04, 1.8257e-04,
        1.2810e-05, 1.6683e-05, 9.9233e-05, 1.3586e-04, 1.0807e-04, 1.3269e-04,
        7.3228e-05, 1.9602e-04, 2.1467e-05, 6.7920e-05, 1.2129e-04, 1.5051e-04,
        5.2417e-05, 2.7272e-05, 1.0463e-04, 1.0006e-04, 3.7014e-05, 2.7894e-05,
        1.0291e-04, 6.4129e-06, 4.6500e-05, 4.7470e-05, 1.0645e-04, 7.6824e-05,
        3.6852e-05, 1.5368e-06, 3.4606e-05, 6.6625e-05, 1.4377e-04, 1.0076e-04,
        8.2215e-05, 8.4418e-05, 1.1565e-06, 6.0083e-05, 1.5131e-05, 8.7197e-05,
        1.9507e-04, 1.3318e-05, 1.4946e-04, 1.5636e-04, 7.0704e-06, 1.6028e-04,
        5.9152e-05, 2.2463e-05, 6.2004e-05, 4.2722e-05, 3.0470e-04, 8.1835e-05,
        2.5296e-06, 2.0780e-05, 8.0291e-06, 2.7902e-05, 1.0962e-05, 5.0836e-05,
        9.9600e-06, 4.4114e-05, 6.9519e-05, 1.1599e-04, 5.3438e-05, 1.2252e-05,
        3.8835e-05, 5.2244e-05, 9.6140e-05, 1.7632e-05, 2.4804e-05],
       grad_fn=<CatBackward>)

mean_overall=tensor(8.7321e-05, grad_fn=<MeanBackward0>)

-----------------------------------------------ITERATION130-----------------------------------------------

final_causality=[[1, 1, 1, 1, 1, 1, 1, 1, 1, 1, 1, 1, 1], [1, 1, 1, 1, 1, 1, 1, 1, 1, 1, 1, 1, 1, 1, 1, 1, 1, 1, 1, 1, 1, 1, 1, 1, 1, 1, 1, 1, 1, 1, 1, 1, 1, 1, 1, 1, 1, 1, 1, 1, 1, 1, 1, 1, 1, 1, 1, 1, 1, 1], [1, 1, 1, 1, 1, 1, 1, 1, 1, 1, 1, 1, 1, 1, 1, 1, 1, 1, 1, 1, 1, 1, 1, 1, 1, 1, 1, 1, 1, 1, 1, 1, 1, 1, 1, 1, 1, 1, 1, 1, 1, 1, 1, 1, 1, 1, 1, 1, 1, 1]]

means=tensor([3.7426e-04, 1.7535e-04, 1.8073e-04, 1.6318e-04, 2.6389e-04, 4.5951e-05,
        4.1656e-05, 1.7708e-04, 1.4010e-04, 3.0896e-04, 8.8289e-05, 2.1678e-04,
        1.2407e-04, 9.8531e-05, 1.4743e-04, 4.4156e-05, 1.1392e-04, 1.9820e-05,
        1.7618e-05, 7.4031e-05, 2.0710e-05, 7.9546e-07, 2.3347e-04, 1.1128e-04,
        1.3513e-04, 5.6402e-05, 2.1371e-04, 1.2749e-04, 9.8560e-05, 1.5608e-04,
        1.3052e-04, 1.0237e-04, 7.7393e-05, 6.3033e-06, 1.4024e-04, 4.8844e-05,
        2.4490e-04, 2.0415e-04, 7.0381e-06, 2.1208e-05, 6.3651e-06, 1.1573e-04,
        8.9290e-05, 8.3633e-05, 7.3697e-06, 4.1819e-05, 1.2842e-04, 1.8258e-04,
        1.3341e-05, 1.6878e-05, 1.0518e-04, 1.4253e-04, 1.1384e-04, 1.2706e-04,
        7.6637e-05, 1.9105e-04, 2.4579e-05, 6.7746e-05, 1.2724e-04, 1.4734e-04,
        5.1015e-05, 2.6845e-05, 1.0653e-04, 9.8368e-05, 3.7045e-05, 2.7311e-05,
        1.0208e-04, 6.2751e-06, 4.9117e-05, 4.6115e-05, 1.1072e-04, 7.4256e-05,
        3.8281e-05, 1.5459e-06, 3.5844e-05, 6.7688e-05, 1.3778e-04, 1.0410e-04,
        8.6891e-05, 8.7345e-05, 1.1795e-06, 6.2817e-05, 1.7449e-05, 8.4207e-05,
        2.0187e-04, 1.3143e-05, 1.5444e-04, 1.6268e-04, 7.3414e-06, 1.7095e-04,
        6.4383e-05, 2.2895e-05, 6.5836e-05, 4.0594e-05, 3.1836e-04, 8.1526e-05,
        2.5594e-06, 2.3569e-05, 8.1008e-06, 2.7520e-05, 1.0090e-05, 4.9235e-05,
        9.9728e-06, 4.6048e-05, 6.4818e-05, 1.1648e-04, 5.5307e-05, 1.2255e-05,
        3.7854e-05, 5.1313e-05, 1.0396e-04, 1.8381e-05, 2.5852e-05],
       grad_fn=<CatBackward>)

mean_overall=tensor(9.0170e-05, grad_fn=<MeanBackward0>)

-----------------------------------------------ITERATION140-----------------------------------------------

final_causality=[[1, 1, 1, 1, 1, 1, 1, 1, 1, 1, 1, 1, 1], [1, 1, 1, 1, 1, 1, 1, 1, 1, 1, 1, 1, 1, 1, 1, 1, 1, 1, 1, 1, 1, 1, 1, 1, 1, 1, 1, 1, 1, 1, 1, 1, 1, 1, 1, 1, 1, 1, 1, 1, 1, 1, 1, 1, 1, 1, 1, 1, 1, 1], [1, 1, 1, 1, 1, 1, 1, 1, 1, 1, 1, 1, 1, 1, 1, 1, 1, 1, 1, 1, 1, 1, 1, 1, 1, 1, 1, 1, 1, 1, 1, 1, 1, 1, 1, 1, 1, 1, 1, 1, 1, 1, 1, 1, 1, 1, 1, 1, 1, 1]]

means=tensor([3.9537e-04, 2.0514e-04, 1.5160e-04, 1.8655e-04, 2.8980e-04, 5.3267e-05,
        1.6534e-05, 1.8966e-04, 1.7253e-04, 3.3823e-04, 1.0267e-04, 2.2493e-04,
        1.5294e-04, 9.6045e-05, 1.4560e-04, 4.3582e-05, 1.1246e-04, 2.0030e-05,
        1.7209e-05, 7.5350e-05, 1.9309e-05, 2.4001e-07, 2.4755e-04, 1.1705e-04,
        1.3099e-04, 5.9092e-05, 2.2045e-04, 1.3297e-04, 1.0449e-04, 1.5974e-04,
        1.2677e-04, 1.0066e-04, 7.9527e-05, 5.8455e-06, 1.4559e-04, 5.1863e-05,
        2.5828e-04, 2.0952e-04, 7.5016e-06, 2.1267e-05, 6.3202e-06, 1.1723e-04,
        9.4268e-05, 8.3660e-05, 7.5840e-06, 4.2947e-05, 1.3174e-04, 1.8530e-04,
        1.4031e-05, 1.6973e-05, 1.1141e-04, 1.4986e-04, 1.1982e-04, 1.2129e-04,
        8.0136e-05, 1.8588e-04, 2.7693e-05, 6.7514e-05, 1.3346e-04, 1.4401e-04,
        4.9543e-05, 2.6536e-05, 1.0845e-04, 9.6626e-05, 3.7094e-05, 2.6740e-05,
        1.0160e-04, 6.1096e-06, 5.2143e-05, 4.4692e-05, 1.1514e-04, 7.2909e-05,
        3.9732e-05, 1.5430e-06, 3.7105e-05, 6.8756e-05, 1.3158e-04, 1.0753e-04,
        9.1676e-05, 9.0353e-05, 1.1962e-06, 6.5712e-05, 1.9810e-05, 8.2656e-05,
        2.0893e-04, 1.2972e-05, 1.5960e-04, 1.6919e-04, 7.6085e-06, 1.8195e-04,
        6.9732e-05, 2.3358e-05, 6.9772e-05, 3.8365e-05, 3.3242e-04, 8.1146e-05,
        2.5585e-06, 2.6458e-05, 8.1574e-06, 2.7155e-05, 1.0251e-05, 4.7612e-05,
        1.0004e-05, 4.8015e-05, 6.0552e-05, 1.1902e-04, 5.7221e-05, 1.2280e-05,
        3.6853e-05, 5.0365e-05, 1.1200e-04, 1.9152e-05, 2.6960e-05],
       grad_fn=<CatBackward>)

mean_overall=tensor(9.3223e-05, grad_fn=<MeanBackward0>)

-----------------------------------------------ITERATION150-----------------------------------------------

final_causality=[[1, 1, 1, 1, 1, 1, 1, 1, 1, 1, 1, 1, 1], [1, 1, 1, 1, 1, 1, 1, 1, 1, 1, 1, 1, 1, 1, 1, 1, 1, 1, 1, 1, 1, 1, 1, 1, 1, 1, 1, 1, 1, 1, 1, 1, 1, 1, 1, 1, 1, 1, 1, 1, 1, 1, 1, 1, 1, 1, 1, 1, 1, 1], [1, 1, 1, 1, 1, 1, 1, 1, 1, 1, 1, 1, 1, 1, 1, 1, 1, 1, 1, 1, 1, 1, 1, 1, 1, 1, 1, 1, 1, 1, 1, 1, 1, 1, 1, 1, 1, 1, 1, 1, 1, 1, 1, 1, 1, 1, 1, 1, 1, 1]]

means=tensor([4.1672e-04, 2.3562e-04, 1.2168e-04, 2.1057e-04, 3.1647e-04, 6.0856e-05,
        1.7934e-06, 2.0268e-04, 2.0593e-04, 3.6845e-04, 1.1775e-04, 2.3340e-04,
        1.8262e-04, 9.3557e-05, 1.4376e-04, 4.3400e-05, 1.1234e-04, 2.0287e-05,
        1.6784e-05, 7.6780e-05, 1.7900e-05, 1.9571e-06, 2.6266e-04, 1.2316e-04,
        1.2677e-04, 6.1889e-05, 2.2750e-04, 1.3864e-04, 1.1069e-04, 1.6348e-04,
        1.2294e-04, 9.8918e-05, 8.1825e-05, 5.3550e-06, 1.5122e-04, 5.5117e-05,
        2.7246e-04, 2.1514e-04, 7.9594e-06, 2.1369e-05, 6.2965e-06, 1.1885e-04,
        9.9562e-05, 8.4773e-05, 7.7838e-06, 4.4146e-05, 1.3513e-04, 1.8975e-04,
        1.4788e-05, 1.7053e-05, 1.1806e-04, 1.5804e-04, 1.2613e-04, 1.1554e-04,
        8.3751e-05, 1.8066e-04, 3.0928e-05, 6.8471e-05, 1.4009e-04, 1.4063e-04,
        4.8086e-05, 2.6259e-05, 1.1043e-04, 9.4792e-05, 3.7149e-05, 2.6841e-05,
        1.0618e-04, 5.9350e-06, 5.5277e-05, 4.3216e-05, 1.1968e-04, 7.1520e-05,
        4.1231e-05, 1.5375e-06, 3.8407e-05, 6.9852e-05, 1.2872e-04, 1.1104e-04,
        9.6567e-05, 9.3485e-05, 1.2113e-06, 6.8778e-05, 2.2209e-05, 8.1120e-05,
        2.1621e-04, 1.2793e-05, 1.6489e-04, 1.7585e-04, 7.8893e-06, 1.9323e-04,
        7.5192e-05, 2.3840e-05, 7.5962e-05, 3.6045e-05, 3.4687e-04, 8.0700e-05,
        2.5488e-06, 2.9435e-05, 8.2136e-06, 2.6784e-05, 1.0760e-05, 4.7011e-05,
        1.0040e-05, 5.0023e-05, 6.2326e-05, 1.2160e-04, 5.9180e-05, 1.2315e-05,
        3.5812e-05, 5.0992e-05, 1.2018e-04, 1.9962e-05, 2.8106e-05],
       grad_fn=<CatBackward>)

mean_overall=tensor(9.6753e-05, grad_fn=<MeanBackward0>)

-----------------------------------------------ITERATION160-----------------------------------------------

final_causality=[[1, 1, 1, 1, 1, 1, 1, 1, 1, 1, 1, 1, 1], [1, 1, 1, 1, 1, 1, 1, 1, 1, 1, 1, 1, 1, 1, 1, 1, 1, 1, 1, 1, 1, 1, 1, 1, 1, 1, 1, 1, 1, 1, 1, 1, 1, 1, 1, 1, 1, 1, 1, 1, 1, 1, 1, 1, 1, 1, 1, 1, 1, 1], [1, 1, 1, 1, 1, 1, 1, 1, 1, 1, 1, 1, 1, 1, 1, 1, 1, 1, 1, 1, 1, 1, 1, 1, 1, 1, 1, 1, 1, 1, 1, 1, 1, 1, 1, 1, 1, 1, 1, 1, 1, 1, 1, 1, 1, 1, 1, 1, 1, 1]]

means=tensor([4.3844e-04, 2.6687e-04, 9.1078e-05, 2.3537e-04, 3.4394e-04, 6.8840e-05,
        2.2360e-05, 2.1625e-04, 2.4021e-04, 3.9955e-04, 1.3337e-04, 2.4234e-04,
        2.1313e-04, 9.1117e-05, 1.4195e-04, 4.3382e-05, 1.1227e-04, 2.0547e-05,
        1.6377e-05, 7.8279e-05, 1.6529e-05, 3.7517e-06, 2.7890e-04, 1.2965e-04,
        1.2254e-04, 6.4839e-05, 2.3493e-04, 1.4453e-04, 1.1719e-04, 1.6732e-04,
        1.1911e-04, 9.7189e-05, 8.4250e-05, 4.8642e-06, 1.5717e-04, 5.8546e-05,
        2.8759e-04, 2.2105e-04, 8.4523e-06, 2.1467e-05, 6.2671e-06, 1.2052e-04,
        1.0529e-04, 8.5944e-05, 8.0072e-06, 4.5463e-05, 1.3861e-04, 1.9437e-04,
        1.5566e-05, 1.7161e-05, 1.2523e-04, 1.6669e-04, 1.3285e-04, 1.1101e-04,
        8.7502e-05, 1.7546e-04, 3.4350e-05, 7.0651e-05, 1.4724e-04, 1.3726e-04,
        4.6684e-05, 2.5977e-05, 1.1324e-04, 9.3817e-05, 3.7203e-05, 2.7175e-05,
        1.1090e-04, 5.7598e-06, 5.8508e-05, 4.1688e-05, 1.2434e-04, 7.0080e-05,
        4.2795e-05, 1.5340e-06, 3.9761e-05, 7.0991e-05, 1.3144e-04, 1.1464e-04,
        1.0157e-04, 9.6769e-05, 1.2270e-06, 7.1953e-05, 2.4646e-05, 7.9546e-05,
        2.2467e-04, 1.2760e-05, 1.7030e-04, 1.8267e-04, 8.1996e-06, 2.0477e-04,
        8.0767e-05, 2.4339e-05, 8.4582e-05, 3.3720e-05, 3.6171e-04, 8.0184e-05,
        2.5406e-06, 3.2496e-05, 8.2774e-06, 2.6395e-05, 1.2168e-05, 4.8358e-05,
        1.0074e-05, 5.3319e-05, 6.6757e-05, 1.2422e-04, 6.1184e-05, 1.2355e-05,
        3.4721e-05, 5.1950e-05, 1.2849e-04, 2.0821e-05, 2.9279e-05],
       grad_fn=<CatBackward>)

mean_overall=tensor(0.0001, grad_fn=<MeanBackward0>)

-----------------------------------------------ITERATION170-----------------------------------------------

final_causality=[[1, 1, 1, 1, 1, 1, 1, 1, 1, 1, 1, 1, 1], [1, 1, 1, 1, 1, 1, 1, 1, 1, 1, 1, 1, 1, 1, 1, 1, 1, 1, 1, 1, 1, 1, 1, 1, 1, 1, 1, 1, 1, 1, 1, 1, 1, 1, 1, 1, 1, 1, 1, 1, 1, 1, 1, 1, 1, 1, 1, 1, 1, 1], [1, 1, 1, 1, 1, 1, 1, 1, 1, 1, 1, 1, 1, 1, 1, 1, 1, 1, 1, 1, 1, 1, 1, 1, 1, 1, 1, 1, 1, 1, 1, 1, 1, 1, 1, 1, 1, 1, 1, 1, 1, 1, 1, 1, 1, 1, 1, 1, 1, 1]]

means=tensor([4.6058e-04, 2.9890e-04, 5.9754e-05, 2.6099e-04, 3.7224e-04, 7.7223e-05,
        5.2467e-05, 2.3037e-04, 2.7539e-04, 4.3158e-04, 1.4958e-04, 2.5173e-04,
        2.4450e-04, 8.8728e-05, 1.4015e-04, 4.3383e-05, 1.1224e-04, 2.0817e-05,
        1.5985e-05, 7.9853e-05, 1.5193e-05, 5.6147e-06, 2.9632e-04, 1.3654e-04,
        1.1828e-04, 6.7953e-05, 2.4274e-04, 1.5066e-04, 1.2402e-04, 1.7124e-04,
        1.1526e-04, 9.5475e-05, 8.6813e-05, 4.3705e-06, 1.6346e-04, 6.2166e-05,
        3.0370e-04, 2.2725e-04, 8.9769e-06, 2.1567e-05, 6.2354e-06, 1.2230e-04,
        1.1146e-04, 8.7174e-05, 8.2505e-06, 4.6903e-05, 1.4218e-04, 2.0151e-04,
        1.6369e-05, 1.7294e-05, 1.3295e-04, 1.7585e-04, 1.4000e-04, 1.0739e-04,
        9.1393e-05, 1.7028e-04, 3.7961e-05, 7.4054e-05, 1.5491e-04, 1.3389e-04,
        4.5334e-05, 2.5695e-05, 1.1763e-04, 9.4417e-05, 3.7257e-05, 2.7512e-05,
        1.1575e-04, 5.5825e-06, 6.1840e-05, 4.0102e-05, 1.2912e-04, 6.8587e-05,
        4.4428e-05, 1.5319e-06, 4.1170e-05, 7.5179e-05, 1.3424e-04, 1.2059e-04,
        1.0667e-04, 1.0022e-04, 1.2430e-06, 7.5239e-05, 2.7120e-05, 7.7933e-05,
        2.3335e-04, 1.2844e-05, 1.7583e-04, 1.8972e-04, 8.5426e-06, 2.1658e-04,
        8.6457e-05, 2.4855e-05, 9.3956e-05, 3.3493e-05, 3.7697e-04, 7.9585e-05,
        2.5327e-06, 3.5642e-05, 8.3922e-06, 2.5986e-05, 1.4103e-05, 4.9730e-05,
        1.0106e-05, 5.8697e-05, 7.1302e-05, 1.2687e-04, 6.3235e-05, 1.2402e-05,
        3.3577e-05, 5.2939e-05, 1.3693e-04, 2.1733e-05, 3.0479e-05],
       grad_fn=<CatBackward>)

mean_overall=tensor(0.0001, grad_fn=<MeanBackward0>)

-----------------------------------------------ITERATION180-----------------------------------------------

final_causality=[[1, 1, 1, 1, 1, 1, 1, 1, 1, 1, 1, 1, 1], [1, 1, 1, 1, 1, 1, 1, 1, 1, 1, 1, 1, 1, 1, 1, 1, 1, 1, 1, 1, 1, 1, 1, 1, 1, 1, 1, 1, 1, 1, 1, 1, 1, 1, 1, 1, 1, 1, 1, 1, 1, 1, 1, 1, 1, 1, 1, 1, 1, 1], [1, 1, 1, 1, 1, 1, 1, 1, 1, 1, 1, 1, 1, 1, 1, 1, 1, 1, 1, 1, 1, 1, 1, 1, 1, 1, 1, 1, 1, 1, 1, 1, 1, 1, 1, 1, 1, 1, 1, 1, 1, 1, 1, 1, 1, 1, 1, 1, 1, 1]]

means=tensor([4.8313e-04, 3.3174e-04, 2.7652e-05, 2.8740e-04, 4.0138e-04, 8.5965e-05,
        8.3679e-05, 2.4500e-04, 3.1152e-04, 4.6457e-04, 1.6646e-04, 2.6154e-04,
        2.7673e-04, 8.6375e-05, 1.4039e-04, 4.3393e-05, 1.1222e-04, 2.1117e-05,
        1.5596e-05, 8.1527e-05, 1.3875e-05, 7.5090e-06, 3.1495e-04, 1.4384e-04,
        1.1399e-04, 7.1231e-05, 2.5092e-04, 1.5701e-04, 1.3118e-04, 1.7524e-04,
        1.1228e-04, 9.3759e-05, 8.9539e-05, 3.8590e-06, 1.7009e-04, 6.6022e-05,
        3.2078e-04, 2.3372e-04, 9.5140e-06, 2.1692e-05, 6.2150e-06, 1.2457e-04,
        1.1806e-04, 8.8452e-05, 8.4956e-06, 4.9415e-05, 1.4584e-04, 2.0889e-04,
        1.7221e-05, 1.7431e-05, 1.4122e-04, 1.8552e-04, 1.4758e-04, 1.0381e-04,
        9.5418e-05, 1.6512e-04, 4.1747e-05, 7.7600e-05, 1.6311e-04, 1.3052e-04,
        4.4016e-05, 2.5434e-05, 1.2214e-04, 9.5047e-05, 3.7315e-05, 2.7857e-05,
        1.2072e-04, 5.3992e-06, 6.5280e-05, 3.8454e-05, 1.3403e-04, 6.7045e-05,
        4.6124e-05, 1.5291e-06, 4.2629e-05, 8.1045e-05, 1.3709e-04, 1.2725e-04,
        1.1188e-04, 1.0382e-04, 1.2582e-06, 7.8642e-05, 2.9632e-05, 7.6279e-05,
        2.4227e-04, 1.2933e-05, 1.8148e-04, 1.9702e-04, 8.9109e-06, 2.2864e-04,
        9.2261e-05, 2.5394e-05, 1.0355e-04, 3.5306e-05, 3.9265e-04, 7.8895e-05,
        2.5206e-06, 3.8876e-05, 8.5791e-06, 2.5561e-05, 1.6067e-05, 5.1134e-05,
        1.0139e-05, 6.4161e-05, 7.5963e-05, 1.2957e-04, 6.5328e-05, 1.2459e-05,
        3.2385e-05, 5.3964e-05, 1.4551e-04, 2.2695e-05, 3.1713e-05],
       grad_fn=<CatBackward>)

mean_overall=tensor(0.0001, grad_fn=<MeanBackward0>)

-----------------------------------------------ITERATION190-----------------------------------------------

final_causality=[[1, 1, 1, 1, 1, 1, 1, 1, 1, 1, 1, 1, 1], [1, 1, 1, 1, 1, 1, 1, 1, 1, 1, 1, 1, 1, 1, 1, 1, 1, 1, 1, 1, 1, 1, 1, 1, 1, 1, 1, 1, 1, 1, 1, 1, 1, 1, 1, 1, 1, 1, 1, 1, 1, 1, 1, 1, 1, 1, 1, 1, 1, 1], [1, 1, 1, 1, 1, 1, 1, 1, 1, 1, 1, 1, 1, 1, 1, 1, 1, 1, 1, 1, 1, 1, 1, 1, 1, 1, 1, 1, 1, 1, 1, 1, 1, 1, 1, 1, 1, 1, 1, 1, 1, 1, 1, 1, 1, 1, 1, 1, 1, 1]]

means=tensor([5.0610e-04, 3.6541e-04, 8.5346e-07, 3.1458e-04, 4.3136e-04, 9.5044e-05,
        1.1604e-04, 2.6012e-04, 3.4864e-04, 4.9855e-04, 1.8406e-04, 2.7171e-04,
        3.0984e-04, 8.4052e-05, 1.4213e-04, 4.3404e-05, 1.1222e-04, 2.1461e-05,
        1.5201e-05, 8.3316e-05, 1.2566e-05, 9.4119e-06, 3.3484e-04, 1.5155e-04,
        1.1030e-04, 7.4677e-05, 2.5947e-04, 1.6358e-04, 1.3867e-04, 1.7933e-04,
        1.1029e-04, 9.2033e-05, 9.2448e-05, 3.3209e-06, 1.7707e-04, 7.0147e-05,
        3.3885e-04, 2.4048e-04, 1.0052e-05, 2.1857e-05, 6.2143e-06, 1.2697e-04,
        1.2508e-04, 9.1321e-05, 8.7313e-06, 5.2474e-05, 1.4958e-04, 2.1646e-04,
        1.8137e-05, 1.7562e-05, 1.5005e-04, 1.9570e-04, 1.5560e-04, 1.0026e-04,
        9.9579e-05, 1.6067e-04, 4.5701e-05, 8.1210e-05, 1.7183e-04, 1.2713e-04,
        4.2723e-05, 2.5206e-05, 1.2678e-04, 9.5711e-05, 3.7378e-05, 2.8214e-05,
        1.2583e-04, 5.2078e-06, 6.8836e-05, 3.6739e-05, 1.3908e-04, 6.5457e-05,
        4.7880e-05, 1.5243e-06, 4.4137e-05, 8.7173e-05, 1.3999e-04, 1.3410e-04,
        1.1719e-04, 1.0758e-04, 1.2717e-06, 8.2168e-05, 3.2178e-05, 7.4582e-05,
        2.5142e-04, 1.3029e-05, 1.8726e-04, 2.0449e-04, 9.3032e-06, 2.4097e-04,
        9.8177e-05, 2.5957e-05, 1.1363e-04, 3.8427e-05, 4.0875e-04, 7.8104e-05,
        2.5015e-06, 4.2201e-05, 8.8129e-06, 2.5121e-05, 1.8061e-05, 5.2575e-05,
        1.0177e-05, 6.9709e-05, 8.0742e-05, 1.3232e-04, 6.7461e-05, 1.2528e-05,
        3.1145e-05, 5.5025e-05, 1.5423e-04, 2.3707e-05, 3.3145e-05],
       grad_fn=<CatBackward>)

mean_overall=tensor(0.0001, grad_fn=<MeanBackward0>)

-----------------------------------------------ITERATION200-----------------------------------------------

final_causality=[[1, 1, 1, 1, 1, 1, 1, 1, 1, 1, 1, 1, 1], [1, 1, 1, 1, 1, 1, 1, 1, 1, 1, 1, 1, 1, 1, 1, 1, 1, 1, 1, 1, 1, 1, 1, 1, 1, 1, 1, 1, 1, 1, 1, 1, 1, 1, 1, 1, 1, 1, 1, 1, 1, 1, 1, 1, 1, 1, 1, 1, 1, 1], [1, 1, 1, 1, 1, 1, 1, 1, 1, 1, 1, 1, 1, 1, 1, 1, 1, 1, 1, 1, 1, 1, 1, 1, 1, 1, 1, 1, 1, 1, 1, 1, 1, 1, 1, 1, 1, 1, 1, 1, 1, 1, 1, 1, 1, 1, 1, 1, 1, 1]]

means=tensor([5.2953e-04, 3.9993e-04, 2.9972e-05, 3.4259e-04, 4.6221e-04, 1.0447e-04,
        1.4955e-04, 2.7572e-04, 3.8676e-04, 5.3353e-04, 2.0240e-04, 2.8227e-04,
        3.4386e-04, 8.1766e-05, 1.4390e-04, 4.3420e-05, 1.1223e-04, 2.1850e-05,
        1.4803e-05, 8.5227e-05, 1.1267e-05, 1.1323e-05, 3.5604e-04, 1.5970e-04,
        1.1073e-04, 7.8307e-05, 2.6841e-04, 1.7038e-04, 1.4652e-04, 1.8349e-04,
        1.0831e-04, 9.0301e-05, 9.5547e-05, 2.7561e-06, 1.8439e-04, 7.4557e-05,
        3.5795e-04, 2.4753e-04, 1.0592e-05, 2.2063e-05, 6.2343e-06, 1.2951e-04,
        1.3254e-04, 9.5470e-05, 8.9571e-06, 5.5727e-05, 1.5339e-04, 2.2423e-04,
        1.9120e-05, 1.7687e-05, 1.5945e-04, 2.0643e-04, 1.6409e-04, 9.6750e-05,
        1.0388e-04, 1.5687e-04, 4.9838e-05, 8.4888e-05, 1.8110e-04, 1.2373e-04,
        4.1454e-05, 2.5014e-05, 1.3154e-04, 9.6413e-05, 3.7446e-05, 2.8582e-05,
        1.3107e-04, 5.0083e-06, 7.2510e-05, 3.4956e-05, 1.4425e-04, 6.3820e-05,
        4.9697e-05, 1.5176e-06, 4.5694e-05, 9.3573e-05, 1.4294e-04, 1.4112e-04,
        1.2260e-04, 1.1151e-04, 1.2833e-06, 8.5819e-05, 3.4757e-05, 7.2841e-05,
        2.6083e-04, 1.3131e-05, 1.9317e-04, 2.1213e-04, 9.7214e-06, 2.5355e-04,
        1.0420e-04, 2.6546e-05, 1.2407e-04, 4.2847e-05, 4.2530e-04, 7.7204e-05,
        2.4759e-06, 4.5617e-05, 9.0957e-06, 2.4665e-05, 2.0088e-05, 5.4053e-05,
        1.0219e-05, 7.5336e-05, 8.5639e-05, 1.3512e-04, 6.9633e-05, 1.2610e-05,
        2.9855e-05, 5.6125e-05, 1.6309e-04, 2.4770e-05, 3.4968e-05],
       grad_fn=<CatBackward>)

mean_overall=tensor(0.0001, grad_fn=<MeanBackward0>)

-----------------------------------------------ITERATION210-----------------------------------------------

final_causality=[[1, 1, 1, 1, 1, 1, 1, 1, 1, 1, 1, 1, 1], [1, 1, 1, 1, 1, 1, 1, 1, 1, 1, 1, 1, 1, 1, 1, 1, 1, 1, 1, 1, 1, 1, 1, 1, 1, 1, 1, 1, 1, 1, 1, 1, 1, 1, 1, 1, 1, 1, 1, 1, 1, 1, 1, 1, 1, 1, 1, 1, 1, 1], [1, 1, 1, 1, 1, 1, 1, 1, 1, 1, 1, 1, 1, 1, 1, 1, 1, 1, 1, 1, 1, 1, 1, 1, 1, 1, 1, 1, 1, 1, 1, 1, 1, 1, 1, 1, 1, 1, 1, 1, 1, 1, 1, 1, 1, 1, 1, 1, 1, 1]]

means=tensor([5.5346e-04, 4.3536e-04, 6.6159e-05, 3.7146e-04, 4.9394e-04, 1.1429e-04,
        1.8424e-04, 2.9183e-04, 4.2587e-04, 5.6953e-04, 2.2150e-04, 2.9324e-04,
        3.7880e-04, 7.9522e-05, 1.4570e-04, 4.3444e-05, 1.1226e-04, 2.2283e-05,
        1.4405e-05, 8.7578e-05, 9.9815e-06, 1.3249e-05, 3.7860e-04, 1.6831e-04,
        1.1118e-04, 8.2364e-05, 2.7774e-04, 1.7742e-04, 1.5474e-04, 1.8773e-04,
        1.0634e-04, 8.8568e-05, 9.8841e-05, 2.1676e-06, 1.9210e-04, 7.9258e-05,
        3.7812e-04, 2.5486e-04, 1.1137e-05, 2.2307e-05, 6.2728e-06, 1.3218e-04,
        1.4047e-04, 9.9718e-05, 9.1766e-06, 5.9197e-05, 1.5728e-04, 2.3220e-04,
        2.0165e-05, 1.7811e-05, 1.6947e-04, 2.1774e-04, 1.7307e-04, 9.3286e-05,
        1.0832e-04, 1.5309e-04, 5.4176e-05, 8.8636e-05, 1.9095e-04, 1.2033e-04,
        4.1130e-05, 2.4855e-05, 1.3642e-04, 9.7153e-05, 3.7519e-05, 2.8961e-05,
        1.3748e-04, 4.8015e-06, 7.6306e-05, 3.3100e-05, 1.4957e-04, 6.2133e-05,
        5.1581e-05, 1.5093e-06, 4.7304e-05, 1.0026e-04, 1.4593e-04, 1.4834e-04,
        1.2811e-04, 1.1562e-04, 1.2932e-06, 8.9596e-05, 3.7370e-05, 7.4287e-05,
        2.7048e-04, 1.3241e-05, 1.9920e-04, 2.1993e-04, 1.0169e-05, 2.6638e-04,
        1.1034e-04, 2.7162e-05, 1.3476e-04, 4.7388e-05, 4.4229e-04, 7.6185e-05,
        2.4451e-06, 4.9127e-05, 9.4322e-06, 2.4189e-05, 2.2148e-05, 5.5568e-05,
        1.0264e-05, 8.1042e-05, 9.0652e-05, 1.3797e-04, 7.1843e-05, 1.2705e-05,
        2.9469e-05, 5.7264e-05, 1.7209e-04, 2.5889e-05, 3.6841e-05],
       grad_fn=<CatBackward>)

mean_overall=tensor(0.0001, grad_fn=<MeanBackward0>)

-----------------------------------------------ITERATION220-----------------------------------------------

final_causality=[[1, 1, 1, 1, 1, 1, 1, 1, 1, 1, 1, 1, 1], [1, 1, 1, 1, 1, 1, 1, 1, 1, 1, 1, 1, 1, 1, 1, 1, 1, 1, 1, 1, 1, 1, 1, 1, 1, 1, 1, 1, 1, 1, 1, 1, 1, 1, 1, 1, 1, 1, 1, 1, 1, 1, 1, 1, 1, 1, 1, 1, 1, 1], [1, 1, 1, 1, 1, 1, 1, 1, 1, 1, 1, 1, 1, 1, 1, 1, 1, 1, 1, 1, 1, 1, 1, 1, 1, 1, 1, 1, 1, 1, 1, 1, 1, 1, 1, 1, 1, 1, 1, 1, 1, 1, 1, 1, 1, 1, 1, 1, 1, 1]]

means=tensor([5.7793e-04, 4.7173e-04, 1.0325e-04, 4.0126e-04, 5.2661e-04, 1.2450e-04,
        2.2012e-04, 3.0848e-04, 4.6600e-04, 6.0659e-04, 2.4135e-04, 3.0464e-04,
        4.1471e-04, 7.7326e-05, 1.4755e-04, 4.3482e-05, 1.1231e-04, 2.2757e-05,
        1.4009e-05, 9.0678e-05, 8.7112e-06, 1.5195e-05, 4.0259e-04, 1.7741e-04,
        1.1165e-04, 8.6686e-05, 2.8749e-04, 1.8471e-04, 1.6335e-04, 1.9205e-04,
        1.0439e-04, 8.6840e-05, 1.0234e-04, 1.5569e-06, 2.0020e-04, 8.4264e-05,
        3.9940e-04, 2.6250e-04, 1.1690e-05, 2.2586e-05, 6.3288e-06, 1.3499e-04,
        1.4891e-04, 1.0407e-04, 9.3917e-06, 6.2902e-05, 1.6125e-04, 2.4037e-04,
        2.1273e-05, 1.7936e-05, 1.8015e-04, 2.2965e-04, 1.8258e-04, 8.9873e-05,
        1.1292e-04, 1.4935e-04, 5.8734e-05, 9.2457e-05, 2.0140e-04, 1.1813e-04,
        4.3835e-05, 2.4726e-05, 1.4144e-04, 9.7935e-05, 3.7597e-05, 2.9405e-05,
        1.4529e-04, 4.5975e-06, 8.0227e-05, 3.2589e-05, 1.5503e-04, 6.0392e-05,
        5.3651e-05, 1.4998e-06, 4.8968e-05, 1.0725e-04, 1.4898e-04, 1.5575e-04,
        1.3373e-04, 1.1990e-04, 1.3015e-06, 9.3502e-05, 4.0017e-05, 7.7276e-05,
        2.8040e-04, 1.3777e-05, 2.0536e-04, 2.2789e-04, 1.0649e-05, 2.7946e-04,
        1.1659e-04, 2.7807e-05, 1.4568e-04, 5.2052e-05, 4.5974e-04, 7.5038e-05,
        2.4097e-06, 5.3411e-05, 9.8661e-06, 2.3690e-05, 2.4242e-05, 5.7122e-05,
        1.0313e-05, 8.6826e-05, 9.9351e-05, 1.4086e-04, 7.4091e-05, 1.2814e-05,
        2.9517e-05, 5.9575e-05, 1.8122e-04, 2.7065e-05, 3.8764e-05],
       grad_fn=<CatBackward>)

mean_overall=tensor(0.0001, grad_fn=<MeanBackward0>)

-----------------------------------------------ITERATION230-----------------------------------------------

final_causality=[[1, 1, 1, 1, 1, 1, 1, 1, 1, 1, 1, 1, 1], [1, 1, 1, 1, 1, 1, 1, 1, 1, 1, 1, 1, 1, 1, 1, 1, 1, 1, 1, 1, 1, 1, 1, 1, 1, 1, 1, 1, 1, 1, 1, 1, 1, 1, 1, 1, 1, 1, 1, 1, 1, 1, 1, 1, 1, 1, 1, 1, 1, 1], [1, 1, 1, 1, 1, 1, 1, 1, 1, 1, 1, 1, 1, 1, 1, 1, 1, 1, 1, 1, 1, 1, 1, 1, 1, 1, 1, 1, 1, 1, 1, 1, 1, 1, 1, 1, 1, 1, 1, 1, 1, 1, 1, 1, 1, 1, 1, 1, 1, 1]]

means=tensor([6.0297e-04, 5.0911e-04, 1.4128e-04, 4.3202e-04, 5.6023e-04, 1.3514e-04,
        2.5721e-04, 3.2568e-04, 5.0717e-04, 6.4471e-04, 2.6198e-04, 3.1648e-04,
        4.5162e-04, 7.5181e-05, 1.4943e-04, 4.3536e-05, 1.1238e-04, 2.3275e-05,
        1.3618e-05, 9.3969e-05, 7.4541e-06, 1.7161e-05, 4.2806e-04, 1.8702e-04,
        1.1214e-04, 9.1255e-05, 2.9766e-04, 1.9225e-04, 1.7238e-04, 1.9729e-04,
        1.0247e-04, 8.5117e-05, 1.0631e-04, 9.2319e-07, 2.0870e-04, 8.9593e-05,
        4.2184e-04, 2.7045e-04, 1.2252e-05, 2.2903e-05, 6.4034e-06, 1.3793e-04,
        1.5788e-04, 1.0854e-04, 9.6017e-06, 6.6861e-05, 1.6531e-04, 2.4875e-04,
        2.2447e-05, 1.8064e-05, 1.9221e-04, 2.4221e-04, 1.9265e-04, 9.1586e-05,
        1.1768e-04, 1.4564e-04, 6.3526e-05, 9.6355e-05, 2.1293e-04, 1.1847e-04,
        4.6592e-05, 2.4630e-05, 1.4660e-04, 9.8761e-05, 3.7927e-05, 3.0020e-05,
        1.5327e-04, 4.3884e-06, 8.4279e-05, 3.3176e-05, 1.6064e-04, 5.9982e-05,
        5.6272e-05, 1.4935e-06, 5.0689e-05, 1.1457e-04, 1.5620e-04, 1.6368e-04,
        1.3944e-04, 1.2439e-04, 1.3081e-06, 9.7712e-05, 4.2696e-05, 8.0317e-05,
        2.9057e-04, 1.4353e-05, 2.1165e-04, 2.3602e-04, 1.1164e-05, 2.9279e-04,
        1.2295e-04, 2.8483e-05, 1.5684e-04, 5.6839e-05, 4.7768e-04, 7.3752e-05,
        2.3702e-06, 5.8043e-05, 1.0375e-05, 2.3374e-05, 2.6372e-05, 5.8714e-05,
        1.0366e-05, 9.2686e-05, 1.0848e-04, 1.4380e-04, 7.6375e-05, 1.2938e-05,
        2.9769e-05, 6.1959e-05, 1.9050e-04, 2.8302e-05, 4.0738e-05],
       grad_fn=<CatBackward>)

mean_overall=tensor(0.0001, grad_fn=<MeanBackward0>)

-----------------------------------------------ITERATION240-----------------------------------------------

final_causality=[[1, 1, 1, 1, 1, 1, 1, 1, 1, 1, 1, 1, 1], [1, 1, 1, 1, 1, 1, 1, 1, 1, 1, 1, 1, 1, 1, 1, 1, 1, 1, 1, 1, 1, 1, 1, 1, 1, 1, 1, 1, 1, 1, 1, 1, 1, 1, 1, 1, 1, 1, 1, 1, 1, 1, 1, 1, 1, 1, 1, 1, 1, 1], [1, 1, 1, 1, 1, 1, 1, 1, 1, 1, 1, 1, 1, 1, 1, 1, 1, 1, 1, 1, 1, 1, 1, 1, 1, 1, 1, 1, 1, 1, 1, 1, 1, 1, 1, 1, 1, 1, 1, 1, 1, 1, 1, 1, 1, 1, 1, 1, 1, 1]]

means=tensor([6.2862e-04, 5.4752e-04, 1.8027e-04, 4.6378e-04, 5.9483e-04, 1.4622e-04,
        2.9554e-04, 3.4343e-04, 5.4939e-04, 6.8393e-04, 2.8342e-04, 3.2877e-04,
        4.8955e-04, 7.3086e-05, 1.5135e-04, 4.3605e-05, 1.1247e-04, 2.3839e-05,
        1.3443e-05, 9.7458e-05, 6.2068e-06, 1.9143e-05, 4.5506e-04, 1.9716e-04,
        1.1474e-04, 9.6086e-05, 3.0827e-04, 2.0005e-04, 1.8184e-04, 2.0318e-04,
        1.0058e-04, 8.3399e-05, 1.1073e-04, 2.6501e-07, 2.1764e-04, 9.5264e-05,
        4.4547e-04, 2.7871e-04, 1.2820e-05, 2.3260e-05, 6.4979e-06, 1.4102e-04,
        1.6741e-04, 1.1312e-04, 9.8050e-06, 7.1092e-05, 1.6945e-04, 2.5733e-04,
        2.3689e-05, 1.8327e-05, 2.0523e-04, 2.5543e-04, 2.0329e-04, 9.3989e-05,
        1.2260e-04, 1.4197e-04, 6.8568e-05, 1.0033e-04, 2.2594e-04, 1.1956e-04,
        4.9407e-05, 2.4568e-05, 1.5236e-04, 9.9635e-05, 3.8379e-05, 3.0648e-05,
        1.6144e-04, 4.1727e-06, 8.8465e-05, 3.3779e-05, 1.6640e-04, 6.2809e-05,
        5.8988e-05, 1.5000e-06, 5.2467e-05, 1.2221e-04, 1.6837e-04, 1.7203e-04,
        1.4525e-04, 1.2907e-04, 1.3127e-06, 1.0242e-04, 4.5408e-05, 8.3408e-05,
        3.0102e-04, 1.4961e-05, 2.2221e-04, 2.4432e-04, 1.1715e-05, 3.0636e-04,
        1.2942e-04, 2.9191e-05, 1.6825e-04, 6.1749e-05, 4.9610e-04, 7.2320e-05,
        2.3264e-06, 6.2789e-05, 1.0921e-05, 2.3241e-05, 2.8539e-05, 6.0348e-05,
        1.0451e-05, 9.8621e-05, 1.1782e-04, 1.4680e-04, 7.8696e-05, 1.3077e-05,
        3.0032e-05, 6.4420e-05, 1.9992e-04, 2.9601e-05, 4.2767e-05],
       grad_fn=<CatBackward>)

mean_overall=tensor(0.0001, grad_fn=<MeanBackward0>)

-----------------------------------------------ITERATION250-----------------------------------------------

final_causality=[[1, 1, 1, 1, 1, 1, 1, 1, 1, 1, 1, 1, 1], [1, 1, 1, 1, 1, 1, 1, 1, 1, 1, 1, 1, 1, 1, 1, 1, 1, 1, 1, 1, 1, 1, 1, 1, 1, 1, 1, 1, 1, 1, 1, 1, 1, 1, 1, 1, 1, 1, 1, 1, 1, 1, 1, 1, 1, 1, 1, 1, 1, 1], [1, 1, 1, 1, 1, 1, 1, 1, 1, 1, 1, 1, 1, 1, 1, 1, 1, 1, 1, 1, 1, 1, 1, 1, 1, 1, 1, 1, 1, 1, 1, 1, 1, 1, 1, 1, 1, 1, 1, 1, 1, 1, 1, 1, 1, 1, 1, 1, 1, 1]]

means=tensor([6.5491e-04, 5.8701e-04, 2.2027e-04, 4.9659e-04, 6.3043e-04, 1.5776e-04,
        3.3514e-04, 3.6174e-04, 5.9269e-04, 7.2427e-04, 3.0571e-04, 3.4152e-04,
        5.2855e-04, 7.1044e-05, 1.5331e-04, 4.3692e-05, 1.1258e-04, 2.4451e-05,
        1.3318e-05, 1.0116e-04, 4.9658e-06, 2.1143e-05, 4.8364e-04, 2.0784e-04,
        1.1979e-04, 1.0120e-04, 3.1934e-04, 2.0812e-04, 1.9175e-04, 2.0917e-04,
        9.8709e-05, 8.2481e-05, 1.1543e-04, 4.1887e-07, 2.2701e-04, 1.0130e-04,
        4.7032e-04, 2.8847e-04, 1.3396e-05, 2.3658e-05, 6.6136e-06, 1.4425e-04,
        1.7752e-04, 1.1782e-04, 1.0001e-05, 7.5614e-05, 1.7367e-04, 2.6611e-04,
        2.5003e-05, 1.8630e-05, 2.1907e-04, 2.6934e-04, 2.1453e-04, 9.6545e-05,
        1.2770e-04, 1.3834e-04, 7.3875e-05, 1.0439e-04, 2.3972e-04, 1.2067e-04,
        5.2285e-05, 2.4542e-05, 1.5952e-04, 1.0056e-04, 3.8861e-05, 3.1620e-05,
        1.6978e-04, 3.9503e-06, 9.2792e-05, 3.4398e-05, 1.7232e-04, 6.8955e-05,
        6.1802e-05, 1.5052e-06, 5.4302e-05, 1.3020e-04, 1.8076e-04, 1.8063e-04,
        1.5135e-04, 1.3396e-04, 1.3153e-06, 1.0727e-04, 4.8153e-05, 8.6548e-05,
        3.1174e-04, 1.5605e-05, 2.3300e-04, 2.5278e-04, 1.2306e-05, 3.2017e-04,
        1.3601e-04, 2.9933e-05, 1.7991e-04, 6.6784e-05, 5.1502e-04, 7.0730e-05,
        2.2787e-06, 6.7652e-05, 1.1505e-05, 2.3102e-05, 3.0780e-05, 6.2025e-05,
        1.0617e-05, 1.0463e-04, 1.2735e-04, 1.4985e-04, 8.1051e-05, 1.3233e-05,
        3.1077e-05, 6.6959e-05, 2.0948e-04, 3.0964e-05, 4.4850e-05],
       grad_fn=<CatBackward>)

mean_overall=tensor(0.0002, grad_fn=<MeanBackward0>)

-----------------------------------------------ITERATION260-----------------------------------------------

final_causality=[[1, 1, 1, 1, 1, 1, 1, 1, 1, 1, 1, 1, 1], [1, 1, 1, 1, 1, 1, 1, 1, 1, 1, 1, 1, 1, 1, 1, 1, 1, 1, 1, 1, 1, 1, 1, 1, 1, 1, 1, 1, 1, 1, 1, 1, 1, 1, 1, 1, 1, 1, 1, 1, 1, 1, 1, 1, 1, 1, 1, 1, 1, 1], [1, 1, 1, 1, 1, 1, 1, 1, 1, 1, 1, 1, 1, 1, 1, 1, 1, 1, 1, 1, 1, 1, 1, 1, 1, 1, 1, 1, 1, 1, 1, 1, 1, 1, 1, 1, 1, 1, 1, 1, 1, 1, 1, 1, 1, 1, 1, 1, 1, 1]]

means=tensor([6.8186e-04, 6.2764e-04, 2.6130e-04, 5.3049e-04, 6.6708e-04, 1.6977e-04,
        3.7604e-04, 3.8062e-04, 6.3707e-04, 7.6576e-04, 3.2885e-04, 3.5474e-04,
        5.6864e-04, 6.9053e-05, 1.5530e-04, 4.3798e-05, 1.1584e-04, 2.5114e-05,
        1.3192e-05, 1.0508e-04, 3.7278e-06, 2.3161e-05, 5.1384e-04, 2.1910e-04,
        1.2492e-04, 1.0661e-04, 3.3086e-04, 2.1646e-04, 2.0213e-04, 2.1526e-04,
        9.6889e-05, 8.3303e-05, 1.2039e-04, 2.8521e-07, 2.3685e-04, 1.0772e-04,
        4.9642e-04, 2.9956e-04, 1.3980e-05, 2.4098e-05, 6.7508e-06, 1.4765e-04,
        1.8823e-04, 1.2265e-04, 1.0189e-05, 8.0447e-05, 1.7799e-04, 2.7510e-04,
        2.6392e-05, 1.8940e-05, 2.3376e-04, 2.8396e-04, 2.2640e-04, 9.9735e-05,
        1.3297e-04, 1.3476e-04, 7.9465e-05, 1.0854e-04, 2.5431e-04, 1.2180e-04,
        5.5232e-05, 2.4552e-05, 1.6688e-04, 1.0154e-04, 3.9375e-05, 3.3228e-05,
        1.7831e-04, 3.7213e-06, 9.7264e-05, 3.5033e-05, 1.7841e-04, 7.5311e-05,
        6.4717e-05, 1.5092e-06, 5.6254e-05, 1.3856e-04, 1.9335e-04, 1.8947e-04,
        1.5777e-04, 1.3906e-04, 1.3159e-06, 1.1228e-04, 5.0929e-05, 8.9739e-05,
        3.2275e-04, 1.6284e-05, 2.4402e-04, 2.6141e-04, 1.2939e-05, 3.3422e-04,
        1.4270e-04, 3.0710e-05, 1.9182e-04, 7.1942e-05, 5.3446e-04, 6.8976e-05,
        2.2274e-06, 7.2633e-05, 1.2130e-05, 2.2959e-05, 3.3081e-05, 6.4619e-05,
        1.0791e-05, 1.1071e-04, 1.3828e-04, 1.5296e-04, 8.3440e-05, 1.3406e-05,
        3.2263e-05, 6.9578e-05, 2.1920e-04, 3.2394e-05, 4.6989e-05],
       grad_fn=<CatBackward>)

mean_overall=tensor(0.0002, grad_fn=<MeanBackward0>)

-----------------------------------------------ITERATION270-----------------------------------------------

final_causality=[[1, 1, 1, 1, 1, 1, 1, 1, 1, 1, 1, 1, 1], [1, 1, 1, 1, 1, 1, 1, 1, 1, 1, 1, 1, 1, 1, 1, 1, 1, 1, 1, 1, 1, 1, 1, 1, 1, 1, 1, 1, 1, 1, 1, 1, 1, 1, 1, 1, 1, 1, 1, 1, 1, 1, 1, 1, 1, 1, 1, 1, 1, 1], [1, 1, 1, 1, 1, 1, 1, 1, 1, 1, 1, 1, 1, 1, 1, 1, 1, 1, 1, 1, 1, 1, 1, 1, 1, 1, 1, 1, 1, 1, 1, 1, 1, 1, 1, 1, 1, 1, 1, 1, 1, 1, 1, 1, 1, 1, 1, 1, 1, 1]]

means=tensor([7.0950e-04, 6.6943e-04, 3.0340e-04, 5.6552e-04, 7.0479e-04, 1.8229e-04,
        4.1825e-04, 4.0008e-04, 6.8256e-04, 8.0840e-04, 3.5288e-04, 3.6845e-04,
        6.0987e-04, 6.7115e-05, 1.5734e-04, 4.3926e-05, 1.1978e-04, 2.5827e-05,
        1.3094e-05, 1.0922e-04, 2.4885e-06, 2.5199e-05, 5.4570e-04, 2.3094e-04,
        1.3161e-04, 1.1233e-04, 3.4286e-04, 2.2508e-04, 2.1299e-04, 2.2146e-04,
        9.5139e-05, 8.4176e-05, 1.2565e-04, 6.0001e-07, 2.4844e-04, 1.1454e-04,
        5.2379e-04, 3.1106e-04, 1.4571e-05, 2.4581e-05, 6.9102e-06, 1.5120e-04,
        1.9958e-04, 1.2761e-04, 1.0368e-05, 8.5613e-05, 1.8239e-04, 2.8430e-04,
        2.7966e-05, 1.9258e-05, 2.4935e-04, 2.9933e-04, 2.3893e-04, 1.0294e-04,
        1.3842e-04, 1.3123e-04, 8.5357e-05, 1.1277e-04, 2.6972e-04, 1.2296e-04,
        5.8257e-05, 2.4599e-05, 1.7444e-04, 1.0258e-04, 3.9920e-05, 3.4858e-05,
        1.8702e-04, 3.4860e-06, 1.0189e-04, 3.5931e-05, 1.8483e-04, 8.1883e-05,
        6.7736e-05, 1.5119e-06, 5.8329e-05, 1.4728e-04, 2.0616e-04, 1.9856e-04,
        1.6429e-04, 1.4438e-04, 1.3143e-06, 1.1744e-04, 5.3737e-05, 9.2978e-05,
        3.3404e-04, 1.7002e-05, 2.5526e-04, 2.7020e-04, 1.3617e-05, 3.4850e-04,
        1.4951e-04, 3.1525e-05, 2.0400e-04, 7.7224e-05, 5.5442e-04, 6.7238e-05,
        2.1728e-06, 7.7735e-05, 1.2839e-05, 2.2810e-05, 3.5427e-05, 6.9357e-05,
        1.0973e-05, 1.1686e-04, 1.4955e-04, 1.5612e-04, 8.5863e-05, 1.3597e-05,
        3.3503e-05, 7.2280e-05, 2.2906e-04, 3.3892e-05, 4.9187e-05],
       grad_fn=<CatBackward>)

mean_overall=tensor(0.0002, grad_fn=<MeanBackward0>)

-----------------------------------------------ITERATION280-----------------------------------------------

final_causality=[[1, 1, 1, 1, 1, 1, 1, 1, 1, 1, 1, 1, 1], [1, 1, 1, 1, 1, 1, 1, 1, 1, 1, 1, 1, 1, 1, 1, 1, 1, 1, 1, 1, 1, 1, 1, 1, 1, 1, 1, 1, 1, 1, 1, 1, 1, 1, 1, 1, 1, 1, 1, 1, 1, 1, 1, 1, 1, 1, 1, 1, 1, 1], [1, 1, 1, 1, 1, 1, 1, 1, 1, 1, 1, 1, 1, 1, 1, 1, 1, 1, 1, 1, 1, 1, 1, 1, 1, 1, 1, 1, 1, 1, 1, 1, 1, 1, 1, 1, 1, 1, 1, 1, 1, 1, 1, 1, 1, 1, 1, 1, 1, 1]]

means=tensor([7.3786e-04, 7.1245e-04, 3.4660e-04, 6.0172e-04, 7.4360e-04, 1.9532e-04,
        4.6180e-04, 4.2014e-04, 7.2915e-04, 8.5223e-04, 3.7781e-04, 3.8266e-04,
        6.5226e-04, 6.5231e-05, 1.5941e-04, 4.4076e-05, 1.2378e-04, 2.6593e-05,
        1.3239e-05, 1.1361e-04, 1.2434e-06, 2.7258e-05, 5.7926e-04, 2.4340e-04,
        1.3864e-04, 1.1839e-04, 3.5534e-04, 2.3399e-04, 2.2436e-04, 2.2776e-04,
        9.3422e-05, 8.5103e-05, 1.3121e-04, 1.5180e-06, 2.6058e-04, 1.2178e-04,
        5.5247e-04, 3.2299e-04, 1.5171e-05, 2.5107e-05, 7.0922e-06, 1.5491e-04,
        2.1158e-04, 1.3271e-04, 1.0540e-05, 9.1134e-05, 1.8688e-04, 2.9372e-04,
        2.9713e-05, 1.9585e-05, 2.6586e-04, 3.1547e-04, 2.5214e-04, 1.0615e-04,
        1.4406e-04, 1.2775e-04, 9.1568e-05, 1.1710e-04, 2.8643e-04, 1.2414e-04,
        6.1365e-05, 2.4682e-05, 1.8220e-04, 1.0367e-04, 4.0499e-05, 3.6513e-05,
        1.9591e-04, 3.2446e-06, 1.0666e-04, 3.8264e-05, 1.9382e-04, 8.8679e-05,
        7.0862e-05, 1.5151e-06, 6.0468e-05, 1.5640e-04, 2.1918e-04, 2.0791e-04,
        1.7090e-04, 1.4993e-04, 1.3106e-06, 1.2275e-04, 5.6641e-05, 9.6266e-05,
        3.4562e-04, 1.7758e-05, 2.6672e-04, 2.7916e-04, 1.4343e-05, 3.6301e-04,
        1.5643e-04, 3.2379e-05, 2.1643e-04, 8.2628e-05, 5.7491e-04, 6.5344e-05,
        2.1153e-06, 8.2961e-05, 1.3606e-05, 2.2654e-05, 3.7820e-05, 7.4196e-05,
        1.1164e-05, 1.2308e-04, 1.6105e-04, 1.5950e-04, 8.8318e-05, 1.3808e-05,
        3.4796e-05, 7.5065e-05, 2.3908e-04, 3.5829e-05, 5.1443e-05],
       grad_fn=<CatBackward>)

mean_overall=tensor(0.0002, grad_fn=<MeanBackward0>)

-----------------------------------------------ITERATION290-----------------------------------------------

final_causality=[[1, 1, 1, 1, 1, 1, 1, 1, 1, 1, 1, 1, 1], [1, 1, 1, 1, 1, 1, 1, 1, 1, 1, 1, 1, 1, 1, 1, 1, 1, 1, 1, 1, 1, 1, 1, 1, 1, 1, 1, 1, 1, 1, 1, 1, 1, 1, 1, 1, 1, 1, 1, 1, 1, 1, 1, 1, 1, 1, 1, 1, 1, 1], [1, 1, 1, 1, 1, 1, 1, 1, 1, 1, 1, 1, 1, 1, 1, 1, 1, 1, 1, 1, 1, 1, 1, 1, 1, 1, 1, 1, 1, 1, 1, 1, 1, 1, 1, 1, 1, 1, 1, 1, 1, 1, 1, 1, 1, 1, 1, 1, 1, 1]]

means=tensor([7.6695e-04, 7.5672e-04, 3.9093e-04, 6.3914e-04, 7.8352e-04, 2.0889e-04,
        5.0671e-04, 4.4079e-04, 7.7686e-04, 8.9725e-04, 4.0369e-04, 3.9738e-04,
        6.9584e-04, 6.3398e-05, 1.6151e-04, 4.4251e-05, 1.2784e-04, 2.7413e-05,
        1.3377e-05, 1.1825e-04, 1.3189e-08, 2.9338e-05, 6.1457e-04, 2.5649e-04,
        1.4576e-04, 1.2480e-04, 3.6831e-04, 2.4319e-04, 2.3624e-04, 2.3416e-04,
        9.1740e-05, 8.6085e-05, 1.3709e-04, 2.4703e-06, 2.7328e-04, 1.2947e-04,
        5.8247e-04, 3.3535e-04, 1.5779e-05, 2.5678e-05, 7.2975e-06, 1.5879e-04,
        2.2426e-04, 1.3795e-04, 1.0702e-05, 9.7031e-05, 1.9146e-04, 3.0335e-04,
        3.1573e-05, 1.9920e-05, 2.8332e-04, 3.3239e-04, 2.6604e-04, 1.0938e-04,
        1.5052e-04, 1.2432e-04, 9.8117e-05, 1.2152e-04, 3.0590e-04, 1.2534e-04,
        6.4563e-05, 2.4802e-05, 1.9017e-04, 1.0484e-04, 4.1111e-05, 3.8193e-05,
        2.0498e-04, 3.1002e-06, 1.1160e-04, 4.0675e-05, 2.0303e-04, 9.5704e-05,
        7.4097e-05, 1.5339e-06, 6.2672e-05, 1.6591e-04, 2.3242e-04, 2.1752e-04,
        1.7760e-04, 1.5571e-04, 1.3048e-06, 1.2822e-04, 5.9615e-05, 9.9601e-05,
        3.5749e-04, 1.8556e-05, 2.7842e-04, 2.8828e-04, 1.5120e-05, 3.7775e-04,
        1.6346e-04, 3.3273e-05, 2.2912e-04, 8.8153e-05, 5.9595e-04, 6.3265e-05,
        2.0553e-06, 8.8312e-05, 1.4423e-05, 2.2491e-05, 4.0263e-05, 7.9139e-05,
        1.1364e-05, 1.2937e-04, 1.7278e-04, 1.6520e-04, 9.0805e-05, 1.4038e-05,
        3.6428e-05, 7.7935e-05, 2.4925e-04, 3.7919e-05, 5.3759e-05],
       grad_fn=<CatBackward>)

mean_overall=tensor(0.0002, grad_fn=<MeanBackward0>)

-----------------------------------------------ITERATION300-----------------------------------------------

final_causality=[[1, 1, 1, 1, 1, 1, 1, 1, 1, 1, 1, 1, 1], [1, 1, 1, 1, 1, 1, 1, 1, 1, 1, 1, 1, 1, 1, 1, 1, 1, 1, 1, 1, 1, 1, 1, 1, 1, 1, 1, 1, 1, 1, 1, 1, 1, 1, 1, 1, 1, 1, 1, 1, 1, 1, 1, 1, 1, 1, 1, 1, 1, 1], [1, 1, 1, 1, 1, 1, 1, 1, 1, 1, 1, 1, 1, 1, 1, 1, 1, 1, 1, 1, 1, 1, 1, 1, 1, 1, 1, 1, 1, 1, 1, 1, 1, 1, 1, 1, 1, 1, 1, 1, 1, 1, 1, 1, 1, 1, 1, 1, 1, 1]]

means=tensor([7.9681e-04, 8.0229e-04, 4.3642e-04, 6.7780e-04, 8.2456e-04, 2.2303e-04,
        5.5300e-04, 4.6205e-04, 8.2568e-04, 9.4347e-04, 4.3051e-04, 4.1262e-04,
        7.4065e-04, 6.1618e-05, 1.6366e-04, 4.4451e-05, 1.3198e-04, 2.8288e-05,
        1.3506e-05, 1.2314e-04, 1.4555e-07, 3.1443e-05, 6.5164e-04, 2.7023e-04,
        1.5297e-04, 1.3158e-04, 3.8179e-04, 2.5269e-04, 2.4866e-04, 2.4067e-04,
        9.0094e-05, 8.7125e-05, 1.4330e-04, 3.4586e-06, 2.8656e-04, 1.3762e-04,
        6.1382e-04, 3.4815e-04, 1.6397e-05, 2.6293e-05, 7.5265e-06, 1.6284e-04,
        2.3766e-04, 1.4334e-04, 1.0855e-05, 1.0333e-04, 1.9613e-04, 3.1319e-04,
        3.3552e-05, 2.0264e-05, 3.0177e-04, 3.5013e-04, 2.8067e-04, 1.1262e-04,
        1.5832e-04, 1.2096e-04, 1.0502e-04, 1.2605e-04, 3.2717e-04, 1.2657e-04,
        6.7856e-05, 2.4958e-05, 1.9836e-04, 1.0606e-04, 4.2672e-05, 3.9900e-05,
        2.1423e-04, 3.0052e-06, 1.1671e-04, 4.3795e-05, 2.1246e-04, 1.0296e-04,
        7.7442e-05, 1.5517e-06, 6.4941e-05, 1.7583e-04, 2.4587e-04, 2.2741e-04,
        1.8440e-04, 1.6173e-04, 1.2969e-06, 1.3385e-04, 6.2648e-05, 1.0298e-04,
        3.6967e-04, 1.9395e-05, 2.9035e-04, 2.9757e-04, 1.6012e-05, 3.9271e-04,
        1.7060e-04, 3.4208e-05, 2.4354e-04, 9.3798e-05, 6.1753e-04, 6.0994e-05,
        2.0172e-06, 9.3789e-05, 1.5293e-05, 2.2321e-05, 4.2757e-05, 8.4189e-05,
        1.1573e-05, 1.3572e-04, 1.8474e-04, 1.7101e-04, 9.3879e-05, 1.4289e-05,
        3.8855e-05, 8.1552e-05, 2.5958e-04, 4.0105e-05, 5.6137e-05],
       grad_fn=<CatBackward>)

mean_overall=tensor(0.0002, grad_fn=<MeanBackward0>)

-----------------------------------------------ITERATION310-----------------------------------------------

final_causality=[[1, 1, 1, 1, 1, 1, 1, 1, 1, 1, 1, 1, 1], [1, 1, 1, 1, 1, 1, 1, 1, 1, 1, 1, 1, 1, 1, 1, 1, 1, 1, 1, 1, 1, 1, 1, 1, 1, 1, 1, 1, 1, 1, 1, 1, 1, 1, 1, 1, 1, 1, 1, 1, 1, 1, 1, 1, 1, 1, 1, 1, 1, 1], [1, 1, 1, 1, 1, 1, 1, 1, 1, 1, 1, 1, 1, 1, 1, 1, 1, 1, 1, 1, 1, 1, 1, 1, 1, 1, 1, 1, 1, 1, 1, 1, 1, 1, 1, 1, 1, 1, 1, 1, 1, 1, 1, 1, 1, 1, 1, 1, 1, 1]]

means=tensor([8.2744e-04, 8.4919e-04, 4.8308e-04, 7.1773e-04, 8.6676e-04, 2.3774e-04,
        6.0068e-04, 4.8391e-04, 8.7561e-04, 9.9090e-04, 4.5832e-04, 4.2839e-04,
        7.8671e-04, 6.1611e-05, 1.6584e-04, 4.5180e-05, 1.3706e-04, 2.9220e-05,
        1.3628e-05, 1.2830e-04, 1.2963e-06, 3.3573e-05, 6.9049e-04, 2.8463e-04,
        1.6029e-04, 1.3875e-04, 3.9578e-04, 2.6249e-04, 2.6162e-04, 2.4728e-04,
        8.8484e-05, 8.8618e-05, 1.4984e-04, 4.4845e-06, 3.0044e-04, 1.4627e-04,
        6.4651e-04, 3.6139e-04, 1.7024e-05, 2.6952e-05, 7.7799e-06, 1.6706e-04,
        2.5177e-04, 1.4887e-04, 1.1022e-05, 1.1004e-04, 2.0088e-04, 3.2325e-04,
        3.5685e-05, 2.0618e-05, 3.2123e-04, 3.6870e-04, 2.9603e-04, 1.1588e-04,
        1.6638e-04, 1.1765e-04, 1.1230e-04, 1.3068e-04, 3.4964e-04, 1.2783e-04,
        7.1252e-05, 2.5152e-05, 2.0677e-04, 1.0736e-04, 4.4821e-05, 4.1634e-05,
        2.2364e-04, 2.9083e-06, 1.2198e-04, 4.7210e-05, 2.2212e-04, 1.1046e-04,
        8.0899e-05, 1.5684e-06, 6.7276e-05, 1.8618e-04, 2.5953e-04, 2.3756e-04,
        1.9129e-04, 1.6799e-04, 1.2868e-06, 1.3963e-04, 6.5710e-05, 1.0641e-04,
        3.8213e-04, 2.0277e-05, 3.0251e-04, 3.0701e-04, 1.6966e-05, 4.0788e-04,
        1.7784e-04, 3.5220e-05, 2.5929e-04, 9.9558e-05, 6.3966e-04, 5.8528e-05,
        1.9777e-06, 9.9395e-05, 1.6217e-05, 2.2517e-05, 4.5305e-05, 8.9346e-05,
        1.1793e-05, 1.4213e-04, 1.9694e-04, 1.7693e-04, 9.7311e-05, 1.4562e-05,
        4.1389e-05, 8.5589e-05, 2.7007e-04, 4.2386e-05, 5.8576e-05],
       grad_fn=<CatBackward>)

mean_overall=tensor(0.0002, grad_fn=<MeanBackward0>)

-----------------------------------------------ITERATION320-----------------------------------------------

final_causality=[[1, 1, 1, 1, 1, 1, 1, 1, 1, 1, 1, 1, 1], [1, 1, 1, 1, 1, 1, 1, 1, 1, 1, 1, 1, 1, 1, 1, 1, 1, 1, 1, 1, 1, 1, 1, 1, 1, 1, 1, 1, 1, 1, 1, 1, 1, 1, 1, 1, 1, 1, 1, 1, 1, 1, 1, 1, 1, 1, 1, 1, 1, 1], [1, 1, 1, 1, 1, 1, 1, 1, 1, 1, 1, 1, 1, 1, 1, 1, 1, 1, 1, 1, 1, 1, 1, 1, 1, 1, 1, 1, 1, 1, 1, 1, 1, 1, 1, 1, 1, 1, 1, 1, 1, 1, 1, 1, 1, 1, 1, 1, 1, 1]]

means=tensor([8.5886e-04, 8.9746e-04, 5.3094e-04, 7.5896e-04, 9.1011e-04, 2.5306e-04,
        6.4976e-04, 5.0637e-04, 9.2663e-04, 1.0395e-03, 4.8712e-04, 4.4469e-04,
        8.3405e-04, 6.2145e-05, 1.6805e-04, 4.5992e-05, 1.4275e-04, 3.0210e-05,
        1.3741e-05, 1.3375e-04, 2.7670e-06, 3.5730e-05, 7.3115e-04, 2.9971e-04,
        1.6771e-04, 1.4632e-04, 4.1028e-04, 2.7259e-04, 2.7515e-04, 2.5398e-04,
        8.6912e-05, 9.2693e-05, 1.5674e-04, 5.5500e-06, 3.1492e-04, 1.5542e-04,
        6.8057e-04, 3.7507e-04, 1.7661e-05, 2.7657e-05, 8.0579e-06, 1.7146e-04,
        2.6664e-04, 1.5457e-04, 1.1204e-05, 1.1720e-04, 2.0573e-04, 3.3353e-04,
        3.8102e-05, 2.0981e-05, 3.4171e-04, 3.8812e-04, 3.1215e-04, 1.1916e-04,
        1.7471e-04, 1.1441e-04, 1.1997e-04, 1.3541e-04, 3.7333e-04, 1.2911e-04,
        7.4755e-05, 2.5382e-05, 2.1541e-04, 1.0965e-04, 4.7114e-05, 4.3396e-05,
        2.3323e-04, 2.8098e-06, 1.2742e-04, 5.0737e-05, 2.3211e-04, 1.1819e-04,
        8.4471e-05, 1.5839e-06, 6.9676e-05, 1.9694e-04, 2.7340e-04, 2.4799e-04,
        1.9827e-04, 1.7449e-04, 1.2747e-06, 1.4558e-04, 6.8802e-05, 1.0988e-04,
        3.9490e-04, 2.1204e-05, 3.1489e-04, 3.1660e-04, 1.7984e-05, 4.2326e-04,
        1.8519e-04, 3.6488e-05, 2.7533e-04, 1.0543e-04, 6.6235e-04, 5.5859e-05,
        1.9344e-06, 1.0513e-04, 1.7199e-05, 2.2921e-05, 4.7908e-05, 9.4614e-05,
        1.2025e-05, 1.4860e-04, 2.0937e-04, 1.8298e-04, 1.0077e-04, 1.4858e-05,
        4.4032e-05, 8.9724e-05, 2.8071e-04, 4.4763e-05, 6.1079e-05],
       grad_fn=<CatBackward>)

mean_overall=tensor(0.0002, grad_fn=<MeanBackward0>)

-----------------------------------------------ITERATION330-----------------------------------------------

final_causality=[[1, 1, 1, 1, 1, 1, 1, 1, 1, 1, 1, 1, 1], [1, 1, 1, 1, 1, 1, 1, 1, 1, 1, 1, 1, 1, 1, 1, 1, 1, 1, 1, 1, 1, 1, 1, 1, 1, 1, 1, 1, 1, 1, 1, 1, 1, 1, 1, 1, 1, 1, 1, 1, 1, 1, 1, 1, 1, 1, 1, 1, 1, 1], [1, 1, 1, 1, 1, 1, 1, 1, 1, 1, 1, 1, 1, 1, 1, 1, 1, 1, 1, 1, 1, 1, 1, 1, 1, 1, 1, 1, 1, 1, 1, 1, 1, 1, 1, 1, 1, 1, 1, 1, 1, 1, 1, 1, 1, 1, 1, 1, 1, 1]]

means=tensor([8.9107e-04, 9.4712e-04, 5.8001e-04, 8.0152e-04, 9.5461e-04, 2.6899e-04,
        7.0025e-04, 5.2943e-04, 9.7872e-04, 1.0894e-03, 5.1693e-04, 4.6153e-04,
        8.8268e-04, 6.2765e-05, 1.7030e-04, 4.6833e-05, 1.4850e-04, 3.1258e-05,
        1.3846e-05, 1.3948e-04, 4.2759e-06, 3.7916e-05, 7.7361e-04, 3.1548e-04,
        1.7524e-04, 1.5431e-04, 4.2531e-04, 2.8300e-04, 2.8924e-04, 2.6078e-04,
        8.5657e-05, 9.6870e-05, 1.6400e-04, 6.6569e-06, 3.3002e-04, 1.6510e-04,
        7.1600e-04, 3.8919e-04, 1.8308e-05, 2.8407e-05, 8.3609e-06, 1.7604e-04,
        2.8227e-04, 1.6043e-04, 1.1375e-05, 1.2482e-04, 2.1066e-04, 3.4402e-04,
        4.0683e-05, 2.1354e-05, 3.6325e-04, 4.0839e-04, 3.2904e-04, 1.2246e-04,
        1.8332e-04, 1.1123e-04, 1.2804e-04, 1.4025e-04, 3.9827e-04, 1.3041e-04,
        7.9021e-05, 2.5648e-05, 2.2429e-04, 1.1389e-04, 4.9557e-05, 4.5187e-05,
        2.4298e-04, 2.7760e-06, 1.3305e-04, 5.4376e-05, 2.4242e-04, 1.2700e-04,
        8.8156e-05, 1.5982e-06, 7.2142e-05, 2.0815e-04, 2.8748e-04, 2.5870e-04,
        2.0533e-04, 1.8124e-04, 1.2605e-06, 1.5180e-04, 7.1921e-05, 1.1339e-04,
        4.0796e-04, 2.2177e-05, 3.2751e-04, 3.2635e-04, 1.9070e-05, 4.3883e-04,
        1.9263e-04, 3.7815e-05, 2.9164e-04, 1.1141e-04, 6.8559e-04, 5.2985e-05,
        1.8873e-06, 1.1099e-04, 1.8239e-05, 2.3350e-05, 5.0569e-05, 9.9992e-05,
        1.2267e-05, 1.5513e-04, 2.2204e-04, 1.8913e-04, 1.0426e-04, 1.5176e-05,
        4.6789e-05, 9.3957e-05, 2.9152e-04, 4.7237e-05, 6.3644e-05],
       grad_fn=<CatBackward>)

mean_overall=tensor(0.0002, grad_fn=<MeanBackward0>)

-----------------------------------------------ITERATION340-----------------------------------------------

final_causality=[[1, 1, 1, 1, 1, 1, 1, 1, 1, 1, 1, 1, 1], [1, 1, 1, 1, 1, 1, 1, 1, 1, 1, 1, 1, 1, 1, 1, 1, 1, 1, 1, 1, 1, 1, 1, 1, 1, 1, 1, 1, 1, 1, 1, 1, 1, 1, 1, 1, 1, 1, 1, 1, 1, 1, 1, 1, 1, 1, 1, 1, 1, 1], [1, 1, 1, 1, 1, 1, 1, 1, 1, 1, 1, 1, 1, 1, 1, 1, 1, 1, 1, 1, 1, 1, 1, 1, 1, 1, 1, 1, 1, 1, 1, 1, 1, 1, 1, 1, 1, 1, 1, 1, 1, 1, 1, 1, 1, 1, 1, 1, 1, 1]]

means=tensor([9.2409e-04, 9.9820e-04, 6.3031e-04, 8.4540e-04, 1.0003e-03, 2.8555e-04,
        7.5215e-04, 5.5308e-04, 1.0318e-03, 1.1404e-03, 5.4777e-04, 4.7891e-04,
        9.3263e-04, 6.3426e-05, 1.7333e-04, 4.7703e-05, 1.5432e-04, 3.2367e-05,
        1.3942e-05, 1.4550e-04, 5.8332e-06, 4.0133e-05, 8.1813e-04, 3.3194e-04,
        1.8287e-04, 1.6274e-04, 4.4086e-04, 2.9371e-04, 3.0390e-04, 2.6795e-04,
        8.4776e-05, 1.0115e-04, 1.7164e-04, 7.8074e-06, 3.4574e-04, 1.7533e-04,
        7.5278e-04, 4.0375e-04, 1.8965e-05, 2.9202e-05, 8.6892e-06, 1.8080e-04,
        2.9868e-04, 1.6645e-04, 1.1536e-05, 1.3293e-04, 2.1568e-04, 3.5473e-04,
        4.3436e-05, 2.1736e-05, 3.8585e-04, 4.2953e-04, 3.4671e-04, 1.2577e-04,
        1.9221e-04, 1.0811e-04, 1.3654e-04, 1.4521e-04, 4.2446e-04, 1.3340e-04,
        8.4181e-05, 2.6002e-05, 2.3340e-04, 1.1834e-04, 5.2152e-05, 4.7008e-05,
        2.5288e-04, 2.9261e-06, 1.3885e-04, 5.8479e-05, 2.5297e-04, 1.3640e-04,
        9.1958e-05, 1.6112e-06, 7.4672e-05, 2.1978e-04, 3.0176e-04, 2.7176e-04,
        2.1247e-04, 1.8867e-04, 1.2445e-06, 1.5819e-04, 7.5066e-05, 1.1716e-04,
        4.2132e-04, 2.3198e-05, 3.4036e-04, 3.3623e-04, 2.0227e-05, 4.5460e-04,
        2.0017e-04, 3.9200e-05, 3.0822e-04, 1.1749e-04, 7.0938e-04, 4.9902e-05,
        1.8705e-06, 1.1698e-04, 1.9339e-05, 2.3804e-05, 5.3288e-05, 1.0548e-04,
        1.2521e-05, 1.6170e-04, 2.3495e-04, 1.9541e-04, 1.0777e-04, 1.5519e-05,
        4.9661e-05, 9.8286e-05, 3.0248e-04, 4.9808e-05, 6.6273e-05],
       grad_fn=<CatBackward>)

mean_overall=tensor(0.0002, grad_fn=<MeanBackward0>)

-----------------------------------------------ITERATION350-----------------------------------------------

final_causality=[[1, 1, 1, 1, 1, 1, 1, 1, 1, 1, 1, 1, 1], [1, 1, 1, 1, 1, 1, 1, 1, 1, 1, 1, 1, 1, 1, 1, 1, 1, 1, 1, 1, 1, 1, 1, 1, 1, 1, 1, 1, 1, 1, 1, 1, 1, 1, 1, 1, 1, 1, 1, 1, 1, 1, 1, 1, 1, 1, 1, 1, 1, 1], [1, 1, 1, 1, 1, 1, 1, 1, 1, 1, 1, 1, 1, 1, 1, 1, 1, 1, 1, 1, 1, 1, 1, 1, 1, 1, 1, 1, 1, 1, 1, 1, 1, 1, 1, 1, 1, 1, 1, 1, 1, 1, 1, 1, 1, 1, 1, 1, 1, 1]]

means=tensor([9.5792e-04, 1.0507e-03, 6.8184e-04, 8.9062e-04, 1.0471e-03, 3.0277e-04,
        8.0544e-04, 5.7731e-04, 1.0860e-03, 1.1926e-03, 5.7965e-04, 4.9684e-04,
        9.8390e-04, 6.4127e-05, 1.7717e-04, 4.8605e-05, 1.6020e-04, 3.3536e-05,
        1.4029e-05, 1.5184e-04, 7.4495e-06, 4.2383e-05, 8.6455e-04, 3.4911e-04,
        1.9060e-04, 1.7160e-04, 4.5693e-04, 3.0481e-04, 3.1915e-04, 2.7838e-04,
        8.3917e-05, 1.0555e-04, 1.7967e-04, 9.0036e-06, 3.6210e-04, 1.8612e-04,
        7.9240e-04, 4.1874e-04, 1.9634e-05, 3.0041e-05, 9.0431e-06, 1.8584e-04,
        3.1588e-04, 1.7263e-04, 1.1687e-05, 1.4154e-04, 2.2078e-04, 3.6565e-04,
        4.6371e-05, 2.2130e-05, 4.0952e-04, 4.5155e-04, 3.6517e-04, 1.2909e-04,
        2.0139e-04, 1.0505e-04, 1.4547e-04, 1.5028e-04, 4.5193e-04, 1.4032e-04,
        8.9504e-05, 2.6414e-05, 2.4275e-04, 1.2299e-04, 5.4901e-05, 4.8857e-05,
        2.6294e-04, 3.1260e-06, 1.4483e-04, 6.2826e-05, 2.6375e-04, 1.4606e-04,
        9.5874e-05, 1.6229e-06, 7.7266e-05, 2.3186e-04, 3.1624e-04, 2.8519e-04,
        2.1974e-04, 1.9656e-04, 1.2265e-06, 1.6474e-04, 7.8237e-05, 1.2128e-04,
        4.3496e-04, 2.4335e-05, 3.5342e-04, 3.4625e-04, 2.1458e-05, 4.7054e-04,
        2.0781e-04, 4.0647e-05, 3.2505e-04, 1.2379e-04, 7.3371e-04, 4.6609e-05,
        1.8482e-06, 1.2310e-04, 2.0502e-05, 2.4286e-05, 5.6067e-05, 1.1108e-04,
        1.2788e-05, 1.6833e-04, 2.4810e-04, 2.0180e-04, 1.1131e-04, 1.5885e-05,
        5.2651e-05, 1.0271e-04, 3.1359e-04, 5.2509e-05, 6.8965e-05],
       grad_fn=<CatBackward>)

mean_overall=tensor(0.0003, grad_fn=<MeanBackward0>)

-----------------------------------------------ITERATION360-----------------------------------------------

final_causality=[[1, 1, 1, 1, 1, 1, 1, 1, 1, 1, 1, 1, 1], [1, 1, 1, 1, 1, 1, 1, 1, 1, 1, 1, 1, 1, 1, 1, 1, 1, 1, 1, 1, 1, 1, 1, 1, 1, 1, 1, 1, 1, 1, 1, 1, 1, 1, 1, 1, 1, 1, 1, 1, 1, 1, 1, 1, 1, 1, 1, 1, 1, 1], [1, 1, 1, 1, 1, 1, 1, 1, 1, 1, 1, 1, 1, 1, 1, 1, 1, 1, 1, 1, 1, 1, 1, 1, 1, 1, 1, 1, 1, 1, 1, 1, 1, 1, 1, 1, 1, 1, 1, 1, 1, 1, 1, 1, 1, 1, 1, 1, 1, 1]]

means=tensor([9.9256e-04, 1.1047e-03, 7.3459e-04, 9.3718e-04, 1.0950e-03, 3.2065e-04,
        8.6013e-04, 6.0210e-04, 1.1411e-03, 1.2459e-03, 6.1258e-04, 5.1531e-04,
        1.0365e-03, 6.4911e-05, 1.8103e-04, 4.9540e-05, 1.6616e-04, 3.4766e-05,
        1.4107e-05, 1.5849e-04, 9.1358e-06, 4.4668e-05, 9.1279e-04, 3.6699e-04,
        1.9844e-04, 1.8093e-04, 4.7352e-04, 3.1664e-04, 3.3497e-04, 2.8895e-04,
        8.3082e-05, 1.1006e-04, 1.8808e-04, 1.0248e-05, 3.7908e-04, 1.9750e-04,
        8.3382e-04, 4.3416e-04, 2.0313e-05, 3.0923e-05, 9.4227e-06, 1.9204e-04,
        3.3389e-04, 1.7899e-04, 1.1825e-05, 1.5068e-04, 2.2596e-04, 3.7678e-04,
        4.9495e-05, 2.2534e-05, 4.3428e-04, 4.7445e-04, 3.8442e-04, 1.3244e-04,
        2.1086e-04, 1.0206e-04, 1.5485e-04, 1.5546e-04, 4.8066e-04, 1.4732e-04,
        9.4998e-05, 2.6866e-05, 2.5234e-04, 1.2785e-04, 5.7808e-05, 5.0737e-05,
        2.7313e-04, 3.3268e-06, 1.5100e-04, 6.7394e-05, 2.7476e-04, 1.5598e-04,
        9.9905e-05, 1.6332e-06, 7.9922e-05, 2.4437e-04, 3.3090e-04, 2.9893e-04,
        2.2731e-04, 2.0472e-04, 1.2068e-06, 1.7143e-04, 8.1432e-05, 1.2735e-04,
        4.4888e-04, 2.5567e-05, 3.6670e-04, 3.5641e-04, 2.2767e-05, 4.8664e-04,
        2.1552e-04, 4.2154e-05, 3.4213e-04, 1.3022e-04, 7.5857e-04, 4.3104e-05,
        1.8191e-06, 1.2935e-04, 2.1728e-05, 2.4794e-05, 5.8906e-05, 1.1679e-04,
        1.3067e-05, 1.7500e-04, 2.6147e-04, 2.0830e-04, 1.1486e-04, 1.6416e-05,
        5.5760e-05, 1.0723e-04, 3.2496e-04, 5.5742e-05, 7.1720e-05],
       grad_fn=<CatBackward>)

mean_overall=tensor(0.0003, grad_fn=<MeanBackward0>)

-----------------------------------------------ITERATION370-----------------------------------------------

final_causality=[[1, 1, 1, 1, 1, 1, 1, 1, 1, 1, 1, 1, 1], [1, 1, 1, 1, 1, 1, 1, 1, 1, 1, 1, 1, 1, 1, 1, 1, 1, 1, 1, 1, 1, 1, 1, 1, 1, 1, 1, 1, 1, 1, 1, 1, 1, 1, 1, 1, 1, 1, 1, 1, 1, 1, 1, 1, 1, 1, 1, 1, 1, 1], [1, 1, 1, 1, 1, 1, 1, 1, 1, 1, 1, 1, 1, 1, 1, 1, 1, 1, 1, 1, 1, 1, 1, 1, 1, 1, 1, 1, 1, 1, 1, 1, 1, 1, 1, 1, 1, 1, 1, 1, 1, 1, 1, 1, 1, 1, 1, 1, 1, 1]]

means=tensor([1.0280e-03, 1.1601e-03, 7.8855e-04, 9.8506e-04, 1.1441e-03, 3.3920e-04,
        9.1619e-04, 6.2744e-04, 1.1971e-03, 1.3003e-03, 6.4657e-04, 5.3431e-04,
        1.0904e-03, 6.6277e-05, 1.8491e-04, 5.0508e-05, 1.7218e-04, 3.6058e-05,
        1.4175e-05, 1.6546e-04, 1.0904e-05, 4.6989e-05, 9.6281e-04, 3.8557e-04,
        2.0639e-04, 1.9073e-04, 4.9062e-04, 3.2897e-04, 3.5138e-04, 2.9966e-04,
        8.2271e-05, 1.1470e-04, 1.9690e-04, 1.1542e-05, 3.9670e-04, 2.0948e-04,
        8.7669e-04, 4.4999e-04, 2.1004e-05, 3.1849e-05, 9.8279e-06, 1.9846e-04,
        3.5270e-04, 1.8551e-04, 1.1952e-05, 1.6036e-04, 2.3121e-04, 3.8812e-04,
        5.2817e-05, 2.2949e-05, 4.6012e-04, 4.9821e-04, 4.0445e-04, 1.3579e-04,
        2.2062e-04, 9.9129e-05, 1.6469e-04, 1.6076e-04, 5.1066e-04, 1.5438e-04,
        1.0067e-04, 2.7355e-05, 2.6217e-04, 1.3292e-04, 6.0872e-05, 5.2697e-05,
        2.8345e-04, 3.5282e-06, 1.5736e-04, 7.2079e-05, 2.8600e-04, 1.6638e-04,
        1.0405e-04, 1.6421e-06, 8.2639e-05, 2.5731e-04, 3.4574e-04, 3.1298e-04,
        2.3494e-04, 2.1315e-04, 1.1855e-06, 1.7827e-04, 8.4649e-05, 1.3409e-04,
        4.6308e-04, 2.6853e-05, 3.8019e-04, 3.6668e-04, 2.4157e-05, 5.0290e-04,
        2.2332e-04, 4.3723e-05, 3.5944e-04, 1.3674e-04, 7.8395e-04, 4.2315e-05,
        1.7837e-06, 1.3572e-04, 2.3019e-05, 2.5329e-05, 6.1807e-05, 1.2261e-04,
        1.3359e-05, 1.8170e-04, 2.7507e-04, 2.1492e-04, 1.1843e-04, 1.7009e-05,
        5.9149e-05, 1.1183e-04, 3.3755e-04, 5.9079e-05, 7.4536e-05],
       grad_fn=<CatBackward>)

mean_overall=tensor(0.0003, grad_fn=<MeanBackward0>)

-----------------------------------------------ITERATION380-----------------------------------------------

final_causality=[[1, 1, 1, 1, 1, 1, 1, 1, 1, 1, 1, 1, 1], [1, 1, 1, 1, 1, 1, 1, 1, 1, 1, 1, 1, 1, 1, 1, 1, 1, 1, 1, 1, 1, 1, 1, 1, 1, 1, 1, 1, 1, 1, 1, 1, 1, 1, 1, 1, 1, 1, 1, 1, 1, 1, 1, 1, 1, 1, 1, 1, 1, 1], [1, 1, 1, 1, 1, 1, 1, 1, 1, 1, 1, 1, 1, 1, 1, 1, 1, 1, 1, 1, 1, 1, 1, 1, 1, 1, 1, 1, 1, 1, 1, 1, 1, 1, 1, 1, 1, 1, 1, 1, 1, 1, 1, 1, 1, 1, 1, 1, 1, 1]]

means=tensor([1.0642e-03, 1.2169e-03, 8.4371e-04, 1.0343e-03, 1.1942e-03, 3.5843e-04,
        9.7359e-04, 6.5329e-04, 1.2539e-03, 1.3557e-03, 6.8160e-04, 5.5384e-04,
        1.1457e-03, 6.7686e-05, 1.8882e-04, 5.1512e-05, 1.7827e-04, 3.7413e-05,
        1.4234e-05, 1.7276e-04, 1.2765e-05, 4.9349e-05, 1.0146e-03, 4.0485e-04,
        2.1443e-04, 2.0100e-04, 5.0823e-04, 3.4168e-04, 3.6836e-04, 3.1051e-04,
        8.1484e-05, 1.1945e-04, 2.0613e-04, 1.2889e-05, 4.1493e-04, 2.2207e-04,
        9.2096e-04, 4.6624e-04, 2.1707e-05, 3.2817e-05, 1.0259e-05, 2.0511e-04,
        3.7231e-04, 1.9221e-04, 1.2066e-05, 1.7059e-04, 2.3654e-04, 3.9965e-04,
        5.6344e-05, 2.3375e-05, 4.8704e-04, 5.2285e-04, 4.2527e-04, 1.3916e-04,
        2.3067e-04, 9.6265e-05, 1.7499e-04, 1.6617e-04, 5.4191e-04, 1.6151e-04,
        1.0652e-04, 2.7883e-05, 2.7225e-04, 1.3819e-04, 6.4096e-05, 5.4754e-05,
        2.9389e-04, 3.7298e-06, 1.6389e-04, 7.6879e-05, 2.9746e-04, 1.7709e-04,
        1.0831e-04, 1.6495e-06, 8.5415e-05, 2.7068e-04, 3.6074e-04, 3.2733e-04,
        2.4263e-04, 2.2183e-04, 1.1627e-06, 1.8526e-04, 8.7885e-05, 1.4087e-04,
        4.7754e-04, 2.8192e-05, 3.9388e-04, 3.7706e-04, 2.5631e-05, 5.1929e-04,
        2.3119e-04, 4.5353e-05, 3.7697e-04, 1.4333e-04, 8.0983e-04, 4.2625e-05,
        1.7420e-06, 1.4220e-04, 2.4376e-05, 2.5893e-05, 6.4769e-05, 1.2854e-04,
        1.3665e-05, 1.8844e-04, 2.8888e-04, 2.2164e-04, 1.2200e-04, 1.7641e-05,
        6.3049e-05, 1.1652e-04, 3.5031e-04, 6.2515e-05, 7.7414e-05],
       grad_fn=<CatBackward>)

mean_overall=tensor(0.0003, grad_fn=<MeanBackward0>)

-----------------------------------------------ITERATION390-----------------------------------------------

final_causality=[[1, 1, 1, 1, 1, 1, 1, 1, 1, 1, 1, 1, 1], [1, 1, 1, 1, 1, 1, 1, 1, 1, 1, 1, 1, 1, 1, 1, 1, 1, 1, 1, 1, 1, 1, 1, 1, 1, 1, 1, 1, 1, 1, 1, 1, 1, 1, 1, 1, 1, 1, 1, 1, 1, 1, 1, 1, 1, 1, 1, 1, 1, 1], [1, 1, 1, 1, 1, 1, 1, 1, 1, 1, 1, 1, 1, 1, 1, 1, 1, 1, 1, 1, 1, 1, 1, 1, 1, 1, 1, 1, 1, 1, 1, 1, 1, 1, 1, 1, 1, 1, 1, 1, 1, 1, 1, 1, 1, 1, 1, 1, 1, 1]]

means=tensor([1.1012e-03, 1.2752e-03, 9.0005e-04, 1.0847e-03, 1.2454e-03, 3.7835e-04,
        1.0323e-03, 6.7963e-04, 1.3114e-03, 1.4121e-03, 7.1769e-04, 5.7389e-04,
        1.2023e-03, 6.9136e-05, 1.9274e-04, 5.2550e-05, 1.8442e-04, 3.8830e-05,
        1.4283e-05, 1.8040e-04, 1.4731e-05, 5.1750e-05, 1.0681e-03, 4.2497e-04,
        2.2258e-04, 2.1175e-04, 5.2633e-04, 3.5471e-04, 3.8607e-04, 3.2148e-04,
        8.0836e-05, 1.2433e-04, 2.1577e-04, 1.4291e-05, 4.3379e-04, 2.3528e-04,
        9.6661e-04, 4.8287e-04, 2.2421e-05, 3.3825e-05, 1.0715e-05, 2.1198e-04,
        3.9272e-04, 1.9907e-04, 1.2168e-05, 1.8139e-04, 2.4192e-04, 4.1138e-04,
        6.0085e-05, 2.3812e-05, 5.1501e-04, 5.4833e-04, 4.4687e-04, 1.4254e-04,
        2.4101e-04, 9.3505e-05, 1.8576e-04, 1.7169e-04, 5.7440e-04, 1.6871e-04,
        1.1257e-04, 2.8446e-05, 2.8256e-04, 1.4434e-04, 6.7478e-05, 5.6841e-05,
        3.0444e-04, 3.9312e-06, 1.7061e-04, 8.1787e-05, 3.0962e-04, 1.8804e-04,
        1.1268e-04, 1.6555e-06, 8.8247e-05, 2.8470e-04, 3.7588e-04, 3.4197e-04,
        2.5037e-04, 2.3116e-04, 1.1386e-06, 1.9237e-04, 9.1140e-05, 1.4768e-04,
        4.9225e-04, 2.9586e-05, 4.0775e-04, 3.8754e-04, 2.7295e-05, 5.3580e-04,
        2.3912e-04, 4.7045e-05, 3.9469e-04, 1.4999e-04, 8.3618e-04, 4.2962e-05,
        1.6945e-06, 1.4881e-04, 2.5801e-05, 2.6484e-05, 6.7792e-05, 1.3457e-04,
        1.3984e-05, 1.9520e-04, 3.0290e-04, 2.2847e-04, 1.2559e-04, 1.8312e-05,
        6.7159e-05, 1.2130e-04, 3.6321e-04, 6.6047e-05, 8.0350e-05],
       grad_fn=<CatBackward>)

mean_overall=tensor(0.0003, grad_fn=<MeanBackward0>)

-----------------------------------------------ITERATION400-----------------------------------------------

final_causality=[[1, 1, 1, 1, 1, 1, 1, 1, 1, 1, 1, 1, 1], [1, 1, 1, 1, 1, 1, 1, 1, 1, 1, 1, 1, 1, 1, 1, 1, 1, 1, 1, 1, 1, 1, 1, 1, 1, 1, 1, 1, 1, 1, 1, 1, 1, 1, 1, 1, 1, 1, 1, 1, 1, 1, 1, 1, 1, 1, 1, 1, 1, 1], [1, 1, 1, 1, 1, 1, 1, 1, 1, 1, 1, 1, 1, 1, 1, 1, 1, 1, 1, 1, 1, 1, 1, 1, 1, 1, 1, 1, 1, 1, 1, 1, 1, 1, 1, 1, 1, 1, 1, 1, 1, 1, 1, 1, 1, 1, 1, 1, 1, 1]]

means=tensor([1.1389e-03, 1.3349e-03, 9.5751e-04, 1.1364e-03, 1.2976e-03, 3.9897e-04,
        1.0923e-03, 7.0642e-04, 1.3696e-03, 1.4694e-03, 7.5483e-04, 5.9442e-04,
        1.2601e-03, 7.0631e-05, 1.9667e-04, 5.3624e-05, 1.9064e-04, 4.0309e-05,
        1.4322e-05, 1.8896e-04, 1.6815e-05, 5.4192e-05, 1.1232e-03, 4.4715e-04,
        2.3082e-04, 2.2299e-04, 5.4492e-04, 3.6803e-04, 4.0446e-04, 3.3256e-04,
        8.1312e-05, 1.2934e-04, 2.2582e-04, 1.5750e-05, 4.5324e-04, 2.4911e-04,
        1.0136e-03, 4.9988e-04, 2.3148e-05, 3.4872e-05, 1.1197e-05, 2.1908e-04,
        4.1392e-04, 2.0610e-04, 1.2256e-05, 1.9278e-04, 2.4737e-04, 4.2329e-04,
        6.4045e-05, 2.4261e-05, 5.4404e-04, 5.7464e-04, 4.6922e-04, 1.4594e-04,
        2.5164e-04, 9.0827e-05, 1.9700e-04, 1.7733e-04, 6.0810e-04, 1.7597e-04,
        1.1887e-04, 2.9046e-05, 2.9310e-04, 1.5139e-04, 7.1017e-05, 5.8956e-05,
        3.1508e-04, 4.1321e-06, 1.7751e-04, 8.6799e-05, 3.2207e-04, 1.9922e-04,
        1.1715e-04, 1.6599e-06, 9.1133e-05, 2.9923e-04, 3.9116e-04, 3.5687e-04,
        2.5815e-04, 2.4077e-04, 1.1133e-06, 1.9962e-04, 9.4411e-05, 1.5452e-04,
        5.0719e-04, 3.1033e-05, 4.2179e-04, 3.9811e-04, 2.9082e-05, 5.5241e-04,
        2.4711e-04, 4.8798e-05, 4.1259e-04, 1.5670e-04, 8.6299e-04, 4.3325e-05,
        1.6413e-06, 1.5552e-04, 2.7294e-05, 2.7102e-05, 7.0876e-05, 1.4069e-04,
        1.4317e-05, 2.0197e-04, 3.1712e-04, 2.3539e-04, 1.2934e-04, 1.9023e-05,
        7.1406e-05, 1.2615e-04, 3.7625e-04, 6.9671e-05, 8.3344e-05],
       grad_fn=<CatBackward>)

mean_overall=tensor(0.0003, grad_fn=<MeanBackward0>)

-----------------------------------------------ITERATION410-----------------------------------------------

final_causality=[[1, 1, 1, 1, 1, 1, 1, 1, 1, 1, 1, 1, 1], [1, 1, 1, 1, 1, 1, 1, 1, 1, 1, 1, 1, 1, 1, 1, 1, 1, 1, 1, 1, 1, 1, 1, 1, 1, 1, 1, 1, 1, 1, 1, 1, 1, 1, 1, 1, 1, 1, 1, 1, 1, 1, 1, 1, 1, 1, 1, 1, 1, 1], [1, 1, 1, 1, 1, 1, 1, 1, 1, 1, 1, 1, 1, 1, 1, 1, 1, 1, 1, 1, 1, 1, 1, 1, 1, 1, 1, 1, 1, 1, 1, 1, 1, 1, 1, 1, 1, 1, 1, 1, 1, 1, 1, 1, 1, 1, 1, 1, 1, 1]]

means=tensor([1.1773e-03, 1.3960e-03, 1.0161e-03, 1.1893e-03, 1.3506e-03, 4.2028e-04,
        1.1535e-03, 7.3362e-04, 1.4283e-03, 1.5276e-03, 7.9299e-04, 6.1543e-04,
        1.3193e-03, 7.2169e-05, 2.0263e-04, 5.4732e-05, 1.9691e-04, 4.1849e-05,
        1.4351e-05, 1.9826e-04, 1.9029e-05, 5.6678e-05, 1.1799e-03, 4.7006e-04,
        2.3914e-04, 2.3470e-04, 5.6559e-04, 3.8163e-04, 4.2340e-04, 3.4375e-04,
        8.1777e-05, 1.3447e-04, 2.3630e-04, 1.7269e-05, 4.7328e-04, 2.6358e-04,
        1.0618e-03, 5.1724e-04, 2.3887e-05, 3.5955e-05, 1.1703e-05, 2.2639e-04,
        4.3590e-04, 2.1329e-04, 1.2331e-05, 2.0475e-04, 2.5286e-04, 4.3537e-04,
        6.8232e-05, 2.4721e-05, 5.7408e-04, 6.0175e-04, 4.9231e-04, 1.4948e-04,
        2.6255e-04, 8.8209e-05, 2.0871e-04, 1.8308e-04, 6.4297e-04, 1.8329e-04,
        1.2539e-04, 2.9681e-05, 3.0388e-04, 1.5868e-04, 7.4711e-05, 6.1100e-05,
        3.2580e-04, 4.3322e-06, 1.8458e-04, 9.1908e-05, 3.3471e-04, 2.1095e-04,
        1.2173e-04, 1.6627e-06, 9.4069e-05, 3.1415e-04, 4.0655e-04, 3.7203e-04,
        2.6597e-04, 2.5062e-04, 1.0870e-06, 2.0698e-04, 9.7694e-05, 1.6137e-04,
        5.2235e-04, 3.2534e-05, 4.3713e-04, 4.0876e-04, 3.0970e-05, 5.6910e-04,
        2.5514e-04, 5.0610e-05, 4.3065e-04, 1.6346e-04, 8.9022e-04, 4.3713e-05,
        1.5830e-06, 1.6234e-04, 2.8855e-05, 2.7749e-05, 7.4018e-05, 1.4692e-04,
        1.4696e-05, 2.0876e-04, 3.3153e-04, 2.4240e-04, 1.3325e-04, 1.9774e-05,
        7.5786e-05, 1.3107e-04, 3.8943e-04, 7.3381e-05, 8.6392e-05],
       grad_fn=<CatBackward>)

mean_overall=tensor(0.0003, grad_fn=<MeanBackward0>)

-----------------------------------------------ITERATION420-----------------------------------------------

final_causality=[[1, 1, 1, 1, 1, 1, 1, 1, 1, 1, 1, 1, 1], [1, 1, 1, 1, 1, 1, 1, 1, 1, 1, 1, 1, 1, 1, 1, 1, 1, 1, 1, 1, 1, 1, 1, 1, 1, 1, 1, 1, 1, 1, 1, 1, 1, 1, 1, 1, 1, 1, 1, 1, 1, 1, 1, 1, 1, 1, 1, 1, 1, 1], [1, 1, 1, 1, 1, 1, 1, 1, 1, 1, 1, 1, 1, 1, 1, 1, 1, 1, 1, 1, 1, 1, 1, 1, 1, 1, 1, 1, 1, 1, 1, 1, 1, 1, 1, 1, 1, 1, 1, 1, 1, 1, 1, 1, 1, 1, 1, 1, 1, 1]]

means=tensor([1.2165e-03, 1.4585e-03, 1.0757e-03, 1.2433e-03, 1.4046e-03, 4.4228e-04,
        1.2158e-03, 7.6118e-04, 1.4875e-03, 1.5865e-03, 8.3218e-04, 6.3689e-04,
        1.3797e-03, 7.4860e-05, 2.0862e-04, 5.5874e-05, 2.0324e-04, 4.3451e-05,
        1.4370e-05, 2.0797e-04, 2.1385e-05, 5.9414e-05, 1.2381e-03, 4.9370e-04,
        2.4755e-04, 2.4690e-04, 5.8698e-04, 3.9550e-04, 4.4287e-04, 3.5503e-04,
        8.2233e-05, 1.3973e-04, 2.4718e-04, 1.8849e-05, 4.9388e-04, 2.7868e-04,
        1.1113e-03, 5.3492e-04, 2.4638e-05, 3.7074e-05, 1.2234e-05, 2.3392e-04,
        4.5862e-04, 2.2064e-04, 1.2391e-05, 2.1731e-04, 2.5840e-04, 4.4762e-04,
        7.2650e-05, 2.5192e-05, 6.0511e-04, 6.2964e-04, 5.1611e-04, 1.5302e-04,
        2.7373e-04, 8.5651e-05, 2.2089e-04, 1.8893e-04, 6.7896e-04, 1.9067e-04,
        1.3211e-04, 3.0350e-05, 3.1487e-04, 1.6618e-04, 7.8557e-05, 6.3269e-05,
        3.3658e-04, 4.5312e-06, 1.9183e-04, 9.7106e-05, 3.4753e-04, 2.2310e-04,
        1.2641e-04, 1.6639e-06, 9.7052e-05, 3.2944e-04, 4.2204e-04, 3.8742e-04,
        2.7381e-04, 2.6069e-04, 1.0598e-06, 2.1447e-04, 1.0099e-04, 1.6823e-04,
        5.3771e-04, 3.4088e-05, 4.5308e-04, 4.1946e-04, 3.2961e-05, 5.8586e-04,
        2.6321e-04, 5.2503e-05, 4.4884e-04, 1.7025e-04, 9.1783e-04, 4.4125e-05,
        1.5199e-06, 1.6925e-04, 3.0485e-05, 2.8495e-05, 7.7217e-05, 1.5322e-04,
        1.5145e-05, 2.1556e-04, 3.4610e-04, 2.4949e-04, 1.3715e-04, 2.0565e-05,
        8.0296e-05, 1.3606e-04, 4.0271e-04, 7.7173e-05, 8.9492e-05],
       grad_fn=<CatBackward>)

mean_overall=tensor(0.0003, grad_fn=<MeanBackward0>)

-----------------------------------------------ITERATION430-----------------------------------------------

final_causality=[[1, 1, 1, 1, 1, 1, 1, 1, 1, 1, 1, 1, 1], [1, 1, 1, 1, 1, 1, 1, 1, 1, 1, 1, 1, 1, 1, 1, 1, 1, 1, 1, 1, 1, 1, 1, 1, 1, 1, 1, 1, 1, 1, 1, 1, 1, 1, 1, 1, 1, 1, 1, 1, 1, 1, 1, 1, 1, 1, 1, 1, 1, 1], [1, 1, 1, 1, 1, 1, 1, 1, 1, 1, 1, 1, 1, 1, 1, 1, 1, 1, 1, 1, 1, 1, 1, 1, 1, 1, 1, 1, 1, 1, 1, 1, 1, 1, 1, 1, 1, 1, 1, 1, 1, 1, 1, 1, 1, 1, 1, 1, 1, 1]]

means=tensor([1.2562e-03, 1.5222e-03, 1.1363e-03, 1.2984e-03, 1.4593e-03, 4.6497e-04,
        1.2793e-03, 7.8905e-04, 1.5469e-03, 1.6460e-03, 8.7235e-04, 6.5877e-04,
        1.4413e-03, 7.8515e-05, 2.1460e-04, 5.7049e-05, 2.0961e-04, 4.5112e-05,
        1.4379e-05, 2.1809e-04, 2.3894e-05, 6.2337e-05, 1.2978e-03, 5.1802e-04,
        2.5603e-04, 2.6063e-04, 6.0892e-04, 4.0962e-04, 4.6285e-04, 3.6639e-04,
        8.2680e-05, 1.4511e-04, 2.5847e-04, 2.0493e-05, 5.1500e-04, 2.9440e-04,
        1.1618e-03, 5.5291e-04, 2.5402e-05, 3.8224e-05, 1.2788e-05, 2.4165e-04,
        4.8207e-04, 2.2814e-04, 1.2438e-05, 2.3046e-04, 2.6397e-04, 4.6002e-04,
        7.7302e-05, 2.5676e-05, 6.3708e-04, 6.5826e-04, 5.4059e-04, 1.5656e-04,
        2.8517e-04, 8.3152e-05, 2.3353e-04, 1.9489e-04, 7.1603e-04, 1.9809e-04,
        1.3902e-04, 3.1051e-05, 3.2607e-04, 1.7389e-04, 8.2550e-05, 6.5462e-05,
        3.4740e-04, 4.7287e-06, 1.9923e-04, 1.0238e-04, 3.6052e-04, 2.3544e-04,
        1.3119e-04, 1.6635e-06, 1.0008e-04, 3.4509e-04, 4.3760e-04, 4.0302e-04,
        2.8166e-04, 2.7099e-04, 1.0319e-06, 2.2252e-04, 1.0429e-04, 1.7508e-04,
        5.5325e-04, 3.5693e-05, 4.6915e-04, 4.3021e-04, 3.5058e-05, 6.0265e-04,
        2.7130e-04, 5.4726e-05, 4.6713e-04, 1.7707e-04, 9.4579e-04, 4.4561e-05,
        1.4525e-06, 1.7625e-04, 3.2184e-05, 2.9299e-05, 8.0472e-05, 1.5961e-04,
        1.5611e-05, 2.2234e-04, 3.6082e-04, 2.5666e-04, 1.4102e-04, 2.1397e-05,
        8.4931e-05, 1.4110e-04, 4.1610e-04, 8.1040e-05, 9.2640e-05],
       grad_fn=<CatBackward>)

mean_overall=tensor(0.0004, grad_fn=<MeanBackward0>)

-----------------------------------------------ITERATION440-----------------------------------------------

final_causality=[[1, 1, 1, 1, 1, 1, 1, 1, 1, 1, 1, 1, 1], [1, 1, 1, 1, 1, 1, 1, 1, 1, 1, 1, 1, 1, 1, 1, 1, 1, 1, 1, 1, 1, 1, 1, 1, 1, 1, 1, 1, 1, 1, 1, 1, 1, 1, 1, 1, 1, 1, 1, 1, 1, 1, 1, 1, 1, 1, 1, 1, 1, 1], [1, 1, 1, 1, 1, 1, 1, 1, 1, 1, 1, 1, 1, 1, 1, 1, 1, 1, 1, 1, 1, 1, 1, 1, 1, 1, 1, 1, 1, 1, 1, 1, 1, 1, 1, 1, 1, 1, 1, 1, 1, 1, 1, 1, 1, 1, 1, 1, 1, 1]]

means=tensor([1.2966e-03, 1.5872e-03, 1.1977e-03, 1.3545e-03, 1.5147e-03, 4.8833e-04,
        1.3437e-03, 8.1716e-04, 1.6065e-03, 1.7060e-03, 9.1350e-04, 6.8103e-04,
        1.5041e-03, 8.2218e-05, 2.2056e-04, 5.8254e-05, 2.1602e-04, 4.6833e-05,
        1.4453e-05, 2.2863e-04, 2.6568e-05, 6.5342e-05, 1.3587e-03, 5.4299e-04,
        2.6458e-04, 2.7630e-04, 6.3133e-04, 4.2396e-04, 4.8331e-04, 3.7781e-04,
        8.3118e-05, 1.5061e-04, 2.7016e-04, 2.2203e-05, 5.3662e-04, 3.1075e-04,
        1.2135e-03, 5.7117e-04, 2.6178e-05, 3.9404e-05, 1.3364e-05, 2.4958e-04,
        5.0621e-04, 2.3579e-04, 1.2471e-05, 2.4420e-04, 2.6956e-04, 4.7255e-04,
        8.2194e-05, 2.6171e-05, 6.6995e-04, 6.8757e-04, 5.6570e-04, 1.6009e-04,
        2.9686e-04, 8.0712e-05, 2.4660e-04, 2.0094e-04, 7.5424e-04, 2.0556e-04,
        1.4613e-04, 3.1783e-05, 3.3746e-04, 1.8181e-04, 8.6686e-05, 6.7677e-05,
        3.5825e-04, 4.9245e-06, 2.0680e-04, 1.0774e-04, 3.7367e-04, 2.4798e-04,
        1.3605e-04, 1.6615e-06, 1.0314e-04, 3.6107e-04, 4.5321e-04, 4.1880e-04,
        2.8952e-04, 2.8148e-04, 1.0035e-06, 2.3065e-04, 1.0759e-04, 1.8192e-04,
        5.6895e-04, 3.7348e-05, 4.8530e-04, 4.4099e-04, 3.7261e-05, 6.1946e-04,
        2.7941e-04, 5.7008e-05, 4.8549e-04, 1.8390e-04, 9.7406e-04, 4.8592e-05,
        1.3812e-06, 1.8333e-04, 3.3951e-05, 3.0134e-05, 8.3777e-05, 1.6607e-04,
        1.6093e-05, 2.2911e-04, 3.7567e-04, 2.6388e-04, 1.4487e-04, 2.2268e-05,
        8.9686e-05, 1.4620e-04, 4.2957e-04, 8.4975e-05, 9.5833e-05],
       grad_fn=<CatBackward>)

mean_overall=tensor(0.0004, grad_fn=<MeanBackward0>)

