-----------------------------------------------ITERATION0-----------------------------------------------

final_causality=[[1, 1, 1, 1, 1, 1, 1, 1, 1, 1, 1, 1, 1], [1, 1, 1, 1, 1, 1, 1, 1, 1, 1, 1, 1, 1, 1, 1, 1, 1, 1, 1, 1, 1, 1, 1, 1, 1, 1, 1, 1, 1, 1, 1, 1, 1, 1, 1, 1, 1, 1, 1, 1, 1, 1, 1, 1, 1, 1, 1, 1, 1, 1], [1, 1, 1, 1, 1, 1, 1, 1, 1, 1, 1, 1, 1, 1, 1, 1, 1, 1, 1, 1, 1, 1, 1, 1, 1, 1, 1, 1, 1, 1, 1, 1, 1, 1, 1, 1, 1, 1, 1, 1, 1, 1, 1, 1, 1, 1, 1, 1, 1, 1]]

means=tensor([9.4198e-05, 9.9609e-05, 2.0467e-04, 7.9857e-05, 2.8529e-04, 5.1713e-05,
        8.0897e-05, 4.7861e-06, 2.3451e-04, 2.2215e-06, 2.8283e-04, 1.9669e-04,
        1.2447e-04, 1.0653e-04, 1.7357e-06, 2.9862e-05, 6.7606e-07, 3.4503e-05,
        1.2195e-04, 3.6095e-05, 1.6546e-05, 5.6892e-05, 6.4337e-05, 6.7206e-05,
        1.2351e-04, 1.7437e-04, 9.1800e-05, 2.3162e-04, 1.1793e-04, 2.2853e-05,
        1.6686e-05, 5.2975e-05, 4.9554e-05, 9.1079e-05, 1.0577e-05, 1.3932e-04,
        6.8308e-05, 9.8576e-05, 3.3543e-05, 5.7358e-05, 2.4730e-05, 7.1262e-05,
        8.0363e-05, 3.8049e-05, 1.8345e-04, 3.0070e-05, 4.3654e-05, 1.3386e-04,
        9.4488e-05, 1.6961e-05, 2.1264e-06, 9.8639e-05, 7.9065e-07, 7.5050e-05,
        3.1691e-06, 2.4167e-05, 2.5056e-05, 2.4153e-04, 1.0469e-04, 4.0277e-05,
        2.2366e-05, 1.1262e-04, 2.4774e-04, 1.8363e-04, 3.0567e-05, 1.0656e-04,
        1.1678e-04, 4.3327e-05, 5.3444e-05, 3.5175e-06, 1.9297e-05, 4.7564e-05,
        6.9761e-05, 3.9120e-05, 2.8016e-06, 1.0667e-04, 1.0531e-04, 7.1949e-05,
        3.4290e-05, 2.3423e-05, 6.5876e-05, 1.9436e-04, 1.1279e-04, 4.8410e-05,
        8.5317e-05, 6.7325e-05, 9.4955e-06, 3.6780e-05, 7.2132e-05, 9.7008e-05,
        1.0260e-04, 1.0085e-04, 2.1861e-05, 2.2868e-05, 1.2406e-04, 9.6837e-05,
        6.1992e-07, 2.6724e-05, 1.9045e-05, 1.3035e-04, 6.8415e-05, 5.5291e-05,
        7.5355e-05, 3.0638e-05, 1.1559e-04, 5.3589e-05, 7.7030e-06, 2.5662e-05,
        1.1123e-04, 1.9124e-05, 3.4435e-05, 8.7033e-05, 2.2555e-05],
       grad_fn=<CatBackward>)

mean_overall=tensor(7.5869e-05, grad_fn=<MeanBackward0>)

-----------------------------------------------ITERATION10-----------------------------------------------

final_causality=[[1, 1, 1, 1, 1, 1, 1, 1, 1, 1, 1, 1, 1], [1, 1, 1, 1, 1, 1, 1, 1, 1, 1, 1, 1, 1, 1, 1, 1, 1, 1, 1, 1, 1, 1, 1, 1, 1, 1, 1, 1, 1, 1, 1, 1, 1, 1, 1, 1, 1, 1, 1, 1, 1, 1, 1, 1, 1, 1, 1, 1, 1, 1], [1, 1, 1, 1, 1, 1, 1, 1, 1, 1, 1, 1, 1, 1, 1, 1, 1, 1, 1, 1, 1, 1, 1, 1, 1, 1, 1, 1, 1, 1, 1, 1, 1, 1, 1, 1, 1, 1, 1, 1, 1, 1, 1, 1, 1, 1, 1, 1, 1, 1]]

means=tensor([1.3204e-04, 8.3061e-05, 2.1971e-04, 1.8075e-04, 1.5956e-04, 4.1326e-05,
        9.0499e-05, 1.3706e-05, 2.7572e-04, 2.7423e-05, 4.1085e-04, 1.9979e-04,
        1.1806e-04, 7.7644e-05, 3.6403e-05, 5.6332e-05, 2.4478e-05, 1.2586e-05,
        1.4290e-04, 1.5757e-05, 1.5743e-05, 3.7172e-05, 9.3579e-05, 9.0347e-05,
        9.3955e-05, 2.1055e-04, 1.1126e-04, 1.7488e-04, 7.9870e-05, 5.6747e-05,
        3.3730e-05, 2.9953e-05, 5.4069e-06, 1.3332e-04, 3.1644e-05, 1.7287e-04,
        4.4373e-05, 6.4013e-05, 5.5351e-05, 1.8810e-05, 5.9994e-05, 9.8695e-05,
        1.0169e-04, 6.4773e-05, 2.0402e-04, 1.1587e-05, 7.1955e-05, 1.7292e-04,
        5.1528e-05, 8.4421e-06, 3.2354e-05, 7.2533e-05, 2.8694e-05, 6.0472e-05,
        2.2784e-05, 5.6901e-05, 4.3716e-05, 2.8134e-04, 1.4050e-04, 7.0197e-05,
        5.3697e-05, 1.4677e-04, 2.8654e-04, 1.6414e-04, 2.5146e-05, 1.0025e-04,
        1.1225e-04, 3.9793e-05, 4.7752e-05, 9.3203e-06, 2.4902e-05, 5.2020e-05,
        6.4699e-05, 3.2457e-05, 5.2274e-06, 1.0711e-04, 1.1194e-04, 7.0820e-05,
        3.9140e-05, 2.8017e-05, 6.6594e-05, 1.9641e-04, 1.0719e-04, 5.4884e-05,
        9.3513e-05, 7.3434e-05, 1.6120e-05, 3.9697e-05, 7.1518e-05, 9.2241e-05,
        9.8496e-05, 1.0477e-04, 2.0850e-05, 2.0122e-05, 1.2029e-04, 1.0125e-04,
        5.6841e-06, 2.2583e-05, 1.3269e-05, 1.2762e-04, 7.0619e-05, 6.5774e-05,
        7.1956e-05, 2.6830e-05, 1.2671e-04, 6.2627e-05, 3.8489e-06, 2.2281e-05,
        1.1881e-04, 1.6719e-05, 3.3364e-05, 8.8815e-05, 1.8186e-05],
       grad_fn=<CatBackward>)

mean_overall=tensor(8.1614e-05, grad_fn=<MeanBackward0>)

-----------------------------------------------ITERATION20-----------------------------------------------

final_causality=[[1, 1, 1, 1, 1, 1, 1, 1, 1, 1, 1, 1, 1], [1, 1, 1, 1, 1, 1, 1, 1, 1, 1, 1, 1, 1, 1, 1, 1, 1, 1, 1, 1, 1, 1, 1, 1, 1, 1, 1, 1, 1, 1, 1, 1, 1, 1, 1, 1, 1, 1, 1, 1, 1, 1, 1, 1, 1, 1, 1, 1, 1, 1], [1, 1, 1, 1, 1, 1, 1, 1, 1, 1, 1, 1, 1, 1, 1, 1, 1, 1, 1, 1, 1, 1, 1, 1, 1, 1, 1, 1, 1, 1, 1, 1, 1, 1, 1, 1, 1, 1, 1, 1, 1, 1, 1, 1, 1, 1, 1, 1, 1, 1]]

means=tensor([1.6392e-04, 6.2207e-05, 2.3369e-04, 2.7207e-04, 1.1222e-04, 4.1070e-05,
        1.1087e-04, 1.6604e-05, 3.3666e-04, 5.0942e-05, 5.0025e-04, 1.9881e-04,
        1.1567e-04, 5.8265e-05, 6.0266e-05, 7.3451e-05, 4.1293e-05, 2.0642e-06,
        1.5662e-04, 2.5819e-06, 4.0058e-05, 2.5627e-05, 1.1452e-04, 1.0468e-04,
        7.5479e-05, 2.3703e-04, 1.2438e-04, 1.4199e-04, 5.5955e-05, 7.8809e-05,
        4.4407e-05, 1.6076e-05, 1.3878e-05, 1.6085e-04, 4.5396e-05, 1.9447e-04,
        2.8417e-05, 4.1420e-05, 7.0340e-05, 5.9774e-06, 8.2868e-05, 1.1825e-04,
        1.1596e-04, 8.2644e-05, 2.1970e-04, 1.8887e-07, 9.1182e-05, 1.9573e-04,
        2.5726e-05, 2.5069e-05, 5.1643e-05, 5.4831e-05, 4.7882e-05, 5.1542e-05,
        3.9658e-05, 7.7480e-05, 5.5021e-05, 3.0538e-04, 1.6571e-04, 9.0774e-05,
        7.3963e-05, 1.6947e-04, 3.1035e-04, 1.5267e-04, 2.1794e-05, 9.4630e-05,
        1.0878e-04, 3.7451e-05, 4.3995e-05, 1.3161e-05, 2.8811e-05, 5.5069e-05,
        6.1609e-05, 2.9545e-05, 6.8385e-06, 1.0818e-04, 1.1682e-04, 7.0250e-05,
        4.2346e-05, 3.0542e-05, 6.7784e-05, 1.9444e-04, 1.0412e-04, 5.8563e-05,
        9.8038e-05, 7.8936e-05, 2.0351e-05, 4.1160e-05, 6.9757e-05, 8.7714e-05,
        9.5315e-05, 1.0706e-04, 1.9600e-05, 1.8221e-05, 1.1740e-04, 1.0548e-04,
        1.0013e-05, 1.9661e-05, 9.3955e-06, 1.2689e-04, 7.1619e-05, 7.3604e-05,
        6.9583e-05, 2.4118e-05, 1.3383e-04, 6.7510e-05, 1.4809e-06, 1.9928e-05,
        1.2323e-04, 1.4919e-05, 3.2146e-05, 8.8685e-05, 1.5454e-05],
       grad_fn=<CatBackward>)

mean_overall=tensor(8.7512e-05, grad_fn=<MeanBackward0>)

-----------------------------------------------ITERATION30-----------------------------------------------

final_causality=[[1, 1, 1, 1, 1, 1, 1, 1, 1, 1, 1, 1, 1], [1, 1, 1, 1, 1, 1, 1, 1, 1, 1, 1, 1, 1, 1, 1, 1, 1, 1, 1, 1, 1, 1, 1, 1, 1, 1, 1, 1, 1, 1, 1, 1, 1, 1, 1, 1, 1, 1, 1, 1, 1, 1, 1, 1, 1, 1, 1, 1, 1, 1], [1, 1, 1, 1, 1, 1, 1, 1, 1, 1, 1, 1, 1, 1, 1, 1, 1, 1, 1, 1, 1, 1, 1, 1, 1, 1, 1, 1, 1, 1, 1, 1, 1, 1, 1, 1, 1, 1, 1, 1, 1, 1, 1, 1, 1, 1, 1, 1, 1, 1]]

means=tensor([1.8098e-04, 4.8118e-05, 2.2720e-04, 3.3543e-04, 1.6333e-04, 5.0855e-05,
        1.5517e-04, 2.0801e-05, 3.9867e-04, 3.8293e-05, 5.1049e-04, 2.1553e-04,
        1.0707e-04, 5.8783e-05, 6.8723e-05, 7.4971e-05, 4.6801e-05, 5.7249e-06,
        1.6033e-04, 6.2723e-07, 4.8538e-05, 2.7236e-05, 1.2247e-04, 1.0517e-04,
        7.5570e-05, 2.4950e-04, 1.2808e-04, 1.4551e-04, 5.3677e-05, 8.1016e-05,
        4.6080e-05, 1.6040e-05, 1.4735e-05, 1.6587e-04, 4.6249e-05, 1.9782e-04,
        2.8232e-05, 4.0173e-05, 7.4894e-05, 8.5363e-06, 8.5811e-05, 1.2596e-04,
        1.2028e-04, 8.5908e-05, 2.2644e-04, 1.7820e-06, 9.6037e-05, 1.9456e-04,
        2.6764e-05, 2.6436e-05, 5.5728e-05, 5.4619e-05, 5.2830e-05, 5.2184e-05,
        3.9943e-05, 7.7162e-05, 5.4184e-05, 3.0562e-04, 1.7210e-04, 9.5413e-05,
        7.6244e-05, 1.7589e-04, 3.1281e-04, 1.5194e-04, 2.1475e-05, 9.2070e-05,
        1.0614e-04, 3.7304e-05, 4.3137e-05, 1.3297e-05, 2.9098e-05, 5.6038e-05,
        6.2693e-05, 2.9501e-05, 6.8815e-06, 1.1252e-04, 1.1422e-04, 7.1915e-05,
        4.2291e-05, 2.8552e-05, 6.5488e-05, 1.8866e-04, 1.0448e-04, 5.8734e-05,
        9.6309e-05, 8.5919e-05, 2.0985e-05, 4.1154e-05, 6.8109e-05, 8.4128e-05,
        9.4487e-05, 1.0743e-04, 1.8896e-05, 1.8315e-05, 1.1698e-04, 1.0601e-04,
        9.8809e-06, 1.9352e-05, 9.1182e-06, 1.3202e-04, 7.3326e-05, 7.3864e-05,
        6.9361e-05, 2.3936e-05, 1.3224e-04, 6.4964e-05, 1.2343e-06, 1.9605e-05,
        1.2282e-04, 1.4606e-05, 3.2061e-05, 8.7891e-05, 1.5472e-05],
       grad_fn=<CatBackward>)

mean_overall=tensor(9.0752e-05, grad_fn=<MeanBackward0>)

-----------------------------------------------ITERATION40-----------------------------------------------

final_causality=[[1, 1, 1, 1, 1, 1, 1, 1, 1, 1, 1, 1, 1], [1, 1, 1, 1, 1, 1, 1, 1, 1, 1, 1, 1, 1, 1, 1, 1, 1, 1, 1, 1, 1, 1, 1, 1, 1, 1, 1, 1, 1, 1, 1, 1, 1, 1, 1, 1, 1, 1, 1, 1, 1, 1, 1, 1, 1, 1, 1, 1, 1, 1], [1, 1, 1, 1, 1, 1, 1, 1, 1, 1, 1, 1, 1, 1, 1, 1, 1, 1, 1, 1, 1, 1, 1, 1, 1, 1, 1, 1, 1, 1, 1, 1, 1, 1, 1, 1, 1, 1, 1, 1, 1, 1, 1, 1, 1, 1, 1, 1, 1, 1]]

means=tensor([1.9020e-04, 3.9141e-05, 2.1143e-04, 3.7968e-04, 2.4816e-04, 6.4485e-05,
        1.9976e-04, 2.6584e-05, 4.4687e-04, 9.9028e-06, 4.8151e-04, 2.4059e-04,
        9.8274e-05, 6.9279e-05, 6.9379e-05, 6.8949e-05, 4.6136e-05, 3.3202e-06,
        1.5934e-04, 4.1650e-06, 4.9080e-05, 3.5625e-05, 1.2324e-04, 9.9280e-05,
        8.4592e-05, 2.5367e-04, 1.2640e-04, 1.6711e-04, 6.1681e-05, 7.4007e-05,
        4.3720e-05, 2.2913e-05, 5.8909e-06, 1.6005e-04, 4.1310e-05, 1.9269e-04,
        3.6066e-05, 4.9396e-05, 7.3958e-05, 1.0112e-07, 7.9855e-05, 1.2749e-04,
        1.1910e-04, 8.1666e-05, 2.2819e-04, 5.5815e-08, 9.3910e-05, 1.8262e-04,
        4.1283e-05, 2.0947e-05, 5.1556e-05, 6.3416e-05, 5.0240e-05, 5.7678e-05,
        3.3210e-05, 6.7626e-05, 4.7845e-05, 2.9475e-04, 1.6931e-04, 9.2044e-05,
        6.9443e-05, 1.7379e-04, 3.0571e-04, 1.5575e-04, 2.2631e-05, 9.1667e-05,
        1.0457e-04, 3.8302e-05, 4.3830e-05, 1.1711e-05, 2.7581e-05, 5.6177e-05,
        6.5886e-05, 3.0855e-05, 6.1804e-06, 1.1772e-04, 1.1991e-04, 7.4191e-05,
        4.0678e-05, 2.4864e-05, 6.5802e-05, 1.8247e-04, 1.0637e-04, 5.7504e-05,
        9.2123e-05, 9.3482e-05, 1.9707e-05, 4.0415e-05, 6.6923e-05, 8.1697e-05,
        9.4904e-05, 1.0689e-04, 1.8528e-05, 1.9429e-05, 1.1768e-04, 1.0510e-04,
        7.6468e-06, 2.0262e-05, 1.0667e-05, 1.3906e-04, 7.8646e-05, 7.0460e-05,
        7.0298e-05, 2.4900e-05, 1.2777e-04, 6.0435e-05, 2.0138e-06, 2.0342e-05,
        1.2010e-04, 1.5374e-05, 3.2811e-05, 8.7241e-05, 1.6851e-05],
       grad_fn=<CatBackward>)

mean_overall=tensor(9.2177e-05, grad_fn=<MeanBackward0>)

-----------------------------------------------ITERATION50-----------------------------------------------

final_causality=[[1, 1, 1, 1, 1, 1, 1, 1, 1, 1, 1, 1, 1], [1, 1, 1, 1, 1, 1, 1, 1, 1, 1, 1, 1, 1, 1, 1, 1, 1, 1, 1, 1, 1, 1, 1, 1, 1, 1, 1, 1, 1, 1, 1, 1, 1, 1, 1, 1, 1, 1, 1, 1, 1, 1, 1, 1, 1, 1, 1, 1, 1, 1], [1, 1, 1, 1, 1, 1, 1, 1, 1, 1, 1, 1, 1, 1, 1, 1, 1, 1, 1, 1, 1, 1, 1, 1, 1, 1, 1, 1, 1, 1, 1, 1, 1, 1, 1, 1, 1, 1, 1, 1, 1, 1, 1, 1, 1, 1, 1, 1, 1, 1]]

means=tensor([2.0661e-04, 2.3692e-05, 2.0076e-04, 4.3289e-04, 3.2116e-04, 7.9913e-05,
        2.4642e-04, 3.1723e-05, 5.0222e-04, 1.0133e-05, 4.7090e-04, 2.6362e-04,
        9.1221e-05, 7.6349e-05, 7.4516e-05, 6.5962e-05, 4.8634e-05, 4.3091e-06,
        1.6119e-04, 5.5869e-06, 5.5035e-05, 4.2729e-05, 1.2796e-04, 9.6007e-05,
        9.0692e-05, 2.6245e-04, 1.2718e-04, 1.8449e-04, 6.6140e-05, 7.1121e-05,
        4.3407e-05, 2.7918e-05, 1.2296e-06, 1.5878e-04, 3.8778e-05, 1.9127e-04,
        4.1034e-05, 5.4743e-05, 7.6536e-05, 5.7056e-06, 7.8442e-05, 1.3289e-04,
        1.2045e-04, 8.0481e-05, 2.3267e-04, 9.1688e-07, 9.7070e-05, 1.7492e-04,
        5.2294e-05, 1.8748e-05, 5.1164e-05, 6.9169e-05, 5.1213e-05, 6.1749e-05,
        2.9766e-05, 6.2163e-05, 4.3576e-05, 2.8809e-04, 1.7069e-04, 9.2266e-05,
        6.5977e-05, 1.7592e-04, 3.0243e-04, 1.5793e-04, 2.3323e-05, 9.0553e-05,
        1.0231e-04, 3.9059e-05, 4.3999e-05, 1.0826e-05, 2.6879e-05, 5.6639e-05,
        6.8630e-05, 3.1802e-05, 5.8029e-06, 1.2309e-04, 1.2912e-04, 7.6235e-05,
        3.9710e-05, 2.5392e-05, 6.9097e-05, 1.7577e-04, 1.0758e-04, 5.6819e-05,
        8.8877e-05, 1.0123e-04, 1.9161e-05, 3.9898e-05, 6.5449e-05, 7.8849e-05,
        9.4908e-05, 1.0671e-04, 1.8016e-05, 2.0259e-05, 1.2221e-04, 1.1041e-04,
        6.3149e-06, 2.0771e-05, 1.1619e-05, 1.4536e-04, 8.3844e-05, 6.8246e-05,
        7.0733e-05, 2.5469e-05, 1.2401e-04, 5.9317e-05, 2.4541e-06, 2.0691e-05,
        1.1801e-04, 1.6824e-05, 3.4058e-05, 8.6284e-05, 1.7871e-05],
       grad_fn=<CatBackward>)

mean_overall=tensor(9.5332e-05, grad_fn=<MeanBackward0>)

-----------------------------------------------ITERATION60-----------------------------------------------

final_causality=[[1, 1, 1, 1, 1, 1, 1, 1, 1, 1, 1, 1, 1], [1, 1, 1, 1, 1, 1, 1, 1, 1, 1, 1, 1, 1, 1, 1, 1, 1, 1, 1, 1, 1, 1, 1, 1, 1, 1, 1, 1, 1, 1, 1, 1, 1, 1, 1, 1, 1, 1, 1, 1, 1, 1, 1, 1, 1, 1, 1, 1, 1, 1], [1, 1, 1, 1, 1, 1, 1, 1, 1, 1, 1, 1, 1, 1, 1, 1, 1, 1, 1, 1, 1, 1, 1, 1, 1, 1, 1, 1, 1, 1, 1, 1, 1, 1, 1, 1, 1, 1, 1, 1, 1, 1, 1, 1, 1, 1, 1, 1, 1, 1]]

means=tensor([2.3317e-04, 2.2789e-07, 1.9456e-04, 5.0455e-04, 3.8329e-04, 9.7129e-05,
        3.0012e-04, 3.6980e-05, 5.7405e-04, 6.3447e-05, 4.8449e-04, 2.8727e-04,
        8.3555e-05, 7.8004e-05, 8.5780e-05, 6.6999e-05, 5.5783e-05, 9.8061e-06,
        1.6775e-04, 4.0843e-06, 6.9502e-05, 4.7837e-05, 1.3946e-04, 9.6301e-05,
        9.2044e-05, 2.7950e-04, 1.3202e-04, 1.9551e-04, 6.5863e-05, 7.4633e-05,
        4.6080e-05, 3.0088e-05, 2.6756e-06, 1.6359e-04, 3.8949e-05, 1.9494e-04,
        4.0837e-05, 5.3816e-05, 8.4520e-05, 4.9087e-06, 8.2157e-05, 1.4529e-04,
        1.2669e-04, 8.3860e-05, 2.4130e-04, 2.2948e-08, 1.0684e-04, 1.7556e-04,
        5.7680e-05, 2.0146e-05, 5.7636e-05, 6.9801e-05, 5.8885e-05, 6.2969e-05,
        3.0732e-05, 6.2162e-05, 4.1892e-05, 2.8657e-04, 1.7946e-04, 9.7683e-05,
        6.7283e-05, 1.8701e-04, 3.0391e-04, 1.6209e-04, 2.3946e-05, 8.7740e-05,
        9.8893e-05, 3.9535e-05, 4.3081e-05, 1.0860e-05, 2.7197e-05, 5.8006e-05,
        7.1075e-05, 3.2750e-05, 5.7812e-06, 1.3006e-04, 1.3997e-04, 7.8718e-05,
        3.9350e-05, 2.6295e-05, 7.5707e-05, 1.6716e-04, 1.0762e-04, 5.6592e-05,
        8.6268e-05, 1.0979e-04, 1.9913e-05, 3.9873e-05, 6.3675e-05, 7.4737e-05,
        9.4404e-05, 1.0716e-04, 1.7589e-05, 2.0718e-05, 1.2891e-04, 1.1674e-04,
        6.0682e-06, 2.0645e-05, 1.1638e-05, 1.5158e-04, 8.9614e-05, 6.7267e-05,
        7.0475e-05, 2.5454e-05, 1.2045e-04, 5.9129e-05, 2.3420e-06, 2.0436e-05,
        1.1609e-04, 1.9265e-05, 3.5754e-05, 8.5116e-05, 1.8370e-05],
       grad_fn=<CatBackward>)

mean_overall=tensor(0.0001, grad_fn=<MeanBackward0>)

-----------------------------------------------ITERATION70-----------------------------------------------

final_causality=[[1, 1, 1, 1, 1, 1, 1, 1, 1, 1, 1, 1, 1], [1, 1, 1, 1, 1, 1, 1, 1, 1, 1, 1, 1, 1, 1, 1, 1, 1, 1, 1, 1, 1, 1, 1, 1, 1, 1, 1, 1, 1, 1, 1, 1, 1, 1, 1, 1, 1, 1, 1, 1, 1, 1, 1, 1, 1, 1, 1, 1, 1, 1], [1, 1, 1, 1, 1, 1, 1, 1, 1, 1, 1, 1, 1, 1, 1, 1, 1, 1, 1, 1, 1, 1, 1, 1, 1, 1, 1, 1, 1, 1, 1, 1, 1, 1, 1, 1, 1, 1, 1, 1, 1, 1, 1, 1, 1, 1, 1, 1, 1, 1]]

means=tensor([2.6336e-04, 5.4872e-05, 1.8680e-04, 5.8400e-04, 4.5571e-04, 1.1741e-04,
        3.5968e-04, 4.3046e-05, 6.5266e-04, 1.3704e-04, 4.9938e-04, 3.1740e-04,
        7.5286e-05, 7.9288e-05, 9.8103e-05, 6.8302e-05, 6.3146e-05, 1.5293e-05,
        1.7627e-04, 2.4928e-06, 8.7685e-05, 5.5115e-05, 1.5343e-04, 9.5580e-05,
        9.4282e-05, 2.9802e-04, 1.3785e-04, 2.0937e-04, 6.6238e-05, 7.8846e-05,
        4.9247e-05, 3.3589e-05, 3.7759e-06, 1.6870e-04, 3.8828e-05, 1.9861e-04,
        4.0220e-05, 5.2934e-05, 9.4106e-05, 4.7763e-06, 8.5336e-05, 1.6277e-04,
        1.3530e-04, 8.6793e-05, 2.5113e-04, 2.1442e-06, 1.1937e-04, 1.7534e-04,
        6.6025e-05, 2.0756e-05, 6.6152e-05, 7.0622e-05, 6.7548e-05, 6.4414e-05,
        3.1448e-05, 6.1203e-05, 4.0091e-05, 2.8330e-04, 1.9160e-04, 1.0443e-04,
        6.7973e-05, 2.0072e-04, 3.0367e-04, 1.6964e-04, 2.5122e-05, 8.4683e-05,
        9.4533e-05, 4.0355e-05, 4.1977e-05, 1.0769e-05, 2.7454e-05, 5.9633e-05,
        7.4031e-05, 3.3950e-05, 5.7468e-06, 1.3932e-04, 1.5418e-04, 8.2009e-05,
        3.9549e-05, 2.7295e-05, 8.7152e-05, 1.5537e-04, 1.0745e-04, 5.6166e-05,
        8.2547e-05, 1.2045e-04, 2.0769e-05, 3.9811e-05, 6.1047e-05, 7.0169e-05,
        9.3844e-05, 1.0767e-04, 1.7578e-05, 2.1391e-05, 1.3696e-04, 1.2407e-04,
        5.9012e-06, 2.0615e-05, 1.1769e-05, 1.5991e-04, 9.6160e-05, 6.5370e-05,
        7.0255e-05, 2.5655e-05, 1.1611e-04, 5.8127e-05, 2.2692e-06, 2.0271e-05,
        1.1324e-04, 2.2188e-05, 3.7641e-05, 9.0338e-05, 1.9142e-05],
       grad_fn=<CatBackward>)

mean_overall=tensor(0.0001, grad_fn=<MeanBackward0>)

-----------------------------------------------ITERATION80-----------------------------------------------

final_causality=[[1, 1, 1, 1, 1, 1, 1, 1, 1, 1, 1, 1, 1], [1, 1, 1, 1, 1, 1, 1, 1, 1, 1, 1, 1, 1, 1, 1, 1, 1, 1, 1, 1, 1, 1, 1, 1, 1, 1, 1, 1, 1, 1, 1, 1, 1, 1, 1, 1, 1, 1, 1, 1, 1, 1, 1, 1, 1, 1, 1, 1, 1, 1], [1, 1, 1, 1, 1, 1, 1, 1, 1, 1, 1, 1, 1, 1, 1, 1, 1, 1, 1, 1, 1, 1, 1, 1, 1, 1, 1, 1, 1, 1, 1, 1, 1, 1, 1, 1, 1, 1, 1, 1, 1, 1, 1, 1, 1, 1, 1, 1, 1, 1]]

means=tensor([2.9419e-04, 1.3175e-04, 1.7478e-04, 6.6617e-04, 5.4483e-04, 1.4068e-04,
        4.2410e-04, 5.0599e-05, 7.3346e-04, 2.2347e-04, 5.0628e-04, 3.5640e-04,
        6.6397e-05, 8.2525e-05, 1.1033e-04, 6.8333e-05, 6.9027e-05, 1.9289e-05,
        1.8493e-04, 2.0192e-06, 1.0761e-04, 6.6239e-05, 1.6742e-04, 9.3641e-05,
        9.9444e-05, 3.1514e-04, 1.4299e-04, 2.2990e-04, 6.9389e-05, 8.1540e-05,
        5.6083e-05, 4.0157e-05, 2.0647e-06, 1.7190e-04, 3.7512e-05, 2.0050e-04,
        4.1419e-05, 5.4568e-05, 1.0356e-04, 8.1743e-06, 8.6080e-05, 1.8205e-04,
        1.4425e-04, 8.7495e-05, 2.6084e-04, 4.4194e-06, 1.3283e-04, 1.7190e-04,
        8.0786e-05, 1.9365e-05, 7.4337e-05, 7.3902e-05, 7.4932e-05, 6.7491e-05,
        3.0304e-05, 5.8482e-05, 3.7213e-05, 2.8068e-04, 2.0291e-04, 1.1067e-04,
        6.6098e-05, 2.1397e-04, 3.0026e-04, 1.7874e-04, 2.6955e-05, 8.2056e-05,
        8.9252e-05, 4.1744e-05, 4.1125e-05, 1.0212e-05, 2.7260e-05, 6.1232e-05,
        7.7702e-05, 3.5784e-05, 5.5791e-06, 1.5053e-04, 1.7071e-04, 8.5903e-05,
        3.9753e-05, 3.1107e-05, 1.0084e-04, 1.4164e-04, 1.0742e-04, 5.5380e-05,
        7.7716e-05, 1.3495e-04, 2.1223e-05, 3.9745e-05, 6.4564e-05, 6.5573e-05,
        9.3388e-05, 1.0800e-04, 1.7829e-05, 2.2519e-05, 1.4650e-04, 1.3226e-04,
        5.2908e-06, 2.0958e-05, 1.2454e-05, 1.7023e-04, 1.0454e-04, 6.2150e-05,
        7.0338e-05, 2.6239e-05, 1.1026e-04, 6.2150e-05, 2.5074e-06, 2.0698e-05,
        1.0946e-04, 2.5217e-05, 3.9989e-05, 9.7727e-05, 2.1212e-05],
       grad_fn=<CatBackward>)

mean_overall=tensor(0.0001, grad_fn=<MeanBackward0>)

-----------------------------------------------ITERATION90-----------------------------------------------

final_causality=[[1, 1, 1, 1, 1, 1, 1, 1, 1, 1, 1, 1, 1], [1, 1, 1, 1, 1, 1, 1, 1, 1, 1, 1, 1, 1, 1, 1, 1, 1, 1, 1, 1, 1, 1, 1, 1, 1, 1, 1, 1, 1, 1, 1, 1, 1, 1, 1, 1, 1, 1, 1, 1, 1, 1, 1, 1, 1, 1, 1, 1, 1, 1], [1, 1, 1, 1, 1, 1, 1, 1, 1, 1, 1, 1, 1, 1, 1, 1, 1, 1, 1, 1, 1, 1, 1, 1, 1, 1, 1, 1, 1, 1, 1, 1, 1, 1, 1, 1, 1, 1, 1, 1, 1, 1, 1, 1, 1, 1, 1, 1, 1, 1]]

means=tensor([3.2900e-04, 2.1667e-04, 1.6107e-04, 7.5719e-04, 6.4385e-04, 1.6720e-04,
        4.9597e-04, 5.9247e-05, 8.2208e-04, 3.1787e-04, 5.1431e-04, 4.0174e-04,
        5.6259e-05, 8.6025e-05, 1.2492e-04, 6.8391e-05, 7.5497e-05, 2.3761e-05,
        1.9457e-04, 1.5602e-06, 1.3128e-04, 7.9649e-05, 1.8300e-04, 9.2874e-05,
        1.0541e-04, 3.3348e-04, 1.4856e-04, 2.5328e-04, 7.3129e-05, 8.4595e-05,
        6.4062e-05, 4.8222e-05, 4.9785e-08, 1.8019e-04, 3.6358e-05, 2.0272e-04,
        4.2992e-05, 5.6643e-05, 1.1457e-04, 1.2213e-05, 8.6911e-05, 2.0421e-04,
        1.5430e-04, 8.8112e-05, 2.7151e-04, 7.3578e-06, 1.4849e-04, 1.6821e-04,
        9.8677e-05, 1.7866e-05, 8.3952e-05, 7.7779e-05, 8.3215e-05, 7.1199e-05,
        2.9150e-05, 5.6345e-05, 3.4409e-05, 2.7824e-04, 2.1532e-04, 1.1796e-04,
        6.4093e-05, 2.2856e-04, 2.9675e-04, 1.9257e-04, 2.9041e-05, 8.1946e-05,
        8.3114e-05, 4.4207e-05, 4.0249e-05, 9.5733e-06, 2.7030e-05, 6.3195e-05,
        8.1714e-05, 3.7912e-05, 5.4429e-06, 1.6338e-04, 1.8876e-04, 9.0168e-05,
        3.9908e-05, 3.5466e-05, 1.2031e-04, 1.3842e-04, 1.0696e-04, 6.0183e-05,
        7.2503e-05, 1.5022e-04, 2.1755e-05, 3.9692e-05, 6.9647e-05, 6.0695e-05,
        9.2857e-05, 1.0835e-04, 1.8135e-05, 2.3911e-05, 1.5778e-04, 1.4103e-04,
        4.6636e-06, 2.1389e-05, 1.3389e-05, 1.8156e-04, 1.1586e-04, 6.1636e-05,
        7.0413e-05, 2.6934e-05, 1.0405e-04, 6.7722e-05, 2.8189e-06, 2.1191e-05,
        1.0777e-04, 2.8594e-05, 4.2651e-05, 1.0611e-04, 2.3721e-05],
       grad_fn=<CatBackward>)

mean_overall=tensor(0.0001, grad_fn=<MeanBackward0>)

-----------------------------------------------ITERATION100-----------------------------------------------

final_causality=[[1, 1, 1, 1, 1, 1, 1, 1, 1, 1, 1, 1, 1], [1, 1, 1, 1, 1, 1, 1, 1, 1, 1, 1, 1, 1, 1, 1, 1, 1, 1, 1, 1, 1, 1, 1, 1, 1, 1, 1, 1, 1, 1, 1, 1, 1, 1, 1, 1, 1, 1, 1, 1, 1, 1, 1, 1, 1, 1, 1, 1, 1, 1], [1, 1, 1, 1, 1, 1, 1, 1, 1, 1, 1, 1, 1, 1, 1, 1, 1, 1, 1, 1, 1, 1, 1, 1, 1, 1, 1, 1, 1, 1, 1, 1, 1, 1, 1, 1, 1, 1, 1, 1, 1, 1, 1, 1, 1, 1, 1, 1, 1, 1]]

means=tensor([3.7007e-04, 3.0888e-04, 1.4607e-04, 8.6062e-04, 7.5220e-04, 1.9830e-04,
        5.7881e-04, 6.8330e-05, 9.2192e-04, 4.2044e-04, 5.2841e-04, 4.5379e-04,
        4.3994e-05, 8.8952e-05, 1.4264e-04, 6.9364e-05, 8.3754e-05, 2.9795e-05,
        2.0584e-04, 5.4214e-07, 1.5996e-04, 9.4664e-05, 2.0131e-04, 9.4041e-05,
        1.1119e-04, 3.5455e-04, 1.5533e-04, 2.7758e-04, 7.6375e-05, 8.8869e-05,
        7.3728e-05, 5.7022e-05, 1.9111e-06, 1.9165e-04, 3.5974e-05, 2.0632e-04,
        4.4219e-05, 5.8223e-05, 1.2781e-04, 1.5504e-05, 8.9082e-05, 2.3009e-04,
        1.6616e-04, 8.9739e-05, 2.8377e-04, 1.1425e-05, 1.6732e-04, 1.6561e-04,
        1.1812e-04, 1.7066e-05, 9.6290e-05, 8.2012e-05, 9.3599e-05, 7.5056e-05,
        2.9297e-05, 5.5070e-05, 3.3278e-05, 2.7682e-04, 2.2997e-04, 1.2723e-04,
        6.3060e-05, 2.4562e-04, 2.9452e-04, 2.0751e-04, 3.1254e-05, 8.5364e-05,
        8.0416e-05, 4.7196e-05, 3.9203e-05, 9.0592e-06, 2.6976e-05, 6.5795e-05,
        8.5930e-05, 4.0212e-05, 5.4434e-06, 1.7813e-04, 2.0863e-04, 9.4897e-05,
        4.1283e-05, 4.1158e-05, 1.4085e-04, 1.3835e-04, 1.0564e-04, 6.6676e-05,
        6.8107e-05, 1.6638e-04, 2.2677e-05, 3.9750e-05, 7.5261e-05, 5.5316e-05,
        9.2099e-05, 1.0889e-04, 1.8238e-05, 2.5525e-05, 1.6996e-04, 1.5038e-04,
        4.3268e-06, 2.1783e-05, 1.4323e-05, 1.9391e-04, 1.2825e-04, 6.3700e-05,
        7.0381e-05, 2.7627e-05, 9.7689e-05, 7.3884e-05, 3.0939e-06, 2.1625e-05,
        1.0716e-04, 3.2897e-05, 4.6146e-05, 1.1567e-04, 2.6485e-05],
       grad_fn=<CatBackward>)

mean_overall=tensor(0.0001, grad_fn=<MeanBackward0>)

-----------------------------------------------ITERATION110-----------------------------------------------

final_causality=[[1, 1, 1, 1, 1, 1, 1, 1, 1, 1, 1, 1, 1], [1, 1, 1, 1, 1, 1, 1, 1, 1, 1, 1, 1, 1, 1, 1, 1, 1, 1, 1, 1, 1, 1, 1, 1, 1, 1, 1, 1, 1, 1, 1, 1, 1, 1, 1, 1, 1, 1, 1, 1, 1, 1, 1, 1, 1, 1, 1, 1, 1, 1], [1, 1, 1, 1, 1, 1, 1, 1, 1, 1, 1, 1, 1, 1, 1, 1, 1, 1, 1, 1, 1, 1, 1, 1, 1, 1, 1, 1, 1, 1, 1, 1, 1, 1, 1, 1, 1, 1, 1, 1, 1, 1, 1, 1, 1, 1, 1, 1, 1, 1]]

means=tensor([4.1669e-04, 4.0864e-04, 1.2833e-04, 9.7460e-04, 8.7452e-04, 2.3455e-04,
        6.7399e-04, 7.8270e-05, 1.0319e-03, 5.3274e-04, 5.4445e-04, 5.1461e-04,
        2.9132e-05, 9.2220e-05, 1.6297e-04, 7.0623e-05, 9.3259e-05, 3.6936e-05,
        2.1822e-04, 1.3780e-07, 1.9324e-04, 1.1226e-04, 2.2171e-04, 9.6766e-05,
        1.1993e-04, 3.7757e-04, 1.6277e-04, 3.0482e-04, 8.0138e-05, 9.3473e-05,
        8.5210e-05, 6.7464e-05, 1.4413e-05, 2.0440e-04, 3.5838e-05, 2.1054e-04,
        4.5901e-05, 6.0341e-05, 1.4282e-04, 1.9221e-05, 9.1776e-05, 2.5931e-04,
        1.7931e-04, 9.1713e-05, 2.9710e-04, 1.6159e-05, 1.8882e-04, 1.6319e-04,
        1.4074e-04, 1.6802e-05, 1.1064e-04, 8.9212e-05, 1.0553e-04, 8.0455e-05,
        2.9882e-05, 5.4186e-05, 3.2095e-05, 2.7562e-04, 2.4620e-04, 1.3771e-04,
        6.2162e-05, 2.6442e-04, 2.9278e-04, 2.2525e-04, 3.3846e-05, 8.9007e-05,
        8.4988e-05, 5.0803e-05, 3.8083e-05, 8.7628e-06, 2.6945e-05, 6.8986e-05,
        9.1095e-05, 4.2902e-05, 5.5391e-06, 1.9483e-04, 2.3066e-04, 1.0019e-04,
        4.4955e-05, 4.8848e-05, 1.6286e-04, 1.3867e-04, 1.0358e-04, 7.4133e-05,
        6.4927e-05, 1.8364e-04, 2.3840e-05, 3.9872e-05, 8.2188e-05, 4.9525e-05,
        9.1183e-05, 1.0958e-04, 1.8159e-05, 2.7526e-05, 1.8743e-04, 1.6482e-04,
        4.0074e-06, 2.2277e-05, 1.5472e-05, 2.0758e-04, 1.4184e-04, 6.8802e-05,
        7.0358e-05, 2.8451e-05, 9.0828e-05, 8.0546e-05, 3.4386e-06, 2.2113e-05,
        1.1080e-04, 3.9008e-05, 5.1038e-05, 1.2668e-04, 2.9680e-05],
       grad_fn=<CatBackward>)

mean_overall=tensor(0.0002, grad_fn=<MeanBackward0>)

-----------------------------------------------ITERATION120-----------------------------------------------

final_causality=[[1, 1, 1, 1, 1, 1, 1, 1, 1, 1, 1, 1, 1], [1, 1, 1, 1, 1, 1, 1, 1, 1, 1, 1, 1, 1, 1, 1, 1, 1, 1, 1, 1, 1, 1, 1, 1, 1, 1, 1, 1, 1, 1, 1, 1, 1, 1, 1, 1, 1, 1, 1, 1, 1, 1, 1, 1, 1, 1, 1, 1, 1, 1], [1, 1, 1, 1, 1, 1, 1, 1, 1, 1, 1, 1, 1, 1, 1, 1, 1, 1, 1, 1, 1, 1, 1, 1, 1, 1, 1, 1, 1, 1, 1, 1, 1, 1, 1, 1, 1, 1, 1, 1, 1, 1, 1, 1, 1, 1, 1, 1, 1, 1]]

means=tensor([4.6929e-04, 5.1695e-04, 1.0826e-04, 1.1013e-03, 1.0123e-03, 2.7593e-04,
        7.8162e-04, 9.0141e-05, 1.1538e-03, 6.5591e-04, 5.6121e-04, 5.8447e-04,
        1.1597e-05, 9.6159e-05, 1.8585e-04, 7.1906e-05, 1.0384e-04, 4.5126e-05,
        2.3154e-04, 7.1364e-07, 2.3129e-04, 1.3303e-04, 2.4400e-04, 9.9590e-05,
        1.3196e-04, 4.0231e-04, 1.7069e-04, 3.3598e-04, 8.4844e-05, 9.8052e-05,
        9.9331e-05, 8.0115e-05, 2.9998e-05, 2.1817e-04, 3.5771e-05, 2.1510e-04,
        4.8369e-05, 6.3419e-05, 1.5954e-04, 2.3843e-05, 9.4684e-05, 2.9188e-04,
        1.9359e-04, 9.3768e-05, 3.1133e-04, 2.1499e-05, 2.1294e-04, 1.6061e-04,
        1.6748e-04, 1.6572e-05, 1.2682e-04, 9.8668e-05, 1.1890e-04, 8.8815e-05,
        3.0483e-05, 5.3419e-05, 3.0699e-05, 2.7435e-04, 2.6379e-04, 1.4917e-04,
        6.1066e-05, 2.8475e-04, 2.9121e-04, 2.4535e-04, 3.6956e-05, 9.2906e-05,
        9.1445e-05, 5.4989e-05, 3.6888e-05, 8.3906e-06, 2.6871e-05, 7.2824e-05,
        9.6929e-05, 4.7026e-05, 5.6918e-06, 2.1362e-04, 2.5506e-04, 1.0787e-04,
        4.9397e-05, 5.7173e-05, 1.8650e-04, 1.5055e-04, 1.0095e-04, 8.5501e-05,
        6.1386e-05, 2.0227e-04, 2.5165e-05, 4.0041e-05, 9.1638e-05, 4.3393e-05,
        9.0224e-05, 1.1032e-04, 1.7973e-05, 2.9994e-05, 2.0718e-04, 1.8479e-04,
        3.6123e-06, 2.2922e-05, 1.6922e-05, 2.2259e-04, 1.5663e-04, 7.4391e-05,
        7.0310e-05, 2.9459e-05, 9.1170e-05, 8.7678e-05, 3.9118e-06, 2.2717e-05,
        1.2514e-04, 4.6192e-05, 5.6647e-05, 1.3936e-04, 3.3421e-05],
       grad_fn=<CatBackward>)

mean_overall=tensor(0.0002, grad_fn=<MeanBackward0>)

-----------------------------------------------ITERATION130-----------------------------------------------

final_causality=[[1, 1, 1, 1, 1, 1, 1, 1, 1, 1, 1, 1, 1], [1, 1, 1, 1, 1, 1, 1, 1, 1, 1, 1, 1, 1, 1, 1, 1, 1, 1, 1, 1, 1, 1, 1, 1, 1, 1, 1, 1, 1, 1, 1, 1, 1, 1, 1, 1, 1, 1, 1, 1, 1, 1, 1, 1, 1, 1, 1, 1, 1, 1], [1, 1, 1, 1, 1, 1, 1, 1, 1, 1, 1, 1, 1, 1, 1, 1, 1, 1, 1, 1, 1, 1, 1, 1, 1, 1, 1, 1, 1, 1, 1, 1, 1, 1, 1, 1, 1, 1, 1, 1, 1, 1, 1, 1, 1, 1, 1, 1, 1, 1]]

means=tensor([5.2999e-04, 6.3615e-04, 8.7643e-05, 1.2432e-03, 1.1670e-03, 3.2380e-04,
        9.0354e-04, 1.0459e-04, 1.2906e-03, 7.9093e-04, 5.8192e-04, 6.6380e-04,
        4.4537e-05, 9.9588e-05, 2.1306e-04, 7.3824e-05, 1.1680e-04, 5.5869e-05,
        2.4719e-04, 2.7464e-06, 2.7525e-04, 1.5712e-04, 2.6835e-04, 1.0338e-04,
        1.4586e-04, 4.3010e-04, 1.8044e-04, 3.7153e-04, 8.9503e-05, 1.0204e-04,
        1.1559e-04, 9.4405e-05, 4.8154e-05, 2.3471e-04, 3.5332e-05, 2.2042e-04,
        5.0489e-05, 6.6782e-05, 1.8139e-04, 2.8472e-05, 9.8350e-05, 3.2774e-04,
        2.0930e-04, 9.6724e-05, 3.2564e-04, 2.8129e-05, 2.4065e-04, 1.5738e-04,
        1.9861e-04, 1.6087e-05, 1.4667e-04, 1.0990e-04, 1.3473e-04, 9.9553e-05,
        3.2073e-05, 5.5680e-05, 2.9205e-05, 2.7397e-04, 2.8372e-04, 1.6115e-04,
        6.0868e-05, 3.0696e-04, 2.8959e-04, 2.6678e-04, 4.0757e-05, 9.7071e-05,
        9.8749e-05, 5.9968e-05, 3.5669e-05, 7.9937e-06, 2.6826e-05, 7.7647e-05,
        1.0305e-04, 5.2034e-05, 6.1671e-06, 2.3566e-04, 2.8354e-04, 1.1883e-04,
        5.4501e-05, 6.6587e-05, 2.1205e-04, 1.6482e-04, 9.7507e-05, 9.9086e-05,
        5.7066e-05, 2.2672e-04, 2.6857e-05, 4.0808e-05, 1.0702e-04, 3.6324e-05,
        9.2174e-05, 1.1122e-04, 1.7674e-05, 3.3150e-05, 2.2832e-04, 2.0594e-04,
        3.1962e-06, 2.3665e-05, 1.8671e-05, 2.3985e-04, 1.7363e-04, 8.1019e-05,
        7.0197e-05, 3.0557e-05, 9.8222e-05, 9.5691e-05, 4.4973e-06, 2.3425e-05,
        1.4517e-04, 5.4922e-05, 6.3265e-05, 1.5464e-04, 3.7739e-05],
       grad_fn=<CatBackward>)

mean_overall=tensor(0.0002, grad_fn=<MeanBackward0>)

-----------------------------------------------ITERATION140-----------------------------------------------

final_causality=[[1, 1, 1, 1, 1, 1, 1, 1, 1, 1, 1, 1, 1], [1, 1, 1, 1, 1, 1, 1, 1, 1, 1, 1, 1, 1, 1, 1, 1, 1, 1, 1, 1, 1, 1, 1, 1, 1, 1, 1, 1, 1, 1, 1, 1, 1, 1, 1, 1, 1, 1, 1, 1, 1, 1, 1, 1, 1, 1, 1, 1, 1, 1], [1, 1, 1, 1, 1, 1, 1, 1, 1, 1, 1, 1, 1, 1, 1, 1, 1, 1, 1, 1, 1, 1, 1, 1, 1, 1, 1, 1, 1, 1, 1, 1, 1, 1, 1, 1, 1, 1, 1, 1, 1, 1, 1, 1, 1, 1, 1, 1, 1, 1]]

means=tensor([6.0014e-04, 7.6740e-04, 6.8049e-05, 1.4019e-03, 1.3404e-03, 3.7901e-04,
        1.0421e-03, 1.2211e-04, 1.4441e-03, 9.4013e-04, 6.0740e-04, 7.5347e-04,
        1.3523e-04, 1.0209e-04, 2.4579e-04, 7.6601e-05, 1.3291e-04, 6.8675e-05,
        2.6595e-04, 5.0323e-06, 3.2607e-04, 1.8502e-04, 2.9467e-04, 1.0856e-04,
        1.6209e-04, 4.6158e-04, 1.9273e-04, 4.1247e-04, 9.3802e-05, 1.0501e-04,
        1.3417e-04, 1.1029e-04, 6.9734e-05, 2.5500e-04, 3.4241e-05, 2.2663e-04,
        5.1844e-05, 7.0312e-05, 2.0951e-04, 3.2878e-05, 1.0294e-04, 3.6682e-04,
        2.2651e-04, 1.0091e-04, 3.3952e-04, 3.6538e-05, 2.7259e-04, 1.5313e-04,
        2.3493e-04, 1.5131e-05, 1.7139e-04, 1.2337e-04, 1.5367e-04, 1.1368e-04,
        3.5156e-05, 5.8798e-05, 2.7384e-05, 2.7480e-04, 3.0641e-04, 1.7327e-04,
        6.2023e-05, 3.3112e-04, 2.8777e-04, 2.8982e-04, 4.5385e-05, 1.0639e-04,
        1.0719e-04, 6.5999e-05, 3.6462e-05, 7.7861e-06, 2.7326e-05, 8.5921e-05,
        1.1224e-04, 5.8105e-05, 7.0967e-06, 2.6085e-04, 3.1682e-04, 1.3160e-04,
        6.0522e-05, 7.7350e-05, 2.3985e-04, 1.8706e-04, 9.2928e-05, 1.1446e-04,
        5.4836e-05, 2.5510e-04, 2.9043e-05, 4.2000e-05, 1.2472e-04, 4.3575e-05,
        9.8694e-05, 1.1229e-04, 1.7912e-05, 3.8046e-05, 2.5141e-04, 2.2864e-04,
        2.7800e-06, 2.4512e-05, 2.0794e-05, 2.5988e-04, 1.9339e-04, 8.9006e-05,
        7.3425e-05, 3.1711e-05, 1.1563e-04, 1.0716e-04, 5.2259e-06, 2.4446e-05,
        1.6816e-04, 6.5433e-05, 7.1102e-05, 1.7307e-04, 4.2747e-05],
       grad_fn=<CatBackward>)

mean_overall=tensor(0.0002, grad_fn=<MeanBackward0>)

-----------------------------------------------ITERATION150-----------------------------------------------

final_causality=[[1, 1, 1, 1, 1, 1, 1, 1, 1, 1, 1, 1, 1], [1, 1, 1, 1, 1, 1, 1, 1, 1, 1, 1, 1, 1, 1, 1, 1, 1, 1, 1, 1, 1, 1, 1, 1, 1, 1, 1, 1, 1, 1, 1, 1, 1, 1, 1, 1, 1, 1, 1, 1, 1, 1, 1, 1, 1, 1, 1, 1, 1, 1], [1, 1, 1, 1, 1, 1, 1, 1, 1, 1, 1, 1, 1, 1, 1, 1, 1, 1, 1, 1, 1, 1, 1, 1, 1, 1, 1, 1, 1, 1, 1, 1, 1, 1, 1, 1, 1, 1, 1, 1, 1, 1, 1, 1, 1, 1, 1, 1, 1, 1]]

means=tensor([6.8073e-04, 9.1305e-04, 4.8951e-05, 1.5808e-03, 1.5354e-03, 4.4245e-04,
        1.1997e-03, 1.4397e-04, 1.6166e-03, 1.1058e-03, 6.3727e-04, 8.5629e-04,
        2.4364e-04, 1.0470e-04, 2.8323e-04, 7.9861e-05, 1.5147e-04, 8.4051e-05,
        2.8692e-04, 7.4386e-06, 3.8333e-04, 2.1723e-04, 3.2333e-04, 1.1568e-04,
        1.8056e-04, 4.9606e-04, 2.0898e-04, 4.5855e-04, 9.8586e-05, 1.0783e-04,
        1.5538e-04, 1.2953e-04, 9.5575e-05, 2.7804e-04, 3.3141e-05, 2.3363e-04,
        5.3522e-05, 7.4606e-05, 2.4193e-04, 3.7767e-05, 1.0830e-04, 4.0990e-04,
        2.4534e-04, 1.0774e-04, 3.6488e-04, 4.7842e-05, 3.0868e-04, 1.4873e-04,
        2.7670e-04, 1.4097e-05, 2.0017e-04, 1.3934e-04, 1.7526e-04, 1.3074e-04,
        3.9095e-05, 6.2390e-05, 2.5249e-05, 2.7617e-04, 3.3143e-04, 1.8643e-04,
        6.3764e-05, 3.5738e-04, 2.8633e-04, 3.1466e-04, 5.0794e-05, 1.1865e-04,
        1.1670e-04, 7.3129e-05, 4.0627e-05, 7.8895e-06, 2.9329e-05, 9.7466e-05,
        1.2438e-04, 6.5171e-05, 8.2322e-06, 2.8910e-04, 3.5344e-04, 1.4577e-04,
        6.7302e-05, 8.9084e-05, 2.6997e-04, 2.1173e-04, 8.8703e-05, 1.3150e-04,
        5.4571e-05, 2.8593e-04, 3.1675e-05, 4.3632e-05, 1.4435e-04, 5.4486e-05,
        1.0642e-04, 1.1353e-04, 1.8723e-05, 4.5581e-05, 2.7657e-04, 2.5297e-04,
        2.3540e-06, 2.6668e-05, 2.3395e-05, 2.8190e-04, 2.1516e-04, 9.8141e-05,
        8.1853e-05, 3.5913e-05, 1.3748e-04, 1.2020e-04, 6.1476e-06, 2.6742e-05,
        1.9399e-04, 7.7563e-05, 8.0059e-05, 1.9420e-04, 4.8590e-05],
       grad_fn=<CatBackward>)

mean_overall=tensor(0.0002, grad_fn=<MeanBackward0>)

-----------------------------------------------ITERATION160-----------------------------------------------

final_causality=[[1, 1, 1, 1, 1, 1, 1, 1, 1, 1, 1, 1, 1], [1, 1, 1, 1, 1, 1, 1, 1, 1, 1, 1, 1, 1, 1, 1, 1, 1, 1, 1, 1, 1, 1, 1, 1, 1, 1, 1, 1, 1, 1, 1, 1, 1, 1, 1, 1, 1, 1, 1, 1, 1, 1, 1, 1, 1, 1, 1, 1, 1, 1], [1, 1, 1, 1, 1, 1, 1, 1, 1, 1, 1, 1, 1, 1, 1, 1, 1, 1, 1, 1, 1, 1, 1, 1, 1, 1, 1, 1, 1, 1, 1, 1, 1, 1, 1, 1, 1, 1, 1, 1, 1, 1, 1, 1, 1, 1, 1, 1, 1, 1]]

means=tensor([7.7353e-04, 1.0757e-03, 3.1848e-05, 1.7838e-03, 1.7547e-03, 5.1551e-04,
        1.3789e-03, 1.7155e-04, 1.8108e-03, 1.2902e-03, 6.7308e-04, 9.7463e-04,
        3.6563e-04, 1.0811e-04, 3.2553e-04, 8.3635e-05, 1.7277e-04, 1.0273e-04,
        3.1012e-04, 1.0003e-05, 4.4690e-04, 2.5416e-04, 3.5472e-04, 1.2536e-04,
        2.0130e-04, 5.3368e-04, 2.2787e-04, 5.0977e-04, 1.0406e-04, 1.1078e-04,
        1.7960e-04, 1.5308e-04, 1.2631e-04, 3.0399e-04, 3.2258e-05, 2.4157e-04,
        5.5748e-05, 7.9768e-05, 2.7881e-04, 4.3211e-05, 1.1461e-04, 4.5748e-04,
        2.6606e-04, 1.1607e-04, 3.9963e-04, 6.2537e-05, 3.4933e-04, 1.4452e-04,
        3.2597e-04, 1.3163e-05, 2.3321e-04, 1.5805e-04, 1.9959e-04, 1.5090e-04,
        4.3895e-05, 6.6507e-05, 2.2902e-05, 2.7808e-04, 3.5912e-04, 2.0531e-04,
        6.6052e-05, 3.8606e-04, 2.8554e-04, 3.4145e-04, 5.7037e-05, 1.3228e-04,
        1.2735e-04, 8.1488e-05, 4.8125e-05, 8.0502e-06, 3.1741e-05, 1.1040e-04,
        1.3897e-04, 7.3317e-05, 9.6189e-06, 3.2061e-04, 3.9321e-04, 1.6137e-04,
        7.6459e-05, 1.0181e-04, 3.0261e-04, 2.3877e-04, 9.0773e-05, 1.5026e-04,
        5.5652e-05, 3.1922e-04, 3.4963e-05, 4.5742e-05, 1.6604e-04, 6.6792e-05,
        1.1535e-04, 1.1500e-04, 2.0347e-05, 5.4240e-05, 3.0412e-04, 2.7913e-04,
        1.9318e-06, 2.9275e-05, 2.6558e-05, 3.0585e-04, 2.3931e-04, 1.0859e-04,
        9.1827e-05, 4.2241e-05, 1.6098e-04, 1.3458e-04, 7.2986e-06, 2.9452e-05,
        2.2288e-04, 9.1411e-05, 9.0228e-05, 2.1812e-04, 5.5409e-05],
       grad_fn=<CatBackward>)

mean_overall=tensor(0.0003, grad_fn=<MeanBackward0>)

-----------------------------------------------ITERATION170-----------------------------------------------

final_causality=[[1, 1, 1, 1, 1, 1, 1, 1, 1, 1, 1, 1, 1], [1, 1, 1, 1, 1, 1, 1, 1, 1, 1, 1, 1, 1, 1, 1, 1, 1, 1, 1, 1, 1, 1, 1, 1, 1, 1, 1, 1, 1, 1, 1, 1, 1, 1, 1, 1, 1, 1, 1, 1, 1, 1, 1, 1, 1, 1, 1, 1, 1, 1], [1, 1, 1, 1, 1, 1, 1, 1, 1, 1, 1, 1, 1, 1, 1, 1, 1, 1, 1, 1, 1, 1, 1, 1, 1, 1, 1, 1, 1, 1, 1, 1, 1, 1, 1, 1, 1, 1, 1, 1, 1, 1, 1, 1, 1, 1, 1, 1, 1, 1]]

means=tensor([8.8026e-04, 1.2582e-03, 7.2226e-05, 2.0148e-03, 2.0014e-03, 6.0017e-04,
        1.5828e-03, 2.0633e-04, 2.0293e-03, 1.4965e-03, 7.1666e-04, 1.1123e-03,
        5.0078e-04, 1.1660e-04, 3.7446e-04, 8.8330e-05, 1.9892e-04, 1.2634e-04,
        3.3672e-04, 1.2977e-05, 5.1895e-04, 2.9650e-04, 3.9020e-04, 1.3626e-04,
        2.2446e-04, 5.7527e-04, 2.4912e-04, 5.6813e-04, 1.1431e-04, 1.1926e-04,
        2.0798e-04, 1.8118e-04, 1.6365e-04, 3.3268e-04, 3.1960e-05, 2.5939e-04,
        5.8763e-05, 8.4953e-05, 3.2132e-04, 4.8818e-05, 1.2132e-04, 5.1023e-04,
        2.9029e-04, 1.2496e-04, 4.3787e-04, 8.1718e-05, 3.9629e-04, 1.4053e-04,
        3.8346e-04, 1.3097e-05, 2.7172e-04, 1.8007e-04, 2.2781e-04, 1.7454e-04,
        4.9348e-05, 7.1180e-05, 2.0720e-05, 2.8090e-04, 3.9366e-04, 2.2766e-04,
        6.8841e-05, 4.1757e-04, 2.8483e-04, 3.7121e-04, 6.4417e-05, 1.4776e-04,
        1.3936e-04, 9.1379e-05, 5.7283e-05, 8.7238e-06, 3.4620e-05, 1.2495e-04,
        1.5586e-04, 8.2866e-05, 1.1430e-05, 3.5638e-04, 4.3737e-04, 1.7892e-04,
        8.7310e-05, 1.1600e-04, 3.3887e-04, 2.6872e-04, 9.3530e-05, 1.7125e-04,
        7.0220e-05, 3.5566e-04, 4.0698e-05, 4.8363e-05, 1.9047e-04, 8.1698e-05,
        1.2567e-04, 1.1679e-04, 2.3053e-05, 6.4284e-05, 3.3533e-04, 3.0801e-04,
        1.5307e-06, 3.2413e-05, 3.0470e-05, 3.3270e-04, 2.6823e-04, 1.2055e-04,
        1.0383e-04, 5.0125e-05, 1.8690e-04, 1.5066e-04, 8.7570e-06, 3.2688e-05,
        2.5570e-04, 1.0746e-04, 1.0190e-04, 2.4569e-04, 6.3531e-05],
       grad_fn=<CatBackward>)

mean_overall=tensor(0.0003, grad_fn=<MeanBackward0>)

-----------------------------------------------ITERATION180-----------------------------------------------

final_causality=[[1, 1, 1, 1, 1, 1, 1, 1, 1, 1, 1, 1, 1], [1, 1, 1, 1, 1, 1, 1, 1, 1, 1, 1, 1, 1, 1, 1, 1, 1, 1, 1, 1, 1, 1, 1, 1, 1, 1, 1, 1, 1, 1, 1, 1, 1, 1, 1, 1, 1, 1, 1, 1, 1, 1, 1, 1, 1, 1, 1, 1, 1, 1], [1, 1, 1, 1, 1, 1, 1, 1, 1, 1, 1, 1, 1, 1, 1, 1, 1, 1, 1, 1, 1, 1, 1, 1, 1, 1, 1, 1, 1, 1, 1, 1, 1, 1, 1, 1, 1, 1, 1, 1, 1, 1, 1, 1, 1, 1, 1, 1, 1, 1]]

means=tensor([1.0029e-03, 1.4642e-03, 2.3420e-04, 2.2786e-03, 2.2793e-03, 6.9886e-04,
        1.8152e-03, 2.5049e-04, 2.2745e-03, 1.7288e-03, 7.7001e-04, 1.2753e-03,
        6.4943e-04, 1.2721e-04, 4.3397e-04, 9.5136e-05, 2.2913e-04, 1.5834e-04,
        3.6903e-04, 1.6767e-05, 6.0437e-04, 3.4512e-04, 4.3225e-04, 1.4813e-04,
        2.5533e-04, 6.2212e-04, 2.7357e-04, 6.4428e-04, 1.2766e-04, 1.3385e-04,
        2.4252e-04, 2.1586e-04, 2.1076e-04, 3.6362e-04, 3.2759e-05, 2.8495e-04,
        6.2843e-05, 8.8584e-05, 3.7088e-04, 5.3839e-05, 1.2721e-04, 5.6877e-04,
        3.2118e-04, 1.3339e-04, 4.8042e-04, 1.0800e-04, 4.5291e-04, 1.3797e-04,
        4.4877e-04, 1.4330e-05, 3.1786e-04, 2.0637e-04, 2.6228e-04, 2.0240e-04,
        5.4944e-05, 7.6376e-05, 1.9292e-05, 2.8520e-04, 4.3183e-04, 2.5503e-04,
        7.1990e-05, 4.5278e-04, 2.8304e-04, 4.0567e-04, 7.3544e-05, 1.6592e-04,
        1.5317e-04, 1.0337e-04, 6.8717e-05, 1.0929e-05, 3.8011e-05, 1.4362e-04,
        1.7582e-04, 9.4341e-05, 1.3699e-05, 3.9820e-04, 4.8829e-04, 1.9943e-04,
        1.0007e-04, 1.3247e-04, 3.8051e-04, 3.0333e-04, 9.7313e-05, 1.9538e-04,
        8.7114e-05, 3.9716e-04, 4.7911e-05, 5.1615e-05, 2.1880e-04, 1.0015e-04,
        1.3761e-04, 1.3029e-04, 2.6695e-05, 7.6238e-05, 3.7219e-04, 3.4109e-04,
        1.1695e-06, 3.6425e-05, 3.5477e-05, 3.6431e-04, 3.0149e-04, 1.3425e-04,
        1.1891e-04, 5.9794e-05, 2.1648e-04, 1.7376e-04, 1.0682e-05, 3.6650e-05,
        2.9386e-04, 1.2644e-04, 1.1551e-04, 2.7851e-04, 7.3496e-05],
       grad_fn=<CatBackward>)

mean_overall=tensor(0.0003, grad_fn=<MeanBackward0>)

-----------------------------------------------ITERATION190-----------------------------------------------

final_causality=[[1, 1, 1, 1, 1, 1, 1, 1, 1, 1, 1, 1, 1], [1, 1, 1, 1, 1, 1, 1, 1, 1, 1, 1, 1, 1, 1, 1, 1, 1, 1, 1, 1, 1, 1, 1, 1, 1, 1, 1, 1, 1, 1, 1, 1, 1, 1, 1, 1, 1, 1, 1, 1, 1, 1, 1, 1, 1, 1, 1, 1, 1, 1], [1, 1, 1, 1, 1, 1, 1, 1, 1, 1, 1, 1, 1, 1, 1, 1, 1, 1, 1, 1, 1, 1, 1, 1, 1, 1, 1, 1, 1, 1, 1, 1, 1, 1, 1, 1, 1, 1, 1, 1, 1, 1, 1, 1, 1, 1, 1, 1, 1, 1]]

means=tensor([1.1443e-03, 1.6965e-03, 4.4186e-04, 2.5798e-03, 2.5926e-03, 8.1288e-04,
        2.0795e-03, 3.0819e-04, 2.5510e-03, 1.9891e-03, 8.3688e-04, 1.4649e-03,
        8.1568e-04, 1.3958e-04, 5.0242e-04, 1.0276e-04, 2.6332e-04, 1.9772e-04,
        4.0573e-04, 2.2930e-05, 7.0076e-04, 4.0075e-04, 4.7953e-04, 1.6123e-04,
        2.9112e-04, 6.7370e-04, 3.0085e-04, 7.3108e-04, 1.4353e-04, 1.5007e-04,
        2.8269e-04, 2.5691e-04, 2.6697e-04, 3.9805e-04, 3.4140e-05, 3.1413e-04,
        6.7616e-05, 9.2383e-05, 4.2727e-04, 5.8889e-05, 1.3375e-04, 6.3337e-04,
        3.5676e-04, 1.4239e-04, 5.2707e-04, 1.4106e-04, 5.1805e-04, 1.3749e-04,
        5.2298e-04, 1.6313e-05, 3.7109e-04, 2.3731e-04, 3.0400e-04, 2.3514e-04,
        6.1411e-05, 8.2243e-05, 1.8052e-05, 2.9062e-04, 4.7406e-04, 2.8678e-04,
        7.5797e-05, 4.9181e-04, 2.8154e-04, 4.4393e-04, 8.4442e-05, 1.8651e-04,
        1.6867e-04, 1.1742e-04, 8.1937e-05, 1.3622e-05, 4.2036e-05, 1.6604e-04,
        1.9850e-04, 1.0773e-04, 1.6491e-05, 4.4503e-04, 5.4440e-04, 2.2231e-04,
        1.1456e-04, 1.5089e-04, 4.2661e-04, 3.5240e-04, 1.0206e-04, 2.2222e-04,
        1.0599e-04, 4.4233e-04, 5.6790e-05, 5.5537e-05, 2.5050e-04, 1.2125e-04,
        1.5109e-04, 1.4718e-04, 3.1423e-05, 9.0032e-05, 4.1343e-04, 3.7751e-04,
        8.3269e-07, 4.1296e-05, 4.1713e-05, 3.9946e-04, 3.3836e-04, 1.5206e-04,
        1.3695e-04, 7.1107e-05, 2.4890e-04, 2.0135e-04, 1.3167e-05, 4.1378e-05,
        3.3649e-04, 1.4819e-04, 1.3194e-04, 3.1606e-04, 8.5358e-05],
       grad_fn=<CatBackward>)

mean_overall=tensor(0.0004, grad_fn=<MeanBackward0>)

-----------------------------------------------ITERATION200-----------------------------------------------

final_causality=[[1, 1, 1, 1, 1, 1, 1, 1, 1, 1, 1, 1, 1], [1, 1, 1, 1, 1, 1, 1, 1, 1, 1, 1, 1, 1, 1, 1, 1, 1, 1, 1, 1, 1, 1, 1, 1, 1, 1, 1, 1, 1, 1, 1, 1, 1, 1, 1, 1, 1, 1, 1, 1, 1, 1, 1, 1, 1, 1, 1, 1, 1, 1], [1, 1, 1, 1, 1, 1, 1, 1, 1, 1, 1, 1, 1, 1, 1, 1, 1, 1, 1, 1, 1, 1, 1, 1, 1, 1, 1, 1, 1, 1, 1, 1, 1, 1, 1, 1, 1, 1, 1, 1, 1, 1, 1, 1, 1, 1, 1, 1, 1, 1]]

means=tensor([1.3077e-03, 1.9587e-03, 6.8171e-04, 2.9236e-03, 2.9458e-03, 9.4419e-04,
        2.3796e-03, 3.8386e-04, 2.8630e-03, 2.2803e-03, 9.2132e-04, 1.6852e-03,
        1.0029e-03, 1.5463e-04, 5.7983e-04, 1.1143e-04, 3.0482e-04, 2.4472e-04,
        4.4668e-04, 3.1174e-05, 8.0798e-04, 4.6434e-04, 5.3187e-04, 1.7577e-04,
        3.3147e-04, 7.3010e-04, 3.3106e-04, 8.2830e-04, 1.6202e-04, 1.6841e-04,
        3.2872e-04, 3.0506e-04, 3.3276e-04, 4.3672e-04, 3.6078e-05, 3.4699e-04,
        7.2952e-05, 9.6918e-05, 4.9087e-04, 6.6075e-05, 1.4147e-04, 7.0441e-04,
        3.9672e-04, 1.5234e-04, 5.7815e-04, 1.8137e-04, 5.9202e-04, 1.3736e-04,
        6.0709e-04, 1.8920e-05, 4.3173e-04, 2.7361e-04, 3.5476e-04, 2.7357e-04,
        6.9930e-05, 8.8891e-05, 1.6811e-05, 2.9713e-04, 5.2084e-04, 3.2300e-04,
        8.0418e-05, 5.3454e-04, 2.8073e-04, 4.8624e-04, 9.7420e-05, 2.0969e-04,
        1.9121e-04, 1.3370e-04, 9.7122e-05, 1.6948e-05, 4.6809e-05, 1.9069e-04,
        2.2397e-04, 1.2327e-04, 1.9992e-05, 4.9673e-04, 6.0555e-04, 2.4750e-04,
        1.3085e-04, 1.7135e-04, 4.7807e-04, 4.0585e-04, 1.2056e-04, 2.5178e-04,
        1.2687e-04, 4.9103e-04, 6.7663e-05, 6.0165e-05, 2.8564e-04, 1.4498e-04,
        1.6908e-04, 1.6682e-04, 3.7374e-05, 1.0607e-04, 4.5886e-04, 4.1727e-04,
        5.1056e-07, 4.7119e-05, 4.9434e-05, 4.3797e-04, 3.7883e-04, 1.7687e-04,
        1.5768e-04, 8.4244e-05, 2.8413e-04, 2.3190e-04, 1.6371e-05, 4.7307e-05,
        3.8347e-04, 1.7290e-04, 1.5306e-04, 3.5849e-04, 9.9383e-05],
       grad_fn=<CatBackward>)

mean_overall=tensor(0.0004, grad_fn=<MeanBackward0>)

-----------------------------------------------ITERATION210-----------------------------------------------

final_causality=[[1, 1, 1, 1, 1, 1, 1, 1, 1, 1, 1, 1, 1], [1, 1, 1, 1, 1, 1, 1, 1, 1, 1, 1, 1, 1, 1, 1, 1, 1, 1, 1, 1, 1, 1, 1, 1, 1, 1, 1, 1, 1, 1, 1, 1, 1, 1, 1, 1, 1, 1, 1, 1, 1, 1, 1, 1, 1, 1, 1, 1, 1, 1], [1, 1, 1, 1, 1, 1, 1, 1, 1, 1, 1, 1, 1, 1, 1, 1, 1, 1, 1, 1, 1, 1, 1, 1, 1, 1, 1, 1, 1, 1, 1, 1, 1, 1, 1, 1, 1, 1, 1, 1, 1, 1, 1, 1, 1, 1, 1, 1, 1, 1]]

means=tensor([1.4961e-03, 2.2543e-03, 9.5207e-04, 3.3158e-03, 3.3434e-03, 1.0951e-03,
        2.7195e-03, 4.8227e-04, 3.2144e-03, 2.6054e-03, 1.0282e-03, 1.9409e-03,
        1.2144e-03, 1.7809e-04, 6.6682e-04, 1.2150e-04, 3.5204e-04, 2.9990e-04,
        4.9210e-04, 4.1971e-05, 9.2663e-04, 5.3687e-04, 5.8944e-04, 1.9199e-04,
        3.7689e-04, 7.9161e-04, 3.6445e-04, 9.3639e-04, 1.8336e-04, 1.8931e-04,
        3.8105e-04, 3.6242e-04, 4.1507e-04, 4.8032e-04, 3.9600e-05, 3.8385e-04,
        8.3113e-05, 1.0238e-04, 5.6218e-04, 8.0398e-05, 1.5071e-04, 7.8229e-04,
        4.4118e-04, 1.6348e-04, 6.3408e-04, 2.2962e-04, 6.7561e-04, 1.3758e-04,
        7.0202e-04, 2.2164e-05, 5.0039e-04, 3.1607e-04, 4.1198e-04, 3.1860e-04,
        8.0571e-05, 9.6425e-05, 1.5489e-05, 3.0481e-04, 5.7273e-04, 3.6406e-04,
        8.5999e-05, 5.8125e-04, 2.8074e-04, 5.3237e-04, 1.1265e-04, 2.3567e-04,
        2.2210e-04, 1.5268e-04, 1.1456e-04, 2.1119e-05, 5.3563e-05, 2.1765e-04,
        2.5235e-04, 1.4127e-04, 2.4403e-05, 5.5334e-04, 6.7205e-04, 2.7509e-04,
        1.4908e-04, 1.9410e-04, 5.3487e-04, 4.6376e-04, 1.4336e-04, 2.8446e-04,
        1.5014e-04, 5.4348e-04, 8.1070e-05, 6.8293e-05, 3.2449e-04, 1.7143e-04,
        1.9666e-04, 1.8933e-04, 4.5498e-05, 1.2435e-04, 5.0850e-04, 4.6052e-04,
        1.9776e-07, 5.4029e-05, 5.8954e-05, 4.7992e-04, 4.2313e-04, 2.0549e-04,
        1.8134e-04, 9.9444e-05, 3.2229e-04, 2.6562e-04, 2.0503e-05, 5.4407e-05,
        4.3485e-04, 2.0091e-04, 1.7709e-04, 4.0659e-04, 1.1591e-04],
       grad_fn=<CatBackward>)

mean_overall=tensor(0.0005, grad_fn=<MeanBackward0>)

-----------------------------------------------ITERATION220-----------------------------------------------

final_causality=[[1, 1, 1, 1, 1, 1, 1, 1, 1, 1, 1, 1, 1], [1, 1, 1, 1, 1, 1, 1, 1, 1, 1, 1, 1, 1, 1, 1, 1, 1, 1, 1, 1, 1, 1, 1, 1, 1, 1, 1, 1, 1, 1, 1, 1, 1, 1, 1, 1, 1, 1, 1, 1, 1, 1, 1, 1, 1, 1, 1, 1, 1, 1], [1, 1, 1, 1, 1, 1, 1, 1, 1, 1, 1, 1, 1, 1, 1, 1, 1, 1, 1, 1, 1, 1, 1, 1, 1, 1, 1, 1, 1, 1, 1, 1, 1, 1, 1, 1, 1, 1, 1, 1, 1, 1, 1, 1, 1, 1, 1, 1, 1, 1]]

means=tensor([1.7130e-03, 2.5874e-03, 1.2552e-03, 3.7629e-03, 3.7906e-03, 1.2681e-03,
        3.1037e-03, 6.0845e-04, 3.6097e-03, 2.9679e-03, 1.1635e-03, 2.2378e-03,
        1.4534e-03, 2.0511e-04, 7.6423e-04, 1.3390e-04, 4.0515e-04, 3.6401e-04,
        5.4229e-04, 5.5986e-05, 1.0576e-03, 6.1942e-04, 6.5249e-04, 2.1011e-04,
        4.2787e-04, 8.5856e-04, 4.0129e-04, 1.0559e-03, 2.0785e-04, 2.1319e-04,
        4.4024e-04, 4.2865e-04, 5.1263e-04, 5.2957e-04, 4.3880e-05, 4.2516e-04,
        9.6633e-05, 1.0883e-04, 6.4182e-04, 1.0138e-04, 1.6177e-04, 8.6738e-04,
        4.9042e-04, 1.7594e-04, 6.9535e-04, 2.8652e-04, 7.6991e-04, 1.3813e-04,
        8.0856e-04, 2.6122e-05, 5.7791e-04, 3.6554e-04, 4.7620e-04, 3.7122e-04,
        9.3786e-05, 1.0495e-04, 1.4062e-05, 3.1382e-04, 6.3034e-04, 4.1040e-04,
        9.2705e-05, 6.3223e-04, 2.8408e-04, 5.8257e-04, 1.3049e-04, 2.6465e-04,
        2.5881e-04, 1.7470e-04, 1.3460e-04, 2.6432e-05, 6.2569e-05, 2.4700e-04,
        2.8377e-04, 1.6210e-04, 2.9843e-05, 6.1500e-04, 7.4435e-04, 3.0521e-04,
        1.6946e-04, 2.1947e-04, 5.9720e-04, 5.2629e-04, 1.6921e-04, 3.2047e-04,
        1.7590e-04, 5.9999e-04, 9.7523e-05, 7.9324e-05, 3.6804e-04, 2.0070e-04,
        2.2899e-04, 2.1483e-04, 5.5612e-05, 1.4513e-04, 5.6241e-04, 5.0780e-04,
        1.1507e-07, 6.2179e-05, 7.0641e-05, 5.2574e-04, 4.7152e-04, 2.3848e-04,
        2.0820e-04, 1.1699e-04, 3.6358e-04, 3.0277e-04, 2.5826e-05, 6.2698e-05,
        4.9075e-04, 2.3264e-04, 2.0441e-04, 4.6130e-04, 1.3531e-04],
       grad_fn=<CatBackward>)

mean_overall=tensor(0.0006, grad_fn=<MeanBackward0>)

-----------------------------------------------ITERATION230-----------------------------------------------

final_causality=[[1, 1, 1, 1, 1, 1, 1, 1, 1, 1, 1, 1, 1], [1, 1, 1, 1, 1, 1, 1, 1, 1, 1, 1, 1, 1, 1, 1, 1, 1, 1, 1, 1, 1, 1, 1, 1, 1, 1, 1, 1, 1, 1, 1, 1, 1, 1, 1, 1, 1, 1, 1, 1, 1, 1, 1, 1, 1, 1, 1, 1, 1, 1], [1, 1, 1, 1, 1, 1, 1, 1, 1, 1, 1, 1, 1, 1, 1, 1, 1, 1, 1, 1, 1, 1, 1, 1, 1, 1, 1, 1, 1, 1, 1, 1, 1, 1, 1, 1, 1, 1, 1, 1, 1, 1, 1, 1, 1, 1, 1, 1, 1, 1]]

means=tensor([1.9624e-03, 2.9623e-03, 1.5948e-03, 4.2720e-03, 4.2925e-03, 1.4660e-03,
        3.5366e-03, 7.6754e-04, 4.0529e-03, 3.3707e-03, 1.3339e-03, 2.5825e-03,
        1.7236e-03, 2.3611e-04, 8.7303e-04, 1.4824e-04, 4.6465e-04, 4.3849e-04,
        5.9753e-04, 7.3989e-05, 1.2018e-03, 7.1315e-04, 7.2126e-04, 2.3040e-04,
        4.8578e-04, 9.3125e-04, 4.4182e-04, 1.1873e-03, 2.3581e-04, 2.4052e-04,
        5.0691e-04, 5.0460e-04, 6.2575e-04, 5.8524e-04, 4.9076e-05, 4.7141e-04,
        1.1268e-04, 1.1873e-04, 7.3043e-04, 1.2734e-04, 1.7493e-04, 9.6002e-04,
        5.4476e-04, 1.8983e-04, 7.6244e-04, 3.5273e-04, 8.7611e-04, 1.3931e-04,
        9.2745e-04, 3.0900e-05, 6.6520e-04, 4.2297e-04, 5.4795e-04, 4.3251e-04,
        1.1129e-04, 1.1455e-04, 1.2481e-05, 3.2431e-04, 6.9428e-04, 4.6253e-04,
        1.0209e-04, 6.8777e-04, 2.9103e-04, 6.3705e-04, 1.5139e-04, 2.9684e-04,
        2.9865e-04, 1.9943e-04, 1.5764e-04, 3.3272e-05, 7.3211e-05, 2.7884e-04,
        3.1926e-04, 1.8616e-04, 3.6585e-05, 6.8181e-04, 8.2548e-04, 3.3803e-04,
        1.9218e-04, 2.4782e-04, 6.6556e-04, 5.9355e-04, 1.9809e-04, 3.5969e-04,
        2.0411e-04, 6.6122e-04, 1.1766e-04, 9.1877e-05, 4.1583e-04, 2.3283e-04,
        2.6489e-04, 2.4346e-04, 6.7893e-05, 1.6869e-04, 6.2061e-04, 5.5960e-04,
        4.8941e-07, 7.3258e-05, 8.4918e-05, 5.7615e-04, 5.2432e-04, 2.8108e-04,
        2.3855e-04, 1.3719e-04, 4.0817e-04, 3.4363e-04, 3.2669e-05, 7.2336e-05,
        5.5124e-04, 2.6854e-04, 2.3539e-04, 5.2160e-04, 1.5800e-04],
       grad_fn=<CatBackward>)

mean_overall=tensor(0.0006, grad_fn=<MeanBackward0>)

-----------------------------------------------ITERATION240-----------------------------------------------

final_causality=[[1, 1, 1, 1, 1, 1, 1, 1, 1, 1, 1, 1, 1], [1, 1, 1, 1, 1, 1, 1, 1, 1, 1, 1, 1, 1, 1, 1, 1, 1, 1, 1, 1, 1, 1, 1, 1, 1, 1, 1, 1, 1, 1, 1, 1, 1, 1, 1, 1, 1, 1, 1, 1, 1, 1, 1, 1, 1, 1, 1, 1, 1, 1], [1, 1, 1, 1, 1, 1, 1, 1, 1, 1, 1, 1, 1, 1, 1, 1, 1, 1, 1, 1, 1, 1, 1, 1, 1, 1, 1, 1, 1, 1, 1, 1, 1, 1, 1, 1, 1, 1, 1, 1, 1, 1, 1, 1, 1, 1, 1, 1, 1, 1]]

means=tensor([2.2483e-03, 3.3833e-03, 1.9746e-03, 4.8510e-03, 4.8543e-03, 1.6917e-03,
        4.0229e-03, 9.6467e-04, 4.5479e-03, 3.8170e-03, 1.5470e-03, 2.9825e-03,
        2.0284e-03, 2.7150e-04, 9.9415e-04, 1.6481e-04, 5.3103e-04, 5.2346e-04,
        6.5807e-04, 9.6827e-05, 1.3603e-03, 8.1928e-04, 7.9593e-04, 2.5309e-04,
        5.5038e-04, 1.0099e-03, 4.8628e-04, 1.3310e-03, 2.6752e-04, 2.7176e-04,
        5.8167e-04, 5.9104e-04, 7.5602e-04, 6.4813e-04, 5.5370e-05, 5.2314e-04,
        1.3621e-04, 1.3183e-04, 8.2867e-04, 1.5924e-04, 1.9055e-04, 1.0604e-03,
        6.0448e-04, 2.0520e-04, 8.3579e-04, 4.2879e-04, 9.9549e-04, 1.4363e-04,
        1.0593e-03, 3.6603e-05, 7.6317e-04, 4.8933e-04, 6.2777e-04, 5.0365e-04,
        1.3239e-04, 1.2530e-04, 1.0700e-05, 3.3645e-04, 7.6521e-04, 5.2096e-04,
        1.1348e-04, 7.4801e-04, 2.9942e-04, 6.9596e-04, 1.7582e-04, 3.3240e-04,
        3.4156e-04, 2.2701e-04, 1.8410e-04, 4.2133e-05, 8.5799e-05, 3.1328e-04,
        3.5871e-04, 2.1389e-04, 4.4970e-05, 7.5502e-04, 9.1302e-04, 3.7370e-04,
        2.1746e-04, 2.7951e-04, 7.4039e-04, 6.6625e-04, 2.3169e-04, 4.0227e-04,
        2.3489e-04, 7.2823e-04, 1.4222e-04, 1.0608e-04, 4.6806e-04, 2.6785e-04,
        3.0399e-04, 2.7534e-04, 8.2093e-05, 1.9530e-04, 6.8307e-04, 6.1557e-04,
        1.0267e-06, 8.6473e-05, 1.0226e-04, 6.2999e-04, 5.8177e-04, 3.3008e-04,
        2.7266e-04, 1.6034e-04, 4.5620e-04, 3.8842e-04, 4.1427e-05, 8.3478e-05,
        6.1632e-04, 3.0909e-04, 2.7044e-04, 5.8758e-04, 1.8444e-04],
       grad_fn=<CatBackward>)

mean_overall=tensor(0.0007, grad_fn=<MeanBackward0>)

-----------------------------------------------ITERATION250-----------------------------------------------

final_causality=[[1, 1, 1, 1, 1, 1, 1, 1, 1, 1, 1, 1, 1], [1, 1, 1, 1, 1, 1, 1, 1, 1, 1, 1, 1, 1, 1, 1, 1, 1, 1, 1, 1, 1, 1, 1, 1, 1, 1, 1, 1, 1, 1, 1, 1, 1, 1, 1, 1, 1, 1, 1, 1, 1, 1, 1, 1, 1, 1, 1, 1, 1, 1], [1, 1, 1, 1, 1, 1, 1, 1, 1, 1, 1, 1, 1, 1, 1, 1, 1, 1, 1, 1, 1, 1, 1, 1, 1, 1, 1, 1, 1, 1, 1, 1, 1, 1, 1, 1, 1, 1, 1, 1, 1, 1, 1, 1, 1, 1, 1, 1, 1, 1]]

means=tensor([2.5752e-03, 3.8545e-03, 2.3985e-03, 5.5080e-03, 5.4809e-03, 1.9483e-03,
        4.5666e-03, 1.2049e-03, 5.0977e-03, 4.3090e-03, 1.8116e-03, 3.4464e-03,
        2.3714e-03, 3.1165e-04, 1.1285e-03, 1.8397e-04, 6.0467e-04, 6.1952e-04,
        7.2399e-04, 1.2543e-04, 1.5339e-03, 9.3903e-04, 8.7879e-04, 2.7901e-04,
        6.2196e-04, 1.0946e-03, 5.3752e-04, 1.4872e-03, 3.0325e-04, 3.0741e-04,
        6.6510e-04, 6.8867e-04, 9.0501e-04, 7.1907e-04, 6.4819e-05, 5.8090e-04,
        1.6607e-04, 1.4693e-04, 9.3713e-04, 1.9811e-04, 2.0901e-04, 1.1688e-03,
        6.6983e-04, 2.2203e-04, 9.1578e-04, 5.1511e-04, 1.1293e-03, 1.4803e-04,
        1.2046e-03, 4.3334e-05, 8.7264e-04, 5.6563e-04, 7.1610e-04, 5.8590e-04,
        1.5767e-04, 1.3726e-04, 8.6665e-06, 3.5065e-04, 8.4379e-04, 5.8617e-04,
        1.2701e-04, 8.1301e-04, 3.0938e-04, 7.5935e-04, 2.0433e-04, 3.7142e-04,
        3.8907e-04, 2.5753e-04, 2.1441e-04, 5.3624e-05, 1.0069e-04, 3.5034e-04,
        4.0162e-04, 2.4575e-04, 5.5403e-05, 8.3372e-04, 1.0066e-03, 4.1234e-04,
        2.4578e-04, 3.1491e-04, 8.2203e-04, 7.4482e-04, 2.6999e-04, 4.4829e-04,
        2.6837e-04, 8.0008e-04, 1.7204e-04, 1.2205e-04, 5.2486e-04, 3.0575e-04,
        3.4666e-04, 3.1055e-04, 9.8311e-05, 2.2524e-04, 7.4964e-04, 6.7584e-04,
        1.8778e-06, 1.0192e-04, 1.2316e-04, 6.8724e-04, 6.4408e-04, 3.8550e-04,
        3.1075e-04, 1.8675e-04, 5.0774e-04, 4.3812e-04, 5.2564e-05, 9.6280e-05,
        6.8593e-04, 3.5472e-04, 3.0988e-04, 6.5923e-04, 2.1578e-04],
       grad_fn=<CatBackward>)

mean_overall=tensor(0.0008, grad_fn=<MeanBackward0>)

-----------------------------------------------ITERATION260-----------------------------------------------

final_causality=[[1, 1, 1, 1, 1, 1, 1, 1, 1, 1, 1, 1, 1], [1, 1, 1, 1, 1, 1, 1, 1, 1, 1, 1, 1, 1, 1, 1, 1, 1, 1, 1, 1, 1, 1, 1, 1, 1, 1, 1, 1, 1, 1, 1, 1, 1, 1, 1, 1, 1, 1, 1, 1, 1, 1, 1, 1, 1, 1, 1, 1, 1, 1], [1, 1, 1, 1, 1, 1, 1, 1, 1, 1, 1, 1, 1, 1, 1, 1, 1, 1, 1, 1, 1, 1, 1, 1, 1, 1, 1, 1, 1, 1, 1, 1, 1, 1, 1, 1, 1, 1, 1, 1, 1, 1, 1, 1, 1, 1, 1, 1, 1, 1]]

means=tensor([2.9477e-03, 4.3798e-03, 2.8695e-03, 6.2518e-03, 6.1764e-03, 2.2387e-03,
        5.1713e-03, 1.4933e-03, 5.7044e-03, 4.8477e-03, 2.1373e-03, 3.9835e-03,
        2.7558e-03, 3.5689e-04, 1.2768e-03, 2.0607e-04, 6.8580e-04, 7.2711e-04,
        7.9518e-04, 1.6081e-04, 1.7234e-03, 1.0735e-03, 9.7308e-04, 3.0814e-04,
        7.0070e-04, 1.1854e-03, 5.9389e-04, 1.6557e-03, 3.4434e-04, 3.4796e-04,
        7.5762e-04, 7.9802e-04, 1.0741e-03, 7.9891e-04, 7.7671e-05, 6.4524e-04,
        2.0194e-04, 1.6419e-04, 1.0563e-03, 2.4504e-04, 2.3081e-04, 1.2850e-03,
        7.4093e-04, 2.4029e-04, 1.0027e-03, 6.1191e-04, 1.2786e-03, 1.5244e-04,
        1.3635e-03, 5.1606e-05, 9.9431e-04, 6.5280e-04, 8.1316e-04, 6.8047e-04,
        1.8779e-04, 1.5043e-04, 6.3305e-06, 3.6968e-04, 9.3065e-04, 6.5864e-04,
        1.4304e-04, 8.8536e-04, 3.2544e-04, 8.2751e-04, 2.3781e-04, 4.1393e-04,
        4.3972e-04, 2.9103e-04, 2.4901e-04, 6.8493e-05, 1.1828e-04, 3.9066e-04,
        4.4789e-04, 2.8214e-04, 6.8438e-05, 9.1751e-04, 1.1061e-03, 4.5400e-04,
        2.7790e-04, 3.5432e-04, 9.1064e-04, 8.3136e-04, 3.1119e-04, 4.9774e-04,
        3.0461e-04, 8.7674e-04, 2.0795e-04, 1.4012e-04, 5.8620e-04, 3.4643e-04,
        3.9257e-04, 3.4918e-04, 1.1678e-04, 2.5869e-04, 8.2009e-04, 7.4041e-04,
        3.2153e-06, 1.1967e-04, 1.4812e-04, 7.4800e-04, 7.1132e-04, 4.4779e-04,
        3.5295e-04, 2.1681e-04, 5.6280e-04, 4.9380e-04, 6.6589e-05, 1.1088e-04,
        7.5986e-04, 4.0582e-04, 3.5399e-04, 7.3694e-04, 2.5194e-04],
       grad_fn=<CatBackward>)

mean_overall=tensor(0.0009, grad_fn=<MeanBackward0>)

-----------------------------------------------ITERATION270-----------------------------------------------

final_causality=[[1, 1, 1, 1, 1, 1, 1, 1, 1, 1, 1, 1, 1], [1, 1, 1, 1, 1, 1, 1, 1, 1, 1, 1, 1, 1, 1, 1, 1, 1, 1, 1, 1, 1, 1, 1, 1, 1, 1, 1, 1, 1, 1, 1, 1, 1, 1, 1, 1, 1, 1, 1, 1, 1, 1, 1, 1, 1, 1, 1, 1, 1, 1], [1, 1, 1, 1, 1, 1, 1, 1, 1, 1, 1, 1, 1, 1, 1, 1, 1, 1, 1, 1, 1, 1, 1, 1, 1, 1, 1, 1, 1, 1, 1, 1, 1, 1, 1, 1, 1, 1, 1, 1, 1, 1, 1, 1, 1, 1, 1, 1, 1, 1]]

means=tensor([3.3707e-03, 4.9624e-03, 3.3898e-03, 7.0914e-03, 6.9438e-03, 2.5658e-03,
        5.8392e-03, 1.8349e-03, 6.3680e-03, 5.4326e-03, 2.5347e-03, 4.6036e-03,
        3.1843e-03, 4.0738e-04, 1.4395e-03, 2.3148e-04, 7.7434e-04, 8.4645e-04,
        8.7292e-04, 2.0402e-04, 1.9291e-03, 1.2237e-03, 1.0745e-03, 3.4041e-04,
        7.8657e-04, 1.2820e-03, 6.5521e-04, 1.8417e-03, 3.9026e-04, 3.9392e-04,
        8.5937e-04, 9.1936e-04, 1.2645e-03, 8.8846e-04, 9.3361e-05, 7.1666e-04,
        2.4462e-04, 1.8594e-04, 1.1862e-03, 3.0113e-04, 2.5653e-04, 1.4088e-03,
        8.1776e-04, 2.5981e-04, 1.0965e-03, 7.1917e-04, 1.4444e-03, 1.5677e-04,
        1.5358e-03, 6.1874e-05, 1.1286e-03, 7.5163e-04, 9.1886e-04, 7.8849e-04,
        2.2339e-04, 1.6478e-04, 3.6348e-06, 3.9021e-04, 1.0264e-03, 7.3880e-04,
        1.6192e-04, 9.7236e-04, 3.4544e-04, 9.0076e-04, 2.7675e-04, 4.5986e-04,
        4.9286e-04, 3.2793e-04, 2.8829e-04, 8.7611e-05, 1.3900e-04, 4.3353e-04,
        4.9730e-04, 3.2347e-04, 8.4800e-05, 1.0060e-03, 1.2111e-03, 4.9863e-04,
        3.1334e-04, 3.9945e-04, 1.0061e-03, 9.2390e-04, 3.5496e-04, 5.5050e-04,
        3.4360e-04, 9.5797e-04, 2.5141e-04, 1.6060e-04, 6.5188e-04, 3.8969e-04,
        4.4117e-04, 3.9121e-04, 1.3748e-04, 2.9578e-04, 8.9395e-04, 8.0911e-04,
        5.3229e-06, 1.3988e-04, 1.7774e-04, 8.1267e-04, 7.8340e-04, 5.1822e-04,
        3.9927e-04, 2.5089e-04, 6.2211e-04, 5.5425e-04, 8.4038e-05, 1.2739e-04,
        8.3772e-04, 4.6265e-04, 4.0291e-04, 8.2047e-04, 2.9327e-04],
       grad_fn=<CatBackward>)

mean_overall=tensor(0.0010, grad_fn=<MeanBackward0>)

-----------------------------------------------ITERATION280-----------------------------------------------

final_causality=[[1, 1, 1, 1, 1, 1, 1, 1, 1, 1, 1, 1, 1], [1, 1, 1, 1, 1, 1, 1, 1, 1, 1, 1, 1, 1, 1, 1, 1, 1, 1, 1, 1, 1, 1, 1, 1, 1, 1, 1, 1, 1, 1, 1, 1, 1, 1, 1, 1, 1, 1, 1, 1, 1, 1, 1, 1, 1, 1, 1, 1, 1, 1], [1, 1, 1, 1, 1, 1, 1, 1, 1, 1, 1, 1, 1, 1, 1, 1, 1, 1, 1, 1, 1, 1, 1, 1, 1, 1, 1, 1, 1, 1, 1, 1, 1, 1, 1, 1, 1, 1, 1, 1, 1, 1, 1, 1, 1, 1, 1, 1, 1, 1]]

means=tensor([3.8490e-03, 5.6043e-03, 3.9597e-03, 8.0355e-03, 7.7845e-03, 2.9322e-03,
        6.5708e-03, 2.2344e-03, 7.0858e-03, 6.0598e-03, 3.0151e-03, 5.3174e-03,
        3.6590e-03, 4.6313e-04, 1.6168e-03, 2.6057e-04, 8.6976e-04, 9.7730e-04,
        9.6184e-04, 2.5612e-04, 2.1511e-03, 1.3901e-03, 1.1826e-03, 3.7593e-04,
        8.7922e-04, 1.3837e-03, 7.2142e-04, 2.0396e-03, 4.4238e-04, 4.4572e-04,
        9.7011e-04, 1.0526e-03, 1.4769e-03, 9.8849e-04, 1.1244e-04, 7.9559e-04,
        2.9481e-04, 2.1857e-04, 1.3264e-03, 3.6739e-04, 2.8690e-04, 1.5397e-03,
        9.0006e-04, 2.8034e-04, 1.1970e-03, 8.3642e-04, 1.6272e-03, 1.6175e-04,
        1.7208e-03, 7.3689e-05, 1.2754e-03, 8.6268e-04, 1.0326e-03, 9.1080e-04,
        2.6514e-04, 1.8021e-04, 5.1570e-07, 4.1222e-04, 1.1314e-03, 8.2697e-04,
        1.8403e-04, 1.0654e-03, 3.6777e-04, 9.7755e-04, 3.2162e-04, 5.0895e-04,
        5.4792e-04, 3.6916e-04, 3.3256e-04, 1.1195e-04, 1.6329e-04, 4.7871e-04,
        5.4945e-04, 3.7000e-04, 1.0490e-04, 1.1018e-03, 1.3213e-03, 5.4602e-04,
        3.5215e-04, 4.4997e-04, 1.1079e-03, 1.0207e-03, 4.0086e-04, 6.0626e-04,
        3.8522e-04, 1.0432e-03, 3.0363e-04, 1.8336e-04, 7.2143e-04, 4.3519e-04,
        4.9513e-04, 4.3657e-04, 1.6030e-04, 3.3759e-04, 9.7054e-04, 8.8154e-04,
        8.6014e-06, 1.6263e-04, 2.1251e-04, 8.8216e-04, 8.5997e-04, 5.9929e-04,
        4.4957e-04, 2.8876e-04, 6.8437e-04, 6.1926e-04, 1.0542e-04, 1.4587e-04,
        9.1886e-04, 5.2523e-04, 4.5658e-04, 9.0820e-04, 3.4046e-04],
       grad_fn=<CatBackward>)

mean_overall=tensor(0.0012, grad_fn=<MeanBackward0>)

-----------------------------------------------ITERATION290-----------------------------------------------

final_causality=[[1, 1, 1, 1, 1, 1, 1, 1, 1, 1, 1, 1, 1], [1, 1, 1, 1, 1, 1, 1, 1, 1, 1, 1, 1, 1, 1, 1, 1, 1, 1, 1, 1, 1, 1, 1, 1, 1, 1, 1, 1, 1, 1, 1, 1, 1, 1, 1, 1, 1, 1, 1, 1, 1, 1, 1, 1, 1, 1, 1, 1, 1, 1], [1, 1, 1, 1, 1, 1, 1, 1, 1, 1, 1, 1, 1, 1, 1, 1, 1, 1, 1, 1, 1, 1, 1, 1, 1, 1, 1, 1, 1, 1, 1, 1, 1, 1, 1, 1, 1, 1, 1, 1, 1, 1, 1, 1, 1, 1, 1, 1, 1, 1]]

means=tensor([4.3874e-03, 6.3049e-03, 4.5761e-03, 9.0937e-03, 8.6977e-03, 3.3395e-03,
        7.3641e-03, 2.6971e-03, 7.8512e-03, 6.7229e-03, 3.5898e-03, 6.1362e-03,
        4.1811e-03, 5.2386e-04, 1.8081e-03, 2.9364e-04, 9.7101e-04, 1.1188e-03,
        1.0557e-03, 3.1803e-04, 2.3886e-03, 1.5726e-03, 1.2963e-03, 4.1471e-04,
        9.7781e-04, 1.4897e-03, 7.9220e-04, 2.2468e-03, 5.0119e-04, 5.0372e-04,
        1.0890e-03, 1.1968e-03, 1.7112e-03, 1.0997e-03, 1.3551e-04, 8.8233e-04,
        3.5303e-04, 2.5754e-04, 1.4761e-03, 4.4453e-04, 3.2282e-04, 1.6765e-03,
        9.8728e-04, 3.0153e-04, 1.3038e-03, 9.6251e-04, 1.8269e-03, 1.6766e-04,
        1.9169e-03, 8.6967e-05, 1.4342e-03, 9.8617e-04, 1.1533e-03, 1.0478e-03,
        3.1372e-04, 1.9654e-04, 4.5648e-06, 4.3564e-04, 1.2459e-03, 9.2332e-04,
        2.0976e-04, 1.1639e-03, 3.9267e-04, 1.0569e-03, 3.7279e-04, 5.6075e-04,
        6.0409e-04, 4.1370e-04, 3.8198e-04, 1.4265e-04, 1.9336e-04, 5.2579e-04,
        6.0377e-04, 4.2188e-04, 1.2929e-04, 1.2013e-03, 1.4417e-03, 5.9747e-04,
        3.9464e-04, 5.0647e-04, 1.2152e-03, 1.1206e-03, 4.4820e-04, 6.6459e-04,
        4.2915e-04, 1.1315e-03, 3.6585e-04, 2.0847e-04, 7.9414e-04, 4.8281e-04,
        5.5143e-04, 4.8513e-04, 1.8509e-04, 3.8461e-04, 1.0488e-03, 9.5701e-04,
        1.3562e-05, 1.8789e-04, 2.5248e-04, 9.5518e-04, 9.4039e-04, 6.8819e-04,
        5.0346e-04, 3.3032e-04, 7.4893e-04, 6.8834e-04, 1.3119e-04, 1.6628e-04,
        1.0024e-03, 5.9332e-04, 5.1474e-04, 1.0024e-03, 3.9308e-04],
       grad_fn=<CatBackward>)

mean_overall=tensor(0.0013, grad_fn=<MeanBackward0>)

-----------------------------------------------ITERATION300-----------------------------------------------

final_causality=[[1, 1, 1, 1, 1, 1, 1, 1, 1, 1, 1, 1, 1], [1, 1, 1, 1, 1, 1, 1, 1, 1, 1, 1, 1, 1, 1, 1, 1, 1, 1, 1, 1, 1, 1, 1, 1, 1, 1, 1, 1, 1, 1, 1, 1, 1, 1, 1, 1, 1, 1, 1, 1, 1, 1, 1, 1, 1, 1, 1, 1, 1, 1], [1, 1, 1, 1, 1, 1, 1, 1, 1, 1, 1, 1, 1, 1, 1, 1, 1, 1, 1, 1, 1, 1, 1, 1, 1, 1, 1, 1, 1, 1, 1, 1, 1, 1, 1, 1, 1, 1, 1, 1, 1, 1, 1, 1, 1, 1, 1, 1, 1, 1]]

means=tensor([4.9907e-03, 7.0616e-03, 5.2326e-03, 1.0275e-02, 9.6795e-03, 3.7887e-03,
        8.2135e-03, 3.2284e-03, 8.6521e-03, 7.4100e-03, 4.2702e-03, 7.0712e-03,
        4.7507e-03, 5.8883e-04, 2.0122e-03, 3.3100e-04, 1.0763e-03, 1.2694e-03,
        1.1533e-03, 3.9044e-04, 2.6398e-03, 1.7705e-03, 1.4140e-03, 4.5670e-04,
        1.0808e-03, 1.5986e-03, 8.6705e-04, 2.4600e-03, 5.6363e-04, 5.6819e-04,
        1.2146e-03, 1.3502e-03, 1.9663e-03, 1.2225e-03, 1.6320e-04, 9.7711e-04,
        4.1946e-04, 3.0210e-04, 1.6332e-03, 5.3265e-04, 3.6547e-04, 1.8178e-03,
        1.0785e-03, 3.2293e-04, 1.4157e-03, 1.0953e-03, 2.0429e-03, 1.7286e-04,
        2.1212e-03, 1.0148e-04, 1.6034e-03, 1.1217e-03, 1.2788e-03, 1.1991e-03,
        3.6974e-04, 2.1356e-04, 1.7927e-05, 4.6038e-04, 1.3702e-03, 1.0279e-03,
        2.3955e-04, 1.2666e-03, 4.2044e-04, 1.1373e-03, 4.3039e-04, 6.1447e-04,
        6.6112e-04, 4.6109e-04, 4.3642e-04, 1.8097e-04, 2.2801e-04, 5.7416e-04,
        6.5939e-04, 4.7897e-04, 1.5848e-04, 1.3030e-03, 1.5677e-03, 6.5208e-04,
        4.4120e-04, 5.6767e-04, 1.3263e-03, 1.2216e-03, 4.9601e-04, 7.2484e-04,
        4.7487e-04, 1.2245e-03, 4.3782e-04, 2.3594e-04, 8.6886e-04, 5.3156e-04,
        6.0892e-04, 5.3669e-04, 2.1159e-04, 4.3539e-04, 1.1274e-03, 1.0344e-03,
        2.0834e-05, 2.1549e-04, 2.9774e-04, 1.0312e-03, 1.0236e-03, 7.8409e-04,
        5.6027e-04, 3.7519e-04, 8.1482e-04, 7.6060e-04, 1.6213e-04, 1.8849e-04,
        1.0870e-03, 6.6630e-04, 5.7674e-04, 1.1016e-03, 4.5058e-04],
       grad_fn=<CatBackward>)

mean_overall=tensor(0.0015, grad_fn=<MeanBackward0>)

-----------------------------------------------ITERATION310-----------------------------------------------

final_causality=[[1, 1, 1, 1, 1, 1, 1, 1, 1, 1, 1, 1, 1], [1, 1, 1, 1, 1, 1, 1, 1, 1, 1, 1, 1, 1, 1, 1, 1, 1, 1, 1, 1, 1, 1, 1, 1, 1, 1, 1, 1, 1, 1, 1, 1, 1, 1, 1, 1, 1, 1, 1, 1, 1, 1, 1, 1, 1, 1, 1, 1, 1, 1], [1, 1, 1, 1, 1, 1, 1, 1, 1, 1, 1, 1, 1, 1, 1, 1, 1, 1, 1, 1, 1, 1, 1, 1, 1, 1, 1, 1, 1, 1, 1, 1, 1, 1, 1, 1, 1, 1, 1, 1, 1, 1, 1, 1, 1, 1, 1, 1, 1, 1]]

means=tensor([5.6629e-03, 7.8707e-03, 5.9211e-03, 1.1587e-02, 1.0721e-02, 4.2808e-03,
        9.1079e-03, 3.8325e-03, 9.4696e-03, 8.1010e-03, 5.0649e-03, 8.1319e-03,
        5.3647e-03, 6.5703e-04, 2.2298e-03, 3.7261e-04, 1.1828e-03, 1.4261e-03,
        1.2525e-03, 4.7325e-04, 2.9012e-03, 1.9821e-03, 1.5335e-03, 5.0151e-04,
        1.1862e-03, 1.7085e-03, 9.4498e-04, 2.6753e-03, 6.2856e-04, 6.3911e-04,
        1.3443e-03, 1.5101e-03, 2.2401e-03, 1.3572e-03, 1.9601e-04, 1.0797e-03,
        4.9410e-04, 3.5227e-04, 1.7949e-03, 6.3136e-04, 4.1616e-04, 1.9696e-03,
        1.1724e-03, 3.4381e-04, 1.5310e-03, 1.2479e-03, 2.2736e-03, 1.7703e-04,
        2.3301e-03, 1.1668e-04, 1.7802e-03, 1.2688e-03, 1.4064e-03, 1.3635e-03,
        4.3352e-04, 2.3076e-04, 3.5347e-05, 4.8619e-04, 1.5037e-03, 1.1402e-03,
        2.7362e-04, 1.3719e-03, 4.5126e-04, 1.2223e-03, 4.9454e-04, 6.6922e-04,
        7.2171e-04, 5.1079e-04, 4.9564e-04, 2.2787e-04, 2.6734e-04, 6.2293e-04,
        7.1524e-04, 5.4101e-04, 1.9280e-04, 1.4047e-03, 1.6973e-03, 7.0937e-04,
        4.9033e-04, 6.3273e-04, 1.4388e-03, 1.3239e-03, 5.4323e-04, 7.8583e-04,
        5.2162e-04, 1.3202e-03, 5.1943e-04, 2.6567e-04, 9.4396e-04, 5.8081e-04,
        6.6636e-04, 5.9072e-04, 2.3936e-04, 4.9062e-04, 1.2045e-03, 1.1122e-03,
        3.1185e-05, 2.4505e-04, 3.4969e-04, 1.1091e-03, 1.1179e-03, 8.9455e-04,
        6.1925e-04, 4.2265e-04, 8.8075e-04, 8.3466e-04, 1.9833e-04, 2.1295e-04,
        1.1709e-03, 7.4299e-04, 6.4150e-04, 1.2032e-03, 5.1219e-04],
       grad_fn=<CatBackward>)

mean_overall=tensor(0.0017, grad_fn=<MeanBackward0>)

-----------------------------------------------ITERATION320-----------------------------------------------

final_causality=[[1, 1, 1, 1, 1, 1, 1, 1, 1, 1, 1, 1, 1], [1, 1, 1, 1, 1, 1, 1, 1, 1, 1, 1, 1, 1, 1, 1, 1, 1, 1, 1, 1, 1, 1, 1, 1, 1, 1, 1, 1, 1, 1, 1, 1, 1, 1, 1, 1, 1, 1, 1, 1, 1, 1, 1, 1, 1, 1, 1, 1, 1, 1], [1, 1, 1, 1, 1, 1, 1, 1, 1, 1, 1, 1, 1, 1, 1, 1, 1, 1, 1, 1, 1, 1, 1, 1, 1, 1, 1, 1, 1, 1, 1, 1, 1, 1, 1, 1, 1, 1, 1, 1, 1, 1, 1, 1, 1, 1, 1, 1, 1, 1]]

means=tensor([6.4075e-03, 8.7256e-03, 6.6292e-03, 1.3037e-02, 1.1808e-02, 4.8159e-03,
        1.0031e-02, 4.5136e-03, 1.0279e-02, 8.7700e-03, 5.9806e-03, 9.3275e-03,
        6.0187e-03, 7.2708e-04, 2.4636e-03, 4.1821e-04, 1.2870e-03, 1.5848e-03,
        1.3513e-03, 5.6546e-04, 3.1675e-03, 2.2050e-03, 1.6520e-03, 5.4855e-04,
        1.2914e-03, 1.8171e-03, 1.0247e-03, 2.8878e-03, 6.9634e-04, 7.1623e-04,
        1.4745e-03, 1.6728e-03, 2.5292e-03, 1.5034e-03, 2.3433e-04, 1.1895e-03,
        5.7657e-04, 4.0764e-04, 1.9571e-03, 7.3944e-04, 4.7647e-04, 2.1244e-03,
        1.2671e-03, 3.6333e-04, 1.6477e-03, 1.4128e-03, 2.5162e-03, 1.7985e-04,
        2.5390e-03, 1.3175e-04, 1.9607e-03, 1.4266e-03, 1.5337e-03, 1.5387e-03,
        5.0505e-04, 2.4753e-04, 5.6036e-05, 5.2003e-04, 1.6457e-03, 1.2595e-03,
        3.1212e-04, 1.4774e-03, 4.8539e-04, 1.3055e-03, 5.6514e-04, 7.2711e-04,
        7.8006e-04, 5.6213e-04, 5.5914e-04, 2.8419e-04, 3.1137e-04, 6.7655e-04,
        7.7002e-04, 6.0746e-04, 2.3232e-04, 1.5034e-03, 1.8285e-03, 7.6847e-04,
        5.4240e-04, 7.0034e-04, 1.5502e-03, 1.4376e-03, 5.8872e-04, 8.4611e-04,
        5.6836e-04, 1.4139e-03, 6.0996e-04, 2.9745e-04, 1.0244e-03, 6.3759e-04,
        7.2228e-04, 6.4655e-04, 2.6784e-04, 5.5262e-04, 1.2818e-03, 1.1883e-03,
        4.5327e-05, 2.7679e-04, 4.0631e-04, 1.1905e-03, 1.2151e-03, 1.0120e-03,
        6.7945e-04, 4.7167e-04, 9.4514e-04, 9.0867e-04, 2.3966e-04, 2.3940e-04,
        1.2515e-03, 8.2169e-04, 7.1190e-04, 1.3053e-03, 5.7678e-04],
       grad_fn=<CatBackward>)

mean_overall=tensor(0.0018, grad_fn=<MeanBackward0>)

-----------------------------------------------ITERATION330-----------------------------------------------

final_causality=[[1, 1, 1, 1, 1, 1, 1, 1, 1, 1, 1, 1, 1], [1, 1, 1, 1, 1, 1, 1, 1, 1, 1, 1, 1, 1, 1, 1, 1, 1, 1, 1, 1, 1, 1, 1, 1, 1, 1, 1, 1, 1, 1, 1, 1, 1, 1, 1, 1, 1, 1, 1, 1, 1, 1, 1, 1, 1, 1, 1, 1, 1, 1], [1, 1, 1, 1, 1, 1, 1, 1, 1, 1, 1, 1, 1, 1, 1, 1, 1, 1, 1, 1, 1, 1, 1, 1, 1, 1, 1, 1, 1, 1, 1, 1, 1, 1, 1, 1, 1, 1, 1, 1, 1, 1, 1, 1, 1, 1, 1, 1, 1, 1]]

means=tensor([7.2286e-03, 9.6166e-03, 7.3408e-03, 1.4633e-02, 1.2926e-02, 5.3937e-03,
        1.0963e-02, 5.2767e-03, 1.1050e-02, 9.3865e-03, 7.0234e-03, 1.0667e-02,
        6.7071e-03, 7.9715e-04, 2.7038e-03, 4.6728e-04, 1.3845e-03, 1.7404e-03,
        1.4471e-03, 6.6495e-04, 3.4318e-03, 2.4358e-03, 1.7662e-03, 5.9781e-04,
        1.3933e-03, 1.9219e-03, 1.1046e-03, 3.0924e-03, 7.6772e-04, 7.9912e-04,
        1.6207e-03, 1.8334e-03, 2.8289e-03, 1.6606e-03, 2.7835e-04, 1.3059e-03,
        6.7187e-04, 4.6727e-04, 2.1153e-03, 8.5463e-04, 5.4836e-04, 2.2769e-03,
        1.3607e-03, 3.8061e-04, 1.7632e-03, 1.5817e-03, 2.7674e-03, 1.8104e-04,
        2.7422e-03, 1.4690e-04, 2.1399e-03, 1.5939e-03, 1.6555e-03, 1.7216e-03,
        5.8395e-04, 2.6316e-04, 8.0456e-05, 5.5780e-04, 1.7952e-03, 1.3848e-03,
        3.5510e-04, 1.5808e-03, 5.2316e-04, 1.3847e-03, 6.4179e-04, 7.8938e-04,
        8.3431e-04, 6.1424e-04, 6.2616e-04, 3.5060e-04, 3.5989e-04, 7.3162e-04,
        8.2228e-04, 6.7755e-04, 2.7686e-04, 1.5958e-03, 1.9585e-03, 8.3487e-04,
        6.0204e-04, 7.6875e-04, 1.6570e-03, 1.5493e-03, 6.3136e-04, 9.0446e-04,
        6.1386e-04, 1.5025e-03, 7.1343e-04, 3.3095e-04, 1.1093e-03, 6.9623e-04,
        7.7504e-04, 7.0336e-04, 2.9633e-04, 6.1784e-04, 1.3751e-03, 1.2603e-03,
        6.3893e-05, 3.1075e-04, 4.6979e-04, 1.2742e-03, 1.3135e-03, 1.1346e-03,
        7.3981e-04, 5.2435e-04, 1.0061e-03, 9.8036e-04, 2.8974e-04, 2.7091e-04,
        1.3263e-03, 9.0320e-04, 7.8895e-04, 1.4056e-03, 6.4279e-04],
       grad_fn=<CatBackward>)

mean_overall=tensor(0.0020, grad_fn=<MeanBackward0>)

-----------------------------------------------ITERATION340-----------------------------------------------

final_causality=[[1, 1, 1, 1, 1, 1, 1, 1, 1, 1, 1, 1, 1], [1, 1, 1, 1, 1, 1, 1, 1, 1, 1, 1, 1, 1, 1, 1, 1, 1, 1, 1, 1, 1, 1, 1, 1, 1, 1, 1, 1, 1, 1, 1, 1, 1, 1, 1, 1, 1, 1, 1, 1, 1, 1, 1, 1, 1, 1, 1, 1, 1, 1], [1, 1, 1, 1, 1, 1, 1, 1, 1, 1, 1, 1, 1, 1, 1, 1, 1, 1, 1, 1, 1, 1, 1, 1, 1, 1, 1, 1, 1, 1, 1, 1, 1, 1, 1, 1, 1, 1, 1, 1, 1, 1, 1, 1, 1, 1, 1, 1, 1, 1]]

means=tensor([8.1305e-03, 1.0532e-02, 8.0375e-03, 1.6385e-02, 1.4056e-02, 6.0137e-03,
        1.1880e-02, 6.1271e-03, 1.1755e-02, 9.9207e-03, 8.1987e-03, 1.2161e-02,
        7.4243e-03, 8.6540e-04, 2.9467e-03, 5.1902e-04, 1.4714e-03, 1.8874e-03,
        1.5377e-03, 7.6857e-04, 3.6879e-03, 2.6709e-03, 1.8730e-03, 6.4790e-04,
        1.4887e-03, 2.0207e-03, 1.1832e-03, 3.2843e-03, 8.3825e-04, 8.8717e-04,
        1.7726e-03, 1.9871e-03, 3.1345e-03, 1.8283e-03, 3.2799e-04, 1.4280e-03,
        7.7592e-04, 5.2977e-04, 2.2646e-03, 9.7399e-04, 6.3410e-04, 2.4241e-03,
        1.4511e-03, 3.9484e-04, 1.8749e-03, 1.7502e-03, 3.0232e-03, 1.8036e-04,
        2.9345e-03, 1.6930e-04, 2.3123e-03, 1.7691e-03, 1.7674e-03, 1.9085e-03,
        6.6946e-04, 2.7694e-04, 1.1010e-04, 5.9977e-04, 1.9512e-03, 1.5149e-03,
        4.0244e-04, 1.6793e-03, 5.6496e-04, 1.4578e-03, 7.2399e-04, 8.5160e-04,
        8.8841e-04, 6.6624e-04, 6.9584e-04, 4.2760e-04, 4.1256e-04, 7.8616e-04,
        8.7063e-04, 7.5046e-04, 3.2674e-04, 1.6999e-03, 2.0848e-03, 9.0192e-04,
        6.6369e-04, 8.3596e-04, 1.7778e-03, 1.6566e-03, 6.7022e-04, 9.7301e-04,
        6.5680e-04, 1.5830e-03, 8.3295e-04, 3.6578e-04, 1.1927e-03, 7.5414e-04,
        8.2306e-04, 7.6028e-04, 3.2408e-04, 6.8541e-04, 1.4655e-03, 1.3257e-03,
        8.8205e-05, 3.4499e-04, 5.4198e-04, 1.3563e-03, 1.4111e-03, 1.2600e-03,
        7.9926e-04, 5.8291e-04, 1.0646e-03, 1.0638e-03, 3.4823e-04, 3.0527e-04,
        1.4152e-03, 9.9633e-04, 8.6772e-04, 1.5020e-03, 7.0855e-04],
       grad_fn=<CatBackward>)

mean_overall=tensor(0.0022, grad_fn=<MeanBackward0>)

-----------------------------------------------ITERATION350-----------------------------------------------

final_causality=[[1, 1, 1, 1, 1, 1, 1, 1, 1, 1, 1, 1, 1], [1, 1, 1, 1, 1, 1, 1, 1, 1, 1, 1, 1, 1, 1, 1, 1, 1, 1, 1, 1, 1, 1, 1, 1, 1, 1, 1, 1, 1, 1, 1, 1, 1, 1, 1, 1, 1, 1, 1, 1, 1, 1, 1, 1, 1, 1, 1, 1, 1, 1], [1, 1, 1, 1, 1, 1, 1, 1, 1, 1, 1, 1, 1, 1, 1, 1, 1, 1, 1, 1, 1, 1, 1, 1, 1, 1, 1, 1, 1, 1, 1, 1, 1, 1, 1, 1, 1, 1, 1, 1, 1, 1, 1, 1, 1, 1, 1, 1, 1, 1]]

means=tensor([0.0091, 0.0115, 0.0087, 0.0183, 0.0152, 0.0067, 0.0128, 0.0071, 0.0124,
        0.0104, 0.0095, 0.0138, 0.0082, 0.0009, 0.0032, 0.0006, 0.0016, 0.0020,
        0.0016, 0.0009, 0.0039, 0.0029, 0.0020, 0.0007, 0.0016, 0.0021, 0.0013,
        0.0035, 0.0009, 0.0010, 0.0019, 0.0021, 0.0034, 0.0020, 0.0004, 0.0016,
        0.0009, 0.0006, 0.0024, 0.0011, 0.0007, 0.0026, 0.0015, 0.0004, 0.0020,
        0.0019, 0.0033, 0.0002, 0.0031, 0.0002, 0.0025, 0.0020, 0.0019, 0.0021,
        0.0008, 0.0003, 0.0001, 0.0006, 0.0021, 0.0016, 0.0005, 0.0018, 0.0006,
        0.0015, 0.0008, 0.0009, 0.0009, 0.0007, 0.0008, 0.0005, 0.0005, 0.0008,
        0.0009, 0.0008, 0.0004, 0.0018, 0.0022, 0.0010, 0.0007, 0.0009, 0.0019,
        0.0018, 0.0007, 0.0010, 0.0007, 0.0017, 0.0010, 0.0004, 0.0013, 0.0008,
        0.0009, 0.0008, 0.0004, 0.0008, 0.0016, 0.0014, 0.0001, 0.0004, 0.0006,
        0.0014, 0.0015, 0.0014, 0.0009, 0.0006, 0.0011, 0.0011, 0.0004, 0.0003,
        0.0015, 0.0011, 0.0009, 0.0016, 0.0008], grad_fn=<CatBackward>)

mean_overall=tensor(0.0024, grad_fn=<MeanBackward0>)

-----------------------------------------------ITERATION360-----------------------------------------------

final_causality=[[1, 1, 1, 1, 1, 1, 1, 1, 1, 1, 1, 1, 1], [1, 1, 1, 1, 1, 1, 1, 1, 1, 1, 1, 1, 1, 1, 1, 1, 1, 1, 1, 1, 1, 1, 1, 1, 1, 1, 1, 1, 1, 1, 1, 1, 1, 1, 1, 1, 1, 1, 1, 1, 1, 1, 1, 1, 1, 1, 1, 1, 1, 1], [1, 1, 1, 1, 1, 1, 1, 1, 1, 1, 1, 1, 1, 1, 1, 1, 1, 1, 1, 1, 1, 1, 1, 1, 1, 1, 1, 1, 1, 1, 1, 1, 1, 1, 1, 1, 1, 1, 1, 1, 1, 1, 1, 1, 1, 1, 1, 1, 1, 1]]

means=tensor([0.0102, 0.0124, 0.0093, 0.0204, 0.0163, 0.0074, 0.0136, 0.0081, 0.0129,
        0.0107, 0.0110, 0.0157, 0.0089, 0.0010, 0.0034, 0.0006, 0.0017, 0.0021,
        0.0017, 0.0010, 0.0042, 0.0031, 0.0021, 0.0007, 0.0016, 0.0022, 0.0013,
        0.0036, 0.0010, 0.0011, 0.0021, 0.0023, 0.0037, 0.0022, 0.0004, 0.0017,
        0.0010, 0.0007, 0.0025, 0.0012, 0.0009, 0.0027, 0.0016, 0.0004, 0.0021,
        0.0021, 0.0035, 0.0002, 0.0033, 0.0002, 0.0026, 0.0021, 0.0019, 0.0023,
        0.0009, 0.0003, 0.0002, 0.0007, 0.0023, 0.0018, 0.0005, 0.0019, 0.0007,
        0.0016, 0.0009, 0.0010, 0.0010, 0.0008, 0.0008, 0.0006, 0.0005, 0.0009,
        0.0010, 0.0009, 0.0005, 0.0019, 0.0023, 0.0010, 0.0008, 0.0010, 0.0020,
        0.0019, 0.0008, 0.0011, 0.0008, 0.0018, 0.0011, 0.0004, 0.0013, 0.0009,
        0.0009, 0.0009, 0.0004, 0.0008, 0.0016, 0.0015, 0.0002, 0.0004, 0.0007,
        0.0015, 0.0016, 0.0015, 0.0009, 0.0007, 0.0012, 0.0012, 0.0005, 0.0004,
        0.0016, 0.0012, 0.0010, 0.0017, 0.0009], grad_fn=<CatBackward>)

mean_overall=tensor(0.0026, grad_fn=<MeanBackward0>)

-----------------------------------------------ITERATION370-----------------------------------------------

final_causality=[[1, 1, 1, 1, 1, 1, 1, 1, 1, 1, 1, 1, 1], [1, 1, 1, 1, 1, 1, 1, 1, 1, 1, 1, 1, 1, 1, 1, 1, 1, 1, 1, 1, 1, 1, 1, 1, 1, 1, 1, 1, 1, 1, 1, 1, 1, 1, 1, 1, 1, 1, 1, 1, 1, 1, 1, 1, 1, 1, 1, 1, 1, 1], [1, 1, 1, 1, 1, 1, 1, 1, 1, 1, 1, 1, 1, 1, 1, 1, 1, 1, 1, 1, 1, 1, 1, 1, 1, 1, 1, 1, 1, 1, 1, 1, 1, 1, 1, 1, 1, 1, 1, 1, 1, 1, 1, 1, 1, 1, 1, 1, 1, 1]]

means=tensor([0.0114, 0.0133, 0.0099, 0.0227, 0.0174, 0.0081, 0.0143, 0.0093, 0.0134,
        0.0109, 0.0126, 0.0177, 0.0097, 0.0011, 0.0037, 0.0007, 0.0018, 0.0022,
        0.0018, 0.0011, 0.0045, 0.0034, 0.0021, 0.0008, 0.0017, 0.0023, 0.0014,
        0.0038, 0.0010, 0.0012, 0.0022, 0.0024, 0.0041, 0.0024, 0.0005, 0.0018,
        0.0011, 0.0007, 0.0026, 0.0013, 0.0010, 0.0028, 0.0017, 0.0005, 0.0022,
        0.0022, 0.0038, 0.0002, 0.0034, 0.0002, 0.0028, 0.0023, 0.0020, 0.0025,
        0.0010, 0.0003, 0.0003, 0.0008, 0.0025, 0.0019, 0.0006, 0.0019, 0.0007,
        0.0016, 0.0010, 0.0010, 0.0011, 0.0008, 0.0009, 0.0007, 0.0006, 0.0009,
        0.0010, 0.0010, 0.0005, 0.0020, 0.0024, 0.0011, 0.0009, 0.0011, 0.0021,
        0.0019, 0.0008, 0.0012, 0.0008, 0.0019, 0.0013, 0.0005, 0.0014, 0.0009,
        0.0010, 0.0009, 0.0004, 0.0009, 0.0017, 0.0015, 0.0002, 0.0005, 0.0008,
        0.0016, 0.0017, 0.0016, 0.0010, 0.0008, 0.0013, 0.0013, 0.0006, 0.0004,
        0.0017, 0.0013, 0.0011, 0.0018, 0.0009], grad_fn=<CatBackward>)

mean_overall=tensor(0.0028, grad_fn=<MeanBackward0>)

-----------------------------------------------ITERATION380-----------------------------------------------

final_causality=[[1, 1, 1, 1, 1, 1, 1, 1, 1, 1, 1, 1, 1], [1, 1, 1, 1, 1, 1, 1, 1, 1, 1, 1, 1, 1, 1, 1, 1, 1, 1, 1, 1, 1, 1, 1, 1, 1, 1, 1, 1, 1, 1, 1, 1, 1, 1, 1, 1, 1, 1, 1, 1, 1, 1, 1, 1, 1, 1, 1, 1, 1, 1], [1, 1, 1, 1, 1, 1, 1, 1, 1, 1, 1, 1, 1, 1, 1, 1, 1, 1, 1, 1, 1, 1, 1, 1, 1, 1, 1, 1, 1, 1, 1, 1, 1, 1, 1, 1, 1, 1, 1, 1, 1, 1, 1, 1, 1, 1, 1, 1, 1, 1]]

means=tensor([0.0127, 0.0142, 0.0104, 0.0253, 0.0184, 0.0089, 0.0150, 0.0106, 0.0137,
        0.0110, 0.0144, 0.0199, 0.0105, 0.0013, 0.0039, 0.0007, 0.0019, 0.0023,
        0.0018, 0.0012, 0.0049, 0.0036, 0.0022, 0.0008, 0.0018, 0.0024, 0.0015,
        0.0039, 0.0011, 0.0013, 0.0023, 0.0026, 0.0044, 0.0026, 0.0006, 0.0020,
        0.0013, 0.0008, 0.0027, 0.0014, 0.0012, 0.0029, 0.0018, 0.0005, 0.0023,
        0.0024, 0.0040, 0.0002, 0.0036, 0.0003, 0.0029, 0.0025, 0.0021, 0.0026,
        0.0011, 0.0003, 0.0003, 0.0008, 0.0026, 0.0021, 0.0006, 0.0020, 0.0008,
        0.0017, 0.0011, 0.0011, 0.0011, 0.0009, 0.0010, 0.0008, 0.0007, 0.0010,
        0.0010, 0.0011, 0.0006, 0.0021, 0.0025, 0.0012, 0.0009, 0.0012, 0.0022,
        0.0020, 0.0009, 0.0012, 0.0009, 0.0020, 0.0014, 0.0005, 0.0015, 0.0010,
        0.0010, 0.0010, 0.0005, 0.0010, 0.0018, 0.0016, 0.0003, 0.0005, 0.0009,
        0.0016, 0.0018, 0.0018, 0.0010, 0.0008, 0.0013, 0.0014, 0.0007, 0.0005,
        0.0017, 0.0014, 0.0012, 0.0018, 0.0010], grad_fn=<CatBackward>)

mean_overall=tensor(0.0030, grad_fn=<MeanBackward0>)

-----------------------------------------------ITERATION390-----------------------------------------------

final_causality=[[1, 1, 1, 1, 1, 1, 1, 1, 1, 1, 1, 1, 1], [1, 1, 1, 1, 1, 1, 1, 1, 1, 1, 1, 1, 1, 1, 1, 1, 1, 1, 1, 1, 1, 1, 1, 1, 1, 1, 1, 1, 1, 1, 1, 1, 1, 1, 1, 1, 1, 1, 1, 1, 1, 1, 1, 1, 1, 1, 1, 1, 1, 1], [1, 1, 1, 1, 1, 1, 1, 1, 1, 1, 1, 1, 1, 1, 1, 1, 1, 1, 1, 1, 1, 1, 1, 1, 1, 1, 1, 1, 1, 1, 1, 1, 1, 1, 1, 1, 1, 1, 1, 1, 1, 1, 1, 1, 1, 1, 1, 1, 1, 1]]

means=tensor([0.0141, 0.0151, 0.0109, 0.0280, 0.0194, 0.0098, 0.0155, 0.0120, 0.0141,
        0.0110, 0.0163, 0.0223, 0.0114, 0.0014, 0.0041, 0.0008, 0.0019, 0.0024,
        0.0019, 0.0013, 0.0052, 0.0038, 0.0023, 0.0009, 0.0018, 0.0024, 0.0015,
        0.0041, 0.0011, 0.0014, 0.0025, 0.0027, 0.0047, 0.0028, 0.0008, 0.0021,
        0.0014, 0.0008, 0.0028, 0.0015, 0.0014, 0.0031, 0.0019, 0.0005, 0.0023,
        0.0025, 0.0043, 0.0002, 0.0038, 0.0003, 0.0030, 0.0027, 0.0021, 0.0028,
        0.0012, 0.0003, 0.0005, 0.0009, 0.0028, 0.0022, 0.0007, 0.0021, 0.0009,
        0.0018, 0.0012, 0.0011, 0.0012, 0.0009, 0.0011, 0.0010, 0.0008, 0.0010,
        0.0011, 0.0011, 0.0007, 0.0022, 0.0026, 0.0012, 0.0010, 0.0013, 0.0024,
        0.0021, 0.0009, 0.0013, 0.0009, 0.0021, 0.0016, 0.0006, 0.0016, 0.0010,
        0.0011, 0.0010, 0.0005, 0.0010, 0.0018, 0.0017, 0.0003, 0.0006, 0.0010,
        0.0017, 0.0018, 0.0020, 0.0011, 0.0009, 0.0014, 0.0015, 0.0008, 0.0005,
        0.0018, 0.0015, 0.0013, 0.0019, 0.0011], grad_fn=<CatBackward>)

mean_overall=tensor(0.0032, grad_fn=<MeanBackward0>)

-----------------------------------------------ITERATION400-----------------------------------------------

final_causality=[[1, 1, 1, 1, 1, 1, 1, 1, 1, 1, 1, 1, 1], [1, 1, 1, 1, 1, 1, 1, 1, 1, 1, 1, 1, 1, 1, 1, 1, 1, 1, 1, 1, 1, 1, 1, 1, 1, 1, 1, 1, 1, 1, 1, 1, 1, 1, 1, 1, 1, 1, 1, 1, 1, 1, 1, 1, 1, 1, 1, 1, 1, 1], [1, 1, 1, 1, 1, 1, 1, 1, 1, 1, 1, 1, 1, 1, 1, 1, 1, 1, 1, 1, 1, 1, 1, 1, 1, 1, 1, 1, 1, 1, 1, 1, 1, 1, 1, 1, 1, 1, 1, 1, 1, 1, 1, 1, 1, 1, 1, 1, 1, 1]]

means=tensor([0.0157, 0.0160, 0.0113, 0.0311, 0.0204, 0.0107, 0.0160, 0.0135, 0.0145,
        0.0111, 0.0185, 0.0250, 0.0123, 0.0015, 0.0044, 0.0008, 0.0020, 0.0025,
        0.0020, 0.0014, 0.0055, 0.0041, 0.0024, 0.0009, 0.0019, 0.0025, 0.0016,
        0.0042, 0.0012, 0.0015, 0.0026, 0.0029, 0.0050, 0.0030, 0.0010, 0.0023,
        0.0015, 0.0010, 0.0029, 0.0016, 0.0016, 0.0032, 0.0020, 0.0005, 0.0024,
        0.0026, 0.0045, 0.0002, 0.0041, 0.0004, 0.0031, 0.0030, 0.0021, 0.0030,
        0.0013, 0.0004, 0.0006, 0.0010, 0.0030, 0.0024, 0.0008, 0.0021, 0.0009,
        0.0019, 0.0013, 0.0012, 0.0012, 0.0010, 0.0012, 0.0011, 0.0009, 0.0011,
        0.0011, 0.0012, 0.0008, 0.0022, 0.0027, 0.0013, 0.0011, 0.0014, 0.0025,
        0.0022, 0.0010, 0.0014, 0.0010, 0.0023, 0.0018, 0.0006, 0.0016, 0.0011,
        0.0012, 0.0011, 0.0005, 0.0011, 0.0019, 0.0017, 0.0004, 0.0006, 0.0011,
        0.0018, 0.0019, 0.0021, 0.0011, 0.0009, 0.0015, 0.0015, 0.0009, 0.0006,
        0.0019, 0.0016, 0.0014, 0.0019, 0.0013], grad_fn=<CatBackward>)

mean_overall=tensor(0.0035, grad_fn=<MeanBackward0>)

-----------------------------------------------ITERATION410-----------------------------------------------

final_causality=[[1, 1, 1, 1, 1, 1, 1, 1, 1, 1, 1, 1, 1], [1, 1, 1, 1, 1, 1, 1, 1, 1, 1, 1, 1, 1, 1, 1, 1, 1, 1, 1, 1, 1, 1, 1, 1, 1, 1, 1, 1, 1, 1, 1, 1, 1, 1, 1, 1, 1, 1, 1, 1, 1, 1, 1, 1, 1, 1, 1, 1, 1, 1], [1, 1, 1, 1, 1, 1, 1, 1, 1, 1, 1, 1, 1, 1, 1, 1, 1, 1, 1, 1, 1, 1, 1, 1, 1, 1, 1, 1, 1, 1, 1, 1, 1, 1, 1, 1, 1, 1, 1, 1, 1, 1, 1, 1, 1, 1, 1, 1, 1, 1]]

means=tensor([0.0174, 0.0170, 0.0118, 0.0344, 0.0214, 0.0117, 0.0165, 0.0153, 0.0150,
        0.0111, 0.0208, 0.0279, 0.0132, 0.0017, 0.0046, 0.0009, 0.0021, 0.0025,
        0.0020, 0.0015, 0.0059, 0.0043, 0.0025, 0.0010, 0.0019, 0.0026, 0.0017,
        0.0044, 0.0013, 0.0016, 0.0027, 0.0030, 0.0053, 0.0033, 0.0011, 0.0024,
        0.0017, 0.0012, 0.0031, 0.0017, 0.0018, 0.0034, 0.0021, 0.0006, 0.0025,
        0.0028, 0.0048, 0.0002, 0.0043, 0.0004, 0.0032, 0.0032, 0.0022, 0.0032,
        0.0015, 0.0004, 0.0008, 0.0010, 0.0032, 0.0025, 0.0009, 0.0022, 0.0010,
        0.0019, 0.0014, 0.0013, 0.0013, 0.0010, 0.0013, 0.0013, 0.0010, 0.0012,
        0.0012, 0.0013, 0.0009, 0.0024, 0.0028, 0.0014, 0.0011, 0.0015, 0.0026,
        0.0023, 0.0010, 0.0014, 0.0010, 0.0024, 0.0019, 0.0006, 0.0017, 0.0011,
        0.0012, 0.0011, 0.0006, 0.0012, 0.0020, 0.0018, 0.0005, 0.0007, 0.0012,
        0.0018, 0.0020, 0.0023, 0.0012, 0.0010, 0.0016, 0.0017, 0.0010, 0.0006,
        0.0020, 0.0017, 0.0015, 0.0020, 0.0014], grad_fn=<CatBackward>)

mean_overall=tensor(0.0037, grad_fn=<MeanBackward0>)

-----------------------------------------------ITERATION420-----------------------------------------------

final_causality=[[1, 1, 1, 1, 1, 1, 1, 1, 1, 1, 1, 1, 1], [1, 1, 1, 1, 1, 1, 1, 1, 1, 1, 1, 1, 1, 1, 1, 1, 1, 1, 1, 1, 1, 1, 1, 1, 1, 1, 1, 1, 1, 1, 1, 1, 1, 1, 1, 1, 1, 1, 1, 1, 1, 1, 1, 1, 1, 1, 1, 1, 1, 1], [1, 1, 1, 1, 1, 1, 1, 1, 1, 1, 1, 1, 1, 1, 1, 1, 1, 1, 1, 1, 1, 1, 1, 1, 1, 1, 1, 1, 1, 1, 1, 1, 1, 1, 1, 1, 1, 1, 1, 1, 1, 1, 1, 1, 1, 1, 1, 1, 1, 1]]

means=tensor([0.0193, 0.0179, 0.0123, 0.0380, 0.0224, 0.0128, 0.0168, 0.0172, 0.0156,
        0.0111, 0.0234, 0.0310, 0.0143, 0.0018, 0.0049, 0.0010, 0.0022, 0.0026,
        0.0021, 0.0017, 0.0063, 0.0045, 0.0026, 0.0011, 0.0021, 0.0027, 0.0018,
        0.0046, 0.0014, 0.0018, 0.0028, 0.0032, 0.0057, 0.0036, 0.0013, 0.0027,
        0.0018, 0.0014, 0.0032, 0.0018, 0.0021, 0.0035, 0.0022, 0.0006, 0.0026,
        0.0030, 0.0051, 0.0002, 0.0046, 0.0005, 0.0033, 0.0034, 0.0022, 0.0034,
        0.0018, 0.0005, 0.0011, 0.0011, 0.0034, 0.0027, 0.0010, 0.0023, 0.0011,
        0.0020, 0.0015, 0.0013, 0.0014, 0.0011, 0.0014, 0.0015, 0.0011, 0.0012,
        0.0013, 0.0014, 0.0011, 0.0025, 0.0030, 0.0014, 0.0012, 0.0017, 0.0027,
        0.0024, 0.0011, 0.0015, 0.0011, 0.0025, 0.0022, 0.0007, 0.0018, 0.0012,
        0.0013, 0.0012, 0.0006, 0.0013, 0.0020, 0.0019, 0.0007, 0.0008, 0.0013,
        0.0019, 0.0021, 0.0025, 0.0012, 0.0011, 0.0017, 0.0018, 0.0012, 0.0007,
        0.0021, 0.0018, 0.0016, 0.0021, 0.0015], grad_fn=<CatBackward>)

mean_overall=tensor(0.0040, grad_fn=<MeanBackward0>)

-----------------------------------------------ITERATION430-----------------------------------------------

final_causality=[[1, 1, 1, 1, 1, 1, 1, 1, 1, 1, 1, 1, 1], [1, 1, 1, 1, 1, 1, 1, 1, 1, 1, 1, 1, 1, 1, 1, 1, 1, 1, 1, 1, 1, 1, 1, 1, 1, 1, 1, 1, 1, 1, 1, 1, 1, 1, 1, 1, 1, 1, 1, 1, 1, 1, 1, 1, 1, 1, 1, 1, 1, 1], [1, 1, 1, 1, 1, 1, 1, 1, 1, 1, 1, 1, 1, 1, 1, 1, 1, 1, 1, 1, 1, 1, 1, 1, 1, 1, 1, 1, 1, 1, 1, 1, 1, 1, 1, 1, 1, 1, 1, 1, 1, 1, 1, 1, 1, 1, 1, 1, 1, 1]]

means=tensor([0.0213, 0.0189, 0.0129, 0.0418, 0.0233, 0.0140, 0.0172, 0.0193, 0.0165,
        0.0112, 0.0261, 0.0344, 0.0154, 0.0020, 0.0052, 0.0011, 0.0023, 0.0027,
        0.0022, 0.0019, 0.0067, 0.0048, 0.0027, 0.0011, 0.0022, 0.0028, 0.0019,
        0.0048, 0.0016, 0.0019, 0.0030, 0.0034, 0.0060, 0.0038, 0.0016, 0.0030,
        0.0021, 0.0016, 0.0033, 0.0020, 0.0024, 0.0037, 0.0023, 0.0007, 0.0027,
        0.0032, 0.0054, 0.0002, 0.0049, 0.0006, 0.0035, 0.0037, 0.0023, 0.0036,
        0.0021, 0.0005, 0.0013, 0.0012, 0.0036, 0.0029, 0.0011, 0.0024, 0.0013,
        0.0021, 0.0017, 0.0014, 0.0014, 0.0011, 0.0015, 0.0018, 0.0012, 0.0013,
        0.0013, 0.0015, 0.0013, 0.0026, 0.0031, 0.0015, 0.0014, 0.0018, 0.0029,
        0.0025, 0.0012, 0.0016, 0.0012, 0.0027, 0.0024, 0.0007, 0.0019, 0.0013,
        0.0014, 0.0012, 0.0007, 0.0014, 0.0021, 0.0020, 0.0008, 0.0009, 0.0015,
        0.0020, 0.0022, 0.0027, 0.0013, 0.0012, 0.0018, 0.0019, 0.0014, 0.0008,
        0.0022, 0.0020, 0.0018, 0.0022, 0.0017], grad_fn=<CatBackward>)

mean_overall=tensor(0.0043, grad_fn=<MeanBackward0>)

-----------------------------------------------ITERATION440-----------------------------------------------

final_causality=[[1, 1, 1, 1, 1, 1, 1, 1, 1, 1, 1, 1, 1], [1, 1, 1, 1, 1, 1, 1, 1, 1, 1, 1, 1, 1, 1, 1, 1, 1, 1, 1, 1, 1, 1, 1, 1, 1, 1, 1, 1, 1, 1, 1, 1, 1, 1, 1, 1, 1, 1, 1, 1, 1, 1, 1, 1, 1, 1, 1, 1, 1, 1], [1, 1, 1, 1, 1, 1, 1, 1, 1, 1, 1, 1, 1, 1, 1, 1, 1, 1, 1, 1, 1, 1, 1, 1, 1, 1, 1, 1, 1, 1, 1, 1, 1, 1, 1, 1, 1, 1, 1, 1, 1, 1, 1, 1, 1, 1, 1, 1, 1, 1]]

means=tensor([0.0235, 0.0199, 0.0136, 0.0458, 0.0243, 0.0152, 0.0174, 0.0216, 0.0177,
        0.0114, 0.0291, 0.0379, 0.0167, 0.0022, 0.0055, 0.0012, 0.0024, 0.0028,
        0.0023, 0.0022, 0.0071, 0.0051, 0.0029, 0.0012, 0.0023, 0.0029, 0.0020,
        0.0051, 0.0017, 0.0021, 0.0031, 0.0036, 0.0065, 0.0041, 0.0018, 0.0033,
        0.0024, 0.0018, 0.0035, 0.0021, 0.0027, 0.0039, 0.0024, 0.0007, 0.0028,
        0.0035, 0.0057, 0.0002, 0.0052, 0.0007, 0.0036, 0.0039, 0.0024, 0.0039,
        0.0024, 0.0005, 0.0017, 0.0013, 0.0039, 0.0031, 0.0012, 0.0025, 0.0014,
        0.0021, 0.0019, 0.0015, 0.0015, 0.0012, 0.0016, 0.0021, 0.0014, 0.0014,
        0.0014, 0.0016, 0.0015, 0.0028, 0.0033, 0.0016, 0.0015, 0.0020, 0.0031,
        0.0027, 0.0012, 0.0017, 0.0013, 0.0028, 0.0027, 0.0008, 0.0020, 0.0013,
        0.0014, 0.0013, 0.0007, 0.0015, 0.0022, 0.0022, 0.0010, 0.0009, 0.0017,
        0.0021, 0.0024, 0.0029, 0.0014, 0.0013, 0.0019, 0.0020, 0.0016, 0.0008,
        0.0023, 0.0021, 0.0019, 0.0023, 0.0018], grad_fn=<CatBackward>)

mean_overall=tensor(0.0047, grad_fn=<MeanBackward0>)

