-----------------------------------------------ITERATION0-----------------------------------------------

final_causality=[[1, 1, 1, 1, 1, 1, 1, 1, 1, 1, 1, 1, 1], [1, 1, 1, 1, 1, 1, 1, 1, 1, 1, 1, 1, 1, 1, 1, 1, 1, 1, 1, 1, 1, 1, 1, 1, 1, 1, 1, 1, 1, 1, 1, 1, 1, 1, 1, 1, 1, 1, 1, 1, 1, 1, 1, 1, 1, 1, 1, 1, 1, 1], [1, 1, 1, 1, 1, 1, 1, 1, 1, 1, 1, 1, 1, 1, 1, 1, 1, 1, 1, 1, 1, 1, 1, 1, 1, 1, 1, 1, 1, 1, 1, 1, 1, 1, 1, 1, 1, 1, 1, 1, 1, 1, 1, 1, 1, 1, 1, 1, 1, 1]]

means=tensor([1.0726e-04, 1.6912e-04, 2.2027e-04, 2.5530e-06, 2.5850e-05, 2.0249e-04,
        1.2758e-04, 5.1288e-05, 2.3199e-04, 6.1651e-05, 2.6057e-04, 8.3941e-06,
        1.1037e-05, 1.6565e-04, 2.1666e-05, 7.7290e-05, 2.0126e-04, 4.9354e-05,
        1.8229e-04, 9.6253e-05, 6.0074e-05, 7.7063e-05, 1.3632e-05, 7.8923e-05,
        4.0261e-05, 1.9711e-04, 8.5220e-05, 2.4093e-05, 1.8073e-04, 2.6509e-05,
        1.0015e-04, 1.1736e-04, 4.7061e-05, 8.6159e-05, 7.4196e-05, 8.2212e-05,
        5.3714e-05, 7.8303e-05, 2.9020e-05, 2.3874e-04, 1.2265e-04, 5.4595e-05,
        7.9165e-05, 4.0123e-05, 8.9379e-06, 6.3039e-05, 8.0907e-06, 4.6900e-05,
        4.8923e-05, 1.4682e-06, 1.8699e-04, 1.3118e-04, 1.2933e-05, 4.8063e-05,
        3.2640e-05, 8.0553e-05, 1.3570e-04, 1.2078e-05, 2.2982e-04, 1.2107e-04,
        7.9484e-05, 1.6255e-05, 7.0061e-05, 1.5494e-04, 4.9169e-05, 1.7204e-04,
        1.5292e-05, 1.2188e-05, 1.0160e-04, 8.5620e-05, 9.2078e-05, 1.2778e-04,
        5.6123e-05, 1.9870e-04, 1.5242e-04, 1.0066e-04, 2.5639e-05, 2.7839e-05,
        4.7624e-05, 5.4063e-05, 1.0909e-04, 4.7220e-05, 2.5906e-05, 1.3774e-04,
        1.1057e-04, 1.4141e-04, 2.9968e-05, 1.9801e-06, 1.0160e-04, 8.7561e-05,
        1.2893e-05, 1.0001e-04, 8.1735e-05, 9.1719e-05, 1.1420e-04, 1.9566e-04,
        4.6509e-05, 6.3418e-05, 6.4589e-05, 3.7533e-05, 3.9517e-05, 1.8149e-04,
        7.6839e-05, 1.3714e-04, 1.0571e-04, 3.5788e-05, 1.1585e-04, 3.3754e-05,
        1.7803e-05, 1.8152e-04, 8.7155e-07, 3.8128e-05, 9.6985e-05],
       grad_fn=<CatBackward>)

mean_overall=tensor(8.6120e-05, grad_fn=<MeanBackward0>)

-----------------------------------------------ITERATION0-----------------------------------------------

final_causality=[[1, 1, 1, 1, 1, 1, 1, 1, 1, 1, 1, 1, 1], [1, 1, 1, 1, 1, 1, 1, 1, 1, 1, 1, 1, 1, 1, 1, 1, 1, 1, 1, 1, 1, 1, 1, 1, 1, 1, 1, 1, 1, 1, 1, 1, 1, 1, 1, 1, 1, 1, 1, 1, 1, 1, 1, 1, 1, 1, 1, 1, 1, 1], [1, 1, 1, 1, 1, 1, 1, 1, 1, 1, 1, 1, 1, 1, 1, 1, 1, 1, 1, 1, 1, 1, 1, 1, 1, 1, 1, 1, 1, 1, 1, 1, 1, 1, 1, 1, 1, 1, 1, 1, 1, 1, 1, 1, 1, 1, 1, 1, 1, 1]]

means=tensor([1.3618e-04, 5.1858e-05, 8.4130e-05, 1.5523e-04, 1.4440e-04, 7.4168e-05,
        6.4478e-05, 1.2391e-05, 2.3113e-04, 3.9008e-05, 9.5095e-05, 8.2345e-05,
        5.8179e-05, 5.6188e-05, 6.3515e-05, 4.7234e-05, 5.5131e-05, 5.3423e-06,
        7.5881e-05, 4.6384e-05, 9.3522e-06, 4.7093e-05, 3.0275e-04, 4.5995e-05,
        6.2205e-05, 4.3361e-05, 2.2005e-05, 2.9822e-05, 7.5470e-05, 3.2683e-05,
        1.6617e-04, 1.1299e-04, 8.8395e-05, 1.9659e-05, 1.1930e-04, 4.3806e-05,
        1.2235e-04, 7.8057e-05, 7.8963e-05, 3.8761e-05, 1.3887e-04, 9.0634e-05,
        1.6617e-05, 1.8528e-06, 3.9857e-05, 1.3641e-04, 1.2505e-05, 5.3260e-05,
        1.3163e-04, 3.9321e-05, 1.4570e-05, 2.8819e-05, 1.1266e-04, 1.6845e-04,
        3.1693e-05, 5.1714e-05, 2.2292e-04, 3.1584e-05, 5.7190e-05, 8.0283e-06,
        1.1283e-04, 1.0204e-04, 5.2320e-05, 1.8462e-05, 3.8611e-05, 7.2283e-05,
        1.0519e-04, 1.1988e-04, 6.5083e-05, 1.2227e-04, 3.3263e-05, 5.9389e-05,
        7.1630e-06, 1.8021e-06, 1.0808e-04, 9.7916e-05, 1.0101e-04, 1.8232e-05,
        5.7181e-05, 5.6543e-05, 1.4173e-04, 8.2709e-05, 5.4549e-05, 3.3466e-05,
        2.5339e-05, 1.0683e-04, 3.4256e-05, 3.2821e-05, 8.3277e-05, 8.0049e-05,
        9.4415e-05, 9.1938e-05, 1.4634e-04, 1.0266e-04, 2.1176e-04, 7.8232e-05,
        1.0207e-04, 5.2928e-05, 1.0095e-04, 6.4958e-05, 9.4163e-05, 1.4474e-04,
        6.6192e-05, 7.6375e-05, 6.8160e-05, 4.8552e-05, 7.1403e-05, 1.5324e-04,
        5.2234e-05, 7.1017e-05, 3.3610e-05, 7.6690e-06, 5.7086e-05],
       grad_fn=<CatBackward>)

mean_overall=tensor(7.5410e-05, grad_fn=<MeanBackward0>)

-----------------------------------------------ITERATION10-----------------------------------------------

final_causality=[[1, 1, 1, 1, 1, 1, 1, 1, 1, 1, 1, 1, 1], [1, 1, 1, 1, 1, 1, 1, 1, 1, 1, 1, 1, 1, 1, 1, 1, 1, 1, 1, 1, 1, 1, 1, 1, 1, 1, 1, 1, 1, 1, 1, 1, 1, 1, 1, 1, 1, 1, 1, 1, 1, 1, 1, 1, 1, 1, 1, 1, 1, 1], [1, 1, 1, 1, 1, 1, 1, 1, 1, 1, 1, 1, 1, 1, 1, 1, 1, 1, 1, 1, 1, 1, 1, 1, 1, 1, 1, 1, 1, 1, 1, 1, 1, 1, 1, 1, 1, 1, 1, 1, 1, 1, 1, 1, 1, 1, 1, 1, 1, 1]]

means=tensor([9.6616e-05, 2.7359e-05, 1.6577e-04, 3.9227e-05, 1.0077e-04, 4.8586e-05,
        1.2789e-04, 2.2813e-05, 1.9348e-04, 7.1603e-05, 2.4761e-05, 1.3124e-04,
        1.1075e-05, 2.7573e-05, 2.0717e-05, 6.5549e-05, 8.0854e-05, 1.1787e-05,
        3.4079e-05, 8.9043e-05, 3.1553e-06, 8.7280e-06, 3.5607e-04, 7.6681e-05,
        3.9774e-05, 2.8094e-05, 1.5990e-06, 2.0324e-05, 3.7647e-05, 6.5142e-05,
        1.3795e-04, 8.1768e-05, 1.2691e-04, 1.3439e-05, 8.5573e-05, 5.1639e-06,
        1.6561e-04, 1.0946e-04, 1.0337e-04, 1.9570e-05, 1.0847e-04, 6.6159e-05,
        4.4117e-05, 2.5840e-05, 8.1550e-05, 1.1124e-04, 1.8146e-05, 7.7625e-05,
        1.5044e-04, 2.3418e-05, 1.0279e-05, 7.3583e-06, 7.9144e-05, 2.0281e-04,
        9.4366e-06, 1.0196e-04, 2.5535e-04, 6.6012e-05, 2.4229e-05, 4.2471e-05,
        1.3198e-04, 1.2422e-04, 1.0649e-04, 1.2984e-05, 3.3611e-05, 6.7937e-05,
        1.0204e-04, 1.0908e-04, 5.3999e-05, 1.1436e-04, 3.6293e-05, 5.9189e-05,
        2.7276e-06, 1.1151e-06, 1.0176e-04, 8.6156e-05, 1.1041e-04, 1.1884e-05,
        5.5469e-05, 6.2881e-05, 1.3356e-04, 7.9524e-05, 5.0805e-05, 4.0100e-05,
        2.3849e-05, 1.1510e-04, 3.0444e-05, 2.7985e-05, 8.2172e-05, 7.6835e-05,
        9.6180e-05, 9.5951e-05, 1.5313e-04, 1.1115e-04, 1.9471e-04, 7.0885e-05,
        9.4082e-05, 6.1480e-05, 9.9941e-05, 6.9837e-05, 9.7444e-05, 1.3547e-04,
        6.1439e-05, 7.4767e-05, 7.2491e-05, 4.4554e-05, 6.3732e-05, 1.5367e-04,
        5.5670e-05, 6.3926e-05, 3.0348e-05, 1.3058e-07, 6.4547e-05],
       grad_fn=<CatBackward>)

mean_overall=tensor(7.4278e-05, grad_fn=<MeanBackward0>)

-----------------------------------------------ITERATION20-----------------------------------------------

final_causality=[[1, 1, 1, 1, 1, 1, 1, 1, 1, 1, 1, 1, 1], [1, 1, 1, 1, 1, 1, 1, 1, 1, 1, 1, 1, 1, 1, 1, 1, 1, 1, 1, 1, 1, 1, 1, 1, 1, 1, 1, 1, 1, 1, 1, 1, 1, 1, 1, 1, 1, 1, 1, 1, 1, 1, 1, 1, 1, 1, 1, 1, 1, 1], [1, 1, 1, 1, 1, 1, 1, 1, 1, 1, 1, 1, 1, 1, 1, 1, 1, 1, 1, 1, 1, 1, 1, 1, 1, 1, 1, 1, 1, 1, 1, 1, 1, 1, 1, 1, 1, 1, 1, 1, 1, 1, 1, 1, 1, 1, 1, 1, 1, 1]]

means=tensor([6.5140e-05, 3.9665e-05, 2.2741e-04, 3.3047e-05, 7.7612e-05, 3.0551e-05,
        1.6486e-04, 3.2569e-05, 1.5864e-04, 1.0045e-04, 3.0104e-05, 1.6451e-04,
        3.4915e-05, 7.6793e-06, 1.0005e-05, 7.6784e-05, 1.0052e-04, 2.3678e-05,
        5.8130e-06, 1.1536e-04, 1.1561e-05, 1.5539e-05, 3.9661e-04, 9.9151e-05,
        2.3193e-05, 1.6775e-05, 1.9405e-05, 1.4140e-05, 1.1311e-05, 8.4657e-05,
        1.2258e-04, 5.9664e-05, 1.5469e-04, 3.5198e-05, 6.2823e-05, 2.2726e-05,
        1.9927e-04, 1.3250e-04, 1.1857e-04, 6.2350e-06, 8.6947e-05, 4.9749e-05,
        6.0217e-05, 4.3030e-05, 1.0740e-04, 9.3390e-05, 3.7741e-05, 9.5783e-05,
        1.6036e-04, 1.3001e-05, 3.0138e-05, 6.6381e-06, 5.5422e-05, 2.2208e-04,
        4.7471e-06, 1.3954e-04, 2.7509e-04, 9.1741e-05, 4.9221e-07, 7.8844e-05,
        1.4239e-04, 1.3695e-04, 1.4088e-04, 9.1277e-06, 3.0294e-05, 6.4888e-05,
        9.8095e-05, 1.0012e-04, 4.5846e-05, 1.1322e-04, 3.8923e-05, 5.8639e-05,
        1.4771e-07, 3.1352e-06, 9.7668e-05, 8.4558e-05, 1.1771e-04, 7.2318e-06,
        5.3671e-05, 6.8099e-05, 1.2432e-04, 7.6846e-05, 4.6858e-05, 4.5508e-05,
        2.3962e-05, 1.2106e-04, 2.9420e-05, 2.4888e-05, 7.8739e-05, 7.3674e-05,
        9.7004e-05, 9.9442e-05, 1.5849e-04, 1.1855e-04, 1.7963e-04, 6.5718e-05,
        8.9092e-05, 6.7477e-05, 9.8412e-05, 7.1134e-05, 9.9073e-05, 1.2615e-04,
        5.8941e-05, 7.5430e-05, 7.5474e-05, 4.2335e-05, 6.0222e-05, 1.5570e-04,
        5.7078e-05, 5.6010e-05, 2.7572e-05, 5.7770e-06, 7.0314e-05],
       grad_fn=<CatBackward>)

mean_overall=tensor(7.7612e-05, grad_fn=<MeanBackward0>)

-----------------------------------------------ITERATION30-----------------------------------------------

final_causality=[[1, 1, 1, 1, 1, 1, 1, 1, 1, 1, 1, 1, 1], [1, 1, 1, 1, 1, 1, 1, 1, 1, 1, 1, 1, 1, 1, 1, 1, 1, 1, 1, 1, 1, 1, 1, 1, 1, 1, 1, 1, 1, 1, 1, 1, 1, 1, 1, 1, 1, 1, 1, 1, 1, 1, 1, 1, 1, 1, 1, 1, 1, 1], [1, 1, 1, 1, 1, 1, 1, 1, 1, 1, 1, 1, 1, 1, 1, 1, 1, 1, 1, 1, 1, 1, 1, 1, 1, 1, 1, 1, 1, 1, 1, 1, 1, 1, 1, 1, 1, 1, 1, 1, 1, 1, 1, 1, 1, 1, 1, 1, 1, 1]]

means=tensor([4.7533e-05, 7.5924e-05, 2.5621e-04, 1.9355e-05, 8.7884e-05, 2.0996e-05,
        1.6037e-04, 4.6783e-05, 1.2983e-04, 1.2084e-04, 5.1533e-05, 1.6391e-04,
        5.7145e-05, 3.2870e-06, 1.8358e-05, 7.6895e-05, 1.0621e-04, 2.6821e-05,
        1.3972e-06, 1.1694e-04, 1.3475e-05, 2.1599e-05, 4.1348e-04, 1.0547e-04,
        1.9924e-05, 1.4359e-05, 2.2241e-05, 1.3195e-05, 5.9590e-06, 8.5018e-05,
        1.2073e-04, 5.5934e-05, 1.6377e-04, 4.1375e-05, 5.8106e-05, 2.6515e-05,
        2.1257e-04, 1.4143e-04, 1.2106e-04, 3.2565e-06, 7.9585e-05, 4.6534e-05,
        6.0514e-05, 4.7888e-05, 1.0781e-04, 9.0134e-05, 4.2096e-05, 1.0174e-04,
        1.5896e-04, 1.0646e-05, 3.6607e-05, 9.9031e-06, 4.7962e-05, 2.1956e-04,
        7.2047e-06, 1.5288e-04, 2.7557e-04, 1.0048e-04, 7.3324e-06, 9.1325e-05,
        1.4189e-04, 1.3616e-04, 1.4135e-04, 8.2043e-06, 3.1629e-05, 6.3954e-05,
        9.5000e-05, 9.5197e-05, 4.0618e-05, 1.1850e-04, 4.1021e-05, 5.8330e-05,
        7.6697e-07, 3.6107e-06, 9.8151e-05, 8.6903e-05, 1.2016e-04, 5.9945e-06,
        5.3429e-05, 7.0772e-05, 1.1708e-04, 7.6445e-05, 4.5026e-05, 4.6958e-05,
        2.6065e-05, 1.2500e-04, 3.0181e-05, 2.4742e-05, 7.5709e-05, 7.2908e-05,
        9.7131e-05, 1.0242e-04, 1.6241e-04, 1.2355e-04, 1.7129e-04, 6.1434e-05,
        8.7949e-05, 6.7825e-05, 9.7760e-05, 6.7713e-05, 9.9136e-05, 1.1888e-04,
        5.9901e-05, 7.9197e-05, 7.5725e-05, 4.2887e-05, 6.2580e-05, 1.5962e-04,
        5.5687e-05, 5.4216e-05, 2.6886e-05, 7.0449e-06, 7.2601e-05],
       grad_fn=<CatBackward>)

mean_overall=tensor(7.9186e-05, grad_fn=<MeanBackward0>)

-----------------------------------------------ITERATION40-----------------------------------------------

final_causality=[[1, 1, 1, 1, 1, 1, 1, 1, 1, 1, 1, 1, 1], [1, 1, 1, 1, 1, 1, 1, 1, 1, 1, 1, 1, 1, 1, 1, 1, 1, 1, 1, 1, 1, 1, 1, 1, 1, 1, 1, 1, 1, 1, 1, 1, 1, 1, 1, 1, 1, 1, 1, 1, 1, 1, 1, 1, 1, 1, 1, 1, 1, 1], [1, 1, 1, 1, 1, 1, 1, 1, 1, 1, 1, 1, 1, 1, 1, 1, 1, 1, 1, 1, 1, 1, 1, 1, 1, 1, 1, 1, 1, 1, 1, 1, 1, 1, 1, 1, 1, 1, 1, 1, 1, 1, 1, 1, 1, 1, 1, 1, 1, 1]]

means=tensor([3.9815e-05, 1.1496e-04, 2.6239e-04, 3.7109e-05, 1.1673e-04, 1.7666e-05,
        1.3246e-04, 6.0479e-05, 1.0724e-04, 1.3372e-04, 5.0364e-05, 1.4194e-04,
        6.6838e-05, 8.7630e-06, 1.3166e-05, 7.0965e-05, 1.0252e-04, 2.3864e-05,
        1.2042e-05, 1.0380e-04, 1.1437e-05, 1.7151e-05, 4.1443e-04, 1.0399e-04,
        2.5821e-05, 1.7990e-05, 1.6169e-05, 1.5587e-05, 1.4026e-05, 7.5203e-05,
        1.2723e-04, 6.4222e-05, 1.6047e-04, 3.7417e-05, 6.4686e-05, 1.6515e-05,
        2.1168e-04, 1.4069e-04, 1.1462e-04, 6.8222e-06, 8.0723e-05, 5.1666e-05,
        5.2422e-05, 4.4166e-05, 9.3878e-05, 9.6404e-05, 3.7389e-05, 9.9580e-05,
        1.5150e-04, 1.3318e-05, 3.3843e-05, 6.9113e-06, 5.0424e-05, 2.0491e-04,
        3.9067e-06, 1.4984e-04, 2.6525e-04, 9.7814e-05, 1.7543e-06, 8.7155e-05,
        1.3536e-04, 1.2824e-04, 1.2196e-04, 9.1843e-06, 3.4967e-05, 6.4462e-05,
        9.3074e-05, 9.3236e-05, 4.1778e-05, 1.2686e-04, 4.2528e-05, 5.8485e-05,
        5.3973e-08, 3.0100e-06, 1.0131e-04, 9.1111e-05, 1.1981e-04, 6.8558e-06,
        5.4066e-05, 7.1161e-05, 1.1210e-04, 7.7714e-05, 4.4717e-05, 4.5707e-05,
        2.9151e-05, 1.2749e-04, 3.0957e-05, 2.6505e-05, 7.3945e-05, 7.3967e-05,
        9.7021e-05, 1.0403e-04, 1.6455e-04, 1.2705e-04, 1.6829e-04, 5.8599e-05,
        8.8523e-05, 6.4817e-05, 9.9415e-05, 6.2460e-05, 1.0158e-04, 1.1395e-04,
        6.2690e-05, 8.4505e-05, 7.4402e-05, 4.5034e-05, 6.7409e-05, 1.6415e-04,
        5.3088e-05, 5.6595e-05, 2.7552e-05, 5.4886e-06, 7.2304e-05],
       grad_fn=<CatBackward>)

mean_overall=tensor(7.8753e-05, grad_fn=<MeanBackward0>)

-----------------------------------------------ITERATION50-----------------------------------------------

final_causality=[[1, 1, 1, 1, 1, 1, 1, 1, 1, 1, 1, 1, 1], [1, 1, 1, 1, 1, 1, 1, 1, 1, 1, 1, 1, 1, 1, 1, 1, 1, 1, 1, 1, 1, 1, 1, 1, 1, 1, 1, 1, 1, 1, 1, 1, 1, 1, 1, 1, 1, 1, 1, 1, 1, 1, 1, 1, 1, 1, 1, 1, 1, 1], [1, 1, 1, 1, 1, 1, 1, 1, 1, 1, 1, 1, 1, 1, 1, 1, 1, 1, 1, 1, 1, 1, 1, 1, 1, 1, 1, 1, 1, 1, 1, 1, 1, 1, 1, 1, 1, 1, 1, 1, 1, 1, 1, 1, 1, 1, 1, 1, 1, 1]]

means=tensor([3.0774e-05, 1.5075e-04, 2.7381e-04, 8.1289e-05, 1.4699e-04, 1.4734e-05,
        1.0409e-04, 7.3331e-05, 8.0544e-05, 1.5025e-04, 5.4325e-05, 1.2367e-04,
        8.0025e-05, 1.3446e-05, 9.4622e-06, 6.5761e-05, 9.9999e-05, 2.1386e-05,
        2.1932e-05, 9.1861e-05, 9.8367e-06, 1.3779e-05, 4.1814e-04, 1.0396e-04,
        3.1208e-05, 2.1242e-05, 1.1076e-05, 1.7989e-05, 2.1162e-05, 6.6665e-05,
        1.3316e-04, 7.1799e-05, 1.5900e-04, 3.4795e-05, 7.0528e-05, 7.7716e-06,
        2.1312e-04, 1.4137e-04, 1.0906e-04, 9.8527e-06, 8.0849e-05, 5.6271e-05,
        4.5348e-05, 4.1339e-05, 8.1527e-05, 1.0211e-04, 3.3800e-05, 9.8758e-05,
        1.4450e-04, 1.5570e-05, 3.2267e-05, 4.4531e-06, 5.1672e-05, 1.9137e-04,
        1.1531e-06, 1.4939e-04, 2.5611e-04, 9.7045e-05, 6.8118e-06, 8.5547e-05,
        1.3084e-04, 1.2116e-04, 1.0450e-04, 1.0031e-05, 3.8611e-05, 6.4934e-05,
        9.0939e-05, 9.0798e-05, 4.2732e-05, 1.3649e-04, 4.4221e-05, 5.8543e-05,
        5.5015e-07, 2.5879e-06, 1.0489e-04, 9.5379e-05, 1.2012e-04, 7.4876e-06,
        5.4433e-05, 7.1785e-05, 1.0655e-04, 7.8915e-05, 4.4024e-05, 4.4757e-05,
        3.2394e-05, 1.3107e-04, 3.1898e-05, 2.8242e-05, 7.1181e-05, 7.4642e-05,
        9.6980e-05, 1.0585e-04, 1.6723e-04, 1.3128e-04, 1.6429e-04, 5.5304e-05,
        8.9181e-05, 6.2380e-05, 1.0506e-04, 5.7377e-05, 1.0426e-04, 1.0831e-04,
        6.5518e-05, 9.0119e-05, 7.3470e-05, 4.7778e-05, 7.2326e-05, 1.6930e-04,
        5.0708e-05, 5.8726e-05, 2.8048e-05, 4.1654e-06, 7.2437e-05],
       grad_fn=<CatBackward>)

mean_overall=tensor(7.9156e-05, grad_fn=<MeanBackward0>)

-----------------------------------------------ITERATION60-----------------------------------------------

final_causality=[[1, 1, 1, 1, 1, 1, 1, 1, 1, 1, 1, 1, 1], [1, 1, 1, 1, 1, 1, 1, 1, 1, 1, 1, 1, 1, 1, 1, 1, 1, 1, 1, 1, 1, 1, 1, 1, 1, 1, 1, 1, 1, 1, 1, 1, 1, 1, 1, 1, 1, 1, 1, 1, 1, 1, 1, 1, 1, 1, 1, 1, 1, 1], [1, 1, 1, 1, 1, 1, 1, 1, 1, 1, 1, 1, 1, 1, 1, 1, 1, 1, 1, 1, 1, 1, 1, 1, 1, 1, 1, 1, 1, 1, 1, 1, 1, 1, 1, 1, 1, 1, 1, 1, 1, 1, 1, 1, 1, 1, 1, 1, 1, 1]]

means=tensor([1.5245e-05, 1.8574e-04, 3.0099e-04, 1.0985e-04, 1.7245e-04, 7.6322e-06,
        8.4042e-05, 8.8408e-05, 4.5524e-05, 1.7453e-04, 7.2609e-05, 1.1470e-04,
        1.0293e-04, 1.3384e-05, 1.2920e-05, 6.3619e-05, 1.0269e-04, 2.2113e-05,
        2.5197e-05, 8.6858e-05, 1.0478e-05, 1.6012e-05, 4.3219e-04, 1.1007e-04,
        3.2265e-05, 2.1636e-05, 1.0148e-05, 1.8951e-05, 2.2005e-05, 6.2918e-05,
        1.3516e-04, 7.4011e-05, 1.6490e-04, 3.8001e-05, 7.1055e-05, 5.3021e-06,
        2.2352e-04, 1.4809e-04, 1.0787e-04, 9.7196e-06, 7.6770e-05, 5.7068e-05,
        4.2268e-05, 4.3150e-05, 7.6032e-05, 1.0358e-04, 3.5768e-05, 1.0422e-04,
        1.4054e-04, 1.5374e-05, 3.6323e-05, 5.2194e-06, 4.7847e-05, 1.8331e-04,
        1.1631e-06, 1.5906e-04, 2.5219e-04, 1.0341e-04, 6.3144e-06, 9.4272e-05,
        1.3093e-04, 1.1737e-04, 9.6105e-05, 9.9615e-06, 4.1980e-05, 6.4726e-05,
        8.7941e-05, 8.6514e-05, 4.5214e-05, 1.4638e-04, 4.6596e-05, 5.8203e-05,
        5.3013e-07, 2.6945e-06, 1.0807e-04, 9.9194e-05, 1.2193e-04, 7.1160e-06,
        5.4575e-05, 7.3944e-05, 9.9305e-05, 7.9310e-05, 4.2574e-05, 4.5053e-05,
        3.5486e-05, 1.3772e-04, 3.2908e-05, 2.9191e-05, 7.5780e-05, 7.4720e-05,
        9.7096e-05, 1.0910e-04, 1.7192e-04, 1.3789e-04, 1.5734e-04, 5.3967e-05,
        8.9230e-05, 6.1533e-05, 1.1213e-04, 5.4693e-05, 1.0753e-04, 1.0271e-04,
        6.7813e-05, 9.5613e-05, 7.3355e-05, 5.0018e-05, 7.6517e-05, 1.7532e-04,
        4.8652e-05, 6.4357e-05, 2.7896e-05, 4.1600e-06, 7.4298e-05],
       grad_fn=<CatBackward>)

mean_overall=tensor(8.1104e-05, grad_fn=<MeanBackward0>)

-----------------------------------------------ITERATION70-----------------------------------------------

final_causality=[[1, 1, 1, 1, 1, 1, 1, 1, 1, 1, 1, 1, 1], [1, 1, 1, 1, 1, 1, 1, 1, 1, 1, 1, 1, 1, 1, 1, 1, 1, 1, 1, 1, 1, 1, 1, 1, 1, 1, 1, 1, 1, 1, 1, 1, 1, 1, 1, 1, 1, 1, 1, 1, 1, 1, 1, 1, 1, 1, 1, 1, 1, 1], [1, 1, 1, 1, 1, 1, 1, 1, 1, 1, 1, 1, 1, 1, 1, 1, 1, 1, 1, 1, 1, 1, 1, 1, 1, 1, 1, 1, 1, 1, 1, 1, 1, 1, 1, 1, 1, 1, 1, 1, 1, 1, 1, 1, 1, 1, 1, 1, 1, 1]]

means=tensor([7.0901e-06, 2.2192e-04, 3.3462e-04, 1.3559e-04, 1.9801e-04, 4.4152e-06,
        6.5320e-05, 1.0515e-04, 2.9138e-06, 2.0264e-04, 9.6475e-05, 1.0785e-04,
        1.3016e-04, 1.1903e-05, 1.8818e-05, 6.4560e-05, 1.0720e-04, 2.4134e-05,
        2.6741e-05, 8.3867e-05, 1.1897e-05, 2.0221e-05, 4.5037e-04, 1.1864e-04,
        3.2015e-05, 2.1179e-05, 1.0408e-05, 1.9466e-05, 2.1023e-05, 6.0461e-05,
        1.3597e-04, 7.4780e-05, 1.7357e-04, 4.3494e-05, 7.0024e-05, 4.5820e-06,
        2.3754e-04, 1.5727e-04, 1.0799e-04, 8.6502e-06, 7.1546e-05, 5.7266e-05,
        4.0303e-05, 4.6635e-05, 7.2544e-05, 1.0391e-04, 3.9787e-05, 1.1168e-04,
        1.3739e-04, 1.4452e-05, 4.2797e-05, 7.0502e-06, 4.2537e-05, 1.7673e-04,
        2.0043e-06, 1.7276e-04, 2.4973e-04, 1.1264e-04, 4.1418e-06, 1.0729e-04,
        1.3211e-04, 1.1438e-04, 9.0224e-05, 9.5967e-06, 4.5357e-05, 6.4257e-05,
        8.4534e-05, 8.1492e-05, 5.2955e-05, 1.5799e-04, 4.9717e-05, 5.7654e-05,
        3.2278e-07, 2.9716e-06, 1.1141e-04, 1.0305e-04, 1.2416e-04, 6.4689e-06,
        5.4815e-05, 7.6767e-05, 9.1339e-05, 7.9421e-05, 4.0994e-05, 4.5702e-05,
        3.8642e-05, 1.4561e-04, 3.4199e-05, 2.9934e-05, 8.0529e-05, 7.4968e-05,
        9.7254e-05, 1.1446e-04, 1.7774e-04, 1.4566e-04, 1.4943e-04, 5.2820e-05,
        9.3742e-05, 6.1035e-05, 1.2003e-04, 5.5102e-05, 1.1126e-04, 9.9540e-05,
        7.0048e-05, 1.0125e-04, 7.3387e-05, 5.2235e-05, 8.0594e-05, 1.8216e-04,
        4.6554e-05, 7.0536e-05, 2.7581e-05, 4.5584e-06, 7.6877e-05],
       grad_fn=<CatBackward>)

mean_overall=tensor(8.3961e-05, grad_fn=<MeanBackward0>)

-----------------------------------------------ITERATION80-----------------------------------------------

final_causality=[[1, 1, 1, 1, 1, 1, 1, 1, 1, 1, 1, 1, 1], [1, 1, 1, 1, 1, 1, 1, 1, 1, 1, 1, 1, 1, 1, 1, 1, 1, 1, 1, 1, 1, 1, 1, 1, 1, 1, 1, 1, 1, 1, 1, 1, 1, 1, 1, 1, 1, 1, 1, 1, 1, 1, 1, 1, 1, 1, 1, 1, 1, 1], [1, 1, 1, 1, 1, 1, 1, 1, 1, 1, 1, 1, 1, 1, 1, 1, 1, 1, 1, 1, 1, 1, 1, 1, 1, 1, 1, 1, 1, 1, 1, 1, 1, 1, 1, 1, 1, 1, 1, 1, 1, 1, 1, 1, 1, 1, 1, 1, 1, 1]]

means=tensor([2.3970e-05, 2.5921e-04, 3.6522e-04, 1.6769e-04, 2.2741e-04, 1.2700e-05,
        4.2004e-05, 1.2202e-04, 4.8186e-05, 2.3017e-04, 1.1760e-04, 9.7113e-05,
        1.5599e-04, 1.2145e-05, 2.2743e-05, 6.7756e-05, 1.1022e-04, 2.5686e-05,
        3.1297e-05, 7.8428e-05, 1.2721e-05, 2.2881e-05, 4.6670e-04, 1.2580e-04,
        3.3536e-05, 2.1877e-05, 9.3687e-06, 2.0660e-05, 2.2455e-05, 5.6578e-05,
        1.3829e-04, 7.7862e-05, 1.8058e-04, 4.8062e-05, 7.1671e-05, 1.6111e-06,
        2.4984e-04, 1.6529e-04, 1.0666e-04, 8.7209e-06, 6.7718e-05, 5.9014e-05,
        3.7210e-05, 4.8802e-05, 6.6937e-05, 1.0606e-04, 4.2142e-05, 1.1804e-04,
        1.3311e-04, 1.4406e-05, 4.8144e-05, 7.8712e-06, 3.8839e-05, 1.6823e-04,
        1.9147e-06, 1.8467e-04, 2.4550e-04, 1.2048e-04, 3.8866e-06, 1.1838e-04,
        1.3216e-04, 1.1261e-04, 8.1166e-05, 9.5483e-06, 4.9159e-05, 6.4001e-05,
        8.1275e-05, 7.6825e-05, 6.1310e-05, 1.7054e-04, 5.2921e-05, 5.7154e-05,
        3.3137e-07, 3.0796e-06, 1.1531e-04, 1.0735e-04, 1.2616e-04, 6.1480e-06,
        5.5163e-05, 7.9196e-05, 8.3599e-05, 7.9848e-05, 3.9648e-05, 4.5933e-05,
        4.3179e-05, 1.5354e-04, 3.5489e-05, 3.1066e-05, 8.5639e-05, 7.5697e-05,
        9.7376e-05, 1.2067e-04, 1.8350e-04, 1.5314e-04, 1.4233e-04, 5.2112e-05,
        9.8984e-05, 6.0020e-05, 1.2791e-04, 5.5175e-05, 1.1499e-04, 9.6895e-05,
        7.3502e-05, 1.0734e-04, 7.3147e-05, 5.4904e-05, 8.5147e-05, 1.9040e-04,
        4.4457e-05, 7.6943e-05, 2.7496e-05, 4.4995e-06, 7.9070e-05],
       grad_fn=<CatBackward>)

mean_overall=tensor(8.7833e-05, grad_fn=<MeanBackward0>)

-----------------------------------------------ITERATION90-----------------------------------------------

final_causality=[[1, 1, 1, 1, 1, 1, 1, 1, 1, 1, 1, 1, 1], [1, 1, 1, 1, 1, 1, 1, 1, 1, 1, 1, 1, 1, 1, 1, 1, 1, 1, 1, 1, 1, 1, 1, 1, 1, 1, 1, 1, 1, 1, 1, 1, 1, 1, 1, 1, 1, 1, 1, 1, 1, 1, 1, 1, 1, 1, 1, 1, 1, 1], [1, 1, 1, 1, 1, 1, 1, 1, 1, 1, 1, 1, 1, 1, 1, 1, 1, 1, 1, 1, 1, 1, 1, 1, 1, 1, 1, 1, 1, 1, 1, 1, 1, 1, 1, 1, 1, 1, 1, 1, 1, 1, 1, 1, 1, 1, 1, 1, 1, 1]]

means=tensor([3.9956e-05, 2.9735e-04, 3.9438e-04, 2.0369e-04, 2.5944e-04, 2.0609e-05,
        1.5746e-05, 1.3906e-04, 9.0360e-05, 2.5767e-04, 1.3743e-04, 8.3723e-05,
        1.8135e-04, 1.3480e-05, 2.5632e-05, 7.1403e-05, 1.1236e-04, 2.6668e-05,
        3.7990e-05, 7.1592e-05, 1.3213e-05, 2.4715e-05, 4.8232e-04, 1.3224e-04,
        3.6284e-05, 2.3370e-05, 7.6328e-06, 2.2379e-05, 2.5441e-05, 5.2041e-05,
        1.4160e-04, 8.2527e-05, 1.8680e-04, 5.2427e-05, 7.4736e-05, 4.2528e-06,
        2.6143e-04, 1.7285e-04, 1.0449e-04, 9.5401e-06, 6.4711e-05, 6.1838e-05,
        3.3636e-05, 5.0230e-05, 6.0268e-05, 1.0944e-04, 4.3509e-05, 1.2385e-04,
        1.2821e-04, 1.4904e-05, 5.3008e-05, 8.1100e-06, 3.6081e-05, 1.5872e-04,
        1.2736e-06, 1.9635e-04, 2.4030e-04, 1.2778e-04, 4.7920e-06, 1.2879e-04,
        1.3341e-04, 1.1424e-04, 7.0329e-05, 9.6956e-06, 5.3334e-05, 6.3874e-05,
        7.8085e-05, 7.2888e-05, 7.0182e-05, 1.8397e-04, 5.6028e-05, 5.6659e-05,
        4.7190e-07, 3.0730e-06, 1.1963e-04, 1.1218e-04, 1.2816e-04, 6.0067e-06,
        5.5552e-05, 8.1369e-05, 8.0205e-05, 8.0491e-05, 3.9235e-05, 4.5910e-05,
        4.8061e-05, 1.6410e-04, 3.6736e-05, 3.2472e-05, 9.0909e-05, 7.6898e-05,
        9.7481e-05, 1.2693e-04, 1.8932e-04, 1.6051e-04, 1.3575e-04, 5.5676e-05,
        1.0446e-04, 5.8737e-05, 1.3586e-04, 5.5055e-05, 1.1872e-04, 9.4557e-05,
        7.7621e-05, 1.1381e-04, 7.2757e-05, 5.7850e-05, 9.0020e-05, 1.9903e-04,
        4.2246e-05, 8.3526e-05, 2.7549e-05, 4.1537e-06, 8.1060e-05],
       grad_fn=<CatBackward>)

mean_overall=tensor(9.1883e-05, grad_fn=<MeanBackward0>)

-----------------------------------------------ITERATION100-----------------------------------------------

final_causality=[[1, 1, 1, 1, 1, 1, 1, 1, 1, 1, 1, 1, 1], [1, 1, 1, 1, 1, 1, 1, 1, 1, 1, 1, 1, 1, 1, 1, 1, 1, 1, 1, 1, 1, 1, 1, 1, 1, 1, 1, 1, 1, 1, 1, 1, 1, 1, 1, 1, 1, 1, 1, 1, 1, 1, 1, 1, 1, 1, 1, 1, 1, 1], [1, 1, 1, 1, 1, 1, 1, 1, 1, 1, 1, 1, 1, 1, 1, 1, 1, 1, 1, 1, 1, 1, 1, 1, 1, 1, 1, 1, 1, 1, 1, 1, 1, 1, 1, 1, 1, 1, 1, 1, 1, 1, 1, 1, 1, 1, 1, 1, 1, 1]]

means=tensor([5.7417e-05, 3.3690e-04, 4.2705e-04, 2.3985e-04, 2.9267e-04, 2.9709e-05,
        2.3102e-05, 1.5718e-04, 1.3578e-04, 2.8755e-04, 1.6014e-04, 7.0385e-05,
        2.0931e-04, 1.4422e-05, 2.9662e-05, 7.5623e-05, 1.1528e-04, 2.8268e-05,
        4.4728e-05, 6.5528e-05, 1.4097e-05, 2.7503e-05, 5.0019e-04, 1.3995e-04,
        3.8778e-05, 2.4704e-05, 6.3481e-06, 2.4078e-05, 2.7975e-05, 4.9826e-05,
        1.4459e-04, 8.7009e-05, 1.9445e-04, 5.8251e-05, 7.7453e-05, 8.2087e-06,
        2.7498e-04, 1.8179e-04, 1.0282e-04, 1.0132e-05, 6.1418e-05, 6.4454e-05,
        3.0590e-05, 5.2444e-05, 5.4503e-05, 1.1266e-04, 4.5847e-05, 1.3072e-04,
        1.2363e-04, 1.5192e-05, 5.9354e-05, 8.7934e-06, 3.2875e-05, 1.4992e-04,
        9.1656e-07, 2.1036e-04, 2.3566e-04, 1.3674e-04, 5.1637e-06, 1.4187e-04,
        1.4008e-04, 1.2008e-04, 6.0446e-05, 9.7462e-06, 5.7689e-05, 6.3628e-05,
        7.4641e-05, 7.1593e-05, 7.9475e-05, 1.9800e-04, 5.9404e-05, 5.5993e-05,
        5.5471e-07, 3.1112e-06, 1.2429e-04, 1.2006e-04, 1.3038e-04, 5.7734e-06,
        5.6028e-05, 8.3855e-05, 8.0887e-05, 8.1034e-05, 3.8887e-05, 4.5976e-05,
        5.3204e-05, 1.7541e-04, 3.7605e-05, 3.4149e-05, 9.6156e-05, 7.8568e-05,
        9.7602e-05, 1.3392e-04, 1.9593e-04, 1.6855e-04, 1.2893e-04, 6.0843e-05,
        1.0998e-04, 5.7533e-05, 1.4438e-04, 5.5053e-05, 1.2275e-04, 9.2030e-05,
        8.1862e-05, 1.2055e-04, 7.2354e-05, 6.0960e-05, 9.4934e-05, 2.0845e-04,
        3.9884e-05, 9.0215e-05, 2.7569e-05, 3.9307e-06, 8.3556e-05],
       grad_fn=<CatBackward>)

mean_overall=tensor(9.6949e-05, grad_fn=<MeanBackward0>)

-----------------------------------------------ITERATION110-----------------------------------------------

final_causality=[[1, 1, 1, 1, 1, 1, 1, 1, 1, 1, 1, 1, 1], [1, 1, 1, 1, 1, 1, 1, 1, 1, 1, 1, 1, 1, 1, 1, 1, 1, 1, 1, 1, 1, 1, 1, 1, 1, 1, 1, 1, 1, 1, 1, 1, 1, 1, 1, 1, 1, 1, 1, 1, 1, 1, 1, 1, 1, 1, 1, 1, 1, 1], [1, 1, 1, 1, 1, 1, 1, 1, 1, 1, 1, 1, 1, 1, 1, 1, 1, 1, 1, 1, 1, 1, 1, 1, 1, 1, 1, 1, 1, 1, 1, 1, 1, 1, 1, 1, 1, 1, 1, 1, 1, 1, 1, 1, 1, 1, 1, 1, 1, 1]]

means=tensor([7.6390e-05, 3.7826e-04, 4.6323e-04, 2.7693e-04, 3.2747e-04, 4.0041e-05,
        5.2326e-05, 1.7649e-04, 1.8454e-04, 3.1991e-04, 1.8560e-04, 5.6784e-05,
        2.3994e-04, 1.5081e-05, 3.4756e-05, 8.0556e-05, 1.1891e-04, 3.0508e-05,
        5.1729e-05, 6.0096e-05, 1.5372e-05, 3.1199e-05, 5.2015e-04, 1.4891e-04,
        4.1118e-05, 2.5952e-05, 5.4102e-06, 2.5794e-05, 3.0206e-05, 4.8870e-05,
        1.4737e-04, 9.1447e-05, 2.0341e-04, 6.5590e-05, 7.9937e-05, 1.1944e-05,
        2.9042e-04, 1.9203e-04, 1.0155e-04, 1.0540e-05, 5.8116e-05, 6.6949e-05,
        2.8494e-05, 5.5399e-05, 4.9492e-05, 1.1584e-04, 4.9134e-05, 1.3862e-04,
        1.1932e-04, 1.5328e-05, 6.7229e-05, 9.9139e-06, 2.9359e-05, 1.4178e-04,
        7.8221e-07, 2.2662e-04, 2.3144e-04, 1.4732e-04, 5.1279e-06, 1.5763e-04,
        1.4737e-04, 1.2657e-04, 5.1331e-05, 9.7187e-06, 6.2248e-05, 6.3270e-05,
        7.3469e-05, 7.0187e-05, 8.9230e-05, 2.1267e-04, 6.4035e-05, 5.5130e-05,
        5.9354e-07, 3.1831e-06, 1.2936e-04, 1.2834e-04, 1.3276e-04, 5.4740e-06,
        5.6632e-05, 8.6655e-05, 8.1545e-05, 8.1479e-05, 3.8548e-05, 4.6093e-05,
        5.8623e-05, 1.8745e-04, 3.8028e-05, 3.5938e-05, 1.0173e-04, 8.0635e-05,
        9.7735e-05, 1.4170e-04, 2.0335e-04, 1.7727e-04, 1.2194e-04, 6.7913e-05,
        1.1553e-04, 5.6346e-05, 1.5353e-04, 5.8787e-05, 1.2712e-04, 8.9351e-05,
        8.6269e-05, 1.2761e-04, 7.1895e-05, 6.4276e-05, 9.9919e-05, 2.1871e-04,
        3.7328e-05, 9.7019e-05, 2.7576e-05, 3.8029e-06, 8.7300e-05],
       grad_fn=<CatBackward>)

mean_overall=tensor(0.0001, grad_fn=<MeanBackward0>)

-----------------------------------------------ITERATION120-----------------------------------------------

final_causality=[[1, 1, 1, 1, 1, 1, 1, 1, 1, 1, 1, 1, 1], [1, 1, 1, 1, 1, 1, 1, 1, 1, 1, 1, 1, 1, 1, 1, 1, 1, 1, 1, 1, 1, 1, 1, 1, 1, 1, 1, 1, 1, 1, 1, 1, 1, 1, 1, 1, 1, 1, 1, 1, 1, 1, 1, 1, 1, 1, 1, 1, 1, 1], [1, 1, 1, 1, 1, 1, 1, 1, 1, 1, 1, 1, 1, 1, 1, 1, 1, 1, 1, 1, 1, 1, 1, 1, 1, 1, 1, 1, 1, 1, 1, 1, 1, 1, 1, 1, 1, 1, 1, 1, 1, 1, 1, 1, 1, 1, 1, 1, 1, 1]]

means=tensor([9.5956e-05, 4.2143e-04, 5.0091e-04, 3.1669e-04, 3.6446e-04, 5.1023e-05,
        8.3421e-05, 1.9662e-04, 2.3558e-04, 3.5373e-04, 2.1207e-04, 4.1687e-05,
        2.7202e-04, 1.6101e-05, 4.0059e-05, 8.5526e-05, 1.2255e-04, 3.2915e-05,
        6.0058e-05, 5.4434e-05, 1.6748e-05, 3.5104e-05, 5.4096e-04, 1.5828e-04,
        4.3991e-05, 2.7560e-05, 4.3608e-06, 2.7813e-05, 3.3004e-05, 4.7813e-05,
        1.5049e-04, 9.6631e-05, 2.1387e-04, 7.3713e-05, 8.2949e-05, 1.6327e-05,
        3.0660e-04, 2.0285e-04, 1.0015e-04, 1.1189e-05, 5.6129e-05, 6.9922e-05,
        2.6744e-05, 5.8704e-05, 4.4540e-05, 1.1958e-04, 5.2565e-05, 1.4689e-04,
        1.1494e-04, 1.5632e-05, 7.5872e-05, 1.1020e-05, 2.6114e-05, 1.3362e-04,
        5.2378e-07, 2.4383e-04, 2.2708e-04, 1.5865e-04, 5.3954e-06, 1.7478e-04,
        1.5472e-04, 1.3321e-04, 4.1916e-05, 9.7379e-06, 6.7130e-05, 6.2902e-05,
        7.4041e-05, 6.8764e-05, 9.9508e-05, 2.2816e-04, 6.9299e-05, 5.4538e-05,
        6.6942e-07, 3.2169e-06, 1.3489e-04, 1.3708e-04, 1.3521e-04, 5.2133e-06,
        5.7344e-05, 8.9518e-05, 8.9173e-05, 8.1958e-05, 3.8274e-05, 4.6108e-05,
        6.4337e-05, 1.9977e-04, 3.8117e-05, 3.8031e-05, 1.0871e-04, 8.3110e-05,
        9.7863e-05, 1.5000e-04, 2.1129e-04, 1.8635e-04, 1.1512e-04, 7.6797e-05,
        1.2120e-04, 5.5043e-05, 1.6308e-04, 6.6977e-05, 1.3170e-04, 8.6719e-05,
        9.0900e-05, 1.3504e-04, 7.1347e-05, 6.7848e-05, 1.0510e-04, 2.2969e-04,
        3.4604e-05, 1.0398e-04, 2.7643e-05, 3.5950e-06, 9.1280e-05],
       grad_fn=<CatBackward>)

mean_overall=tensor(0.0001, grad_fn=<MeanBackward0>)

-----------------------------------------------ITERATION130-----------------------------------------------

final_causality=[[1, 1, 1, 1, 1, 1, 1, 1, 1, 1, 1, 1, 1], [1, 1, 1, 1, 1, 1, 1, 1, 1, 1, 1, 1, 1, 1, 1, 1, 1, 1, 1, 1, 1, 1, 1, 1, 1, 1, 1, 1, 1, 1, 1, 1, 1, 1, 1, 1, 1, 1, 1, 1, 1, 1, 1, 1, 1, 1, 1, 1, 1, 1], [1, 1, 1, 1, 1, 1, 1, 1, 1, 1, 1, 1, 1, 1, 1, 1, 1, 1, 1, 1, 1, 1, 1, 1, 1, 1, 1, 1, 1, 1, 1, 1, 1, 1, 1, 1, 1, 1, 1, 1, 1, 1, 1, 1, 1, 1, 1, 1, 1, 1]]

means=tensor([1.1632e-04, 4.6668e-04, 5.4047e-04, 3.5924e-04, 4.0373e-04, 6.2801e-05,
        1.1643e-04, 2.1769e-04, 2.8915e-04, 3.8923e-04, 2.3980e-04, 2.5082e-05,
        3.0586e-04, 1.7453e-05, 4.5696e-05, 9.0567e-05, 1.2626e-04, 3.5573e-05,
        6.9796e-05, 4.8631e-05, 1.8385e-05, 3.9327e-05, 5.6273e-04, 1.6815e-04,
        4.7389e-05, 2.9530e-05, 3.2359e-06, 3.0151e-05, 3.6647e-05, 4.6701e-05,
        1.5393e-04, 1.0254e-04, 2.2551e-04, 8.2797e-05, 8.6463e-05, 2.1420e-05,
        3.2365e-04, 2.1431e-04, 9.8692e-05, 1.2059e-05, 5.4342e-05, 7.3365e-05,
        2.5024e-05, 6.2651e-05, 3.9991e-05, 1.2386e-04, 5.6247e-05, 1.5560e-04,
        1.1054e-04, 1.6085e-05, 8.5438e-05, 1.2158e-05, 2.3095e-05, 1.2553e-04,
        1.5725e-07, 2.6217e-04, 2.2265e-04, 1.7085e-04, 5.9152e-06, 1.9357e-04,
        1.6217e-04, 1.4007e-04, 3.2300e-05, 9.7950e-06, 7.2359e-05, 6.2515e-05,
        7.4641e-05, 6.7781e-05, 1.1034e-04, 2.4451e-04, 7.4766e-05, 5.5644e-05,
        7.7833e-07, 3.2164e-06, 1.4092e-04, 1.4629e-04, 1.3771e-04, 4.9789e-06,
        5.8183e-05, 9.2475e-05, 9.9933e-05, 8.2455e-05, 3.8064e-05, 4.6027e-05,
        7.0377e-05, 2.1877e-04, 3.7830e-05, 4.0309e-05, 1.1604e-04, 8.6011e-05,
        9.7987e-05, 1.5887e-04, 2.1981e-04, 1.9583e-04, 1.0944e-04, 8.6302e-05,
        1.2699e-04, 5.3631e-05, 1.7309e-04, 7.5448e-05, 1.3652e-04, 8.4209e-05,
        9.5783e-05, 1.4288e-04, 7.0865e-05, 7.1707e-05, 1.1048e-04, 2.4148e-04,
        3.2668e-05, 1.1176e-04, 2.7766e-05, 3.3181e-06, 9.5543e-05],
       grad_fn=<CatBackward>)

mean_overall=tensor(0.0001, grad_fn=<MeanBackward0>)

-----------------------------------------------ITERATION140-----------------------------------------------

final_causality=[[1, 1, 1, 1, 1, 1, 1, 1, 1, 1, 1, 1, 1], [1, 1, 1, 1, 1, 1, 1, 1, 1, 1, 1, 1, 1, 1, 1, 1, 1, 1, 1, 1, 1, 1, 1, 1, 1, 1, 1, 1, 1, 1, 1, 1, 1, 1, 1, 1, 1, 1, 1, 1, 1, 1, 1, 1, 1, 1, 1, 1, 1, 1], [1, 1, 1, 1, 1, 1, 1, 1, 1, 1, 1, 1, 1, 1, 1, 1, 1, 1, 1, 1, 1, 1, 1, 1, 1, 1, 1, 1, 1, 1, 1, 1, 1, 1, 1, 1, 1, 1, 1, 1, 1, 1, 1, 1, 1, 1, 1, 1, 1, 1]]

means=tensor([1.3809e-04, 5.1450e-04, 5.8316e-04, 4.0448e-04, 4.4543e-04, 7.5789e-05,
        1.5131e-04, 2.4002e-04, 3.4610e-04, 4.2715e-04, 2.6973e-04, 2.0258e-05,
        3.4230e-04, 1.8903e-05, 5.2114e-05, 9.5908e-05, 1.3037e-04, 3.8782e-05,
        8.0710e-05, 4.3030e-05, 2.0780e-05, 4.4252e-05, 5.8602e-04, 1.7895e-04,
        5.1078e-05, 3.1893e-05, 2.1942e-06, 3.2729e-05, 4.0790e-05, 4.5715e-05,
        1.5750e-04, 1.0891e-04, 2.3824e-04, 9.3367e-05, 9.0204e-05, 2.7058e-05,
        3.4211e-04, 2.2680e-04, 9.9637e-05, 1.3000e-05, 5.2602e-05, 7.7079e-05,
        2.3465e-05, 6.7164e-05, 3.5704e-05, 1.2847e-04, 6.0611e-05, 1.6510e-04,
        1.0626e-04, 1.6567e-05, 9.6433e-05, 1.3526e-05, 2.0094e-05, 1.1778e-04,
        6.5979e-07, 2.8227e-04, 2.1838e-04, 1.8441e-04, 6.4183e-06, 2.1479e-04,
        1.6995e-04, 1.4737e-04, 2.2884e-05, 9.8405e-06, 7.7920e-05, 6.2057e-05,
        7.5296e-05, 6.8213e-05, 1.2175e-04, 2.6173e-04, 8.0565e-05, 5.6899e-05,
        8.8955e-07, 3.2086e-06, 1.4750e-04, 1.5602e-04, 1.4023e-04, 4.7313e-06,
        5.9205e-05, 9.5672e-05, 1.1121e-04, 8.2896e-05, 3.7913e-05, 4.5891e-05,
        7.6768e-05, 2.3934e-04, 3.7042e-05, 4.2741e-05, 1.2414e-04, 8.9393e-05,
        9.9659e-05, 1.6853e-04, 2.2912e-04, 2.0595e-04, 1.0766e-04, 9.6279e-05,
        1.3290e-04, 5.2129e-05, 1.8371e-04, 8.4342e-05, 1.4167e-04, 8.4395e-05,
        1.0096e-04, 1.5115e-04, 7.0249e-05, 7.5888e-05, 1.1605e-04, 2.5425e-04,
        3.0907e-05, 1.2014e-04, 2.7928e-05, 3.0403e-06, 1.0027e-04],
       grad_fn=<CatBackward>)

mean_overall=tensor(0.0001, grad_fn=<MeanBackward0>)

-----------------------------------------------ITERATION150-----------------------------------------------

final_causality=[[1, 1, 1, 1, 1, 1, 1, 1, 1, 1, 1, 1, 1], [1, 1, 1, 1, 1, 1, 1, 1, 1, 1, 1, 1, 1, 1, 1, 1, 1, 1, 1, 1, 1, 1, 1, 1, 1, 1, 1, 1, 1, 1, 1, 1, 1, 1, 1, 1, 1, 1, 1, 1, 1, 1, 1, 1, 1, 1, 1, 1, 1, 1], [1, 1, 1, 1, 1, 1, 1, 1, 1, 1, 1, 1, 1, 1, 1, 1, 1, 1, 1, 1, 1, 1, 1, 1, 1, 1, 1, 1, 1, 1, 1, 1, 1, 1, 1, 1, 1, 1, 1, 1, 1, 1, 1, 1, 1, 1, 1, 1, 1, 1]]

means=tensor([1.6134e-04, 5.6523e-04, 6.2911e-04, 4.5290e-04, 4.8983e-04, 9.0082e-05,
        1.8836e-04, 2.6372e-04, 4.0659e-04, 4.6763e-04, 3.0188e-04, 4.0858e-05,
        3.8150e-04, 2.0522e-05, 5.9321e-05, 1.0153e-04, 1.3483e-04, 4.2568e-05,
        9.3050e-05, 3.7558e-05, 2.3887e-05, 4.9899e-05, 6.1075e-04, 1.9066e-04,
        5.5150e-05, 3.4793e-05, 1.1849e-06, 3.5602e-05, 4.5404e-05, 4.4817e-05,
        1.6124e-04, 1.1585e-04, 2.5408e-04, 1.0552e-04, 9.4257e-05, 3.3458e-05,
        3.6192e-04, 2.4030e-04, 1.0145e-04, 1.4059e-05, 5.0948e-05, 8.1141e-05,
        2.2308e-05, 7.2238e-05, 3.1615e-05, 1.3347e-04, 6.5656e-05, 1.7539e-04,
        1.0210e-04, 1.7111e-05, 1.0892e-04, 1.5112e-05, 1.7156e-05, 1.1035e-04,
        1.0808e-06, 3.0410e-04, 2.1423e-04, 1.9932e-04, 6.9684e-06, 2.3851e-04,
        1.7804e-04, 1.5510e-04, 1.3550e-05, 9.8963e-06, 8.3851e-05, 6.1530e-05,
        7.6067e-05, 7.1516e-05, 1.3379e-04, 2.7989e-04, 8.6726e-05, 5.8318e-05,
        1.0115e-06, 3.1872e-06, 1.5469e-04, 1.6642e-04, 1.4271e-04, 4.4779e-06,
        6.0442e-05, 9.9122e-05, 1.2308e-04, 8.3606e-05, 3.7830e-05, 4.5681e-05,
        8.3539e-05, 2.6081e-04, 3.5719e-05, 4.5352e-05, 1.3241e-04, 9.3286e-05,
        1.0316e-04, 1.7902e-04, 2.3925e-04, 2.1875e-04, 1.0584e-04, 1.0676e-04,
        1.3895e-04, 5.0507e-05, 1.9496e-04, 9.3664e-05, 1.4720e-04, 9.1626e-05,
        1.0647e-04, 1.5990e-04, 6.9467e-05, 8.0432e-05, 1.2185e-04, 2.6806e-04,
        2.9011e-05, 1.2882e-04, 2.8142e-05, 2.7462e-06, 1.0546e-04],
       grad_fn=<CatBackward>)

mean_overall=tensor(0.0001, grad_fn=<MeanBackward0>)

-----------------------------------------------ITERATION160-----------------------------------------------

final_causality=[[1, 1, 1, 1, 1, 1, 1, 1, 1, 1, 1, 1, 1], [1, 1, 1, 1, 1, 1, 1, 1, 1, 1, 1, 1, 1, 1, 1, 1, 1, 1, 1, 1, 1, 1, 1, 1, 1, 1, 1, 1, 1, 1, 1, 1, 1, 1, 1, 1, 1, 1, 1, 1, 1, 1, 1, 1, 1, 1, 1, 1, 1, 1], [1, 1, 1, 1, 1, 1, 1, 1, 1, 1, 1, 1, 1, 1, 1, 1, 1, 1, 1, 1, 1, 1, 1, 1, 1, 1, 1, 1, 1, 1, 1, 1, 1, 1, 1, 1, 1, 1, 1, 1, 1, 1, 1, 1, 1, 1, 1, 1, 1, 1]]

means=tensor([1.8610e-04, 6.1913e-04, 6.7830e-04, 5.0506e-04, 5.3721e-04, 1.0573e-04,
        2.2786e-04, 2.8886e-04, 4.7069e-04, 5.1067e-04, 3.3615e-04, 6.3328e-05,
        4.2352e-04, 2.2421e-05, 6.7266e-05, 1.0735e-04, 1.3955e-04, 4.6918e-05,
        1.0716e-04, 3.2090e-05, 2.7751e-05, 5.6235e-05, 6.3676e-04, 2.0320e-04,
        5.9746e-05, 3.8149e-05, 2.5948e-07, 3.8852e-05, 5.0673e-05, 4.3951e-05,
        1.6525e-04, 1.2349e-04, 2.7143e-04, 1.1926e-04, 9.8759e-05, 4.0910e-05,
        3.8294e-04, 2.5470e-04, 1.0330e-04, 1.5312e-05, 4.9439e-05, 8.5677e-05,
        2.1669e-05, 7.9322e-05, 2.7620e-05, 1.3907e-04, 7.1312e-05, 1.8640e-04,
        9.8006e-05, 1.7764e-05, 1.2287e-04, 1.6877e-05, 1.4353e-05, 1.0316e-04,
        1.5663e-06, 3.2753e-04, 2.1014e-04, 2.1553e-04, 7.6691e-06, 2.6467e-04,
        1.8635e-04, 1.6320e-04, 4.1115e-06, 9.9686e-06, 9.0199e-05, 6.0943e-05,
        7.8618e-05, 7.4983e-05, 1.4650e-04, 2.9907e-04, 9.3254e-05, 5.9916e-05,
        1.1588e-06, 3.1419e-06, 1.6252e-04, 1.7792e-04, 1.4508e-04, 4.2288e-06,
        6.1921e-05, 1.0281e-04, 1.3559e-04, 8.4317e-05, 3.7830e-05, 4.5367e-05,
        9.0722e-05, 2.8319e-04, 3.3849e-05, 4.8177e-05, 1.4083e-04, 9.8431e-05,
        1.0786e-04, 1.9033e-04, 2.5018e-04, 2.3322e-04, 1.0401e-04, 1.1777e-04,
        1.4519e-04, 4.8737e-05, 2.0683e-04, 1.0339e-04, 1.5310e-04, 9.9127e-05,
        1.1238e-04, 1.6916e-04, 6.8488e-05, 8.5379e-05, 1.2793e-04, 2.8297e-04,
        2.6968e-05, 1.3785e-04, 2.8423e-05, 2.4087e-06, 1.1111e-04],
       grad_fn=<CatBackward>)

mean_overall=tensor(0.0001, grad_fn=<MeanBackward0>)

-----------------------------------------------ITERATION170-----------------------------------------------

final_causality=[[1, 1, 1, 1, 1, 1, 1, 1, 1, 1, 1, 1, 1], [1, 1, 1, 1, 1, 1, 1, 1, 1, 1, 1, 1, 1, 1, 1, 1, 1, 1, 1, 1, 1, 1, 1, 1, 1, 1, 1, 1, 1, 1, 1, 1, 1, 1, 1, 1, 1, 1, 1, 1, 1, 1, 1, 1, 1, 1, 1, 1, 1, 1], [1, 1, 1, 1, 1, 1, 1, 1, 1, 1, 1, 1, 1, 1, 1, 1, 1, 1, 1, 1, 1, 1, 1, 1, 1, 1, 1, 1, 1, 1, 1, 1, 1, 1, 1, 1, 1, 1, 1, 1, 1, 1, 1, 1, 1, 1, 1, 1, 1, 1]]

means=tensor([2.1261e-04, 6.7661e-04, 7.3123e-04, 5.6130e-04, 5.8785e-04, 1.2296e-04,
        2.7005e-04, 3.1566e-04, 5.3882e-04, 5.5665e-04, 3.7289e-04, 8.7799e-05,
        4.6877e-04, 2.4583e-05, 7.6105e-05, 1.1345e-04, 1.4461e-04, 5.1955e-05,
        1.2317e-04, 2.6667e-05, 3.2278e-05, 6.3409e-05, 6.6415e-04, 2.1668e-04,
        6.4868e-05, 4.1986e-05, 1.2845e-06, 4.2499e-05, 5.6609e-05, 4.3145e-05,
        1.7266e-04, 1.3194e-04, 2.9009e-04, 1.3485e-04, 1.0369e-04, 4.9552e-05,
        4.0529e-04, 2.7011e-04, 1.0522e-04, 1.6751e-05, 4.8052e-05, 9.0684e-05,
        2.1091e-05, 8.7305e-05, 2.3755e-05, 1.4864e-04, 7.7715e-05, 1.9823e-04,
        9.4905e-05, 1.8862e-05, 1.3849e-04, 1.8878e-05, 1.1646e-05, 9.6280e-05,
        2.0962e-06, 3.5271e-04, 2.0613e-04, 2.3369e-04, 8.4845e-06, 2.9354e-04,
        1.9493e-04, 1.7292e-04, 9.3406e-06, 1.0046e-05, 9.7174e-05, 6.0280e-05,
        8.2838e-05, 7.8628e-05, 1.5992e-04, 3.1934e-04, 1.0022e-04, 6.1711e-05,
        1.3290e-06, 3.0859e-06, 1.7106e-04, 1.9009e-04, 1.4727e-04, 3.9764e-06,
        6.3688e-05, 1.0681e-04, 1.4883e-04, 8.4896e-05, 3.7917e-05, 4.4950e-05,
        9.8346e-05, 3.0661e-04, 3.1367e-05, 5.1438e-05, 1.4948e-04, 1.0489e-04,
        1.1324e-04, 2.0255e-04, 2.6200e-04, 2.4863e-04, 1.0214e-04, 1.2937e-04,
        1.5165e-04, 4.6801e-05, 2.1938e-04, 1.1358e-04, 1.5943e-04, 1.0768e-04,
        1.1874e-04, 1.7900e-04, 6.7287e-05, 9.0775e-05, 1.3433e-04, 2.9909e-04,
        2.7189e-05, 1.4729e-04, 2.8776e-05, 2.0374e-06, 1.1726e-04],
       grad_fn=<CatBackward>)

mean_overall=tensor(0.0002, grad_fn=<MeanBackward0>)

-----------------------------------------------ITERATION180-----------------------------------------------

final_causality=[[1, 1, 1, 1, 1, 1, 1, 1, 1, 1, 1, 1, 1], [1, 1, 1, 1, 1, 1, 1, 1, 1, 1, 1, 1, 1, 1, 1, 1, 1, 1, 1, 1, 1, 1, 1, 1, 1, 1, 1, 1, 1, 1, 1, 1, 1, 1, 1, 1, 1, 1, 1, 1, 1, 1, 1, 1, 1, 1, 1, 1, 1, 1], [1, 1, 1, 1, 1, 1, 1, 1, 1, 1, 1, 1, 1, 1, 1, 1, 1, 1, 1, 1, 1, 1, 1, 1, 1, 1, 1, 1, 1, 1, 1, 1, 1, 1, 1, 1, 1, 1, 1, 1, 1, 1, 1, 1, 1, 1, 1, 1, 1, 1]]

means=tensor([2.4111e-04, 7.3807e-04, 7.8840e-04, 6.2200e-04, 6.4205e-04, 1.4199e-04,
        3.1522e-04, 3.4430e-04, 6.1137e-04, 6.0587e-04, 4.1241e-04, 1.1444e-04,
        5.1764e-04, 2.7242e-05, 8.5980e-05, 1.1985e-04, 1.5007e-04, 5.7796e-05,
        1.4125e-04, 2.1307e-05, 3.7591e-05, 7.1560e-05, 6.9299e-04, 2.3121e-04,
        7.0532e-05, 4.6344e-05, 2.3572e-06, 4.6574e-05, 6.3249e-05, 4.2412e-05,
        1.8120e-04, 1.4144e-04, 3.1017e-04, 1.5250e-04, 1.0904e-04, 5.9553e-05,
        4.2906e-04, 2.8659e-04, 1.0725e-04, 1.8380e-05, 4.6773e-05, 9.6178e-05,
        2.0585e-05, 9.6194e-05, 2.0036e-05, 1.5905e-04, 8.4987e-05, 2.1096e-04,
        9.3988e-05, 2.0270e-05, 1.5596e-04, 2.1169e-05, 9.0100e-06, 8.9722e-05,
        2.6627e-06, 3.7976e-04, 2.0286e-04, 2.5527e-04, 9.3970e-06, 3.2538e-04,
        2.0381e-04, 1.8379e-04, 2.2244e-05, 1.0123e-05, 1.0501e-04, 5.9529e-05,
        8.7419e-05, 8.2463e-05, 1.7411e-04, 3.4073e-04, 1.0768e-04, 6.3721e-05,
        1.5218e-06, 3.0132e-06, 1.8034e-04, 2.0432e-04, 1.4921e-04, 3.7158e-06,
        6.5792e-05, 1.1116e-04, 1.6288e-04, 8.5301e-05, 3.8101e-05, 4.4422e-05,
        1.0645e-04, 3.3120e-04, 2.8211e-05, 5.5402e-05, 1.5840e-04, 1.1211e-04,
        1.1940e-04, 2.1578e-04, 2.7479e-04, 2.6509e-04, 1.0023e-04, 1.4161e-04,
        1.5837e-04, 4.4676e-05, 2.3268e-04, 1.2426e-04, 1.6625e-04, 1.1723e-04,
        1.2560e-04, 1.8945e-04, 6.5836e-05, 9.6663e-05, 1.4107e-04, 3.1652e-04,
        2.7942e-05, 1.5720e-04, 2.9208e-05, 1.6373e-06, 1.2399e-04],
       grad_fn=<CatBackward>)

mean_overall=tensor(0.0002, grad_fn=<MeanBackward0>)

-----------------------------------------------ITERATION190-----------------------------------------------

final_causality=[[1, 1, 1, 1, 1, 1, 1, 1, 1, 1, 1, 1, 1], [1, 1, 1, 1, 1, 1, 1, 1, 1, 1, 1, 1, 1, 1, 1, 1, 1, 1, 1, 1, 1, 1, 1, 1, 1, 1, 1, 1, 1, 1, 1, 1, 1, 1, 1, 1, 1, 1, 1, 1, 1, 1, 1, 1, 1, 1, 1, 1, 1, 1], [1, 1, 1, 1, 1, 1, 1, 1, 1, 1, 1, 1, 1, 1, 1, 1, 1, 1, 1, 1, 1, 1, 1, 1, 1, 1, 1, 1, 1, 1, 1, 1, 1, 1, 1, 1, 1, 1, 1, 1, 1, 1, 1, 1, 1, 1, 1, 1, 1, 1]]

means=tensor([2.7173e-04, 8.0387e-04, 8.5006e-04, 6.8761e-04, 7.0010e-04, 1.6299e-04,
        3.6364e-04, 3.7494e-04, 6.8856e-04, 6.5853e-04, 4.5488e-04, 1.4351e-04,
        5.7039e-04, 3.0379e-05, 9.6958e-05, 1.2654e-04, 1.5590e-04, 6.4511e-05,
        1.6167e-04, 1.5962e-05, 4.3788e-05, 8.0764e-05, 7.2324e-04, 2.4678e-04,
        7.6814e-05, 5.1305e-05, 3.5167e-06, 5.1132e-05, 7.0701e-05, 4.1740e-05,
        1.9015e-04, 1.5179e-04, 3.3167e-04, 1.7236e-04, 1.1487e-04, 7.1632e-05,
        4.5499e-04, 3.0414e-04, 1.0935e-04, 2.0235e-05, 4.5615e-05, 1.0222e-04,
        2.0138e-05, 1.0604e-04, 1.6426e-05, 1.7038e-04, 9.3170e-05, 2.2468e-04,
        9.4922e-05, 2.1855e-05, 1.7537e-04, 2.3766e-05, 6.4542e-06, 8.3476e-05,
        3.2898e-06, 4.0869e-04, 2.0783e-04, 2.7873e-04, 1.0438e-05, 3.6028e-04,
        2.1297e-04, 1.9523e-04, 3.5527e-05, 1.0201e-05, 1.1339e-04, 5.8683e-05,
        9.2696e-05, 8.6499e-05, 1.8910e-04, 3.6334e-04, 1.1569e-04, 6.5959e-05,
        1.7440e-06, 2.9064e-06, 1.9043e-04, 2.1967e-04, 1.5082e-04, 3.4470e-06,
        6.8277e-05, 1.1590e-04, 1.7780e-04, 8.5504e-05, 3.8392e-05, 4.3769e-05,
        1.1506e-04, 3.5701e-04, 2.8699e-05, 5.9688e-05, 1.6765e-04, 1.2013e-04,
        1.2642e-04, 2.3005e-04, 2.8859e-04, 2.8268e-04, 9.8273e-05, 1.5452e-04,
        1.6539e-04, 4.2336e-05, 2.4675e-04, 1.3545e-04, 1.7358e-04, 1.2728e-04,
        1.3304e-04, 2.0055e-04, 6.4107e-05, 1.0309e-04, 1.4905e-04, 3.3534e-04,
        3.0280e-05, 1.6764e-04, 2.9730e-05, 1.2003e-06, 1.3129e-04],
       grad_fn=<CatBackward>)

mean_overall=tensor(0.0002, grad_fn=<MeanBackward0>)

-----------------------------------------------ITERATION200-----------------------------------------------

final_causality=[[1, 1, 1, 1, 1, 1, 1, 1, 1, 1, 1, 1, 1], [1, 1, 1, 1, 1, 1, 1, 1, 1, 1, 1, 1, 1, 1, 1, 1, 1, 1, 1, 1, 1, 1, 1, 1, 1, 1, 1, 1, 1, 1, 1, 1, 1, 1, 1, 1, 1, 1, 1, 1, 1, 1, 1, 1, 1, 1, 1, 1, 1, 1], [1, 1, 1, 1, 1, 1, 1, 1, 1, 1, 1, 1, 1, 1, 1, 1, 1, 1, 1, 1, 1, 1, 1, 1, 1, 1, 1, 1, 1, 1, 1, 1, 1, 1, 1, 1, 1, 1, 1, 1, 1, 1, 1, 1, 1, 1, 1, 1, 1, 1]]

means=tensor([3.0467e-04, 8.7438e-04, 9.1658e-04, 7.5852e-04, 7.6227e-04, 1.8616e-04,
        4.1562e-04, 4.0776e-04, 7.7067e-04, 7.1488e-04, 5.0053e-04, 1.7522e-04,
        6.2733e-04, 3.3951e-05, 1.0914e-04, 1.3355e-04, 1.6214e-04, 7.2199e-05,
        1.8466e-04, 1.0609e-05, 5.0991e-05, 9.1136e-05, 7.5489e-04, 2.6346e-04,
        8.3761e-05, 5.6935e-05, 4.7933e-06, 5.6222e-05, 7.9048e-05, 4.2445e-05,
        1.9955e-04, 1.6302e-04, 3.5464e-04, 1.9461e-04, 1.2120e-04, 8.5737e-05,
        4.8403e-04, 3.2276e-04, 1.1155e-04, 2.2340e-05, 4.4575e-05, 1.0885e-04,
        1.9749e-05, 1.1691e-04, 1.2909e-05, 1.8366e-04, 1.0234e-04, 2.3946e-04,
        9.9731e-05, 2.3634e-05, 1.9684e-04, 2.6706e-05, 3.9687e-06, 7.7540e-05,
        3.9883e-06, 4.3953e-04, 2.1307e-04, 3.0418e-04, 1.1618e-05, 3.9837e-04,
        2.2242e-04, 2.0728e-04, 4.9353e-05, 1.0279e-05, 1.2235e-04, 5.7733e-05,
        9.8355e-05, 9.2300e-05, 2.0495e-04, 3.8722e-04, 1.2428e-04, 6.8439e-05,
        2.0001e-06, 2.7844e-06, 2.0137e-04, 2.3592e-04, 1.5200e-04, 3.2825e-06,
        7.1188e-05, 1.2108e-04, 1.9368e-04, 8.5471e-05, 3.8800e-05, 4.2981e-05,
        1.2421e-04, 3.8414e-04, 3.4542e-05, 6.4325e-05, 1.7726e-04, 1.2897e-04,
        1.3643e-04, 2.4542e-04, 3.0345e-04, 3.0147e-04, 9.6267e-05, 1.6816e-04,
        1.7276e-04, 3.9759e-05, 2.6163e-04, 1.4719e-04, 1.8147e-04, 1.3790e-04,
        1.4110e-04, 2.1236e-04, 6.2070e-05, 1.1009e-04, 1.5948e-04, 3.5563e-04,
        3.2812e-05, 1.7868e-04, 3.0354e-05, 7.2365e-07, 1.3921e-04],
       grad_fn=<CatBackward>)

mean_overall=tensor(0.0002, grad_fn=<MeanBackward0>)

-----------------------------------------------ITERATION210-----------------------------------------------

final_causality=[[1, 1, 1, 1, 1, 1, 1, 1, 1, 1, 1, 1, 1], [1, 1, 1, 1, 1, 1, 1, 1, 1, 1, 1, 1, 1, 1, 1, 1, 1, 1, 1, 1, 1, 1, 1, 1, 1, 1, 1, 1, 1, 1, 1, 1, 1, 1, 1, 1, 1, 1, 1, 1, 1, 1, 1, 1, 1, 1, 1, 1, 1, 1], [1, 1, 1, 1, 1, 1, 1, 1, 1, 1, 1, 1, 1, 1, 1, 1, 1, 1, 1, 1, 1, 1, 1, 1, 1, 1, 1, 1, 1, 1, 1, 1, 1, 1, 1, 1, 1, 1, 1, 1, 1, 1, 1, 1, 1, 1, 1, 1, 1, 1]]

means=tensor([3.4010e-04, 9.4997e-04, 9.8833e-04, 8.3508e-04, 8.2885e-04, 2.1172e-04,
        4.7141e-04, 4.4292e-04, 8.5797e-04, 7.7516e-04, 5.4962e-04, 2.0980e-04,
        6.8880e-04, 3.7992e-05, 1.2270e-04, 1.4088e-04, 1.6880e-04, 8.0976e-05,
        2.1040e-04, 5.2392e-06, 5.9336e-05, 1.0281e-04, 7.8797e-04, 2.8128e-04,
        9.1411e-05, 6.3299e-05, 6.2160e-06, 6.1882e-05, 8.8358e-05, 4.3558e-05,
        2.0939e-04, 1.7518e-04, 3.7912e-04, 2.1943e-04, 1.2803e-04, 1.0208e-04,
        5.1474e-04, 3.4249e-04, 1.1384e-04, 2.4715e-05, 4.3645e-05, 1.1609e-04,
        1.9421e-05, 1.2892e-04, 9.4822e-06, 1.9808e-04, 1.1261e-04, 2.5526e-04,
        1.0463e-04, 2.5620e-05, 2.2050e-04, 3.0040e-05, 1.5356e-06, 7.1921e-05,
        4.7636e-06, 4.7233e-04, 2.2292e-04, 3.3170e-04, 1.2933e-05, 4.3980e-04,
        2.3216e-04, 2.1997e-04, 6.3872e-05, 1.0350e-05, 1.3192e-04, 5.6667e-05,
        1.0596e-04, 9.8437e-05, 2.2170e-04, 4.1243e-04, 1.3352e-04, 7.1799e-05,
        2.2932e-06, 2.6567e-06, 2.1319e-04, 2.5314e-04, 1.5269e-04, 3.1341e-06,
        7.4949e-05, 1.2674e-04, 2.1058e-04, 8.5162e-05, 3.9334e-05, 4.2049e-05,
        1.3394e-04, 4.1268e-04, 4.1332e-05, 6.9339e-05, 1.8730e-04, 1.3869e-04,
        1.4781e-04, 2.6195e-04, 3.1943e-04, 3.2156e-04, 9.4203e-05, 1.8256e-04,
        1.8210e-04, 3.6921e-05, 2.7738e-04, 1.5951e-04, 1.8998e-04, 1.4915e-04,
        1.4984e-04, 2.2492e-04, 6.0371e-05, 1.1771e-04, 1.7058e-04, 3.7747e-04,
        3.5553e-05, 1.9038e-04, 3.1088e-05, 2.0764e-07, 1.4778e-04],
       grad_fn=<CatBackward>)

mean_overall=tensor(0.0002, grad_fn=<MeanBackward0>)

-----------------------------------------------ITERATION220-----------------------------------------------

final_causality=[[1, 1, 1, 1, 1, 1, 1, 1, 1, 1, 1, 1, 1], [1, 1, 1, 1, 1, 1, 1, 1, 1, 1, 1, 1, 1, 1, 1, 1, 1, 1, 1, 1, 1, 1, 1, 1, 1, 1, 1, 1, 1, 1, 1, 1, 1, 1, 1, 1, 1, 1, 1, 1, 1, 1, 1, 1, 1, 1, 1, 1, 1, 1], [1, 1, 1, 1, 1, 1, 1, 1, 1, 1, 1, 1, 1, 1, 1, 1, 1, 1, 1, 1, 1, 1, 1, 1, 1, 1, 1, 1, 1, 1, 1, 1, 1, 1, 1, 1, 1, 1, 1, 1, 1, 1, 1, 1, 1, 1, 1, 1, 1, 1]]

means=tensor([3.7816e-04, 1.0310e-03, 1.0656e-03, 9.1761e-04, 9.0005e-04, 2.3988e-04,
        5.3130e-04, 4.8058e-04, 9.5062e-04, 8.3957e-04, 6.0239e-04, 2.4746e-04,
        7.5509e-04, 4.2552e-05, 1.3773e-04, 1.4855e-04, 1.7590e-04, 9.0941e-05,
        2.3910e-04, 1.6291e-06, 6.8953e-05, 1.1590e-04, 8.2243e-04, 3.0029e-04,
        9.9812e-05, 7.0471e-05, 7.8254e-06, 6.8160e-05, 9.8719e-05, 4.5674e-05,
        2.1971e-04, 1.8890e-04, 4.0512e-04, 2.4697e-04, 1.3540e-04, 1.2090e-04,
        5.4708e-04, 3.6331e-04, 1.1622e-04, 2.7386e-05, 4.3297e-05, 1.2399e-04,
        1.9148e-05, 1.4211e-04, 6.1263e-06, 2.1367e-04, 1.2404e-04, 2.7209e-04,
        1.0962e-04, 2.7832e-05, 2.4644e-04, 3.3806e-05, 2.4525e-06, 6.6610e-05,
        5.6301e-06, 5.0708e-04, 2.3480e-04, 3.6133e-04, 1.4395e-05, 4.8464e-04,
        2.4219e-04, 2.3332e-04, 7.9266e-05, 1.0415e-05, 1.4215e-04, 5.5475e-05,
        1.1583e-04, 1.0488e-04, 2.3939e-04, 4.3902e-04, 1.4344e-04, 7.5856e-05,
        2.6292e-06, 2.5174e-06, 2.2594e-04, 2.7135e-04, 1.5278e-04, 3.0193e-06,
        7.9618e-05, 1.3293e-04, 2.2856e-04, 8.4543e-05, 4.0005e-05, 4.0963e-05,
        1.4428e-04, 4.4272e-04, 4.9118e-05, 7.4761e-05, 1.9782e-04, 1.4931e-04,
        1.6053e-04, 2.7969e-04, 3.3657e-04, 3.4301e-04, 9.2077e-05, 1.9948e-04,
        1.9291e-04, 3.3798e-05, 2.9445e-04, 1.7242e-04, 1.9913e-04, 1.6109e-04,
        1.5933e-04, 2.3827e-04, 5.9072e-05, 1.2599e-04, 1.8241e-04, 4.0093e-04,
        3.8517e-05, 2.0279e-04, 3.2009e-05, 3.6097e-07, 1.5703e-04],
       grad_fn=<CatBackward>)

mean_overall=tensor(0.0002, grad_fn=<MeanBackward0>)

-----------------------------------------------ITERATION230-----------------------------------------------

final_causality=[[1, 1, 1, 1, 1, 1, 1, 1, 1, 1, 1, 1, 1], [1, 1, 1, 1, 1, 1, 1, 1, 1, 1, 1, 1, 1, 1, 1, 1, 1, 1, 1, 1, 1, 1, 1, 1, 1, 1, 1, 1, 1, 1, 1, 1, 1, 1, 1, 1, 1, 1, 1, 1, 1, 1, 1, 1, 1, 1, 1, 1, 1, 1], [1, 1, 1, 1, 1, 1, 1, 1, 1, 1, 1, 1, 1, 1, 1, 1, 1, 1, 1, 1, 1, 1, 1, 1, 1, 1, 1, 1, 1, 1, 1, 1, 1, 1, 1, 1, 1, 1, 1, 1, 1, 1, 1, 1, 1, 1, 1, 1, 1, 1]]

means=tensor([4.1900e-04, 1.1177e-03, 1.1487e-03, 1.0064e-03, 9.7605e-04, 2.7083e-04,
        5.9550e-04, 5.2084e-04, 1.0487e-03, 9.0823e-04, 6.5902e-04, 2.8841e-04,
        8.2645e-04, 4.7678e-05, 1.5430e-04, 1.5656e-04, 1.8344e-04, 1.0219e-04,
        2.7097e-04, 6.7366e-06, 7.9974e-05, 1.3051e-04, 8.5908e-04, 3.2050e-04,
        1.0901e-04, 7.8525e-05, 9.6659e-06, 7.5099e-05, 1.1022e-04, 4.8144e-05,
        2.3050e-04, 2.0410e-04, 4.3262e-04, 2.7736e-04, 1.4331e-04, 1.4243e-04,
        5.8104e-04, 3.8521e-04, 1.1869e-04, 3.0381e-05, 4.3831e-05, 1.3257e-04,
        1.9464e-05, 1.5655e-04, 2.8266e-06, 2.3047e-04, 1.3670e-04, 2.8997e-04,
        1.1473e-04, 3.0288e-05, 2.7474e-04, 3.8048e-05, 5.2202e-06, 6.1601e-05,
        6.6020e-06, 5.4375e-04, 2.4709e-04, 3.9311e-04, 1.6013e-05, 5.3294e-04,
        2.5250e-04, 2.4733e-04, 9.5708e-05, 1.0469e-05, 1.5305e-04, 5.4148e-05,
        1.2638e-04, 1.1164e-04, 2.5804e-04, 4.6706e-04, 1.5408e-04, 8.5437e-05,
        3.0141e-06, 2.3688e-06, 2.3965e-04, 2.9060e-04, 1.5222e-04, 2.9742e-06,
        8.4948e-05, 1.3968e-04, 2.4767e-04, 8.3583e-05, 4.0956e-05, 3.9715e-05,
        1.5527e-04, 4.7467e-04, 5.7942e-05, 8.0617e-05, 2.0887e-04, 1.6085e-04,
        1.7468e-04, 2.9867e-04, 3.5491e-04, 3.6588e-04, 8.9888e-05, 2.1810e-04,
        2.0434e-04, 3.0512e-05, 3.1812e-04, 1.8594e-04, 2.0895e-04, 1.7378e-04,
        1.6959e-04, 2.5245e-04, 5.7661e-05, 1.3510e-04, 1.9501e-04, 4.2606e-04,
        4.1712e-05, 2.1596e-04, 3.4566e-05, 9.8467e-07, 1.6696e-04],
       grad_fn=<CatBackward>)

mean_overall=tensor(0.0002, grad_fn=<MeanBackward0>)

-----------------------------------------------ITERATION240-----------------------------------------------

final_causality=[[1, 1, 1, 1, 1, 1, 1, 1, 1, 1, 1, 1, 1], [1, 1, 1, 1, 1, 1, 1, 1, 1, 1, 1, 1, 1, 1, 1, 1, 1, 1, 1, 1, 1, 1, 1, 1, 1, 1, 1, 1, 1, 1, 1, 1, 1, 1, 1, 1, 1, 1, 1, 1, 1, 1, 1, 1, 1, 1, 1, 1, 1, 1], [1, 1, 1, 1, 1, 1, 1, 1, 1, 1, 1, 1, 1, 1, 1, 1, 1, 1, 1, 1, 1, 1, 1, 1, 1, 1, 1, 1, 1, 1, 1, 1, 1, 1, 1, 1, 1, 1, 1, 1, 1, 1, 1, 1, 1, 1, 1, 1, 1, 1]]

means=tensor([4.6271e-04, 1.2104e-03, 1.2377e-03, 1.1016e-03, 1.0570e-03, 3.0477e-04,
        6.6421e-04, 5.6381e-04, 1.1523e-03, 9.8123e-04, 7.1972e-04, 3.3282e-04,
        9.0311e-04, 5.3410e-05, 1.7250e-04, 1.6490e-04, 1.9144e-04, 1.1483e-04,
        3.0613e-04, 1.1936e-05, 9.2529e-05, 1.4676e-04, 8.9883e-04, 3.4192e-04,
        1.1903e-04, 8.7527e-05, 1.1784e-05, 8.2734e-05, 1.2292e-04, 5.0683e-05,
        2.4177e-04, 2.2046e-04, 4.6160e-04, 3.1071e-04, 1.5178e-04, 1.6688e-04,
        6.1658e-04, 4.0815e-04, 1.2125e-04, 3.3726e-05, 4.4430e-05, 1.4186e-04,
        2.0498e-05, 1.7230e-04, 1.3571e-06, 2.4851e-04, 1.5066e-04, 3.0890e-04,
        1.1995e-04, 3.3006e-05, 3.0544e-04, 4.2811e-05, 7.9730e-06, 5.6888e-05,
        7.6919e-06, 5.8232e-04, 2.5981e-04, 4.2726e-04, 1.7790e-05, 5.8470e-04,
        2.6307e-04, 2.6202e-04, 1.1336e-04, 1.0510e-05, 1.6467e-04, 5.3059e-05,
        1.3857e-04, 1.1871e-04, 2.7769e-04, 4.9657e-04, 1.6546e-04, 9.6313e-05,
        3.4539e-06, 2.2139e-06, 2.5432e-04, 3.1092e-04, 1.5092e-04, 3.1152e-06,
        9.0984e-05, 1.4749e-04, 2.6796e-04, 8.2252e-05, 4.3662e-05, 3.9285e-05,
        1.6692e-04, 5.0894e-04, 6.7839e-05, 8.6932e-05, 2.2071e-04, 1.7334e-04,
        1.9032e-04, 3.1891e-04, 3.7447e-04, 3.9022e-04, 8.7632e-05, 2.3768e-04,
        2.1642e-04, 2.7815e-05, 3.4300e-04, 2.0009e-04, 2.1948e-04, 1.8934e-04,
        1.8067e-04, 2.6748e-04, 5.6134e-05, 1.4497e-04, 2.0843e-04, 4.5290e-04,
        4.7425e-05, 2.2995e-04, 3.7509e-05, 1.6625e-06, 1.7760e-04],
       grad_fn=<CatBackward>)

mean_overall=tensor(0.0003, grad_fn=<MeanBackward0>)

-----------------------------------------------ITERATION250-----------------------------------------------

final_causality=[[1, 1, 1, 1, 1, 1, 1, 1, 1, 1, 1, 1, 1], [1, 1, 1, 1, 1, 1, 1, 1, 1, 1, 1, 1, 1, 1, 1, 1, 1, 1, 1, 1, 1, 1, 1, 1, 1, 1, 1, 1, 1, 1, 1, 1, 1, 1, 1, 1, 1, 1, 1, 1, 1, 1, 1, 1, 1, 1, 1, 1, 1, 1], [1, 1, 1, 1, 1, 1, 1, 1, 1, 1, 1, 1, 1, 1, 1, 1, 1, 1, 1, 1, 1, 1, 1, 1, 1, 1, 1, 1, 1, 1, 1, 1, 1, 1, 1, 1, 1, 1, 1, 1, 1, 1, 1, 1, 1, 1, 1, 1, 1, 1]]

means=tensor([5.0937e-04, 1.3093e-03, 1.3329e-03, 1.2033e-03, 1.1429e-03, 3.4188e-04,
        7.3757e-04, 6.0953e-04, 1.2612e-03, 1.0586e-03, 7.8461e-04, 3.8083e-04,
        9.8523e-04, 5.9786e-05, 1.9239e-04, 1.7357e-04, 1.9989e-04, 1.2894e-04,
        3.4470e-04, 1.7251e-05, 1.0673e-04, 1.6474e-04, 9.4260e-04, 3.6454e-04,
        1.2990e-04, 9.7543e-05, 1.4239e-05, 9.1097e-05, 1.3690e-04, 5.3295e-05,
        2.5350e-04, 2.3891e-04, 4.9200e-04, 3.4708e-04, 1.6078e-04, 1.9441e-04,
        6.5361e-04, 4.3334e-04, 1.2388e-04, 3.7445e-05, 4.5091e-05, 1.5188e-04,
        2.1851e-05, 1.8939e-04, 4.4035e-06, 2.6779e-04, 1.6598e-04, 3.2886e-04,
        1.2529e-04, 3.6000e-05, 3.3856e-04, 4.8134e-05, 1.0726e-05, 5.2461e-05,
        8.9141e-06, 6.2270e-04, 2.7294e-04, 4.6357e-04, 1.9730e-05, 6.3986e-04,
        2.7389e-04, 2.7737e-04, 1.3236e-04, 1.0534e-05, 1.7702e-04, 5.7011e-05,
        1.5314e-04, 1.2612e-04, 2.9833e-04, 5.2758e-04, 1.7760e-04, 1.0812e-04,
        3.9556e-06, 2.0555e-06, 2.6998e-04, 3.3230e-04, 1.4882e-04, 3.5593e-06,
        9.7759e-05, 1.5609e-04, 2.8943e-04, 8.0624e-05, 4.6844e-05, 4.1010e-05,
        1.7927e-04, 5.4489e-04, 7.8828e-05, 9.3727e-05, 2.3351e-04, 1.8678e-04,
        2.0749e-04, 3.4042e-04, 3.9528e-04, 4.1607e-04, 8.6537e-05, 2.5824e-04,
        2.2921e-04, 2.4899e-05, 3.6909e-04, 2.1488e-04, 2.3073e-04, 2.0589e-04,
        1.9259e-04, 2.8337e-04, 5.6721e-05, 1.5558e-04, 2.2270e-04, 4.8145e-04,
        5.5565e-05, 2.4479e-04, 4.0858e-05, 2.4006e-06, 1.8895e-04],
       grad_fn=<CatBackward>)

mean_overall=tensor(0.0003, grad_fn=<MeanBackward0>)

-----------------------------------------------ITERATION260-----------------------------------------------

final_causality=[[1, 1, 1, 1, 1, 1, 1, 1, 1, 1, 1, 1, 1], [1, 1, 1, 1, 1, 1, 1, 1, 1, 1, 1, 1, 1, 1, 1, 1, 1, 1, 1, 1, 1, 1, 1, 1, 1, 1, 1, 1, 1, 1, 1, 1, 1, 1, 1, 1, 1, 1, 1, 1, 1, 1, 1, 1, 1, 1, 1, 1, 1, 1], [1, 1, 1, 1, 1, 1, 1, 1, 1, 1, 1, 1, 1, 1, 1, 1, 1, 1, 1, 1, 1, 1, 1, 1, 1, 1, 1, 1, 1, 1, 1, 1, 1, 1, 1, 1, 1, 1, 1, 1, 1, 1, 1, 1, 1, 1, 1, 1, 1, 1]]

means=tensor([5.5899e-04, 1.4144e-03, 1.4342e-03, 1.3115e-03, 1.2338e-03, 3.8228e-04,
        8.1565e-04, 6.5798e-04, 1.3752e-03, 1.1402e-03, 8.5378e-04, 4.3254e-04,
        1.0729e-03, 6.6839e-05, 2.1402e-04, 1.8255e-04, 2.0879e-04, 1.4458e-04,
        3.8674e-04, 2.2704e-05, 1.2269e-04, 1.8451e-04, 9.8890e-04, 3.8833e-04,
        1.4163e-04, 1.0862e-04, 1.7154e-05, 1.0021e-04, 1.5283e-04, 5.5980e-05,
        2.6568e-04, 2.5906e-04, 5.2374e-04, 3.8646e-04, 1.7136e-04, 2.2515e-04,
        6.9203e-04, 4.5986e-04, 1.2658e-04, 4.1561e-05, 4.5810e-05, 1.6263e-04,
        2.3389e-05, 2.0783e-04, 7.4351e-06, 2.8831e-04, 1.8267e-04, 3.4983e-04,
        1.3107e-04, 3.9286e-05, 3.7408e-04, 5.4055e-05, 1.3494e-05, 4.8312e-05,
        1.0283e-05, 6.6478e-04, 2.8650e-04, 5.0194e-04, 2.1834e-05, 6.9829e-04,
        2.8493e-04, 2.9336e-04, 1.5282e-04, 1.0541e-05, 1.9012e-04, 6.1414e-05,
        1.7010e-04, 1.3384e-04, 3.2117e-04, 5.6011e-04, 1.9050e-04, 1.2084e-04,
        4.5263e-06, 1.8961e-06, 2.8661e-04, 3.5476e-04, 1.4589e-04, 4.0412e-06,
        1.0530e-04, 1.6557e-04, 3.1209e-04, 7.9311e-05, 5.0515e-05, 4.2950e-05,
        1.9232e-04, 5.8252e-04, 9.0917e-05, 1.0102e-04, 2.4697e-04, 2.0117e-04,
        2.2620e-04, 3.6318e-04, 4.1732e-04, 4.4342e-04, 9.3266e-05, 2.7979e-04,
        2.4271e-04, 2.2332e-05, 3.9638e-04, 2.3030e-04, 2.4271e-04, 2.2334e-04,
        2.0538e-04, 3.0015e-04, 6.1262e-05, 1.6696e-04, 2.3785e-04, 5.1169e-04,
        6.4219e-05, 2.6049e-04, 4.4628e-05, 3.2061e-06, 2.0101e-04],
       grad_fn=<CatBackward>)

mean_overall=tensor(0.0003, grad_fn=<MeanBackward0>)

-----------------------------------------------ITERATION270-----------------------------------------------

final_causality=[[1, 1, 1, 1, 1, 1, 1, 1, 1, 1, 1, 1, 1], [1, 1, 1, 1, 1, 1, 1, 1, 1, 1, 1, 1, 1, 1, 1, 1, 1, 1, 1, 1, 1, 1, 1, 1, 1, 1, 1, 1, 1, 1, 1, 1, 1, 1, 1, 1, 1, 1, 1, 1, 1, 1, 1, 1, 1, 1, 1, 1, 1, 1], [1, 1, 1, 1, 1, 1, 1, 1, 1, 1, 1, 1, 1, 1, 1, 1, 1, 1, 1, 1, 1, 1, 1, 1, 1, 1, 1, 1, 1, 1, 1, 1, 1, 1, 1, 1, 1, 1, 1, 1, 1, 1, 1, 1, 1, 1, 1, 1, 1, 1]]

means=tensor([6.1154e-04, 1.5259e-03, 1.5416e-03, 1.4260e-03, 1.3294e-03, 4.2608e-04,
        8.9843e-04, 7.0909e-04, 1.4939e-03, 1.2259e-03, 9.2727e-04, 4.8799e-04,
        1.1662e-03, 7.4590e-05, 2.3741e-04, 1.9181e-04, 2.1812e-04, 1.6180e-04,
        4.3223e-04, 2.8313e-05, 1.4047e-04, 2.0614e-04, 1.0364e-03, 4.1341e-04,
        1.5423e-04, 1.2081e-04, 2.0542e-05, 1.1007e-04, 1.7200e-04, 5.8738e-05,
        2.7828e-04, 2.8050e-04, 5.5667e-04, 4.2881e-04, 1.8339e-04, 2.5917e-04,
        7.3170e-04, 4.8737e-04, 1.2933e-04, 4.6092e-05, 4.6578e-05, 1.7410e-04,
        2.5015e-05, 2.2761e-04, 1.0457e-05, 3.1002e-04, 2.0076e-04, 3.7175e-04,
        1.3749e-04, 4.2874e-05, 4.1191e-04, 6.0604e-05, 1.6290e-05, 4.4432e-05,
        1.1811e-05, 7.0839e-04, 3.0047e-04, 5.4227e-04, 2.4101e-05, 7.5980e-04,
        2.9616e-04, 3.0995e-04, 1.7484e-04, 1.0526e-05, 2.0397e-04, 6.6283e-05,
        1.8802e-04, 1.4189e-04, 3.4576e-04, 5.9413e-04, 2.0414e-04, 1.3446e-04,
        5.1734e-06, 1.7386e-06, 3.0419e-04, 3.7825e-04, 1.4209e-04, 4.5635e-06,
        1.1361e-04, 1.7598e-04, 3.3591e-04, 7.7762e-05, 5.4683e-05, 4.5102e-05,
        2.0609e-04, 6.2178e-04, 1.0409e-04, 1.0882e-04, 2.6109e-04, 2.1649e-04,
        2.4644e-04, 3.8714e-04, 4.4058e-04, 4.7225e-04, 1.0033e-04, 3.0232e-04,
        2.5695e-04, 1.9577e-05, 4.2483e-04, 2.4646e-04, 2.5541e-04, 2.4169e-04,
        2.1902e-04, 3.1779e-04, 6.6337e-05, 1.7923e-04, 2.5386e-04, 5.4358e-04,
        7.3381e-05, 2.7706e-04, 4.8825e-05, 4.0870e-06, 2.1377e-04],
       grad_fn=<CatBackward>)

mean_overall=tensor(0.0003, grad_fn=<MeanBackward0>)

-----------------------------------------------ITERATION280-----------------------------------------------

final_causality=[[1, 1, 1, 1, 1, 1, 1, 1, 1, 1, 1, 1, 1], [1, 1, 1, 1, 1, 1, 1, 1, 1, 1, 1, 1, 1, 1, 1, 1, 1, 1, 1, 1, 1, 1, 1, 1, 1, 1, 1, 1, 1, 1, 1, 1, 1, 1, 1, 1, 1, 1, 1, 1, 1, 1, 1, 1, 1, 1, 1, 1, 1, 1], [1, 1, 1, 1, 1, 1, 1, 1, 1, 1, 1, 1, 1, 1, 1, 1, 1, 1, 1, 1, 1, 1, 1, 1, 1, 1, 1, 1, 1, 1, 1, 1, 1, 1, 1, 1, 1, 1, 1, 1, 1, 1, 1, 1, 1, 1, 1, 1, 1, 1]]

means=tensor([6.6695e-04, 1.6435e-03, 1.6547e-03, 1.5465e-03, 1.4296e-03, 4.7335e-04,
        9.8581e-04, 7.6271e-04, 1.6167e-03, 1.3153e-03, 1.0050e-03, 5.4712e-04,
        1.2649e-03, 8.3047e-05, 2.6254e-04, 2.0132e-04, 2.2785e-04, 1.8061e-04,
        4.8109e-04, 3.4095e-05, 1.6012e-04, 2.2962e-04, 1.0851e-03, 4.4034e-04,
        1.6767e-04, 1.3413e-04, 2.4461e-05, 1.2069e-04, 1.9307e-04, 6.1566e-05,
        2.9125e-04, 3.0316e-04, 5.9066e-04, 4.7402e-04, 1.9607e-04, 2.9646e-04,
        7.7246e-04, 5.1574e-04, 1.3211e-04, 5.1142e-05, 4.7385e-05, 1.8629e-04,
        2.6763e-05, 2.4869e-04, 1.3469e-05, 3.3285e-04, 2.2022e-04, 3.9453e-04,
        1.4404e-04, 4.6772e-05, 4.5193e-04, 6.7798e-05, 1.9123e-05, 4.0811e-05,
        1.3510e-05, 7.5336e-04, 3.1483e-04, 5.8438e-04, 2.6526e-05, 8.2411e-04,
        3.0753e-04, 3.2710e-04, 1.9845e-04, 1.0490e-05, 2.1857e-04, 7.1623e-05,
        2.0687e-04, 1.5023e-04, 3.7130e-04, 6.2960e-04, 2.1850e-04, 1.4894e-04,
        5.9038e-06, 1.5853e-06, 3.2268e-04, 4.0274e-04, 1.3742e-04, 5.1284e-06,
        1.2270e-04, 1.8712e-04, 3.6086e-04, 7.5980e-05, 5.9343e-05, 4.7464e-05,
        2.2056e-04, 6.6260e-04, 1.1897e-04, 1.1712e-04, 2.7760e-04, 2.3269e-04,
        2.6815e-04, 4.1391e-04, 4.6500e-04, 5.0252e-04, 1.0773e-04, 3.2578e-04,
        2.7192e-04, 1.7441e-05, 4.5439e-04, 2.6338e-04, 2.6880e-04, 2.6091e-04,
        2.3350e-04, 3.3627e-04, 7.1943e-05, 1.9237e-04, 2.7072e-04, 5.7704e-04,
        8.3035e-05, 2.9513e-04, 5.3451e-05, 5.0522e-06, 2.2720e-04],
       grad_fn=<CatBackward>)

mean_overall=tensor(0.0004, grad_fn=<MeanBackward0>)

-----------------------------------------------ITERATION290-----------------------------------------------

final_causality=[[1, 1, 1, 1, 1, 1, 1, 1, 1, 1, 1, 1, 1], [1, 1, 1, 1, 1, 1, 1, 1, 1, 1, 1, 1, 1, 1, 1, 1, 1, 1, 1, 1, 1, 1, 1, 1, 1, 1, 1, 1, 1, 1, 1, 1, 1, 1, 1, 1, 1, 1, 1, 1, 1, 1, 1, 1, 1, 1, 1, 1, 1, 1], [1, 1, 1, 1, 1, 1, 1, 1, 1, 1, 1, 1, 1, 1, 1, 1, 1, 1, 1, 1, 1, 1, 1, 1, 1, 1, 1, 1, 1, 1, 1, 1, 1, 1, 1, 1, 1, 1, 1, 1, 1, 1, 1, 1, 1, 1, 1, 1, 1, 1]]

means=tensor([7.2506e-04, 1.7670e-03, 1.7733e-03, 1.6724e-03, 1.5338e-03, 5.2408e-04,
        1.0776e-03, 8.1860e-04, 1.7428e-03, 1.4081e-03, 1.0869e-03, 6.0981e-04,
        1.3690e-03, 9.2324e-05, 2.8935e-04, 2.1105e-04, 2.3796e-04, 2.0100e-04,
        5.3316e-04, 4.0064e-05, 1.8163e-04, 2.5494e-04, 1.1345e-03, 4.6825e-04,
        1.8192e-04, 1.4856e-04, 2.9016e-05, 1.3203e-04, 2.1599e-04, 6.4460e-05,
        3.0454e-04, 3.2696e-04, 6.2549e-04, 5.2189e-04, 2.0935e-04, 3.3694e-04,
        8.1408e-04, 5.4484e-04, 1.3490e-04, 5.7631e-05, 4.8217e-05, 1.9916e-04,
        2.8577e-05, 2.7100e-04, 1.6469e-05, 3.5671e-04, 2.4422e-04, 4.1807e-04,
        1.5071e-04, 5.0983e-05, 4.9397e-04, 7.5645e-05, 2.2003e-05, 3.7441e-05,
        1.5388e-05, 7.9944e-04, 3.2954e-04, 6.2806e-04, 2.9098e-05, 8.9089e-04,
        3.1900e-04, 3.4472e-04, 2.2363e-04, 1.0430e-05, 2.3389e-04, 7.7429e-05,
        2.2657e-04, 1.6188e-04, 3.9773e-04, 6.6645e-04, 2.3353e-04, 1.6421e-04,
        6.7241e-06, 1.4381e-06, 3.4200e-04, 4.2813e-04, 1.3187e-04, 5.7372e-06,
        1.3434e-04, 1.9896e-04, 3.8683e-04, 7.3972e-05, 6.4482e-05, 5.0232e-05,
        2.3571e-04, 7.0486e-04, 1.3608e-04, 1.2593e-04, 2.9581e-04, 2.4971e-04,
        2.9124e-04, 4.4226e-04, 4.9050e-04, 5.3411e-04, 1.1547e-04, 3.5012e-04,
        2.8760e-04, 1.8400e-05, 4.8496e-04, 2.8083e-04, 2.8284e-04, 2.8093e-04,
        2.4878e-04, 3.5553e-04, 7.8068e-05, 2.0624e-04, 2.8838e-04, 6.1194e-04,
        9.3150e-05, 3.1659e-04, 5.8496e-05, 6.1108e-06, 2.4125e-04],
       grad_fn=<CatBackward>)

mean_overall=tensor(0.0004, grad_fn=<MeanBackward0>)

-----------------------------------------------ITERATION300-----------------------------------------------

final_causality=[[1, 1, 1, 1, 1, 1, 1, 1, 1, 1, 1, 1, 1], [1, 1, 1, 1, 1, 1, 1, 1, 1, 1, 1, 1, 1, 1, 1, 1, 1, 1, 1, 1, 1, 1, 1, 1, 1, 1, 1, 1, 1, 1, 1, 1, 1, 1, 1, 1, 1, 1, 1, 1, 1, 1, 1, 1, 1, 1, 1, 1, 1, 1], [1, 1, 1, 1, 1, 1, 1, 1, 1, 1, 1, 1, 1, 1, 1, 1, 1, 1, 1, 1, 1, 1, 1, 1, 1, 1, 1, 1, 1, 1, 1, 1, 1, 1, 1, 1, 1, 1, 1, 1, 1, 1, 1, 1, 1, 1, 1, 1, 1, 1]]

means=tensor([7.8564e-04, 1.8961e-03, 1.8968e-03, 1.8031e-03, 1.6415e-03, 5.7824e-04,
        1.1734e-03, 8.7643e-04, 1.8712e-03, 1.5034e-03, 1.1728e-03, 6.7583e-04,
        1.4782e-03, 1.0238e-04, 3.1773e-04, 2.2093e-04, 2.4941e-04, 2.2291e-04,
        5.8816e-04, 4.6226e-05, 2.0498e-04, 2.8200e-04, 1.1845e-03, 4.9700e-04,
        1.9691e-04, 1.6409e-04, 3.4251e-05, 1.4405e-04, 2.4075e-04, 6.7413e-05,
        3.1808e-04, 3.5178e-04, 6.6093e-04, 5.7216e-04, 2.2316e-04, 3.8045e-04,
        8.5632e-04, 5.7451e-04, 1.3832e-04, 6.4731e-05, 4.9057e-05, 2.1265e-04,
        3.0511e-05, 2.9443e-04, 1.9446e-05, 3.8146e-04, 2.6993e-04, 4.4224e-04,
        1.5749e-04, 5.5504e-05, 5.3777e-04, 8.4576e-05, 2.4934e-05, 3.4314e-05,
        1.7450e-05, 8.4635e-04, 3.4456e-04, 6.7305e-04, 3.1805e-05, 9.5969e-04,
        3.3050e-04, 3.6272e-04, 2.5032e-04, 1.0346e-05, 2.4988e-04, 8.3683e-05,
        2.4704e-04, 1.7517e-04, 4.2493e-04, 7.0457e-04, 2.4916e-04, 1.8020e-04,
        7.6395e-06, 1.2989e-06, 3.6209e-04, 4.5432e-04, 1.2550e-04, 6.3907e-06,
        1.4773e-04, 2.1146e-04, 4.1373e-04, 7.1752e-05, 7.0076e-05, 5.3885e-05,
        2.5150e-04, 7.4839e-04, 1.5425e-04, 1.3521e-04, 3.1462e-04, 2.6748e-04,
        3.1558e-04, 4.7157e-04, 5.1698e-04, 5.6692e-04, 1.2351e-04, 3.7525e-04,
        3.0395e-04, 2.1588e-05, 5.1642e-04, 2.9876e-04, 2.9747e-04, 3.0169e-04,
        2.6479e-04, 3.7552e-04, 8.4685e-05, 2.2081e-04, 3.0677e-04, 6.4811e-04,
        1.0369e-04, 3.3898e-04, 6.3942e-05, 7.2719e-06, 2.5588e-04],
       grad_fn=<CatBackward>)

mean_overall=tensor(0.0004, grad_fn=<MeanBackward0>)

-----------------------------------------------ITERATION310-----------------------------------------------

final_causality=[[1, 1, 1, 1, 1, 1, 1, 1, 1, 1, 1, 1, 1], [1, 1, 1, 1, 1, 1, 1, 1, 1, 1, 1, 1, 1, 1, 1, 1, 1, 1, 1, 1, 1, 1, 1, 1, 1, 1, 1, 1, 1, 1, 1, 1, 1, 1, 1, 1, 1, 1, 1, 1, 1, 1, 1, 1, 1, 1, 1, 1, 1, 1], [1, 1, 1, 1, 1, 1, 1, 1, 1, 1, 1, 1, 1, 1, 1, 1, 1, 1, 1, 1, 1, 1, 1, 1, 1, 1, 1, 1, 1, 1, 1, 1, 1, 1, 1, 1, 1, 1, 1, 1, 1, 1, 1, 1, 1, 1, 1, 1, 1, 1]]

means=tensor([8.4841e-04, 2.0302e-03, 2.0245e-03, 1.9376e-03, 1.7520e-03, 6.3569e-04,
        1.2728e-03, 9.3576e-04, 2.0007e-03, 1.6007e-03, 1.2623e-03, 7.4485e-04,
        1.5921e-03, 1.1309e-04, 3.4753e-04, 2.3091e-04, 2.6289e-04, 2.4623e-04,
        6.4575e-04, 5.2586e-05, 2.3007e-04, 3.1069e-04, 1.2348e-03, 5.2643e-04,
        2.1256e-04, 1.8065e-04, 4.0165e-05, 1.5667e-04, 2.6727e-04, 7.0414e-05,
        3.3178e-04, 3.7746e-04, 6.9670e-04, 6.2448e-04, 2.3743e-04, 4.2669e-04,
        8.9889e-04, 6.0454e-04, 1.4282e-04, 7.2433e-05, 4.9887e-05, 2.2670e-04,
        3.2661e-05, 3.1882e-04, 2.2385e-05, 4.0693e-04, 2.9716e-04, 4.6688e-04,
        1.6435e-04, 6.0326e-05, 5.8305e-04, 9.4411e-05, 2.7918e-05, 3.1456e-05,
        1.9696e-05, 8.9377e-04, 3.5986e-04, 7.1902e-04, 3.4625e-05, 1.0300e-03,
        3.4198e-04, 3.8100e-04, 2.7836e-04, 1.0238e-05, 2.6650e-04, 9.0354e-05,
        2.6815e-04, 1.8884e-04, 4.5275e-04, 7.4379e-04, 2.6531e-04, 1.9681e-04,
        8.6538e-06, 1.1688e-06, 3.8281e-04, 4.8117e-04, 1.1835e-04, 7.0896e-06,
        1.6194e-04, 2.2456e-04, 4.4141e-04, 6.9341e-05, 7.6088e-05, 5.7762e-05,
        2.6788e-04, 7.9297e-04, 1.7335e-04, 1.4493e-04, 3.3394e-04, 2.8643e-04,
        3.4101e-04, 5.0166e-04, 5.4431e-04, 6.0075e-04, 1.3182e-04, 4.0107e-04,
        3.2090e-04, 2.4953e-05, 5.4861e-04, 3.1709e-04, 3.1260e-04, 3.2307e-04,
        2.8144e-04, 3.9612e-04, 9.1756e-05, 2.3653e-04, 3.2580e-04, 6.8549e-04,
        1.1458e-04, 3.6218e-04, 6.9758e-05, 8.5436e-06, 2.7128e-04],
       grad_fn=<CatBackward>)

mean_overall=tensor(0.0004, grad_fn=<MeanBackward0>)

-----------------------------------------------ITERATION320-----------------------------------------------

final_causality=[[1, 1, 1, 1, 1, 1, 1, 1, 1, 1, 1, 1, 1], [1, 1, 1, 1, 1, 1, 1, 1, 1, 1, 1, 1, 1, 1, 1, 1, 1, 1, 1, 1, 1, 1, 1, 1, 1, 1, 1, 1, 1, 1, 1, 1, 1, 1, 1, 1, 1, 1, 1, 1, 1, 1, 1, 1, 1, 1, 1, 1, 1, 1], [1, 1, 1, 1, 1, 1, 1, 1, 1, 1, 1, 1, 1, 1, 1, 1, 1, 1, 1, 1, 1, 1, 1, 1, 1, 1, 1, 1, 1, 1, 1, 1, 1, 1, 1, 1, 1, 1, 1, 1, 1, 1, 1, 1, 1, 1, 1, 1, 1, 1]]

means=tensor([9.1302e-04, 2.1687e-03, 2.1556e-03, 2.0748e-03, 1.8644e-03, 6.9626e-04,
        1.3753e-03, 9.9608e-04, 2.1300e-03, 1.6990e-03, 1.3550e-03, 8.1644e-04,
        1.7102e-03, 1.2438e-04, 3.7855e-04, 2.4092e-04, 2.7666e-04, 2.7084e-04,
        7.0548e-04, 5.9138e-05, 2.5673e-04, 3.4081e-04, 1.2850e-03, 5.5633e-04,
        2.2875e-04, 1.9813e-04, 4.6772e-05, 1.6982e-04, 2.9541e-04, 7.3452e-05,
        3.4554e-04, 4.0381e-04, 7.3250e-04, 6.7843e-04, 2.5203e-04, 4.7530e-04,
        9.4149e-04, 6.3473e-04, 1.4725e-04, 8.0708e-05, 5.0686e-05, 2.4122e-04,
        3.4865e-05, 3.4399e-04, 2.5265e-05, 4.3292e-04, 3.2574e-04, 4.9179e-04,
        1.7126e-04, 6.5434e-05, 6.2944e-04, 1.0493e-04, 3.0953e-05, 2.8924e-05,
        2.2120e-05, 9.4134e-04, 3.7535e-04, 7.6560e-04, 3.7533e-05, 1.1013e-03,
        3.5335e-04, 3.9943e-04, 3.0756e-04, 1.0106e-05, 2.8364e-04, 9.8299e-05,
        2.8975e-04, 2.0280e-04, 4.8104e-04, 7.8391e-04, 2.8185e-04, 2.1390e-04,
        9.7682e-06, 1.0486e-06, 4.0404e-04, 5.0849e-04, 1.1050e-04, 8.0766e-06,
        1.7686e-04, 2.3818e-04, 4.6969e-04, 6.6767e-05, 8.2469e-05, 6.1833e-05,
        2.8475e-04, 8.3833e-04, 1.9323e-04, 1.5506e-04, 3.5366e-04, 3.0631e-04,
        3.7062e-04, 5.3235e-04, 5.7232e-04, 6.3541e-04, 1.4081e-04, 4.2743e-04,
        3.3837e-04, 2.9109e-05, 5.8214e-04, 3.3571e-04, 3.2815e-04, 3.4492e-04,
        2.9863e-04, 4.1722e-04, 9.9727e-05, 2.5276e-04, 3.4535e-04, 7.2438e-04,
        1.2577e-04, 3.8607e-04, 7.5904e-05, 9.9320e-06, 2.8751e-04],
       grad_fn=<CatBackward>)

mean_overall=tensor(0.0005, grad_fn=<MeanBackward0>)

-----------------------------------------------ITERATION330-----------------------------------------------

final_causality=[[1, 1, 1, 1, 1, 1, 1, 1, 1, 1, 1, 1, 1], [1, 1, 1, 1, 1, 1, 1, 1, 1, 1, 1, 1, 1, 1, 1, 1, 1, 1, 1, 1, 1, 1, 1, 1, 1, 1, 1, 1, 1, 1, 1, 1, 1, 1, 1, 1, 1, 1, 1, 1, 1, 1, 1, 1, 1, 1, 1, 1, 1, 1], [1, 1, 1, 1, 1, 1, 1, 1, 1, 1, 1, 1, 1, 1, 1, 1, 1, 1, 1, 1, 1, 1, 1, 1, 1, 1, 1, 1, 1, 1, 1, 1, 1, 1, 1, 1, 1, 1, 1, 1, 1, 1, 1, 1, 1, 1, 1, 1, 1, 1]]

means=tensor([9.7903e-04, 2.3107e-03, 2.2891e-03, 2.2136e-03, 1.9777e-03, 7.5970e-04,
        1.4802e-03, 1.0568e-03, 2.2573e-03, 1.7973e-03, 1.4505e-03, 8.9004e-04,
        1.8318e-03, 1.3615e-04, 4.1055e-04, 2.5087e-04, 2.9065e-04, 2.9653e-04,
        7.6679e-04, 6.5872e-05, 2.8477e-04, 3.7212e-04, 1.3348e-03, 5.8649e-04,
        2.4535e-04, 2.1641e-04, 5.4059e-05, 1.8336e-04, 3.2499e-04, 7.6512e-05,
        3.5925e-04, 4.3060e-04, 7.6798e-04, 7.3350e-04, 2.6684e-04, 5.2581e-04,
        9.8378e-04, 6.6558e-04, 1.5156e-04, 8.9511e-05, 5.1430e-05, 2.5610e-04,
        3.7113e-05, 3.6972e-04, 2.8058e-05, 4.5918e-04, 3.5542e-04, 5.1678e-04,
        1.7821e-04, 7.0802e-05, 6.7653e-04, 1.1605e-04, 3.4034e-05, 2.6582e-05,
        2.4707e-05, 9.8866e-04, 3.9098e-04, 8.1238e-04, 4.0501e-05, 1.1728e-03,
        3.6479e-04, 4.1786e-04, 3.3765e-04, 9.9526e-06, 3.0121e-04, 1.0686e-04,
        3.1166e-04, 2.1697e-04, 5.0957e-04, 8.2470e-04, 2.9867e-04, 2.3135e-04,
        1.0981e-05, 1.0880e-06, 4.2650e-04, 5.3608e-04, 1.0205e-04, 9.1238e-06,
        1.9238e-04, 2.5221e-04, 4.9835e-04, 6.4061e-05, 8.9157e-05, 6.6827e-05,
        3.0201e-04, 8.8416e-04, 2.1371e-04, 1.6551e-04, 3.7395e-04, 3.2658e-04,
        4.0099e-04, 5.6337e-04, 6.0080e-04, 6.7063e-04, 1.5079e-04, 4.5415e-04,
        3.5624e-04, 3.3900e-05, 6.1603e-04, 3.5450e-04, 3.4599e-04, 3.6708e-04,
        3.1620e-04, 4.3867e-04, 1.1046e-04, 2.6938e-04, 3.6525e-04, 7.6385e-04,
        1.3717e-04, 4.1049e-04, 8.2329e-05, 1.1441e-05, 3.0408e-04],
       grad_fn=<CatBackward>)

mean_overall=tensor(0.0005, grad_fn=<MeanBackward0>)

-----------------------------------------------ITERATION340-----------------------------------------------

final_causality=[[1, 1, 1, 1, 1, 1, 1, 1, 1, 1, 1, 1, 1], [1, 1, 1, 1, 1, 1, 1, 1, 1, 1, 1, 1, 1, 1, 1, 1, 1, 1, 1, 1, 1, 1, 1, 1, 1, 1, 1, 1, 1, 1, 1, 1, 1, 1, 1, 1, 1, 1, 1, 1, 1, 1, 1, 1, 1, 1, 1, 1, 1, 1], [1, 1, 1, 1, 1, 1, 1, 1, 1, 1, 1, 1, 1, 1, 1, 1, 1, 1, 1, 1, 1, 1, 1, 1, 1, 1, 1, 1, 1, 1, 1, 1, 1, 1, 1, 1, 1, 1, 1, 1, 1, 1, 1, 1, 1, 1, 1, 1, 1, 1]]

means=tensor([1.0460e-03, 2.4554e-03, 2.4239e-03, 2.3523e-03, 2.0907e-03, 8.2571e-04,
        1.5867e-03, 1.1171e-03, 2.3811e-03, 1.8942e-03, 1.5483e-03, 9.6503e-04,
        1.9563e-03, 1.4829e-04, 4.4321e-04, 2.6069e-04, 3.0476e-04, 3.2309e-04,
        8.2906e-04, 7.2770e-05, 3.1391e-04, 4.0433e-04, 1.3839e-03, 6.1666e-04,
        2.6220e-04, 2.3530e-04, 6.1990e-05, 1.9718e-04, 3.5577e-04, 7.9578e-05,
        3.7280e-04, 4.5759e-04, 8.0280e-04, 7.8915e-04, 2.8173e-04, 5.7765e-04,
        1.0254e-03, 6.9740e-04, 1.5572e-04, 9.8773e-05, 5.2097e-05, 2.7122e-04,
        3.9392e-05, 3.9574e-04, 3.0732e-05, 4.8546e-04, 3.8594e-04, 5.4162e-04,
        1.8516e-04, 7.6401e-05, 7.2385e-04, 1.2769e-04, 3.7153e-05, 2.4431e-05,
        2.7437e-05, 1.0353e-03, 4.0666e-04, 8.5891e-04, 4.3492e-05, 1.2440e-03,
        3.7615e-04, 4.3613e-04, 3.6830e-04, 9.7789e-06, 3.1908e-04, 1.1573e-04,
        3.3370e-04, 2.3122e-04, 5.3812e-04, 8.6584e-04, 3.1561e-04, 2.4898e-04,
        1.2288e-05, 1.1537e-06, 4.4934e-04, 5.6371e-04, 9.3127e-05, 1.0226e-05,
        2.0834e-04, 2.6652e-04, 5.2716e-04, 6.1264e-05, 9.6081e-05, 7.4249e-05,
        3.1953e-04, 9.3012e-04, 2.3460e-04, 1.7621e-04, 3.9491e-04, 3.4707e-04,
        4.3181e-04, 5.9448e-04, 6.2953e-04, 7.0613e-04, 1.6092e-04, 4.8103e-04,
        3.7439e-04, 3.8961e-05, 6.5004e-04, 3.7357e-04, 3.6659e-04, 3.8937e-04,
        3.3400e-04, 4.6029e-04, 1.2149e-04, 2.8625e-04, 3.8535e-04, 8.0355e-04,
        1.4868e-04, 4.3523e-04, 8.8971e-05, 1.3069e-05, 3.2085e-04],
       grad_fn=<CatBackward>)

mean_overall=tensor(0.0005, grad_fn=<MeanBackward0>)

-----------------------------------------------ITERATION350-----------------------------------------------

final_causality=[[1, 1, 1, 1, 1, 1, 1, 1, 1, 1, 1, 1, 1], [1, 1, 1, 1, 1, 1, 1, 1, 1, 1, 1, 1, 1, 1, 1, 1, 1, 1, 1, 1, 1, 1, 1, 1, 1, 1, 1, 1, 1, 1, 1, 1, 1, 1, 1, 1, 1, 1, 1, 1, 1, 1, 1, 1, 1, 1, 1, 1, 1, 1], [1, 1, 1, 1, 1, 1, 1, 1, 1, 1, 1, 1, 1, 1, 1, 1, 1, 1, 1, 1, 1, 1, 1, 1, 1, 1, 1, 1, 1, 1, 1, 1, 1, 1, 1, 1, 1, 1, 1, 1, 1, 1, 1, 1, 1, 1, 1, 1, 1, 1]]

means=tensor([1.1134e-03, 2.6016e-03, 2.5587e-03, 2.4897e-03, 2.2023e-03, 8.9391e-04,
        1.6939e-03, 1.1763e-03, 2.4994e-03, 1.9888e-03, 1.6476e-03, 1.0407e-03,
        2.0830e-03, 1.6064e-04, 4.7622e-04, 2.7028e-04, 3.1888e-04, 3.5026e-04,
        8.9162e-04, 7.9808e-05, 3.4384e-04, 4.3709e-04, 1.4318e-03, 6.4659e-04,
        2.7912e-04, 2.5461e-04, 7.0501e-05, 2.1110e-04, 3.8746e-04, 8.2633e-05,
        3.8606e-04, 4.8448e-04, 8.3684e-04, 8.4477e-04, 2.9653e-04, 6.3019e-04,
        1.0660e-03, 7.2883e-04, 1.5969e-04, 1.0841e-04, 5.2664e-05, 2.8645e-04,
        4.1685e-05, 4.2177e-04, 3.3252e-05, 5.1148e-04, 4.1697e-04, 5.6606e-04,
        1.9206e-04, 8.2191e-05, 7.7092e-04, 1.3971e-04, 4.0299e-05, 2.2474e-05,
        3.0282e-05, 1.0809e-03, 4.2231e-04, 9.0471e-04, 4.6470e-05, 1.3140e-03,
        3.8717e-04, 4.5409e-04, 3.9913e-04, 9.5876e-06, 3.3710e-04, 1.2481e-04,
        3.5563e-04, 2.4585e-04, 5.6644e-04, 9.0703e-04, 3.3252e-04, 2.6663e-04,
        1.3679e-05, 1.2253e-06, 4.7222e-04, 5.9112e-04, 8.3848e-05, 1.1375e-05,
        2.2459e-04, 2.8099e-04, 5.5585e-04, 5.8418e-05, 1.0316e-04, 8.1797e-05,
        3.3718e-04, 9.7582e-04, 2.5566e-04, 1.8707e-04, 4.1584e-04, 3.6759e-04,
        4.6277e-04, 6.2536e-04, 6.5827e-04, 7.4159e-04, 1.7110e-04, 5.0786e-04,
        3.9264e-04, 4.5140e-05, 6.8387e-04, 3.9280e-04, 3.8710e-04, 4.1157e-04,
        3.5186e-04, 4.8189e-04, 1.3268e-04, 3.0322e-04, 4.0545e-04, 8.4314e-04,
        1.6020e-04, 4.6010e-04, 9.5761e-05, 1.4812e-05, 3.3768e-04],
       grad_fn=<CatBackward>)

mean_overall=tensor(0.0005, grad_fn=<MeanBackward0>)

-----------------------------------------------ITERATION360-----------------------------------------------

final_causality=[[1, 1, 1, 1, 1, 1, 1, 1, 1, 1, 1, 1, 1], [1, 1, 1, 1, 1, 1, 1, 1, 1, 1, 1, 1, 1, 1, 1, 1, 1, 1, 1, 1, 1, 1, 1, 1, 1, 1, 1, 1, 1, 1, 1, 1, 1, 1, 1, 1, 1, 1, 1, 1, 1, 1, 1, 1, 1, 1, 1, 1, 1, 1], [1, 1, 1, 1, 1, 1, 1, 1, 1, 1, 1, 1, 1, 1, 1, 1, 1, 1, 1, 1, 1, 1, 1, 1, 1, 1, 1, 1, 1, 1, 1, 1, 1, 1, 1, 1, 1, 1, 1, 1, 1, 1, 1, 1, 1, 1, 1, 1, 1, 1]]

means=tensor([1.1807e-03, 2.7483e-03, 2.6924e-03, 2.6239e-03, 2.3111e-03, 9.6391e-04,
        1.8010e-03, 1.2335e-03, 2.6104e-03, 2.0795e-03, 1.7480e-03, 1.1163e-03,
        2.2111e-03, 1.7303e-04, 5.0921e-04, 2.7957e-04, 3.3291e-04, 3.7776e-04,
        9.5371e-04, 8.6955e-05, 3.7421e-04, 4.7003e-04, 1.4782e-03, 6.7600e-04,
        2.9593e-04, 2.7411e-04, 7.9637e-05, 2.2497e-04, 4.1974e-04, 8.5659e-05,
        3.9891e-04, 5.1098e-04, 8.6973e-04, 8.9972e-04, 3.1109e-04, 6.8273e-04,
        1.1052e-03, 7.5931e-04, 1.6344e-04, 1.1832e-04, 5.3108e-05, 3.0165e-04,
        4.3975e-05, 4.4752e-04, 3.5580e-05, 5.3694e-04, 4.4816e-04, 5.8987e-04,
        1.9888e-04, 8.8128e-05, 8.1722e-04, 1.5198e-04, 4.3457e-05, 2.0712e-05,
        3.3205e-05, 1.1250e-03, 4.3785e-04, 9.4933e-04, 4.9393e-05, 1.3823e-03,
        3.9776e-04, 4.7155e-04, 4.2974e-04, 9.3814e-06, 3.5510e-04, 1.3400e-04,
        3.7725e-04, 2.6058e-04, 5.9425e-04, 9.4791e-04, 3.4923e-04, 2.8411e-04,
        1.5142e-05, 1.2895e-06, 4.9491e-04, 6.1803e-04, 7.4353e-05, 1.2562e-05,
        2.4288e-04, 2.9545e-04, 5.8414e-04, 5.5569e-05, 1.1031e-04, 9.0358e-05,
        3.5479e-04, 1.0209e-03, 2.7667e-04, 1.9799e-04, 4.3657e-04, 3.8792e-04,
        4.9354e-04, 6.5573e-04, 6.8674e-04, 7.7667e-04, 1.8124e-04, 5.3439e-04,
        4.1085e-04, 5.1312e-05, 7.1724e-04, 4.1179e-04, 4.0732e-04, 4.3346e-04,
        3.6959e-04, 5.0328e-04, 1.4390e-04, 3.2012e-04, 4.2535e-04, 8.8225e-04,
        1.7161e-04, 4.8486e-04, 1.0262e-04, 1.6660e-05, 3.5441e-04],
       grad_fn=<CatBackward>)

mean_overall=tensor(0.0006, grad_fn=<MeanBackward0>)

-----------------------------------------------ITERATION370-----------------------------------------------

final_causality=[[1, 1, 1, 1, 1, 1, 1, 1, 1, 1, 1, 1, 1], [1, 1, 1, 1, 1, 1, 1, 1, 1, 1, 1, 1, 1, 1, 1, 1, 1, 1, 1, 1, 1, 1, 1, 1, 1, 1, 1, 1, 1, 1, 1, 1, 1, 1, 1, 1, 1, 1, 1, 1, 1, 1, 1, 1, 1, 1, 1, 1, 1, 1], [1, 1, 1, 1, 1, 1, 1, 1, 1, 1, 1, 1, 1, 1, 1, 1, 1, 1, 1, 1, 1, 1, 1, 1, 1, 1, 1, 1, 1, 1, 1, 1, 1, 1, 1, 1, 1, 1, 1, 1, 1, 1, 1, 1, 1, 1, 1, 1, 1, 1]]

means=tensor([1.2474e-03, 2.8943e-03, 2.8237e-03, 2.7535e-03, 2.4159e-03, 1.0353e-03,
        1.9071e-03, 1.2880e-03, 2.7122e-03, 2.1652e-03, 1.8487e-03, 1.1910e-03,
        2.3396e-03, 1.8531e-04, 5.4181e-04, 2.8846e-04, 3.4674e-04, 4.0528e-04,
        1.0146e-03, 9.4178e-05, 4.0462e-04, 5.0273e-04, 1.5228e-03, 7.0464e-04,
        3.1243e-04, 2.9354e-04, 8.9236e-05, 2.3862e-04, 4.5225e-04, 8.8636e-05,
        4.1123e-04, 5.3681e-04, 9.0092e-04, 9.5339e-04, 3.2525e-04, 7.3455e-04,
        1.1428e-03, 7.8854e-04, 1.6693e-04, 1.2839e-04, 5.3410e-05, 3.1666e-04,
        4.6245e-05, 4.7268e-04, 3.7679e-05, 5.6156e-04, 4.7915e-04, 6.1283e-04,
        2.0559e-04, 9.4163e-05, 8.6226e-04, 1.6432e-04, 4.6612e-05, 1.9147e-05,
        3.6167e-05, 1.1672e-03, 4.5318e-04, 9.9229e-04, 5.2221e-05, 1.4479e-03,
        4.0786e-04, 4.8837e-04, 4.5970e-04, 9.1672e-06, 3.7293e-04, 1.4321e-04,
        3.9832e-04, 2.7504e-04, 6.2130e-04, 9.8810e-04, 3.6556e-04, 3.0124e-04,
        1.6662e-05, 1.3470e-06, 5.1721e-04, 6.4420e-04, 6.8525e-05, 1.3774e-05,
        2.6103e-04, 3.0976e-04, 6.1175e-04, 5.7866e-05, 1.1743e-04, 9.8821e-05,
        3.7220e-04, 1.0648e-03, 2.9774e-04, 2.0885e-04, 4.5689e-04, 4.0787e-04,
        5.2377e-04, 6.8527e-04, 7.1469e-04, 8.1104e-04, 1.9125e-04, 5.6038e-04,
        4.2884e-04, 5.7414e-05, 7.4984e-04, 4.3037e-04, 4.2705e-04, 4.5483e-04,
        3.8698e-04, 5.2425e-04, 1.5505e-04, 3.3678e-04, 4.4483e-04, 9.2050e-04,
        1.8279e-04, 5.0928e-04, 1.0947e-04, 1.8597e-05, 3.7089e-04],
       grad_fn=<CatBackward>)

mean_overall=tensor(0.0006, grad_fn=<MeanBackward0>)

-----------------------------------------------ITERATION380-----------------------------------------------

final_causality=[[1, 1, 1, 1, 1, 1, 1, 1, 1, 1, 1, 1, 1], [1, 1, 1, 1, 1, 1, 1, 1, 1, 1, 1, 1, 1, 1, 1, 1, 1, 1, 1, 1, 1, 1, 1, 1, 1, 1, 1, 1, 1, 1, 1, 1, 1, 1, 1, 1, 1, 1, 1, 1, 1, 1, 1, 1, 1, 1, 1, 1, 1, 1], [1, 1, 1, 1, 1, 1, 1, 1, 1, 1, 1, 1, 1, 1, 1, 1, 1, 1, 1, 1, 1, 1, 1, 1, 1, 1, 1, 1, 1, 1, 1, 1, 1, 1, 1, 1, 1, 1, 1, 1, 1, 1, 1, 1, 1, 1, 1, 1, 1, 1]]

means=tensor([1.3130e-03, 3.0387e-03, 2.9512e-03, 2.8770e-03, 2.5155e-03, 1.1076e-03,
        2.0113e-03, 1.3388e-03, 2.8032e-03, 2.2446e-03, 1.9491e-03, 1.2641e-03,
        2.4679e-03, 1.9738e-04, 5.7365e-04, 2.9689e-04, 3.6027e-04, 4.3253e-04,
        1.0736e-03, 1.0144e-04, 4.3467e-04, 5.3478e-04, 1.5652e-03, 7.3226e-04,
        3.2844e-04, 3.1267e-04, 9.9168e-05, 2.5187e-04, 4.8462e-04, 9.1547e-05,
        4.2291e-04, 5.6168e-04, 9.3012e-04, 1.0052e-03, 3.3885e-04, 7.8493e-04,
        1.1789e-03, 8.1628e-04, 1.7013e-04, 1.3848e-04, 5.3553e-05, 3.3135e-04,
        4.8475e-05, 4.9697e-04, 3.9514e-05, 5.8506e-04, 5.0958e-04, 6.3472e-04,
        2.1214e-04, 1.0025e-04, 9.0555e-04, 1.7657e-04, 4.9747e-05, 1.7779e-05,
        3.9124e-05, 1.2071e-03, 4.6823e-04, 1.0332e-03, 5.4916e-05, 1.5104e-03,
        4.1740e-04, 5.0439e-04, 4.8903e-04, 8.9668e-06, 3.9040e-04, 1.5234e-04,
        4.1863e-04, 2.8911e-04, 6.4731e-04, 1.0273e-03, 3.8136e-04, 3.1786e-04,
        1.8218e-05, 1.3987e-06, 5.3890e-04, 6.6934e-04, 6.3526e-05, 1.4999e-05,
        2.7888e-04, 3.2377e-04, 6.3842e-04, 6.0629e-05, 1.2444e-04, 1.0716e-04,
        3.8924e-04, 1.1074e-03, 3.1930e-04, 2.1954e-04, 4.7664e-04, 4.2722e-04,
        5.5316e-04, 7.1370e-04, 7.4186e-04, 8.4436e-04, 2.0104e-04, 5.8559e-04,
        4.4642e-04, 6.3384e-05, 7.8138e-04, 4.4839e-04, 4.4607e-04, 4.7545e-04,
        4.0385e-04, 5.4459e-04, 1.6598e-04, 3.5303e-04, 4.6370e-04, 9.5752e-04,
        1.9365e-04, 5.3311e-04, 1.1623e-04, 2.0603e-05, 3.8694e-04],
       grad_fn=<CatBackward>)

mean_overall=tensor(0.0006, grad_fn=<MeanBackward0>)

-----------------------------------------------ITERATION390-----------------------------------------------

final_causality=[[1, 1, 1, 1, 1, 1, 1, 1, 1, 1, 1, 1, 1], [1, 1, 1, 1, 1, 1, 1, 1, 1, 1, 1, 1, 1, 1, 1, 1, 1, 1, 1, 1, 1, 1, 1, 1, 1, 1, 1, 1, 1, 1, 1, 1, 1, 1, 1, 1, 1, 1, 1, 1, 1, 1, 1, 1, 1, 1, 1, 1, 1, 1], [1, 1, 1, 1, 1, 1, 1, 1, 1, 1, 1, 1, 1, 1, 1, 1, 1, 1, 1, 1, 1, 1, 1, 1, 1, 1, 1, 1, 1, 1, 1, 1, 1, 1, 1, 1, 1, 1, 1, 1, 1, 1, 1, 1, 1, 1, 1, 1, 1, 1]]

means=tensor([1.3770e-03, 3.1803e-03, 3.0741e-03, 2.9931e-03, 2.6088e-03, 1.1804e-03,
        2.1128e-03, 1.3853e-03, 2.8819e-03, 2.3166e-03, 2.0487e-03, 1.3349e-03,
        2.5952e-03, 2.0919e-04, 6.0438e-04, 3.0478e-04, 3.7341e-04, 4.5922e-04,
        1.1299e-03, 1.0870e-04, 4.6429e-04, 5.6579e-04, 1.6052e-03, 7.5864e-04,
        3.4378e-04, 3.3123e-04, 1.0931e-04, 2.6457e-04, 5.1648e-04, 9.4377e-05,
        4.3386e-04, 5.8533e-04, 9.5707e-04, 1.0545e-03, 3.5176e-04, 8.3319e-04,
        1.2127e-03, 8.4231e-04, 1.7302e-04, 1.4849e-04, 5.3524e-05, 3.4558e-04,
        5.0649e-05, 5.2012e-04, 4.1060e-05, 6.0721e-04, 5.3908e-04, 6.5534e-04,
        2.1850e-04, 1.0632e-04, 9.4666e-04, 1.8856e-04, 5.2848e-05, 1.6607e-05,
        4.2612e-05, 1.2445e-03, 4.8291e-04, 1.0716e-03, 5.7441e-05, 1.5692e-03,
        4.2632e-04, 5.1949e-04, 5.1719e-04, 8.7616e-06, 4.0736e-04, 1.6129e-04,
        4.3848e-04, 3.0266e-04, 6.7206e-04, 1.0650e-03, 3.9646e-04, 3.3379e-04,
        1.9791e-05, 1.4451e-06, 5.5979e-04, 6.9323e-04, 6.5287e-05, 1.6222e-05,
        2.9630e-04, 3.3733e-04, 6.6389e-04, 6.3413e-05, 1.3125e-04, 1.1529e-04,
        4.0576e-04, 1.1481e-03, 3.4011e-04, 2.2995e-04, 4.9564e-04, 4.4580e-04,
        5.8140e-04, 7.4074e-04, 7.6801e-04, 8.7631e-04, 2.1051e-04, 6.0980e-04,
        4.6345e-04, 6.9166e-05, 8.1161e-04, 4.6569e-04, 4.6422e-04, 4.9512e-04,
        4.2003e-04, 5.6528e-04, 1.7658e-04, 3.6872e-04, 4.8177e-04, 9.9300e-04,
        2.0452e-04, 5.5615e-04, 1.2282e-04, 2.2655e-05, 4.0242e-04],
       grad_fn=<CatBackward>)

mean_overall=tensor(0.0007, grad_fn=<MeanBackward0>)

-----------------------------------------------ITERATION400-----------------------------------------------

final_causality=[[1, 1, 1, 1, 1, 1, 1, 1, 1, 1, 1, 1, 1], [1, 1, 1, 1, 1, 1, 1, 1, 1, 1, 1, 1, 1, 1, 1, 1, 1, 1, 1, 1, 1, 1, 1, 1, 1, 1, 1, 1, 1, 1, 1, 1, 1, 1, 1, 1, 1, 1, 1, 1, 1, 1, 1, 1, 1, 1, 1, 1, 1, 1], [1, 1, 1, 1, 1, 1, 1, 1, 1, 1, 1, 1, 1, 1, 1, 1, 1, 1, 1, 1, 1, 1, 1, 1, 1, 1, 1, 1, 1, 1, 1, 1, 1, 1, 1, 1, 1, 1, 1, 1, 1, 1, 1, 1, 1, 1, 1, 1, 1, 1]]

means=tensor([1.4391e-03, 3.3183e-03, 3.1912e-03, 3.1006e-03, 2.6948e-03, 1.2534e-03,
        2.2108e-03, 1.4268e-03, 2.9470e-03, 2.3803e-03, 2.1468e-03, 1.4028e-03,
        2.7209e-03, 2.2039e-04, 6.3368e-04, 3.1209e-04, 3.8607e-04, 4.8509e-04,
        1.1831e-03, 1.1593e-04, 4.9368e-04, 5.9541e-04, 1.6427e-03, 7.8360e-04,
        3.5829e-04, 3.4902e-04, 1.1951e-04, 2.7657e-04, 5.4749e-04, 9.7112e-05,
        4.4400e-04, 6.0754e-04, 9.8158e-04, 1.1008e-03, 3.6386e-04, 8.7871e-04,
        1.2441e-03, 8.6644e-04, 1.7558e-04, 1.5829e-04, 5.3316e-05, 3.5924e-04,
        5.2749e-05, 5.4190e-04, 4.2516e-05, 6.2780e-04, 5.6735e-04, 6.7456e-04,
        2.2465e-04, 1.1235e-04, 9.8521e-04, 2.0011e-04, 5.5897e-05, 1.5627e-05,
        4.6323e-05, 1.2790e-03, 4.9718e-04, 1.1073e-03, 5.9767e-05, 1.6237e-03,
        4.3457e-04, 5.3356e-04, 5.4357e-04, 8.5543e-06, 4.2365e-04, 1.6998e-04,
        4.5801e-04, 3.1558e-04, 6.9533e-04, 1.1011e-03, 4.1073e-04, 3.4889e-04,
        2.1357e-05, 1.4868e-06, 5.7970e-04, 7.1566e-04, 6.7893e-05, 1.7429e-05,
        3.1300e-04, 3.5032e-04, 6.8794e-04, 6.6192e-05, 1.3789e-04, 1.2309e-04,
        4.2160e-04, 1.1867e-03, 3.5999e-04, 2.3998e-04, 5.1374e-04, 4.6343e-04,
        6.0824e-04, 7.6615e-04, 7.9292e-04, 9.0662e-04, 2.1959e-04, 6.3280e-04,
        4.7977e-04, 7.5074e-05, 8.4027e-04, 4.8216e-04, 4.8134e-04, 5.1368e-04,
        4.3536e-04, 5.8509e-04, 1.8799e-04, 3.8371e-04, 4.9887e-04, 1.0266e-03,
        2.1512e-04, 5.7820e-04, 1.2917e-04, 2.4726e-05, 4.1719e-04],
       grad_fn=<CatBackward>)

mean_overall=tensor(0.0007, grad_fn=<MeanBackward0>)

-----------------------------------------------ITERATION410-----------------------------------------------

final_causality=[[1, 1, 1, 1, 1, 1, 1, 1, 1, 1, 1, 1, 1], [1, 1, 1, 1, 1, 1, 1, 1, 1, 1, 1, 1, 1, 1, 1, 1, 1, 1, 1, 1, 1, 1, 1, 1, 1, 1, 1, 1, 1, 1, 1, 1, 1, 1, 1, 1, 1, 1, 1, 1, 1, 1, 1, 1, 1, 1, 1, 1, 1, 1], [1, 1, 1, 1, 1, 1, 1, 1, 1, 1, 1, 1, 1, 1, 1, 1, 1, 1, 1, 1, 1, 1, 1, 1, 1, 1, 1, 1, 1, 1, 1, 1, 1, 1, 1, 1, 1, 1, 1, 1, 1, 1, 1, 1, 1, 1, 1, 1, 1, 1]]

means=tensor([1.4989e-03, 3.4519e-03, 3.3018e-03, 3.1989e-03, 2.7727e-03, 1.3262e-03,
        2.3047e-03, 1.4627e-03, 2.9977e-03, 2.4349e-03, 2.2431e-03, 1.4672e-03,
        2.8444e-03, 2.3085e-04, 6.6130e-04, 3.1878e-04, 3.9820e-04, 5.0992e-04,
        1.2326e-03, 1.2310e-04, 5.2177e-04, 6.2331e-04, 1.6773e-03, 8.0699e-04,
        3.7184e-04, 3.6584e-04, 1.2966e-04, 2.8776e-04, 5.7734e-04, 9.9740e-05,
        4.5328e-04, 6.2812e-04, 1.0035e-03, 1.1439e-03, 3.7505e-04, 9.2099e-04,
        1.2728e-03, 8.8857e-04, 1.7782e-04, 1.6776e-04, 5.2925e-05, 3.7224e-04,
        5.4764e-05, 5.6213e-04, 4.3643e-05, 6.4668e-04, 5.9413e-04, 6.9225e-04,
        2.3057e-04, 1.1827e-04, 1.0209e-03, 2.1110e-04, 5.8882e-05, 1.4837e-05,
        4.9977e-05, 1.3106e-03, 5.1097e-04, 1.1400e-03, 6.1871e-05, 1.6737e-03,
        4.4214e-04, 5.4651e-04, 5.6785e-04, 8.3470e-06, 4.3914e-04, 1.7834e-04,
        4.7639e-04, 3.2778e-04, 7.1696e-04, 1.1352e-03, 4.2444e-04, 3.6306e-04,
        2.2947e-05, 1.5240e-06, 5.9850e-04, 7.3648e-04, 7.0417e-05, 1.8609e-05,
        3.2886e-04, 3.6263e-04, 7.1040e-04, 6.8945e-05, 1.4430e-04, 1.3049e-04,
        4.3664e-04, 1.2230e-03, 3.7879e-04, 2.4954e-04, 5.3082e-04, 4.8073e-04,
        6.3347e-04, 7.8977e-04, 8.1642e-04, 9.3507e-04, 2.2820e-04, 6.5445e-04,
        4.9526e-04, 8.0739e-05, 8.6719e-04, 4.9769e-04, 4.9729e-04, 5.3098e-04,
        4.4972e-04, 6.0379e-04, 1.9904e-04, 3.9788e-04, 5.1487e-04, 1.0582e-03,
        2.2514e-04, 5.9909e-04, 1.3523e-04, 2.6789e-05, 4.3113e-04],
       grad_fn=<CatBackward>)

mean_overall=tensor(0.0007, grad_fn=<MeanBackward0>)

-----------------------------------------------ITERATION420-----------------------------------------------

final_causality=[[1, 1, 1, 1, 1, 1, 1, 1, 1, 1, 1, 1, 1], [1, 1, 1, 1, 1, 1, 1, 1, 1, 1, 1, 1, 1, 1, 1, 1, 1, 1, 1, 1, 1, 1, 1, 1, 1, 1, 1, 1, 1, 1, 1, 1, 1, 1, 1, 1, 1, 1, 1, 1, 1, 1, 1, 1, 1, 1, 1, 1, 1, 1], [1, 1, 1, 1, 1, 1, 1, 1, 1, 1, 1, 1, 1, 1, 1, 1, 1, 1, 1, 1, 1, 1, 1, 1, 1, 1, 1, 1, 1, 1, 1, 1, 1, 1, 1, 1, 1, 1, 1, 1, 1, 1, 1, 1, 1, 1, 1, 1, 1, 1]]

means=tensor([1.5564e-03, 3.5806e-03, 3.4054e-03, 3.2872e-03, 2.8421e-03, 1.3985e-03,
        2.3942e-03, 1.4925e-03, 3.0336e-03, 2.4800e-03, 2.3373e-03, 1.5278e-03,
        2.9654e-03, 2.4047e-04, 6.8703e-04, 3.2483e-04, 4.0975e-04, 5.3352e-04,
        1.2780e-03, 1.3018e-04, 5.4830e-04, 6.4927e-04, 1.7092e-03, 8.2871e-04,
        3.8435e-04, 3.8154e-04, 1.3963e-04, 2.9804e-04, 6.0578e-04, 1.0225e-04,
        4.6167e-04, 6.4696e-04, 1.0228e-03, 1.1834e-03, 3.8527e-04, 9.5964e-04,
        1.2989e-03, 9.0861e-04, 1.7972e-04, 1.7682e-04, 5.2355e-05, 3.8450e-04,
        5.6683e-05, 5.8068e-04, 4.4429e-05, 6.6375e-04, 6.1921e-04, 7.0835e-04,
        2.3623e-04, 1.2406e-04, 1.0536e-03, 2.2138e-04, 6.1791e-05, 1.4228e-05,
        5.3525e-05, 1.3391e-03, 5.2424e-04, 1.1696e-03, 6.3738e-05, 1.7188e-03,
        4.4901e-04, 5.5832e-04, 5.8981e-04, 8.1418e-06, 4.5374e-04, 1.8631e-04,
        4.9352e-04, 3.3919e-04, 7.3684e-04, 1.1671e-03, 4.3812e-04, 3.7620e-04,
        2.4543e-05, 1.5570e-06, 6.1609e-04, 7.5556e-04, 7.4128e-05, 1.9748e-05,
        3.4377e-04, 3.7419e-04, 7.3116e-04, 7.1653e-05, 1.5033e-04, 1.3746e-04,
        4.5080e-04, 1.2567e-03, 3.9640e-04, 2.5891e-04, 5.4681e-04, 4.9740e-04,
        6.5695e-04, 8.1145e-04, 8.3838e-04, 9.6149e-04, 2.3631e-04, 6.7461e-04,
        5.0982e-04, 8.6080e-05, 8.9224e-04, 5.1222e-04, 5.1200e-04, 5.4693e-04,
        4.6300e-04, 6.2127e-04, 2.0948e-04, 4.1115e-04, 5.2967e-04, 1.0875e-03,
        2.3451e-04, 6.1870e-04, 1.4093e-04, 2.8818e-05, 4.4417e-04],
       grad_fn=<CatBackward>)

mean_overall=tensor(0.0007, grad_fn=<MeanBackward0>)

-----------------------------------------------ITERATION430-----------------------------------------------

final_causality=[[1, 1, 1, 1, 1, 1, 1, 1, 1, 1, 1, 1, 1], [1, 1, 1, 1, 1, 1, 1, 1, 1, 1, 1, 1, 1, 1, 1, 1, 1, 1, 1, 1, 1, 1, 1, 1, 1, 1, 1, 1, 1, 1, 1, 1, 1, 1, 1, 1, 1, 1, 1, 1, 1, 1, 1, 1, 1, 1, 1, 1, 1, 1], [1, 1, 1, 1, 1, 1, 1, 1, 1, 1, 1, 1, 1, 1, 1, 1, 1, 1, 1, 1, 1, 1, 1, 1, 1, 1, 1, 1, 1, 1, 1, 1, 1, 1, 1, 1, 1, 1, 1, 1, 1, 1, 1, 1, 1, 1, 1, 1, 1, 1]]

means=tensor([1.6113e-03, 3.7040e-03, 3.5016e-03, 3.3656e-03, 2.9026e-03, 1.4701e-03,
        2.4789e-03, 1.5162e-03, 3.0546e-03, 2.5153e-03, 2.4291e-03, 1.5843e-03,
        3.0835e-03, 2.4916e-04, 7.1075e-04, 3.3023e-04, 4.2069e-04, 5.5577e-04,
        1.3192e-03, 1.3714e-04, 5.7306e-04, 6.7312e-04, 1.7382e-03, 8.4872e-04,
        3.9576e-04, 3.9602e-04, 1.4931e-04, 3.0736e-04, 6.3263e-04, 1.0465e-04,
        4.6917e-04, 6.6399e-04, 1.0395e-03, 1.2191e-03, 3.9450e-04, 9.9444e-04,
        1.3223e-03, 9.2655e-04, 1.8129e-04, 1.8540e-04, 5.1612e-05, 3.9598e-04,
        5.8499e-05, 5.9746e-04, 4.4874e-05, 6.7898e-04, 6.4247e-04, 7.2284e-04,
        2.4164e-04, 1.2969e-04, 1.0831e-03, 2.3089e-04, 6.4618e-05, 1.3793e-05,
        5.6931e-05, 1.3645e-03, 5.3699e-04, 1.1961e-03, 6.5792e-05, 1.7592e-03,
        4.5518e-04, 5.6895e-04, 6.0931e-04, 7.9401e-06, 4.6738e-04, 1.9386e-04,
        5.0936e-04, 3.4977e-04, 7.5491e-04, 1.1968e-03, 4.5083e-04, 3.8828e-04,
        2.6087e-05, 1.5859e-06, 6.3240e-04, 7.7286e-04, 8.0876e-05, 2.0839e-05,
        3.5769e-04, 3.8494e-04, 7.5014e-04, 7.4304e-05, 1.5594e-04, 1.4396e-04,
        4.6400e-04, 1.2878e-03, 4.1274e-04, 2.6771e-04, 5.6167e-04, 5.1280e-04,
        6.7857e-04, 8.3113e-04, 8.5873e-04, 9.8578e-04, 2.4388e-04, 6.9322e-04,
        5.2340e-04, 9.1075e-05, 9.1532e-04, 5.2568e-04, 5.2541e-04, 5.6146e-04,
        4.7517e-04, 6.3746e-04, 2.1926e-04, 4.2347e-04, 5.4320e-04, 1.1145e-03,
        2.4321e-04, 6.3697e-04, 1.4625e-04, 3.0791e-05, 4.5625e-04],
       grad_fn=<CatBackward>)

mean_overall=tensor(0.0008, grad_fn=<MeanBackward0>)

-----------------------------------------------ITERATION440-----------------------------------------------

final_causality=[[1, 1, 1, 1, 1, 1, 1, 1, 1, 1, 1, 1, 1], [1, 1, 1, 1, 1, 1, 1, 1, 1, 1, 1, 1, 1, 1, 1, 1, 1, 1, 1, 1, 1, 1, 1, 1, 1, 1, 1, 1, 1, 1, 1, 1, 1, 1, 1, 1, 1, 1, 1, 1, 1, 1, 1, 1, 1, 1, 1, 1, 1, 1], [1, 1, 1, 1, 1, 1, 1, 1, 1, 1, 1, 1, 1, 1, 1, 1, 1, 1, 1, 1, 1, 1, 1, 1, 1, 1, 1, 1, 1, 1, 1, 1, 1, 1, 1, 1, 1, 1, 1, 1, 1, 1, 1, 1, 1, 1, 1, 1, 1, 1]]

means=tensor([1.6636e-03, 3.8219e-03, 3.5903e-03, 3.4341e-03, 2.9540e-03, 1.5409e-03,
        2.5586e-03, 1.5334e-03, 3.0612e-03, 2.5409e-03, 2.5183e-03, 1.6367e-03,
        3.1986e-03, 2.5691e-04, 7.3238e-04, 3.3500e-04, 4.3102e-04, 5.7660e-04,
        1.3561e-03, 1.4398e-04, 5.9595e-04, 6.9478e-04, 1.7645e-03, 8.6700e-04,
        4.0603e-04, 4.0922e-04, 1.5863e-04, 3.1599e-04, 6.5774e-04, 1.0693e-04,
        4.7580e-04, 6.7918e-04, 1.0537e-03, 1.2511e-03, 4.0272e-04, 1.0253e-03,
        1.3430e-03, 9.4244e-04, 1.8256e-04, 1.9344e-04, 5.0707e-05, 4.0667e-04,
        6.0209e-05, 6.1248e-04, 4.4984e-05, 6.9237e-04, 6.6384e-04, 7.3573e-04,
        2.4679e-04, 1.3513e-04, 1.1095e-03, 2.3956e-04, 6.7357e-05, 1.3522e-05,
        6.0164e-05, 1.3868e-03, 5.4919e-04, 1.2195e-03, 6.8208e-05, 1.7947e-03,
        4.6068e-04, 5.7844e-04, 6.2660e-04, 7.7431e-06, 4.8003e-04, 2.0096e-04,
        5.2389e-04, 3.5950e-04, 7.7263e-04, 1.2241e-03, 4.6254e-04, 3.9927e-04,
        2.7566e-05, 1.6108e-06, 6.4743e-04, 7.8837e-04, 8.7129e-05, 2.1874e-05,
        3.7059e-04, 3.9485e-04, 7.6734e-04, 7.6888e-05, 1.6112e-04, 1.4998e-04,
        4.7623e-04, 1.3163e-03, 4.2780e-04, 2.7590e-04, 5.7537e-04, 5.2693e-04,
        6.9832e-04, 8.4882e-04, 8.7744e-04, 1.0085e-03, 2.5090e-04, 7.1025e-04,
        5.3624e-04, 9.5718e-05, 9.3642e-04, 5.3809e-04, 5.3753e-04, 5.7457e-04,
        4.8619e-04, 6.5236e-04, 2.2838e-04, 4.3480e-04, 5.5547e-04, 1.1392e-03,
        2.5121e-04, 6.5385e-04, 1.5118e-04, 3.2689e-05, 4.6734e-04],
       grad_fn=<CatBackward>)

mean_overall=tensor(0.0008, grad_fn=<MeanBackward0>)

