loss_training=[0.5670217717547884, 0.2583940023185681, 0.09319028996666746, 0.036439514611484355, 0.030276715050846545, 0.03195091647377048, 0.030666431498109423, 0.029319722785093177, 0.028925470235601373, 0.028686752272430602, 0.028367530959668673, 0.028057695067249925, 0.027756503153666148, 0.027445478410350884, 0.027127367200627073, 0.026803339347288707, 0.026472736443772307, 0.026135915971875368, 0.025793163219889923, 0.025444655774155653, 0.02509060943121574, 0.024731233640868863, 0.024366751113119568, 0.02399740995570093, 0.023623486860186903, 0.02324529423020831, 0.022863186453551627, 0.02247756549824956, 0.02208888529598242, 0.021697654822704075, 0.021304440134926893, 0.02090986528448578, 0.02051461193775234, 0.020119417567968513, 0.019725072171778636, 0.019332413489264053, 0.01894232070876361, 0.01855570666335827, 0.018173508574527195, 0.017796677450783328, 0.017426166298367966, 0.017062917351738746, 0.016707848584567996, 0.01636183981260066, 0.016025718743172105]

test_loss_training=[0.5876323726762671, 0.2777177436344177, 0.11167531817145003, 0.05251234881884759, 0.043008758044906184, 0.043037088706600016, 0.042524802961450184, 0.04273039244173029, 0.04328553200298682, 0.043233534144463376, 0.04273832421971418, 0.0422478713750014, 0.04190575077031086, 0.041662038940385906, 0.0414319952663515, 0.0411681859220695, 0.04087323080112994, 0.040568760160778525, 0.04026676842510414, 0.039965970584237204, 0.03966119359407289, 0.03935033912811673, 0.03903453192242391, 0.038715343523493415, 0.0383933178415419, 0.03806837356340492, 0.037740582577078415, 0.03741035992516064, 0.0370782400960972, 0.03674471527075253, 0.03641026299178855, 0.03607541982359637, 0.035740795208176836, 0.035407045587177575, 0.035074858020607544, 0.03474495087190669, 0.034418074171354035, 0.03409500179695267, 0.03377652036453885, 0.03346341923024248, 0.03315648082763521, 0.032856469658235604, 0.032564120188587765, 0.032280124679912856, 0.032005121386025535]

loss_control_training_MSE=[0.529546913925903, 0.23568868621989472, 0.08352101872479817, 0.0344963429577497, 0.030495421581595194, 0.03193247384757808, 0.030486750615265734, 0.02924918718917973, 0.028904801317042685, 0.02865691896440197, 0.028335361224690193, 0.028027727051874205, 0.027725870626788395, 0.02741391978332726, 0.027095249571286062, 0.026770573503671038, 0.026439326810581133, 0.02610190509727763, 0.025758567956752926, 0.02540949688097657, 0.025054908197208618, 0.0246950112959259, 0.024330031317170927, 0.023960218980955964, 0.023585854227346905, 0.023207253391471228, 0.022824775380340175, 0.022438827185786207, 0.02204986812320027, 0.02165841280219302, 0.02126503305763892, 0.02087035874277726, 0.020475077210181016, 0.02007993135771326, 0.019685716196346986, 0.019293273919351445, 0.018903487455282423, 0.01851727251579893, 0.01813556819913817, 0.017759326262079086, 0.017389499222402138, 0.01702702750482306, 0.016672825896381173, 0.016327769627360184, 0.015992680436370012]

variances=[6.872174471344113e-09, 7.1014611314305165e-09, 7.93368895148623e-09, 9.25558144718611e-09, 1.0306909738569492e-08, 1.0672530159333678e-08, 1.0617621146418322e-08, 1.0662260827357427e-08, 1.100277233754146e-08, 1.155908977655417e-08, 1.2322375962634821e-08, 1.32852409529007e-08, 1.423365468485391e-08, 1.53630507878354e-08, 1.673200687136391e-08, 1.8352681441740136e-08, 2.0267483593774375e-08, 2.2468161542105925e-08, 2.4755441761031837e-08, 2.7292994917279067e-08, 3.01696481971543e-08, 3.3409149122351483e-08, 3.70385798993879e-08, 4.108154247092056e-08, 4.554550926719057e-08, 5.043493217957516e-08, 5.579422608514352e-08, 6.167129863781402e-08, 6.809667481823897e-08, 7.507629105890775e-08, 8.246217051594552e-08, 9.044581807114648e-08, 9.906149323454712e-08, 1.083432812481931e-07, 1.1829086731325132e-07, 1.2893700513400692e-07, 1.4031777414230405e-07, 1.5244574222688085e-07, 1.653445667398336e-07, 1.7901879332538073e-07, 1.9346633598582672e-07, 2.0868212389024405e-07, 2.2464724121848253e-07, 2.413474067639574e-07, 2.5873717051351103e-07]

ACE_values=[0.00010198840188291756, 0.00010173511224966364, 0.000106423531026898, 0.00011107494881368062, 0.00011391047930507573, 0.00011487944924687066, 0.0001150050753202347, 0.00011516281095757791, 0.00011580758891668064, 0.00011736482351958913, 0.00011946765027567593, 0.00012179357987470119, 0.00012505595084152525, 0.00012863780877876154, 0.00013268260209358442, 0.00013718648564519422, 0.00014200225608031178, 0.00014724427642271034, 0.0001535054545374698, 0.000160288189738097, 0.00016737973050071788, 0.00017478361539464418, 0.00018249738938520181, 0.00019054168572082901, 0.00019896369068514073, 0.00020782565981777585, 0.0002170570384021412, 0.0002266028826871083, 0.0002364907386877218, 0.0002467807945991864, 0.0002578251148466687, 0.0002692829738592597, 0.00028110139029689356, 0.0002932414377307618, 0.0003057877133526049, 0.00031866028714848654, 0.0003318171185356368, 0.00034525359368632786, 0.0003589598161616647, 0.00037290353577604804, 0.00038705609287226266, 0.00040139463871174757, 0.0004159193624957803, 0.00043058679120656267, 0.00044539426420116404]

------------------------------CONTROL NEURAL NET-------------------------------

loss_test_control=tensor(0.0318, grad_fn=<MseLossBackward>)

