-----------------------------------------------ITERATION0-----------------------------------------------

final_causality=[[1, 1, 1, 1, 1, 1, 1, 1, 1, 1, 1, 1, 1], [1, 1, 1, 1, 1, 1, 1, 1, 1, 1, 1, 1, 1, 1, 1, 1, 1, 1, 1, 1, 1, 1, 1, 1, 1, 1, 1, 1, 1, 1, 1, 1, 1, 1, 1, 1, 1, 1, 1, 1, 1, 1, 1, 1, 1, 1, 1, 1, 1, 1], [1, 1, 1, 1, 1, 1, 1, 1, 1, 1, 1, 1, 1, 1, 1, 1, 1, 1, 1, 1, 1, 1, 1, 1, 1, 1, 1, 1, 1, 1, 1, 1, 1, 1, 1, 1, 1, 1, 1, 1, 1, 1, 1, 1, 1, 1, 1, 1, 1, 1]]

means=tensor([6.0306e-05, 0.0000e+00, 0.0000e+00, 0.0000e+00, 3.4784e-05, 9.7869e-05,
        8.2560e-05, 1.6201e-05, 0.0000e+00, 0.0000e+00, 0.0000e+00, 8.1016e-05,
        1.1215e-04, 6.0696e-05, 9.0426e-05, 7.1787e-06, 4.7601e-05, 2.5846e-05,
        8.1751e-05, 6.8481e-05, 5.1459e-06, 8.7794e-05, 3.1649e-05, 6.8048e-05,
        5.6641e-06, 1.8324e-05, 6.9166e-06, 2.0164e-05, 5.0427e-05, 2.7798e-05,
        8.2675e-06, 1.1622e-05, 2.1397e-05, 4.3636e-05, 1.6400e-05, 8.3348e-05,
        1.8817e-05, 9.7858e-06, 2.1861e-05, 4.0417e-05, 5.3782e-06, 1.9864e-05,
        1.1902e-05, 7.4648e-06, 2.3144e-06, 7.3241e-06, 3.0281e-05, 5.4920e-06,
        6.2629e-05, 7.4943e-05, 4.8352e-06, 4.3135e-05, 1.1304e-05, 2.1173e-05,
        8.5326e-06, 2.3966e-06, 2.2312e-05, 7.5526e-06, 1.7636e-05, 1.8970e-05,
        2.6268e-05, 3.8287e-06, 2.6956e-05, 4.3269e-05, 4.0547e-06, 7.4739e-05,
        6.9255e-05, 4.3073e-05, 8.5991e-06, 3.0855e-05, 3.8906e-05, 6.2342e-05,
        1.2692e-05, 1.9327e-05, 5.2708e-05, 1.3924e-05, 3.0673e-06, 1.0159e-05,
        2.4146e-05, 7.4376e-05, 3.2125e-05, 3.6784e-05, 1.1574e-05, 1.7142e-05,
        3.0185e-05, 5.5206e-05, 4.5875e-05, 7.7565e-06, 2.3077e-05, 3.0563e-06,
        7.5505e-05, 8.0901e-06, 8.3117e-05, 5.0354e-05, 1.2708e-05, 4.6483e-05,
        7.6882e-06, 3.2397e-05, 9.8955e-05, 5.5538e-05, 5.2426e-05, 4.8273e-05,
        2.1856e-05, 1.9299e-07, 5.9447e-06, 1.6825e-05, 2.6555e-05, 1.8648e-05,
        1.8354e-05, 4.7691e-05, 9.6891e-06, 8.0249e-06, 4.8948e-05],
       grad_fn=<CatBackward>)

mean_overall=tensor(3.1410e-05, grad_fn=<MeanBackward0>)

-----------------------------------------------ITERATION10-----------------------------------------------

final_causality=[[1, 1, 1, 1, 1, 1, 1, 1, 1, 1, 1, 1, 1], [1, 1, 1, 1, 1, 1, 1, 1, 1, 1, 1, 1, 1, 1, 1, 1, 1, 1, 1, 1, 1, 1, 1, 1, 1, 1, 1, 1, 1, 1, 1, 1, 1, 1, 1, 1, 1, 1, 1, 1, 1, 1, 1, 1, 1, 1, 1, 1, 1, 1], [1, 1, 1, 1, 1, 1, 1, 1, 1, 1, 1, 1, 1, 1, 1, 1, 1, 1, 1, 1, 1, 1, 1, 1, 1, 1, 1, 1, 1, 1, 1, 1, 1, 1, 1, 1, 1, 1, 1, 1, 1, 1, 1, 1, 1, 1, 1, 1, 1, 1]]

means=tensor([7.2033e-05, 0.0000e+00, 0.0000e+00, 0.0000e+00, 2.3819e-05, 9.2640e-05,
        8.8035e-05, 9.0809e-06, 0.0000e+00, 0.0000e+00, 0.0000e+00, 9.5514e-05,
        7.8079e-05, 4.9655e-05, 7.1937e-05, 1.8273e-05, 5.6992e-05, 3.7593e-05,
        6.4504e-05, 7.8751e-05, 2.2130e-05, 9.1759e-05, 3.9642e-05, 7.3743e-05,
        9.7365e-06, 5.6626e-06, 3.5011e-06, 3.1470e-05, 2.9717e-05, 3.2973e-05,
        1.4756e-05, 1.7839e-05, 1.4003e-05, 5.4016e-05, 3.4021e-05, 6.8392e-05,
        3.8661e-06, 1.5305e-05, 1.7845e-05, 4.8417e-05, 2.5089e-06, 2.6794e-05,
        1.6250e-05, 2.0397e-07, 1.1311e-05, 8.4926e-07, 3.6346e-05, 1.1845e-05,
        7.6124e-05, 8.9512e-05, 2.5506e-06, 2.8860e-05, 4.7908e-07, 2.5910e-05,
        2.6996e-07, 9.6563e-06, 3.1093e-05, 2.3234e-05, 2.3790e-05, 2.4280e-05,
        3.6969e-05, 8.6967e-06, 2.0909e-05, 4.5325e-05, 3.0358e-06, 7.6274e-05,
        6.8936e-05, 3.9938e-05, 9.0692e-06, 2.9501e-05, 4.1769e-05, 6.0040e-05,
        1.0880e-05, 1.8626e-05, 5.2279e-05, 1.6327e-05, 2.1488e-06, 8.5203e-06,
        2.2506e-05, 7.6763e-05, 3.2463e-05, 3.7107e-05, 1.0862e-05, 1.4603e-05,
        2.7731e-05, 5.0441e-05, 4.7566e-05, 6.0166e-06, 2.4315e-05, 4.4770e-07,
        7.3687e-05, 6.5009e-06, 7.8428e-05, 5.2996e-05, 1.1994e-05, 4.3791e-05,
        5.7077e-06, 3.2819e-05, 1.0112e-04, 5.1533e-05, 5.1752e-05, 4.6213e-05,
        2.1897e-05, 1.2782e-06, 8.3556e-06, 1.4344e-05, 2.5200e-05, 1.9479e-05,
        1.6830e-05, 4.8239e-05, 8.9978e-06, 6.9474e-06, 4.7780e-05],
       grad_fn=<CatBackward>)

mean_overall=tensor(3.1713e-05, grad_fn=<MeanBackward0>)

-----------------------------------------------ITERATION20-----------------------------------------------

final_causality=[[1, 1, 1, 1, 1, 1, 1, 1, 1, 1, 1, 1, 1], [1, 1, 1, 1, 1, 1, 1, 1, 1, 1, 1, 1, 1, 1, 1, 1, 1, 1, 1, 1, 1, 1, 1, 1, 1, 1, 1, 1, 1, 1, 1, 1, 1, 1, 1, 1, 1, 1, 1, 1, 1, 1, 1, 1, 1, 1, 1, 1, 1, 1], [1, 1, 1, 1, 1, 1, 1, 1, 1, 1, 1, 1, 1, 1, 1, 1, 1, 1, 1, 1, 1, 1, 1, 1, 1, 1, 1, 1, 1, 1, 1, 1, 1, 1, 1, 1, 1, 1, 1, 1, 1, 1, 1, 1, 1, 1, 1, 1, 1, 1]]

means=tensor([6.7558e-05, 0.0000e+00, 0.0000e+00, 0.0000e+00, 2.1727e-05, 9.6142e-05,
        8.5180e-05, 1.2446e-05, 0.0000e+00, 0.0000e+00, 0.0000e+00, 1.1861e-04,
        7.5256e-05, 5.2777e-05, 7.2739e-05, 1.5432e-05, 5.3884e-05, 3.4893e-05,
        6.6089e-05, 7.8096e-05, 2.0359e-05, 9.2442e-05, 3.8543e-05, 7.1070e-05,
        9.0732e-06, 2.7722e-06, 2.3828e-06, 3.0062e-05, 3.1342e-05, 3.1687e-05,
        1.3278e-05, 1.7345e-05, 1.4802e-05, 5.3159e-05, 2.9300e-05, 7.2403e-05,
        6.4774e-06, 1.4048e-05, 1.8430e-05, 4.7550e-05, 2.9893e-06, 2.5065e-05,
        1.5018e-05, 1.2824e-06, 8.9765e-06, 4.8118e-07, 3.4306e-05, 1.0679e-05,
        7.2485e-05, 8.8159e-05, 9.8035e-07, 3.1874e-05, 2.1582e-06, 2.5427e-05,
        1.6432e-06, 7.1865e-06, 2.8519e-05, 1.9816e-05, 2.2145e-05, 2.3968e-05,
        3.4485e-05, 7.4897e-06, 2.2332e-05, 4.6019e-05, 3.1892e-06, 7.8259e-05,
        7.0564e-05, 3.9553e-05, 8.6401e-06, 2.9935e-05, 4.1234e-05, 6.0546e-05,
        1.1288e-05, 1.9204e-05, 5.3429e-05, 1.6045e-05, 2.2984e-06, 8.4675e-06,
        2.3246e-05, 7.6179e-05, 3.1408e-05, 3.5753e-05, 1.1299e-05, 1.5412e-05,
        2.7232e-05, 4.9327e-05, 4.5813e-05, 6.2887e-06, 2.3386e-05, 8.2686e-07,
        7.4695e-05, 6.8648e-06, 7.7856e-05, 5.3293e-05, 1.2402e-05, 4.3430e-05,
        5.8043e-06, 3.0992e-05, 9.9786e-05, 5.1241e-05, 5.3247e-05, 4.6651e-05,
        2.2628e-05, 1.0194e-06, 8.0085e-06, 1.4408e-05, 2.5706e-05, 1.9007e-05,
        1.7236e-05, 4.8789e-05, 9.2632e-06, 7.1198e-06, 4.9124e-05],
       grad_fn=<CatBackward>)

mean_overall=tensor(3.1577e-05, grad_fn=<MeanBackward0>)

-----------------------------------------------ITERATION30-----------------------------------------------

final_causality=[[1, 1, 1, 1, 1, 1, 1, 1, 1, 1, 1, 1, 1], [1, 1, 1, 1, 1, 1, 1, 1, 1, 1, 1, 1, 1, 1, 1, 1, 1, 1, 1, 1, 1, 1, 1, 1, 1, 1, 1, 1, 1, 1, 1, 1, 1, 1, 1, 1, 1, 1, 1, 1, 1, 1, 1, 1, 1, 1, 1, 1, 1, 1], [1, 1, 1, 1, 1, 1, 1, 1, 1, 1, 1, 1, 1, 1, 1, 1, 1, 1, 1, 1, 1, 1, 1, 1, 1, 1, 1, 1, 1, 1, 1, 1, 1, 1, 1, 1, 1, 1, 1, 1, 1, 1, 1, 1, 1, 1, 1, 1, 1, 1]]

means=tensor([6.2039e-05, 0.0000e+00, 0.0000e+00, 0.0000e+00, 1.8522e-05, 9.9517e-05,
        8.0964e-05, 1.5925e-05, 0.0000e+00, 0.0000e+00, 0.0000e+00, 1.4245e-04,
        7.0909e-05, 5.6559e-05, 7.3586e-05, 1.2296e-05, 5.0435e-05, 3.1919e-05,
        6.7860e-05, 7.7353e-05, 1.8409e-05, 9.3236e-05, 3.7315e-05, 6.8054e-05,
        8.3022e-06, 8.9459e-07, 1.0151e-06, 2.8337e-05, 3.3208e-05, 3.0263e-05,
        1.1688e-05, 1.6753e-05, 1.5692e-05, 5.2146e-05, 2.4028e-05, 7.7277e-05,
        9.5498e-06, 1.2732e-05, 1.9424e-05, 4.6532e-05, 3.6076e-06, 2.3069e-05,
        1.3911e-05, 2.9728e-06, 6.3508e-06, 1.8703e-06, 3.2039e-05, 9.3921e-06,
        6.8325e-05, 8.6542e-05, 1.0369e-06, 3.5516e-05, 4.1843e-06, 2.4820e-05,
        3.2769e-06, 4.3542e-06, 2.5669e-05, 1.5920e-05, 2.0327e-05, 2.3566e-05,
        3.1721e-05, 6.1631e-06, 2.4116e-05, 4.6735e-05, 3.3721e-06, 7.9924e-05,
        7.2511e-05, 3.9168e-05, 8.1644e-06, 3.0410e-05, 4.0603e-05, 6.1099e-05,
        1.1773e-05, 1.9839e-05, 5.4518e-05, 1.5733e-05, 2.4995e-06, 8.4372e-06,
        2.4037e-05, 7.5514e-05, 3.0317e-05, 3.4240e-05, 1.1821e-05, 1.6365e-05,
        2.6746e-05, 4.8043e-05, 4.3820e-05, 6.8005e-06, 2.2391e-05, 1.2879e-06,
        7.5484e-05, 7.2789e-06, 7.7227e-05, 5.3597e-05, 1.2836e-05, 4.3037e-05,
        5.9380e-06, 2.9374e-05, 9.8370e-05, 5.0975e-05, 5.4542e-05, 4.7428e-05,
        2.3443e-05, 7.0578e-07, 7.6010e-06, 1.4504e-05, 2.6290e-05, 1.8548e-05,
        1.7724e-05, 4.9306e-05, 9.5867e-06, 7.3554e-06, 5.0628e-05],
       grad_fn=<CatBackward>)

mean_overall=tensor(3.1433e-05, grad_fn=<MeanBackward0>)

-----------------------------------------------ITERATION40-----------------------------------------------

final_causality=[[1, 1, 1, 1, 1, 1, 1, 1, 1, 1, 1, 1, 1], [1, 1, 1, 1, 1, 1, 1, 1, 1, 1, 1, 1, 1, 1, 1, 1, 1, 1, 1, 1, 1, 1, 1, 1, 1, 1, 1, 1, 1, 1, 1, 1, 1, 1, 1, 1, 1, 1, 1, 1, 1, 1, 1, 1, 1, 1, 1, 1, 1, 1], [1, 1, 1, 1, 1, 1, 1, 1, 1, 1, 1, 1, 1, 1, 1, 1, 1, 1, 1, 1, 1, 1, 1, 1, 1, 1, 1, 1, 1, 1, 1, 1, 1, 1, 1, 1, 1, 1, 1, 1, 1, 1, 1, 1, 1, 1, 1, 1, 1, 1]]

means=tensor([6.0907e-05, 0.0000e+00, 0.0000e+00, 0.0000e+00, 1.0737e-05, 1.0112e-04,
        7.8495e-05, 1.7043e-05, 0.0000e+00, 0.0000e+00, 0.0000e+00, 1.7429e-04,
        5.2692e-05, 5.6036e-05, 6.7469e-05, 1.3431e-05, 5.0577e-05, 3.3531e-05,
        6.2999e-05, 8.0768e-05, 2.3391e-05, 9.5990e-05, 3.9314e-05, 6.7148e-05,
        9.1509e-06, 4.9720e-06, 3.4297e-06, 3.1082e-05, 2.7385e-05, 3.0821e-05,
        1.2626e-05, 1.8678e-05, 1.3816e-05, 5.5343e-05, 2.5514e-05, 7.6574e-05,
        6.8034e-06, 1.3737e-05, 1.8813e-05, 4.8737e-05, 3.1446e-06, 2.3718e-05,
        1.4464e-05, 1.7171e-06, 7.1507e-06, 1.5446e-07, 3.2027e-05, 1.0691e-05,
        6.9292e-05, 9.0708e-05, 1.5176e-07, 3.3667e-05, 2.0650e-06, 2.6127e-05,
        1.6118e-06, 5.8617e-06, 2.6177e-05, 1.8048e-05, 2.0839e-05, 2.5425e-05,
        3.3078e-05, 6.5685e-06, 2.3576e-05, 4.8345e-05, 3.1686e-06, 8.1814e-05,
        7.4666e-05, 3.7473e-05, 8.0331e-06, 3.0352e-05, 4.1156e-05, 6.0761e-05,
        1.1554e-05, 2.0254e-05, 5.5424e-05, 1.6483e-05, 2.3781e-06, 7.7912e-06,
        2.4209e-05, 7.5528e-05, 2.9249e-05, 3.2656e-05, 1.2097e-05, 1.6276e-05,
        2.5390e-05, 4.4822e-05, 4.2268e-05, 6.7202e-06, 2.1793e-05, 8.2160e-07,
        7.4977e-05, 7.0609e-06, 7.4573e-05, 5.5105e-05, 1.2955e-05, 4.1597e-05,
        5.3747e-06, 2.8186e-05, 9.7678e-05, 4.9190e-05, 5.5050e-05, 4.8029e-05,
        2.4339e-05, 9.5448e-07, 8.2260e-06, 1.3671e-05, 2.6311e-05, 1.8410e-05,
        1.7637e-05, 4.9987e-05, 9.6892e-06, 7.1725e-06, 5.1827e-05],
       grad_fn=<CatBackward>)

mean_overall=tensor(3.1586e-05, grad_fn=<MeanBackward0>)

-----------------------------------------------ITERATION50-----------------------------------------------

final_causality=[[1, 1, 1, 1, 1, 1, 1, 1, 1, 1, 1, 1, 1], [1, 1, 1, 1, 1, 1, 1, 1, 1, 1, 1, 1, 1, 1, 1, 1, 1, 1, 1, 1, 1, 1, 1, 1, 1, 1, 1, 1, 1, 1, 1, 1, 1, 1, 1, 1, 1, 1, 1, 1, 1, 1, 1, 1, 1, 1, 1, 1, 1, 1], [1, 1, 1, 1, 1, 1, 1, 1, 1, 1, 1, 1, 1, 1, 1, 1, 1, 1, 1, 1, 1, 1, 1, 1, 1, 1, 1, 1, 1, 1, 1, 1, 1, 1, 1, 1, 1, 1, 1, 1, 1, 1, 1, 1, 1, 1, 1, 1, 1, 1]]

means=tensor([5.6687e-05, 0.0000e+00, 0.0000e+00, 0.0000e+00, 4.2772e-06, 1.0412e-04,
        7.4181e-05, 1.9823e-05, 0.0000e+00, 0.0000e+00, 0.0000e+00, 2.0609e-04,
        4.0148e-05, 5.8421e-05, 6.4915e-05, 1.2055e-05, 4.8495e-05, 3.2493e-05,
        6.1676e-05, 8.2172e-05, 2.4935e-05, 9.8026e-05, 3.9634e-05, 6.4780e-05,
        9.1361e-06, 5.7060e-06, 3.8182e-06, 3.1414e-05, 2.5649e-05, 3.0213e-05,
        1.2126e-05, 1.9355e-05, 1.3453e-05, 5.6424e-05, 2.2962e-05, 7.9610e-05,
        7.4206e-06, 1.3621e-05, 1.9205e-05, 4.9277e-05, 3.3374e-06, 2.2872e-05,
        1.4048e-05, 2.2001e-06, 5.9220e-06, 1.6274e-07, 3.0602e-05, 1.0561e-05,
        6.7125e-05, 9.1907e-05, 9.8314e-07, 3.5233e-05, 2.3157e-06, 2.6426e-05,
        1.8283e-06, 4.8487e-06, 2.4665e-05, 1.6639e-05, 1.9959e-05, 2.6144e-05,
        3.2075e-05, 5.9554e-06, 2.4794e-05, 4.9661e-05, 3.2708e-06, 8.4211e-05,
        7.7230e-05, 3.6572e-05, 7.9599e-06, 3.0635e-05, 4.1060e-05, 6.1000e-05,
        1.1774e-05, 2.0923e-05, 5.6578e-05, 1.6705e-05, 2.4608e-06, 7.4592e-06,
        2.4799e-05, 7.5039e-05, 2.7982e-05, 3.0827e-05, 1.2591e-05, 1.6870e-05,
        2.4870e-05, 4.2328e-05, 4.0211e-05, 7.0494e-06, 2.0898e-05, 8.8597e-07,
        7.5018e-05, 7.2498e-06, 7.2827e-05, 5.6212e-05, 1.3350e-05, 4.0658e-05,
        5.1894e-06, 2.6664e-05, 9.6507e-05, 4.8185e-05, 5.6028e-05, 4.9100e-05,
        2.5317e-05, 8.9299e-07, 8.3015e-06, 1.3321e-05, 2.6708e-05, 1.8095e-05,
        1.7919e-05, 5.0662e-05, 9.9822e-06, 7.2190e-06, 5.3406e-05],
       grad_fn=<CatBackward>)

mean_overall=tensor(3.1625e-05, grad_fn=<MeanBackward0>)

-----------------------------------------------ITERATION60-----------------------------------------------

final_causality=[[1, 1, 1, 1, 1, 1, 1, 1, 1, 1, 1, 1, 1], [1, 1, 1, 1, 1, 1, 1, 1, 1, 1, 1, 1, 1, 1, 1, 1, 1, 1, 1, 1, 1, 1, 1, 1, 1, 1, 1, 1, 1, 1, 1, 1, 1, 1, 1, 1, 1, 1, 1, 1, 1, 1, 1, 1, 1, 1, 1, 1, 1, 1], [1, 1, 1, 1, 1, 1, 1, 1, 1, 1, 1, 1, 1, 1, 1, 1, 1, 1, 1, 1, 1, 1, 1, 1, 1, 1, 1, 1, 1, 1, 1, 1, 1, 1, 1, 1, 1, 1, 1, 1, 1, 1, 1, 1, 1, 1, 1, 1, 1, 1]]

means=tensor([5.2344e-05, 0.0000e+00, 0.0000e+00, 0.0000e+00, 3.0587e-06, 1.0733e-04,
        6.9542e-05, 2.2691e-05, 0.0000e+00, 0.0000e+00, 0.0000e+00, 2.4033e-04,
        2.6155e-05, 6.0938e-05, 6.1975e-05, 1.0781e-05, 4.6454e-05, 3.1581e-05,
        6.0052e-05, 8.3888e-05, 2.7014e-05, 1.0032e-04, 4.0136e-05, 6.2370e-05,
        9.3220e-06, 6.8591e-06, 4.4053e-06, 3.1956e-05, 2.3562e-05, 2.9650e-05,
        1.1704e-05, 2.0222e-05, 1.2988e-05, 5.7788e-05, 2.0537e-05, 8.2787e-05,
        7.8902e-06, 1.3583e-05, 1.9577e-05, 5.0002e-05, 3.5195e-06, 2.2071e-05,
        1.3675e-05, 2.6280e-06, 4.7756e-06, 5.8300e-08, 2.9198e-05, 1.0567e-05,
        6.5032e-05, 9.3654e-05, 1.7960e-06, 3.6785e-05, 2.4508e-06, 2.6827e-05,
        1.9487e-06, 3.9631e-06, 2.3216e-05, 1.5366e-05, 1.9129e-05, 2.7002e-05,
        3.1194e-05, 5.4650e-06, 2.6095e-05, 5.1137e-05, 3.4110e-06, 8.6791e-05,
        8.0101e-05, 3.5595e-05, 7.9781e-06, 3.0931e-05, 4.1031e-05, 6.1284e-05,
        1.1995e-05, 2.1700e-05, 5.7802e-05, 1.6999e-05, 2.5464e-06, 7.0986e-06,
        2.5397e-05, 7.4516e-05, 2.7020e-05, 2.8862e-05, 1.3112e-05, 1.7480e-05,
        2.4314e-05, 3.9642e-05, 3.8112e-05, 7.3843e-06, 2.0001e-05, 9.2524e-07,
        7.4962e-05, 7.4326e-06, 7.0934e-05, 5.7567e-05, 1.3775e-05, 3.9668e-05,
        4.9803e-06, 2.5070e-05, 9.5362e-05, 4.7119e-05, 5.7474e-05, 5.0283e-05,
        2.6355e-05, 8.4678e-07, 8.4246e-06, 1.2951e-05, 2.7129e-05, 1.7796e-05,
        1.8199e-05, 5.1393e-05, 1.0302e-05, 7.2533e-06, 5.5057e-05],
       grad_fn=<CatBackward>)

mean_overall=tensor(3.1767e-05, grad_fn=<MeanBackward0>)

-----------------------------------------------ITERATION70-----------------------------------------------

final_causality=[[1, 1, 1, 1, 1, 1, 1, 1, 1, 1, 1, 1, 1], [1, 1, 1, 1, 1, 1, 1, 1, 1, 1, 1, 1, 1, 1, 1, 1, 1, 1, 1, 1, 1, 1, 1, 1, 1, 1, 1, 1, 1, 1, 1, 1, 1, 1, 1, 1, 1, 1, 1, 1, 1, 1, 1, 1, 1, 1, 1, 1, 1, 1], [1, 1, 1, 1, 1, 1, 1, 1, 1, 1, 1, 1, 1, 1, 1, 1, 1, 1, 1, 1, 1, 1, 1, 1, 1, 1, 1, 1, 1, 1, 1, 1, 1, 1, 1, 1, 1, 1, 1, 1, 1, 1, 1, 1, 1, 1, 1, 1, 1, 1]]

means=tensor([4.8579e-05, 2.7756e-17, 2.7756e-17, 2.7756e-17, 1.1715e-05, 1.1052e-04,
        6.4912e-05, 2.5350e-05, 2.7756e-17, 2.7756e-17, 2.7756e-17, 2.7838e-04,
        8.6433e-06, 6.2822e-05, 5.7712e-05, 1.0266e-05, 4.5007e-05, 3.1484e-05,
        5.7188e-05, 8.6554e-05, 3.0760e-05, 1.0314e-04, 4.1321e-05, 6.0264e-05,
        9.8779e-06, 9.8199e-06, 5.8007e-06, 3.3468e-05, 2.0058e-05, 2.9430e-05,
        1.1733e-05, 2.1697e-05, 1.2040e-05, 6.0100e-05, 1.9279e-05, 8.5098e-05,
        7.2886e-06, 1.3943e-05, 1.9653e-05, 5.1413e-05, 3.5060e-06, 2.1736e-05,
        1.3825e-05, 2.5304e-06, 4.2287e-06, 7.4961e-07, 2.8145e-05, 1.1358e-05,
        6.3814e-05, 9.6734e-05, 2.1354e-06, 3.7405e-05, 1.8303e-06, 2.7642e-05,
        1.4656e-06, 3.8315e-06, 2.2339e-05, 1.5170e-05, 1.8689e-05, 2.8387e-05,
        3.1062e-05, 5.2781e-06, 2.7048e-05, 5.2936e-05, 3.4930e-06, 8.9638e-05,
        8.3299e-05, 3.4364e-05, 8.0450e-06, 3.1179e-05, 4.1283e-05, 6.1520e-05,
        1.2106e-05, 2.2584e-05, 5.9081e-05, 1.7550e-05, 2.5996e-06, 6.6306e-06,
        2.5911e-05, 7.4062e-05, 2.6311e-05, 2.6722e-05, 1.3612e-05, 1.7924e-05,
        2.3576e-05, 3.6558e-05, 3.6350e-05, 7.6046e-06, 1.9134e-05, 7.9654e-07,
        7.4637e-05, 7.5020e-06, 6.8622e-05, 5.9475e-05, 1.4174e-05, 3.8478e-05,
        4.6582e-06, 2.3429e-05, 9.4312e-05, 4.5769e-05, 5.8940e-05, 5.2388e-05,
        2.7469e-05, 9.0690e-07, 8.7704e-06, 1.2482e-05, 2.7495e-05, 1.7550e-05,
        1.8386e-05, 5.2206e-05, 1.0611e-05, 7.2137e-06, 5.6714e-05],
       grad_fn=<CatBackward>)

mean_overall=tensor(3.2135e-05, grad_fn=<MeanBackward0>)

-----------------------------------------------ITERATION80-----------------------------------------------

final_causality=[[1, 1, 1, 1, 1, 1, 1, 1, 1, 1, 1, 1, 1], [1, 1, 1, 1, 1, 1, 1, 1, 1, 1, 1, 1, 1, 1, 1, 1, 1, 1, 1, 1, 1, 1, 1, 1, 1, 1, 1, 1, 1, 1, 1, 1, 1, 1, 1, 1, 1, 1, 1, 1, 1, 1, 1, 1, 1, 1, 1, 1, 1, 1], [1, 1, 1, 1, 1, 1, 1, 1, 1, 1, 1, 1, 1, 1, 1, 1, 1, 1, 1, 1, 1, 1, 1, 1, 1, 1, 1, 1, 1, 1, 1, 1, 1, 1, 1, 1, 1, 1, 1, 1, 1, 1, 1, 1, 1, 1, 1, 1, 1, 1]]

means=tensor([4.3878e-05, 0.0000e+00, 0.0000e+00, 0.0000e+00, 2.0113e-05, 1.1430e-04,
        5.9649e-05, 2.8535e-05, 0.0000e+00, 0.0000e+00, 0.0000e+00, 3.1719e-04,
        1.2855e-05, 6.5799e-05, 5.4434e-05, 9.0845e-06, 4.2937e-05, 3.0625e-05,
        5.5335e-05, 8.8726e-05, 3.3696e-05, 1.0585e-04, 4.2100e-05, 5.7741e-05,
        1.0155e-05, 1.1483e-05, 6.6795e-06, 3.4369e-05, 1.7695e-05, 2.8874e-05,
        1.1355e-05, 2.2875e-05, 1.1532e-05, 6.2141e-05, 1.6853e-05, 8.8790e-05,
        7.7155e-06, 1.4052e-05, 2.0056e-05, 5.2557e-05, 3.7137e-06, 2.0930e-05,
        1.3933e-05, 2.9737e-06, 3.1112e-06, 9.5773e-07, 2.6706e-05, 1.1729e-05,
        6.1694e-05, 9.9028e-05, 3.0451e-06, 3.9164e-05, 1.9173e-06, 2.8179e-05,
        1.5451e-06, 3.0445e-06, 2.0903e-05, 1.3927e-05, 1.7868e-05, 2.9436e-05,
        3.0226e-05, 4.8312e-06, 2.8550e-05, 5.4713e-05, 3.6399e-06, 9.2633e-05,
        8.6809e-05, 3.3315e-05, 8.0708e-06, 3.1546e-05, 4.1357e-05, 6.1994e-05,
        1.2367e-05, 2.3647e-05, 6.0484e-05, 1.7954e-05, 2.7220e-06, 6.2573e-06,
        2.7056e-05, 7.3443e-05, 2.5537e-05, 2.4478e-05, 1.4192e-05, 1.8615e-05,
        2.2959e-05, 3.3678e-05, 3.4607e-05, 7.9709e-06, 1.8227e-05, 8.2331e-07,
        7.4483e-05, 7.7013e-06, 6.6592e-05, 6.1434e-05, 1.4645e-05, 3.7470e-05,
        4.4428e-06, 2.1692e-05, 9.3208e-05, 4.4680e-05, 6.0698e-05, 5.5334e-05,
        2.8604e-05, 8.6563e-07, 8.9473e-06, 1.2135e-05, 2.7993e-05, 1.7285e-05,
        1.8682e-05, 5.3043e-05, 1.0993e-05, 7.2433e-06, 5.8472e-05],
       grad_fn=<CatBackward>)

mean_overall=tensor(3.2683e-05, grad_fn=<MeanBackward0>)

-----------------------------------------------ITERATION90-----------------------------------------------

final_causality=[[1, 1, 1, 1, 1, 1, 1, 1, 1, 1, 1, 1, 1], [1, 1, 1, 1, 1, 1, 1, 1, 1, 1, 1, 1, 1, 1, 1, 1, 1, 1, 1, 1, 1, 1, 1, 1, 1, 1, 1, 1, 1, 1, 1, 1, 1, 1, 1, 1, 1, 1, 1, 1, 1, 1, 1, 1, 1, 1, 1, 1, 1, 1], [1, 1, 1, 1, 1, 1, 1, 1, 1, 1, 1, 1, 1, 1, 1, 1, 1, 1, 1, 1, 1, 1, 1, 1, 1, 1, 1, 1, 1, 1, 1, 1, 1, 1, 1, 1, 1, 1, 1, 1, 1, 1, 1, 1, 1, 1, 1, 1, 1, 1]]

means=tensor([3.9375e-05, 0.0000e+00, 0.0000e+00, 0.0000e+00, 2.9561e-05, 1.1824e-04,
        5.4220e-05, 3.1709e-05, 0.0000e+00, 0.0000e+00, 0.0000e+00, 3.5909e-04,
        3.1465e-05, 6.8561e-05, 5.0467e-05, 8.2940e-06, 4.1186e-05, 3.0202e-05,
        5.2838e-05, 9.1503e-05, 3.7789e-05, 1.0893e-04, 4.3328e-05, 5.5376e-05,
        1.0658e-05, 1.4249e-05, 8.0883e-06, 3.5837e-05, 1.4589e-05, 2.8500e-05,
        1.1218e-05, 2.4469e-05, 1.0787e-05, 6.4847e-05, 1.5044e-05, 9.2143e-05,
        7.5804e-06, 1.4407e-05, 2.0312e-05, 5.4549e-05, 3.8259e-06, 2.0373e-05,
        1.4206e-05, 3.1514e-06, 2.3106e-06, 1.5166e-06, 2.5448e-05, 1.2414e-05,
        6.0037e-05, 1.0213e-04, 3.7477e-06, 4.0488e-05, 1.6098e-06, 2.8968e-05,
        1.3094e-06, 2.6588e-06, 1.9778e-05, 1.3258e-05, 1.7252e-05, 3.0816e-05,
        2.9792e-05, 4.5366e-06, 2.9906e-05, 5.6749e-05, 3.7564e-06, 9.5874e-05,
        9.0672e-05, 3.2185e-05, 8.1255e-06, 3.1919e-05, 4.1625e-05, 6.2527e-05,
        1.2585e-05, 2.4875e-05, 6.1954e-05, 1.8527e-05, 2.8218e-06, 5.8600e-06,
        2.8194e-05, 7.2837e-05, 2.4724e-05, 2.3482e-05, 1.4773e-05, 1.9235e-05,
        2.2235e-05, 3.0594e-05, 3.2929e-05, 8.2811e-06, 1.7333e-05, 7.6071e-07,
        7.4166e-05, 7.8457e-06, 6.4337e-05, 6.3723e-05, 1.5119e-05, 3.6376e-05,
        4.1768e-06, 2.0012e-05, 9.2166e-05, 4.3459e-05, 6.2514e-05, 5.8519e-05,
        2.9799e-05, 8.8067e-07, 9.2577e-06, 1.1696e-05, 2.8494e-05, 1.7073e-05,
        1.8935e-05, 5.3949e-05, 1.1386e-05, 7.3502e-06, 6.0244e-05],
       grad_fn=<CatBackward>)

mean_overall=tensor(3.3503e-05, grad_fn=<MeanBackward0>)

-----------------------------------------------ITERATION100-----------------------------------------------

final_causality=[[1, 1, 1, 1, 1, 1, 1, 1, 1, 1, 1, 1, 1], [1, 1, 1, 1, 1, 1, 1, 1, 1, 1, 1, 1, 1, 1, 1, 1, 1, 1, 1, 1, 1, 1, 1, 1, 1, 1, 1, 1, 1, 1, 1, 1, 1, 1, 1, 1, 1, 1, 1, 1, 1, 1, 1, 1, 1, 1, 1, 1, 1, 1], [1, 1, 1, 1, 1, 1, 1, 1, 1, 1, 1, 1, 1, 1, 1, 1, 1, 1, 1, 1, 1, 1, 1, 1, 1, 1, 1, 1, 1, 1, 1, 1, 1, 1, 1, 1, 1, 1, 1, 1, 1, 1, 1, 1, 1, 1, 1, 1, 1, 1]]

means=tensor([3.4509e-05, 0.0000e+00, 0.0000e+00, 0.0000e+00, 3.9357e-05, 1.2259e-04,
        4.8406e-05, 3.5143e-05, 0.0000e+00, 0.0000e+00, 0.0000e+00, 4.0276e-04,
        5.0323e-05, 7.1810e-05, 4.6709e-05, 7.3313e-06, 3.9322e-05, 2.9610e-05,
        5.0572e-05, 9.4317e-05, 4.2056e-05, 1.1212e-04, 4.4535e-05, 5.2907e-05,
        1.1123e-05, 1.6910e-05, 9.5162e-06, 3.7236e-05, 1.1723e-05, 2.8049e-05,
        1.0995e-05, 2.6121e-05, 1.0161e-05, 6.7587e-05, 1.2957e-05, 9.6071e-05,
        7.7093e-06, 1.4711e-05, 2.0669e-05, 5.6573e-05, 4.0128e-06, 1.9703e-05,
        1.4428e-05, 3.4824e-06, 1.3732e-06, 1.9762e-06, 2.4209e-05, 1.3024e-05,
        5.8171e-05, 1.0521e-04, 4.6666e-06, 4.2203e-05, 1.4782e-06, 3.0260e-05,
        1.2125e-06, 2.1144e-06, 1.8539e-05, 1.2340e-05, 1.6553e-05, 3.2248e-05,
        2.9202e-05, 4.1936e-06, 3.1494e-05, 5.8898e-05, 3.8924e-06, 9.9300e-05,
        9.4876e-05, 3.1362e-05, 8.1720e-06, 3.2358e-05, 4.1899e-05, 6.3227e-05,
        1.2866e-05, 2.6296e-05, 6.3518e-05, 1.9105e-05, 2.9635e-06, 5.6681e-06,
        2.9406e-05, 7.2156e-05, 2.3859e-05, 2.3517e-05, 1.5398e-05, 1.9953e-05,
        2.1520e-05, 2.7544e-05, 3.1274e-05, 8.6428e-06, 1.6439e-05, 7.3487e-07,
        7.3853e-05, 8.0320e-06, 6.2138e-05, 6.6173e-05, 1.5632e-05, 3.5348e-05,
        3.9421e-06, 1.8349e-05, 9.1154e-05, 4.2320e-05, 6.4517e-05, 6.1946e-05,
        3.1025e-05, 8.6800e-07, 9.5434e-06, 1.1274e-05, 2.9067e-05, 1.6866e-05,
        1.9224e-05, 5.4896e-05, 1.1823e-05, 7.5825e-06, 6.2059e-05],
       grad_fn=<CatBackward>)

mean_overall=tensor(3.4399e-05, grad_fn=<MeanBackward0>)

-----------------------------------------------ITERATION110-----------------------------------------------

final_causality=[[1, 1, 1, 1, 1, 1, 1, 1, 1, 1, 1, 1, 1], [1, 1, 1, 1, 1, 1, 1, 1, 1, 1, 1, 1, 1, 1, 1, 1, 1, 1, 1, 1, 1, 1, 1, 1, 1, 1, 1, 1, 1, 1, 1, 1, 1, 1, 1, 1, 1, 1, 1, 1, 1, 1, 1, 1, 1, 1, 1, 1, 1, 1], [1, 1, 1, 1, 1, 1, 1, 1, 1, 1, 1, 1, 1, 1, 1, 1, 1, 1, 1, 1, 1, 1, 1, 1, 1, 1, 1, 1, 1, 1, 1, 1, 1, 1, 1, 1, 1, 1, 1, 1, 1, 1, 1, 1, 1, 1, 1, 1, 1, 1]]

means=tensor([2.9464e-05, 0.0000e+00, 0.0000e+00, 0.0000e+00, 4.9803e-05, 1.2728e-04,
        4.2248e-05, 3.8759e-05, 0.0000e+00, 0.0000e+00, 0.0000e+00, 4.4879e-04,
        7.0393e-05, 7.5305e-05, 4.2863e-05, 6.4070e-06, 3.7644e-05, 2.9074e-05,
        4.8241e-05, 9.7384e-05, 4.6920e-05, 1.1551e-04, 4.5896e-05, 5.0448e-05,
        1.1655e-05, 1.9960e-05, 1.1190e-05, 3.8978e-05, 8.7517e-06, 2.7618e-05,
        1.0808e-05, 2.7983e-05, 9.5330e-06, 7.0600e-05, 1.0929e-05, 1.0025e-04,
        7.8027e-06, 1.5077e-05, 2.1037e-05, 5.8798e-05, 4.2154e-06, 1.9059e-05,
        1.4682e-05, 3.8164e-06, 4.5779e-07, 2.5090e-06, 2.3800e-05, 1.3710e-05,
        5.6356e-05, 1.0858e-04, 5.6704e-06, 4.4012e-05, 1.3168e-06, 3.1768e-05,
        1.0909e-06, 1.6105e-06, 1.7350e-05, 1.1481e-05, 1.5881e-05, 3.3885e-05,
        2.8666e-05, 3.8760e-06, 3.3180e-05, 6.1228e-05, 4.0300e-06, 1.0293e-04,
        9.9449e-05, 3.0516e-05, 8.3496e-06, 3.2851e-05, 4.2261e-05, 6.4076e-05,
        1.3174e-05, 2.7925e-05, 6.5161e-05, 1.9755e-05, 3.0984e-06, 5.4724e-06,
        3.0761e-05, 7.1432e-05, 2.2948e-05, 2.4007e-05, 1.6055e-05, 2.0710e-05,
        2.0771e-05, 2.4456e-05, 2.9670e-05, 9.0176e-06, 1.5546e-05, 6.9964e-07,
        7.3474e-05, 8.2258e-06, 5.9898e-05, 6.8820e-05, 1.6177e-05, 3.4337e-05,
        3.7113e-06, 2.0837e-05, 9.0191e-05, 4.1186e-05, 6.6663e-05, 6.6388e-05,
        3.2297e-05, 8.5788e-07, 9.8657e-06, 1.0829e-05, 3.0953e-05, 1.6672e-05,
        1.9526e-05, 5.5893e-05, 1.2294e-05, 7.8165e-06, 6.3906e-05],
       grad_fn=<CatBackward>)

mean_overall=tensor(3.5465e-05, grad_fn=<MeanBackward0>)

-----------------------------------------------ITERATION120-----------------------------------------------

final_causality=[[1, 1, 1, 1, 1, 1, 1, 1, 1, 1, 1, 1, 1], [1, 1, 1, 1, 1, 1, 1, 1, 1, 1, 1, 1, 1, 1, 1, 1, 1, 1, 1, 1, 1, 1, 1, 1, 1, 1, 1, 1, 1, 1, 1, 1, 1, 1, 1, 1, 1, 1, 1, 1, 1, 1, 1, 1, 1, 1, 1, 1, 1, 1], [1, 1, 1, 1, 1, 1, 1, 1, 1, 1, 1, 1, 1, 1, 1, 1, 1, 1, 1, 1, 1, 1, 1, 1, 1, 1, 1, 1, 1, 1, 1, 1, 1, 1, 1, 1, 1, 1, 1, 1, 1, 1, 1, 1, 1, 1, 1, 1, 1, 1]]

means=tensor([2.4184e-05, 0.0000e+00, 0.0000e+00, 0.0000e+00, 6.0893e-05, 1.3237e-04,
        3.5698e-05, 4.2591e-05, 0.0000e+00, 0.0000e+00, 0.0000e+00, 4.9720e-04,
        9.1609e-05, 7.9105e-05, 3.9000e-05, 5.4884e-06, 3.5989e-05, 2.8562e-05,
        4.5910e-05, 1.0067e-04, 5.2363e-05, 1.1910e-04, 4.7388e-05, 4.7994e-05,
        1.2240e-05, 2.3361e-05, 1.3108e-05, 4.1119e-05, 5.7353e-06, 2.7193e-05,
        1.0638e-05, 3.0046e-05, 8.9273e-06, 7.3858e-05, 8.9068e-06, 1.0475e-04,
        7.9138e-06, 1.5490e-05, 2.1432e-05, 6.1203e-05, 4.4481e-06, 1.8423e-05,
        1.4954e-05, 4.1820e-06, 5.7867e-07, 3.0952e-06, 2.3771e-05, 1.4453e-05,
        5.4559e-05, 1.1220e-04, 6.8070e-06, 4.5975e-05, 1.1622e-06, 3.3390e-05,
        9.7334e-07, 1.1118e-06, 1.6193e-05, 1.0634e-05, 1.5221e-05, 3.5628e-05,
        2.8153e-05, 3.5724e-06, 3.4997e-05, 6.3744e-05, 4.1733e-06, 1.0683e-04,
        1.0440e-04, 2.9654e-05, 8.9061e-06, 3.3409e-05, 4.2708e-05, 6.5092e-05,
        1.3521e-05, 2.9780e-05, 6.6887e-05, 2.0469e-05, 3.2278e-06, 5.2764e-06,
        3.2705e-05, 7.0664e-05, 2.3833e-05, 2.4554e-05, 1.6752e-05, 2.1519e-05,
        1.9992e-05, 2.1348e-05, 2.8121e-05, 9.4142e-06, 1.4651e-05, 6.6272e-07,
        7.3028e-05, 8.4345e-06, 5.7635e-05, 7.1657e-05, 1.6760e-05, 3.3350e-05,
        3.4894e-06, 2.5098e-05, 8.9263e-05, 4.0068e-05, 6.8963e-05, 7.1307e-05,
        3.3620e-05, 8.4437e-07, 1.0217e-05, 1.0367e-05, 3.3318e-05, 1.6486e-05,
        1.9851e-05, 5.6937e-05, 1.2803e-05, 8.0554e-06, 6.5795e-05],
       grad_fn=<CatBackward>)

mean_overall=tensor(3.6692e-05, grad_fn=<MeanBackward0>)

-----------------------------------------------ITERATION130-----------------------------------------------

final_causality=[[1, 1, 1, 1, 1, 1, 1, 1, 1, 1, 1, 1, 1], [1, 1, 1, 1, 1, 1, 1, 1, 1, 1, 1, 1, 1, 1, 1, 1, 1, 1, 1, 1, 1, 1, 1, 1, 1, 1, 1, 1, 1, 1, 1, 1, 1, 1, 1, 1, 1, 1, 1, 1, 1, 1, 1, 1, 1, 1, 1, 1, 1, 1], [1, 1, 1, 1, 1, 1, 1, 1, 1, 1, 1, 1, 1, 1, 1, 1, 1, 1, 1, 1, 1, 1, 1, 1, 1, 1, 1, 1, 1, 1, 1, 1, 1, 1, 1, 1, 1, 1, 1, 1, 1, 1, 1, 1, 1, 1, 1, 1, 1, 1]]

means=tensor([1.8621e-05, 0.0000e+00, 0.0000e+00, 0.0000e+00, 7.2642e-05, 1.3789e-04,
        2.8707e-05, 4.6667e-05, 0.0000e+00, 0.0000e+00, 0.0000e+00, 5.4807e-04,
        1.1396e-04, 8.3267e-05, 3.5171e-05, 4.5505e-06, 3.4345e-05, 2.8050e-05,
        4.3629e-05, 1.0416e-04, 5.8378e-05, 1.2287e-04, 4.8998e-05, 4.5544e-05,
        1.2869e-05, 2.7096e-05, 1.5275e-05, 4.3421e-05, 2.7120e-06, 2.7297e-05,
        1.0630e-05, 3.2310e-05, 8.3622e-06, 7.7338e-05, 6.8484e-06, 1.0963e-04,
        8.0844e-06, 1.5940e-05, 2.1870e-05, 6.3773e-05, 4.7496e-06, 1.7780e-05,
        1.5235e-05, 4.6786e-06, 1.6061e-06, 3.7227e-06, 2.3921e-05, 1.5236e-05,
        5.2759e-05, 1.1604e-04, 8.1240e-06, 4.8142e-05, 1.0419e-06, 3.5117e-05,
        8.8176e-07, 5.9031e-07, 1.5054e-05, 9.7640e-06, 1.4562e-05, 3.7464e-05,
        2.7642e-05, 3.3807e-06, 3.6975e-05, 6.6450e-05, 4.3264e-06, 1.1147e-04,
        1.0975e-04, 2.8781e-05, 9.4980e-06, 3.4040e-05, 4.3242e-05, 6.6292e-05,
        1.3915e-05, 3.1877e-05, 6.8693e-05, 2.1241e-05, 3.3524e-06, 5.0820e-06,
        3.4807e-05, 6.9850e-05, 2.5137e-05, 2.5136e-05, 1.7496e-05, 2.2410e-05,
        1.9184e-05, 1.8230e-05, 2.6627e-05, 9.8412e-06, 1.3791e-05, 6.3001e-07,
        7.2515e-05, 8.6644e-06, 5.5358e-05, 7.4679e-05, 1.7392e-05, 3.2476e-05,
        3.2845e-06, 2.9522e-05, 8.8368e-05, 3.8968e-05, 7.1608e-05, 7.6593e-05,
        3.5001e-05, 8.2243e-07, 1.0590e-05, 9.8902e-06, 3.5888e-05, 1.6304e-05,
        2.0210e-05, 5.8026e-05, 1.3355e-05, 8.3024e-06, 6.7739e-05],
       grad_fn=<CatBackward>)

mean_overall=tensor(3.8054e-05, grad_fn=<MeanBackward0>)

-----------------------------------------------ITERATION140-----------------------------------------------

final_causality=[[1, 1, 1, 1, 1, 1, 1, 1, 1, 1, 1, 1, 1], [1, 1, 1, 1, 1, 1, 1, 1, 1, 1, 1, 1, 1, 1, 1, 1, 1, 1, 1, 1, 1, 1, 1, 1, 1, 1, 1, 1, 1, 1, 1, 1, 1, 1, 1, 1, 1, 1, 1, 1, 1, 1, 1, 1, 1, 1, 1, 1, 1, 1], [1, 1, 1, 1, 1, 1, 1, 1, 1, 1, 1, 1, 1, 1, 1, 1, 1, 1, 1, 1, 1, 1, 1, 1, 1, 1, 1, 1, 1, 1, 1, 1, 1, 1, 1, 1, 1, 1, 1, 1, 1, 1, 1, 1, 1, 1, 1, 1, 1, 1]]

means=tensor([1.2766e-05, 0.0000e+00, 0.0000e+00, 0.0000e+00, 8.5180e-05, 1.4388e-04,
        2.1213e-05, 5.1005e-05, 0.0000e+00, 0.0000e+00, 0.0000e+00, 6.0171e-04,
        1.3776e-04, 8.7760e-05, 3.1331e-05, 3.6288e-06, 3.2747e-05, 2.7576e-05,
        4.1352e-05, 1.0790e-04, 6.5094e-05, 1.2685e-04, 5.0766e-05, 4.3123e-05,
        1.3568e-05, 3.1297e-05, 1.7769e-05, 4.5941e-05, 8.5297e-07, 2.7771e-05,
        1.0803e-05, 3.4819e-05, 7.8189e-06, 8.1098e-05, 4.8065e-06, 1.1485e-04,
        8.2626e-06, 1.6452e-05, 2.2335e-05, 6.6549e-05, 5.1672e-06, 1.7157e-05,
        1.5541e-05, 5.2574e-06, 2.6775e-06, 4.4340e-06, 2.4084e-05, 1.6096e-05,
        5.1004e-05, 1.2035e-04, 9.6237e-06, 5.0466e-05, 9.2037e-07, 3.6977e-05,
        7.8804e-07, 4.5120e-08, 1.3963e-05, 8.9254e-06, 1.3924e-05, 3.9428e-05,
        2.7171e-05, 3.2662e-06, 3.9099e-05, 6.9379e-05, 4.4872e-06, 1.1633e-04,
        1.1552e-04, 2.7883e-05, 1.0133e-05, 3.4752e-05, 4.3888e-05, 6.7685e-05,
        1.4356e-05, 3.4233e-05, 7.0581e-05, 2.2087e-05, 3.4655e-06, 4.8842e-06,
        3.7071e-05, 6.9000e-05, 2.6527e-05, 2.5762e-05, 1.8291e-05, 2.3515e-05,
        1.8338e-05, 1.7471e-05, 2.5190e-05, 1.0387e-05, 1.2928e-05, 5.9310e-07,
        7.1914e-05, 8.9109e-06, 5.3044e-05, 7.7920e-05, 1.8076e-05, 3.2273e-05,
        3.1202e-06, 3.4138e-05, 8.7500e-05, 3.7864e-05, 7.5274e-05, 8.2710e-05,
        3.6458e-05, 7.9746e-07, 1.1001e-05, 9.4252e-06, 3.8683e-05, 1.6121e-05,
        2.0607e-05, 5.9161e-05, 1.3953e-05, 8.5565e-06, 6.9754e-05],
       grad_fn=<CatBackward>)

mean_overall=tensor(3.9602e-05, grad_fn=<MeanBackward0>)

-----------------------------------------------ITERATION150-----------------------------------------------

final_causality=[[1, 1, 1, 1, 1, 1, 1, 1, 1, 1, 1, 1, 1], [1, 1, 1, 1, 1, 1, 1, 1, 1, 1, 1, 1, 1, 1, 1, 1, 1, 1, 1, 1, 1, 1, 1, 1, 1, 1, 1, 1, 1, 1, 1, 1, 1, 1, 1, 1, 1, 1, 1, 1, 1, 1, 1, 1, 1, 1, 1, 1, 1, 1], [1, 1, 1, 1, 1, 1, 1, 1, 1, 1, 1, 1, 1, 1, 1, 1, 1, 1, 1, 1, 1, 1, 1, 1, 1, 1, 1, 1, 1, 1, 1, 1, 1, 1, 1, 1, 1, 1, 1, 1, 1, 1, 1, 1, 1, 1, 1, 1, 1, 1]]

means=tensor([6.5551e-06, 0.0000e+00, 0.0000e+00, 0.0000e+00, 9.8534e-05, 1.5039e-04,
        1.3147e-05, 5.5644e-05, 0.0000e+00, 0.0000e+00, 0.0000e+00, 6.5824e-04,
        1.6304e-04, 9.2651e-05, 2.7530e-05, 2.6920e-06, 3.1178e-05, 2.7114e-05,
        3.9132e-05, 1.1186e-04, 7.2498e-05, 1.3102e-04, 5.2675e-05, 4.0723e-05,
        1.4326e-05, 3.5940e-05, 2.0633e-05, 4.8652e-05, 3.5520e-06, 2.8263e-05,
        1.0992e-05, 3.7572e-05, 7.3160e-06, 8.5113e-05, 2.7269e-06, 1.2047e-04,
        8.4968e-06, 1.7013e-05, 2.3015e-05, 6.9516e-05, 5.6531e-06, 1.6537e-05,
        1.5894e-05, 5.9328e-06, 3.8437e-06, 5.2169e-06, 2.4248e-05, 1.7015e-05,
        4.9266e-05, 1.2505e-04, 1.1669e-05, 5.3005e-05, 8.2906e-07, 3.8961e-05,
        7.1698e-07, 6.2040e-07, 1.2954e-05, 8.0755e-06, 1.3294e-05, 4.1504e-05,
        2.6714e-05, 3.1742e-06, 4.1405e-05, 7.2539e-05, 4.6605e-06, 1.2140e-04,
        1.2173e-04, 2.7075e-05, 1.0859e-05, 3.5559e-05, 4.4647e-05, 6.9289e-05,
        1.4860e-05, 3.6866e-05, 7.2551e-05, 2.2999e-05, 3.5683e-06, 4.7204e-06,
        3.9463e-05, 6.8110e-05, 2.9148e-05, 2.6883e-05, 1.9147e-05, 2.4707e-05,
        1.7455e-05, 1.7290e-05, 2.3804e-05, 1.0997e-05, 1.2046e-05, 5.5878e-07,
        7.1223e-05, 9.1822e-06, 5.0700e-05, 8.1376e-05, 1.8825e-05, 3.2084e-05,
        2.9640e-06, 3.8944e-05, 8.6654e-05, 3.6754e-05, 7.9177e-05, 8.9947e-05,
        3.8004e-05, 7.6367e-07, 1.1442e-05, 9.2973e-06, 4.1782e-05, 1.5932e-05,
        2.1057e-05, 6.0341e-05, 1.4601e-05, 8.8217e-06, 7.1861e-05],
       grad_fn=<CatBackward>)

mean_overall=tensor(4.1367e-05, grad_fn=<MeanBackward0>)

-----------------------------------------------ITERATION160-----------------------------------------------

final_causality=[[1, 1, 1, 1, 1, 1, 1, 1, 1, 1, 1, 1, 1], [1, 1, 1, 1, 1, 1, 1, 1, 1, 1, 1, 1, 1, 1, 1, 1, 1, 1, 1, 1, 1, 1, 1, 1, 1, 1, 1, 1, 1, 1, 1, 1, 1, 1, 1, 1, 1, 1, 1, 1, 1, 1, 1, 1, 1, 1, 1, 1, 1, 1], [1, 1, 1, 1, 1, 1, 1, 1, 1, 1, 1, 1, 1, 1, 1, 1, 1, 1, 1, 1, 1, 1, 1, 1, 1, 1, 1, 1, 1, 1, 1, 1, 1, 1, 1, 1, 1, 1, 1, 1, 1, 1, 1, 1, 1, 1, 1, 1, 1, 1]]

means=tensor([2.8344e-07, 0.0000e+00, 0.0000e+00, 0.0000e+00, 1.1283e-04, 1.5749e-04,
        4.4184e-06, 6.0612e-05, 0.0000e+00, 0.0000e+00, 0.0000e+00, 7.1800e-04,
        1.9007e-04, 9.7934e-05, 2.3741e-05, 1.7579e-06, 2.9658e-05, 2.6686e-05,
        3.6945e-05, 1.1608e-04, 8.0695e-05, 1.3569e-04, 5.4755e-05, 3.8360e-05,
        1.5161e-05, 4.1151e-05, 2.4142e-05, 5.1597e-05, 6.3327e-06, 2.8783e-05,
        1.1212e-05, 4.0608e-05, 6.8426e-06, 8.9423e-05, 6.3073e-07, 1.2650e-04,
        8.7582e-06, 1.7641e-05, 2.4127e-05, 7.2703e-05, 6.2097e-06, 1.5936e-05,
        1.6397e-05, 6.7014e-06, 5.1189e-06, 6.1050e-06, 2.4424e-05, 1.8018e-05,
        4.7572e-05, 1.3006e-04, 1.4142e-05, 5.5737e-05, 7.4793e-07, 4.1145e-05,
        6.5281e-07, 1.2147e-06, 1.1993e-05, 7.2450e-06, 1.3217e-05, 4.3719e-05,
        2.6294e-05, 3.0920e-06, 4.3890e-05, 7.5963e-05, 4.8463e-06, 1.2670e-04,
        1.2839e-04, 2.6421e-05, 1.1670e-05, 3.6471e-05, 4.5543e-05, 7.1119e-05,
        1.5435e-05, 3.9794e-05, 7.4926e-05, 2.3991e-05, 3.6556e-06, 4.5750e-06,
        4.2255e-05, 6.7187e-05, 3.2872e-05, 3.0594e-05, 2.0276e-05, 2.5987e-05,
        1.6528e-05, 1.8485e-05, 2.2464e-05, 1.1653e-05, 1.1133e-05, 5.2213e-07,
        7.0428e-05, 9.4770e-06, 4.8306e-05, 8.5080e-05, 1.9647e-05, 3.1904e-05,
        2.8122e-06, 4.3971e-05, 8.5820e-05, 3.5617e-05, 8.3318e-05, 9.7732e-05,
        3.9660e-05, 7.2421e-07, 1.1976e-05, 9.1628e-06, 4.5192e-05, 1.5730e-05,
        2.1567e-05, 6.1570e-05, 1.5305e-05, 9.0981e-06, 7.4084e-05],
       grad_fn=<CatBackward>)

mean_overall=tensor(4.3353e-05, grad_fn=<MeanBackward0>)

-----------------------------------------------ITERATION170-----------------------------------------------

final_causality=[[1, 1, 1, 1, 1, 1, 1, 1, 1, 1, 1, 1, 1], [1, 1, 1, 1, 1, 1, 1, 1, 1, 1, 1, 1, 1, 1, 1, 1, 1, 1, 1, 1, 1, 1, 1, 1, 1, 1, 1, 1, 1, 1, 1, 1, 1, 1, 1, 1, 1, 1, 1, 1, 1, 1, 1, 1, 1, 1, 1, 1, 1, 1], [1, 1, 1, 1, 1, 1, 1, 1, 1, 1, 1, 1, 1, 1, 1, 1, 1, 1, 1, 1, 1, 1, 1, 1, 1, 1, 1, 1, 1, 1, 1, 1, 1, 1, 1, 1, 1, 1, 1, 1, 1, 1, 1, 1, 1, 1, 1, 1, 1, 1]]

means=tensor([7.3420e-06, 0.0000e+00, 0.0000e+00, 0.0000e+00, 1.2816e-04, 1.6523e-04,
        5.5658e-06, 6.5954e-05, 0.0000e+00, 0.0000e+00, 0.0000e+00, 7.8123e-04,
        2.1901e-04, 1.0366e-04, 1.9983e-05, 8.0987e-07, 2.8181e-05, 2.6280e-05,
        3.4813e-05, 1.2055e-04, 8.9711e-05, 1.4095e-04, 5.7004e-05, 3.6031e-05,
        1.6183e-05, 4.7053e-05, 2.8165e-05, 5.4771e-05, 9.1950e-06, 2.9326e-05,
        1.1457e-05, 4.3939e-05, 6.4062e-06, 9.4027e-05, 1.7480e-06, 1.3296e-04,
        9.0695e-06, 1.8334e-05, 2.5306e-05, 7.6645e-05, 6.8531e-06, 1.5346e-05,
        1.6924e-05, 7.5890e-06, 6.5514e-06, 7.1044e-06, 2.4608e-05, 1.9101e-05,
        4.5912e-05, 1.3537e-04, 1.7079e-05, 5.8697e-05, 6.9091e-07, 4.3579e-05,
        6.0659e-07, 1.8523e-06, 1.1061e-05, 6.4147e-06, 1.3352e-05, 4.6072e-05,
        2.5900e-05, 3.0254e-06, 4.6584e-05, 7.9669e-05, 5.0478e-06, 1.3220e-04,
        1.3553e-04, 2.5743e-05, 1.2535e-05, 3.7503e-05, 4.6583e-05, 7.3194e-05,
        1.6077e-05, 4.3034e-05, 7.7972e-05, 2.5060e-05, 3.7845e-06, 4.6697e-06,
        4.5505e-05, 6.6228e-05, 3.6794e-05, 3.5817e-05, 2.1531e-05, 2.7369e-05,
        1.5556e-05, 2.0174e-05, 2.1311e-05, 1.2363e-05, 1.0179e-05, 4.8600e-07,
        6.9521e-05, 9.8009e-06, 4.5856e-05, 8.9042e-05, 2.0552e-05, 3.1731e-05,
        2.6649e-06, 4.9230e-05, 8.4986e-05, 3.4445e-05, 8.7707e-05, 1.0610e-04,
        4.1448e-05, 6.7637e-07, 1.2609e-05, 9.0219e-06, 4.8888e-05, 1.5508e-05,
        2.2151e-05, 6.2850e-05, 1.6070e-05, 9.3885e-06, 7.6451e-05],
       grad_fn=<CatBackward>)

mean_overall=tensor(4.5787e-05, grad_fn=<MeanBackward0>)

-----------------------------------------------ITERATION180-----------------------------------------------

final_causality=[[1, 1, 1, 1, 1, 1, 1, 1, 1, 1, 1, 1, 1], [1, 1, 1, 1, 1, 1, 1, 1, 1, 1, 1, 1, 1, 1, 1, 1, 1, 1, 1, 1, 1, 1, 1, 1, 1, 1, 1, 1, 1, 1, 1, 1, 1, 1, 1, 1, 1, 1, 1, 1, 1, 1, 1, 1, 1, 1, 1, 1, 1, 1], [1, 1, 1, 1, 1, 1, 1, 1, 1, 1, 1, 1, 1, 1, 1, 1, 1, 1, 1, 1, 1, 1, 1, 1, 1, 1, 1, 1, 1, 1, 1, 1, 1, 1, 1, 1, 1, 1, 1, 1, 1, 1, 1, 1, 1, 1, 1, 1, 1, 1]]

means=tensor([1.4915e-05, 0.0000e+00, 0.0000e+00, 0.0000e+00, 1.4463e-04, 1.7369e-04,
        1.6006e-05, 7.1709e-05, 0.0000e+00, 0.0000e+00, 0.0000e+00, 8.4827e-04,
        2.5012e-04, 1.0983e-04, 1.6241e-05, 3.3646e-07, 2.6754e-05, 2.5905e-05,
        3.2730e-05, 1.2528e-04, 9.9624e-05, 1.4727e-04, 5.9439e-05, 3.3843e-05,
        1.7634e-05, 5.3637e-05, 3.2772e-05, 5.8201e-05, 1.2171e-05, 2.9953e-05,
        1.1736e-05, 4.7601e-05, 6.0029e-06, 9.8950e-05, 3.9765e-06, 1.3987e-04,
        9.4221e-06, 1.9191e-05, 2.6553e-05, 8.0942e-05, 7.5929e-06, 1.4773e-05,
        1.7481e-05, 8.6057e-06, 8.1779e-06, 8.2580e-06, 2.4803e-05, 2.0281e-05,
        4.4297e-05, 1.4101e-04, 2.0543e-05, 6.1883e-05, 6.5118e-07, 4.6186e-05,
        5.7299e-07, 2.5394e-06, 1.0162e-05, 5.5950e-06, 1.3502e-05, 4.8581e-05,
        2.5541e-05, 3.0967e-06, 4.9495e-05, 8.3687e-05, 5.2664e-06, 1.3793e-04,
        1.4318e-04, 2.5035e-05, 1.3458e-05, 3.8669e-05, 4.7788e-05, 7.5532e-05,
        1.6792e-05, 4.6607e-05, 8.1615e-05, 2.6215e-05, 3.8926e-06, 4.7682e-06,
        4.8976e-05, 6.5234e-05, 4.0926e-05, 4.1383e-05, 2.2891e-05, 2.8858e-05,
        1.6157e-05, 2.1928e-05, 2.0303e-05, 1.3134e-05, 9.1680e-06, 4.4842e-07,
        6.8489e-05, 1.0156e-05, 4.3333e-05, 9.3291e-05, 2.1552e-05, 3.1558e-05,
        2.6201e-06, 5.4750e-05, 8.4134e-05, 3.3218e-05, 9.2350e-05, 1.1510e-04,
        4.3390e-05, 6.2131e-07, 1.3300e-05, 9.0627e-06, 5.2893e-05, 1.5261e-05,
        2.2819e-05, 6.4185e-05, 1.6902e-05, 9.6942e-06, 7.8988e-05],
       grad_fn=<CatBackward>)

mean_overall=tensor(4.8552e-05, grad_fn=<MeanBackward0>)

-----------------------------------------------ITERATION190-----------------------------------------------

final_causality=[[1, 1, 1, 1, 1, 1, 1, 1, 1, 1, 1, 1, 1], [1, 1, 1, 1, 1, 1, 1, 1, 1, 1, 1, 1, 1, 1, 1, 1, 1, 1, 1, 1, 1, 1, 1, 1, 1, 1, 1, 1, 1, 1, 1, 1, 1, 1, 1, 1, 1, 1, 1, 1, 1, 1, 1, 1, 1, 1, 1, 1, 1, 1], [1, 1, 1, 1, 1, 1, 1, 1, 1, 1, 1, 1, 1, 1, 1, 1, 1, 1, 1, 1, 1, 1, 1, 1, 1, 1, 1, 1, 1, 1, 1, 1, 1, 1, 1, 1, 1, 1, 1, 1, 1, 1, 1, 1, 1, 1, 1, 1, 1, 1]]

means=tensor([2.3072e-05, 0.0000e+00, 0.0000e+00, 0.0000e+00, 1.6237e-04, 1.8295e-04,
        2.7439e-05, 7.7928e-05, 0.0000e+00, 0.0000e+00, 0.0000e+00, 9.1945e-04,
        2.8364e-04, 1.1650e-04, 1.2518e-05, 1.3165e-06, 2.5378e-05, 2.5558e-05,
        3.0706e-05, 1.3029e-04, 1.1049e-04, 1.5390e-04, 6.2071e-05, 3.2987e-05,
        1.9218e-05, 6.0951e-05, 3.8026e-05, 6.1897e-05, 1.5281e-05, 3.1336e-05,
        1.2048e-05, 5.1617e-05, 5.6343e-06, 1.0420e-04, 6.2905e-06, 1.4726e-04,
        9.8251e-06, 2.0167e-05, 2.7877e-05, 8.5544e-05, 8.4451e-06, 1.4216e-05,
        1.8067e-05, 9.8061e-06, 1.0051e-05, 9.6123e-06, 2.5009e-05, 2.1565e-05,
        4.2726e-05, 1.4699e-04, 2.4609e-05, 6.5316e-05, 6.3364e-07, 4.8977e-05,
        5.5595e-07, 3.2968e-06, 9.3511e-06, 4.7787e-06, 1.3721e-05, 5.1254e-05,
        2.5215e-05, 3.1750e-06, 5.2646e-05, 8.8090e-05, 5.5047e-06, 1.4388e-04,
        1.5136e-04, 2.4295e-05, 1.4442e-05, 3.9986e-05, 4.9170e-05, 7.8157e-05,
        1.7588e-05, 5.0545e-05, 8.5642e-05, 2.7459e-05, 3.9732e-06, 4.8720e-06,
        5.2694e-05, 6.4202e-05, 4.5273e-05, 4.7316e-05, 2.4369e-05, 3.0469e-05,
        1.7775e-05, 2.3753e-05, 1.9484e-05, 1.3974e-05, 8.0843e-06, 4.1013e-07,
        6.7325e-05, 1.0547e-05, 4.0725e-05, 9.7846e-05, 2.2659e-05, 3.1502e-05,
        2.6040e-06, 6.0554e-05, 8.3248e-05, 3.1922e-05, 9.7261e-05, 1.2477e-04,
        4.5513e-05, 5.5817e-07, 1.4054e-05, 9.4398e-06, 5.7229e-05, 1.4982e-05,
        2.3583e-05, 6.5578e-05, 1.7943e-05, 1.0018e-05, 8.1726e-05],
       grad_fn=<CatBackward>)

mean_overall=tensor(5.1594e-05, grad_fn=<MeanBackward0>)

-----------------------------------------------ITERATION200-----------------------------------------------

final_causality=[[1, 1, 1, 1, 1, 1, 1, 1, 1, 1, 1, 1, 1], [1, 1, 1, 1, 1, 1, 1, 1, 1, 1, 1, 1, 1, 1, 1, 1, 1, 1, 1, 1, 1, 1, 1, 1, 1, 1, 1, 1, 1, 1, 1, 1, 1, 1, 1, 1, 1, 1, 1, 1, 1, 1, 1, 1, 1, 1, 1, 1, 1, 1], [1, 1, 1, 1, 1, 1, 1, 1, 1, 1, 1, 1, 1, 1, 1, 1, 1, 1, 1, 1, 1, 1, 1, 1, 1, 1, 1, 1, 1, 1, 1, 1, 1, 1, 1, 1, 1, 1, 1, 1, 1, 1, 1, 1, 1, 1, 1, 1, 1, 1]]

means=tensor([3.1886e-05, 0.0000e+00, 0.0000e+00, 0.0000e+00, 1.8151e-04, 1.9311e-04,
        4.0003e-05, 8.4661e-05, 0.0000e+00, 0.0000e+00, 0.0000e+00, 9.9517e-04,
        3.1984e-04, 1.2368e-04, 8.8026e-06, 2.3228e-06, 2.4055e-05, 2.5242e-05,
        2.8739e-05, 1.3559e-04, 1.2236e-04, 1.6084e-04, 6.4913e-05, 3.2217e-05,
        2.0951e-05, 6.9063e-05, 4.3999e-05, 6.5932e-05, 1.8555e-05, 3.2767e-05,
        1.2698e-05, 5.6021e-05, 5.2990e-06, 1.0980e-04, 8.7122e-06, 1.5516e-04,
        1.0278e-05, 2.1923e-05, 2.9388e-05, 9.0473e-05, 9.4251e-06, 1.3678e-05,
        1.8707e-05, 1.1248e-05, 1.2224e-05, 1.1169e-05, 2.5275e-05, 2.2964e-05,
        4.1202e-05, 1.5332e-04, 2.9354e-05, 6.9006e-05, 6.3719e-07, 5.1965e-05,
        5.5464e-07, 4.1421e-06, 8.6035e-06, 3.9670e-06, 1.4162e-05, 5.4106e-05,
        2.4927e-05, 3.2623e-06, 5.6056e-05, 9.2872e-05, 5.7648e-06, 1.5149e-04,
        1.6010e-04, 2.3517e-05, 1.5492e-05, 4.1470e-05, 5.0749e-05, 8.1092e-05,
        1.8471e-05, 5.5026e-05, 9.0760e-05, 2.8802e-05, 4.0228e-06, 5.0592e-06,
        5.6682e-05, 6.3130e-05, 5.0403e-05, 5.3647e-05, 2.5975e-05, 3.2210e-05,
        2.0797e-05, 2.5657e-05, 1.8666e-05, 1.4891e-05, 6.9090e-06, 3.7039e-07,
        6.6016e-05, 1.0978e-05, 3.8011e-05, 1.0274e-04, 2.3885e-05, 3.2281e-05,
        2.5903e-06, 6.6672e-05, 8.2301e-05, 3.0541e-05, 1.0245e-04, 1.3515e-04,
        4.7843e-05, 4.8736e-07, 1.4877e-05, 9.8364e-06, 6.1923e-05, 1.4665e-05,
        2.4595e-05, 6.7036e-05, 1.9097e-05, 1.0361e-05, 8.4695e-05],
       grad_fn=<CatBackward>)

mean_overall=tensor(5.4947e-05, grad_fn=<MeanBackward0>)

-----------------------------------------------ITERATION210-----------------------------------------------

final_causality=[[1, 1, 1, 1, 1, 1, 1, 1, 1, 1, 1, 1, 1], [1, 1, 1, 1, 1, 1, 1, 1, 1, 1, 1, 1, 1, 1, 1, 1, 1, 1, 1, 1, 1, 1, 1, 1, 1, 1, 1, 1, 1, 1, 1, 1, 1, 1, 1, 1, 1, 1, 1, 1, 1, 1, 1, 1, 1, 1, 1, 1, 1, 1], [1, 1, 1, 1, 1, 1, 1, 1, 1, 1, 1, 1, 1, 1, 1, 1, 1, 1, 1, 1, 1, 1, 1, 1, 1, 1, 1, 1, 1, 1, 1, 1, 1, 1, 1, 1, 1, 1, 1, 1, 1, 1, 1, 1, 1, 1, 1, 1, 1, 1]]

means=tensor([4.1434e-05, 0.0000e+00, 0.0000e+00, 0.0000e+00, 2.0219e-04, 2.0427e-04,
        5.3842e-05, 9.1964e-05, 0.0000e+00, 0.0000e+00, 0.0000e+00, 1.0758e-03,
        3.5901e-04, 1.3142e-04, 5.0871e-06, 3.3641e-06, 2.2786e-05, 2.4957e-05,
        2.6831e-05, 1.4118e-04, 1.3531e-04, 1.6812e-04, 6.7979e-05, 3.1468e-05,
        2.2848e-05, 7.8034e-05, 5.0765e-05, 7.0456e-05, 2.2025e-05, 3.4248e-05,
        1.3473e-05, 6.0844e-05, 4.9965e-06, 1.1577e-04, 1.1272e-05, 1.6359e-04,
        1.0786e-05, 2.3873e-05, 3.1162e-05, 9.5747e-05, 1.0551e-05, 1.3157e-05,
        1.9800e-05, 1.2930e-05, 1.4756e-05, 1.2957e-05, 2.5947e-05, 2.4526e-05,
        3.9727e-05, 1.6001e-04, 3.4859e-05, 7.2968e-05, 6.6352e-07, 5.5162e-05,
        5.7043e-07, 5.0994e-06, 7.8653e-06, 3.1569e-06, 1.4626e-05, 5.7151e-05,
        2.4675e-05, 3.3599e-06, 5.9747e-05, 9.8046e-05, 6.0493e-06, 1.5945e-04,
        1.6942e-04, 2.2697e-05, 1.6855e-05, 4.3137e-05, 5.2540e-05, 8.4364e-05,
        1.9451e-05, 5.9920e-05, 9.6420e-05, 3.0248e-05, 4.0379e-06, 5.4842e-06,
        6.0968e-05, 6.2013e-05, 5.5905e-05, 6.0408e-05, 2.7720e-05, 3.4095e-05,
        2.4050e-05, 2.8330e-05, 1.7841e-05, 1.5897e-05, 5.6214e-06, 3.2907e-07,
        6.4553e-05, 1.1453e-05, 3.5304e-05, 1.0799e-04, 2.5243e-05, 3.3105e-05,
        2.5784e-06, 7.3133e-05, 8.1268e-05, 2.9058e-05, 1.0794e-04, 1.4630e-04,
        5.0408e-05, 4.0882e-07, 1.5775e-05, 1.0254e-05, 6.7001e-05, 1.4304e-05,
        2.5809e-05, 6.8564e-05, 2.0358e-05, 1.0726e-05, 8.8036e-05],
       grad_fn=<CatBackward>)

mean_overall=tensor(5.8602e-05, grad_fn=<MeanBackward0>)

-----------------------------------------------ITERATION220-----------------------------------------------

final_causality=[[1, 1, 1, 1, 1, 1, 1, 1, 1, 1, 1, 1, 1], [1, 1, 1, 1, 1, 1, 1, 1, 1, 1, 1, 1, 1, 1, 1, 1, 1, 1, 1, 1, 1, 1, 1, 1, 1, 1, 1, 1, 1, 1, 1, 1, 1, 1, 1, 1, 1, 1, 1, 1, 1, 1, 1, 1, 1, 1, 1, 1, 1, 1], [1, 1, 1, 1, 1, 1, 1, 1, 1, 1, 1, 1, 1, 1, 1, 1, 1, 1, 1, 1, 1, 1, 1, 1, 1, 1, 1, 1, 1, 1, 1, 1, 1, 1, 1, 1, 1, 1, 1, 1, 1, 1, 1, 1, 1, 1, 1, 1, 1, 1]]

means=tensor([5.1801e-05, 0.0000e+00, 0.0000e+00, 0.0000e+00, 2.2456e-04, 2.1654e-04,
        6.9115e-05, 9.9899e-05, 0.0000e+00, 0.0000e+00, 0.0000e+00, 1.1618e-03,
        4.0146e-04, 1.3974e-04, 1.3600e-06, 4.4493e-06, 2.1572e-05, 2.4703e-05,
        2.4984e-05, 1.4708e-04, 1.4940e-04, 1.7574e-04, 7.1281e-05, 3.1701e-05,
        2.4925e-05, 8.7928e-05, 5.8404e-05, 7.5327e-05, 2.5724e-05, 3.5783e-05,
        1.4315e-05, 6.6122e-05, 4.7259e-06, 1.2212e-04, 1.4002e-05, 1.7257e-04,
        1.1350e-05, 2.6013e-05, 3.3042e-05, 1.0139e-04, 1.1843e-05, 1.2654e-05,
        2.0947e-05, 1.4969e-05, 1.7711e-05, 1.5010e-05, 2.6636e-05, 2.6343e-05,
        3.8301e-05, 1.6707e-04, 4.1208e-05, 7.7216e-05, 7.1362e-07, 5.8583e-05,
        6.0409e-07, 6.3136e-06, 7.1359e-06, 2.3462e-06, 1.5115e-05, 6.0403e-05,
        2.4464e-05, 3.4693e-06, 6.3741e-05, 1.0364e-04, 6.3609e-06, 1.6773e-04,
        1.7936e-04, 2.1832e-05, 1.8334e-05, 4.5007e-05, 5.4579e-05, 8.8001e-05,
        2.0533e-05, 6.5250e-05, 1.0299e-04, 3.1807e-05, 4.0153e-06, 5.9444e-06,
        6.5576e-05, 6.0849e-05, 6.1701e-05, 6.7632e-05, 2.9616e-05, 3.6139e-05,
        2.7564e-05, 3.1190e-05, 1.6997e-05, 1.7003e-05, 4.9915e-06, 2.8612e-07,
        6.2923e-05, 1.1978e-05, 3.4460e-05, 1.1363e-04, 2.6746e-05, 3.3980e-05,
        2.5802e-06, 7.9970e-05, 8.0118e-05, 2.7456e-05, 1.1494e-04, 1.5825e-04,
        5.3234e-05, 3.2266e-07, 1.6804e-05, 1.0694e-05, 7.2492e-05, 1.3893e-05,
        2.7191e-05, 7.0167e-05, 2.1789e-05, 1.1115e-05, 9.1781e-05],
       grad_fn=<CatBackward>)

mean_overall=tensor(6.2612e-05, grad_fn=<MeanBackward0>)

-----------------------------------------------ITERATION230-----------------------------------------------

final_causality=[[1, 1, 1, 1, 1, 1, 1, 1, 1, 1, 1, 1, 1], [1, 1, 1, 1, 1, 1, 1, 1, 1, 1, 1, 1, 1, 1, 1, 1, 1, 1, 1, 1, 1, 1, 1, 1, 1, 1, 1, 1, 1, 1, 1, 1, 1, 1, 1, 1, 1, 1, 1, 1, 1, 1, 1, 1, 1, 1, 1, 1, 1, 1], [1, 1, 1, 1, 1, 1, 1, 1, 1, 1, 1, 1, 1, 1, 1, 1, 1, 1, 1, 1, 1, 1, 1, 1, 1, 1, 1, 1, 1, 1, 1, 1, 1, 1, 1, 1, 1, 1, 1, 1, 1, 1, 1, 1, 1, 1, 1, 1, 1, 1]]

means=tensor([6.3075e-05, 0.0000e+00, 0.0000e+00, 0.0000e+00, 2.4877e-04, 2.3005e-04,
        8.5991e-05, 1.0853e-04, 0.0000e+00, 0.0000e+00, 0.0000e+00, 1.2535e-03,
        4.4753e-04, 1.4868e-04, 2.9253e-06, 5.5881e-06, 2.0413e-05, 2.5007e-05,
        2.3197e-05, 1.5335e-04, 1.6467e-04, 1.8372e-04, 7.4834e-05, 3.2050e-05,
        2.7200e-05, 9.8810e-05, 6.7000e-05, 8.0566e-05, 2.9690e-05, 3.7377e-05,
        1.5233e-05, 7.1891e-05, 4.4861e-06, 1.2886e-04, 1.6937e-05, 1.8214e-04,
        1.1974e-05, 2.8364e-05, 3.5036e-05, 1.0741e-04, 1.3324e-05, 1.2170e-05,
        2.2152e-05, 1.7325e-05, 2.1157e-05, 1.7364e-05, 2.7345e-05, 2.8329e-05,
        3.6926e-05, 1.7453e-04, 4.8489e-05, 8.1763e-05, 7.8858e-07, 6.2243e-05,
        6.5639e-07, 7.7760e-06, 6.4150e-06, 1.5327e-06, 1.5633e-05, 6.3877e-05,
        2.4292e-05, 3.6156e-06, 6.8060e-05, 1.0968e-04, 6.7023e-06, 1.7638e-04,
        1.8993e-04, 2.1969e-05, 1.9919e-05, 4.7096e-05, 5.6946e-05, 9.2035e-05,
        2.1864e-05, 7.1038e-05, 1.0996e-04, 3.3487e-05, 3.9518e-06, 6.4469e-06,
        7.0533e-05, 6.1772e-05, 6.7806e-05, 7.5355e-05, 3.1676e-05, 3.8355e-05,
        3.1367e-05, 3.4467e-05, 1.6124e-05, 1.8219e-05, 4.6053e-06, 2.4194e-07,
        6.1118e-05, 1.2558e-05, 3.3567e-05, 1.1969e-04, 2.8409e-05, 3.4910e-05,
        2.5829e-06, 8.7217e-05, 7.8817e-05, 2.5785e-05, 1.2249e-04, 1.7107e-04,
        5.6352e-05, 2.2895e-07, 1.8018e-05, 1.1157e-05, 7.8423e-05, 1.3427e-05,
        2.8756e-05, 7.1849e-05, 2.3491e-05, 1.1533e-05, 9.5871e-05],
       grad_fn=<CatBackward>)

mean_overall=tensor(6.7043e-05, grad_fn=<MeanBackward0>)

-----------------------------------------------ITERATION240-----------------------------------------------

final_causality=[[1, 1, 1, 1, 1, 1, 1, 1, 1, 1, 1, 1, 1], [1, 1, 1, 1, 1, 1, 1, 1, 1, 1, 1, 1, 1, 1, 1, 1, 1, 1, 1, 1, 1, 1, 1, 1, 1, 1, 1, 1, 1, 1, 1, 1, 1, 1, 1, 1, 1, 1, 1, 1, 1, 1, 1, 1, 1, 1, 1, 1, 1, 1], [1, 1, 1, 1, 1, 1, 1, 1, 1, 1, 1, 1, 1, 1, 1, 1, 1, 1, 1, 1, 1, 1, 1, 1, 1, 1, 1, 1, 1, 1, 1, 1, 1, 1, 1, 1, 1, 1, 1, 1, 1, 1, 1, 1, 1, 1, 1, 1, 1, 1]]

means=tensor([7.5350e-05, 0.0000e+00, 0.0000e+00, 0.0000e+00, 2.7500e-04, 2.4492e-04,
        1.0465e-04, 1.1792e-04, 0.0000e+00, 0.0000e+00, 0.0000e+00, 1.3515e-03,
        4.9755e-04, 1.5827e-04, 6.8043e-06, 6.7917e-06, 1.9309e-05, 2.5367e-05,
        2.1472e-05, 1.6048e-04, 1.8120e-04, 1.9207e-04, 7.8652e-05, 3.2395e-05,
        2.9691e-05, 1.1074e-04, 7.6637e-05, 8.6193e-05, 3.3961e-05, 3.9032e-05,
        1.6233e-05, 7.8190e-05, 4.2762e-06, 1.3603e-04, 2.0119e-05, 1.9232e-04,
        1.2660e-05, 3.0947e-05, 3.7153e-05, 1.1384e-04, 1.5017e-05, 1.1705e-05,
        2.3418e-05, 2.0040e-05, 2.5166e-05, 2.0056e-05, 2.8076e-05, 3.0499e-05,
        3.5603e-05, 1.8239e-04, 5.6791e-05, 8.6622e-05, 8.9012e-07, 6.6155e-05,
        7.2858e-07, 9.5351e-06, 5.7016e-06, 7.1310e-07, 1.6181e-05, 6.7589e-05,
        2.4163e-05, 3.8756e-06, 7.2731e-05, 1.1620e-04, 7.0766e-06, 1.8541e-04,
        2.0118e-04, 2.3133e-05, 2.1616e-05, 4.9422e-05, 5.9593e-05, 9.6494e-05,
        2.3506e-05, 7.7308e-05, 1.1738e-04, 3.5515e-05, 3.8444e-06, 6.9992e-06,
        7.5868e-05, 6.3439e-05, 7.4235e-05, 8.3616e-05, 3.3913e-05, 4.0761e-05,
        3.5490e-05, 3.8920e-05, 1.5209e-05, 1.9560e-05, 4.9926e-06, 1.9443e-07,
        5.9173e-05, 1.3199e-05, 3.3058e-05, 1.2620e-04, 3.0246e-05, 3.5899e-05,
        2.5860e-06, 9.4907e-05, 7.7332e-05, 2.4096e-05, 1.3049e-04, 1.8480e-04,
        5.9790e-05, 1.2748e-07, 1.9344e-05, 1.1646e-05, 8.4825e-05, 1.2900e-05,
        3.0520e-05, 7.3868e-05, 2.5354e-05, 1.1981e-05, 1.0034e-04],
       grad_fn=<CatBackward>)

mean_overall=tensor(7.1902e-05, grad_fn=<MeanBackward0>)

-----------------------------------------------ITERATION250-----------------------------------------------

final_causality=[[1, 1, 1, 1, 1, 1, 1, 1, 1, 1, 1, 1, 1], [1, 1, 1, 1, 1, 1, 1, 1, 1, 1, 1, 1, 1, 1, 1, 1, 1, 1, 1, 1, 1, 1, 1, 1, 1, 1, 1, 1, 1, 1, 1, 1, 1, 1, 1, 1, 1, 1, 1, 1, 1, 1, 1, 1, 1, 1, 1, 1, 1, 1], [1, 1, 1, 1, 1, 1, 1, 1, 1, 1, 1, 1, 1, 1, 1, 1, 1, 1, 1, 1, 1, 1, 1, 1, 1, 1, 1, 1, 1, 1, 1, 1, 1, 1, 1, 1, 1, 1, 1, 1, 1, 1, 1, 1, 1, 1, 1, 1, 1, 1]]

means=tensor([8.8724e-05, 0.0000e+00, 0.0000e+00, 0.0000e+00, 3.0340e-04, 2.6129e-04,
        1.2528e-04, 1.2815e-04, 0.0000e+00, 0.0000e+00, 0.0000e+00, 1.4561e-03,
        5.5188e-04, 1.6855e-04, 1.0742e-05, 8.0716e-06, 1.8261e-05, 2.5774e-05,
        1.9806e-05, 1.6800e-04, 1.9902e-04, 2.0079e-04, 8.2751e-05, 3.2737e-05,
        3.2419e-05, 1.2378e-04, 8.7405e-05, 9.2230e-05, 3.8578e-05, 4.0795e-05,
        1.7366e-05, 8.5058e-05, 4.0951e-06, 1.4363e-04, 2.3587e-05, 2.0313e-04,
        1.3411e-05, 3.3785e-05, 3.9401e-05, 1.2069e-04, 1.6949e-05, 1.1258e-05,
        2.4753e-05, 2.3156e-05, 2.9810e-05, 2.3128e-05, 2.8830e-05, 3.2872e-05,
        3.4331e-05, 1.9066e-04, 6.6200e-05, 9.1807e-05, 1.0197e-06, 7.0334e-05,
        8.2157e-07, 1.1654e-05, 4.9949e-06, 3.6667e-07, 1.6765e-05, 7.1556e-05,
        2.4077e-05, 4.2180e-06, 7.7778e-05, 1.2322e-04, 7.4870e-06, 1.9486e-04,
        2.1312e-04, 2.5675e-05, 2.3434e-05, 5.2004e-05, 6.2538e-05, 1.0141e-04,
        2.5318e-05, 8.4084e-05, 1.2528e-04, 3.8029e-05, 3.6901e-06, 7.6094e-06,
        8.1606e-05, 6.5242e-05, 8.1007e-05, 9.2455e-05, 3.6342e-05, 4.3373e-05,
        3.9963e-05, 4.3651e-05, 1.4699e-05, 2.1039e-05, 6.1016e-06, 1.4296e-07,
        5.7646e-05, 1.3908e-05, 3.2662e-05, 1.3318e-04, 3.2271e-05, 3.6953e-05,
        2.5890e-06, 1.0308e-04, 7.5662e-05, 2.2249e-05, 1.3900e-04, 1.9949e-04,
        6.3578e-05, 1.7913e-08, 2.0793e-05, 1.2162e-05, 9.1726e-05, 1.2308e-05,
        3.2500e-05, 7.6237e-05, 2.7392e-05, 1.2463e-05, 1.0564e-04],
       grad_fn=<CatBackward>)

mean_overall=tensor(7.7194e-05, grad_fn=<MeanBackward0>)

-----------------------------------------------ITERATION260-----------------------------------------------

final_causality=[[1, 1, 1, 1, 1, 1, 1, 1, 1, 1, 1, 1, 1], [1, 1, 1, 1, 1, 1, 1, 1, 1, 1, 1, 1, 1, 1, 1, 1, 1, 1, 1, 1, 1, 1, 1, 1, 1, 1, 1, 1, 1, 1, 1, 1, 1, 1, 1, 1, 1, 1, 1, 1, 1, 1, 1, 1, 1, 1, 1, 1, 1, 1], [1, 1, 1, 1, 1, 1, 1, 1, 1, 1, 1, 1, 1, 1, 1, 1, 1, 1, 1, 1, 1, 1, 1, 1, 1, 1, 1, 1, 1, 1, 1, 1, 1, 1, 1, 1, 1, 1, 1, 1, 1, 1, 1, 1, 1, 1, 1, 1, 1, 1]]

means=tensor([1.0330e-04, 0.0000e+00, 0.0000e+00, 0.0000e+00, 3.3416e-04, 2.7932e-04,
        1.4808e-04, 1.3928e-04, 0.0000e+00, 0.0000e+00, 0.0000e+00, 1.5679e-03,
        6.1090e-04, 1.7954e-04, 1.4758e-05, 9.4406e-06, 1.7267e-05, 2.6231e-05,
        1.8200e-05, 1.7607e-04, 2.1820e-04, 2.0991e-04, 8.7145e-05, 3.3077e-05,
        3.5405e-05, 1.3800e-04, 9.9395e-05, 9.8696e-05, 4.3582e-05, 4.3170e-05,
        1.8793e-05, 9.2536e-05, 3.9415e-06, 1.5167e-04, 2.7388e-05, 2.1461e-04,
        1.4229e-05, 3.6903e-05, 4.1787e-05, 1.2800e-04, 1.9149e-05, 1.0829e-05,
        2.6159e-05, 2.6719e-05, 3.5166e-05, 2.6622e-05, 2.9610e-05, 3.5465e-05,
        3.3111e-05, 1.9935e-04, 7.6805e-05, 9.7328e-05, 1.1794e-06, 7.4795e-05,
        9.3671e-07, 1.4204e-05, 4.2935e-06, 1.1236e-06, 1.7386e-05, 7.5794e-05,
        2.4036e-05, 4.6377e-06, 8.3226e-05, 1.3077e-04, 7.9371e-06, 2.0475e-04,
        2.2580e-04, 2.8401e-05, 2.5382e-05, 5.4857e-05, 6.5800e-05, 1.0682e-04,
        2.7315e-05, 9.1389e-05, 1.3371e-04, 4.0746e-05, 3.4864e-06, 8.2856e-06,
        8.7778e-05, 6.7608e-05, 8.8142e-05, 1.0191e-04, 3.8977e-05, 4.6212e-05,
        4.4816e-05, 4.8693e-05, 1.4342e-05, 2.2671e-05, 7.4972e-06, 8.6889e-08,
        5.6010e-05, 1.4690e-05, 3.2247e-05, 1.4067e-04, 3.4498e-05, 3.8074e-05,
        2.5910e-06, 1.1176e-04, 7.3756e-05, 2.1360e-05, 1.4803e-04, 2.1519e-04,
        6.7745e-05, 1.0266e-07, 2.2406e-05, 1.2706e-05, 9.9156e-05, 1.1647e-05,
        3.4713e-05, 7.8736e-05, 2.9621e-05, 1.2983e-05, 1.1220e-04],
       grad_fn=<CatBackward>)

mean_overall=tensor(8.2954e-05, grad_fn=<MeanBackward0>)

-----------------------------------------------ITERATION270-----------------------------------------------

final_causality=[[1, 1, 1, 1, 1, 1, 1, 1, 1, 1, 1, 1, 1], [1, 1, 1, 1, 1, 1, 1, 1, 1, 1, 1, 1, 1, 1, 1, 1, 1, 1, 1, 1, 1, 1, 1, 1, 1, 1, 1, 1, 1, 1, 1, 1, 1, 1, 1, 1, 1, 1, 1, 1, 1, 1, 1, 1, 1, 1, 1, 1, 1, 1], [1, 1, 1, 1, 1, 1, 1, 1, 1, 1, 1, 1, 1, 1, 1, 1, 1, 1, 1, 1, 1, 1, 1, 1, 1, 1, 1, 1, 1, 1, 1, 1, 1, 1, 1, 1, 1, 1, 1, 1, 1, 1, 1, 1, 1, 1, 1, 1, 1, 1]]

means=tensor([1.1917e-04, 0.0000e+00, 0.0000e+00, 0.0000e+00, 3.6745e-04, 2.9916e-04,
        1.7326e-04, 1.5139e-04, 0.0000e+00, 0.0000e+00, 0.0000e+00, 1.6871e-03,
        6.7496e-04, 1.9129e-04, 1.8869e-05, 1.0912e-05, 1.6327e-05, 2.6742e-05,
        1.6652e-05, 1.8468e-04, 2.3876e-04, 2.1943e-04, 9.1847e-05, 3.3416e-05,
        3.8670e-05, 1.5344e-04, 1.1270e-04, 1.0567e-04, 4.9015e-05, 4.5641e-05,
        2.0352e-05, 1.0067e-04, 3.8145e-06, 1.6019e-04, 3.1567e-05, 2.2676e-04,
        1.5116e-05, 4.0326e-05, 4.4321e-05, 1.3576e-04, 2.1646e-05, 1.0418e-05,
        2.7701e-05, 3.0891e-05, 4.1332e-05, 3.0585e-05, 3.0417e-05, 3.8299e-05,
        3.2074e-05, 2.0848e-04, 8.8689e-05, 1.0320e-04, 1.3715e-06, 7.9553e-05,
        1.0752e-06, 1.7264e-05, 3.5963e-06, 1.8952e-06, 1.8468e-05, 8.0319e-05,
        2.4090e-05, 5.1072e-06, 8.9102e-05, 1.3887e-04, 8.4303e-06, 2.1512e-04,
        2.3923e-04, 3.1330e-05, 2.7468e-05, 5.7998e-05, 6.9399e-05, 1.1275e-04,
        2.9511e-05, 9.9248e-05, 1.4271e-04, 4.3681e-05, 3.2306e-06, 9.0363e-06,
        9.4410e-05, 7.0476e-05, 9.5662e-05, 1.1203e-04, 4.1836e-05, 4.9297e-05,
        5.0077e-05, 5.4078e-05, 1.3940e-05, 2.4474e-05, 9.0222e-06, 2.5465e-08,
        5.4262e-05, 1.5554e-05, 3.1913e-05, 1.4869e-04, 3.7185e-05, 3.9268e-05,
        2.6696e-06, 1.2099e-04, 7.1562e-05, 2.0828e-05, 1.5765e-04, 2.3194e-04,
        7.2320e-05, 2.3409e-07, 2.4208e-05, 1.3281e-05, 1.0714e-04, 1.0913e-05,
        3.7175e-05, 8.1369e-05, 3.2055e-05, 1.3544e-05, 1.1937e-04],
       grad_fn=<CatBackward>)

mean_overall=tensor(8.9190e-05, grad_fn=<MeanBackward0>)

-----------------------------------------------ITERATION280-----------------------------------------------

final_causality=[[1, 1, 1, 1, 1, 1, 1, 1, 1, 1, 1, 1, 1], [1, 1, 1, 1, 1, 1, 1, 1, 1, 1, 1, 1, 1, 1, 1, 1, 1, 1, 1, 1, 1, 1, 1, 1, 1, 1, 1, 1, 1, 1, 1, 1, 1, 1, 1, 1, 1, 1, 1, 1, 1, 1, 1, 1, 1, 1, 1, 1, 1, 1], [1, 1, 1, 1, 1, 1, 1, 1, 1, 1, 1, 1, 1, 1, 1, 1, 1, 1, 1, 1, 1, 1, 1, 1, 1, 1, 1, 1, 1, 1, 1, 1, 1, 1, 1, 1, 1, 1, 1, 1, 1, 1, 1, 1, 1, 1, 1, 1, 1, 1]]

means=tensor([1.3645e-04, 0.0000e+00, 0.0000e+00, 0.0000e+00, 4.0345e-04, 3.2098e-04,
        2.0102e-04, 1.6455e-04, 0.0000e+00, 0.0000e+00, 0.0000e+00, 1.8144e-03,
        7.4446e-04, 2.0383e-04, 2.3097e-05, 1.2499e-05, 1.5440e-05, 2.7310e-05,
        1.5161e-05, 1.9372e-04, 2.6075e-04, 2.2936e-04, 9.7266e-05, 3.3754e-05,
        4.2236e-05, 1.7015e-04, 1.2740e-04, 1.1325e-04, 5.4920e-05, 4.8214e-05,
        2.2056e-05, 1.0949e-04, 3.7127e-06, 1.6918e-04, 3.6172e-05, 2.3962e-04,
        1.6073e-05, 4.4082e-05, 4.7009e-05, 1.4401e-04, 2.4471e-05, 1.0025e-05,
        2.9481e-05, 3.5838e-05, 4.8893e-05, 3.5063e-05, 3.1254e-05, 4.1392e-05,
        3.1105e-05, 2.1804e-04, 1.0193e-04, 1.0942e-04, 1.5983e-06, 8.4957e-05,
        1.2386e-06, 2.0918e-05, 2.9020e-06, 2.6844e-06, 1.9672e-05, 8.5149e-05,
        2.4682e-05, 5.6646e-06, 9.5431e-05, 1.4755e-04, 9.1082e-06, 2.2600e-04,
        2.5345e-04, 3.4482e-05, 2.9701e-05, 6.1443e-05, 7.3354e-05, 1.1922e-04,
        3.1919e-05, 1.0768e-04, 1.5231e-04, 4.6852e-05, 2.9204e-06, 9.8699e-06,
        1.0153e-04, 7.3591e-05, 1.0359e-04, 1.2284e-04, 4.4937e-05, 5.2650e-05,
        5.5774e-05, 6.0563e-05, 1.4679e-05, 2.6463e-05, 1.0896e-05, 4.0914e-08,
        5.2399e-05, 1.6506e-05, 3.4043e-05, 1.5726e-04, 4.0424e-05, 4.0537e-05,
        2.8700e-06, 1.3081e-04, 6.9044e-05, 2.0229e-05, 1.6787e-04, 2.4979e-04,
        7.7333e-05, 3.7803e-07, 2.6179e-05, 1.3982e-05, 1.1572e-04, 1.0178e-05,
        3.9904e-05, 8.4708e-05, 3.4711e-05, 1.4214e-05, 1.2726e-04],
       grad_fn=<CatBackward>)

mean_overall=tensor(9.5988e-05, grad_fn=<MeanBackward0>)

-----------------------------------------------ITERATION290-----------------------------------------------

final_causality=[[1, 1, 1, 1, 1, 1, 1, 1, 1, 1, 1, 1, 1], [1, 1, 1, 1, 1, 1, 1, 1, 1, 1, 1, 1, 1, 1, 1, 1, 1, 1, 1, 1, 1, 1, 1, 1, 1, 1, 1, 1, 1, 1, 1, 1, 1, 1, 1, 1, 1, 1, 1, 1, 1, 1, 1, 1, 1, 1, 1, 1, 1, 1], [1, 1, 1, 1, 1, 1, 1, 1, 1, 1, 1, 1, 1, 1, 1, 1, 1, 1, 1, 1, 1, 1, 1, 1, 1, 1, 1, 1, 1, 1, 1, 1, 1, 1, 1, 1, 1, 1, 1, 1, 1, 1, 1, 1, 1, 1, 1, 1, 1, 1]]

means=tensor([1.5524e-04, 0.0000e+00, 0.0000e+00, 0.0000e+00, 4.4232e-04, 3.4494e-04,
        2.3159e-04, 1.7884e-04, 0.0000e+00, 0.0000e+00, 0.0000e+00, 1.9500e-03,
        8.1977e-04, 2.1718e-04, 2.7460e-05, 1.4319e-05, 1.4605e-05, 2.7939e-05,
        1.3727e-05, 2.0319e-04, 2.8418e-04, 2.3970e-04, 1.0373e-04, 3.4093e-05,
        4.6125e-05, 1.8821e-04, 1.4358e-04, 1.2157e-04, 6.1339e-05, 5.0894e-05,
        2.3921e-05, 1.1904e-04, 3.6351e-06, 1.7901e-04, 4.1248e-05, 2.5320e-04,
        1.7102e-05, 4.8197e-05, 4.9861e-05, 1.5276e-04, 2.7658e-05, 9.6482e-06,
        3.1360e-05, 4.1457e-05, 5.7531e-05, 4.0103e-05, 3.2121e-05, 4.4766e-05,
        3.0184e-05, 2.2804e-04, 1.1660e-04, 1.1621e-04, 1.8627e-06, 9.0886e-05,
        1.4282e-06, 2.5260e-05, 2.2091e-06, 3.4945e-06, 2.0937e-05, 9.0300e-05,
        2.5339e-05, 6.2743e-06, 1.0224e-04, 1.5683e-04, 9.9970e-06, 2.3740e-04,
        2.6849e-04, 3.8074e-05, 3.2278e-05, 6.5546e-05, 7.7683e-05, 1.2627e-04,
        3.4556e-05, 1.1672e-04, 1.6256e-04, 5.0277e-05, 2.5533e-06, 1.0795e-05,
        1.0917e-04, 7.6972e-05, 1.1195e-04, 1.3440e-04, 4.8298e-05, 5.6295e-05,
        6.1935e-05, 6.7705e-05, 1.6419e-05, 2.8658e-05, 1.3672e-05, 1.1339e-07,
        5.0420e-05, 1.7749e-05, 3.7645e-05, 1.6643e-04, 4.3972e-05, 4.1885e-05,
        3.0866e-06, 1.4125e-04, 6.6170e-05, 1.9556e-05, 1.7874e-04, 2.6878e-04,
        8.2811e-05, 5.3725e-07, 2.8335e-05, 1.5066e-05, 1.2490e-04, 9.5506e-06,
        4.2916e-05, 8.9595e-05, 3.7603e-05, 1.5162e-05, 1.3584e-04],
       grad_fn=<CatBackward>)

mean_overall=tensor(0.0001, grad_fn=<MeanBackward0>)

-----------------------------------------------ITERATION300-----------------------------------------------

final_causality=[[1, 1, 1, 1, 1, 1, 1, 1, 1, 1, 1, 1, 1], [1, 1, 1, 1, 1, 1, 1, 1, 1, 1, 1, 1, 1, 1, 1, 1, 1, 1, 1, 1, 1, 1, 1, 1, 1, 1, 1, 1, 1, 1, 1, 1, 1, 1, 1, 1, 1, 1, 1, 1, 1, 1, 1, 1, 1, 1, 1, 1, 1, 1], [1, 1, 1, 1, 1, 1, 1, 1, 1, 1, 1, 1, 1, 1, 1, 1, 1, 1, 1, 1, 1, 1, 1, 1, 1, 1, 1, 1, 1, 1, 1, 1, 1, 1, 1, 1, 1, 1, 1, 1, 1, 1, 1, 1, 1, 1, 1, 1, 1, 1]]

means=tensor([1.7563e-04, 0.0000e+00, 0.0000e+00, 0.0000e+00, 4.8425e-04, 3.7120e-04,
        2.6519e-04, 1.9433e-04, 0.0000e+00, 0.0000e+00, 0.0000e+00, 2.0942e-03,
        9.0125e-04, 2.3138e-04, 3.1979e-05, 1.6385e-05, 1.3821e-05, 2.8630e-05,
        1.2348e-05, 2.1371e-04, 3.0909e-04, 2.5046e-04, 1.1066e-04, 3.4433e-05,
        5.0362e-05, 2.0772e-04, 1.6134e-04, 1.3080e-04, 6.8311e-05, 5.3687e-05,
        2.5959e-05, 1.2936e-04, 3.5804e-06, 1.8977e-04, 4.6842e-05, 2.6751e-04,
        1.8202e-05, 5.2700e-05, 5.2883e-05, 1.6202e-04, 3.1256e-05, 9.2875e-06,
        3.3344e-05, 4.7806e-05, 6.7334e-05, 4.5753e-05, 3.3020e-05, 4.8441e-05,
        2.9308e-05, 2.3849e-04, 1.3276e-04, 1.2446e-04, 2.1677e-06, 9.7195e-05,
        1.6454e-06, 3.0385e-05, 1.5161e-06, 4.3281e-06, 2.2271e-05, 9.5788e-05,
        2.6065e-05, 6.9438e-06, 1.0955e-04, 1.6674e-04, 1.0980e-05, 2.4937e-04,
        2.8437e-04, 4.2858e-05, 3.5220e-05, 7.0832e-05, 8.2403e-05, 1.3393e-04,
        3.7437e-05, 1.2638e-04, 1.7349e-04, 5.3972e-05, 2.1274e-06, 1.1819e-05,
        1.1735e-04, 8.0641e-05, 1.2076e-04, 1.4672e-04, 5.1937e-05, 6.0256e-05,
        6.8582e-05, 7.5357e-05, 1.8519e-05, 3.1077e-05, 1.6985e-05, 1.9370e-07,
        4.8322e-05, 1.9167e-05, 4.3389e-05, 1.7619e-04, 4.7844e-05, 4.3313e-05,
        3.3206e-06, 1.5234e-04, 6.2909e-05, 2.0653e-05, 1.9030e-04, 2.8894e-04,
        8.8784e-05, 7.1547e-07, 3.0695e-05, 1.6430e-05, 1.3473e-04, 9.6487e-06,
        4.6228e-05, 9.6706e-05, 4.0748e-05, 1.6204e-05, 1.4516e-04],
       grad_fn=<CatBackward>)

mean_overall=tensor(0.0001, grad_fn=<MeanBackward0>)

-----------------------------------------------ITERATION310-----------------------------------------------

final_causality=[[1, 1, 1, 1, 1, 1, 1, 1, 1, 1, 1, 1, 1], [1, 1, 1, 1, 1, 1, 1, 1, 1, 1, 1, 1, 1, 1, 1, 1, 1, 1, 1, 1, 1, 1, 1, 1, 1, 1, 1, 1, 1, 1, 1, 1, 1, 1, 1, 1, 1, 1, 1, 1, 1, 1, 1, 1, 1, 1, 1, 1, 1, 1], [1, 1, 1, 1, 1, 1, 1, 1, 1, 1, 1, 1, 1, 1, 1, 1, 1, 1, 1, 1, 1, 1, 1, 1, 1, 1, 1, 1, 1, 1, 1, 1, 1, 1, 1, 1, 1, 1, 1, 1, 1, 1, 1, 1, 1, 1, 1, 1, 1, 1]]

means=tensor([1.9774e-04, 0.0000e+00, 0.0000e+00, 0.0000e+00, 5.2939e-04, 3.9994e-04,
        3.0203e-04, 2.1108e-04, 0.0000e+00, 0.0000e+00, 0.0000e+00, 2.2475e-03,
        9.8924e-04, 2.4644e-04, 3.6674e-05, 1.8745e-05, 1.3086e-05, 2.9388e-05,
        1.1023e-05, 2.2500e-04, 3.3548e-04, 2.6164e-04, 1.1805e-04, 3.4773e-05,
        5.4967e-05, 2.2863e-04, 1.8072e-04, 1.4063e-04, 7.5874e-05, 5.6599e-05,
        2.8185e-05, 1.4049e-04, 3.5484e-06, 2.0109e-04, 5.2997e-05, 2.8256e-04,
        1.9375e-05, 5.7618e-05, 5.6082e-05, 1.7181e-04, 3.5487e-05, 8.9419e-06,
        3.5437e-05, 5.4942e-05, 7.8383e-05, 5.2059e-05, 3.3952e-05, 5.2439e-05,
        2.8480e-05, 2.4938e-04, 1.5047e-04, 1.3323e-04, 2.5166e-06, 1.0390e-04,
        1.8919e-06, 3.6394e-05, 8.2162e-07, 5.1882e-06, 2.3679e-05, 1.0163e-04,
        2.6864e-05, 7.6809e-06, 1.1738e-04, 1.7729e-04, 1.2105e-05, 2.6192e-04,
        3.0111e-04, 4.8021e-05, 3.8365e-05, 7.6581e-05, 8.7530e-05, 1.4221e-04,
        4.0578e-05, 1.3668e-04, 1.8513e-04, 5.7956e-05, 1.6515e-06, 1.2950e-05,
        1.2610e-04, 8.6714e-05, 1.3004e-04, 1.5986e-04, 5.5873e-05, 6.4557e-05,
        7.5738e-05, 8.3551e-05, 2.0799e-05, 3.3742e-05, 2.0633e-05, 2.8298e-07,
        4.7716e-05, 2.0732e-05, 4.9550e-05, 1.8658e-04, 5.2058e-05, 4.4823e-05,
        3.5732e-06, 1.6411e-04, 5.9232e-05, 2.2238e-05, 2.0256e-04, 3.1029e-04,
        9.5275e-05, 9.1865e-07, 3.3277e-05, 1.7890e-05, 1.4521e-04, 1.0157e-05,
        4.9855e-05, 1.0634e-04, 4.4161e-05, 1.7520e-05, 1.5523e-04],
       grad_fn=<CatBackward>)

mean_overall=tensor(0.0001, grad_fn=<MeanBackward0>)

-----------------------------------------------ITERATION320-----------------------------------------------

final_causality=[[1, 1, 1, 1, 1, 1, 1, 1, 1, 1, 1, 1, 1], [1, 1, 1, 1, 1, 1, 1, 1, 1, 1, 1, 1, 1, 1, 1, 1, 1, 1, 1, 1, 1, 1, 1, 1, 1, 1, 1, 1, 1, 1, 1, 1, 1, 1, 1, 1, 1, 1, 1, 1, 1, 1, 1, 1, 1, 1, 1, 1, 1, 1], [1, 1, 1, 1, 1, 1, 1, 1, 1, 1, 1, 1, 1, 1, 1, 1, 1, 1, 1, 1, 1, 1, 1, 1, 1, 1, 1, 1, 1, 1, 1, 1, 1, 1, 1, 1, 1, 1, 1, 1, 1, 1, 1, 1, 1, 1, 1, 1, 1, 1]]

means=tensor([2.2164e-04, 0.0000e+00, 0.0000e+00, 0.0000e+00, 5.7787e-04, 4.3132e-04,
        3.4233e-04, 2.2917e-04, 0.0000e+00, 0.0000e+00, 0.0000e+00, 2.4099e-03,
        1.0841e-03, 2.6238e-04, 4.1561e-05, 2.1545e-05, 1.2400e-05, 3.0216e-05,
        9.7512e-06, 2.3679e-04, 3.6334e-04, 2.7322e-04, 1.2626e-04, 3.5114e-05,
        5.9962e-05, 2.5095e-04, 2.0179e-04, 1.5106e-04, 8.4063e-05, 5.9632e-05,
        3.0615e-05, 1.5245e-04, 3.5481e-06, 2.1299e-04, 5.9753e-05, 2.9835e-04,
        2.0617e-05, 6.2980e-05, 5.9465e-05, 1.8213e-04, 4.0566e-05, 8.7831e-06,
        3.7644e-05, 6.2921e-05, 9.0754e-05, 5.9065e-05, 3.4915e-05, 5.6778e-05,
        2.7697e-05, 2.6069e-04, 1.6975e-04, 1.4318e-04, 2.9127e-06, 1.1101e-04,
        2.1690e-06, 4.3387e-05, 1.2419e-07, 6.0769e-06, 2.5165e-05, 1.0783e-04,
        2.7742e-05, 8.4935e-06, 1.2576e-04, 1.8850e-04, 1.3559e-05, 2.7506e-04,
        3.1873e-04, 5.3587e-05, 4.1723e-05, 8.2808e-05, 9.3078e-05, 1.5112e-04,
        4.3994e-05, 1.4765e-04, 1.9749e-04, 6.2247e-05, 1.2900e-06, 1.4196e-05,
        1.3545e-04, 9.4833e-05, 1.3981e-04, 1.7382e-04, 6.0126e-05, 6.9224e-05,
        8.3424e-05, 9.2315e-05, 2.3361e-05, 3.6673e-05, 2.4632e-05, 3.8252e-07,
        5.0029e-05, 2.2542e-05, 5.6152e-05, 1.9761e-04, 5.6625e-05, 4.6736e-05,
        3.8455e-06, 1.7660e-04, 5.5118e-05, 2.3915e-05, 2.1555e-04, 3.3286e-04,
        1.0231e-04, 1.1541e-06, 3.6102e-05, 1.9451e-05, 1.5638e-04, 1.1637e-05,
        5.3811e-05, 1.1667e-04, 4.7856e-05, 1.9078e-05, 1.6609e-04],
       grad_fn=<CatBackward>)

mean_overall=tensor(0.0001, grad_fn=<MeanBackward0>)

-----------------------------------------------ITERATION330-----------------------------------------------

final_causality=[[1, 1, 1, 1, 1, 1, 1, 1, 1, 1, 1, 1, 1], [1, 1, 1, 1, 1, 1, 1, 1, 1, 1, 1, 1, 1, 1, 1, 1, 1, 1, 1, 1, 1, 1, 1, 1, 1, 1, 1, 1, 1, 1, 1, 1, 1, 1, 1, 1, 1, 1, 1, 1, 1, 1, 1, 1, 1, 1, 1, 1, 1, 1], [1, 1, 1, 1, 1, 1, 1, 1, 1, 1, 1, 1, 1, 1, 1, 1, 1, 1, 1, 1, 1, 1, 1, 1, 1, 1, 1, 1, 1, 1, 1, 1, 1, 1, 1, 1, 1, 1, 1, 1, 1, 1, 1, 1, 1, 1, 1, 1, 1, 1]]

means=tensor([2.4742e-04, 0.0000e+00, 0.0000e+00, 0.0000e+00, 6.2983e-04, 4.6548e-04,
        3.8628e-04, 2.4864e-04, 0.0000e+00, 0.0000e+00, 0.0000e+00, 2.5815e-03,
        1.1860e-03, 2.7921e-04, 4.6657e-05, 2.4681e-05, 1.1797e-05, 3.1117e-05,
        8.5321e-06, 2.4909e-04, 3.9266e-04, 2.8522e-04, 1.3580e-04, 3.5454e-05,
        6.5367e-05, 2.7469e-04, 2.2459e-04, 1.6210e-04, 9.2909e-05, 6.2790e-05,
        3.3262e-05, 1.6527e-04, 3.5677e-06, 2.2546e-04, 6.7146e-05, 3.1489e-04,
        2.1928e-05, 6.8811e-05, 6.3038e-05, 1.9298e-04, 4.6305e-05, 8.6699e-06,
        3.9969e-05, 7.1792e-05, 1.0461e-04, 6.6811e-05, 3.5911e-05, 6.1479e-05,
        2.6961e-05, 2.7285e-04, 1.9064e-04, 1.5422e-04, 3.3594e-06, 1.1853e-04,
        2.4779e-06, 5.1468e-05, 6.9928e-07, 6.9961e-06, 2.6737e-05, 1.1441e-04,
        2.8702e-05, 9.3900e-06, 1.3470e-04, 2.0040e-04, 1.5162e-05, 2.8881e-04,
        3.3723e-04, 5.9577e-05, 4.5303e-05, 8.9527e-05, 9.9059e-05, 1.6070e-04,
        4.7701e-05, 1.5929e-04, 2.1060e-04, 6.6862e-05, 1.1869e-06, 1.5562e-05,
        1.4541e-04, 1.0353e-04, 1.5009e-04, 1.8879e-04, 6.4710e-05, 7.4282e-05,
        9.1655e-05, 1.0167e-04, 2.6915e-05, 3.9891e-05, 2.8997e-05, 4.9580e-07,
        5.7832e-05, 2.4675e-05, 6.3214e-05, 2.0930e-04, 6.1558e-05, 4.9459e-05,
        4.1385e-06, 1.8982e-04, 5.0547e-05, 2.5685e-05, 2.2928e-04, 3.5666e-04,
        1.0991e-04, 1.4289e-06, 3.9189e-05, 2.1114e-05, 1.6825e-04, 1.3339e-05,
        5.8110e-05, 1.2772e-04, 5.1845e-05, 2.1022e-05, 1.7778e-04],
       grad_fn=<CatBackward>)

mean_overall=tensor(0.0001, grad_fn=<MeanBackward0>)

-----------------------------------------------ITERATION340-----------------------------------------------

final_causality=[[1, 1, 1, 1, 1, 1, 1, 1, 1, 1, 1, 1, 1], [1, 1, 1, 1, 1, 1, 1, 1, 1, 1, 1, 1, 1, 1, 1, 1, 1, 1, 1, 1, 1, 1, 1, 1, 1, 1, 1, 1, 1, 1, 1, 1, 1, 1, 1, 1, 1, 1, 1, 1, 1, 1, 1, 1, 1, 1, 1, 1, 1, 1], [1, 1, 1, 1, 1, 1, 1, 1, 1, 1, 1, 1, 1, 1, 1, 1, 1, 1, 1, 1, 1, 1, 1, 1, 1, 1, 1, 1, 1, 1, 1, 1, 1, 1, 1, 1, 1, 1, 1, 1, 1, 1, 1, 1, 1, 1, 1, 1, 1, 1]]

means=tensor([2.7516e-04, 0.0000e+00, 0.0000e+00, 0.0000e+00, 6.8537e-04, 5.0258e-04,
        4.3408e-04, 2.6954e-04, 0.0000e+00, 0.0000e+00, 0.0000e+00, 2.7625e-03,
        1.2954e-03, 2.9695e-04, 5.1975e-05, 2.8178e-05, 1.1251e-05, 3.2814e-05,
        7.3653e-06, 2.6188e-04, 4.2343e-04, 2.9761e-04, 1.4596e-04, 3.5794e-05,
        7.1201e-05, 2.9983e-04, 2.4915e-04, 1.7375e-04, 1.0244e-04, 6.6075e-05,
        3.6140e-05, 1.7896e-04, 3.6062e-06, 2.3850e-04, 7.5205e-05, 3.3215e-04,
        2.3303e-05, 7.5136e-05, 6.6803e-05, 2.0437e-04, 5.2705e-05, 8.5474e-06,
        4.2414e-05, 8.1600e-05, 1.2012e-04, 7.5333e-05, 3.6938e-05, 6.6558e-05,
        2.6270e-05, 2.8670e-04, 2.1315e-04, 1.6591e-04, 3.8605e-06, 1.2647e-04,
        2.8200e-06, 6.0732e-05, 1.4862e-06, 7.9471e-06, 2.8398e-05, 1.2137e-04,
        2.9751e-05, 1.0379e-05, 1.4422e-04, 2.1298e-04, 1.6926e-05, 3.0317e-04,
        3.5662e-04, 6.6007e-05, 4.9113e-05, 9.6747e-05, 1.0548e-04, 1.7093e-04,
        5.1714e-05, 1.7162e-04, 2.2447e-04, 7.1818e-05, 1.3656e-06, 1.7248e-05,
        1.5600e-04, 1.1283e-04, 1.6088e-04, 2.0464e-04, 6.9642e-05, 7.9754e-05,
        1.0044e-04, 1.1164e-04, 3.0771e-05, 4.3418e-05, 3.3737e-05, 6.2423e-07,
        6.7066e-05, 2.7016e-05, 7.1404e-05, 2.2164e-04, 6.6868e-05, 5.2361e-05,
        4.4529e-06, 2.0379e-04, 4.5507e-05, 2.9910e-05, 2.4378e-04, 3.8169e-04,
        1.1808e-04, 1.7526e-06, 4.2560e-05, 2.2884e-05, 1.8082e-04, 1.5603e-05,
        6.2762e-05, 1.3950e-04, 5.6140e-05, 2.3155e-05, 1.9029e-04],
       grad_fn=<CatBackward>)

mean_overall=tensor(0.0002, grad_fn=<MeanBackward0>)

-----------------------------------------------ITERATION350-----------------------------------------------

final_causality=[[1, 1, 1, 1, 1, 1, 1, 1, 1, 1, 1, 1, 1], [1, 1, 1, 1, 1, 1, 1, 1, 1, 1, 1, 1, 1, 1, 1, 1, 1, 1, 1, 1, 1, 1, 1, 1, 1, 1, 1, 1, 1, 1, 1, 1, 1, 1, 1, 1, 1, 1, 1, 1, 1, 1, 1, 1, 1, 1, 1, 1, 1, 1], [1, 1, 1, 1, 1, 1, 1, 1, 1, 1, 1, 1, 1, 1, 1, 1, 1, 1, 1, 1, 1, 1, 1, 1, 1, 1, 1, 1, 1, 1, 1, 1, 1, 1, 1, 1, 1, 1, 1, 1, 1, 1, 1, 1, 1, 1, 1, 1, 1, 1]]

means=tensor([3.0492e-04, 0.0000e+00, 0.0000e+00, 0.0000e+00, 7.4455e-04, 5.4272e-04,
        4.8589e-04, 2.9191e-04, 0.0000e+00, 0.0000e+00, 0.0000e+00, 2.9526e-03,
        1.4122e-03, 3.1559e-04, 5.7526e-05, 3.2058e-05, 1.0745e-05, 3.4722e-05,
        6.2510e-06, 2.7514e-04, 4.5559e-04, 3.1036e-04, 1.5674e-04, 3.6133e-05,
        7.7477e-05, 3.2634e-04, 2.7546e-04, 1.8600e-04, 1.1266e-04, 6.9488e-05,
        3.9264e-05, 1.9355e-04, 3.6624e-06, 2.5209e-04, 8.3951e-05, 3.5012e-04,
        2.4738e-05, 8.1977e-05, 7.0763e-05, 2.1628e-04, 5.9803e-05, 8.4154e-06,
        4.5091e-05, 9.2379e-05, 1.3717e-04, 8.4659e-05, 3.7993e-05, 7.2030e-05,
        2.5624e-05, 3.0103e-04, 2.3753e-04, 1.7825e-04, 4.4191e-06, 1.3483e-04,
        3.1961e-06, 7.1272e-05, 2.2809e-06, 8.9303e-06, 3.0153e-05, 1.2871e-04,
        3.0890e-05, 1.1467e-05, 1.5431e-04, 2.2625e-04, 1.8859e-05, 3.1815e-04,
        3.7690e-04, 7.2890e-05, 5.3158e-05, 1.0447e-04, 1.1235e-04, 1.8182e-04,
        5.6043e-05, 1.8464e-04, 2.3909e-04, 7.7130e-05, 1.7708e-06, 1.9333e-05,
        1.6723e-04, 1.2274e-04, 1.7219e-04, 2.2135e-04, 7.4932e-05, 8.5664e-05,
        1.0980e-04, 1.2224e-04, 3.4938e-05, 4.7276e-05, 3.8955e-05, 7.6928e-07,
        7.6960e-05, 2.9574e-05, 8.0781e-05, 2.3465e-04, 7.2561e-05, 5.5441e-05,
        4.7893e-06, 2.1853e-04, 3.9993e-05, 3.4420e-05, 2.5903e-04, 4.0792e-04,
        1.2684e-04, 2.1368e-06, 4.6236e-05, 2.5098e-05, 1.9411e-04, 1.8053e-05,
        6.7773e-05, 1.5204e-04, 6.0748e-05, 2.5483e-05, 2.0364e-04],
       grad_fn=<CatBackward>)

mean_overall=tensor(0.0002, grad_fn=<MeanBackward0>)

-----------------------------------------------ITERATION360-----------------------------------------------

final_causality=[[1, 1, 1, 1, 1, 1, 1, 1, 1, 1, 1, 1, 1], [1, 1, 1, 1, 1, 1, 1, 1, 1, 1, 1, 1, 1, 1, 1, 1, 1, 1, 1, 1, 1, 1, 1, 1, 1, 1, 1, 1, 1, 1, 1, 1, 1, 1, 1, 1, 1, 1, 1, 1, 1, 1, 1, 1, 1, 1, 1, 1, 1, 1], [1, 1, 1, 1, 1, 1, 1, 1, 1, 1, 1, 1, 1, 1, 1, 1, 1, 1, 1, 1, 1, 1, 1, 1, 1, 1, 1, 1, 1, 1, 1, 1, 1, 1, 1, 1, 1, 1, 1, 1, 1, 1, 1, 1, 1, 1, 1, 1, 1, 1]]

means=tensor([3.3672e-04, 0.0000e+00, 0.0000e+00, 0.0000e+00, 8.0741e-04, 5.8603e-04,
        5.4186e-04, 3.1577e-04, 0.0000e+00, 0.0000e+00, 0.0000e+00, 3.1516e-03,
        1.5368e-03, 3.3512e-04, 6.3315e-05, 3.6361e-05, 1.0276e-05, 3.6766e-05,
        5.1895e-06, 2.8885e-04, 4.8909e-04, 3.2347e-04, 1.6815e-04, 3.6467e-05,
        8.4207e-05, 3.5418e-04, 3.0350e-04, 1.9884e-04, 1.2360e-04, 7.3029e-05,
        4.2643e-05, 2.0901e-04, 3.7354e-06, 2.6622e-04, 9.3399e-05, 3.6877e-04,
        2.6226e-05, 8.9352e-05, 7.4920e-05, 2.2869e-04, 6.7629e-05, 8.2731e-06,
        4.8091e-05, 1.0416e-04, 1.5577e-04, 9.4807e-05, 3.9074e-05, 7.7907e-05,
        2.5024e-05, 3.1583e-04, 2.6371e-04, 1.9122e-04, 5.0385e-06, 1.4360e-04,
        3.6069e-06, 8.3169e-05, 3.0847e-06, 9.9451e-06, 3.2005e-05, 1.3645e-04,
        3.2126e-05, 1.2664e-05, 1.6499e-04, 2.4021e-04, 2.0969e-05, 3.3372e-04,
        3.9803e-04, 8.0230e-05, 5.7441e-05, 1.1270e-04, 1.1967e-04, 1.9337e-04,
        6.0702e-05, 1.9836e-04, 2.5447e-04, 8.2807e-05, 2.7172e-06, 2.1600e-05,
        1.7910e-04, 1.3327e-04, 1.8401e-04, 2.3890e-04, 8.0591e-05, 9.2029e-05,
        1.1972e-04, 1.3346e-04, 3.9421e-05, 5.1482e-05, 4.4712e-05, 9.3307e-07,
        8.7568e-05, 3.2360e-05, 9.0739e-05, 2.4830e-04, 7.8640e-05, 5.9169e-05,
        5.1480e-06, 2.3404e-04, 3.4005e-05, 3.9209e-05, 2.7503e-04, 4.3534e-04,
        1.3620e-04, 2.5949e-06, 5.0236e-05, 2.7763e-05, 2.0812e-04, 2.0687e-05,
        7.3149e-05, 1.6531e-04, 6.5674e-05, 2.8013e-05, 2.1784e-04],
       grad_fn=<CatBackward>)

mean_overall=tensor(0.0002, grad_fn=<MeanBackward0>)

-----------------------------------------------ITERATION370-----------------------------------------------

final_causality=[[1, 1, 1, 1, 1, 1, 1, 1, 1, 1, 1, 1, 1], [1, 1, 1, 1, 1, 1, 1, 1, 1, 1, 1, 1, 1, 1, 1, 1, 1, 1, 1, 1, 1, 1, 1, 1, 1, 1, 1, 1, 1, 1, 1, 1, 1, 1, 1, 1, 1, 1, 1, 1, 1, 1, 1, 1, 1, 1, 1, 1, 1, 1], [1, 1, 1, 1, 1, 1, 1, 1, 1, 1, 1, 1, 1, 1, 1, 1, 1, 1, 1, 1, 1, 1, 1, 1, 1, 1, 1, 1, 1, 1, 1, 1, 1, 1, 1, 1, 1, 1, 1, 1, 1, 1, 1, 1, 1, 1, 1, 1, 1, 1]]

means=tensor([3.7061e-04, 0.0000e+00, 0.0000e+00, 0.0000e+00, 8.7393e-04, 6.3256e-04,
        6.0209e-04, 3.4113e-04, 0.0000e+00, 0.0000e+00, 0.0000e+00, 3.3590e-03,
        1.6691e-03, 3.5550e-04, 6.9344e-05, 4.1366e-05, 9.8596e-06, 3.8949e-05,
        4.1819e-06, 3.0297e-04, 5.2387e-04, 3.3688e-04, 1.8016e-04, 3.6797e-05,
        9.1397e-05, 3.8328e-04, 3.3322e-04, 2.1225e-04, 1.3525e-04, 7.6693e-05,
        4.6287e-05, 2.2535e-04, 3.8238e-06, 2.8084e-04, 1.0355e-04, 3.8806e-04,
        2.7759e-05, 9.7273e-05, 7.9271e-05, 2.4159e-04, 7.6206e-05, 8.1199e-06,
        5.1228e-05, 1.1694e-04, 1.7593e-04, 1.0579e-04, 4.0178e-05, 8.4196e-05,
        2.4583e-05, 3.3105e-04, 2.9150e-04, 2.0480e-04, 5.7217e-06, 1.5277e-04,
        4.0528e-06, 9.6489e-05, 3.8983e-06, 1.0990e-05, 3.3956e-05, 1.4457e-04,
        3.3462e-05, 1.3975e-05, 1.7624e-04, 2.5485e-04, 2.3263e-05, 3.4986e-04,
        4.1998e-04, 8.8025e-05, 6.1962e-05, 1.2142e-04, 1.2743e-04, 2.0555e-04,
        6.5695e-05, 2.1276e-04, 2.7057e-04, 8.8861e-05, 3.7489e-06, 2.4050e-05,
        1.9162e-04, 1.4440e-04, 1.9634e-04, 2.5728e-04, 8.6622e-05, 9.8865e-05,
        1.3020e-04, 1.4531e-04, 4.4220e-05, 5.6055e-05, 5.0866e-05, 1.1179e-06,
        9.9023e-05, 3.5382e-05, 1.0127e-04, 2.6259e-04, 8.5106e-05, 6.3524e-05,
        5.5288e-06, 2.5030e-04, 2.9510e-05, 4.4327e-05, 2.9176e-04, 4.6389e-04,
        1.4614e-04, 3.1425e-06, 5.4578e-05, 3.0896e-05, 2.2283e-04, 2.3504e-05,
        7.8889e-05, 1.7932e-04, 7.0920e-05, 3.0748e-05, 2.3285e-04],
       grad_fn=<CatBackward>)

mean_overall=tensor(0.0002, grad_fn=<MeanBackward0>)

-----------------------------------------------ITERATION380-----------------------------------------------

final_causality=[[1, 1, 1, 1, 1, 1, 1, 1, 1, 1, 1, 1, 1], [1, 1, 1, 1, 1, 1, 1, 1, 1, 1, 1, 1, 1, 1, 1, 1, 1, 1, 1, 1, 1, 1, 1, 1, 1, 1, 1, 1, 1, 1, 1, 1, 1, 1, 1, 1, 1, 1, 1, 1, 1, 1, 1, 1, 1, 1, 1, 1, 1, 1], [1, 1, 1, 1, 1, 1, 1, 1, 1, 1, 1, 1, 1, 1, 1, 1, 1, 1, 1, 1, 1, 1, 1, 1, 1, 1, 1, 1, 1, 1, 1, 1, 1, 1, 1, 1, 1, 1, 1, 1, 1, 1, 1, 1, 1, 1, 1, 1, 1, 1]]

means=tensor([4.0657e-04, 0.0000e+00, 0.0000e+00, 0.0000e+00, 9.4407e-04, 6.8236e-04,
        6.6666e-04, 3.6797e-04, 0.0000e+00, 0.0000e+00, 0.0000e+00, 3.5740e-03,
        1.8090e-03, 3.7672e-04, 7.5608e-05, 4.6854e-05, 9.4937e-06, 4.1276e-05,
        3.2297e-06, 3.1746e-04, 5.5984e-04, 3.5057e-04, 1.9276e-04, 3.7119e-05,
        9.9049e-05, 4.1356e-04, 3.6454e-04, 2.2618e-04, 1.4759e-04, 8.0475e-05,
        5.0204e-05, 2.4253e-04, 3.9264e-06, 2.9593e-04, 1.1440e-04, 4.0793e-04,
        2.9358e-05, 1.0575e-04, 8.3812e-05, 2.5493e-04, 8.5546e-05, 7.9545e-06,
        5.4499e-05, 1.3074e-04, 1.9763e-04, 1.1760e-04, 4.1298e-05, 9.0899e-05,
        2.4371e-05, 3.4664e-04, 3.2083e-04, 2.1896e-04, 6.4710e-06, 1.6234e-04,
        4.5339e-06, 1.1128e-04, 4.7223e-06, 1.2061e-05, 3.6007e-05, 1.5306e-04,
        3.4899e-05, 1.5407e-05, 1.8806e-04, 2.7014e-04, 2.5747e-05, 3.6654e-04,
        4.4272e-04, 9.6266e-05, 6.6719e-05, 1.3062e-04, 1.3563e-04, 2.1835e-04,
        7.1027e-05, 2.2783e-04, 2.8736e-04, 9.5294e-05, 4.8664e-06, 2.6685e-05,
        2.0477e-04, 1.5613e-04, 2.0915e-04, 2.7644e-04, 9.3023e-05, 1.0618e-04,
        1.4123e-04, 1.5776e-04, 4.9330e-05, 6.1010e-05, 5.7410e-05, 1.3260e-06,
        1.1110e-04, 3.8645e-05, 1.1237e-04, 2.7748e-04, 9.1952e-05, 6.8098e-05,
        6.1489e-06, 2.6730e-04, 2.7939e-05, 5.1015e-05, 3.0917e-04, 4.9351e-04,
        1.5665e-04, 3.7974e-06, 5.9277e-05, 3.4209e-05, 2.3821e-04, 2.6496e-05,
        8.4988e-05, 1.9403e-04, 7.6481e-05, 3.3687e-05, 2.4865e-04],
       grad_fn=<CatBackward>)

mean_overall=tensor(0.0002, grad_fn=<MeanBackward0>)

-----------------------------------------------ITERATION390-----------------------------------------------

final_causality=[[1, 1, 1, 1, 1, 1, 1, 1, 1, 1, 1, 1, 1], [1, 1, 1, 1, 1, 1, 1, 1, 1, 1, 1, 1, 1, 1, 1, 1, 1, 1, 1, 1, 1, 1, 1, 1, 1, 1, 1, 1, 1, 1, 1, 1, 1, 1, 1, 1, 1, 1, 1, 1, 1, 1, 1, 1, 1, 1, 1, 1, 1, 1], [1, 1, 1, 1, 1, 1, 1, 1, 1, 1, 1, 1, 1, 1, 1, 1, 1, 1, 1, 1, 1, 1, 1, 1, 1, 1, 1, 1, 1, 1, 1, 1, 1, 1, 1, 1, 1, 1, 1, 1, 1, 1, 1, 1, 1, 1, 1, 1, 1, 1]]

means=tensor([4.4459e-04, 0.0000e+00, 0.0000e+00, 0.0000e+00, 1.0177e-03, 7.3544e-04,
        7.3559e-04, 3.9627e-04, 0.0000e+00, 0.0000e+00, 0.0000e+00, 3.7959e-03,
        1.9565e-03, 3.9872e-04, 8.2098e-05, 5.2827e-05, 9.1592e-06, 4.3750e-05,
        2.3351e-06, 3.3228e-04, 5.9690e-04, 3.6448e-04, 2.0591e-04, 3.7430e-05,
        1.0716e-04, 4.4491e-04, 3.9736e-04, 2.4059e-04, 1.6062e-04, 8.4369e-05,
        5.4397e-05, 2.6051e-04, 4.0421e-06, 3.1144e-04, 1.2592e-04, 4.2832e-04,
        3.1022e-05, 1.1478e-04, 8.8537e-05, 2.6867e-04, 9.5651e-05, 7.7758e-06,
        5.7897e-05, 1.4554e-04, 2.2081e-04, 1.3022e-04, 4.2428e-05, 9.8014e-05,
        2.4473e-05, 3.6255e-04, 3.5163e-04, 2.3364e-04, 7.2882e-06, 1.7226e-04,
        5.0968e-06, 1.2758e-04, 5.5568e-06, 1.3155e-05, 3.8158e-05, 1.6191e-04,
        3.6442e-05, 1.6964e-05, 2.0041e-04, 2.8605e-04, 2.8423e-05, 3.8372e-04,
        4.6616e-04, 1.0493e-04, 7.1705e-05, 1.4028e-04, 1.4423e-04, 2.3172e-04,
        7.6697e-05, 2.4352e-04, 3.0480e-04, 1.0210e-04, 6.0691e-06, 2.9502e-05,
        2.1852e-04, 1.6844e-04, 2.2243e-04, 2.9633e-04, 9.9787e-05, 1.1398e-04,
        1.5278e-04, 1.7080e-04, 5.4741e-05, 6.6357e-05, 6.4328e-05, 1.5598e-06,
        1.2377e-04, 4.2153e-05, 1.2400e-04, 2.9293e-04, 9.9166e-05, 7.2874e-05,
        7.0024e-06, 2.8499e-04, 3.1384e-05, 5.8037e-05, 3.2724e-04, 5.2412e-04,
        1.6771e-04, 4.5792e-06, 6.4344e-05, 3.7694e-05, 2.5423e-04, 2.9656e-05,
        9.1434e-05, 2.0941e-04, 8.2349e-05, 3.6828e-05, 2.6521e-04],
       grad_fn=<CatBackward>)

mean_overall=tensor(0.0002, grad_fn=<MeanBackward0>)

-----------------------------------------------ITERATION400-----------------------------------------------

final_causality=[[1, 1, 1, 1, 1, 1, 1, 1, 1, 1, 1, 1, 1], [1, 1, 1, 1, 1, 1, 1, 1, 1, 1, 1, 1, 1, 1, 1, 1, 1, 1, 1, 1, 1, 1, 1, 1, 1, 1, 1, 1, 1, 1, 1, 1, 1, 1, 1, 1, 1, 1, 1, 1, 1, 1, 1, 1, 1, 1, 1, 1, 1, 1], [1, 1, 1, 1, 1, 1, 1, 1, 1, 1, 1, 1, 1, 1, 1, 1, 1, 1, 1, 1, 1, 1, 1, 1, 1, 1, 1, 1, 1, 1, 1, 1, 1, 1, 1, 1, 1, 1, 1, 1, 1, 1, 1, 1, 1, 1, 1, 1, 1, 1]]

means=tensor([4.8461e-04, 0.0000e+00, 0.0000e+00, 0.0000e+00, 1.0947e-03, 7.9177e-04,
        8.0884e-04, 4.2596e-04, 0.0000e+00, 0.0000e+00, 0.0000e+00, 4.0236e-03,
        2.1112e-03, 4.2145e-04, 8.8796e-05, 5.9277e-05, 8.8550e-06, 4.6372e-05,
        1.5008e-06, 3.4736e-04, 6.3493e-04, 3.7855e-04, 2.1955e-04, 3.7729e-05,
        1.1571e-04, 4.7720e-04, 4.3154e-04, 2.5543e-04, 1.7427e-04, 8.8364e-05,
        5.8866e-05, 2.7925e-04, 4.1694e-06, 3.2731e-04, 1.3808e-04, 4.4915e-04,
        3.2702e-05, 1.2436e-04, 9.3436e-05, 2.8276e-04, 1.0651e-04, 7.5821e-06,
        6.1413e-05, 1.6130e-04, 2.4539e-04, 1.4362e-04, 4.3562e-05, 1.0553e-04,
        2.4595e-05, 3.7870e-04, 3.8383e-04, 2.4878e-04, 8.1749e-06, 1.8252e-04,
        5.7658e-06, 1.4537e-04, 6.4015e-06, 1.4265e-05, 4.0406e-05, 1.7110e-04,
        3.8090e-05, 1.8649e-05, 2.1326e-04, 3.0254e-04, 3.1292e-05, 4.0134e-04,
        4.9025e-04, 1.1400e-04, 7.6908e-05, 1.5037e-04, 1.5322e-04, 2.4562e-04,
        8.2697e-05, 2.5981e-04, 3.2282e-04, 1.0929e-04, 7.3553e-06, 3.2495e-05,
        2.3283e-04, 1.8127e-04, 2.3612e-04, 3.1688e-04, 1.0690e-04, 1.2226e-04,
        1.6484e-04, 1.8438e-04, 6.0436e-05, 7.2101e-05, 7.1596e-05, 1.8217e-06,
        1.3699e-04, 4.5904e-05, 1.3614e-04, 3.0890e-04, 1.0673e-04, 7.7828e-05,
        7.9216e-06, 3.0334e-04, 3.5288e-05, 6.5366e-05, 3.4588e-04, 5.5560e-04,
        1.7929e-04, 5.5095e-06, 6.9785e-05, 4.1344e-05, 2.7085e-04, 3.2972e-05,
        9.8212e-05, 2.2539e-04, 8.8509e-05, 4.0164e-05, 2.8245e-04],
       grad_fn=<CatBackward>)

mean_overall=tensor(0.0002, grad_fn=<MeanBackward0>)

-----------------------------------------------ITERATION410-----------------------------------------------

final_causality=[[1, 1, 1, 1, 1, 1, 1, 1, 1, 1, 1, 1, 1], [1, 1, 1, 1, 1, 1, 1, 1, 1, 1, 1, 1, 1, 1, 1, 1, 1, 1, 1, 1, 1, 1, 1, 1, 1, 1, 1, 1, 1, 1, 1, 1, 1, 1, 1, 1, 1, 1, 1, 1, 1, 1, 1, 1, 1, 1, 1, 1, 1, 1], [1, 1, 1, 1, 1, 1, 1, 1, 1, 1, 1, 1, 1, 1, 1, 1, 1, 1, 1, 1, 1, 1, 1, 1, 1, 1, 1, 1, 1, 1, 1, 1, 1, 1, 1, 1, 1, 1, 1, 1, 1, 1, 1, 1, 1, 1, 1, 1, 1, 1]]

means=tensor([5.2655e-04, 0.0000e+00, 0.0000e+00, 0.0000e+00, 1.1747e-03, 8.5127e-04,
        8.8634e-04, 4.5698e-04, 0.0000e+00, 0.0000e+00, 0.0000e+00, 4.2555e-03,
        2.2728e-03, 4.4481e-04, 9.5678e-05, 6.6184e-05, 8.6646e-06, 4.9139e-05,
        7.2990e-07, 3.6263e-04, 6.7379e-04, 3.9273e-04, 2.3362e-04, 3.8010e-05,
        1.2468e-04, 5.1027e-04, 4.6693e-04, 2.7063e-04, 1.8852e-04, 9.2445e-05,
        6.3606e-05, 2.9866e-04, 4.3977e-06, 3.4346e-04, 1.5084e-04, 4.7033e-04,
        3.4384e-05, 1.3446e-04, 9.8497e-05, 2.9732e-04, 1.1809e-04, 7.3719e-06,
        6.5033e-05, 1.7796e-04, 2.7128e-04, 1.5776e-04, 4.4690e-05, 1.1343e-04,
        2.4735e-05, 3.9501e-04, 4.1732e-04, 2.6430e-04, 9.1318e-06, 1.9306e-04,
        6.5017e-06, 1.6465e-04, 7.2556e-06, 1.5383e-05, 4.2748e-05, 1.8059e-04,
        3.9845e-05, 2.0463e-05, 2.2658e-04, 3.1954e-04, 3.4349e-05, 4.1932e-04,
        5.1486e-04, 1.2343e-04, 8.2520e-05, 1.6083e-04, 1.6257e-04, 2.5999e-04,
        8.9015e-05, 2.7664e-04, 3.4136e-04, 1.1682e-04, 8.7299e-06, 3.5657e-05,
        2.4767e-04, 1.9459e-04, 2.5018e-04, 3.3802e-04, 1.1434e-04, 1.3100e-04,
        1.7735e-04, 1.9846e-04, 6.6393e-05, 7.8242e-05, 7.9185e-05, 2.1135e-06,
        1.5068e-04, 4.9892e-05, 1.4873e-04, 3.2532e-04, 1.1462e-04, 8.3125e-05,
        8.8950e-06, 3.2226e-04, 3.9295e-05, 7.2971e-05, 3.6503e-04, 5.8783e-04,
        1.9133e-04, 6.6111e-06, 7.5599e-05, 4.5147e-05, 2.8800e-04, 3.6430e-05,
        1.0530e-04, 2.4192e-04, 9.4940e-05, 4.3683e-05, 3.0031e-04],
       grad_fn=<CatBackward>)

mean_overall=tensor(0.0002, grad_fn=<MeanBackward0>)

-----------------------------------------------ITERATION420-----------------------------------------------

final_causality=[[1, 1, 1, 1, 1, 1, 1, 1, 1, 1, 1, 1, 1], [1, 1, 1, 1, 1, 1, 1, 1, 1, 1, 1, 1, 1, 1, 1, 1, 1, 1, 1, 1, 1, 1, 1, 1, 1, 1, 1, 1, 1, 1, 1, 1, 1, 1, 1, 1, 1, 1, 1, 1, 1, 1, 1, 1, 1, 1, 1, 1, 1, 1], [1, 1, 1, 1, 1, 1, 1, 1, 1, 1, 1, 1, 1, 1, 1, 1, 1, 1, 1, 1, 1, 1, 1, 1, 1, 1, 1, 1, 1, 1, 1, 1, 1, 1, 1, 1, 1, 1, 1, 1, 1, 1, 1, 1, 1, 1, 1, 1, 1, 1]]

means=tensor([5.7030e-04, 0.0000e+00, 0.0000e+00, 0.0000e+00, 1.2576e-03, 9.1382e-04,
        9.6794e-04, 4.8922e-04, 0.0000e+00, 0.0000e+00, 0.0000e+00, 4.4903e-03,
        2.4409e-03, 4.6874e-04, 1.0271e-04, 7.3520e-05, 8.5572e-06, 5.2048e-05,
        2.9954e-07, 3.7800e-04, 7.1333e-04, 4.0692e-04, 2.4804e-04, 3.8272e-05,
        1.3404e-04, 5.4396e-04, 5.0335e-04, 2.8610e-04, 2.0327e-04, 9.6599e-05,
        6.8607e-05, 3.1868e-04, 4.6614e-06, 3.6009e-04, 1.6411e-04, 4.9175e-04,
        3.6050e-05, 1.4507e-04, 1.0370e-04, 3.1284e-04, 1.3034e-04, 7.1434e-06,
        6.8744e-05, 1.9547e-04, 2.9835e-04, 1.7257e-04, 4.5803e-05, 1.2168e-04,
        2.4893e-05, 4.1141e-04, 4.5198e-04, 2.8014e-04, 1.0159e-05, 2.0385e-04,
        7.3071e-06, 1.8534e-04, 8.1179e-06, 1.6499e-05, 4.5176e-05, 1.9034e-04,
        4.1705e-05, 2.2403e-05, 2.4030e-04, 3.3697e-04, 3.7587e-05, 4.3758e-04,
        5.3989e-04, 1.3318e-04, 8.8366e-05, 1.7163e-04, 1.7222e-04, 2.7475e-04,
        9.5628e-05, 2.9392e-04, 3.6031e-04, 1.2469e-04, 1.0183e-05, 3.8974e-05,
        2.6296e-04, 2.0834e-04, 2.6456e-04, 3.5963e-04, 1.2208e-04, 1.4017e-04,
        1.9026e-04, 2.1296e-04, 7.2582e-05, 8.4771e-05, 8.7056e-05, 2.4370e-06,
        1.6478e-04, 5.4107e-05, 1.6171e-04, 3.4210e-04, 1.2280e-04, 8.9852e-05,
        9.9195e-06, 3.4169e-04, 4.3375e-05, 8.0815e-05, 3.8460e-04, 6.2066e-04,
        2.0378e-04, 7.9079e-06, 8.1776e-05, 4.9086e-05, 3.0559e-04, 4.0012e-05,
        1.1266e-04, 2.5889e-04, 1.0161e-04, 4.7370e-05, 3.1870e-04],
       grad_fn=<CatBackward>)

mean_overall=tensor(0.0003, grad_fn=<MeanBackward0>)

-----------------------------------------------ITERATION430-----------------------------------------------

final_causality=[[1, 1, 1, 1, 1, 1, 1, 1, 1, 1, 1, 1, 1], [1, 1, 1, 1, 1, 1, 1, 1, 1, 1, 1, 1, 1, 1, 1, 1, 1, 1, 1, 1, 1, 1, 1, 1, 1, 1, 1, 1, 1, 1, 1, 1, 1, 1, 1, 1, 1, 1, 1, 1, 1, 1, 1, 1, 1, 1, 1, 1, 1, 1], [1, 1, 1, 1, 1, 1, 1, 1, 1, 1, 1, 1, 1, 1, 1, 1, 1, 1, 1, 1, 1, 1, 1, 1, 1, 1, 1, 1, 1, 1, 1, 1, 1, 1, 1, 1, 1, 1, 1, 1, 1, 1, 1, 1, 1, 1, 1, 1, 1, 1]]

means=tensor([6.1573e-04, 0.0000e+00, 0.0000e+00, 0.0000e+00, 1.3430e-03, 9.7926e-04,
        1.0534e-03, 5.2256e-04, 0.0000e+00, 0.0000e+00, 0.0000e+00, 4.7259e-03,
        2.6147e-03, 4.9312e-04, 1.0986e-04, 8.1242e-05, 8.4633e-06, 5.5092e-05,
        9.3954e-07, 3.9340e-04, 7.5337e-04, 4.2106e-04, 2.6270e-04, 3.8509e-05,
        1.4375e-04, 5.7808e-04, 5.4059e-04, 3.0175e-04, 2.1845e-04, 1.0080e-04,
        7.3854e-05, 3.3920e-04, 4.9462e-06, 3.7700e-04, 1.7839e-04, 5.1331e-04,
        3.7680e-05, 1.5614e-04, 1.0903e-04, 3.2851e-04, 1.4322e-04, 6.8946e-06,
        7.2525e-05, 2.1373e-04, 3.2644e-04, 1.8797e-04, 4.6890e-05, 1.3026e-04,
        2.5070e-05, 4.2778e-04, 4.8767e-04, 2.9617e-04, 1.1358e-05, 2.1482e-04,
        8.1841e-06, 2.0738e-04, 8.9865e-06, 1.7603e-05, 4.7683e-05, 2.0032e-04,
        4.4380e-05, 2.4465e-05, 2.5435e-04, 3.5475e-04, 4.0995e-05, 4.5603e-04,
        5.6521e-04, 1.4319e-04, 9.4377e-05, 1.8270e-04, 1.8212e-04, 2.8982e-04,
        1.0251e-04, 3.1159e-04, 3.7956e-04, 1.3287e-04, 1.1705e-05, 4.2430e-05,
        2.7862e-04, 2.2243e-04, 2.7917e-04, 3.8160e-04, 1.3009e-04, 1.4975e-04,
        2.0351e-04, 2.2782e-04, 7.8970e-05, 9.1672e-05, 9.5164e-05, 2.7933e-06,
        1.7922e-04, 5.8532e-05, 1.7501e-04, 3.5915e-04, 1.3122e-04, 9.8260e-05,
        1.0991e-05, 3.6151e-04, 4.7495e-05, 8.8852e-05, 4.0448e-04, 6.5390e-04,
        2.1656e-04, 9.4237e-06, 8.8299e-05, 5.3143e-05, 3.2354e-04, 4.3697e-05,
        1.2026e-04, 2.7621e-04, 1.0850e-04, 5.1206e-05, 3.3750e-04],
       grad_fn=<CatBackward>)

mean_overall=tensor(0.0003, grad_fn=<MeanBackward0>)

-----------------------------------------------ITERATION440-----------------------------------------------

final_causality=[[1, 1, 1, 1, 1, 1, 1, 1, 1, 1, 1, 1, 1], [1, 1, 1, 1, 1, 1, 1, 1, 1, 1, 1, 1, 1, 1, 1, 1, 1, 1, 1, 1, 1, 1, 1, 1, 1, 1, 1, 1, 1, 1, 1, 1, 1, 1, 1, 1, 1, 1, 1, 1, 1, 1, 1, 1, 1, 1, 1, 1, 1, 1], [1, 1, 1, 1, 1, 1, 1, 1, 1, 1, 1, 1, 1, 1, 1, 1, 1, 1, 1, 1, 1, 1, 1, 1, 1, 1, 1, 1, 1, 1, 1, 1, 1, 1, 1, 1, 1, 1, 1, 1, 1, 1, 1, 1, 1, 1, 1, 1, 1, 1]]

means=tensor([6.6265e-04, 0.0000e+00, 0.0000e+00, 0.0000e+00, 1.4304e-03, 1.0474e-03,
        1.1425e-03, 5.5685e-04, 0.0000e+00, 0.0000e+00, 0.0000e+00, 4.9604e-03,
        2.7937e-03, 5.1784e-04, 1.1708e-04, 8.9297e-05, 8.3832e-06, 5.8262e-05,
        1.5043e-06, 4.0873e-04, 7.9373e-04, 4.3506e-04, 2.7750e-04, 3.8719e-05,
        1.5377e-04, 6.1242e-04, 5.7843e-04, 3.1748e-04, 2.3397e-04, 1.0504e-04,
        7.9326e-05, 3.6011e-04, 5.2514e-06, 3.9395e-04, 1.9378e-04, 5.3488e-04,
        3.9254e-05, 1.6763e-04, 1.1447e-04, 3.4423e-04, 1.5663e-04, 6.6240e-06,
        7.6354e-05, 2.3262e-04, 3.5540e-04, 2.0386e-04, 4.7941e-05, 1.3912e-04,
        2.5263e-05, 4.4402e-04, 5.2422e-04, 3.1230e-04, 1.2825e-05, 2.2592e-04,
        9.1339e-06, 2.3064e-04, 9.8593e-06, 1.8682e-05, 5.0258e-05, 2.1046e-04,
        4.7348e-05, 2.6640e-05, 2.6867e-04, 3.7277e-04, 4.4555e-05, 4.7455e-04,
        5.9067e-04, 1.5341e-04, 1.0052e-04, 1.9397e-04, 1.9221e-04, 3.0510e-04,
        1.0962e-04, 3.2955e-04, 3.9902e-04, 1.4130e-04, 1.3290e-05, 4.6008e-05,
        2.9457e-04, 2.3679e-04, 2.9395e-04, 4.0380e-04, 1.3831e-04, 1.5967e-04,
        2.1703e-04, 2.4295e-04, 8.5514e-05, 9.8920e-05, 1.0346e-04, 3.1826e-06,
        1.9389e-04, 6.3146e-05, 1.8856e-04, 3.7638e-04, 1.3985e-04, 1.0682e-04,
        1.2104e-05, 3.8161e-04, 5.1620e-05, 9.7031e-05, 4.2455e-04, 6.8736e-04,
        2.2961e-04, 1.1181e-05, 9.5140e-05, 5.7292e-05, 3.4174e-04, 4.7463e-05,
        1.2805e-04, 2.9376e-04, 1.1555e-04, 5.5168e-05, 3.5660e-04],
       grad_fn=<CatBackward>)

mean_overall=tensor(0.0003, grad_fn=<MeanBackward0>)

