loss_training=[0.06407902233094116, 0.01196423581354658, 0.015519543356527665, 0.012057206290317654, 0.01220651744427874, 0.011989053581736063, 0.011852714896501429, 0.011862324940926665, 0.011837252459357678, 0.011819481239631517, 0.01180779560771737, 0.011795079193807715, 0.011781459694119995, 0.011767370044550106, 0.011752716231327084, 0.011737410421973427, 0.011721423051554174, 0.011704737691675814, 0.011687331919473612, 0.011669179062980208, 0.011650248290556385, 0.01163050551634161, 0.011609913431641921, 0.011588431582068633, 0.011566016500677099, 0.011542621690297593, 0.011518198122164761, 0.011492693979679851, 0.011466055125432544, 0.011438225230013033, 0.011409145836415686, 0.01137875687300173, 0.011346996673715914, 0.011313802224994418, 0.011279109831623571, 0.01124285522824889, 0.011204973909668167, 0.011165402007488374, 0.01112407640740028, 0.011080935433631325, 0.011035919340993626, 0.010988970931454416, 0.010940036313030322, 0.010889065551230042, 0.010836013512486415]

test_loss_training=[0.24181128595155837, 0.08982461399482555, 0.0774761926189421, 0.11085483704674165, 0.1088481694229416, 0.09540464768704347, 0.10134526257539848, 0.10288015060185732, 0.09952292725445754, 0.10101854931489487, 0.10076474164085132, 0.10014176871631311, 0.1004282170918567, 0.10002067281868768, 0.09992538700794767, 0.09974768921490779, 0.09952817912854309, 0.09935881469219267, 0.09913139298763855, 0.09892771095653025, 0.0986956908203053, 0.09846387668006264, 0.0982169937973955, 0.09796165169640196, 0.09769418577779863, 0.09741539867036426, 0.0971242017192804, 0.0968202275532221, 0.09650278671618982, 0.09617131886739205, 0.09582516028377713, 0.09546371642901386, 0.09508632674223821, 0.09469239229946792, 0.09428128035392032, 0.09385241243088478, 0.09340521086133816, 0.0929391499167397, 0.0924537337453292, 0.09194853087298406, 0.09142315863416882, 0.09087731215845295, 0.0903107626462393, 0.08972337115930244, 0.08911509750456774]

loss_control_training_MSE=[0.052746450036443376, 0.012512166284737643, 0.014839566052457313, 0.012216499803561258, 0.012088539090005759, 0.012004117946644695, 0.011851166128625783, 0.011855673552607532, 0.011837336766058325, 0.011819102102606296, 0.011806771607826495, 0.011794157848757076, 0.011780577796431473, 0.011766426671333095, 0.011751704580346191, 0.011736337608053033, 0.011720290473500658, 0.011703543495046972, 0.011686073723079846, 0.011667854349221662, 0.011648854286940341, 0.011629039241658971, 0.011608371578225087, 0.011586810562241232, 0.011564312443404046, 0.01154083059121826, 0.011516315649799208, 0.011490715683619408, 0.011463976359262947, 0.01143604113111765, 0.011406851461941474, 0.011376347062113901, 0.011344466161657843, 0.011311145812610952, 0.011276322227853417, 0.011239931157967186, 0.011201908307837998, 0.011162189795514914, 0.011120712652792606, 0.011077415376248446, 0.011032238516286673, 0.010985125302581965, 0.010936022310303835, 0.010884880155431542, 0.010831654212243942]

variances=[2.2191231138058085e-09, 2.125876512928585e-09, 2.178266860763834e-09, 2.202523248049421e-09, 2.2591313281412877e-09, 2.330843461488771e-09, 2.4107730019803714e-09, 2.504020050367602e-09, 2.6122383242004207e-09, 2.7337763112151225e-09, 2.871690482273052e-09, 3.0273997208858907e-09, 3.2025987597333016e-09, 3.3942298816500848e-09, 3.5901515237650617e-09, 3.808351394923847e-09, 4.050389474262097e-09, 4.3193995724263e-09, 4.618290533966949e-09, 4.9495442820152886e-09, 5.316421779668896e-09, 5.72255380589716e-09, 6.172131014569041e-09, 6.668969427362341e-09, 7.217843965624694e-09, 7.824119037915575e-09, 8.493914255468365e-09, 9.23407421691346e-09, 1.0051199124567296e-08, 1.0954005208235629e-08, 1.1952831198696557e-08, 1.3056456417072278e-08, 1.4275428371156276e-08, 1.562150647361825e-08, 1.710807003174358e-08, 1.874942288604969e-08, 2.0560801963825037e-08, 2.2560868814242707e-08, 2.47687814390338e-08, 2.7205422669156796e-08, 2.9893546144600135e-08, 3.285825619071858e-08, 3.612581231320585e-08, 3.9723928149399435e-08, 4.368454927336816e-08]

ACE_values=[4.454035031455059e-05, 4.5028604859486055e-05, 4.546972084735653e-05, 4.508983740849026e-05, 4.521305246645541e-05, 4.55887968594865e-05, 4.573901514365197e-05, 4.594260439621071e-05, 4.6256491215830475e-05, 4.6528050198670645e-05, 4.684998257737859e-05, 4.7219636083020345e-05, 4.761120092930221e-05, 4.80984446685764e-05, 4.881508477868038e-05, 4.957777509256807e-05, 5.0397466899010074e-05, 5.127268337296313e-05, 5.2200873653784064e-05, 5.317878842335103e-05, 5.420750429126565e-05, 5.52946901181681e-05, 5.6441776348599215e-05, 5.76505553854228e-05, 5.892318082968928e-05, 6.027397152669225e-05, 6.169717643871608e-05, 6.320570426278801e-05, 6.480326550853203e-05, 6.648932758026572e-05, 6.827480338454687e-05, 7.015421150973034e-05, 7.213067933816576e-05, 7.422107083629521e-05, 7.642296290748902e-05, 7.874076057147376e-05, 8.119393824717347e-05, 8.37748185384237e-05, 8.648650115337168e-05, 8.932894703196722e-05, 9.230844729333182e-05, 9.543803645816447e-05, 9.872788891947345e-05, 0.00010218944349416108, 0.00010582263133069324]

-------------------------------CAUSAL NEURAL NET-------------------------------

loss_test_causal=tensor(0.0885, grad_fn=<MseLossBackward>)

