-----------------------------------------------ITERATION0-----------------------------------------------

final_causality=[[1, 1, 1, 1, 1, 1, 1, 1, 1, 1, 1, 1, 1], [1, 1, 1, 1, 1, 1, 1, 1, 1, 1, 1, 1, 1, 1, 1, 1, 1, 1, 1, 1, 1, 1, 1, 1, 1, 1, 1, 1, 1, 1, 1, 1, 1, 1, 1, 1, 1, 1, 1, 1, 1, 1, 1, 1, 1, 1, 1, 1, 1, 1], [1, 1, 1, 1, 1, 1, 1, 1, 1, 1, 1, 1, 1, 1, 1, 1, 1, 1, 1, 1, 1, 1, 1, 1, 1, 1, 1, 1, 1, 1, 1, 1, 1, 1, 1, 1, 1, 1, 1, 1, 1, 1, 1, 1, 1, 1, 1, 1, 1, 1]]

means=tensor([1.3257e-04, 0.0000e+00, 0.0000e+00, 0.0000e+00, 9.1862e-05, 7.8754e-05,
        6.7644e-05, 9.7093e-06, 0.0000e+00, 0.0000e+00, 0.0000e+00, 3.1417e-04,
        2.6465e-06, 3.5149e-06, 2.3173e-05, 2.1998e-05, 2.2164e-06, 1.3618e-04,
        7.8674e-06, 2.6824e-05, 4.9076e-05, 6.6615e-06, 8.6835e-06, 8.5446e-06,
        1.3710e-05, 4.8452e-05, 6.7107e-06, 7.5958e-05, 2.3012e-05, 3.0466e-05,
        1.9513e-05, 9.5893e-06, 3.2922e-05, 4.9025e-05, 4.6832e-05, 1.9033e-06,
        6.2192e-05, 1.2696e-06, 8.3783e-06, 3.0607e-06, 1.1815e-05, 4.3574e-06,
        2.3507e-05, 1.7505e-05, 3.6179e-05, 9.1893e-05, 1.8808e-04, 2.3067e-05,
        8.0995e-06, 1.4681e-05, 2.7863e-05, 3.4098e-05, 7.4451e-05, 7.3902e-05,
        6.1018e-05, 1.1027e-05, 1.2436e-04, 4.7062e-05, 6.8173e-05, 6.3576e-05,
        4.9149e-05, 1.6994e-05, 3.1489e-05, 6.6761e-05, 2.2213e-05, 6.8477e-05,
        9.3493e-06, 7.7341e-05, 8.5455e-06, 2.9705e-05, 2.1283e-05, 4.0165e-05,
        8.3466e-05, 5.0521e-06, 6.7892e-05, 4.6712e-05, 2.6157e-05, 7.0248e-05,
        5.1640e-05, 4.7596e-05, 1.9999e-05, 8.1163e-05, 1.1925e-04, 2.1482e-05,
        5.8001e-05, 3.8342e-05, 1.1545e-05, 4.1556e-05, 3.1669e-05, 4.3926e-05,
        4.9053e-05, 5.3399e-05, 3.0798e-06, 2.9434e-05, 4.2858e-05, 1.1134e-04,
        1.6932e-05, 1.2699e-04, 6.3962e-06, 4.1975e-05, 9.9963e-06, 1.4519e-05,
        3.8012e-05, 1.2758e-05, 4.8447e-05, 5.4381e-05, 1.2136e-04, 6.3454e-05,
        5.1988e-05, 2.6022e-05, 2.1438e-06, 5.6361e-05, 4.2865e-05],
       grad_fn=<CatBackward>)

mean_overall=tensor(4.2131e-05, grad_fn=<MeanBackward0>)

-----------------------------------------------ITERATION10-----------------------------------------------

final_causality=[[1, 1, 1, 1, 1, 1, 1, 1, 1, 1, 1, 1, 1], [1, 1, 1, 1, 1, 1, 1, 1, 1, 1, 1, 1, 1, 1, 1, 1, 1, 1, 1, 1, 1, 1, 1, 1, 1, 1, 1, 1, 1, 1, 1, 1, 1, 1, 1, 1, 1, 1, 1, 1, 1, 1, 1, 1, 1, 1, 1, 1, 1, 1], [1, 1, 1, 1, 1, 1, 1, 1, 1, 1, 1, 1, 1, 1, 1, 1, 1, 1, 1, 1, 1, 1, 1, 1, 1, 1, 1, 1, 1, 1, 1, 1, 1, 1, 1, 1, 1, 1, 1, 1, 1, 1, 1, 1, 1, 1, 1, 1, 1, 1]]

means=tensor([2.5461e-04, 0.0000e+00, 0.0000e+00, 0.0000e+00, 9.6671e-05, 1.2742e-04,
        2.1429e-05, 1.5521e-06, 0.0000e+00, 0.0000e+00, 0.0000e+00, 3.8420e-04,
        5.1111e-05, 1.2617e-05, 5.2375e-06, 3.1959e-05, 4.6259e-06, 1.0985e-04,
        2.4703e-05, 4.4271e-05, 2.8592e-05, 2.8723e-05, 1.0101e-05, 2.2413e-05,
        2.6486e-05, 5.9704e-05, 2.3299e-05, 9.7101e-05, 3.2448e-05, 1.2922e-05,
        4.8666e-06, 9.2321e-07, 1.4027e-05, 5.7231e-05, 3.4276e-05, 1.8525e-05,
        4.7531e-05, 1.3040e-05, 1.2714e-05, 8.2968e-06, 2.6368e-05, 2.1926e-05,
        4.4157e-05, 3.4063e-06, 5.7765e-05, 7.1604e-05, 2.0921e-04, 3.6805e-05,
        3.1465e-05, 2.9182e-05, 4.2810e-06, 4.5924e-05, 5.2673e-05, 9.5837e-05,
        4.0090e-05, 2.8980e-05, 9.8032e-05, 2.9138e-05, 5.4498e-05, 8.5250e-05,
        6.3099e-05, 3.1328e-05, 5.8343e-05, 6.4535e-05, 1.9363e-05, 7.2579e-05,
        1.2333e-05, 7.6521e-05, 1.1276e-05, 3.3203e-05, 1.8450e-05, 3.8240e-05,
        9.6423e-05, 6.4792e-06, 6.8418e-05, 4.3329e-05, 2.3797e-05, 8.2849e-05,
        4.6741e-05, 4.8761e-05, 1.8640e-05, 8.7253e-05, 1.1869e-04, 2.4473e-05,
        5.2288e-05, 3.7660e-05, 9.1814e-06, 3.6897e-05, 2.8717e-05, 4.0820e-05,
        4.8208e-05, 6.2263e-05, 3.5185e-07, 3.5798e-05, 4.1295e-05, 1.2252e-04,
        1.4907e-05, 1.2401e-04, 9.0242e-06, 3.9970e-05, 6.3286e-06, 1.1978e-05,
        3.3200e-05, 1.5883e-05, 4.2928e-05, 6.3428e-05, 1.2267e-04, 6.2741e-05,
        4.1914e-05, 2.9328e-05, 2.7071e-06, 5.8512e-05, 3.9586e-05],
       grad_fn=<CatBackward>)

mean_overall=tensor(4.5932e-05, grad_fn=<MeanBackward0>)

-----------------------------------------------ITERATION20-----------------------------------------------

final_causality=[[1, 1, 1, 1, 1, 1, 1, 1, 1, 1, 1, 1, 1], [1, 1, 1, 1, 1, 1, 1, 1, 1, 1, 1, 1, 1, 1, 1, 1, 1, 1, 1, 1, 1, 1, 1, 1, 1, 1, 1, 1, 1, 1, 1, 1, 1, 1, 1, 1, 1, 1, 1, 1, 1, 1, 1, 1, 1, 1, 1, 1, 1, 1], [1, 1, 1, 1, 1, 1, 1, 1, 1, 1, 1, 1, 1, 1, 1, 1, 1, 1, 1, 1, 1, 1, 1, 1, 1, 1, 1, 1, 1, 1, 1, 1, 1, 1, 1, 1, 1, 1, 1, 1, 1, 1, 1, 1, 1, 1, 1, 1, 1, 1]]

means=tensor([3.5221e-04, 0.0000e+00, 0.0000e+00, 0.0000e+00, 1.0157e-04, 1.6008e-04,
        1.6247e-05, 1.1162e-05, 0.0000e+00, 0.0000e+00, 0.0000e+00, 4.4429e-04,
        9.7752e-05, 2.0136e-05, 1.0274e-05, 4.0355e-05, 1.0078e-05, 8.7970e-05,
        3.7777e-05, 5.7168e-05, 1.2626e-05, 4.5398e-05, 2.3966e-05, 3.2322e-05,
        3.6352e-05, 6.7880e-05, 3.6163e-05, 1.1217e-04, 3.9813e-05, 2.8679e-08,
        2.3405e-05, 9.1068e-06, 3.2320e-07, 6.3008e-05, 2.4197e-05, 3.2104e-05,
        3.6940e-05, 2.2704e-05, 2.8050e-05, 1.6985e-05, 3.7234e-05, 3.5803e-05,
        6.0513e-05, 6.9882e-06, 7.4707e-05, 5.6530e-05, 2.2396e-04, 4.6920e-05,
        5.0321e-05, 4.0460e-05, 1.5847e-05, 5.4995e-05, 3.4555e-05, 1.1245e-04,
        2.4049e-05, 4.3121e-05, 7.7228e-05, 1.4828e-05, 4.2985e-05, 1.0146e-04,
        7.3750e-05, 4.2367e-05, 7.9711e-05, 6.2771e-05, 1.6842e-05, 7.5595e-05,
        1.4778e-05, 7.5573e-05, 1.3342e-05, 3.5875e-05, 1.5952e-05, 3.5997e-05,
        1.0650e-04, 7.5666e-06, 6.7943e-05, 4.0532e-05, 2.1730e-05, 9.3649e-05,
        4.2573e-05, 4.9779e-05, 1.7237e-05, 9.3968e-05, 1.1748e-04, 2.7137e-05,
        4.8757e-05, 4.1841e-05, 7.3145e-06, 3.5248e-05, 2.6055e-05, 3.8555e-05,
        4.9077e-05, 7.0116e-05, 1.6954e-06, 4.1070e-05, 3.9718e-05, 1.3099e-04,
        1.3303e-05, 1.2030e-04, 1.1070e-05, 3.8283e-05, 3.6646e-06, 9.8255e-06,
        2.9329e-05, 1.8699e-05, 4.3080e-05, 7.3891e-05, 1.2272e-04, 6.4271e-05,
        3.3849e-05, 3.1843e-05, 6.7513e-06, 5.8727e-05, 3.6814e-05],
       grad_fn=<CatBackward>)

mean_overall=tensor(5.0806e-05, grad_fn=<MeanBackward0>)

-----------------------------------------------ITERATION30-----------------------------------------------

final_causality=[[1, 1, 1, 1, 1, 1, 1, 1, 1, 1, 1, 1, 1], [1, 1, 1, 1, 1, 1, 1, 1, 1, 1, 1, 1, 1, 1, 1, 1, 1, 1, 1, 1, 1, 1, 1, 1, 1, 1, 1, 1, 1, 1, 1, 1, 1, 1, 1, 1, 1, 1, 1, 1, 1, 1, 1, 1, 1, 1, 1, 1, 1, 1], [1, 1, 1, 1, 1, 1, 1, 1, 1, 1, 1, 1, 1, 1, 1, 1, 1, 1, 1, 1, 1, 1, 1, 1, 1, 1, 1, 1, 1, 1, 1, 1, 1, 1, 1, 1, 1, 1, 1, 1, 1, 1, 1, 1, 1, 1, 1, 1, 1, 1]]

means=tensor([3.9592e-04, 2.7756e-17, 2.7756e-17, 2.7756e-17, 1.0419e-04, 1.7296e-04,
        3.6182e-05, 1.6121e-05, 2.7756e-17, 2.7756e-17, 2.7756e-17, 4.7573e-04,
        1.2016e-04, 2.3915e-05, 1.8423e-05, 4.4339e-05, 1.2657e-05, 7.7106e-05,
        4.3983e-05, 6.2953e-05, 5.0118e-06, 5.3168e-05, 3.0352e-05, 3.6706e-05,
        4.0981e-05, 7.1465e-05, 4.2129e-05, 1.1903e-04, 4.3272e-05, 5.8280e-06,
        3.2229e-05, 1.2927e-05, 7.1741e-06, 6.5452e-05, 1.9292e-05, 3.8616e-05,
        3.2488e-05, 2.7364e-05, 3.4952e-05, 2.0984e-05, 4.2251e-05, 4.2732e-05,
        6.8209e-05, 1.2011e-05, 8.2731e-05, 4.9573e-05, 2.3025e-04, 5.1479e-05,
        5.9361e-05, 4.5864e-05, 2.6172e-05, 5.9403e-05, 2.5490e-05, 1.2008e-04,
        1.6501e-05, 4.9755e-05, 6.7081e-05, 7.9108e-06, 3.7223e-05, 1.0895e-04,
        7.8747e-05, 4.7670e-05, 8.9903e-05, 6.2439e-05, 1.5553e-05, 7.7415e-05,
        1.5954e-05, 7.4946e-05, 1.4303e-05, 3.7514e-05, 1.4641e-05, 3.4701e-05,
        1.1142e-04, 8.0529e-06, 6.7487e-05, 3.9111e-05, 2.0655e-05, 9.8711e-05,
        4.0482e-05, 5.0084e-05, 1.6514e-05, 9.7222e-05, 1.1638e-04, 2.8495e-05,
        4.7523e-05, 4.4087e-05, 6.4198e-06, 3.5069e-05, 2.4706e-05, 3.7518e-05,
        5.0205e-05, 7.3929e-05, 2.6760e-06, 4.3641e-05, 3.8868e-05, 1.3512e-04,
        1.2505e-05, 1.1811e-04, 1.2000e-05, 3.7218e-05, 2.4603e-06, 8.6741e-06,
        2.7444e-05, 2.0476e-05, 4.3149e-05, 7.8794e-05, 1.2238e-04, 6.4991e-05,
        3.0744e-05, 3.3052e-05, 8.6955e-06, 5.8715e-05, 3.5457e-05],
       grad_fn=<CatBackward>)

mean_overall=tensor(5.3629e-05, grad_fn=<MeanBackward0>)

-----------------------------------------------ITERATION40-----------------------------------------------

final_causality=[[1, 1, 1, 1, 1, 1, 1, 1, 1, 1, 1, 1, 1], [1, 1, 1, 1, 1, 1, 1, 1, 1, 1, 1, 1, 1, 1, 1, 1, 1, 1, 1, 1, 1, 1, 1, 1, 1, 1, 1, 1, 1, 1, 1, 1, 1, 1, 1, 1, 1, 1, 1, 1, 1, 1, 1, 1, 1, 1, 1, 1, 1, 1], [1, 1, 1, 1, 1, 1, 1, 1, 1, 1, 1, 1, 1, 1, 1, 1, 1, 1, 1, 1, 1, 1, 1, 1, 1, 1, 1, 1, 1, 1, 1, 1, 1, 1, 1, 1, 1, 1, 1, 1, 1, 1, 1, 1, 1, 1, 1, 1, 1, 1]]

means=tensor([3.8275e-04, 2.7756e-17, 2.7756e-17, 2.7756e-17, 1.0181e-04, 1.7382e-04,
        3.4183e-05, 1.5457e-05, 2.7756e-17, 0.0000e+00, 2.7756e-17, 4.7065e-04,
        1.1163e-04, 2.3703e-05, 1.8196e-05, 4.4012e-05, 1.2464e-05, 7.7341e-05,
        4.3625e-05, 6.2534e-05, 5.1454e-06, 5.2984e-05, 3.0488e-05, 3.6579e-05,
        4.0728e-05, 7.0980e-05, 4.1602e-05, 1.1912e-04, 4.3135e-05, 5.6118e-06,
        3.1642e-05, 1.2647e-05, 7.0589e-06, 6.5108e-05, 1.9401e-05, 3.7698e-05,
        3.2621e-05, 2.6710e-05, 3.5496e-05, 2.0561e-05, 4.2141e-05, 4.2397e-05,
        6.7504e-05, 1.1986e-05, 8.2080e-05, 4.9759e-05, 2.2957e-04, 5.1153e-05,
        5.8286e-05, 4.5580e-05, 2.6210e-05, 5.9485e-05, 2.5621e-05, 1.1944e-04,
        1.6686e-05, 4.9094e-05, 6.7086e-05, 8.2057e-06, 3.7367e-05, 1.0862e-04,
        7.8587e-05, 4.7577e-05, 8.8805e-05, 6.2219e-05, 1.5569e-05, 7.7219e-05,
        1.5875e-05, 7.4522e-05, 1.4335e-05, 3.7301e-05, 1.4591e-05, 3.4853e-05,
        1.1121e-04, 8.0285e-06, 6.7612e-05, 3.9138e-05, 2.0646e-05, 9.7226e-05,
        4.0463e-05, 4.9973e-05, 1.6631e-05, 9.6183e-05, 1.1551e-04, 2.8130e-05,
        4.7579e-05, 4.3687e-05, 6.4164e-06, 3.5014e-05, 2.4685e-05, 3.7508e-05,
        4.9626e-05, 7.3188e-05, 2.6407e-06, 4.3198e-05, 3.8726e-05, 1.3456e-04,
        1.2564e-05, 1.1834e-04, 1.1895e-05, 3.7037e-05, 2.4620e-06, 8.5309e-06,
        2.7356e-05, 1.9953e-05, 4.3156e-05, 7.7246e-05, 1.2272e-04, 6.4414e-05,
        3.1265e-05, 3.3012e-05, 8.7053e-06, 5.9234e-05, 3.5524e-05],
       grad_fn=<CatBackward>)

mean_overall=tensor(5.3170e-05, grad_fn=<MeanBackward0>)

-----------------------------------------------ITERATION50-----------------------------------------------

final_causality=[[1, 1, 1, 1, 1, 1, 1, 1, 1, 1, 1, 1, 1], [1, 1, 1, 1, 1, 1, 1, 1, 1, 1, 1, 1, 1, 1, 1, 1, 1, 1, 1, 1, 1, 1, 1, 1, 1, 1, 1, 1, 1, 1, 1, 1, 1, 1, 1, 1, 1, 1, 1, 1, 1, 1, 1, 1, 1, 1, 1, 1, 1, 1], [1, 1, 1, 1, 1, 1, 1, 1, 1, 1, 1, 1, 1, 1, 1, 1, 1, 1, 1, 1, 1, 1, 1, 1, 1, 1, 1, 1, 1, 1, 1, 1, 1, 1, 1, 1, 1, 1, 1, 1, 1, 1, 1, 1, 1, 1, 1, 1, 1, 1]]

means=tensor([3.5007e-04, 0.0000e+00, 0.0000e+00, 0.0000e+00, 9.8000e-05, 1.6957e-04,
        2.4169e-05, 1.2761e-05, 0.0000e+00, 0.0000e+00, 0.0000e+00, 4.5256e-04,
        9.2749e-05, 2.1963e-05, 1.4753e-05, 4.2055e-05, 1.1255e-05, 8.1893e-05,
        4.0763e-05, 5.9752e-05, 8.2584e-06, 4.9718e-05, 2.8121e-05, 3.4691e-05,
        3.8619e-05, 6.8962e-05, 3.8658e-05, 1.1661e-04, 4.1630e-05, 2.9647e-06,
        2.7710e-05, 1.0857e-05, 4.2709e-06, 6.3716e-05, 2.1443e-05, 3.4093e-05,
        3.4516e-05, 2.4138e-05, 3.3356e-05, 1.8512e-05, 4.0058e-05, 3.9490e-05,
        6.3653e-05, 1.0026e-05, 7.8120e-05, 5.2686e-05, 2.2626e-04, 4.8981e-05,
        5.3458e-05, 4.3147e-05, 2.2237e-05, 5.7883e-05, 2.9293e-05, 1.1566e-04,
        1.9857e-05, 4.5696e-05, 7.0960e-05, 1.1272e-05, 3.9805e-05, 1.0531e-04,
        7.6458e-05, 4.5422e-05, 8.3441e-05, 6.2073e-05, 1.6077e-05, 7.6679e-05,
        1.5306e-05, 7.4221e-05, 1.3983e-05, 3.6400e-05, 1.5039e-05, 3.5531e-05,
        1.0905e-04, 7.8000e-06, 6.7995e-05, 3.9719e-05, 2.1063e-05, 9.3464e-05,
        4.1245e-05, 4.9744e-05, 1.7068e-05, 9.3582e-05, 1.1490e-04, 2.7147e-05,
        4.8135e-05, 4.2322e-05, 6.7589e-06, 3.5037e-05, 2.5188e-05, 3.7906e-05,
        4.8518e-05, 7.0876e-05, 2.2358e-06, 4.1637e-05, 3.8873e-05, 1.3240e-04,
        1.2948e-05, 1.1943e-04, 1.1418e-05, 3.7241e-05, 2.9139e-06, 8.7925e-06,
        2.7974e-05, 1.9026e-05, 4.3151e-05, 7.3511e-05, 1.2328e-04, 6.3427e-05,
        3.3376e-05, 3.2481e-05, 7.8766e-06, 6.0451e-05, 3.6133e-05],
       grad_fn=<CatBackward>)

mean_overall=tensor(5.1538e-05, grad_fn=<MeanBackward0>)

-----------------------------------------------ITERATION60-----------------------------------------------

final_causality=[[1, 1, 1, 1, 1, 1, 1, 1, 1, 1, 1, 1, 1], [1, 1, 1, 1, 1, 1, 1, 1, 1, 1, 1, 1, 1, 1, 1, 1, 1, 1, 1, 1, 1, 1, 1, 1, 1, 1, 1, 1, 1, 1, 1, 1, 1, 1, 1, 1, 1, 1, 1, 1, 1, 1, 1, 1, 1, 1, 1, 1, 1, 1], [1, 1, 1, 1, 1, 1, 1, 1, 1, 1, 1, 1, 1, 1, 1, 1, 1, 1, 1, 1, 1, 1, 1, 1, 1, 1, 1, 1, 1, 1, 1, 1, 1, 1, 1, 1, 1, 1, 1, 1, 1, 1, 1, 1, 1, 1, 1, 1, 1, 1]]

means=tensor([3.2763e-04, 0.0000e+00, 0.0000e+00, 0.0000e+00, 9.5556e-05, 1.6620e-04,
        1.8731e-05, 1.1231e-05, 0.0000e+00, 0.0000e+00, 0.0000e+00, 4.4278e-04,
        8.0093e-05, 2.0993e-05, 1.2652e-05, 4.0849e-05, 1.0526e-05, 8.4608e-05,
        3.9055e-05, 5.7970e-05, 1.0143e-05, 4.7761e-05, 2.6669e-05, 3.3469e-05,
        3.7342e-05, 6.7627e-05, 3.6812e-05, 1.1524e-04, 4.0750e-05, 1.3302e-06,
        2.5391e-05, 9.7406e-06, 2.6368e-06, 6.2764e-05, 2.2658e-05, 3.1859e-05,
        3.5736e-05, 2.2554e-05, 3.2039e-05, 1.7204e-05, 3.8807e-05, 3.7855e-05,
        6.1292e-05, 8.9011e-06, 7.5738e-05, 5.4536e-05, 2.2410e-04, 4.7611e-05,
        5.0469e-05, 4.1765e-05, 1.9875e-05, 5.7067e-05, 3.1389e-05, 1.1331e-04,
        2.1822e-05, 4.3552e-05, 7.3147e-05, 1.3141e-05, 4.1254e-05, 1.0334e-04,
        7.5229e-05, 4.4233e-05, 8.0199e-05, 6.1929e-05, 1.6358e-05, 7.6553e-05,
        1.4971e-05, 7.3988e-05, 1.3780e-05, 3.6028e-05, 1.5267e-05, 3.5901e-05,
        1.0775e-04, 7.6572e-06, 6.8213e-05, 4.0055e-05, 2.1307e-05, 9.1022e-05,
        4.1711e-05, 4.9573e-05, 1.7309e-05, 9.1959e-05, 1.1440e-04, 2.6579e-05,
        4.8430e-05, 4.1405e-05, 6.9665e-06, 3.5068e-05, 2.5497e-05, 3.8193e-05,
        4.7853e-05, 6.9456e-05, 1.9963e-06, 4.0679e-05, 3.8966e-05, 1.3109e-04,
        1.3169e-05, 1.2015e-04, 1.1113e-05, 3.7314e-05, 3.1901e-06, 8.9178e-06,
        2.8356e-05, 1.8505e-05, 4.3113e-05, 7.1076e-05, 1.2350e-04, 6.2851e-05,
        3.5109e-05, 3.2161e-05, 7.3492e-06, 6.1099e-05, 3.6517e-05],
       grad_fn=<CatBackward>)

mean_overall=tensor(5.0519e-05, grad_fn=<MeanBackward0>)

-----------------------------------------------ITERATION70-----------------------------------------------

final_causality=[[1, 1, 1, 1, 1, 1, 1, 1, 1, 1, 1, 1, 1], [1, 1, 1, 1, 1, 1, 1, 1, 1, 1, 1, 1, 1, 1, 1, 1, 1, 1, 1, 1, 1, 1, 1, 1, 1, 1, 1, 1, 1, 1, 1, 1, 1, 1, 1, 1, 1, 1, 1, 1, 1, 1, 1, 1, 1, 1, 1, 1, 1, 1], [1, 1, 1, 1, 1, 1, 1, 1, 1, 1, 1, 1, 1, 1, 1, 1, 1, 1, 1, 1, 1, 1, 1, 1, 1, 1, 1, 1, 1, 1, 1, 1, 1, 1, 1, 1, 1, 1, 1, 1, 1, 1, 1, 1, 1, 1, 1, 1, 1, 1]]

means=tensor([3.1946e-04, 0.0000e+00, 0.0000e+00, 0.0000e+00, 9.4432e-05, 1.6590e-04,
        1.9717e-05, 1.1312e-05, 0.0000e+00, 0.0000e+00, 0.0000e+00, 4.4413e-04,
        7.5264e-05, 2.1214e-05, 1.2821e-05, 4.0859e-05, 1.0548e-05, 8.4237e-05,
        3.9227e-05, 5.7910e-05, 9.9284e-06, 4.8070e-05, 2.6955e-05, 3.3488e-05,
        3.7445e-05, 6.7426e-05, 3.6743e-05, 1.1587e-04, 4.0905e-05, 1.4130e-06,
        2.5633e-05, 9.7138e-06, 2.9401e-06, 6.2570e-05, 2.2485e-05, 3.1667e-05,
        3.5750e-05, 2.2430e-05, 3.2509e-05, 1.7087e-05, 3.9003e-05, 3.8273e-05,
        6.1298e-05, 9.1836e-06, 7.5838e-05, 5.4491e-05, 2.2393e-04, 4.7594e-05,
        5.0300e-05, 4.2057e-05, 2.0350e-05, 5.7578e-05, 3.0907e-05, 1.1329e-04,
        2.1690e-05, 4.3421e-05, 7.2543e-05, 1.3022e-05, 4.1062e-05, 1.0360e-04,
        7.5502e-05, 4.4630e-05, 8.0069e-05, 6.1746e-05, 1.6282e-05, 7.6993e-05,
        1.5025e-05, 7.3770e-05, 1.3865e-05, 3.6023e-05, 1.5133e-05, 3.5849e-05,
        1.0780e-04, 7.6753e-06, 6.8187e-05, 4.0003e-05, 2.1253e-05, 9.0447e-05,
        4.1639e-05, 4.9482e-05, 1.7253e-05, 9.1665e-05, 1.1390e-04, 2.6568e-05,
        4.8333e-05, 4.1168e-05, 6.9357e-06, 3.5079e-05, 2.5459e-05, 3.8241e-05,
        4.7744e-05, 6.9301e-05, 2.0223e-06, 4.0606e-05, 3.8926e-05, 1.3104e-04,
        1.3128e-05, 1.2041e-04, 1.1097e-05, 3.7144e-05, 3.1585e-06, 8.8029e-06,
        2.8290e-05, 1.8486e-05, 4.3031e-05, 7.0431e-05, 1.2344e-04, 6.2761e-05,
        3.5405e-05, 3.2192e-05, 7.3923e-06, 6.1242e-05, 3.6533e-05],
       grad_fn=<CatBackward>)

mean_overall=tensor(5.0408e-05, grad_fn=<MeanBackward0>)

-----------------------------------------------ITERATION80-----------------------------------------------

final_causality=[[1, 1, 1, 1, 1, 1, 1, 1, 1, 1, 1, 1, 1], [1, 1, 1, 1, 1, 1, 1, 1, 1, 1, 1, 1, 1, 1, 1, 1, 1, 1, 1, 1, 1, 1, 1, 1, 1, 1, 1, 1, 1, 1, 1, 1, 1, 1, 1, 1, 1, 1, 1, 1, 1, 1, 1, 1, 1, 1, 1, 1, 1, 1], [1, 1, 1, 1, 1, 1, 1, 1, 1, 1, 1, 1, 1, 1, 1, 1, 1, 1, 1, 1, 1, 1, 1, 1, 1, 1, 1, 1, 1, 1, 1, 1, 1, 1, 1, 1, 1, 1, 1, 1, 1, 1, 1, 1, 1, 1, 1, 1, 1, 1]]

means=tensor([3.1496e-04, 0.0000e+00, 0.0000e+00, 0.0000e+00, 9.3632e-05, 1.6649e-04,
        2.2704e-05, 1.1886e-05, 0.0000e+00, 0.0000e+00, 0.0000e+00, 4.4896e-04,
        7.2434e-05, 2.1812e-05, 1.3683e-05, 4.1233e-05, 1.0795e-05, 8.2921e-05,
        3.9976e-05, 5.8362e-05, 9.0746e-06, 4.9080e-05, 2.7779e-05, 3.3882e-05,
        3.7966e-05, 6.7555e-05, 3.7199e-05, 1.1713e-04, 4.1380e-05, 2.0126e-06,
        2.6658e-05, 1.0007e-05, 3.8407e-06, 6.2591e-05, 2.1887e-05, 3.2074e-05,
        3.5401e-05, 2.2734e-05, 3.3550e-05, 1.7316e-05, 3.9645e-05, 3.9344e-05,
        6.2099e-05, 9.9074e-06, 7.6652e-05, 5.3878e-05, 2.2435e-04, 4.7981e-05,
        5.0972e-05, 4.2870e-05, 2.1705e-05, 5.8524e-05, 2.9631e-05, 1.1399e-04,
        2.0922e-05, 4.3884e-05, 7.1080e-05, 1.2300e-05, 4.0369e-05, 1.0455e-04,
        7.6243e-05, 4.5531e-05, 8.0854e-05, 6.1543e-05, 1.6098e-05, 7.7633e-05,
        1.5200e-05, 7.3550e-05, 1.4045e-05, 3.6120e-05, 1.4884e-05, 3.5664e-05,
        1.0826e-04, 7.7438e-06, 6.8082e-05, 3.9839e-05, 2.1105e-05, 9.0405e-05,
        4.1403e-05, 4.9407e-05, 1.7104e-05, 9.1756e-05, 1.1339e-04, 2.6727e-05,
        4.8110e-05, 4.1119e-05, 6.8326e-06, 3.5078e-05, 2.5316e-05, 3.8224e-05,
        4.7885e-05, 6.9515e-05, 2.1297e-06, 4.0795e-05, 3.8847e-05, 1.3134e-04,
        1.3008e-05, 1.2058e-04, 1.1166e-05, 3.6896e-05, 3.0337e-06, 8.6153e-06,
        2.8091e-05, 1.8618e-05, 4.2923e-05, 7.0291e-05, 1.2329e-04, 6.2820e-05,
        3.5274e-05, 3.2330e-05, 7.6142e-06, 6.1232e-05, 3.6444e-05],
       grad_fn=<CatBackward>)

mean_overall=tensor(5.0563e-05, grad_fn=<MeanBackward0>)

-----------------------------------------------ITERATION90-----------------------------------------------

final_causality=[[1, 1, 1, 1, 1, 1, 1, 1, 1, 1, 1, 1, 1], [1, 1, 1, 1, 1, 1, 1, 1, 1, 1, 1, 1, 1, 1, 1, 1, 1, 1, 1, 1, 1, 1, 1, 1, 1, 1, 1, 1, 1, 1, 1, 1, 1, 1, 1, 1, 1, 1, 1, 1, 1, 1, 1, 1, 1, 1, 1, 1, 1, 1], [1, 1, 1, 1, 1, 1, 1, 1, 1, 1, 1, 1, 1, 1, 1, 1, 1, 1, 1, 1, 1, 1, 1, 1, 1, 1, 1, 1, 1, 1, 1, 1, 1, 1, 1, 1, 1, 1, 1, 1, 1, 1, 1, 1, 1, 1, 1, 1, 1, 1]]

means=tensor([3.0610e-04, 0.0000e+00, 0.0000e+00, 0.0000e+00, 9.2451e-05, 1.6607e-04,
        2.4108e-05, 1.2052e-05, 0.0000e+00, 0.0000e+00, 0.0000e+00, 4.5114e-04,
        6.7228e-05, 2.2112e-05, 1.3929e-05, 4.1277e-05, 1.0845e-05, 8.2440e-05,
        4.0228e-05, 5.8333e-05, 8.7960e-06, 4.9488e-05, 2.8135e-05, 3.3923e-05,
        3.8118e-05, 6.7359e-05, 3.7170e-05, 1.1790e-04, 4.1585e-05, 2.1351e-06,
        2.7015e-05, 1.0003e-05, 4.2290e-06, 6.2387e-05, 2.1666e-05, 3.1935e-05,
        3.5402e-05, 2.2650e-05, 3.4111e-05, 1.7217e-05, 3.9903e-05, 3.9898e-05,
        6.2320e-05, 1.0266e-05, 7.6828e-05, 5.3806e-05, 2.2420e-04, 4.7994e-05,
        5.0887e-05, 4.3262e-05, 2.2305e-05, 5.9151e-05, 2.9029e-05, 1.1404e-04,
        2.0740e-05, 4.3791e-05, 7.0351e-05, 1.2121e-05, 4.0120e-05, 1.0490e-04,
        7.6595e-05, 4.6036e-05, 8.0800e-05, 6.1408e-05, 1.6007e-05, 7.8172e-05,
        1.5276e-05, 7.3327e-05, 1.4152e-05, 3.6118e-05, 1.4725e-05, 3.5586e-05,
        1.0835e-04, 7.7696e-06, 6.8035e-05, 3.9779e-05, 2.1037e-05, 8.9847e-05,
        4.1317e-05, 4.9302e-05, 1.7025e-05, 9.1501e-05, 1.1288e-04, 2.6750e-05,
        4.7982e-05, 4.0868e-05, 6.7953e-06, 3.5091e-05, 2.5272e-05, 3.8286e-05,
        4.8016e-05, 6.9393e-05, 2.1673e-06, 4.0751e-05, 3.8814e-05, 1.3132e-04,
        1.2953e-05, 1.2091e-04, 1.1155e-05, 3.6708e-05, 2.9941e-06, 8.4924e-06,
        2.8021e-05, 1.8620e-05, 4.2817e-05, 6.9650e-05, 1.2319e-04, 6.2767e-05,
        3.5537e-05, 3.2375e-05, 7.6895e-06, 6.1324e-05, 3.6461e-05],
       grad_fn=<CatBackward>)

mean_overall=tensor(5.0475e-05, grad_fn=<MeanBackward0>)

-----------------------------------------------ITERATION100-----------------------------------------------

final_causality=[[1, 1, 1, 1, 1, 1, 1, 1, 1, 1, 1, 1, 1], [1, 1, 1, 1, 1, 1, 1, 1, 1, 1, 1, 1, 1, 1, 1, 1, 1, 1, 1, 1, 1, 1, 1, 1, 1, 1, 1, 1, 1, 1, 1, 1, 1, 1, 1, 1, 1, 1, 1, 1, 1, 1, 1, 1, 1, 1, 1, 1, 1, 1], [1, 1, 1, 1, 1, 1, 1, 1, 1, 1, 1, 1, 1, 1, 1, 1, 1, 1, 1, 1, 1, 1, 1, 1, 1, 1, 1, 1, 1, 1, 1, 1, 1, 1, 1, 1, 1, 1, 1, 1, 1, 1, 1, 1, 1, 1, 1, 1, 1, 1]]

means=tensor([2.9348e-04, 0.0000e+00, 0.0000e+00, 0.0000e+00, 9.0921e-05, 1.6481e-04,
        2.4055e-05, 1.1842e-05, 0.0000e+00, 0.0000e+00, 0.0000e+00, 4.5083e-04,
        5.9923e-05, 2.2138e-05, 1.3622e-05, 4.1028e-05, 1.0720e-05, 8.2709e-05,
        4.0031e-05, 5.7877e-05, 9.0315e-06, 4.9356e-05, 2.8078e-05, 3.3650e-05,
        3.7940e-05, 6.6873e-05, 3.6714e-05, 1.1822e-04, 4.1549e-05, 1.8312e-06,
        2.6770e-05, 9.7361e-06, 4.1582e-06, 6.1983e-05, 2.1781e-05, 3.1312e-05,
        3.5717e-05, 2.2219e-05, 3.4247e-05, 1.6830e-05, 3.9820e-05, 3.9977e-05,
        6.2023e-05, 1.0297e-05, 7.6430e-05, 5.4220e-05, 2.2356e-04, 4.7674e-05,
        5.0124e-05, 4.3273e-05, 2.2232e-05, 5.9488e-05, 2.9030e-05, 1.1351e-04,
        2.1083e-05, 4.3356e-05, 7.0274e-05, 1.2430e-05, 4.0269e-05, 1.0473e-04,
        7.6600e-05, 4.6186e-05, 7.9992e-05, 6.1464e-05, 1.6037e-05, 7.8611e-05,
        1.5262e-05, 7.3100e-05, 1.4190e-05, 3.6031e-05, 1.4649e-05, 3.5609e-05,
        1.0810e-04, 7.7571e-06, 6.8043e-05, 3.9809e-05, 2.1044e-05, 8.8826e-05,
        4.1366e-05, 4.9174e-05, 1.7007e-05, 9.0931e-05, 1.1236e-04, 2.6648e-05,
        4.7945e-05, 4.0437e-05, 6.8163e-06, 3.5120e-05, 2.5315e-05, 3.8414e-05,
        4.8105e-05, 6.8971e-05, 2.1418e-06, 4.0496e-05, 3.8820e-05, 1.3099e-04,
        1.2957e-05, 1.2137e-04, 1.1075e-05, 3.6573e-05, 3.0306e-06, 8.4251e-06,
        2.8063e-05, 1.8504e-05, 4.2719e-05, 6.8562e-05, 1.2315e-04, 6.2610e-05,
        3.6159e-05, 3.2334e-05, 7.6319e-06, 6.1522e-05, 3.6570e-05],
       grad_fn=<CatBackward>)

mean_overall=tensor(5.0172e-05, grad_fn=<MeanBackward0>)

-----------------------------------------------ITERATION110-----------------------------------------------

final_causality=[[1, 1, 1, 1, 1, 1, 1, 1, 1, 1, 1, 1, 1], [1, 1, 1, 1, 1, 1, 1, 1, 1, 1, 1, 1, 1, 1, 1, 1, 1, 1, 1, 1, 1, 1, 1, 1, 1, 1, 1, 1, 1, 1, 1, 1, 1, 1, 1, 1, 1, 1, 1, 1, 1, 1, 1, 1, 1, 1, 1, 1, 1, 1], [1, 1, 1, 1, 1, 1, 1, 1, 1, 1, 1, 1, 1, 1, 1, 1, 1, 1, 1, 1, 1, 1, 1, 1, 1, 1, 1, 1, 1, 1, 1, 1, 1, 1, 1, 1, 1, 1, 1, 1, 1, 1, 1, 1, 1, 1, 1, 1, 1, 1]]

means=tensor([2.8069e-04, 0.0000e+00, 0.0000e+00, 0.0000e+00, 8.9350e-05, 1.6355e-04,
        2.4152e-05, 1.1659e-05, 0.0000e+00, 0.0000e+00, 0.0000e+00, 4.5077e-04,
        5.2469e-05, 2.2322e-05, 1.3351e-05, 4.0797e-05, 1.0608e-05, 8.2920e-05,
        3.9867e-05, 5.7441e-05, 9.2310e-06, 4.9271e-05, 2.8061e-05, 3.3391e-05,
        3.7786e-05, 6.6393e-05, 3.6283e-05, 1.1860e-04, 4.1535e-05, 1.5514e-06,
        2.6574e-05, 9.4851e-06, 4.1287e-06, 6.1578e-05, 2.1871e-05, 3.0715e-05,
        3.6021e-05, 2.1807e-05, 3.4431e-05, 1.6458e-05, 3.9767e-05, 4.0107e-05,
        6.1766e-05, 1.0363e-05, 7.6067e-05, 5.4614e-05, 2.2293e-04, 4.7372e-05,
        4.9397e-05, 4.3325e-05, 2.2222e-05, 5.9870e-05, 2.8973e-05, 1.1302e-04,
        2.1397e-05, 4.2972e-05, 7.0131e-05, 1.2709e-05, 4.0389e-05, 1.0461e-04,
        7.6641e-05, 4.6382e-05, 7.9222e-05, 6.1515e-05, 1.6076e-05, 7.9084e-05,
        1.5256e-05, 7.2864e-05, 1.4237e-05, 3.5949e-05, 1.4561e-05, 3.5624e-05,
        1.0788e-04, 7.7477e-06, 6.8046e-05, 3.9832e-05, 2.1046e-05, 8.7808e-05,
        4.1404e-05, 4.9042e-05, 1.6981e-05, 9.0370e-05, 1.1182e-04, 2.6554e-05,
        4.7897e-05, 4.0002e-05, 6.8330e-06, 3.5150e-05, 2.5352e-05, 3.8543e-05,
        4.8205e-05, 6.8566e-05, 2.1212e-06, 4.0252e-05, 3.8824e-05, 1.3068e-04,
        1.2956e-05, 1.2185e-04, 1.0999e-05, 3.6427e-05, 3.0619e-06, 8.3497e-06,
        2.8098e-05, 1.8395e-05, 4.2617e-05, 6.7472e-05, 1.2310e-04, 6.2456e-05,
        3.6775e-05, 3.2300e-05, 7.5849e-06, 6.1886e-05, 3.6674e-05],
       grad_fn=<CatBackward>)

mean_overall=tensor(4.9880e-05, grad_fn=<MeanBackward0>)

-----------------------------------------------ITERATION120-----------------------------------------------

final_causality=[[1, 1, 1, 1, 1, 1, 1, 1, 1, 1, 1, 1, 1], [1, 1, 1, 1, 1, 1, 1, 1, 1, 1, 1, 1, 1, 1, 1, 1, 1, 1, 1, 1, 1, 1, 1, 1, 1, 1, 1, 1, 1, 1, 1, 1, 1, 1, 1, 1, 1, 1, 1, 1, 1, 1, 1, 1, 1, 1, 1, 1, 1, 1], [1, 1, 1, 1, 1, 1, 1, 1, 1, 1, 1, 1, 1, 1, 1, 1, 1, 1, 1, 1, 1, 1, 1, 1, 1, 1, 1, 1, 1, 1, 1, 1, 1, 1, 1, 1, 1, 1, 1, 1, 1, 1, 1, 1, 1, 1, 1, 1, 1, 1]]

means=tensor([2.6876e-04, 0.0000e+00, 0.0000e+00, 0.0000e+00, 8.7822e-05, 1.6259e-04,
        2.4909e-05, 1.1632e-05, 0.0000e+00, 0.0000e+00, 0.0000e+00, 4.5184e-04,
        4.5423e-05, 2.2651e-05, 1.3307e-05, 4.0682e-05, 1.0567e-05, 8.2816e-05,
        3.9893e-05, 5.7168e-05, 9.2192e-06, 4.9420e-05, 2.8229e-05, 3.3254e-05,
        3.7770e-05, 6.6011e-05, 3.6018e-05, 1.1922e-04, 4.1630e-05, 1.4391e-06,
        2.6634e-05, 9.3354e-06, 4.3001e-06, 6.1235e-05, 2.1820e-05, 3.0302e-05,
        3.6209e-05, 2.1527e-05, 3.4819e-05, 1.6193e-05, 3.9865e-05, 4.0460e-05,
        6.1727e-05, 1.0582e-05, 7.5932e-05, 5.4824e-05, 2.2248e-04, 4.7199e-05,
        4.8929e-05, 4.3554e-05, 2.2512e-05, 6.0411e-05, 2.8648e-05, 1.1275e-04,
        2.1503e-05, 4.2772e-05, 6.9696e-05, 1.2794e-05, 4.0342e-05, 1.0471e-04,
        7.6923e-05, 4.6754e-05, 7.8736e-05, 6.1533e-05, 1.6091e-05, 7.9636e-05,
        1.5289e-05, 7.2618e-05, 1.4318e-05, 3.5897e-05, 1.4433e-05, 3.5598e-05,
        1.0778e-04, 7.7545e-06, 6.8025e-05, 3.9819e-05, 2.1015e-05, 8.6936e-05,
        4.1387e-05, 4.8911e-05, 1.6926e-05, 8.9914e-05, 1.1125e-04, 2.6511e-05,
        4.7804e-05, 3.9619e-05, 6.8253e-06, 3.5176e-05, 2.5354e-05, 3.8652e-05,
        4.8333e-05, 6.8271e-05, 2.1270e-06, 4.0086e-05, 3.8811e-05, 1.3048e-04,
        1.2929e-05, 1.2231e-04, 1.0949e-05, 3.6249e-05, 3.0622e-06, 8.2470e-06,
        2.8085e-05, 1.8331e-05, 4.2503e-05, 6.6517e-05, 1.2302e-04, 6.2340e-05,
        3.7267e-05, 3.2302e-05, 7.5946e-06, 6.2187e-05, 3.6747e-05],
       grad_fn=<CatBackward>)

mean_overall=tensor(4.9669e-05, grad_fn=<MeanBackward0>)

-----------------------------------------------ITERATION130-----------------------------------------------

final_causality=[[1, 1, 1, 1, 1, 1, 1, 1, 1, 1, 1, 1, 1], [1, 1, 1, 1, 1, 1, 1, 1, 1, 1, 1, 1, 1, 1, 1, 1, 1, 1, 1, 1, 1, 1, 1, 1, 1, 1, 1, 1, 1, 1, 1, 1, 1, 1, 1, 1, 1, 1, 1, 1, 1, 1, 1, 1, 1, 1, 1, 1, 1, 1], [1, 1, 1, 1, 1, 1, 1, 1, 1, 1, 1, 1, 1, 1, 1, 1, 1, 1, 1, 1, 1, 1, 1, 1, 1, 1, 1, 1, 1, 1, 1, 1, 1, 1, 1, 1, 1, 1, 1, 1, 1, 1, 1, 1, 1, 1, 1, 1, 1, 1]]

means=tensor([2.5663e-04, 0.0000e+00, 0.0000e+00, 0.0000e+00, 8.6245e-05, 1.6164e-04,
        2.5818e-05, 1.1633e-05, 0.0000e+00, 0.0000e+00, 0.0000e+00, 4.5317e-04,
        3.8206e-05, 2.3015e-05, 1.3305e-05, 4.0586e-05, 1.0539e-05, 8.2649e-05,
        3.9957e-05, 5.6919e-05, 9.1676e-06, 4.9620e-05, 2.8441e-05, 3.3136e-05,
        3.7780e-05, 6.5637e-05, 3.5779e-05, 1.1989e-04, 4.1749e-05, 1.3542e-06,
        2.6747e-05, 9.2016e-06, 4.5156e-06, 6.0891e-05, 2.1741e-05, 2.9916e-05,
        3.6381e-05, 2.1268e-05, 3.5264e-05, 1.5943e-05, 3.9997e-05, 4.0869e-05,
        6.1732e-05, 1.0840e-05, 7.5837e-05, 5.5009e-05, 2.2205e-04, 4.7046e-05,
        4.8501e-05, 4.3826e-05, 2.2871e-05, 6.1001e-05, 2.8262e-05, 1.1251e-04,
        2.1574e-05, 4.2602e-05, 6.9193e-05, 1.2846e-05, 4.0263e-05, 1.0485e-04,
        7.7310e-05, 4.7175e-05, 7.8292e-05, 6.1544e-05, 1.6101e-05, 8.0333e-05,
        1.5330e-05, 7.2362e-05, 1.4407e-05, 3.5850e-05, 1.4295e-05, 3.5564e-05,
        1.0771e-04, 7.7645e-06, 6.7998e-05, 3.9799e-05, 2.0978e-05, 8.6067e-05,
        4.1358e-05, 4.8777e-05, 1.6863e-05, 8.9464e-05, 1.1067e-04, 2.6477e-05,
        4.7698e-05, 3.9232e-05, 6.8129e-06, 3.5201e-05, 2.5348e-05, 3.8762e-05,
        4.8517e-05, 6.7991e-05, 2.1380e-06, 3.9931e-05, 3.8795e-05, 1.3030e-04,
        1.2896e-05, 1.2278e-04, 1.0902e-05, 3.6060e-05, 3.0567e-06, 8.1368e-06,
        2.8064e-05, 1.8274e-05, 4.2383e-05, 6.5560e-05, 1.2293e-04, 6.2226e-05,
        3.7751e-05, 3.2312e-05, 7.6154e-06, 6.2485e-05, 3.6815e-05],
       grad_fn=<CatBackward>)

mean_overall=tensor(4.9468e-05, grad_fn=<MeanBackward0>)

-----------------------------------------------ITERATION140-----------------------------------------------

final_causality=[[1, 1, 1, 1, 1, 1, 1, 1, 1, 1, 1, 1, 1], [1, 1, 1, 1, 1, 1, 1, 1, 1, 1, 1, 1, 1, 1, 1, 1, 1, 1, 1, 1, 1, 1, 1, 1, 1, 1, 1, 1, 1, 1, 1, 1, 1, 1, 1, 1, 1, 1, 1, 1, 1, 1, 1, 1, 1, 1, 1, 1, 1, 1], [1, 1, 1, 1, 1, 1, 1, 1, 1, 1, 1, 1, 1, 1, 1, 1, 1, 1, 1, 1, 1, 1, 1, 1, 1, 1, 1, 1, 1, 1, 1, 1, 1, 1, 1, 1, 1, 1, 1, 1, 1, 1, 1, 1, 1, 1, 1, 1, 1, 1]]

means=tensor([2.4367e-04, 0.0000e+00, 0.0000e+00, 0.0000e+00, 8.4566e-05, 1.6055e-04,
        2.6540e-05, 1.1577e-05, 0.0000e+00, 0.0000e+00, 0.0000e+00, 4.5418e-04,
        3.0468e-05, 2.3355e-05, 1.3221e-05, 4.0445e-05, 1.0487e-05, 8.2588e-05,
        3.9956e-05, 5.6602e-05, 9.1914e-06, 4.9747e-05, 2.8603e-05, 3.2967e-05,
        3.7743e-05, 6.5211e-05, 3.5475e-05, 1.2053e-04, 4.1838e-05, 1.2029e-06,
        2.6777e-05, 9.0287e-06, 4.6700e-06, 6.0509e-05, 2.1710e-05, 2.9455e-05,
        3.6607e-05, 2.0955e-05, 3.5663e-05, 1.5649e-05, 4.0084e-05, 4.1220e-05,
        6.1665e-05, 1.1061e-05, 7.5652e-05, 5.5275e-05, 2.2153e-04, 4.6841e-05,
        4.7967e-05, 4.4054e-05, 2.3145e-05, 6.1566e-05, 2.7955e-05, 1.1218e-04,
        2.1728e-05, 4.2357e-05, 6.8773e-05, 1.2973e-05, 4.0241e-05, 1.0493e-04,
        7.7665e-05, 4.7561e-05, 7.7727e-05, 6.1569e-05, 1.6121e-05, 8.1070e-05,
        1.5359e-05, 7.2099e-05, 1.4489e-05, 3.5790e-05, 1.4165e-05, 3.5547e-05,
        1.0759e-04, 7.7689e-06, 6.7979e-05, 3.9792e-05, 2.0952e-05, 8.5110e-05,
        4.1348e-05, 4.8635e-05, 1.6807e-05, 8.9232e-05, 1.1007e-04, 2.6422e-05,
        4.7602e-05, 3.8809e-05, 6.8088e-06, 3.5230e-05, 2.5354e-05, 3.8885e-05,
        4.8866e-05, 6.7663e-05, 2.1399e-06, 3.9742e-05, 3.8784e-05, 1.3007e-04,
        1.2871e-05, 1.2329e-04, 1.0844e-05, 3.5874e-05, 3.0625e-06, 8.0317e-06,
        2.8057e-05, 1.8199e-05, 4.2262e-05, 6.4515e-05, 1.2285e-04, 6.2092e-05,
        3.8302e-05, 3.2310e-05, 7.6171e-06, 6.2817e-05, 3.6899e-05],
       grad_fn=<CatBackward>)

mean_overall=tensor(4.9236e-05, grad_fn=<MeanBackward0>)

-----------------------------------------------ITERATION150-----------------------------------------------

final_causality=[[1, 1, 1, 1, 1, 1, 1, 1, 1, 1, 1, 1, 1], [1, 1, 1, 1, 1, 1, 1, 1, 1, 1, 1, 1, 1, 1, 1, 1, 1, 1, 1, 1, 1, 1, 1, 1, 1, 1, 1, 1, 1, 1, 1, 1, 1, 1, 1, 1, 1, 1, 1, 1, 1, 1, 1, 1, 1, 1, 1, 1, 1, 1], [1, 1, 1, 1, 1, 1, 1, 1, 1, 1, 1, 1, 1, 1, 1, 1, 1, 1, 1, 1, 1, 1, 1, 1, 1, 1, 1, 1, 1, 1, 1, 1, 1, 1, 1, 1, 1, 1, 1, 1, 1, 1, 1, 1, 1, 1, 1, 1, 1, 1]]

means=tensor([2.3018e-04, 0.0000e+00, 0.0000e+00, 0.0000e+00, 8.2810e-05, 1.5939e-04,
        2.7203e-05, 1.1498e-05, 0.0000e+00, 0.0000e+00, 0.0000e+00, 4.5508e-04,
        2.2369e-05, 2.3692e-05, 1.3102e-05, 4.0284e-05, 1.0424e-05, 8.2570e-05,
        3.9931e-05, 5.6254e-05, 9.2463e-06, 4.9850e-05, 2.8751e-05, 3.2775e-05,
        3.7688e-05, 6.4759e-05, 3.5145e-05, 1.2116e-04, 4.1917e-05, 1.0216e-06,
        2.6775e-05, 8.8393e-06, 4.8038e-06, 6.0104e-05, 2.1699e-05, 2.8963e-05,
        3.6861e-05, 2.0620e-05, 3.6055e-05, 1.5336e-05, 4.0157e-05, 4.1557e-05,
        6.1573e-05, 1.1272e-05, 7.5429e-05, 5.5582e-05, 2.2097e-04, 4.6614e-05,
        4.7386e-05, 4.4271e-05, 2.3392e-05, 6.2133e-05, 2.7674e-05, 1.1181e-04,
        2.1920e-05, 4.2079e-05, 6.8379e-05, 1.3134e-05, 4.0242e-05, 1.0498e-04,
        7.8016e-05, 4.7942e-05, 7.7107e-05, 6.1599e-05, 1.6145e-05, 8.1826e-05,
        1.5382e-05, 7.1829e-05, 1.4569e-05, 3.5725e-05, 1.4037e-05, 3.5536e-05,
        1.0744e-04, 7.7710e-06, 6.7963e-05, 3.9790e-05, 2.0931e-05, 8.4102e-05,
        4.1346e-05, 4.8488e-05, 1.6755e-05, 8.9083e-05, 1.0946e-04, 2.6359e-05,
        4.7509e-05, 3.8850e-05, 6.8078e-06, 3.5262e-05, 2.5366e-05, 3.9015e-05,
        4.9226e-05, 6.7313e-05, 2.1382e-06, 3.9536e-05, 3.8775e-05, 1.2981e-04,
        1.2849e-05, 1.2383e-04, 1.0782e-05, 3.5685e-05, 3.0729e-06, 7.9271e-06,
        2.8057e-05, 1.8116e-05, 4.2140e-05, 6.3418e-05, 1.2278e-04, 6.1947e-05,
        3.8890e-05, 3.2304e-05, 7.6110e-06, 6.3168e-05, 3.6990e-05],
       grad_fn=<CatBackward>)

mean_overall=tensor(4.8992e-05, grad_fn=<MeanBackward0>)

-----------------------------------------------ITERATION160-----------------------------------------------

final_causality=[[1, 1, 1, 1, 1, 1, 1, 1, 1, 1, 1, 1, 1], [1, 1, 1, 1, 1, 1, 1, 1, 1, 1, 1, 1, 1, 1, 1, 1, 1, 1, 1, 1, 1, 1, 1, 1, 1, 1, 1, 1, 1, 1, 1, 1, 1, 1, 1, 1, 1, 1, 1, 1, 1, 1, 1, 1, 1, 1, 1, 1, 1, 1], [1, 1, 1, 1, 1, 1, 1, 1, 1, 1, 1, 1, 1, 1, 1, 1, 1, 1, 1, 1, 1, 1, 1, 1, 1, 1, 1, 1, 1, 1, 1, 1, 1, 1, 1, 1, 1, 1, 1, 1, 1, 1, 1, 1, 1, 1, 1, 1, 1, 1]]

means=tensor([2.1645e-04, 0.0000e+00, 0.0000e+00, 0.0000e+00, 8.1002e-05, 1.5823e-04,
        2.7962e-05, 1.1434e-05, 0.0000e+00, 0.0000e+00, 0.0000e+00, 4.5614e-04,
        1.4076e-05, 2.4061e-05, 1.3006e-05, 4.0134e-05, 1.0370e-05, 8.2516e-05,
        3.9929e-05, 5.5919e-05, 9.2797e-06, 4.9985e-05, 2.8928e-05, 3.2592e-05,
        3.7648e-05, 6.4307e-05, 3.4828e-05, 1.2185e-04, 4.2012e-05, 8.5335e-07,
        2.6806e-05, 8.6590e-06, 4.9657e-06, 5.9694e-05, 2.1671e-05, 2.8485e-05,
        3.7109e-05, 2.0295e-05, 3.6487e-05, 1.5032e-05, 4.0252e-05, 4.1931e-05,
        6.1507e-05, 1.1511e-05, 7.5225e-05, 5.5879e-05, 2.2042e-04, 4.6397e-05,
        4.6825e-05, 4.4517e-05, 2.3684e-05, 6.2737e-05, 2.7356e-05, 1.1146e-04,
        2.2096e-05, 4.1816e-05, 6.7944e-05, 1.3279e-05, 4.0226e-05, 1.0505e-04,
        7.8399e-05, 4.8470e-05, 7.6506e-05, 6.1625e-05, 1.6166e-05, 8.2613e-05,
        1.5411e-05, 7.1550e-05, 1.4656e-05, 3.5662e-05, 1.3902e-05, 3.5523e-05,
        1.0731e-04, 7.7749e-06, 6.7944e-05, 3.9785e-05, 2.0906e-05, 8.3088e-05,
        4.1338e-05, 4.8337e-05, 1.6722e-05, 8.8939e-05, 1.0883e-04, 2.6300e-05,
        4.7564e-05, 3.8917e-05, 6.8042e-06, 3.5295e-05, 2.5374e-05, 3.9147e-05,
        4.9598e-05, 6.6970e-05, 2.1393e-06, 3.9335e-05, 3.8764e-05, 1.2957e-04,
        1.2824e-05, 1.2438e-04, 1.0721e-05, 3.5488e-05, 3.0802e-06, 7.8173e-06,
        2.8051e-05, 1.8035e-05, 4.2013e-05, 6.2312e-05, 1.2270e-04, 6.1802e-05,
        3.9478e-05, 3.2302e-05, 7.6113e-06, 6.3520e-05, 3.7080e-05],
       grad_fn=<CatBackward>)

mean_overall=tensor(4.8755e-05, grad_fn=<MeanBackward0>)

-----------------------------------------------ITERATION170-----------------------------------------------

final_causality=[[1, 1, 1, 1, 1, 1, 1, 1, 1, 1, 1, 1, 1], [1, 1, 1, 1, 1, 1, 1, 1, 1, 1, 1, 1, 1, 1, 1, 1, 1, 1, 1, 1, 1, 1, 1, 1, 1, 1, 1, 1, 1, 1, 1, 1, 1, 1, 1, 1, 1, 1, 1, 1, 1, 1, 1, 1, 1, 1, 1, 1, 1, 1], [1, 1, 1, 1, 1, 1, 1, 1, 1, 1, 1, 1, 1, 1, 1, 1, 1, 1, 1, 1, 1, 1, 1, 1, 1, 1, 1, 1, 1, 1, 1, 1, 1, 1, 1, 1, 1, 1, 1, 1, 1, 1, 1, 1, 1, 1, 1, 1, 1, 1]]

means=tensor([2.0245e-04, 0.0000e+00, 0.0000e+00, 0.0000e+00, 7.9138e-05, 1.5706e-04,
        2.8785e-05, 1.1377e-05, 0.0000e+00, 0.0000e+00, 0.0000e+00, 4.5732e-04,
        5.5592e-06, 2.4467e-05, 1.2921e-05, 3.9987e-05, 1.0320e-05, 8.2442e-05,
        3.9939e-05, 5.5587e-05, 9.3023e-06, 5.0140e-05, 2.9127e-05, 3.2411e-05,
        3.7617e-05, 6.3852e-05, 3.4519e-05, 1.2257e-04, 4.2118e-05, 6.8957e-07,
        2.6855e-05, 8.4828e-06, 5.1449e-06, 5.9278e-05, 2.1636e-05, 2.8013e-05,
        3.7358e-05, 1.9976e-05, 3.6951e-05, 1.4730e-05, 4.0362e-05, 4.2332e-05,
        6.1459e-05, 1.1770e-05, 7.5029e-05, 5.6177e-05, 2.1986e-04, 4.6184e-05,
        4.6272e-05, 4.4786e-05, 2.4007e-05, 6.3369e-05, 2.7014e-05, 1.1111e-04,
        2.2267e-05, 4.1557e-05, 6.7483e-05, 1.3418e-05, 4.0200e-05, 1.0515e-04,
        7.8805e-05, 4.9080e-05, 7.5911e-05, 6.1651e-05, 1.6186e-05, 8.3428e-05,
        1.5442e-05, 7.1265e-05, 1.4747e-05, 3.5598e-05, 1.3762e-05, 3.5508e-05,
        1.0718e-04, 7.7796e-06, 6.7923e-05, 3.9778e-05, 2.0880e-05, 8.2060e-05,
        4.1325e-05, 4.8182e-05, 1.6687e-05, 8.8795e-05, 1.0818e-04, 2.6241e-05,
        4.7658e-05, 3.8988e-05, 6.7991e-06, 3.5328e-05, 2.5379e-05, 3.9282e-05,
        4.9981e-05, 6.6628e-05, 2.1419e-06, 3.9135e-05, 3.8751e-05, 1.2932e-04,
        1.2797e-05, 1.2496e-04, 1.0660e-05, 3.5284e-05, 3.0860e-06, 7.7038e-06,
        2.8042e-05, 1.7956e-05, 4.1883e-05, 6.1189e-05, 1.2269e-04, 6.1653e-05,
        4.0074e-05, 3.2304e-05, 7.6150e-06, 6.3877e-05, 3.7171e-05],
       grad_fn=<CatBackward>)

mean_overall=tensor(4.8519e-05, grad_fn=<MeanBackward0>)

-----------------------------------------------ITERATION180-----------------------------------------------

final_causality=[[1, 1, 1, 1, 1, 1, 1, 1, 1, 1, 1, 1, 1], [1, 1, 1, 1, 1, 1, 1, 1, 1, 1, 1, 1, 1, 1, 1, 1, 1, 1, 1, 1, 1, 1, 1, 1, 1, 1, 1, 1, 1, 1, 1, 1, 1, 1, 1, 1, 1, 1, 1, 1, 1, 1, 1, 1, 1, 1, 1, 1, 1, 1], [1, 1, 1, 1, 1, 1, 1, 1, 1, 1, 1, 1, 1, 1, 1, 1, 1, 1, 1, 1, 1, 1, 1, 1, 1, 1, 1, 1, 1, 1, 1, 1, 1, 1, 1, 1, 1, 1, 1, 1, 1, 1, 1, 1, 1, 1, 1, 1, 1, 1]]

means=tensor([1.8807e-04, 0.0000e+00, 0.0000e+00, 0.0000e+00, 7.7210e-05, 1.5585e-04,
        2.9610e-05, 1.1312e-05, 0.0000e+00, 0.0000e+00, 0.0000e+00, 4.5849e-04,
        3.2335e-06, 2.4883e-05, 1.2825e-05, 3.9834e-05, 1.0267e-05, 8.2379e-05,
        3.9943e-05, 5.5243e-05, 9.3355e-06, 5.0293e-05, 2.9330e-05, 3.2220e-05,
        3.7581e-05, 6.3383e-05, 3.4200e-05, 1.2331e-04, 4.2225e-05, 5.1295e-07,
        2.6899e-05, 8.3014e-06, 5.3220e-06, 5.8847e-05, 2.1606e-05, 2.7531e-05,
        3.7622e-05, 1.9648e-05, 3.7427e-05, 1.4423e-05, 4.0472e-05, 4.2739e-05,
        6.1407e-05, 1.2034e-05, 7.4818e-05, 5.6497e-05, 2.1928e-04, 4.5963e-05,
        4.5702e-05, 4.5059e-05, 2.4331e-05, 6.4016e-05, 2.6676e-05, 1.1075e-04,
        2.2454e-05, 4.1286e-05, 6.7023e-05, 1.3571e-05, 4.0181e-05, 1.0524e-04,
        7.9221e-05, 4.9710e-05, 7.5292e-05, 6.1678e-05, 1.6208e-05, 8.4264e-05,
        1.5471e-05, 7.0972e-05, 1.4839e-05, 3.5532e-05, 1.3621e-05, 3.5496e-05,
        1.0704e-04, 7.7836e-06, 6.7903e-05, 3.9773e-05, 2.0855e-05, 8.1002e-05,
        4.1315e-05, 4.8022e-05, 1.6652e-05, 8.8643e-05, 1.0753e-04, 2.6180e-05,
        4.7757e-05, 3.9310e-05, 6.7948e-06, 3.5363e-05, 2.5386e-05, 3.9422e-05,
        5.0374e-05, 6.6276e-05, 2.1435e-06, 3.8927e-05, 3.8739e-05, 1.2907e-04,
        1.2771e-05, 1.2556e-04, 1.0597e-05, 3.5076e-05, 3.0935e-06, 7.5889e-06,
        2.8034e-05, 1.7873e-05, 4.1750e-05, 6.0034e-05, 1.2269e-04, 6.1498e-05,
        4.0691e-05, 3.2304e-05, 7.6165e-06, 6.4245e-05, 3.7266e-05],
       grad_fn=<CatBackward>)

mean_overall=tensor(4.8335e-05, grad_fn=<MeanBackward0>)

-----------------------------------------------ITERATION190-----------------------------------------------

final_causality=[[1, 1, 1, 1, 1, 1, 1, 1, 1, 1, 1, 1, 1], [1, 1, 1, 1, 1, 1, 1, 1, 1, 1, 1, 1, 1, 1, 1, 1, 1, 1, 1, 1, 1, 1, 1, 1, 1, 1, 1, 1, 1, 1, 1, 1, 1, 1, 1, 1, 1, 1, 1, 1, 1, 1, 1, 1, 1, 1, 1, 1, 1, 1], [1, 1, 1, 1, 1, 1, 1, 1, 1, 1, 1, 1, 1, 1, 1, 1, 1, 1, 1, 1, 1, 1, 1, 1, 1, 1, 1, 1, 1, 1, 1, 1, 1, 1, 1, 1, 1, 1, 1, 1, 1, 1, 1, 1, 1, 1, 1, 1, 1, 1]]

means=tensor([1.7335e-04, 0.0000e+00, 0.0000e+00, 0.0000e+00, 7.5221e-05, 1.5462e-04,
        3.0442e-05, 1.1240e-05, 0.0000e+00, 0.0000e+00, 0.0000e+00, 4.5968e-04,
        2.9655e-06, 2.5309e-05, 1.2720e-05, 3.9844e-05, 1.0212e-05, 8.2325e-05,
        3.9945e-05, 5.4889e-05, 9.3764e-06, 5.0446e-05, 2.9540e-05, 3.2021e-05,
        3.7543e-05, 6.2903e-05, 3.3875e-05, 1.2406e-04, 4.2334e-05, 3.2595e-07,
        2.6941e-05, 8.1165e-06, 5.4995e-06, 5.8404e-05, 2.1581e-05, 2.7041e-05,
        3.7897e-05, 1.9316e-05, 3.7919e-05, 1.4111e-05, 4.0584e-05, 4.3156e-05,
        6.1354e-05, 1.2306e-05, 7.4595e-05, 5.6835e-05, 2.1867e-04, 4.5735e-05,
        4.5119e-05, 4.5341e-05, 2.4662e-05, 6.4679e-05, 2.6336e-05, 1.1037e-04,
        2.2655e-05, 4.1004e-05, 6.6562e-05, 1.3736e-05, 4.0167e-05, 1.0532e-04,
        7.9650e-05, 5.0362e-05, 7.4655e-05, 6.1706e-05, 1.6230e-05, 8.5123e-05,
        1.5500e-05, 7.0673e-05, 1.4933e-05, 3.5463e-05, 1.3479e-05, 3.5487e-05,
        1.0690e-04, 7.7871e-06, 6.7884e-05, 3.9770e-05, 2.0832e-05, 7.9918e-05,
        4.1307e-05, 4.7859e-05, 1.6616e-05, 8.8484e-05, 1.0686e-04, 2.6115e-05,
        4.7861e-05, 3.9648e-05, 6.7912e-06, 3.5400e-05, 2.5393e-05, 3.9566e-05,
        5.0777e-05, 6.5917e-05, 2.1442e-06, 3.8714e-05, 3.8727e-05, 1.2880e-04,
        1.2745e-05, 1.2618e-04, 1.0533e-05, 3.4864e-05, 3.1021e-06, 7.4724e-06,
        2.8028e-05, 1.7787e-05, 4.1616e-05, 5.8932e-05, 1.2277e-04, 6.1337e-05,
        4.1326e-05, 3.2304e-05, 7.6166e-06, 6.4622e-05, 3.7364e-05],
       grad_fn=<CatBackward>)

mean_overall=tensor(4.8169e-05, grad_fn=<MeanBackward0>)

-----------------------------------------------ITERATION200-----------------------------------------------

final_causality=[[1, 1, 1, 1, 1, 1, 1, 1, 1, 1, 1, 1, 1], [1, 1, 1, 1, 1, 1, 1, 1, 1, 1, 1, 1, 1, 1, 1, 1, 1, 1, 1, 1, 1, 1, 1, 1, 1, 1, 1, 1, 1, 1, 1, 1, 1, 1, 1, 1, 1, 1, 1, 1, 1, 1, 1, 1, 1, 1, 1, 1, 1, 1], [1, 1, 1, 1, 1, 1, 1, 1, 1, 1, 1, 1, 1, 1, 1, 1, 1, 1, 1, 1, 1, 1, 1, 1, 1, 1, 1, 1, 1, 1, 1, 1, 1, 1, 1, 1, 1, 1, 1, 1, 1, 1, 1, 1, 1, 1, 1, 1, 1, 1]]

means=tensor([1.5834e-04, 0.0000e+00, 0.0000e+00, 0.0000e+00, 7.3174e-05, 1.5336e-04,
        3.1308e-05, 1.1167e-05, 0.0000e+00, 0.0000e+00, 0.0000e+00, 4.6093e-04,
        1.1856e-06, 2.5750e-05, 1.2616e-05, 3.9970e-05, 1.0159e-05, 8.2266e-05,
        3.9951e-05, 5.4533e-05, 9.4171e-06, 5.0610e-05, 2.9763e-05, 3.1818e-05,
        3.7507e-05, 6.2416e-05, 3.3551e-05, 1.2485e-04, 4.2450e-05, 1.3523e-07,
        2.6991e-05, 7.9323e-06, 5.6848e-06, 5.7951e-05, 2.1554e-05, 2.6551e-05,
        3.8181e-05, 1.8983e-05, 3.8435e-05, 1.3799e-05, 4.0705e-05, 4.3590e-05,
        6.1310e-05, 1.2593e-05, 7.4369e-05, 5.7184e-05, 2.1806e-04, 4.5507e-05,
        4.4535e-05, 4.5636e-05, 2.5010e-05, 6.5364e-05, 2.5987e-05, 1.0998e-04,
        2.2862e-05, 4.0719e-05, 6.6089e-05, 1.3904e-05, 4.0191e-05, 1.0542e-04,
        8.0095e-05, 5.1040e-05, 7.4013e-05, 6.1735e-05, 1.6253e-05, 8.6006e-05,
        1.5530e-05, 7.0368e-05, 1.5031e-05, 3.5393e-05, 1.3334e-05, 3.5479e-05,
        1.0675e-04, 7.7906e-06, 6.7864e-05, 3.9767e-05, 2.0808e-05, 7.8814e-05,
        4.1297e-05, 4.7691e-05, 1.6579e-05, 8.8322e-05, 1.0618e-04, 2.6050e-05,
        4.7965e-05, 3.9995e-05, 6.7872e-06, 3.5439e-05, 2.5400e-05, 3.9714e-05,
        5.1190e-05, 6.5555e-05, 2.1452e-06, 3.8498e-05, 3.8714e-05, 1.2853e-04,
        1.2718e-05, 1.2682e-04, 1.0467e-05, 3.4647e-05, 3.1110e-06, 7.3537e-06,
        2.8020e-05, 1.7700e-05, 4.1479e-05, 5.7965e-05, 1.2300e-04, 6.1206e-05,
        4.1974e-05, 3.2306e-05, 7.6175e-06, 6.5006e-05, 3.7465e-05],
       grad_fn=<CatBackward>)

mean_overall=tensor(4.7994e-05, grad_fn=<MeanBackward0>)

-----------------------------------------------ITERATION210-----------------------------------------------

final_causality=[[1, 1, 1, 1, 1, 1, 1, 1, 1, 1, 1, 1, 1], [1, 1, 1, 1, 1, 1, 1, 1, 1, 1, 1, 1, 1, 1, 1, 1, 1, 1, 1, 1, 1, 1, 1, 1, 1, 1, 1, 1, 1, 1, 1, 1, 1, 1, 1, 1, 1, 1, 1, 1, 1, 1, 1, 1, 1, 1, 1, 1, 1, 1], [1, 1, 1, 1, 1, 1, 1, 1, 1, 1, 1, 1, 1, 1, 1, 1, 1, 1, 1, 1, 1, 1, 1, 1, 1, 1, 1, 1, 1, 1, 1, 1, 1, 1, 1, 1, 1, 1, 1, 1, 1, 1, 1, 1, 1, 1, 1, 1, 1, 1]]

means=tensor([1.4304e-04, 0.0000e+00, 0.0000e+00, 0.0000e+00, 7.1069e-05, 1.5208e-04,
        3.2203e-05, 1.1094e-05, 0.0000e+00, 0.0000e+00, 0.0000e+00, 4.6222e-04,
        1.0869e-05, 2.6205e-05, 1.2511e-05, 4.0144e-05, 1.0107e-05, 8.2204e-05,
        3.9960e-05, 5.4174e-05, 9.4587e-06, 5.0782e-05, 3.0000e-05, 3.1613e-05,
        3.7474e-05, 6.1921e-05, 3.3226e-05, 1.2566e-04, 4.2571e-05, 6.0231e-08,
        2.7048e-05, 7.7485e-06, 5.8766e-06, 5.7489e-05, 2.1527e-05, 2.6062e-05,
        3.8472e-05, 1.8651e-05, 3.8974e-05, 1.3488e-05, 4.0833e-05, 4.4040e-05,
        6.1273e-05, 1.2892e-05, 7.4140e-05, 5.7545e-05, 2.1743e-04, 4.5277e-05,
        4.3948e-05, 4.5946e-05, 2.5374e-05, 6.6069e-05, 2.5630e-05, 1.0959e-04,
        2.3077e-05, 4.0430e-05, 6.5608e-05, 1.4078e-05, 4.0333e-05, 1.0552e-04,
        8.0557e-05, 5.1746e-05, 7.3363e-05, 6.1764e-05, 1.6275e-05, 8.6911e-05,
        1.5560e-05, 7.0057e-05, 1.5131e-05, 3.5322e-05, 1.3187e-05, 3.5472e-05,
        1.0661e-04, 7.7940e-06, 6.7844e-05, 3.9765e-05, 2.0785e-05, 7.7691e-05,
        4.1287e-05, 4.7520e-05, 1.6540e-05, 8.8156e-05, 1.0549e-04, 2.6105e-05,
        4.8072e-05, 4.0351e-05, 6.7831e-06, 3.5478e-05, 2.5407e-05, 3.9866e-05,
        5.1613e-05, 6.5189e-05, 2.1463e-06, 3.8279e-05, 3.8701e-05, 1.2826e-04,
        1.2692e-05, 1.2749e-04, 1.0401e-05, 3.4426e-05, 3.1210e-06, 7.2330e-06,
        2.8011e-05, 1.7611e-05, 4.1339e-05, 5.6982e-05, 1.2324e-04, 6.1338e-05,
        4.2635e-05, 3.2308e-05, 7.6188e-06, 6.5397e-05, 3.7568e-05],
       grad_fn=<CatBackward>)

mean_overall=tensor(4.7925e-05, grad_fn=<MeanBackward0>)

-----------------------------------------------ITERATION220-----------------------------------------------

final_causality=[[1, 1, 1, 1, 1, 1, 1, 1, 1, 1, 1, 1, 1], [1, 1, 1, 1, 1, 1, 1, 1, 1, 1, 1, 1, 1, 1, 1, 1, 1, 1, 1, 1, 1, 1, 1, 1, 1, 1, 1, 1, 1, 1, 1, 1, 1, 1, 1, 1, 1, 1, 1, 1, 1, 1, 1, 1, 1, 1, 1, 1, 1, 1], [1, 1, 1, 1, 1, 1, 1, 1, 1, 1, 1, 1, 1, 1, 1, 1, 1, 1, 1, 1, 1, 1, 1, 1, 1, 1, 1, 1, 1, 1, 1, 1, 1, 1, 1, 1, 1, 1, 1, 1, 1, 1, 1, 1, 1, 1, 1, 1, 1, 1]]

means=tensor([1.2744e-04, 0.0000e+00, 0.0000e+00, 0.0000e+00, 6.8906e-05, 1.5078e-04,
        3.3117e-05, 1.1017e-05, 0.0000e+00, 0.0000e+00, 0.0000e+00, 4.6356e-04,
        2.0793e-05, 2.6673e-05, 1.2402e-05, 4.0399e-05, 1.0065e-05, 8.2146e-05,
        3.9971e-05, 5.3810e-05, 9.5046e-06, 5.0960e-05, 3.0246e-05, 3.1402e-05,
        3.7440e-05, 6.1420e-05, 3.2899e-05, 1.2650e-04, 4.2696e-05, 6.1026e-08,
        2.7108e-05, 7.5640e-06, 6.0722e-06, 5.7078e-05, 2.1502e-05, 2.5570e-05,
        3.8773e-05, 1.8318e-05, 3.9533e-05, 1.3176e-05, 4.0966e-05, 4.4504e-05,
        6.1241e-05, 1.3203e-05, 7.3903e-05, 5.7922e-05, 2.1679e-04, 4.5044e-05,
        4.3356e-05, 4.6266e-05, 2.5750e-05, 6.6792e-05, 2.5270e-05, 1.0920e-04,
        2.3301e-05, 4.0136e-05, 6.5123e-05, 1.4260e-05, 4.0480e-05, 1.0562e-04,
        8.1033e-05, 5.2476e-05, 7.2704e-05, 6.1794e-05, 1.6298e-05, 8.7838e-05,
        1.5589e-05, 6.9739e-05, 1.5269e-05, 3.5249e-05, 1.3038e-05, 3.5467e-05,
        1.0646e-04, 7.7971e-06, 6.7824e-05, 3.9764e-05, 2.0763e-05, 7.6548e-05,
        4.1277e-05, 4.7345e-05, 1.6501e-05, 8.7986e-05, 1.0478e-04, 2.6165e-05,
        4.8181e-05, 4.0714e-05, 6.7792e-06, 3.5519e-05, 2.5414e-05, 4.0023e-05,
        5.2046e-05, 6.4819e-05, 2.1470e-06, 3.8056e-05, 3.8688e-05, 1.2799e-04,
        1.2665e-05, 1.2818e-04, 1.0334e-05, 3.4267e-05, 3.1316e-06, 7.1107e-06,
        2.8003e-05, 1.7521e-05, 4.1198e-05, 5.5981e-05, 1.2348e-04, 6.1469e-05,
        4.3311e-05, 3.2311e-05, 7.6197e-06, 6.5796e-05, 3.7674e-05],
       grad_fn=<CatBackward>)

mean_overall=tensor(4.7860e-05, grad_fn=<MeanBackward0>)

-----------------------------------------------ITERATION230-----------------------------------------------

final_causality=[[1, 1, 1, 1, 1, 1, 1, 1, 1, 1, 1, 1, 1], [1, 1, 1, 1, 1, 1, 1, 1, 1, 1, 1, 1, 1, 1, 1, 1, 1, 1, 1, 1, 1, 1, 1, 1, 1, 1, 1, 1, 1, 1, 1, 1, 1, 1, 1, 1, 1, 1, 1, 1, 1, 1, 1, 1, 1, 1, 1, 1, 1, 1], [1, 1, 1, 1, 1, 1, 1, 1, 1, 1, 1, 1, 1, 1, 1, 1, 1, 1, 1, 1, 1, 1, 1, 1, 1, 1, 1, 1, 1, 1, 1, 1, 1, 1, 1, 1, 1, 1, 1, 1, 1, 1, 1, 1, 1, 1, 1, 1, 1, 1]]

means=tensor([1.1156e-04, 0.0000e+00, 0.0000e+00, 0.0000e+00, 6.6685e-05, 1.4946e-04,
        3.4052e-05, 1.0937e-05, 0.0000e+00, 0.0000e+00, 0.0000e+00, 4.6493e-04,
        3.0952e-05, 2.7155e-05, 1.2291e-05, 4.0662e-05, 1.0084e-05, 8.2088e-05,
        3.9984e-05, 5.3442e-05, 9.5540e-06, 5.1144e-05, 3.0505e-05, 3.1186e-05,
        3.7407e-05, 6.0911e-05, 3.2572e-05, 1.2736e-04, 4.2826e-05, 1.3732e-07,
        2.7172e-05, 7.3795e-06, 6.2722e-06, 5.6908e-05, 2.1478e-05, 2.5079e-05,
        3.9084e-05, 1.7984e-05, 4.0114e-05, 1.2864e-05, 4.1106e-05, 4.4982e-05,
        6.1215e-05, 1.3526e-05, 7.3660e-05, 5.8314e-05, 2.1614e-04, 4.4810e-05,
        4.2761e-05, 4.6599e-05, 2.6139e-05, 6.7533e-05, 2.4905e-05, 1.0879e-04,
        2.3536e-05, 3.9838e-05, 6.4633e-05, 1.4449e-05, 4.0634e-05, 1.0573e-04,
        8.1525e-05, 5.3232e-05, 7.2176e-05, 6.1825e-05, 1.6322e-05, 8.8786e-05,
        1.5618e-05, 6.9416e-05, 1.5425e-05, 3.5174e-05, 1.2888e-05, 3.5465e-05,
        1.0630e-04, 7.7999e-06, 6.7805e-05, 3.9764e-05, 2.0742e-05, 7.5384e-05,
        4.1268e-05, 4.7166e-05, 1.6461e-05, 8.7811e-05, 1.0407e-04, 2.6226e-05,
        4.8292e-05, 4.1085e-05, 6.7754e-06, 3.5561e-05, 2.5421e-05, 4.0183e-05,
        5.2488e-05, 6.4445e-05, 2.1474e-06, 3.7830e-05, 3.8674e-05, 1.2771e-04,
        1.2638e-05, 1.2889e-04, 1.0265e-05, 3.4111e-05, 3.1429e-06, 6.9868e-06,
        2.7994e-05, 1.7430e-05, 4.1056e-05, 5.4964e-05, 1.2373e-04, 6.1599e-05,
        4.4002e-05, 3.2315e-05, 7.6204e-06, 6.6202e-05, 3.7782e-05],
       grad_fn=<CatBackward>)

mean_overall=tensor(4.7801e-05, grad_fn=<MeanBackward0>)

-----------------------------------------------ITERATION240-----------------------------------------------

final_causality=[[1, 1, 1, 1, 1, 1, 1, 1, 1, 1, 1, 1, 1], [1, 1, 1, 1, 1, 1, 1, 1, 1, 1, 1, 1, 1, 1, 1, 1, 1, 1, 1, 1, 1, 1, 1, 1, 1, 1, 1, 1, 1, 1, 1, 1, 1, 1, 1, 1, 1, 1, 1, 1, 1, 1, 1, 1, 1, 1, 1, 1, 1, 1], [1, 1, 1, 1, 1, 1, 1, 1, 1, 1, 1, 1, 1, 1, 1, 1, 1, 1, 1, 1, 1, 1, 1, 1, 1, 1, 1, 1, 1, 1, 1, 1, 1, 1, 1, 1, 1, 1, 1, 1, 1, 1, 1, 1, 1, 1, 1, 1, 1, 1]]

means=tensor([9.5401e-05, 0.0000e+00, 0.0000e+00, 0.0000e+00, 6.4408e-05, 1.4812e-04,
        3.5013e-05, 1.0855e-05, 0.0000e+00, 0.0000e+00, 0.0000e+00, 4.6636e-04,
        4.1341e-05, 2.7651e-05, 1.2177e-05, 4.0934e-05, 1.0106e-05, 8.2031e-05,
        3.9999e-05, 5.3072e-05, 9.6060e-06, 5.1336e-05, 3.0776e-05, 3.0967e-05,
        3.7375e-05, 6.0396e-05, 3.2244e-05, 1.2824e-04, 4.2962e-05, 3.4116e-07,
        2.7242e-05, 7.1957e-06, 6.4774e-06, 5.6736e-05, 2.1455e-05, 2.4588e-05,
        3.9403e-05, 1.7696e-05, 4.0719e-05, 1.2553e-05, 4.1252e-05, 4.5476e-05,
        6.1196e-05, 1.3863e-05, 7.3413e-05, 5.8721e-05, 2.1548e-04, 4.4574e-05,
        4.2164e-05, 4.6945e-05, 2.6543e-05, 6.8294e-05, 2.4535e-05, 1.0838e-04,
        2.3779e-05, 3.9535e-05, 6.4137e-05, 1.4645e-05, 4.0791e-05, 1.0584e-04,
        8.2032e-05, 5.4016e-05, 7.1651e-05, 6.1856e-05, 1.6345e-05, 8.9756e-05,
        1.5647e-05, 6.9087e-05, 1.5586e-05, 3.5097e-05, 1.2736e-05, 3.5464e-05,
        1.0615e-04, 7.8025e-06, 6.7785e-05, 3.9765e-05, 2.0721e-05, 7.4203e-05,
        4.1259e-05, 4.6984e-05, 1.6420e-05, 8.7632e-05, 1.0335e-04, 2.6287e-05,
        4.8405e-05, 4.1463e-05, 6.7716e-06, 3.5605e-05, 2.5428e-05, 4.0347e-05,
        5.2939e-05, 6.4068e-05, 2.1478e-06, 3.7602e-05, 3.8661e-05, 1.2742e-04,
        1.2611e-05, 1.2963e-04, 1.0196e-05, 3.3952e-05, 3.1547e-06, 6.8613e-06,
        2.7985e-05, 1.7337e-05, 4.0911e-05, 5.3932e-05, 1.2399e-04, 6.1729e-05,
        4.4705e-05, 3.2319e-05, 7.6213e-06, 6.6614e-05, 3.7893e-05],
       grad_fn=<CatBackward>)

mean_overall=tensor(4.7746e-05, grad_fn=<MeanBackward0>)

-----------------------------------------------ITERATION250-----------------------------------------------

final_causality=[[1, 1, 1, 1, 1, 1, 1, 1, 1, 1, 1, 1, 1], [1, 1, 1, 1, 1, 1, 1, 1, 1, 1, 1, 1, 1, 1, 1, 1, 1, 1, 1, 1, 1, 1, 1, 1, 1, 1, 1, 1, 1, 1, 1, 1, 1, 1, 1, 1, 1, 1, 1, 1, 1, 1, 1, 1, 1, 1, 1, 1, 1, 1], [1, 1, 1, 1, 1, 1, 1, 1, 1, 1, 1, 1, 1, 1, 1, 1, 1, 1, 1, 1, 1, 1, 1, 1, 1, 1, 1, 1, 1, 1, 1, 1, 1, 1, 1, 1, 1, 1, 1, 1, 1, 1, 1, 1, 1, 1, 1, 1, 1, 1]]

means=tensor([7.8975e-05, 0.0000e+00, 0.0000e+00, 0.0000e+00, 6.2073e-05, 1.4676e-04,
        3.5996e-05, 1.0770e-05, 0.0000e+00, 0.0000e+00, 0.0000e+00, 4.6782e-04,
        5.1959e-05, 2.8161e-05, 1.2061e-05, 4.1214e-05, 1.0131e-05, 8.1975e-05,
        4.0018e-05, 5.2698e-05, 9.6612e-06, 5.1536e-05, 3.1060e-05, 3.0744e-05,
        3.7344e-05, 5.9876e-05, 3.1917e-05, 1.2915e-04, 4.3103e-05, 5.5087e-07,
        2.7317e-05, 7.0127e-06, 6.6875e-06, 5.6562e-05, 2.1434e-05, 2.4098e-05,
        3.9732e-05, 1.7505e-05, 4.1347e-05, 1.2243e-05, 4.1405e-05, 4.5986e-05,
        6.1185e-05, 1.4212e-05, 7.3161e-05, 5.9142e-05, 2.1480e-04, 4.4336e-05,
        4.1566e-05, 4.7304e-05, 2.6961e-05, 6.9074e-05, 2.4160e-05, 1.0797e-04,
        2.4032e-05, 3.9229e-05, 6.3638e-05, 1.4847e-05, 4.0955e-05, 1.0625e-04,
        8.2555e-05, 5.4826e-05, 7.1119e-05, 6.1888e-05, 1.6368e-05, 9.0747e-05,
        1.5676e-05, 6.8752e-05, 1.5751e-05, 3.5019e-05, 1.2583e-05, 3.5465e-05,
        1.0599e-04, 7.8048e-06, 6.7765e-05, 3.9768e-05, 2.0701e-05, 7.3003e-05,
        4.1250e-05, 4.6798e-05, 1.6378e-05, 8.7449e-05, 1.0261e-04, 2.6349e-05,
        4.8521e-05, 4.1849e-05, 6.7678e-06, 3.5650e-05, 2.5435e-05, 4.0516e-05,
        5.3400e-05, 6.3687e-05, 2.1479e-06, 3.7370e-05, 3.8647e-05, 1.2713e-04,
        1.2584e-05, 1.3039e-04, 1.0126e-05, 3.3791e-05, 3.1672e-06, 6.7485e-06,
        2.7976e-05, 1.7243e-05, 4.0765e-05, 5.2886e-05, 1.2425e-04, 6.1857e-05,
        4.5422e-05, 3.2324e-05, 7.6221e-06, 6.7034e-05, 3.8007e-05],
       grad_fn=<CatBackward>)

mean_overall=tensor(4.7696e-05, grad_fn=<MeanBackward0>)

-----------------------------------------------ITERATION260-----------------------------------------------

final_causality=[[1, 1, 1, 1, 1, 1, 1, 1, 1, 1, 1, 1, 1], [1, 1, 1, 1, 1, 1, 1, 1, 1, 1, 1, 1, 1, 1, 1, 1, 1, 1, 1, 1, 1, 1, 1, 1, 1, 1, 1, 1, 1, 1, 1, 1, 1, 1, 1, 1, 1, 1, 1, 1, 1, 1, 1, 1, 1, 1, 1, 1, 1, 1], [1, 1, 1, 1, 1, 1, 1, 1, 1, 1, 1, 1, 1, 1, 1, 1, 1, 1, 1, 1, 1, 1, 1, 1, 1, 1, 1, 1, 1, 1, 1, 1, 1, 1, 1, 1, 1, 1, 1, 1, 1, 1, 1, 1, 1, 1, 1, 1, 1, 1]]

means=tensor([6.2281e-05, 0.0000e+00, 0.0000e+00, 0.0000e+00, 5.9680e-05, 1.4539e-04,
        3.7002e-05, 1.0683e-05, 0.0000e+00, 0.0000e+00, 0.0000e+00, 4.6933e-04,
        6.2807e-05, 2.8685e-05, 1.1943e-05, 4.1503e-05, 1.0160e-05, 8.1921e-05,
        4.0039e-05, 5.2322e-05, 9.7200e-06, 5.1743e-05, 3.1357e-05, 3.0517e-05,
        3.7315e-05, 5.9351e-05, 3.1589e-05, 1.3009e-04, 4.3248e-05, 7.6675e-07,
        2.7398e-05, 6.8305e-06, 6.9022e-06, 5.6386e-05, 2.1414e-05, 2.3610e-05,
        4.0070e-05, 1.7314e-05, 4.2000e-05, 1.1935e-05, 4.1564e-05, 4.6666e-05,
        6.1182e-05, 1.4576e-05, 7.2903e-05, 5.9579e-05, 2.1411e-04, 4.4098e-05,
        4.0967e-05, 4.7676e-05, 2.7394e-05, 6.9872e-05, 2.3783e-05, 1.0755e-04,
        2.4296e-05, 3.8919e-05, 6.3135e-05, 1.5058e-05, 4.1123e-05, 1.0674e-04,
        8.3094e-05, 5.5664e-05, 7.0579e-05, 6.1920e-05, 1.6397e-05, 9.1832e-05,
        1.5704e-05, 6.8412e-05, 1.5919e-05, 3.4939e-05, 1.2428e-05, 3.5467e-05,
        1.0583e-04, 7.8067e-06, 6.7746e-05, 3.9772e-05, 2.0683e-05, 7.1785e-05,
        4.1241e-05, 4.6608e-05, 1.6335e-05, 8.7261e-05, 1.0187e-04, 2.6411e-05,
        4.8638e-05, 4.2243e-05, 6.7642e-06, 3.5696e-05, 2.5443e-05, 4.0688e-05,
        5.3870e-05, 6.3304e-05, 2.1477e-06, 3.7135e-05, 3.8877e-05, 1.2684e-04,
        1.2557e-05, 1.3117e-04, 1.0055e-05, 3.3628e-05, 3.1802e-06, 6.6656e-06,
        2.7967e-05, 1.7147e-05, 4.0618e-05, 5.1824e-05, 1.2452e-04, 6.1985e-05,
        4.6153e-05, 3.2330e-05, 7.6229e-06, 6.7460e-05, 3.8128e-05],
       grad_fn=<CatBackward>)

mean_overall=tensor(4.7654e-05, grad_fn=<MeanBackward0>)

-----------------------------------------------ITERATION270-----------------------------------------------

final_causality=[[1, 1, 1, 1, 1, 1, 1, 1, 1, 1, 1, 1, 1], [1, 1, 1, 1, 1, 1, 1, 1, 1, 1, 1, 1, 1, 1, 1, 1, 1, 1, 1, 1, 1, 1, 1, 1, 1, 1, 1, 1, 1, 1, 1, 1, 1, 1, 1, 1, 1, 1, 1, 1, 1, 1, 1, 1, 1, 1, 1, 1, 1, 1], [1, 1, 1, 1, 1, 1, 1, 1, 1, 1, 1, 1, 1, 1, 1, 1, 1, 1, 1, 1, 1, 1, 1, 1, 1, 1, 1, 1, 1, 1, 1, 1, 1, 1, 1, 1, 1, 1, 1, 1, 1, 1, 1, 1, 1, 1, 1, 1, 1, 1]]

means=tensor([4.5323e-05, 0.0000e+00, 0.0000e+00, 0.0000e+00, 5.7230e-05, 1.4400e-04,
        3.8031e-05, 1.0592e-05, 0.0000e+00, 0.0000e+00, 0.0000e+00, 4.7089e-04,
        7.3882e-05, 2.9224e-05, 1.1823e-05, 4.1801e-05, 1.0191e-05, 8.1869e-05,
        4.0063e-05, 5.1944e-05, 9.7822e-06, 5.1958e-05, 3.1667e-05, 3.0286e-05,
        3.7286e-05, 5.8821e-05, 3.1263e-05, 1.3105e-04, 4.3400e-05, 9.8873e-07,
        2.7484e-05, 6.6495e-06, 7.1217e-06, 5.6208e-05, 2.1396e-05, 2.3124e-05,
        4.0418e-05, 1.7122e-05, 4.2679e-05, 1.1628e-05, 4.1731e-05, 4.7382e-05,
        6.1186e-05, 1.4953e-05, 7.2640e-05, 6.0032e-05, 2.1342e-04, 4.3859e-05,
        4.0368e-05, 4.8073e-05, 2.7842e-05, 7.0689e-05, 2.3401e-05, 1.0712e-04,
        2.4569e-05, 3.8607e-05, 6.2629e-05, 1.5276e-05, 4.1297e-05, 1.0723e-04,
        8.3649e-05, 5.6531e-05, 7.0033e-05, 6.1952e-05, 1.6450e-05, 9.3753e-05,
        1.5732e-05, 6.8067e-05, 1.6091e-05, 3.4857e-05, 1.2272e-05, 3.5472e-05,
        1.0566e-04, 7.8084e-06, 6.7727e-05, 3.9777e-05, 2.0665e-05, 7.0550e-05,
        4.1232e-05, 4.6415e-05, 1.6292e-05, 8.7070e-05, 1.0112e-04, 2.6474e-05,
        4.8757e-05, 4.2644e-05, 6.7607e-06, 3.5743e-05, 2.5450e-05, 4.0865e-05,
        5.4349e-05, 6.2916e-05, 2.1473e-06, 3.6898e-05, 3.9375e-05, 1.2654e-04,
        1.2530e-05, 1.3198e-04, 9.9836e-06, 3.3463e-05, 3.1940e-06, 6.5820e-06,
        2.7958e-05, 1.7051e-05, 4.0469e-05, 5.0749e-05, 1.2479e-04, 6.2112e-05,
        4.6896e-05, 3.2336e-05, 7.6236e-06, 6.7894e-05, 3.8289e-05],
       grad_fn=<CatBackward>)

mean_overall=tensor(4.7624e-05, grad_fn=<MeanBackward0>)

-----------------------------------------------ITERATION280-----------------------------------------------

final_causality=[[1, 1, 1, 1, 1, 1, 1, 1, 1, 1, 1, 1, 1], [1, 1, 1, 1, 1, 1, 1, 1, 1, 1, 1, 1, 1, 1, 1, 1, 1, 1, 1, 1, 1, 1, 1, 1, 1, 1, 1, 1, 1, 1, 1, 1, 1, 1, 1, 1, 1, 1, 1, 1, 1, 1, 1, 1, 1, 1, 1, 1, 1, 1], [1, 1, 1, 1, 1, 1, 1, 1, 1, 1, 1, 1, 1, 1, 1, 1, 1, 1, 1, 1, 1, 1, 1, 1, 1, 1, 1, 1, 1, 1, 1, 1, 1, 1, 1, 1, 1, 1, 1, 1, 1, 1, 1, 1, 1, 1, 1, 1, 1, 1]]

means=tensor([2.8104e-05, 0.0000e+00, 0.0000e+00, 0.0000e+00, 5.4722e-05, 1.4259e-04,
        3.9083e-05, 1.0500e-05, 0.0000e+00, 0.0000e+00, 0.0000e+00, 4.7250e-04,
        8.5186e-05, 2.9778e-05, 1.1700e-05, 4.2108e-05, 1.0226e-05, 8.1818e-05,
        4.0091e-05, 5.1565e-05, 9.8480e-06, 5.2181e-05, 3.1990e-05, 3.0052e-05,
        3.7259e-05, 5.8288e-05, 3.0937e-05, 1.3203e-04, 4.3563e-05, 1.2168e-06,
        2.7576e-05, 6.4699e-06, 7.3461e-06, 5.6029e-05, 2.1380e-05, 2.2641e-05,
        4.0775e-05, 1.6930e-05, 4.3383e-05, 1.1323e-05, 4.1904e-05, 4.8121e-05,
        6.1199e-05, 1.5345e-05, 7.2373e-05, 6.0500e-05, 2.1271e-04, 4.3619e-05,
        3.9769e-05, 4.8518e-05, 2.8306e-05, 7.1525e-05, 2.3017e-05, 1.0669e-04,
        2.4853e-05, 3.8291e-05, 6.2120e-05, 1.5501e-05, 4.1477e-05, 1.0774e-04,
        8.4219e-05, 5.7426e-05, 6.9481e-05, 6.1985e-05, 1.6503e-05, 9.5710e-05,
        1.5760e-05, 6.7717e-05, 1.6268e-05, 3.4773e-05, 1.2115e-05, 3.5478e-05,
        1.0550e-04, 7.8097e-06, 6.7708e-05, 3.9784e-05, 2.0648e-05, 6.9298e-05,
        4.1224e-05, 4.6218e-05, 1.6247e-05, 8.6874e-05, 1.0036e-04, 2.6537e-05,
        4.8878e-05, 4.3052e-05, 6.7572e-06, 3.5792e-05, 2.5457e-05, 4.1046e-05,
        5.4837e-05, 6.2526e-05, 2.1466e-06, 3.6659e-05, 3.9880e-05, 1.2624e-04,
        1.2503e-05, 1.3281e-04, 9.9110e-06, 3.3296e-05, 3.2084e-06, 6.4977e-06,
        2.7949e-05, 1.6953e-05, 4.0319e-05, 4.9660e-05, 1.2508e-04, 6.2237e-05,
        4.7653e-05, 3.2343e-05, 7.6244e-06, 6.8333e-05, 3.8453e-05],
       grad_fn=<CatBackward>)

mean_overall=tensor(4.7597e-05, grad_fn=<MeanBackward0>)

-----------------------------------------------ITERATION290-----------------------------------------------

final_causality=[[1, 1, 1, 1, 1, 1, 1, 1, 1, 1, 1, 1, 1], [1, 1, 1, 1, 1, 1, 1, 1, 1, 1, 1, 1, 1, 1, 1, 1, 1, 1, 1, 1, 1, 1, 1, 1, 1, 1, 1, 1, 1, 1, 1, 1, 1, 1, 1, 1, 1, 1, 1, 1, 1, 1, 1, 1, 1, 1, 1, 1, 1, 1], [1, 1, 1, 1, 1, 1, 1, 1, 1, 1, 1, 1, 1, 1, 1, 1, 1, 1, 1, 1, 1, 1, 1, 1, 1, 1, 1, 1, 1, 1, 1, 1, 1, 1, 1, 1, 1, 1, 1, 1, 1, 1, 1, 1, 1, 1, 1, 1, 1, 1]]

means=tensor([1.0625e-05, 0.0000e+00, 0.0000e+00, 0.0000e+00, 5.2156e-05, 1.4116e-04,
        4.0158e-05, 1.0404e-05, 0.0000e+00, 0.0000e+00, 0.0000e+00, 4.7415e-04,
        9.6718e-05, 3.0347e-05, 1.1576e-05, 4.2424e-05, 1.0264e-05, 8.1769e-05,
        4.0122e-05, 5.1184e-05, 9.9175e-06, 5.2412e-05, 3.2328e-05, 2.9814e-05,
        3.7234e-05, 5.7750e-05, 3.0846e-05, 1.3304e-04, 4.4107e-05, 1.4512e-06,
        2.7674e-05, 6.2919e-06, 7.5753e-06, 5.5848e-05, 2.1366e-05, 2.2161e-05,
        4.1142e-05, 1.6737e-05, 4.4114e-05, 1.1021e-05, 4.2085e-05, 4.8883e-05,
        6.1221e-05, 1.5752e-05, 7.2101e-05, 6.0985e-05, 2.1199e-04, 4.3379e-05,
        3.9171e-05, 4.8980e-05, 2.8785e-05, 7.2380e-05, 2.2630e-05, 1.0626e-04,
        2.5148e-05, 3.7973e-05, 6.1610e-05, 1.5734e-05, 4.1662e-05, 1.0827e-04,
        8.4806e-05, 5.8351e-05, 6.8924e-05, 6.2019e-05, 1.6555e-05, 9.7704e-05,
        1.5803e-05, 6.7361e-05, 1.6449e-05, 3.4687e-05, 1.1957e-05, 3.5487e-05,
        1.0533e-04, 7.8107e-06, 6.7689e-05, 3.9793e-05, 2.0632e-05, 6.8029e-05,
        4.1215e-05, 4.6017e-05, 1.6202e-05, 8.6675e-05, 9.9597e-05, 2.6601e-05,
        4.9001e-05, 4.3468e-05, 6.7539e-06, 3.5841e-05, 2.5465e-05, 4.1231e-05,
        5.5334e-05, 6.2133e-05, 2.1456e-06, 3.6417e-05, 4.0393e-05, 1.2594e-04,
        1.2477e-05, 1.3367e-04, 9.8376e-06, 3.3126e-05, 3.2235e-06, 6.4128e-06,
        2.7940e-05, 1.6853e-05, 4.0167e-05, 4.8557e-05, 1.2537e-04, 6.2361e-05,
        4.8422e-05, 3.2351e-05, 7.6253e-06, 6.8779e-05, 3.8622e-05],
       grad_fn=<CatBackward>)

mean_overall=tensor(4.7580e-05, grad_fn=<MeanBackward0>)

-----------------------------------------------ITERATION300-----------------------------------------------

final_causality=[[1, 1, 1, 1, 1, 1, 1, 1, 1, 1, 1, 1, 1], [1, 1, 1, 1, 1, 1, 1, 1, 1, 1, 1, 1, 1, 1, 1, 1, 1, 1, 1, 1, 1, 1, 1, 1, 1, 1, 1, 1, 1, 1, 1, 1, 1, 1, 1, 1, 1, 1, 1, 1, 1, 1, 1, 1, 1, 1, 1, 1, 1, 1], [1, 1, 1, 1, 1, 1, 1, 1, 1, 1, 1, 1, 1, 1, 1, 1, 1, 1, 1, 1, 1, 1, 1, 1, 1, 1, 1, 1, 1, 1, 1, 1, 1, 1, 1, 1, 1, 1, 1, 1, 1, 1, 1, 1, 1, 1, 1, 1, 1, 1]]

means=tensor([7.2216e-06, 0.0000e+00, 0.0000e+00, 0.0000e+00, 4.9530e-05, 1.3972e-04,
        4.1257e-05, 1.0305e-05, 0.0000e+00, 0.0000e+00, 0.0000e+00, 4.7585e-04,
        1.0848e-04, 3.0932e-05, 1.1449e-05, 4.2748e-05, 1.0306e-05, 8.1722e-05,
        4.0157e-05, 5.0802e-05, 9.9909e-06, 5.2683e-05, 3.2681e-05, 2.9572e-05,
        3.7209e-05, 5.7209e-05, 3.0788e-05, 1.3408e-04, 4.4767e-05, 1.6920e-06,
        2.7779e-05, 6.1156e-06, 7.8093e-06, 5.5667e-05, 2.1354e-05, 2.1684e-05,
        4.1519e-05, 1.6544e-05, 4.4873e-05, 1.0727e-05, 4.2273e-05, 4.9669e-05,
        6.1252e-05, 1.6175e-05, 7.1825e-05, 6.1487e-05, 2.1126e-04, 4.3139e-05,
        3.8575e-05, 4.9457e-05, 2.9281e-05, 7.3254e-05, 2.2240e-05, 1.0582e-04,
        2.5454e-05, 3.7652e-05, 6.1098e-05, 1.5976e-05, 4.1853e-05, 1.0880e-04,
        8.5410e-05, 5.9306e-05, 6.8361e-05, 6.2053e-05, 1.6608e-05, 9.9734e-05,
        1.5956e-05, 6.7000e-05, 1.6634e-05, 3.4599e-05, 1.1797e-05, 3.5497e-05,
        1.0516e-04, 7.8575e-06, 6.7670e-05, 3.9803e-05, 2.0617e-05, 6.6778e-05,
        4.1208e-05, 4.5866e-05, 1.6157e-05, 8.6471e-05, 9.8823e-05, 2.6665e-05,
        4.9126e-05, 4.3890e-05, 6.7507e-06, 3.5891e-05, 2.5473e-05, 4.1421e-05,
        5.5841e-05, 6.1737e-05, 2.1443e-06, 3.6172e-05, 4.0912e-05, 1.2563e-04,
        1.2450e-05, 1.3456e-04, 9.7634e-06, 3.2955e-05, 3.2393e-06, 6.3273e-06,
        2.7930e-05, 1.6829e-05, 4.0014e-05, 4.7441e-05, 1.2566e-04, 6.2484e-05,
        4.9204e-05, 3.2359e-05, 7.6262e-06, 6.9232e-05, 3.8794e-05],
       grad_fn=<CatBackward>)

mean_overall=tensor(4.7696e-05, grad_fn=<MeanBackward0>)

-----------------------------------------------ITERATION310-----------------------------------------------

final_causality=[[1, 1, 1, 1, 1, 1, 1, 1, 1, 1, 1, 1, 1], [1, 1, 1, 1, 1, 1, 1, 1, 1, 1, 1, 1, 1, 1, 1, 1, 1, 1, 1, 1, 1, 1, 1, 1, 1, 1, 1, 1, 1, 1, 1, 1, 1, 1, 1, 1, 1, 1, 1, 1, 1, 1, 1, 1, 1, 1, 1, 1, 1, 1], [1, 1, 1, 1, 1, 1, 1, 1, 1, 1, 1, 1, 1, 1, 1, 1, 1, 1, 1, 1, 1, 1, 1, 1, 1, 1, 1, 1, 1, 1, 1, 1, 1, 1, 1, 1, 1, 1, 1, 1, 1, 1, 1, 1, 1, 1, 1, 1, 1, 1]]

means=tensor([2.5809e-05, 0.0000e+00, 0.0000e+00, 0.0000e+00, 4.6845e-05, 1.3827e-04,
        4.2380e-05, 1.0204e-05, 0.0000e+00, 0.0000e+00, 0.0000e+00, 4.7761e-04,
        1.2048e-04, 3.1533e-05, 1.1320e-05, 4.3082e-05, 1.0352e-05, 8.1678e-05,
        4.0196e-05, 5.0419e-05, 1.0068e-05, 5.3173e-05, 3.3048e-05, 2.9328e-05,
        3.7186e-05, 5.6665e-05, 3.0735e-05, 1.3514e-04, 4.5442e-05, 1.9392e-06,
        2.7890e-05, 5.9411e-06, 8.0482e-06, 5.5484e-05, 2.1343e-05, 2.1211e-05,
        4.1905e-05, 1.6351e-05, 4.5660e-05, 1.0449e-05, 4.2469e-05, 5.0479e-05,
        6.1293e-05, 1.6613e-05, 7.1544e-05, 6.2006e-05, 2.1052e-04, 4.2900e-05,
        3.7981e-05, 4.9951e-05, 2.9793e-05, 7.4147e-05, 2.1848e-05, 1.0538e-04,
        2.5772e-05, 3.7329e-05, 6.0585e-05, 1.6225e-05, 4.2049e-05, 1.0935e-04,
        8.6030e-05, 6.0292e-05, 6.7794e-05, 6.2088e-05, 1.6660e-05, 1.0180e-04,
        1.6109e-05, 6.6634e-05, 1.6823e-05, 3.4510e-05, 1.1637e-05, 3.5509e-05,
        1.0499e-04, 7.9518e-06, 6.7651e-05, 3.9816e-05, 2.0602e-05, 6.6139e-05,
        4.1200e-05, 4.5758e-05, 1.6110e-05, 8.6263e-05, 9.8041e-05, 2.6730e-05,
        4.9253e-05, 4.4320e-05, 6.7477e-06, 3.5942e-05, 2.5481e-05, 4.1614e-05,
        5.6357e-05, 6.1339e-05, 2.1427e-06, 3.5925e-05, 4.1438e-05, 1.2532e-04,
        1.2424e-05, 1.3547e-04, 9.6884e-06, 3.2782e-05, 3.2559e-06, 6.2412e-06,
        2.7921e-05, 1.6854e-05, 3.9860e-05, 4.6313e-05, 1.2597e-04, 6.2605e-05,
        4.9999e-05, 3.2368e-05, 7.6272e-06, 6.9692e-05, 3.8971e-05],
       grad_fn=<CatBackward>)

mean_overall=tensor(4.8022e-05, grad_fn=<MeanBackward0>)

-----------------------------------------------ITERATION320-----------------------------------------------

final_causality=[[1, 1, 1, 1, 1, 1, 1, 1, 1, 1, 1, 1, 1], [1, 1, 1, 1, 1, 1, 1, 1, 1, 1, 1, 1, 1, 1, 1, 1, 1, 1, 1, 1, 1, 1, 1, 1, 1, 1, 1, 1, 1, 1, 1, 1, 1, 1, 1, 1, 1, 1, 1, 1, 1, 1, 1, 1, 1, 1, 1, 1, 1, 1], [1, 1, 1, 1, 1, 1, 1, 1, 1, 1, 1, 1, 1, 1, 1, 1, 1, 1, 1, 1, 1, 1, 1, 1, 1, 1, 1, 1, 1, 1, 1, 1, 1, 1, 1, 1, 1, 1, 1, 1, 1, 1, 1, 1, 1, 1, 1, 1, 1, 1]]

means=tensor([4.4662e-05, 0.0000e+00, 0.0000e+00, 0.0000e+00, 4.4099e-05, 1.3679e-04,
        4.3528e-05, 1.0100e-05, 0.0000e+00, 0.0000e+00, 0.0000e+00, 4.7941e-04,
        1.3270e-04, 3.2150e-05, 1.1190e-05, 4.3426e-05, 1.0401e-05, 8.1636e-05,
        4.0240e-05, 5.0036e-05, 1.0150e-05, 5.3678e-05, 3.3431e-05, 2.9080e-05,
        3.7164e-05, 5.6119e-05, 3.0687e-05, 1.3623e-04, 4.6134e-05, 2.1931e-06,
        2.8008e-05, 5.7687e-06, 8.2921e-06, 5.5300e-05, 2.1336e-05, 2.0742e-05,
        4.2302e-05, 1.6159e-05, 4.6477e-05, 1.0174e-05, 4.2673e-05, 5.1315e-05,
        6.1343e-05, 1.7069e-05, 7.1259e-05, 6.2543e-05, 2.0978e-04, 4.2660e-05,
        3.7389e-05, 5.0485e-05, 3.0323e-05, 7.5060e-05, 2.1454e-05, 1.0493e-04,
        2.6101e-05, 3.7004e-05, 6.0071e-05, 1.6482e-05, 4.2252e-05, 1.0992e-04,
        8.6666e-05, 6.1309e-05, 6.7222e-05, 6.2122e-05, 1.6713e-05, 1.0390e-04,
        1.6263e-05, 6.6262e-05, 1.7016e-05, 3.4418e-05, 1.1476e-05, 3.5523e-05,
        1.0481e-04, 8.0467e-06, 6.7633e-05, 3.9840e-05, 2.0589e-05, 6.5493e-05,
        4.1193e-05, 4.5648e-05, 1.6063e-05, 8.6051e-05, 9.7251e-05, 2.6795e-05,
        4.9381e-05, 4.4757e-05, 6.7448e-06, 3.5993e-05, 2.5489e-05, 4.1813e-05,
        5.6882e-05, 6.0937e-05, 2.1408e-06, 3.5676e-05, 4.2039e-05, 1.2500e-04,
        1.2398e-05, 1.3641e-04, 9.6605e-06, 3.2607e-05, 3.2733e-06, 6.1545e-06,
        2.7912e-05, 1.6881e-05, 3.9705e-05, 4.5171e-05, 1.2628e-04, 6.2725e-05,
        5.0807e-05, 3.2378e-05, 7.6284e-06, 7.0158e-05, 3.9151e-05],
       grad_fn=<CatBackward>)

mean_overall=tensor(4.8357e-05, grad_fn=<MeanBackward0>)

-----------------------------------------------ITERATION330-----------------------------------------------

final_causality=[[1, 1, 1, 1, 1, 1, 1, 1, 1, 1, 1, 1, 1], [1, 1, 1, 1, 1, 1, 1, 1, 1, 1, 1, 1, 1, 1, 1, 1, 1, 1, 1, 1, 1, 1, 1, 1, 1, 1, 1, 1, 1, 1, 1, 1, 1, 1, 1, 1, 1, 1, 1, 1, 1, 1, 1, 1, 1, 1, 1, 1, 1, 1], [1, 1, 1, 1, 1, 1, 1, 1, 1, 1, 1, 1, 1, 1, 1, 1, 1, 1, 1, 1, 1, 1, 1, 1, 1, 1, 1, 1, 1, 1, 1, 1, 1, 1, 1, 1, 1, 1, 1, 1, 1, 1, 1, 1, 1, 1, 1, 1, 1, 1]]

means=tensor([6.3780e-05, 0.0000e+00, 0.0000e+00, 0.0000e+00, 4.1291e-05, 1.3531e-04,
        4.4699e-05, 9.9928e-06, 0.0000e+00, 0.0000e+00, 0.0000e+00, 4.8127e-04,
        1.4517e-04, 3.2785e-05, 1.1057e-05, 4.3778e-05, 1.0454e-05, 8.1597e-05,
        4.0287e-05, 4.9652e-05, 1.0235e-05, 5.4196e-05, 3.3830e-05, 2.8829e-05,
        3.7144e-05, 5.5570e-05, 3.0643e-05, 1.3735e-04, 4.6842e-05, 2.4538e-06,
        2.8142e-05, 5.5984e-06, 8.5410e-06, 5.5115e-05, 2.1330e-05, 2.0278e-05,
        4.2709e-05, 1.5967e-05, 4.7324e-05, 9.9018e-06, 4.2884e-05, 5.2177e-05,
        6.1404e-05, 1.7541e-05, 7.0970e-05, 6.3098e-05, 2.0902e-04, 4.2421e-05,
        3.6800e-05, 5.1131e-05, 3.0871e-05, 7.5992e-05, 2.1059e-05, 1.0448e-04,
        2.6441e-05, 3.6678e-05, 5.9558e-05, 1.6748e-05, 4.2460e-05, 1.1049e-04,
        8.7320e-05, 6.2358e-05, 6.6646e-05, 6.2158e-05, 1.6765e-05, 1.0604e-04,
        1.6417e-05, 6.5886e-05, 1.7214e-05, 3.4323e-05, 1.1314e-05, 3.5539e-05,
        1.0464e-04, 8.1423e-06, 6.7615e-05, 3.9881e-05, 2.0577e-05, 6.4842e-05,
        4.1187e-05, 4.5538e-05, 1.6015e-05, 8.5835e-05, 9.6454e-05, 2.6861e-05,
        4.9511e-05, 4.5202e-05, 6.7420e-06, 3.6045e-05, 2.5497e-05, 4.2016e-05,
        5.7417e-05, 6.0532e-05, 2.1385e-06, 3.5425e-05, 4.2699e-05, 1.2468e-04,
        1.2373e-05, 1.3737e-04, 9.6590e-06, 3.2430e-05, 3.2916e-06, 6.0674e-06,
        2.7903e-05, 1.6909e-05, 3.9548e-05, 4.4017e-05, 1.2659e-04, 6.2844e-05,
        5.1628e-05, 3.2388e-05, 7.6298e-06, 7.0631e-05, 3.9336e-05],
       grad_fn=<CatBackward>)

mean_overall=tensor(4.8703e-05, grad_fn=<MeanBackward0>)

-----------------------------------------------ITERATION340-----------------------------------------------

final_causality=[[1, 1, 1, 1, 1, 1, 1, 1, 1, 1, 1, 1, 1], [1, 1, 1, 1, 1, 1, 1, 1, 1, 1, 1, 1, 1, 1, 1, 1, 1, 1, 1, 1, 1, 1, 1, 1, 1, 1, 1, 1, 1, 1, 1, 1, 1, 1, 1, 1, 1, 1, 1, 1, 1, 1, 1, 1, 1, 1, 1, 1, 1, 1], [1, 1, 1, 1, 1, 1, 1, 1, 1, 1, 1, 1, 1, 1, 1, 1, 1, 1, 1, 1, 1, 1, 1, 1, 1, 1, 1, 1, 1, 1, 1, 1, 1, 1, 1, 1, 1, 1, 1, 1, 1, 1, 1, 1, 1, 1, 1, 1, 1, 1]]

means=tensor([8.3169e-05, 0.0000e+00, 0.0000e+00, 0.0000e+00, 3.8421e-05, 1.3381e-04,
        4.5896e-05, 9.8827e-06, 0.0000e+00, 0.0000e+00, 0.0000e+00, 4.8318e-04,
        1.5787e-04, 3.3436e-05, 1.0923e-05, 4.4141e-05, 1.0752e-05, 8.1561e-05,
        4.0339e-05, 4.9268e-05, 1.0325e-05, 5.4729e-05, 3.4245e-05, 2.8576e-05,
        3.7126e-05, 5.5020e-05, 3.0605e-05, 1.3849e-04, 4.7566e-05, 2.7214e-06,
        2.8357e-05, 5.4304e-06, 8.7949e-06, 5.4930e-05, 2.1327e-05, 1.9818e-05,
        4.3126e-05, 1.5775e-05, 4.8203e-05, 9.6372e-06, 4.3103e-05, 5.3066e-05,
        6.1475e-05, 1.8031e-05, 7.0677e-05, 6.3671e-05, 2.0826e-04, 4.2183e-05,
        3.6214e-05, 5.1800e-05, 3.1436e-05, 7.6944e-05, 2.0662e-05, 1.0403e-04,
        2.6795e-05, 3.6350e-05, 5.9044e-05, 1.7023e-05, 4.2675e-05, 1.1108e-04,
        8.7991e-05, 6.3441e-05, 6.6066e-05, 6.2194e-05, 1.6816e-05, 1.0821e-04,
        1.6572e-05, 6.5504e-05, 1.7417e-05, 3.4226e-05, 1.1151e-05, 3.5557e-05,
        1.0446e-04, 8.2383e-06, 6.7597e-05, 3.9926e-05, 2.0566e-05, 6.5112e-05,
        4.1181e-05, 4.5426e-05, 1.5967e-05, 8.5615e-05, 9.5650e-05, 2.7041e-05,
        4.9643e-05, 4.5653e-05, 6.7394e-06, 3.6097e-05, 2.5505e-05, 4.2223e-05,
        5.7962e-05, 6.0125e-05, 2.1358e-06, 3.5171e-05, 4.3367e-05, 1.2436e-04,
        1.2347e-05, 1.3837e-04, 9.6578e-06, 3.2252e-05, 3.3106e-06, 5.9797e-06,
        2.7894e-05, 1.6938e-05, 3.9391e-05, 4.2851e-05, 1.2692e-04, 6.2961e-05,
        5.2462e-05, 3.2399e-05, 7.6313e-06, 7.1110e-05, 3.9526e-05],
       grad_fn=<CatBackward>)

mean_overall=tensor(4.9070e-05, grad_fn=<MeanBackward0>)

-----------------------------------------------ITERATION350-----------------------------------------------

final_causality=[[1, 1, 1, 1, 1, 1, 1, 1, 1, 1, 1, 1, 1], [1, 1, 1, 1, 1, 1, 1, 1, 1, 1, 1, 1, 1, 1, 1, 1, 1, 1, 1, 1, 1, 1, 1, 1, 1, 1, 1, 1, 1, 1, 1, 1, 1, 1, 1, 1, 1, 1, 1, 1, 1, 1, 1, 1, 1, 1, 1, 1, 1, 1], [1, 1, 1, 1, 1, 1, 1, 1, 1, 1, 1, 1, 1, 1, 1, 1, 1, 1, 1, 1, 1, 1, 1, 1, 1, 1, 1, 1, 1, 1, 1, 1, 1, 1, 1, 1, 1, 1, 1, 1, 1, 1, 1, 1, 1, 1, 1, 1, 1, 1]]

means=tensor([1.0283e-04, 0.0000e+00, 0.0000e+00, 0.0000e+00, 3.5487e-05, 1.3229e-04,
        4.7119e-05, 9.7694e-06, 0.0000e+00, 0.0000e+00, 0.0000e+00, 4.8515e-04,
        1.7082e-04, 3.4106e-05, 1.0786e-05, 4.4513e-05, 1.1082e-05, 8.1528e-05,
        4.0496e-05, 4.8885e-05, 1.0419e-05, 5.5277e-05, 3.4677e-05, 2.8319e-05,
        3.7108e-05, 5.4468e-05, 3.0572e-05, 1.3966e-04, 4.8308e-05, 2.9962e-06,
        2.8582e-05, 5.2647e-06, 9.0541e-06, 5.4744e-05, 2.1327e-05, 1.9363e-05,
        4.3554e-05, 1.5612e-05, 4.9115e-05, 9.4061e-06, 4.3331e-05, 5.3982e-05,
        6.1557e-05, 1.8540e-05, 7.0380e-05, 6.4264e-05, 2.0748e-04, 4.1946e-05,
        3.5631e-05, 5.2490e-05, 3.2020e-05, 7.7915e-05, 2.0263e-05, 1.0358e-04,
        2.7161e-05, 3.6021e-05, 5.8531e-05, 1.7306e-05, 4.2896e-05, 1.1168e-04,
        8.8680e-05, 6.4558e-05, 6.5483e-05, 6.2230e-05, 1.6867e-05, 1.1043e-04,
        1.6727e-05, 6.5118e-05, 1.7624e-05, 3.4127e-05, 1.0987e-05, 3.5577e-05,
        1.0427e-04, 8.3347e-06, 6.7579e-05, 3.9976e-05, 2.0556e-05, 6.5454e-05,
        4.1175e-05, 4.5314e-05, 1.5918e-05, 8.5390e-05, 9.4840e-05, 2.7261e-05,
        4.9777e-05, 4.6112e-05, 6.7370e-06, 3.6150e-05, 2.5514e-05, 4.2436e-05,
        5.8517e-05, 5.9714e-05, 2.1328e-06, 3.4915e-05, 4.4044e-05, 1.2403e-04,
        1.2322e-05, 1.3939e-04, 9.6571e-06, 3.2071e-05, 3.3306e-06, 5.8915e-06,
        2.7885e-05, 1.6968e-05, 3.9231e-05, 4.1672e-05, 1.2725e-04, 6.3076e-05,
        5.3309e-05, 3.2411e-05, 7.6332e-06, 7.1596e-05, 3.9720e-05],
       grad_fn=<CatBackward>)

mean_overall=tensor(4.9448e-05, grad_fn=<MeanBackward0>)

-----------------------------------------------ITERATION360-----------------------------------------------

final_causality=[[1, 1, 1, 1, 1, 1, 1, 1, 1, 1, 1, 1, 1], [1, 1, 1, 1, 1, 1, 1, 1, 1, 1, 1, 1, 1, 1, 1, 1, 1, 1, 1, 1, 1, 1, 1, 1, 1, 1, 1, 1, 1, 1, 1, 1, 1, 1, 1, 1, 1, 1, 1, 1, 1, 1, 1, 1, 1, 1, 1, 1, 1, 1], [1, 1, 1, 1, 1, 1, 1, 1, 1, 1, 1, 1, 1, 1, 1, 1, 1, 1, 1, 1, 1, 1, 1, 1, 1, 1, 1, 1, 1, 1, 1, 1, 1, 1, 1, 1, 1, 1, 1, 1, 1, 1, 1, 1, 1, 1, 1, 1, 1, 1]]

means=tensor([1.2277e-04, 0.0000e+00, 0.0000e+00, 0.0000e+00, 3.2488e-05, 1.3076e-04,
        4.8368e-05, 9.6530e-06, 0.0000e+00, 0.0000e+00, 0.0000e+00, 4.8718e-04,
        1.8402e-04, 3.4794e-05, 1.0648e-05, 4.4896e-05, 1.1424e-05, 8.1498e-05,
        4.0670e-05, 4.8502e-05, 1.0518e-05, 5.5841e-05, 3.5126e-05, 2.8060e-05,
        3.7093e-05, 5.3915e-05, 3.0545e-05, 1.4086e-04, 4.9066e-05, 3.2783e-06,
        2.8817e-05, 5.1015e-06, 9.3185e-06, 5.4557e-05, 2.1330e-05, 1.8914e-05,
        4.3992e-05, 1.5514e-05, 5.0060e-05, 9.1781e-06, 4.3567e-05, 5.4928e-05,
        6.1651e-05, 1.9068e-05, 7.0080e-05, 6.4875e-05, 2.0671e-04, 4.1709e-05,
        3.5052e-05, 5.3203e-05, 3.2624e-05, 7.8907e-05, 1.9864e-05, 1.0312e-04,
        2.7539e-05, 3.5734e-05, 5.8019e-05, 1.7599e-05, 4.3124e-05, 1.1230e-04,
        8.9386e-05, 6.5710e-05, 6.4896e-05, 6.2267e-05, 1.6917e-05, 1.1267e-04,
        1.6881e-05, 6.5272e-05, 1.7836e-05, 3.4025e-05, 1.0823e-05, 3.5598e-05,
        1.0409e-04, 8.4314e-06, 6.7561e-05, 4.0029e-05, 2.0547e-05, 6.6137e-05,
        4.1170e-05, 4.5200e-05, 1.5868e-05, 8.5162e-05, 9.4022e-05, 2.7484e-05,
        4.9912e-05, 4.6578e-05, 6.7348e-06, 3.6202e-05, 2.5523e-05, 4.2653e-05,
        5.9081e-05, 5.9300e-05, 2.1294e-06, 3.4657e-05, 4.4729e-05, 1.2370e-04,
        1.2298e-05, 1.4045e-04, 9.6568e-06, 3.1889e-05, 3.3514e-06, 5.8027e-06,
        2.7876e-05, 1.6999e-05, 3.9071e-05, 4.0480e-05, 1.2758e-04, 6.3190e-05,
        5.4168e-05, 3.2423e-05, 7.6353e-06, 7.2089e-05, 3.9919e-05],
       grad_fn=<CatBackward>)

mean_overall=tensor(4.9845e-05, grad_fn=<MeanBackward0>)

-----------------------------------------------ITERATION370-----------------------------------------------

final_causality=[[1, 1, 1, 1, 1, 1, 1, 1, 1, 1, 1, 1, 1], [1, 1, 1, 1, 1, 1, 1, 1, 1, 1, 1, 1, 1, 1, 1, 1, 1, 1, 1, 1, 1, 1, 1, 1, 1, 1, 1, 1, 1, 1, 1, 1, 1, 1, 1, 1, 1, 1, 1, 1, 1, 1, 1, 1, 1, 1, 1, 1, 1, 1], [1, 1, 1, 1, 1, 1, 1, 1, 1, 1, 1, 1, 1, 1, 1, 1, 1, 1, 1, 1, 1, 1, 1, 1, 1, 1, 1, 1, 1, 1, 1, 1, 1, 1, 1, 1, 1, 1, 1, 1, 1, 1, 1, 1, 1, 1, 1, 1, 1, 1]]

means=tensor([1.4299e-04, 0.0000e+00, 0.0000e+00, 0.0000e+00, 2.9422e-05, 1.2921e-04,
        4.9644e-05, 9.5334e-06, 0.0000e+00, 0.0000e+00, 0.0000e+00, 4.8927e-04,
        1.9747e-04, 3.5501e-05, 1.0508e-05, 4.5288e-05, 1.1779e-05, 8.1472e-05,
        4.0851e-05, 4.8119e-05, 1.0622e-05, 5.6420e-05, 3.5594e-05, 2.7798e-05,
        3.7079e-05, 5.3361e-05, 3.0523e-05, 1.4209e-04, 4.9841e-05, 3.5679e-06,
        2.9063e-05, 4.9409e-06, 9.5882e-06, 5.4370e-05, 2.1335e-05, 1.8489e-05,
        4.4442e-05, 1.5415e-05, 5.1040e-05, 8.9533e-06, 4.3811e-05, 5.5903e-05,
        6.1756e-05, 1.9616e-05, 6.9776e-05, 6.5507e-05, 2.0592e-04, 4.1474e-05,
        3.4478e-05, 5.3940e-05, 3.3248e-05, 7.9919e-05, 1.9464e-05, 1.0266e-04,
        2.7932e-05, 3.5574e-05, 5.7509e-05, 1.7900e-05, 4.3359e-05, 1.1293e-04,
        9.0117e-05, 6.6897e-05, 6.4308e-05, 6.2304e-05, 1.6967e-05, 1.1495e-04,
        1.7036e-05, 6.5661e-05, 1.8052e-05, 3.3920e-05, 1.0658e-05, 3.5622e-05,
        1.0390e-04, 8.5281e-06, 6.7544e-05, 4.0087e-05, 2.0538e-05, 6.7005e-05,
        4.1166e-05, 4.5086e-05, 1.5818e-05, 8.4928e-05, 9.3197e-05, 2.7709e-05,
        5.0049e-05, 4.7052e-05, 6.7327e-06, 3.6254e-05, 2.5532e-05, 4.2876e-05,
        5.9656e-05, 5.8883e-05, 2.1256e-06, 3.4397e-05, 4.5423e-05, 1.2337e-04,
        1.2274e-05, 1.4153e-04, 9.6568e-06, 3.1705e-05, 3.3732e-06, 5.7135e-06,
        2.7868e-05, 1.7032e-05, 3.8908e-05, 3.9277e-05, 1.2793e-04, 6.3302e-05,
        5.5041e-05, 3.2436e-05, 7.6379e-06, 7.2590e-05, 4.0123e-05],
       grad_fn=<CatBackward>)

mean_overall=tensor(5.0257e-05, grad_fn=<MeanBackward0>)

-----------------------------------------------ITERATION380-----------------------------------------------

final_causality=[[1, 1, 1, 1, 1, 1, 1, 1, 1, 1, 1, 1, 1], [1, 1, 1, 1, 1, 1, 1, 1, 1, 1, 1, 1, 1, 1, 1, 1, 1, 1, 1, 1, 1, 1, 1, 1, 1, 1, 1, 1, 1, 1, 1, 1, 1, 1, 1, 1, 1, 1, 1, 1, 1, 1, 1, 1, 1, 1, 1, 1, 1, 1], [1, 1, 1, 1, 1, 1, 1, 1, 1, 1, 1, 1, 1, 1, 1, 1, 1, 1, 1, 1, 1, 1, 1, 1, 1, 1, 1, 1, 1, 1, 1, 1, 1, 1, 1, 1, 1, 1, 1, 1, 1, 1, 1, 1, 1, 1, 1, 1, 1, 1]]

means=tensor([1.6350e-04, 0.0000e+00, 0.0000e+00, 0.0000e+00, 2.6288e-05, 1.2765e-04,
        5.0947e-05, 9.4104e-06, 0.0000e+00, 0.0000e+00, 0.0000e+00, 4.9141e-04,
        2.1118e-04, 3.6227e-05, 1.0366e-05, 4.5691e-05, 1.2147e-05, 8.1450e-05,
        4.1039e-05, 4.7738e-05, 1.0730e-05, 5.7016e-05, 3.6079e-05, 2.7533e-05,
        3.7067e-05, 5.2806e-05, 3.0508e-05, 1.4334e-04, 5.0634e-05, 3.8652e-06,
        2.9334e-05, 4.7829e-06, 9.8634e-06, 5.4183e-05, 2.1343e-05, 1.8079e-05,
        4.4902e-05, 1.5316e-05, 5.2055e-05, 8.7318e-06, 4.4065e-05, 5.6908e-05,
        6.1873e-05, 2.0185e-05, 6.9468e-05, 6.6159e-05, 2.0513e-04, 4.1241e-05,
        3.3907e-05, 5.4700e-05, 3.3892e-05, 8.0952e-05, 1.9063e-05, 1.0220e-04,
        2.8338e-05, 3.5414e-05, 5.7001e-05, 1.8212e-05, 4.3600e-05, 1.1357e-04,
        9.0883e-05, 6.8121e-05, 6.3716e-05, 6.2341e-05, 1.7016e-05, 1.1727e-04,
        1.7190e-05, 6.6082e-05, 1.8274e-05, 3.3812e-05, 1.0492e-05, 3.5647e-05,
        1.0371e-04, 8.6250e-06, 6.7526e-05, 4.0150e-05, 2.0531e-05, 6.7883e-05,
        4.1162e-05, 4.4970e-05, 1.5843e-05, 8.4691e-05, 9.2366e-05, 2.7937e-05,
        5.0188e-05, 4.7533e-05, 6.7309e-06, 3.6306e-05, 2.5541e-05, 4.3205e-05,
        6.0353e-05, 5.8463e-05, 2.1213e-06, 3.4135e-05, 4.6124e-05, 1.2303e-04,
        1.2251e-05, 1.4265e-04, 9.6573e-06, 3.1519e-05, 3.3960e-06, 5.6238e-06,
        2.7860e-05, 1.7067e-05, 3.8744e-05, 3.8061e-05, 1.2828e-04, 6.3413e-05,
        5.5928e-05, 3.2450e-05, 7.6409e-06, 7.3097e-05, 4.0332e-05],
       grad_fn=<CatBackward>)

mean_overall=tensor(5.0682e-05, grad_fn=<MeanBackward0>)

-----------------------------------------------ITERATION390-----------------------------------------------

final_causality=[[1, 1, 1, 1, 1, 1, 1, 1, 1, 1, 1, 1, 1], [1, 1, 1, 1, 1, 1, 1, 1, 1, 1, 1, 1, 1, 1, 1, 1, 1, 1, 1, 1, 1, 1, 1, 1, 1, 1, 1, 1, 1, 1, 1, 1, 1, 1, 1, 1, 1, 1, 1, 1, 1, 1, 1, 1, 1, 1, 1, 1, 1, 1], [1, 1, 1, 1, 1, 1, 1, 1, 1, 1, 1, 1, 1, 1, 1, 1, 1, 1, 1, 1, 1, 1, 1, 1, 1, 1, 1, 1, 1, 1, 1, 1, 1, 1, 1, 1, 1, 1, 1, 1, 1, 1, 1, 1, 1, 1, 1, 1, 1, 1]]

means=tensor([1.8431e-04, 0.0000e+00, 0.0000e+00, 0.0000e+00, 2.3085e-05, 1.2607e-04,
        5.2278e-05, 9.2839e-06, 0.0000e+00, 0.0000e+00, 0.0000e+00, 4.9362e-04,
        2.2515e-04, 3.6973e-05, 1.0223e-05, 4.6105e-05, 1.2564e-05, 8.1432e-05,
        4.1233e-05, 4.7357e-05, 1.0844e-05, 5.7628e-05, 3.6584e-05, 2.7266e-05,
        3.7405e-05, 5.2251e-05, 3.0498e-05, 1.4462e-04, 5.1445e-05, 4.1706e-06,
        2.9653e-05, 4.6275e-06, 1.0144e-05, 5.3996e-05, 2.1355e-05, 1.7674e-05,
        4.5374e-05, 1.5216e-05, 5.3108e-05, 8.5136e-06, 4.4327e-05, 5.7945e-05,
        6.2002e-05, 2.0775e-05, 6.9157e-05, 6.6832e-05, 2.0432e-04, 4.1009e-05,
        3.3341e-05, 5.5486e-05, 3.4557e-05, 8.2006e-05, 1.8662e-05, 1.0174e-04,
        2.8758e-05, 3.5254e-05, 5.6494e-05, 1.8532e-05, 4.3848e-05, 1.1423e-04,
        9.1667e-05, 6.9383e-05, 6.3123e-05, 6.2379e-05, 1.7064e-05, 1.1963e-04,
        1.7344e-05, 6.6512e-05, 1.8500e-05, 3.3701e-05, 1.0325e-05, 3.5674e-05,
        1.0352e-04, 8.7217e-06, 6.7509e-05, 4.0219e-05, 2.0524e-05, 6.8773e-05,
        4.1159e-05, 4.4854e-05, 1.5881e-05, 8.4449e-05, 9.1528e-05, 2.8167e-05,
        5.0328e-05, 4.8022e-05, 6.7292e-06, 3.6357e-05, 2.5551e-05, 4.3622e-05,
        6.1514e-05, 5.8040e-05, 2.1166e-06, 3.3870e-05, 4.6835e-05, 1.2269e-04,
        1.2228e-05, 1.4380e-04, 9.6582e-06, 3.1332e-05, 3.4198e-06, 5.5738e-06,
        2.7852e-05, 1.7102e-05, 3.8579e-05, 3.7330e-05, 1.2863e-04, 6.3521e-05,
        5.6827e-05, 3.2464e-05, 7.6443e-06, 7.3611e-05, 4.0546e-05],
       grad_fn=<CatBackward>)

mean_overall=tensor(5.1131e-05, grad_fn=<MeanBackward0>)

-----------------------------------------------ITERATION400-----------------------------------------------

final_causality=[[1, 1, 1, 1, 1, 1, 1, 1, 1, 1, 1, 1, 1], [1, 1, 1, 1, 1, 1, 1, 1, 1, 1, 1, 1, 1, 1, 1, 1, 1, 1, 1, 1, 1, 1, 1, 1, 1, 1, 1, 1, 1, 1, 1, 1, 1, 1, 1, 1, 1, 1, 1, 1, 1, 1, 1, 1, 1, 1, 1, 1, 1, 1], [1, 1, 1, 1, 1, 1, 1, 1, 1, 1, 1, 1, 1, 1, 1, 1, 1, 1, 1, 1, 1, 1, 1, 1, 1, 1, 1, 1, 1, 1, 1, 1, 1, 1, 1, 1, 1, 1, 1, 1, 1, 1, 1, 1, 1, 1, 1, 1, 1, 1]]

means=tensor([2.0542e-04, 0.0000e+00, 0.0000e+00, 0.0000e+00, 1.9810e-05, 1.2448e-04,
        5.3639e-05, 9.1540e-06, 0.0000e+00, 0.0000e+00, 0.0000e+00, 4.9590e-04,
        2.3939e-04, 3.7740e-05, 1.0078e-05, 4.6530e-05, 1.3042e-05, 8.1418e-05,
        4.1436e-05, 4.6978e-05, 1.0962e-05, 5.8257e-05, 3.7109e-05, 2.6996e-05,
        3.7922e-05, 5.1696e-05, 3.0494e-05, 1.4594e-04, 5.2274e-05, 4.4842e-06,
        2.9984e-05, 4.4749e-06, 1.0431e-05, 5.3808e-05, 2.1369e-05, 1.7274e-05,
        4.5857e-05, 1.5116e-05, 5.4200e-05, 8.2989e-06, 4.4598e-05, 5.9015e-05,
        6.2144e-05, 2.1387e-05, 6.8843e-05, 6.7527e-05, 2.0352e-04, 4.0778e-05,
        3.2781e-05, 5.6297e-05, 3.5244e-05, 8.3080e-05, 1.8260e-05, 1.0127e-04,
        2.9192e-05, 3.5093e-05, 5.5990e-05, 1.8863e-05, 4.4103e-05, 1.1490e-04,
        9.2472e-05, 7.0683e-05, 6.2528e-05, 6.2418e-05, 1.7111e-05, 1.2202e-04,
        1.7498e-05, 6.6951e-05, 1.8732e-05, 3.3586e-05, 1.0157e-05, 3.5703e-05,
        1.0333e-04, 8.8181e-06, 6.7491e-05, 4.0292e-05, 2.0518e-05, 6.9675e-05,
        4.1157e-05, 4.4736e-05, 1.5919e-05, 8.4202e-05, 9.0683e-05, 2.8399e-05,
        5.0470e-05, 4.8518e-05, 6.7278e-06, 3.6408e-05, 2.5561e-05, 4.4049e-05,
        6.2693e-05, 5.7613e-05, 2.1115e-06, 3.3604e-05, 4.7554e-05, 1.2235e-04,
        1.2206e-05, 1.4499e-04, 9.6595e-06, 3.1143e-05, 3.4447e-06, 5.5703e-06,
        2.7844e-05, 1.7139e-05, 3.8411e-05, 3.7463e-05, 1.2900e-04, 6.3628e-05,
        5.7741e-05, 3.2479e-05, 7.6484e-06, 7.4133e-05, 4.0766e-05],
       grad_fn=<CatBackward>)

mean_overall=tensor(5.1600e-05, grad_fn=<MeanBackward0>)

-----------------------------------------------ITERATION410-----------------------------------------------

final_causality=[[1, 1, 1, 1, 1, 1, 1, 1, 1, 1, 1, 1, 1], [1, 1, 1, 1, 1, 1, 1, 1, 1, 1, 1, 1, 1, 1, 1, 1, 1, 1, 1, 1, 1, 1, 1, 1, 1, 1, 1, 1, 1, 1, 1, 1, 1, 1, 1, 1, 1, 1, 1, 1, 1, 1, 1, 1, 1, 1, 1, 1, 1, 1], [1, 1, 1, 1, 1, 1, 1, 1, 1, 1, 1, 1, 1, 1, 1, 1, 1, 1, 1, 1, 1, 1, 1, 1, 1, 1, 1, 1, 1, 1, 1, 1, 1, 1, 1, 1, 1, 1, 1, 1, 1, 1, 1, 1, 1, 1, 1, 1, 1, 1]]

means=tensor([2.2684e-04, 0.0000e+00, 0.0000e+00, 0.0000e+00, 1.6461e-05, 1.2287e-04,
        5.5029e-05, 9.0204e-06, 0.0000e+00, 0.0000e+00, 0.0000e+00, 4.9824e-04,
        2.5391e-04, 3.8529e-05, 9.9308e-06, 4.6965e-05, 1.3539e-05, 8.1408e-05,
        4.1645e-05, 4.6600e-05, 1.1085e-05, 5.8904e-05, 3.7654e-05, 2.6723e-05,
        3.8453e-05, 5.1142e-05, 3.0497e-05, 1.4728e-04, 5.3122e-05, 4.8062e-06,
        3.0329e-05, 4.3251e-06, 1.0723e-05, 5.3621e-05, 2.1387e-05, 1.6880e-05,
        4.6352e-05, 1.5015e-05, 5.5331e-05, 8.0877e-06, 4.4879e-05, 6.0118e-05,
        6.2299e-05, 2.2022e-05, 6.8525e-05, 6.8244e-05, 2.0270e-04, 4.0550e-05,
        3.2225e-05, 5.7134e-05, 3.5954e-05, 8.4177e-05, 1.7859e-05, 1.0081e-04,
        2.9642e-05, 3.4932e-05, 5.5489e-05, 1.9203e-05, 4.4366e-05, 1.1558e-04,
        9.3295e-05, 7.2023e-05, 6.1931e-05, 6.2456e-05, 1.7157e-05, 1.2445e-04,
        1.7650e-05, 6.7400e-05, 1.8969e-05, 3.3468e-05, 9.9885e-06, 3.5734e-05,
        1.0313e-04, 8.9142e-06, 6.7474e-05, 4.0372e-05, 2.0513e-05, 7.0589e-05,
        4.1156e-05, 4.4618e-05, 1.5956e-05, 8.3950e-05, 8.9831e-05, 2.8635e-05,
        5.0614e-05, 4.9022e-05, 6.7265e-06, 3.6457e-05, 2.5572e-05, 4.4484e-05,
        6.3891e-05, 5.7386e-05, 2.1059e-06, 3.3335e-05, 4.8282e-05, 1.2200e-04,
        1.2184e-05, 1.4620e-04, 9.6612e-06, 3.0968e-05, 3.4706e-06, 5.6062e-06,
        2.7837e-05, 1.7178e-05, 3.8242e-05, 3.7597e-05, 1.2937e-04, 6.3733e-05,
        5.8668e-05, 3.2494e-05, 7.6531e-06, 7.4663e-05, 4.0991e-05],
       grad_fn=<CatBackward>)

mean_overall=tensor(5.2084e-05, grad_fn=<MeanBackward0>)

-----------------------------------------------ITERATION420-----------------------------------------------

final_causality=[[1, 1, 1, 1, 1, 1, 1, 1, 1, 1, 1, 1, 1], [1, 1, 1, 1, 1, 1, 1, 1, 1, 1, 1, 1, 1, 1, 1, 1, 1, 1, 1, 1, 1, 1, 1, 1, 1, 1, 1, 1, 1, 1, 1, 1, 1, 1, 1, 1, 1, 1, 1, 1, 1, 1, 1, 1, 1, 1, 1, 1, 1, 1], [1, 1, 1, 1, 1, 1, 1, 1, 1, 1, 1, 1, 1, 1, 1, 1, 1, 1, 1, 1, 1, 1, 1, 1, 1, 1, 1, 1, 1, 1, 1, 1, 1, 1, 1, 1, 1, 1, 1, 1, 1, 1, 1, 1, 1, 1, 1, 1, 1, 1]]

means=tensor([2.4858e-04, 0.0000e+00, 0.0000e+00, 0.0000e+00, 1.3036e-05, 1.2124e-04,
        5.6451e-05, 8.8830e-06, 0.0000e+00, 0.0000e+00, 0.0000e+00, 5.0065e-04,
        2.6871e-04, 3.9339e-05, 9.7822e-06, 4.7412e-05, 1.4055e-05, 8.1403e-05,
        4.1863e-05, 4.6224e-05, 1.1214e-05, 5.9570e-05, 3.8220e-05, 2.6449e-05,
        3.8997e-05, 5.0588e-05, 3.0506e-05, 1.4865e-04, 5.3989e-05, 5.1371e-06,
        3.0687e-05, 4.1780e-06, 1.1021e-05, 5.3434e-05, 2.1408e-05, 1.6491e-05,
        4.6859e-05, 1.4914e-05, 5.6503e-05, 7.8800e-06, 4.5170e-05, 6.1257e-05,
        6.2467e-05, 2.2681e-05, 6.8205e-05, 6.8983e-05, 2.0189e-04, 4.0323e-05,
        3.1674e-05, 5.7998e-05, 3.6687e-05, 8.5295e-05, 1.7457e-05, 1.0034e-04,
        3.0107e-05, 3.4772e-05, 5.4991e-05, 1.9554e-05, 4.4636e-05, 1.1628e-04,
        9.4139e-05, 7.3404e-05, 6.1333e-05, 6.2495e-05, 1.7201e-05, 1.2692e-04,
        1.7802e-05, 6.7859e-05, 1.9211e-05, 3.3346e-05, 9.8192e-06, 3.5767e-05,
        1.0293e-04, 9.0098e-06, 6.7457e-05, 4.0458e-05, 2.0509e-05, 7.1514e-05,
        4.1155e-05, 4.4498e-05, 1.5992e-05, 8.3694e-05, 8.8973e-05, 2.8873e-05,
        5.0760e-05, 4.9535e-05, 6.7255e-06, 3.6506e-05, 2.5583e-05, 4.4929e-05,
        6.5117e-05, 5.7388e-05, 2.0998e-06, 3.3063e-05, 4.9018e-05, 1.2165e-04,
        1.2163e-05, 1.4746e-04, 9.6633e-06, 3.0834e-05, 3.4977e-06, 5.6424e-06,
        2.7830e-05, 1.7218e-05, 3.8070e-05, 3.7732e-05, 1.2975e-04, 6.3837e-05,
        5.9609e-05, 3.2510e-05, 7.6586e-06, 7.5200e-05, 4.1223e-05],
       grad_fn=<CatBackward>)

mean_overall=tensor(5.2581e-05, grad_fn=<MeanBackward0>)

-----------------------------------------------ITERATION430-----------------------------------------------

final_causality=[[1, 1, 1, 1, 1, 1, 1, 1, 1, 1, 1, 1, 1], [1, 1, 1, 1, 1, 1, 1, 1, 1, 1, 1, 1, 1, 1, 1, 1, 1, 1, 1, 1, 1, 1, 1, 1, 1, 1, 1, 1, 1, 1, 1, 1, 1, 1, 1, 1, 1, 1, 1, 1, 1, 1, 1, 1, 1, 1, 1, 1, 1, 1], [1, 1, 1, 1, 1, 1, 1, 1, 1, 1, 1, 1, 1, 1, 1, 1, 1, 1, 1, 1, 1, 1, 1, 1, 1, 1, 1, 1, 1, 1, 1, 1, 1, 1, 1, 1, 1, 1, 1, 1, 1, 1, 1, 1, 1, 1, 1, 1, 1, 1]]

means=tensor([2.7064e-04, 0.0000e+00, 0.0000e+00, 0.0000e+00, 9.5342e-06, 1.1960e-04,
        5.7904e-05, 8.7418e-06, 0.0000e+00, 0.0000e+00, 0.0000e+00, 5.0313e-04,
        2.8380e-04, 4.0173e-05, 9.6318e-06, 4.7870e-05, 1.4591e-05, 8.1403e-05,
        4.2088e-05, 4.5851e-05, 1.1349e-05, 6.0254e-05, 3.8807e-05, 2.6172e-05,
        3.9557e-05, 5.0035e-05, 3.0522e-05, 1.5006e-04, 5.4875e-05, 5.4771e-06,
        3.1060e-05, 4.0544e-06, 1.1326e-05, 5.3247e-05, 2.1433e-05, 1.6108e-05,
        4.7379e-05, 1.4812e-05, 5.7717e-05, 7.6758e-06, 4.5470e-05, 6.2431e-05,
        6.2649e-05, 2.3365e-05, 6.7881e-05, 6.9746e-05, 2.0106e-04, 4.0099e-05,
        3.1129e-05, 5.8889e-05, 3.7444e-05, 8.6435e-05, 1.7056e-05, 9.9874e-05,
        3.0588e-05, 3.4611e-05, 5.4497e-05, 1.9916e-05, 4.4913e-05, 1.1700e-04,
        9.5004e-05, 7.4827e-05, 6.0734e-05, 6.2535e-05, 1.7245e-05, 1.2942e-04,
        1.7953e-05, 6.8361e-05, 1.9459e-05, 3.3220e-05, 9.6490e-06, 3.5895e-05,
        1.0273e-04, 9.1047e-06, 6.7439e-05, 4.0551e-05, 2.0506e-05, 7.2451e-05,
        4.1155e-05, 4.4377e-05, 1.6027e-05, 8.3432e-05, 8.8107e-05, 2.9113e-05,
        5.0907e-05, 5.0055e-05, 6.7247e-06, 3.6552e-05, 2.5594e-05, 4.5384e-05,
        6.6432e-05, 5.7393e-05, 2.0932e-06, 3.2790e-05, 4.9763e-05, 1.2129e-04,
        1.2143e-05, 1.4875e-04, 9.6659e-06, 3.0701e-05, 3.5260e-06, 5.6791e-06,
        2.7823e-05, 1.7308e-05, 3.7896e-05, 3.7868e-05, 1.3014e-04, 6.3938e-05,
        6.0564e-05, 3.2527e-05, 7.6648e-06, 7.5745e-05, 4.1460e-05],
       grad_fn=<CatBackward>)

mean_overall=tensor(5.3094e-05, grad_fn=<MeanBackward0>)

-----------------------------------------------ITERATION440-----------------------------------------------

final_causality=[[1, 1, 1, 1, 1, 1, 1, 1, 1, 1, 1, 1, 1], [1, 1, 1, 1, 1, 1, 1, 1, 1, 1, 1, 1, 1, 1, 1, 1, 1, 1, 1, 1, 1, 1, 1, 1, 1, 1, 1, 1, 1, 1, 1, 1, 1, 1, 1, 1, 1, 1, 1, 1, 1, 1, 1, 1, 1, 1, 1, 1, 1, 1], [1, 1, 1, 1, 1, 1, 1, 1, 1, 1, 1, 1, 1, 1, 1, 1, 1, 1, 1, 1, 1, 1, 1, 1, 1, 1, 1, 1, 1, 1, 1, 1, 1, 1, 1, 1, 1, 1, 1, 1, 1, 1, 1, 1, 1, 1, 1, 1, 1, 1]]

means=tensor([2.9305e-04, 0.0000e+00, 0.0000e+00, 0.0000e+00, 5.9518e-06, 1.1793e-04,
        5.9390e-05, 8.5964e-06, 0.0000e+00, 0.0000e+00, 0.0000e+00, 5.0568e-04,
        2.9919e-04, 4.1029e-05, 9.4797e-06, 4.8340e-05, 1.5149e-05, 8.1407e-05,
        4.2322e-05, 4.5749e-05, 1.1489e-05, 6.0957e-05, 3.9417e-05, 2.5892e-05,
        4.0131e-05, 4.9483e-05, 3.0544e-05, 1.5149e-04, 5.5782e-05, 5.8265e-06,
        3.1447e-05, 3.9442e-06, 1.1637e-05, 5.3061e-05, 2.1461e-05, 1.5731e-05,
        4.7911e-05, 1.4710e-05, 5.8974e-05, 7.4813e-06, 4.5780e-05, 6.3643e-05,
        6.2844e-05, 2.4075e-05, 6.7555e-05, 7.0533e-05, 2.0023e-04, 3.9876e-05,
        3.0589e-05, 5.9809e-05, 3.8226e-05, 8.7597e-05, 1.6655e-05, 9.9405e-05,
        3.1086e-05, 3.4451e-05, 5.4006e-05, 2.0288e-05, 4.5199e-05, 1.1773e-04,
        9.5889e-05, 7.6293e-05, 6.0135e-05, 6.2574e-05, 1.7287e-05, 1.3197e-04,
        1.8103e-05, 6.8960e-05, 1.9713e-05, 3.3090e-05, 9.4779e-06, 3.6107e-05,
        1.0252e-04, 9.1989e-06, 6.7422e-05, 4.0650e-05, 2.0503e-05, 7.3400e-05,
        4.1156e-05, 4.4592e-05, 1.6061e-05, 8.3166e-05, 8.7235e-05, 2.9357e-05,
        5.1056e-05, 5.0584e-05, 6.7242e-06, 3.6597e-05, 2.5606e-05, 4.5849e-05,
        6.7768e-05, 5.7399e-05, 2.0861e-06, 3.2514e-05, 5.0517e-05, 1.2093e-04,
        1.2123e-05, 1.5008e-04, 9.6688e-06, 3.0566e-05, 3.5555e-06, 5.7163e-06,
        2.7817e-05, 1.7509e-05, 3.7719e-05, 3.8005e-05, 1.3053e-04, 6.4038e-05,
        6.1533e-05, 3.2544e-05, 7.6720e-06, 7.6298e-05, 4.1704e-05],
       grad_fn=<CatBackward>)

mean_overall=tensor(5.3626e-05, grad_fn=<MeanBackward0>)

