-----------------------------------------------ITERATION0-----------------------------------------------

final_causality=[[1, 1, 1, 1, 1, 1, 1, 1, 1, 1, 1, 1, 1], [1, 1, 1, 1, 1, 1, 1, 1, 1, 1, 1, 1, 1, 1, 1, 1, 1, 1, 1, 1, 1, 1, 1, 1, 1, 1, 1, 1, 1, 1, 1, 1, 1, 1, 1, 1, 1, 1, 1, 1, 1, 1, 1, 1, 1, 1, 1, 1, 1, 1], [1, 1, 1, 1, 1, 1, 1, 1, 1, 1, 1, 1, 1, 1, 1, 1, 1, 1, 1, 1, 1, 1, 1, 1, 1, 1, 1, 1, 1, 1, 1, 1, 1, 1, 1, 1, 1, 1, 1, 1, 1, 1, 1, 1, 1, 1, 1, 1, 1, 1]]

means=tensor([6.1071e-05, 7.5737e-05, 7.3238e-05, 7.4903e-05, 2.9259e-06, 5.9802e-05,
        4.4949e-05, 4.1598e-05, 1.2521e-04, 2.7902e-04, 8.5654e-05, 2.6659e-04,
        5.9137e-05, 2.3570e-05, 9.9903e-06, 8.8705e-05, 9.5444e-05, 9.3460e-06,
        1.6057e-04, 3.1556e-05, 8.3746e-05, 1.0383e-04, 3.0987e-05, 1.0426e-04,
        1.1416e-04, 7.0532e-05, 5.4610e-05, 2.1732e-05, 5.0674e-05, 1.1836e-04,
        8.9315e-05, 1.2028e-04, 1.0003e-04, 6.1170e-05, 6.2845e-05, 2.1151e-05,
        3.4005e-05, 1.2962e-04, 4.9793e-05, 8.9035e-06, 7.7648e-05, 1.8377e-05,
        2.2047e-05, 3.1330e-05, 6.7036e-05, 1.2708e-04, 6.5659e-05, 1.9908e-04,
        2.1295e-04, 2.7581e-05, 4.0886e-05, 1.0242e-04, 8.7559e-05, 2.5801e-05,
        2.0983e-04, 5.9422e-05, 1.6708e-04, 6.7115e-05, 5.1186e-05, 2.7519e-04,
        2.4994e-05, 8.0613e-05, 4.5714e-05, 6.8666e-05, 1.1083e-04, 1.1796e-04,
        1.0252e-04, 1.6783e-04, 1.3235e-05, 1.0914e-04, 7.2195e-05, 5.7399e-05,
        1.1495e-04, 3.4493e-05, 9.6454e-05, 7.3271e-05, 1.9267e-05, 1.1635e-04,
        1.1468e-04, 1.4199e-04, 1.5520e-04, 5.6425e-05, 9.0221e-05, 6.1138e-05,
        2.4357e-05, 1.5579e-05, 1.2028e-04, 6.1841e-05, 2.1288e-05, 5.1270e-05,
        6.6989e-05, 1.2019e-04, 1.2698e-04, 2.7187e-05, 1.4020e-05, 2.0774e-05,
        4.4521e-05, 6.0516e-05, 8.3950e-05, 8.6920e-05, 8.8162e-05, 8.1771e-05,
        7.5636e-05, 1.3759e-04, 1.4614e-04, 8.3047e-05, 1.1935e-04, 1.5352e-04,
        3.0840e-05, 1.3282e-04, 9.0959e-05, 5.0739e-05, 7.5992e-05],
       grad_fn=<CatBackward>)

mean_overall=tensor(8.2239e-05, grad_fn=<MeanBackward0>)

-----------------------------------------------ITERATION10-----------------------------------------------

final_causality=[[1, 1, 1, 1, 1, 1, 1, 1, 1, 1, 1, 1, 1], [1, 1, 1, 1, 1, 1, 1, 1, 1, 1, 1, 1, 1, 1, 1, 1, 1, 1, 1, 1, 1, 1, 1, 1, 1, 1, 1, 1, 1, 1, 1, 1, 1, 1, 1, 1, 1, 1, 1, 1, 1, 1, 1, 1, 1, 1, 1, 1, 1, 1], [1, 1, 1, 1, 1, 1, 1, 1, 1, 1, 1, 1, 1, 1, 1, 1, 1, 1, 1, 1, 1, 1, 1, 1, 1, 1, 1, 1, 1, 1, 1, 1, 1, 1, 1, 1, 1, 1, 1, 1, 1, 1, 1, 1, 1, 1, 1, 1, 1, 1]]

means=tensor([3.6720e-05, 1.1842e-04, 4.1746e-05, 9.4572e-05, 3.8305e-05, 2.9990e-05,
        3.4911e-06, 5.4448e-05, 1.6028e-04, 2.6575e-04, 5.9648e-05, 3.2463e-04,
        1.6515e-04, 3.1719e-06, 4.1620e-05, 5.0668e-05, 6.5733e-05, 2.5542e-05,
        1.8497e-04, 6.1156e-05, 1.0282e-04, 1.3161e-04, 5.2057e-05, 4.1542e-05,
        7.2735e-05, 1.0405e-04, 3.1307e-05, 6.5699e-05, 2.0417e-05, 1.5204e-04,
        1.0465e-04, 1.5067e-04, 6.8661e-05, 9.2416e-05, 9.3669e-05, 2.4172e-05,
        7.9021e-06, 1.6409e-04, 8.2196e-05, 3.7759e-05, 3.5758e-05, 3.8685e-05,
        1.4638e-05, 1.4134e-06, 1.4119e-05, 1.5617e-04, 4.0913e-05, 1.4335e-04,
        1.6661e-04, 6.9784e-05, 6.6577e-05, 7.7147e-05, 1.3216e-04, 4.5978e-06,
        2.9091e-04, 2.5592e-05, 1.2633e-04, 3.3431e-05, 7.4166e-05, 2.0680e-04,
        6.6258e-05, 9.9760e-05, 2.0028e-05, 6.8944e-05, 9.2753e-05, 1.1518e-04,
        1.0518e-04, 1.7134e-04, 8.7208e-06, 1.0028e-04, 6.9482e-05, 5.2115e-05,
        1.1706e-04, 3.0521e-05, 9.8826e-05, 7.1736e-05, 2.4619e-05, 1.2020e-04,
        1.0571e-04, 1.4836e-04, 1.5290e-04, 6.0986e-05, 9.3532e-05, 5.5823e-05,
        2.7720e-05, 1.1653e-05, 1.2589e-04, 5.4815e-05, 1.7890e-05, 5.5737e-05,
        6.0382e-05, 1.2384e-04, 1.2220e-04, 2.3332e-05, 1.3981e-05, 2.4551e-05,
        3.6859e-05, 5.3026e-05, 7.9656e-05, 8.9274e-05, 8.2932e-05, 8.7518e-05,
        7.0614e-05, 1.2826e-04, 1.3906e-04, 7.2410e-05, 1.1700e-04, 1.4764e-04,
        3.6192e-05, 1.3941e-04, 9.1455e-05, 5.5677e-05, 6.8914e-05],
       grad_fn=<CatBackward>)

mean_overall=tensor(8.2777e-05, grad_fn=<MeanBackward0>)

-----------------------------------------------ITERATION20-----------------------------------------------

final_causality=[[1, 1, 1, 1, 1, 1, 1, 1, 1, 1, 1, 1, 1], [1, 1, 1, 1, 1, 1, 1, 1, 1, 1, 1, 1, 1, 1, 1, 1, 1, 1, 1, 1, 1, 1, 1, 1, 1, 1, 1, 1, 1, 1, 1, 1, 1, 1, 1, 1, 1, 1, 1, 1, 1, 1, 1, 1, 1, 1, 1, 1, 1, 1], [1, 1, 1, 1, 1, 1, 1, 1, 1, 1, 1, 1, 1, 1, 1, 1, 1, 1, 1, 1, 1, 1, 1, 1, 1, 1, 1, 1, 1, 1, 1, 1, 1, 1, 1, 1, 1, 1, 1, 1, 1, 1, 1, 1, 1, 1, 1, 1, 1, 1]]

means=tensor([2.1119e-05, 1.4570e-04, 1.7994e-05, 1.0332e-04, 6.8674e-05, 2.5244e-06,
        1.2958e-05, 6.7318e-05, 1.8903e-04, 2.5510e-04, 3.4800e-05, 3.7412e-04,
        2.5148e-04, 1.2676e-05, 6.6043e-05, 1.9651e-05, 4.0098e-05, 5.2607e-05,
        2.0242e-04, 8.3922e-05, 1.1791e-04, 1.5204e-04, 6.9652e-05, 5.1832e-06,
        4.1308e-05, 1.3075e-04, 1.2375e-05, 9.8849e-05, 4.5266e-06, 1.7974e-04,
        1.1814e-04, 1.7342e-04, 4.5047e-05, 1.1722e-04, 1.1813e-04, 5.9935e-05,
        1.0642e-05, 1.9097e-04, 1.0870e-04, 6.0220e-05, 3.2392e-06, 5.3917e-05,
        4.5951e-05, 1.8277e-05, 2.2029e-05, 1.7794e-04, 2.0149e-05, 9.8438e-05,
        1.2903e-04, 1.0300e-04, 8.8017e-05, 5.5687e-05, 1.6751e-04, 1.4311e-05,
        3.5300e-04, 1.0565e-06, 9.3878e-05, 5.2868e-06, 9.2915e-05, 1.4853e-04,
        9.9168e-05, 1.1472e-04, 3.4005e-07, 7.2126e-05, 8.5641e-05, 1.1152e-04,
        1.0666e-04, 1.7225e-04, 5.2145e-06, 9.3200e-05, 6.6447e-05, 4.7381e-05,
        1.1907e-04, 2.7760e-05, 9.9439e-05, 6.9467e-05, 2.8933e-05, 1.2233e-04,
        9.7556e-05, 1.5158e-04, 1.4951e-04, 6.4391e-05, 9.5397e-05, 5.1505e-05,
        3.0206e-05, 8.5943e-06, 1.2781e-04, 4.8644e-05, 1.5003e-05, 5.8769e-05,
        5.4543e-05, 1.2816e-04, 1.1769e-04, 2.0077e-05, 1.4079e-05, 2.7869e-05,
        3.0545e-05, 4.7701e-05, 7.6851e-05, 9.0475e-05, 7.9064e-05, 9.1910e-05,
        6.6121e-05, 1.1862e-04, 1.3253e-04, 6.4113e-05, 1.1399e-04, 1.4263e-04,
        4.0543e-05, 1.4327e-04, 8.9949e-05, 6.0403e-05, 6.2809e-05],
       grad_fn=<CatBackward>)

mean_overall=tensor(8.5691e-05, grad_fn=<MeanBackward0>)

-----------------------------------------------ITERATION30-----------------------------------------------

final_causality=[[1, 1, 1, 1, 1, 1, 1, 1, 1, 1, 1, 1, 1], [1, 1, 1, 1, 1, 1, 1, 1, 1, 1, 1, 1, 1, 1, 1, 1, 1, 1, 1, 1, 1, 1, 1, 1, 1, 1, 1, 1, 1, 1, 1, 1, 1, 1, 1, 1, 1, 1, 1, 1, 1, 1, 1, 1, 1, 1, 1, 1, 1, 1], [1, 1, 1, 1, 1, 1, 1, 1, 1, 1, 1, 1, 1, 1, 1, 1, 1, 1, 1, 1, 1, 1, 1, 1, 1, 1, 1, 1, 1, 1, 1, 1, 1, 1, 1, 1, 1, 1, 1, 1, 1, 1, 1, 1, 1, 1, 1, 1, 1, 1]]

means=tensor([2.8701e-05, 1.4710e-04, 3.0178e-06, 9.6272e-05, 9.1123e-05, 7.8308e-06,
        2.6860e-05, 7.9744e-05, 1.9693e-04, 2.4117e-04, 2.0732e-05, 4.0809e-04,
        2.9333e-04, 2.2012e-05, 8.0082e-05, 1.8343e-06, 2.4689e-05, 6.8408e-05,
        2.1633e-04, 9.7271e-05, 1.2593e-04, 1.6184e-04, 7.8777e-05, 3.1504e-05,
        2.4373e-05, 1.4446e-04, 1.5141e-06, 1.1782e-04, 2.2623e-05, 1.9301e-04,
        1.2469e-04, 1.8768e-04, 3.2423e-05, 1.2974e-04, 1.3172e-04, 7.8774e-05,
        2.0740e-05, 2.0430e-04, 1.2276e-04, 7.3268e-05, 1.4672e-05, 6.2902e-05,
        6.5371e-05, 3.0414e-05, 4.2233e-05, 1.8769e-04, 7.6219e-06, 7.2927e-05,
        1.0790e-04, 1.2257e-04, 9.9123e-05, 4.2731e-05, 1.8518e-04, 2.6292e-05,
        3.9105e-04, 1.8153e-05, 7.5928e-05, 9.0919e-06, 1.0228e-04, 1.1308e-04,
        1.1584e-04, 1.2162e-04, 1.3065e-05, 7.2883e-05, 8.1846e-05, 1.0739e-04,
        1.0633e-04, 1.7302e-04, 3.2439e-06, 8.9360e-05, 6.4272e-05, 4.3696e-05,
        1.2027e-04, 2.6751e-05, 9.7624e-05, 6.7008e-05, 3.1269e-05, 1.2103e-04,
        9.2419e-05, 1.5139e-04, 1.4754e-04, 6.6148e-05, 9.3905e-05, 4.8267e-05,
        3.1116e-05, 6.8625e-06, 1.2722e-04, 4.4778e-05, 1.2866e-05, 5.9791e-05,
        5.0779e-05, 1.2890e-04, 1.1555e-04, 1.8225e-05, 1.4186e-05, 2.9760e-05,
        2.6848e-05, 4.4015e-05, 7.3819e-05, 9.0403e-05, 7.6755e-05, 9.3822e-05,
        6.3651e-05, 1.1423e-04, 1.2901e-04, 5.9123e-05, 1.1452e-04, 1.3995e-04,
        4.3616e-05, 1.4507e-04, 9.0052e-05, 6.3573e-05, 5.7438e-05],
       grad_fn=<CatBackward>)

mean_overall=tensor(8.9016e-05, grad_fn=<MeanBackward0>)

-----------------------------------------------ITERATION40-----------------------------------------------

final_causality=[[1, 1, 1, 1, 1, 1, 1, 1, 1, 1, 1, 1, 1], [1, 1, 1, 1, 1, 1, 1, 1, 1, 1, 1, 1, 1, 1, 1, 1, 1, 1, 1, 1, 1, 1, 1, 1, 1, 1, 1, 1, 1, 1, 1, 1, 1, 1, 1, 1, 1, 1, 1, 1, 1, 1, 1, 1, 1, 1, 1, 1, 1, 1], [1, 1, 1, 1, 1, 1, 1, 1, 1, 1, 1, 1, 1, 1, 1, 1, 1, 1, 1, 1, 1, 1, 1, 1, 1, 1, 1, 1, 1, 1, 1, 1, 1, 1, 1, 1, 1, 1, 1, 1, 1, 1, 1, 1, 1, 1, 1, 1, 1, 1]]

means=tensor([5.1437e-05, 1.2626e-04, 2.2506e-07, 8.0599e-05, 1.1755e-04, 1.5275e-05,
        1.2632e-05, 8.8110e-05, 1.7384e-04, 2.1454e-04, 2.9649e-05, 4.1813e-04,
        2.8202e-04, 2.4636e-05, 8.4711e-05, 9.8253e-09, 2.0707e-05, 7.4290e-05,
        2.2456e-04, 1.0253e-04, 1.2670e-04, 1.6158e-04, 7.7864e-05, 3.5650e-05,
        2.1343e-05, 1.4433e-04, 2.9653e-07, 1.2487e-04, 2.7528e-05, 1.9097e-04,
        1.2342e-04, 1.9518e-04, 3.0054e-05, 1.2845e-04, 1.3622e-04, 7.8757e-05,
        2.2190e-05, 2.0344e-04, 1.2305e-04, 7.7473e-05, 1.9219e-05, 6.6674e-05,
        7.4692e-05, 3.4358e-05, 4.4927e-05, 1.8571e-04, 4.6988e-06, 6.7297e-05,
        1.0396e-04, 1.2917e-04, 9.8635e-05, 3.9206e-05, 1.8396e-04, 3.0298e-05,
        4.0885e-04, 2.2246e-05, 7.2789e-05, 1.2946e-05, 1.0099e-04, 1.0273e-04,
        1.1538e-04, 1.1988e-04, 1.5860e-05, 6.6838e-05, 8.3020e-05, 1.0263e-04,
        1.0346e-04, 1.7511e-04, 2.7455e-06, 8.7878e-05, 6.3180e-05, 4.0986e-05,
        1.2055e-04, 2.7632e-05, 9.4074e-05, 6.3634e-05, 3.1524e-05, 1.1652e-04,
        9.0745e-05, 1.4809e-04, 1.4807e-04, 6.5710e-05, 8.8626e-05, 4.5920e-05,
        3.0476e-05, 6.4678e-06, 1.2604e-04, 4.3860e-05, 1.1796e-05, 5.8873e-05,
        4.8943e-05, 1.2558e-04, 1.1674e-04, 1.8034e-05, 1.3890e-05, 2.9966e-05,
        2.5810e-05, 4.1148e-05, 6.9463e-05, 8.8231e-05, 7.6719e-05, 9.2893e-05,
        6.3549e-05, 1.1738e-04, 1.2931e-04, 5.6672e-05, 1.2134e-04, 1.4076e-04,
        4.5202e-05, 1.4588e-04, 9.3755e-05, 6.4708e-05, 5.2427e-05],
       grad_fn=<CatBackward>)

mean_overall=tensor(8.8924e-05, grad_fn=<MeanBackward0>)

-----------------------------------------------ITERATION50-----------------------------------------------

final_causality=[[1, 1, 1, 1, 1, 1, 1, 1, 1, 1, 1, 1, 1], [1, 1, 1, 1, 1, 1, 1, 1, 1, 1, 1, 1, 1, 1, 1, 1, 1, 1, 1, 1, 1, 1, 1, 1, 1, 1, 1, 1, 1, 1, 1, 1, 1, 1, 1, 1, 1, 1, 1, 1, 1, 1, 1, 1, 1, 1, 1, 1, 1, 1], [1, 1, 1, 1, 1, 1, 1, 1, 1, 1, 1, 1, 1, 1, 1, 1, 1, 1, 1, 1, 1, 1, 1, 1, 1, 1, 1, 1, 1, 1, 1, 1, 1, 1, 1, 1, 1, 1, 1, 1, 1, 1, 1, 1, 1, 1, 1, 1, 1, 1]]

means=tensor([7.6484e-05, 9.4726e-05, 3.1105e-05, 6.2488e-05, 1.4277e-04, 1.4949e-05,
        2.8849e-06, 9.2927e-05, 1.3750e-04, 1.8434e-04, 5.1747e-05, 4.1285e-04,
        2.4515e-04, 2.3363e-05, 8.3795e-05, 1.2289e-06, 2.3192e-05, 7.3646e-05,
        2.3256e-04, 1.0379e-04, 1.2349e-04, 1.5567e-04, 7.1857e-05, 2.7333e-05,
        2.6155e-05, 1.4081e-04, 1.3485e-06, 1.2455e-04, 2.5010e-05, 1.8200e-04,
        1.2216e-04, 1.9863e-04, 3.3404e-05, 1.2038e-04, 1.3513e-04, 6.9457e-05,
        1.8939e-05, 1.9504e-04, 1.1617e-04, 7.6365e-05, 1.4599e-05, 6.7161e-05,
        7.7561e-05, 3.3487e-05, 3.7859e-05, 1.7751e-04, 7.2583e-06, 7.2864e-05,
        1.0982e-04, 1.2812e-04, 9.2060e-05, 4.0979e-05, 1.7276e-04, 2.9805e-05,
        4.1539e-04, 1.8916e-05, 7.8028e-05, 1.0104e-05, 9.4026e-05, 1.0641e-04,
        1.0624e-04, 1.1348e-04, 1.3016e-05, 6.3438e-05, 9.5113e-05, 9.8183e-05,
        9.9438e-05, 1.7736e-04, 3.0357e-06, 8.7698e-05, 6.2794e-05, 4.0425e-05,
        1.1980e-04, 2.9910e-05, 9.0426e-05, 5.9760e-05, 3.0697e-05, 1.1088e-04,
        9.1085e-05, 1.4339e-04, 1.4999e-04, 6.4058e-05, 8.2305e-05, 4.4382e-05,
        3.2177e-05, 6.8054e-06, 1.2512e-04, 4.4668e-05, 1.1374e-05, 5.7151e-05,
        4.8199e-05, 1.2134e-04, 1.1974e-04, 1.8823e-05, 1.3461e-05, 3.0824e-05,
        2.6285e-05, 3.8888e-05, 6.4921e-05, 8.4901e-05, 7.8399e-05, 9.0533e-05,
        6.4687e-05, 1.2438e-04, 1.3166e-04, 5.5462e-05, 1.3076e-04, 1.4352e-04,
        4.5654e-05, 1.4594e-04, 9.8632e-05, 6.4513e-05, 4.8014e-05],
       grad_fn=<CatBackward>)

mean_overall=tensor(8.7468e-05, grad_fn=<MeanBackward0>)

-----------------------------------------------ITERATION60-----------------------------------------------

final_causality=[[1, 1, 1, 1, 1, 1, 1, 1, 1, 1, 1, 1, 1], [1, 1, 1, 1, 1, 1, 1, 1, 1, 1, 1, 1, 1, 1, 1, 1, 1, 1, 1, 1, 1, 1, 1, 1, 1, 1, 1, 1, 1, 1, 1, 1, 1, 1, 1, 1, 1, 1, 1, 1, 1, 1, 1, 1, 1, 1, 1, 1, 1, 1], [1, 1, 1, 1, 1, 1, 1, 1, 1, 1, 1, 1, 1, 1, 1, 1, 1, 1, 1, 1, 1, 1, 1, 1, 1, 1, 1, 1, 1, 1, 1, 1, 1, 1, 1, 1, 1, 1, 1, 1, 1, 1, 1, 1, 1, 1, 1, 1, 1, 1]]

means=tensor([9.9043e-05, 6.1598e-05, 5.9168e-05, 4.2763e-05, 1.6515e-04, 1.5111e-05,
        1.2099e-05, 9.8351e-05, 1.0265e-04, 1.5609e-04, 7.3130e-05, 4.0847e-04,
        2.0918e-04, 2.1724e-05, 8.2444e-05, 5.2133e-06, 2.6005e-05, 7.2269e-05,
        2.4056e-04, 1.0472e-04, 1.2006e-04, 1.4913e-04, 6.6812e-05, 1.8175e-05,
        3.1715e-05, 1.3845e-04, 3.8928e-06, 1.2336e-04, 2.2016e-05, 1.7257e-04,
        1.2129e-04, 2.0188e-04, 3.7328e-05, 1.1212e-04, 1.3363e-04, 6.0237e-05,
        1.5550e-05, 1.8617e-04, 1.0919e-04, 7.4848e-05, 9.4213e-06, 6.7286e-05,
        7.9959e-05, 3.2164e-05, 3.0298e-05, 1.6879e-04, 1.0135e-05, 7.9262e-05,
        1.1653e-04, 1.2652e-04, 8.5608e-05, 4.2949e-05, 1.6123e-04, 2.9067e-05,
        4.2182e-04, 1.5104e-05, 8.4014e-05, 6.8345e-06, 8.6937e-05, 1.1057e-04,
        9.6912e-05, 1.0676e-04, 9.7200e-06, 6.1295e-05, 1.0861e-04, 9.3853e-05,
        9.5527e-05, 1.7930e-04, 3.4267e-06, 8.7887e-05, 6.2501e-05, 4.0505e-05,
        1.1876e-04, 3.2519e-05, 8.6947e-05, 5.6701e-05, 2.9861e-05, 1.0528e-04,
        9.1578e-05, 1.3861e-04, 1.5202e-04, 6.2536e-05, 8.0505e-05, 4.3407e-05,
        3.3720e-05, 7.1898e-06, 1.2420e-04, 4.5534e-05, 1.1638e-05, 5.5449e-05,
        4.7568e-05, 1.1877e-04, 1.2287e-04, 1.9699e-05, 1.3186e-05, 3.1536e-05,
        2.6890e-05, 3.6755e-05, 6.0682e-05, 8.2964e-05, 8.0229e-05, 8.8175e-05,
        6.5885e-05, 1.3132e-04, 1.3410e-04, 5.4347e-05, 1.3998e-04, 1.4633e-04,
        4.6073e-05, 1.4578e-04, 1.0317e-04, 6.4952e-05, 4.5933e-05],
       grad_fn=<CatBackward>)

mean_overall=tensor(8.6271e-05, grad_fn=<MeanBackward0>)

-----------------------------------------------ITERATION70-----------------------------------------------

final_causality=[[1, 1, 1, 1, 1, 1, 1, 1, 1, 1, 1, 1, 1], [1, 1, 1, 1, 1, 1, 1, 1, 1, 1, 1, 1, 1, 1, 1, 1, 1, 1, 1, 1, 1, 1, 1, 1, 1, 1, 1, 1, 1, 1, 1, 1, 1, 1, 1, 1, 1, 1, 1, 1, 1, 1, 1, 1, 1, 1, 1, 1, 1, 1], [1, 1, 1, 1, 1, 1, 1, 1, 1, 1, 1, 1, 1, 1, 1, 1, 1, 1, 1, 1, 1, 1, 1, 1, 1, 1, 1, 1, 1, 1, 1, 1, 1, 1, 1, 1, 1, 1, 1, 1, 1, 1, 1, 1, 1, 1, 1, 1, 1, 1]]

means=tensor([1.1981e-04, 3.0310e-05, 8.7625e-05, 2.1370e-05, 1.8900e-04, 1.9524e-05,
        3.7838e-05, 1.0655e-04, 7.1751e-05, 1.2803e-04, 9.0024e-05, 4.1212e-04,
        1.8298e-04, 2.1694e-05, 8.3581e-05, 6.1149e-06, 2.6163e-05, 7.3703e-05,
        2.5026e-04, 1.0897e-04, 1.1820e-04, 1.4459e-04, 6.5909e-05, 1.3774e-05,
        3.4381e-05, 1.3848e-04, 4.5354e-06, 1.2534e-04, 2.2173e-05, 1.6601e-04,
        1.2142e-04, 2.0746e-04, 3.9173e-05, 1.0653e-04, 1.3461e-04, 5.4930e-05,
        1.4060e-05, 1.8014e-04, 1.0511e-04, 7.5694e-05, 7.8919e-06, 7.0036e-05,
        8.5829e-05, 3.2979e-05, 2.6547e-05, 1.6221e-04, 1.0804e-05, 8.1326e-05,
        1.1958e-04, 1.2836e-04, 8.2809e-05, 4.2897e-05, 1.5356e-04, 3.0425e-05,
        4.3467e-04, 1.4323e-05, 8.6942e-05, 6.3106e-06, 8.2019e-05, 1.0877e-04,
        9.0992e-05, 1.0159e-04, 8.6264e-06, 6.7935e-05, 1.2026e-04, 8.9237e-05,
        9.1817e-05, 1.8136e-04, 3.5660e-06, 8.7726e-05, 6.1891e-05, 4.0024e-05,
        1.1850e-04, 3.4743e-05, 8.3324e-05, 5.4452e-05, 2.9480e-05, 1.0390e-04,
        9.1252e-05, 1.3388e-04, 1.5339e-04, 6.1373e-05, 8.7004e-05, 4.2867e-05,
        3.5306e-05, 7.2979e-06, 1.2289e-04, 4.5754e-05, 1.1671e-05, 5.3935e-05,
        4.6505e-05, 1.1637e-04, 1.2547e-04, 2.0258e-05, 1.3023e-05, 3.2490e-05,
        2.6921e-05, 3.4721e-05, 5.8485e-05, 8.2240e-05, 8.1782e-05, 8.6296e-05,
        6.9164e-05, 1.3676e-04, 1.3595e-04, 5.2725e-05, 1.4841e-04, 1.4878e-04,
        4.6938e-05, 1.4600e-04, 1.0738e-04, 6.6057e-05, 4.7247e-05],
       grad_fn=<CatBackward>)

mean_overall=tensor(8.6321e-05, grad_fn=<MeanBackward0>)

-----------------------------------------------ITERATION80-----------------------------------------------

final_causality=[[1, 1, 1, 1, 1, 1, 1, 1, 1, 1, 1, 1, 1], [1, 1, 1, 1, 1, 1, 1, 1, 1, 1, 1, 1, 1, 1, 1, 1, 1, 1, 1, 1, 1, 1, 1, 1, 1, 1, 1, 1, 1, 1, 1, 1, 1, 1, 1, 1, 1, 1, 1, 1, 1, 1, 1, 1, 1, 1, 1, 1, 1, 1], [1, 1, 1, 1, 1, 1, 1, 1, 1, 1, 1, 1, 1, 1, 1, 1, 1, 1, 1, 1, 1, 1, 1, 1, 1, 1, 1, 1, 1, 1, 1, 1, 1, 1, 1, 1, 1, 1, 1, 1, 1, 1, 1, 1, 1, 1, 1, 1, 1, 1]]

means=tensor([1.4050e-04, 2.9972e-07, 1.1863e-04, 1.7728e-06, 2.1605e-04, 2.7178e-05,
        6.0695e-05, 1.1703e-04, 4.1933e-05, 9.8268e-05, 1.0473e-04, 4.2173e-04,
        1.6261e-04, 2.3015e-05, 8.6822e-05, 4.6592e-06, 2.4314e-05, 7.7684e-05,
        2.6173e-04, 1.1534e-04, 1.1749e-04, 1.4161e-04, 6.6986e-05, 1.2959e-05,
        3.4762e-05, 1.4046e-04, 3.7295e-06, 1.3011e-04, 2.4878e-05, 1.6394e-04,
        1.2239e-04, 2.1514e-04, 3.9367e-05, 1.0338e-04, 1.3826e-04, 5.2347e-05,
        1.3947e-05, 1.7615e-04, 1.0352e-04, 7.8526e-05, 9.1590e-06, 7.4081e-05,
        9.4982e-05, 3.5666e-05, 2.5611e-05, 1.5716e-04, 9.8064e-06, 8.0041e-05,
        1.1980e-04, 1.3306e-04, 8.1772e-05, 4.1313e-05, 1.4863e-04, 3.3688e-05,
        4.5308e-04, 1.5913e-05, 8.7518e-05, 7.9315e-06, 7.8601e-05, 1.0251e-04,
        8.7460e-05, 9.7460e-05, 9.2634e-06, 7.4666e-05, 1.3066e-04, 8.4275e-05,
        8.7992e-05, 1.8378e-04, 3.4776e-06, 8.7150e-05, 6.0984e-05, 3.9122e-05,
        1.1907e-04, 3.6724e-05, 7.9413e-05, 5.2101e-05, 2.9411e-05, 1.0246e-04,
        9.0271e-05, 1.2896e-04, 1.5416e-04, 6.0272e-05, 9.2790e-05, 4.2048e-05,
        3.7043e-05, 7.2004e-06, 1.2122e-04, 4.5546e-05, 1.1490e-05, 5.2458e-05,
        4.5073e-05, 1.1399e-04, 1.2774e-04, 2.0597e-05, 1.3162e-05, 3.3730e-05,
        2.6494e-05, 3.2975e-05, 5.7257e-05, 8.1586e-05, 8.3294e-05, 8.4673e-05,
        7.2855e-05, 1.4130e-04, 1.3748e-04, 5.0670e-05, 1.5693e-04, 1.5121e-04,
        4.8099e-05, 1.4850e-04, 1.1164e-04, 6.7642e-05, 4.7897e-05],
       grad_fn=<CatBackward>)

mean_overall=tensor(8.7071e-05, grad_fn=<MeanBackward0>)

-----------------------------------------------ITERATION90-----------------------------------------------

final_causality=[[1, 1, 1, 1, 1, 1, 1, 1, 1, 1, 1, 1, 1], [1, 1, 1, 1, 1, 1, 1, 1, 1, 1, 1, 1, 1, 1, 1, 1, 1, 1, 1, 1, 1, 1, 1, 1, 1, 1, 1, 1, 1, 1, 1, 1, 1, 1, 1, 1, 1, 1, 1, 1, 1, 1, 1, 1, 1, 1, 1, 1, 1, 1], [1, 1, 1, 1, 1, 1, 1, 1, 1, 1, 1, 1, 1, 1, 1, 1, 1, 1, 1, 1, 1, 1, 1, 1, 1, 1, 1, 1, 1, 1, 1, 1, 1, 1, 1, 1, 1, 1, 1, 1, 1, 1, 1, 1, 1, 1, 1, 1, 1, 1]]

means=tensor([1.6171e-04, 2.3343e-05, 1.5151e-04, 7.3628e-06, 2.4489e-04, 3.5529e-05,
        8.4836e-05, 1.2824e-04, 1.0602e-05, 6.6865e-05, 1.2032e-04, 4.3246e-04,
        1.4159e-04, 2.4547e-05, 9.0508e-05, 3.0264e-06, 2.2306e-05, 8.2197e-05,
        2.7405e-04, 1.2237e-04, 1.1681e-04, 1.3863e-04, 6.8229e-05, 1.2299e-05,
        3.5075e-05, 1.4268e-04, 2.8157e-06, 1.3541e-04, 2.7965e-05, 1.6332e-04,
        1.2349e-04, 2.2364e-04, 3.9514e-05, 1.0179e-04, 1.4315e-04, 4.9990e-05,
        1.3934e-05, 1.7215e-04, 1.0215e-04, 8.2900e-05, 1.0653e-05, 7.8481e-05,
        1.0545e-04, 3.8763e-05, 2.4858e-05, 1.5199e-04, 8.7021e-06, 7.8555e-05,
        1.1994e-04, 1.3828e-04, 8.0847e-05, 3.9612e-05, 1.4383e-04, 3.7470e-05,
        4.7326e-04, 1.7743e-05, 8.8060e-05, 9.7647e-06, 7.6849e-05, 9.5844e-05,
        8.4031e-05, 9.7539e-05, 1.0034e-05, 8.1724e-05, 1.4128e-04, 7.9102e-05,
        8.3879e-05, 1.8639e-04, 3.3740e-06, 8.6505e-05, 6.0010e-05, 3.8175e-05,
        1.1983e-04, 3.8768e-05, 7.5324e-05, 4.9620e-05, 2.9347e-05, 1.0093e-04,
        8.9219e-05, 1.2374e-04, 1.5483e-04, 5.9035e-05, 9.8705e-05, 4.1199e-05,
        3.8877e-05, 7.0924e-06, 1.2113e-04, 4.5357e-05, 1.1293e-05, 5.0872e-05,
        4.3573e-05, 1.1148e-04, 1.3009e-04, 2.0961e-05, 1.3468e-05, 3.5047e-05,
        2.6025e-05, 3.1175e-05, 5.6448e-05, 8.0897e-05, 8.4983e-05, 8.2965e-05,
        7.6740e-05, 1.4599e-04, 1.3911e-04, 4.8515e-05, 1.6670e-04, 1.5386e-04,
        4.9269e-05, 1.5140e-04, 1.1612e-04, 6.9353e-05, 4.8513e-05],
       grad_fn=<CatBackward>)

mean_overall=tensor(8.8788e-05, grad_fn=<MeanBackward0>)

-----------------------------------------------ITERATION100-----------------------------------------------

final_causality=[[1, 1, 1, 1, 1, 1, 1, 1, 1, 1, 1, 1, 1], [1, 1, 1, 1, 1, 1, 1, 1, 1, 1, 1, 1, 1, 1, 1, 1, 1, 1, 1, 1, 1, 1, 1, 1, 1, 1, 1, 1, 1, 1, 1, 1, 1, 1, 1, 1, 1, 1, 1, 1, 1, 1, 1, 1, 1, 1, 1, 1, 1, 1], [1, 1, 1, 1, 1, 1, 1, 1, 1, 1, 1, 1, 1, 1, 1, 1, 1, 1, 1, 1, 1, 1, 1, 1, 1, 1, 1, 1, 1, 1, 1, 1, 1, 1, 1, 1, 1, 1, 1, 1, 1, 1, 1, 1, 1, 1, 1, 1, 1, 1]]

means=tensor([1.8324e-04, 5.7296e-05, 1.8519e-04, 3.2974e-05, 2.7413e-04, 4.3179e-05,
        1.1180e-04, 1.3918e-04, 1.6504e-06, 3.4506e-05, 1.3800e-04, 4.4177e-04,
        1.1746e-04, 2.5703e-05, 9.3802e-05, 2.2706e-06, 2.1025e-05, 8.6233e-05,
        2.8671e-04, 1.2931e-04, 1.2136e-04, 1.3487e-04, 6.9141e-05, 1.0148e-05,
        3.6474e-05, 1.4428e-04, 2.4421e-06, 1.4007e-04, 3.0360e-05, 1.6192e-04,
        1.2439e-04, 2.3232e-04, 4.0441e-05, 9.9535e-05, 1.4757e-04, 4.6820e-05,
        1.3435e-05, 1.6724e-04, 1.0007e-04, 8.7067e-05, 1.1127e-05, 8.2682e-05,
        1.1621e-04, 4.1500e-05, 2.3074e-05, 1.4600e-04, 8.2328e-06, 7.8428e-05,
        1.2136e-04, 1.4281e-04, 7.9403e-05, 3.8517e-05, 1.3804e-04, 4.1022e-05,
        4.9333e-04, 1.8763e-05, 8.9731e-05, 1.0866e-05, 7.4843e-05, 9.0704e-05,
        7.9753e-05, 9.7511e-05, 1.0151e-05, 8.9201e-05, 1.5283e-04, 7.7034e-05,
        7.9497e-05, 1.8901e-04, 3.3594e-06, 8.6021e-05, 5.9100e-05, 3.7362e-05,
        1.2035e-04, 4.1003e-05, 7.1198e-05, 4.8228e-05, 2.9164e-05, 1.0384e-04,
        8.8387e-05, 1.1830e-04, 1.5570e-04, 5.7804e-05, 1.0503e-04, 4.0447e-05,
        4.0736e-05, 7.0651e-06, 1.2151e-04, 4.5381e-05, 1.1180e-05, 4.9162e-05,
        4.2157e-05, 1.0884e-04, 1.3269e-04, 2.1466e-05, 1.3766e-05, 3.6300e-05,
        2.5717e-05, 2.9386e-05, 5.5713e-05, 8.0132e-05, 8.6890e-05, 8.1192e-05,
        8.0926e-05, 1.5129e-04, 1.4101e-04, 4.6420e-05, 1.7701e-04, 1.5678e-04,
        5.0333e-05, 1.5419e-04, 1.2077e-04, 7.2035e-05, 5.1103e-05],
       grad_fn=<CatBackward>)

mean_overall=tensor(9.1092e-05, grad_fn=<MeanBackward0>)

-----------------------------------------------ITERATION110-----------------------------------------------

final_causality=[[1, 1, 1, 1, 1, 1, 1, 1, 1, 1, 1, 1, 1], [1, 1, 1, 1, 1, 1, 1, 1, 1, 1, 1, 1, 1, 1, 1, 1, 1, 1, 1, 1, 1, 1, 1, 1, 1, 1, 1, 1, 1, 1, 1, 1, 1, 1, 1, 1, 1, 1, 1, 1, 1, 1, 1, 1, 1, 1, 1, 1, 1, 1], [1, 1, 1, 1, 1, 1, 1, 1, 1, 1, 1, 1, 1, 1, 1, 1, 1, 1, 1, 1, 1, 1, 1, 1, 1, 1, 1, 1, 1, 1, 1, 1, 1, 1, 1, 1, 1, 1, 1, 1, 1, 1, 1, 1, 1, 1, 1, 1, 1, 1]]

means=tensor([2.0493e-04, 9.2442e-05, 2.1955e-04, 5.9217e-05, 3.0384e-04, 5.0452e-05,
        1.4081e-04, 1.5001e-04, 3.9614e-05, 1.3929e-06, 1.5726e-04, 4.5033e-04,
        9.1360e-05, 2.6658e-05, 9.6966e-05, 2.0614e-06, 2.0192e-05, 9.0080e-05,
        2.9981e-04, 1.3639e-04, 1.2728e-04, 1.3060e-04, 6.9873e-05, 7.0390e-06,
        3.8645e-05, 1.4549e-04, 2.4050e-06, 1.4440e-04, 3.2399e-05, 1.6005e-04,
        1.2544e-04, 2.4110e-04, 4.1920e-05, 9.6895e-05, 1.5175e-04, 4.3272e-05,
        1.2656e-05, 1.6176e-04, 9.7589e-05, 9.1114e-05, 1.0978e-05, 8.6809e-05,
        1.2764e-04, 4.4105e-05, 2.0690e-05, 1.3948e-04, 8.1594e-06, 7.9187e-05,
        1.2366e-04, 1.4701e-04, 7.7672e-05, 3.7802e-05, 1.3172e-04, 4.4571e-05,
        5.1386e-04, 1.9298e-05, 9.3273e-05, 1.1528e-05, 7.2552e-05, 8.6487e-05,
        7.5037e-05, 9.7343e-05, 9.8572e-06, 9.6973e-05, 1.6504e-04, 7.6716e-05,
        7.4893e-05, 1.9165e-04, 3.4467e-06, 8.5647e-05, 6.0094e-05, 3.6626e-05,
        1.2071e-04, 4.3374e-05, 6.7042e-05, 5.0840e-05, 2.8913e-05, 1.1108e-04,
        8.7686e-05, 1.1470e-04, 1.5669e-04, 5.7224e-05, 1.1159e-04, 3.9755e-05,
        4.2612e-05, 7.0880e-06, 1.2193e-04, 4.5548e-05, 1.1117e-05, 4.7364e-05,
        4.0778e-05, 1.0906e-04, 1.3550e-04, 2.2074e-05, 1.4057e-05, 3.7506e-05,
        2.5507e-05, 2.7590e-05, 5.5014e-05, 7.9309e-05, 8.8965e-05, 8.0412e-05,
        8.5343e-05, 1.5702e-04, 1.4310e-04, 4.4338e-05, 1.8770e-04, 1.5989e-04,
        5.1332e-05, 1.5689e-04, 1.2553e-04, 7.5115e-05, 5.7691e-05],
       grad_fn=<CatBackward>)

mean_overall=tensor(9.4069e-05, grad_fn=<MeanBackward0>)

-----------------------------------------------ITERATION120-----------------------------------------------

final_causality=[[1, 1, 1, 1, 1, 1, 1, 1, 1, 1, 1, 1, 1], [1, 1, 1, 1, 1, 1, 1, 1, 1, 1, 1, 1, 1, 1, 1, 1, 1, 1, 1, 1, 1, 1, 1, 1, 1, 1, 1, 1, 1, 1, 1, 1, 1, 1, 1, 1, 1, 1, 1, 1, 1, 1, 1, 1, 1, 1, 1, 1, 1, 1], [1, 1, 1, 1, 1, 1, 1, 1, 1, 1, 1, 1, 1, 1, 1, 1, 1, 1, 1, 1, 1, 1, 1, 1, 1, 1, 1, 1, 1, 1, 1, 1, 1, 1, 1, 1, 1, 1, 1, 1, 1, 1, 1, 1, 1, 1, 1, 1, 1, 1]]

means=tensor([2.2698e-04, 1.2847e-04, 2.5523e-04, 8.6311e-05, 3.3481e-04, 5.8160e-05,
        1.7095e-04, 1.6129e-04, 7.8717e-05, 2.0346e-05, 1.7740e-04, 4.5959e-04,
        6.4763e-05, 2.8130e-05, 1.0052e-04, 1.7845e-06, 1.9298e-05, 9.4362e-05,
        3.1367e-04, 1.4408e-04, 1.3340e-04, 1.2631e-04, 7.0727e-05, 3.9447e-06,
        4.0926e-05, 1.4684e-04, 2.3272e-06, 1.4913e-04, 3.4739e-05, 1.5822e-04,
        1.2687e-04, 2.5054e-04, 4.3474e-05, 9.4346e-05, 1.5617e-04, 4.0110e-05,
        1.1949e-05, 1.5629e-04, 9.5206e-05, 9.5542e-05, 1.0937e-05, 9.1202e-05,
        1.4051e-04, 4.7064e-05, 1.8434e-05, 1.3290e-04, 8.0508e-06, 7.9929e-05,
        1.2605e-04, 1.5158e-04, 7.6041e-05, 3.7056e-05, 1.2559e-04, 4.8616e-05,
        5.3600e-04, 1.9966e-05, 9.7073e-05, 1.2308e-05, 7.0338e-05, 8.2105e-05,
        7.0470e-05, 9.7227e-05, 9.6160e-06, 1.0496e-04, 1.7748e-04, 7.6378e-05,
        7.0048e-05, 1.9441e-04, 3.5718e-06, 8.5233e-05, 6.1223e-05, 3.5862e-05,
        1.2118e-04, 4.5802e-05, 6.2775e-05, 5.3708e-05, 2.8664e-05, 1.1858e-04,
        8.6946e-05, 1.1630e-04, 1.5761e-04, 5.6608e-05, 1.1823e-04, 3.9049e-05,
        4.4541e-05, 7.1083e-06, 1.2236e-04, 4.5751e-05, 1.1049e-05, 4.6483e-05,
        3.9351e-05, 1.0973e-04, 1.3838e-04, 2.2718e-05, 1.4373e-05, 3.8750e-05,
        2.5273e-05, 2.5752e-05, 5.4275e-05, 8.0159e-05, 9.1185e-05, 8.1284e-05,
        8.9931e-05, 1.6290e-04, 1.4528e-04, 4.2176e-05, 1.9862e-04, 1.6320e-04,
        5.2323e-05, 1.5971e-04, 1.3060e-04, 7.8323e-05, 6.4368e-05],
       grad_fn=<CatBackward>)

mean_overall=tensor(9.7801e-05, grad_fn=<MeanBackward0>)

-----------------------------------------------ITERATION130-----------------------------------------------

final_causality=[[1, 1, 1, 1, 1, 1, 1, 1, 1, 1, 1, 1, 1], [1, 1, 1, 1, 1, 1, 1, 1, 1, 1, 1, 1, 1, 1, 1, 1, 1, 1, 1, 1, 1, 1, 1, 1, 1, 1, 1, 1, 1, 1, 1, 1, 1, 1, 1, 1, 1, 1, 1, 1, 1, 1, 1, 1, 1, 1, 1, 1, 1, 1], [1, 1, 1, 1, 1, 1, 1, 1, 1, 1, 1, 1, 1, 1, 1, 1, 1, 1, 1, 1, 1, 1, 1, 1, 1, 1, 1, 1, 1, 1, 1, 1, 1, 1, 1, 1, 1, 1, 1, 1, 1, 1, 1, 1, 1, 1, 1, 1, 1, 1]]

means=tensor([2.4957e-04, 1.6547e-04, 2.9259e-04, 1.1447e-04, 3.6744e-04, 6.6552e-05,
        2.0212e-04, 1.7321e-04, 1.1897e-04, 5.7867e-05, 1.9831e-04, 4.6997e-04,
        3.7867e-05, 3.0365e-05, 1.0461e-04, 1.2894e-06, 1.8259e-05, 9.9284e-05,
        3.2843e-04, 1.5256e-04, 1.3978e-04, 1.2214e-04, 7.1788e-05, 1.1035e-06,
        4.3143e-05, 1.4846e-04, 2.1164e-06, 1.5446e-04, 3.7571e-05, 1.5994e-04,
        1.2849e-04, 2.6092e-04, 4.4981e-05, 9.4900e-05, 1.6100e-04, 3.7463e-05,
        1.1393e-05, 1.5096e-04, 9.3034e-05, 1.0052e-04, 1.1190e-05, 9.5982e-05,
        1.5511e-04, 5.0539e-05, 1.6481e-05, 1.2636e-04, 7.8051e-06, 8.0427e-05,
        1.2879e-04, 1.5674e-04, 7.4605e-05, 3.6183e-05, 1.1981e-04, 5.3342e-05,
        5.6021e-04, 2.0932e-05, 1.0092e-04, 1.3350e-05, 6.8333e-05, 7.7319e-05,
        6.6175e-05, 9.7215e-05, 9.5475e-06, 1.1317e-04, 1.9003e-04, 7.7441e-05,
        6.4926e-05, 1.9735e-04, 3.6780e-06, 8.4723e-05, 6.2396e-05, 3.5047e-05,
        1.2187e-04, 4.8271e-05, 5.9880e-05, 5.6659e-05, 2.8429e-05, 1.2634e-04,
        8.6121e-05, 1.1793e-04, 1.5842e-04, 5.5949e-05, 1.2492e-04, 3.8311e-05,
        4.6543e-05, 7.1142e-06, 1.2278e-04, 4.5973e-05, 1.0960e-05, 4.5972e-05,
        3.7854e-05, 1.1041e-04, 1.4133e-04, 2.3384e-05, 1.4737e-05, 4.0064e-05,
        2.4985e-05, 2.3953e-05, 5.3473e-05, 8.4014e-05, 9.3565e-05, 8.4565e-05,
        9.4694e-05, 1.7064e-04, 1.4756e-04, 3.9917e-05, 2.0975e-04, 1.6672e-04,
        5.3377e-05, 1.6274e-04, 1.3639e-04, 8.1716e-05, 7.1069e-05],
       grad_fn=<CatBackward>)

mean_overall=tensor(0.0001, grad_fn=<MeanBackward0>)

-----------------------------------------------ITERATION140-----------------------------------------------

final_causality=[[1, 1, 1, 1, 1, 1, 1, 1, 1, 1, 1, 1, 1], [1, 1, 1, 1, 1, 1, 1, 1, 1, 1, 1, 1, 1, 1, 1, 1, 1, 1, 1, 1, 1, 1, 1, 1, 1, 1, 1, 1, 1, 1, 1, 1, 1, 1, 1, 1, 1, 1, 1, 1, 1, 1, 1, 1, 1, 1, 1, 1, 1, 1], [1, 1, 1, 1, 1, 1, 1, 1, 1, 1, 1, 1, 1, 1, 1, 1, 1, 1, 1, 1, 1, 1, 1, 1, 1, 1, 1, 1, 1, 1, 1, 1, 1, 1, 1, 1, 1, 1, 1, 1, 1, 1, 1, 1, 1, 1, 1, 1, 1, 1]]

means=tensor([2.7272e-04, 2.0358e-04, 3.3149e-04, 1.4367e-04, 4.0155e-04, 7.5394e-05,
        2.3462e-04, 1.8563e-04, 1.6057e-04, 9.6662e-05, 2.2025e-04, 4.8103e-04,
        1.0199e-05, 3.3145e-05, 1.0913e-04, 7.6431e-07, 1.7248e-05, 1.0469e-04,
        3.4400e-04, 1.6173e-04, 1.4637e-04, 1.1796e-04, 7.3278e-05, 1.0217e-06,
        4.5519e-05, 1.5184e-04, 1.8884e-06, 1.6020e-04, 4.0723e-05, 1.6230e-04,
        1.3023e-04, 2.7189e-04, 4.6598e-05, 9.7213e-05, 1.6609e-04, 3.4998e-05,
        1.0891e-05, 1.4564e-04, 9.3486e-05, 1.0611e-04, 1.1520e-05, 1.0107e-04,
        1.7138e-04, 5.4422e-05, 1.4622e-05, 1.1978e-04, 7.5729e-06, 8.0965e-05,
        1.3199e-04, 1.6228e-04, 7.3258e-05, 3.5315e-05, 1.1419e-04, 5.8658e-05,
        5.8637e-04, 2.2011e-05, 1.0503e-04, 1.4489e-05, 6.6882e-05, 7.2482e-05,
        6.1993e-05, 9.7970e-05, 9.5117e-06, 1.2320e-04, 2.0282e-04, 8.0688e-05,
        5.9523e-05, 2.0044e-04, 3.7843e-06, 8.4156e-05, 6.3633e-05, 3.4211e-05,
        1.2274e-04, 5.0806e-05, 5.8422e-05, 5.9714e-05, 2.8185e-05, 1.3439e-04,
        8.5264e-05, 1.1958e-04, 1.5915e-04, 5.5235e-05, 1.3172e-04, 3.9660e-05,
        4.8601e-05, 7.1224e-06, 1.2322e-04, 4.6251e-05, 1.0869e-05, 4.6382e-05,
        3.6313e-05, 1.1111e-04, 1.4473e-04, 2.4096e-05, 1.5141e-05, 4.1423e-05,
        2.4678e-05, 2.3537e-05, 5.2630e-05, 8.7973e-05, 9.6119e-05, 8.7987e-05,
        9.9661e-05, 1.7887e-04, 1.4995e-04, 3.7590e-05, 2.2188e-04, 1.7047e-04,
        5.4566e-05, 1.6590e-04, 1.4234e-04, 8.5265e-05, 7.7866e-05],
       grad_fn=<CatBackward>)

mean_overall=tensor(0.0001, grad_fn=<MeanBackward0>)

-----------------------------------------------ITERATION150-----------------------------------------------

final_causality=[[1, 1, 1, 1, 1, 1, 1, 1, 1, 1, 1, 1, 1], [1, 1, 1, 1, 1, 1, 1, 1, 1, 1, 1, 1, 1, 1, 1, 1, 1, 1, 1, 1, 1, 1, 1, 1, 1, 1, 1, 1, 1, 1, 1, 1, 1, 1, 1, 1, 1, 1, 1, 1, 1, 1, 1, 1, 1, 1, 1, 1, 1, 1], [1, 1, 1, 1, 1, 1, 1, 1, 1, 1, 1, 1, 1, 1, 1, 1, 1, 1, 1, 1, 1, 1, 1, 1, 1, 1, 1, 1, 1, 1, 1, 1, 1, 1, 1, 1, 1, 1, 1, 1, 1, 1, 1, 1, 1, 1, 1, 1, 1, 1]]

means=tensor([2.9642e-04, 2.4286e-04, 3.7175e-04, 1.7383e-04, 4.3693e-04, 8.4504e-05,
        2.6861e-04, 1.9838e-04, 2.0358e-04, 1.3662e-04, 2.4335e-04, 4.9246e-04,
        6.4581e-06, 3.6154e-05, 1.1500e-04, 3.4469e-07, 1.6319e-05, 1.1048e-04,
        3.6034e-04, 1.7153e-04, 1.5313e-04, 1.1371e-04, 7.8413e-05, 2.0750e-06,
        4.8231e-05, 1.5578e-04, 1.7267e-06, 1.6619e-04, 4.4072e-05, 1.6468e-04,
        1.3203e-04, 2.8334e-04, 4.8455e-05, 9.9590e-05, 1.7133e-04, 3.2606e-05,
        1.0404e-05, 1.4022e-04, 9.7180e-05, 1.1236e-04, 1.1769e-05, 1.0638e-04,
        1.8931e-04, 5.8634e-05, 1.2713e-05, 1.1519e-04, 7.4332e-06, 8.1755e-05,
        1.3556e-04, 1.6949e-04, 7.1931e-05, 3.4546e-05, 1.0863e-04, 6.4500e-05,
        6.1401e-04, 2.3071e-05, 1.0960e-04, 1.5603e-05, 6.5426e-05, 6.7845e-05,
        5.7830e-05, 1.0408e-04, 9.4051e-06, 1.3349e-04, 2.1594e-04, 8.3996e-05,
        6.1157e-05, 2.0491e-04, 3.9058e-06, 8.3565e-05, 6.4945e-05, 3.3377e-05,
        1.2372e-04, 5.3424e-05, 5.6934e-05, 6.2885e-05, 2.7916e-05, 1.4276e-04,
        8.4410e-05, 1.2127e-04, 1.5984e-04, 5.4458e-05, 1.3865e-04, 4.1580e-05,
        5.0698e-05, 7.1447e-06, 1.2367e-04, 4.6611e-05, 1.0788e-05, 4.8567e-05,
        3.4747e-05, 1.1184e-04, 1.4968e-04, 2.4868e-05, 1.5579e-05, 4.3520e-05,
        2.4379e-05, 2.3653e-05, 5.1761e-05, 9.2033e-05, 9.8848e-05, 9.3190e-05,
        1.0485e-04, 1.8742e-04, 1.5248e-04, 3.5629e-05, 2.3516e-04, 1.7447e-04,
        5.5697e-05, 1.6917e-04, 1.4842e-04, 8.8941e-05, 8.4815e-05],
       grad_fn=<CatBackward>)

mean_overall=tensor(0.0001, grad_fn=<MeanBackward0>)

-----------------------------------------------ITERATION160-----------------------------------------------

final_causality=[[1, 1, 1, 1, 1, 1, 1, 1, 1, 1, 1, 1, 1], [1, 1, 1, 1, 1, 1, 1, 1, 1, 1, 1, 1, 1, 1, 1, 1, 1, 1, 1, 1, 1, 1, 1, 1, 1, 1, 1, 1, 1, 1, 1, 1, 1, 1, 1, 1, 1, 1, 1, 1, 1, 1, 1, 1, 1, 1, 1, 1, 1, 1], [1, 1, 1, 1, 1, 1, 1, 1, 1, 1, 1, 1, 1, 1, 1, 1, 1, 1, 1, 1, 1, 1, 1, 1, 1, 1, 1, 1, 1, 1, 1, 1, 1, 1, 1, 1, 1, 1, 1, 1, 1, 1, 1, 1, 1, 1, 1, 1, 1, 1]]

means=tensor([3.2073e-04, 2.8338e-04, 4.1348e-04, 2.0504e-04, 4.7368e-04, 9.3945e-05,
        3.0409e-04, 2.1153e-04, 2.4802e-04, 1.7778e-04, 2.6762e-04, 5.0435e-04,
        3.7387e-05, 3.9431e-05, 1.2458e-04, 4.8335e-09, 1.5454e-05, 1.1669e-04,
        3.7747e-04, 1.8202e-04, 1.6007e-04, 1.0941e-04, 8.3804e-05, 5.3975e-06,
        5.1271e-05, 1.5980e-04, 1.6160e-06, 1.7248e-04, 4.7672e-05, 1.6710e-04,
        1.3491e-04, 2.9532e-04, 5.0544e-05, 1.0222e-04, 1.7676e-04, 3.0317e-05,
        9.9589e-06, 1.3475e-04, 1.0104e-04, 1.1905e-04, 1.1973e-05, 1.1197e-04,
        2.0905e-04, 6.3230e-05, 1.0785e-05, 1.1054e-04, 7.3643e-06, 8.2764e-05,
        1.3948e-04, 1.7792e-04, 7.0775e-05, 3.3862e-05, 1.0316e-04, 7.0943e-05,
        6.4323e-04, 2.4163e-05, 1.1463e-04, 1.6719e-05, 6.3987e-05, 6.3370e-05,
        5.3717e-05, 1.1031e-04, 9.2469e-06, 1.4403e-04, 2.2938e-04, 8.7363e-05,
        6.6304e-05, 2.0967e-04, 4.0406e-06, 8.2934e-05, 6.6333e-05, 3.4032e-05,
        1.2487e-04, 5.6127e-05, 5.5412e-05, 6.6170e-05, 2.7625e-05, 1.5145e-04,
        8.3552e-05, 1.2298e-04, 1.6047e-04, 5.3616e-05, 1.4570e-04, 4.3535e-05,
        5.3790e-05, 7.1796e-06, 1.2415e-04, 4.7052e-05, 1.0715e-05, 5.1830e-05,
        3.3228e-05, 1.1260e-04, 1.5483e-04, 2.5703e-05, 1.6174e-05, 4.5902e-05,
        2.4083e-05, 2.4391e-05, 5.1544e-05, 9.6673e-05, 1.0176e-04, 9.9855e-05,
        1.1028e-04, 1.9631e-04, 1.5516e-04, 3.5258e-05, 2.4869e-04, 1.7872e-04,
        5.6761e-05, 1.7255e-04, 1.5536e-04, 9.3594e-05, 9.1911e-05],
       grad_fn=<CatBackward>)

mean_overall=tensor(0.0001, grad_fn=<MeanBackward0>)

-----------------------------------------------ITERATION170-----------------------------------------------

final_causality=[[1, 1, 1, 1, 1, 1, 1, 1, 1, 1, 1, 1, 1], [1, 1, 1, 1, 1, 1, 1, 1, 1, 1, 1, 1, 1, 1, 1, 1, 1, 1, 1, 1, 1, 1, 1, 1, 1, 1, 1, 1, 1, 1, 1, 1, 1, 1, 1, 1, 1, 1, 1, 1, 1, 1, 1, 1, 1, 1, 1, 1, 1, 1], [1, 1, 1, 1, 1, 1, 1, 1, 1, 1, 1, 1, 1, 1, 1, 1, 1, 1, 1, 1, 1, 1, 1, 1, 1, 1, 1, 1, 1, 1, 1, 1, 1, 1, 1, 1, 1, 1, 1, 1, 1, 1, 1, 1, 1, 1, 1, 1, 1, 1]]

means=tensor([3.4577e-04, 3.2526e-04, 4.5687e-04, 2.3748e-04, 5.1202e-04, 1.0385e-04,
        3.4108e-04, 2.2519e-04, 2.9395e-04, 2.2028e-04, 2.9307e-04, 5.1689e-04,
        6.9369e-05, 4.3046e-05, 1.3500e-04, 3.1530e-07, 1.4606e-05, 1.2351e-04,
        3.9548e-04, 1.9331e-04, 1.6720e-04, 1.0513e-04, 8.9508e-05, 8.8633e-06,
        5.4583e-05, 1.6395e-04, 1.5203e-06, 1.7917e-04, 5.1619e-05, 1.6960e-04,
        1.4060e-04, 3.0790e-04, 5.2827e-05, 1.0491e-04, 1.8244e-04, 2.8175e-05,
        9.6200e-06, 1.2927e-04, 1.0510e-04, 1.2630e-04, 1.2205e-05, 1.1789e-04,
        2.3082e-04, 6.8302e-05, 8.9017e-06, 1.0586e-04, 7.3265e-06, 8.3908e-05,
        1.4369e-04, 1.8687e-04, 7.2092e-05, 3.3511e-05, 9.7851e-05, 7.8102e-05,
        6.7420e-04, 2.5356e-05, 1.2006e-04, 1.7898e-05, 6.2597e-05, 5.8966e-05,
        5.1021e-05, 1.1667e-04, 9.0837e-06, 1.5484e-04, 2.4310e-04, 9.3818e-05,
        7.1697e-05, 2.1468e-04, 4.1825e-06, 8.2235e-05, 6.7802e-05, 3.5729e-05,
        1.2624e-04, 5.8910e-05, 5.3847e-05, 6.9569e-05, 2.7312e-05, 1.6047e-04,
        8.2669e-05, 1.2472e-04, 1.6102e-04, 5.2700e-05, 1.5504e-04, 4.5523e-05,
        5.7262e-05, 7.2231e-06, 1.2466e-04, 4.7569e-05, 1.1054e-05, 5.5239e-05,
        3.2095e-05, 1.1338e-04, 1.6018e-04, 2.6595e-05, 1.6847e-05, 4.8361e-05,
        2.3775e-05, 2.7215e-05, 5.5397e-05, 1.0143e-04, 1.0487e-04, 1.0680e-04,
        1.1595e-04, 2.0552e-04, 1.5799e-04, 3.4880e-05, 2.6247e-04, 1.8337e-04,
        5.7747e-05, 1.7610e-04, 1.6293e-04, 9.8684e-05, 9.9130e-05],
       grad_fn=<CatBackward>)

mean_overall=tensor(0.0001, grad_fn=<MeanBackward0>)

-----------------------------------------------ITERATION180-----------------------------------------------

final_causality=[[1, 1, 1, 1, 1, 1, 1, 1, 1, 1, 1, 1, 1], [1, 1, 1, 1, 1, 1, 1, 1, 1, 1, 1, 1, 1, 1, 1, 1, 1, 1, 1, 1, 1, 1, 1, 1, 1, 1, 1, 1, 1, 1, 1, 1, 1, 1, 1, 1, 1, 1, 1, 1, 1, 1, 1, 1, 1, 1, 1, 1, 1, 1], [1, 1, 1, 1, 1, 1, 1, 1, 1, 1, 1, 1, 1, 1, 1, 1, 1, 1, 1, 1, 1, 1, 1, 1, 1, 1, 1, 1, 1, 1, 1, 1, 1, 1, 1, 1, 1, 1, 1, 1, 1, 1, 1, 1, 1, 1, 1, 1, 1, 1]]

means=tensor([3.7164e-04, 3.6861e-04, 5.0207e-04, 2.7128e-04, 5.5208e-04, 1.1426e-04,
        3.7965e-04, 2.3941e-04, 3.4145e-04, 2.6419e-04, 3.1974e-04, 5.3014e-04,
        1.0249e-04, 4.7039e-05, 1.4634e-04, 6.2064e-07, 1.3774e-05, 1.3102e-04,
        4.1439e-04, 2.0544e-04, 1.7454e-04, 1.0090e-04, 9.5561e-05, 1.2481e-05,
        5.8181e-05, 1.6825e-04, 1.4368e-06, 1.8628e-04, 5.5950e-05, 1.7220e-04,
        1.4650e-04, 3.2109e-04, 5.5311e-05, 1.0767e-04, 1.8840e-04, 2.6180e-05,
        9.4119e-06, 1.2381e-04, 1.0940e-04, 1.3415e-04, 1.2473e-05, 1.2416e-04,
        2.5476e-04, 7.3899e-05, 7.0765e-06, 1.0117e-04, 7.3175e-06, 8.5186e-05,
        1.4818e-04, 1.9639e-04, 7.3511e-05, 3.3231e-05, 9.2707e-05, 8.6050e-05,
        7.0696e-04, 2.6647e-05, 1.2591e-04, 1.9148e-05, 6.2678e-05, 5.4633e-05,
        5.0191e-05, 1.2318e-04, 8.9199e-06, 1.6592e-04, 2.5710e-04, 1.0220e-04,
        7.7349e-05, 2.1996e-04, 4.3312e-06, 8.1456e-05, 6.9357e-05, 3.7470e-05,
        1.2787e-04, 6.1780e-05, 5.2234e-05, 7.3084e-05, 2.6976e-05, 1.6983e-04,
        8.1758e-05, 1.2649e-04, 1.6160e-04, 5.2246e-05, 1.6562e-04, 4.7548e-05,
        6.0804e-05, 7.2756e-06, 1.2519e-04, 4.8166e-05, 1.1909e-05, 5.8806e-05,
        3.2730e-05, 1.1419e-04, 1.6702e-04, 2.7549e-05, 1.7583e-05, 5.0904e-05,
        2.3456e-05, 3.0045e-05, 5.9420e-05, 1.0631e-04, 1.0819e-04, 1.1400e-04,
        1.2189e-04, 2.1507e-04, 1.6097e-04, 3.4494e-05, 2.7651e-04, 1.8853e-04,
        5.8644e-05, 1.7984e-04, 1.7069e-04, 1.0401e-04, 1.0648e-04],
       grad_fn=<CatBackward>)

mean_overall=tensor(0.0001, grad_fn=<MeanBackward0>)

-----------------------------------------------ITERATION190-----------------------------------------------

final_causality=[[1, 1, 1, 1, 1, 1, 1, 1, 1, 1, 1, 1, 1], [1, 1, 1, 1, 1, 1, 1, 1, 1, 1, 1, 1, 1, 1, 1, 1, 1, 1, 1, 1, 1, 1, 1, 1, 1, 1, 1, 1, 1, 1, 1, 1, 1, 1, 1, 1, 1, 1, 1, 1, 1, 1, 1, 1, 1, 1, 1, 1, 1, 1], [1, 1, 1, 1, 1, 1, 1, 1, 1, 1, 1, 1, 1, 1, 1, 1, 1, 1, 1, 1, 1, 1, 1, 1, 1, 1, 1, 1, 1, 1, 1, 1, 1, 1, 1, 1, 1, 1, 1, 1, 1, 1, 1, 1, 1, 1, 1, 1, 1, 1]]

means=tensor([3.9840e-04, 4.1354e-04, 5.4914e-04, 3.0650e-04, 5.9391e-04, 1.2519e-04,
        4.1989e-04, 2.5419e-04, 3.9059e-04, 3.0956e-04, 3.4771e-04, 5.4407e-04,
        1.3689e-04, 5.1432e-05, 1.5867e-04, 6.5872e-08, 1.2979e-05, 1.3914e-04,
        4.3422e-04, 2.1846e-04, 1.8208e-04, 9.6696e-05, 1.0198e-04, 1.6305e-05,
        6.2117e-05, 1.7267e-04, 1.3800e-06, 1.9378e-04, 6.0674e-05, 1.7487e-04,
        1.5386e-04, 3.3490e-04, 5.8033e-05, 1.1049e-04, 1.9462e-04, 2.4411e-05,
        9.3066e-06, 1.1835e-04, 1.1392e-04, 1.4262e-04, 1.2754e-05, 1.3081e-04,
        2.8100e-04, 8.0048e-05, 5.2682e-06, 9.6466e-05, 7.3534e-06, 8.6637e-05,
        1.5302e-04, 2.0647e-04, 7.5030e-05, 3.3011e-05, 8.7711e-05, 9.4833e-05,
        7.4153e-04, 2.8019e-05, 1.3224e-04, 2.0455e-05, 6.3754e-05, 5.0415e-05,
        4.9402e-05, 1.2983e-04, 8.7372e-06, 1.7900e-04, 2.7141e-04, 1.1141e-04,
        8.3264e-05, 2.2553e-04, 4.4901e-06, 8.0593e-05, 7.1005e-05, 3.9261e-05,
        1.2978e-04, 6.4744e-05, 5.0573e-05, 7.6721e-05, 2.7040e-05, 1.7956e-04,
        8.0822e-05, 1.2913e-04, 1.6214e-04, 5.3309e-05, 1.7640e-04, 4.9615e-05,
        6.4412e-05, 7.3401e-06, 1.2576e-04, 4.8853e-05, 1.2886e-05, 6.2942e-05,
        3.3384e-05, 1.1539e-04, 1.7828e-04, 2.8569e-05, 1.8385e-05, 5.3533e-05,
        2.3128e-05, 3.2883e-05, 6.3625e-05, 1.1132e-04, 1.1174e-04, 1.2147e-04,
        1.2811e-04, 2.2498e-04, 1.6553e-04, 3.4104e-05, 2.9080e-04, 1.9404e-04,
        5.9443e-05, 1.8388e-04, 1.7864e-04, 1.0956e-04, 1.1396e-04],
       grad_fn=<CatBackward>)

mean_overall=tensor(0.0001, grad_fn=<MeanBackward0>)

-----------------------------------------------ITERATION200-----------------------------------------------

final_causality=[[1, 1, 1, 1, 1, 1, 1, 1, 1, 1, 1, 1, 1], [1, 1, 1, 1, 1, 1, 1, 1, 1, 1, 1, 1, 1, 1, 1, 1, 1, 1, 1, 1, 1, 1, 1, 1, 1, 1, 1, 1, 1, 1, 1, 1, 1, 1, 1, 1, 1, 1, 1, 1, 1, 1, 1, 1, 1, 1, 1, 1, 1, 1], [1, 1, 1, 1, 1, 1, 1, 1, 1, 1, 1, 1, 1, 1, 1, 1, 1, 1, 1, 1, 1, 1, 1, 1, 1, 1, 1, 1, 1, 1, 1, 1, 1, 1, 1, 1, 1, 1, 1, 1, 1, 1, 1, 1, 1, 1, 1, 1, 1, 1]]

means=tensor([4.2610e-04, 4.6015e-04, 5.9816e-04, 3.4327e-04, 6.3758e-04, 1.3667e-04,
        4.6189e-04, 2.6957e-04, 4.4146e-04, 3.5644e-04, 3.7706e-04, 5.5871e-04,
        1.7266e-04, 5.6322e-05, 1.7204e-04, 3.0804e-07, 1.2230e-05, 1.4789e-04,
        4.5499e-04, 2.3240e-04, 1.8982e-04, 9.2544e-05, 1.0881e-04, 2.0374e-05,
        6.6425e-05, 1.7722e-04, 1.3549e-06, 2.0170e-04, 6.5817e-05, 1.7761e-04,
        1.6296e-04, 3.4934e-04, 6.1016e-05, 1.1336e-04, 2.0112e-04, 2.3715e-05,
        9.1944e-06, 1.1290e-04, 1.1869e-04, 1.5176e-04, 1.3041e-05, 1.3783e-04,
        3.0968e-04, 8.6790e-05, 3.4482e-06, 9.1747e-05, 7.4400e-06, 8.8281e-05,
        1.5822e-04, 2.1714e-04, 7.6656e-05, 3.2857e-05, 8.2858e-05, 1.0452e-04,
        7.7793e-04, 2.9470e-05, 1.3909e-04, 2.1816e-05, 6.4842e-05, 4.6331e-05,
        4.8966e-05, 1.3663e-04, 8.5289e-06, 1.9236e-04, 2.8603e-04, 1.2311e-04,
        8.9452e-05, 2.3141e-04, 4.6606e-06, 7.9638e-05, 7.2752e-05, 4.1105e-05,
        1.3200e-04, 6.7808e-05, 4.8858e-05, 8.0485e-05, 2.7172e-05, 1.8966e-04,
        7.9861e-05, 1.3852e-04, 1.6253e-04, 5.4440e-05, 1.8739e-04, 5.1730e-05,
        6.8084e-05, 7.4178e-06, 1.2637e-04, 4.9633e-05, 1.3890e-05, 6.8951e-05,
        3.4166e-05, 1.1687e-04, 1.8995e-04, 2.9661e-05, 1.9257e-05, 5.6251e-05,
        2.2791e-05, 3.5731e-05, 6.8026e-05, 1.1646e-04, 1.1552e-04, 1.2920e-04,
        1.3463e-04, 2.3528e-04, 1.7085e-04, 3.3711e-05, 3.0534e-04, 1.9992e-04,
        6.0132e-05, 1.8812e-04, 1.8679e-04, 1.1537e-04, 1.2161e-04],
       grad_fn=<CatBackward>)

mean_overall=tensor(0.0001, grad_fn=<MeanBackward0>)

-----------------------------------------------ITERATION210-----------------------------------------------

final_causality=[[1, 1, 1, 1, 1, 1, 1, 1, 1, 1, 1, 1, 1], [1, 1, 1, 1, 1, 1, 1, 1, 1, 1, 1, 1, 1, 1, 1, 1, 1, 1, 1, 1, 1, 1, 1, 1, 1, 1, 1, 1, 1, 1, 1, 1, 1, 1, 1, 1, 1, 1, 1, 1, 1, 1, 1, 1, 1, 1, 1, 1, 1, 1], [1, 1, 1, 1, 1, 1, 1, 1, 1, 1, 1, 1, 1, 1, 1, 1, 1, 1, 1, 1, 1, 1, 1, 1, 1, 1, 1, 1, 1, 1, 1, 1, 1, 1, 1, 1, 1, 1, 1, 1, 1, 1, 1, 1, 1, 1, 1, 1, 1, 1]]

means=tensor([4.5485e-04, 5.0858e-04, 6.4927e-04, 3.8170e-04, 6.8324e-04, 1.4876e-04,
        5.0572e-04, 2.8560e-04, 4.9413e-04, 4.0492e-04, 4.0784e-04, 5.7411e-04,
        2.0991e-04, 6.1837e-05, 1.8656e-04, 6.7711e-07, 1.1522e-05, 1.5731e-04,
        4.7675e-04, 2.4733e-04, 1.9778e-04, 8.8457e-05, 1.1608e-04, 2.4704e-05,
        7.1122e-05, 1.8227e-04, 1.3578e-06, 2.1005e-04, 7.1425e-05, 1.8043e-04,
        1.7235e-04, 3.6443e-04, 6.4272e-05, 1.1631e-04, 2.0793e-04, 2.3067e-05,
        9.0804e-06, 1.0746e-04, 1.2372e-04, 1.6163e-04, 1.3346e-05, 1.4528e-04,
        3.4093e-04, 9.4186e-05, 1.6183e-06, 8.7030e-05, 7.5730e-06, 9.0113e-05,
        1.6380e-04, 2.2844e-04, 7.8399e-05, 3.2770e-05, 7.9541e-05, 1.1518e-04,
        8.1621e-04, 3.1015e-05, 1.4648e-04, 2.3242e-05, 6.5949e-05, 4.2372e-05,
        4.9866e-05, 1.4357e-04, 8.2992e-06, 2.0602e-04, 3.0098e-04, 1.3496e-04,
        9.5923e-05, 2.3761e-04, 4.8426e-06, 7.8732e-05, 7.4603e-05, 4.3003e-05,
        1.3457e-04, 7.0977e-05, 4.8468e-05, 8.4380e-05, 2.7305e-05, 2.0060e-04,
        7.8869e-05, 1.4816e-04, 1.6274e-04, 5.5645e-05, 1.9861e-04, 5.3896e-05,
        7.1820e-05, 7.5095e-06, 1.2702e-04, 5.0510e-05, 1.4922e-05, 7.5239e-05,
        3.5008e-05, 1.1840e-04, 2.0204e-04, 3.0827e-05, 2.0308e-05, 5.9066e-05,
        2.2445e-05, 3.8588e-05, 7.2636e-05, 1.2173e-04, 1.1955e-04, 1.3720e-04,
        1.4146e-04, 2.4596e-04, 1.7648e-04, 3.3313e-05, 3.2015e-04, 2.0619e-04,
        6.0702e-05, 1.9259e-04, 1.9515e-04, 1.2143e-04, 1.2940e-04],
       grad_fn=<CatBackward>)

mean_overall=tensor(0.0002, grad_fn=<MeanBackward0>)

-----------------------------------------------ITERATION220-----------------------------------------------

final_causality=[[1, 1, 1, 1, 1, 1, 1, 1, 1, 1, 1, 1, 1], [1, 1, 1, 1, 1, 1, 1, 1, 1, 1, 1, 1, 1, 1, 1, 1, 1, 1, 1, 1, 1, 1, 1, 1, 1, 1, 1, 1, 1, 1, 1, 1, 1, 1, 1, 1, 1, 1, 1, 1, 1, 1, 1, 1, 1, 1, 1, 1, 1, 1], [1, 1, 1, 1, 1, 1, 1, 1, 1, 1, 1, 1, 1, 1, 1, 1, 1, 1, 1, 1, 1, 1, 1, 1, 1, 1, 1, 1, 1, 1, 1, 1, 1, 1, 1, 1, 1, 1, 1, 1, 1, 1, 1, 1, 1, 1, 1, 1, 1, 1]]

means=tensor([4.8472e-04, 5.5894e-04, 7.0261e-04, 4.2193e-04, 7.3098e-04, 1.6153e-04,
        5.5149e-04, 3.0233e-04, 5.4868e-04, 4.5509e-04, 4.4012e-04, 5.9033e-04,
        2.4876e-04, 6.7909e-05, 2.0230e-04, 5.6342e-07, 1.0854e-05, 1.6746e-04,
        4.9951e-04, 2.6330e-04, 2.0596e-04, 8.4449e-05, 1.2382e-04, 2.9321e-05,
        7.6229e-05, 1.8910e-04, 1.3871e-06, 2.1884e-04, 7.7539e-05, 1.8333e-04,
        1.8205e-04, 3.8020e-04, 6.7814e-05, 1.1933e-04, 2.1505e-04, 2.2593e-05,
        8.9681e-06, 1.0205e-04, 1.2902e-04, 1.7227e-04, 1.3675e-05, 1.5316e-04,
        3.7491e-04, 1.0229e-04, 2.2422e-07, 8.2324e-05, 7.7506e-06, 9.2131e-05,
        1.6977e-04, 2.4039e-04, 8.0270e-05, 3.2747e-05, 7.6533e-05, 1.2691e-04,
        8.5641e-04, 3.2666e-05, 1.5444e-04, 2.4744e-05, 6.7082e-05, 3.8535e-05,
        5.0808e-05, 1.5068e-04, 8.0495e-06, 2.2044e-04, 3.1626e-04, 1.4699e-04,
        1.0269e-04, 2.4416e-04, 5.0362e-06, 7.7732e-05, 7.6564e-05, 4.4958e-05,
        1.3753e-04, 7.4257e-05, 5.2946e-05, 8.8412e-05, 2.8063e-05, 2.1209e-04,
        7.7842e-05, 1.5806e-04, 1.6276e-04, 5.6932e-05, 2.1007e-04, 5.6118e-05,
        7.5702e-05, 7.6158e-06, 1.2811e-04, 5.1489e-05, 1.5985e-05, 8.1821e-05,
        3.5882e-05, 1.1999e-04, 2.1458e-04, 3.2071e-05, 2.2010e-05, 6.1985e-05,
        2.2087e-05, 4.1456e-05, 7.7468e-05, 1.2714e-04, 1.2403e-04, 1.4549e-04,
        1.4863e-04, 2.5709e-04, 1.8242e-04, 3.2912e-05, 3.3522e-04, 2.1288e-04,
        6.1143e-05, 1.9732e-04, 2.0373e-04, 1.2777e-04, 1.3736e-04],
       grad_fn=<CatBackward>)

mean_overall=tensor(0.0002, grad_fn=<MeanBackward0>)

-----------------------------------------------ITERATION230-----------------------------------------------

final_causality=[[1, 1, 1, 1, 1, 1, 1, 1, 1, 1, 1, 1, 1], [1, 1, 1, 1, 1, 1, 1, 1, 1, 1, 1, 1, 1, 1, 1, 1, 1, 1, 1, 1, 1, 1, 1, 1, 1, 1, 1, 1, 1, 1, 1, 1, 1, 1, 1, 1, 1, 1, 1, 1, 1, 1, 1, 1, 1, 1, 1, 1, 1, 1], [1, 1, 1, 1, 1, 1, 1, 1, 1, 1, 1, 1, 1, 1, 1, 1, 1, 1, 1, 1, 1, 1, 1, 1, 1, 1, 1, 1, 1, 1, 1, 1, 1, 1, 1, 1, 1, 1, 1, 1, 1, 1, 1, 1, 1, 1, 1, 1, 1, 1]]

means=tensor([5.1578e-04, 6.1135e-04, 7.5827e-04, 4.6408e-04, 7.8092e-04, 1.7502e-04,
        5.9926e-04, 3.1981e-04, 6.0518e-04, 5.0700e-04, 4.7396e-04, 6.0741e-04,
        2.8930e-04, 7.4589e-05, 2.1933e-04, 4.8774e-07, 1.0230e-05, 1.7922e-04,
        5.2331e-04, 2.8037e-04, 2.1437e-04, 8.0529e-05, 1.3208e-04, 3.4265e-05,
        8.1777e-05, 1.9610e-04, 1.4448e-06, 2.2809e-04, 8.4198e-05, 1.8632e-04,
        1.9348e-04, 3.9665e-04, 7.1662e-05, 1.2243e-04, 2.2250e-04, 2.2735e-05,
        8.8579e-06, 9.6656e-05, 1.3462e-04, 1.8374e-04, 1.4028e-05, 1.6151e-04,
        4.1174e-04, 1.1117e-04, 4.5535e-09, 7.7635e-05, 7.9745e-06, 9.4344e-05,
        1.7614e-04, 2.5304e-04, 8.2738e-05, 3.2973e-05, 7.5998e-05, 1.3977e-04,
        8.9855e-04, 3.4427e-05, 1.6300e-04, 2.6323e-05, 6.8245e-05, 3.4827e-05,
        5.1793e-05, 1.5795e-04, 7.7760e-06, 2.3620e-04, 3.3204e-04, 1.5919e-04,
        1.0975e-04, 2.5109e-04, 5.2425e-06, 7.6626e-05, 7.8807e-05, 4.6972e-05,
        1.4090e-04, 7.7655e-05, 5.7638e-05, 9.3873e-05, 2.9007e-05, 2.2403e-04,
        7.6777e-05, 1.6822e-04, 1.6256e-04, 5.8303e-05, 2.2178e-04, 5.8403e-05,
        7.9829e-05, 7.7381e-06, 1.3048e-04, 5.2574e-05, 1.7083e-05, 8.8709e-05,
        3.6789e-05, 1.2164e-04, 2.2757e-04, 3.3397e-05, 2.3865e-05, 6.5012e-05,
        2.1716e-05, 4.4335e-05, 8.2535e-05, 1.3270e-04, 1.2884e-04, 1.5407e-04,
        1.5615e-04, 2.6871e-04, 1.8869e-04, 3.2508e-05, 3.5054e-04, 2.2002e-04,
        6.1444e-05, 2.0231e-04, 2.1254e-04, 1.3440e-04, 1.4549e-04],
       grad_fn=<CatBackward>)

mean_overall=tensor(0.0002, grad_fn=<MeanBackward0>)

-----------------------------------------------ITERATION240-----------------------------------------------

final_causality=[[1, 1, 1, 1, 1, 1, 1, 1, 1, 1, 1, 1, 1], [1, 1, 1, 1, 1, 1, 1, 1, 1, 1, 1, 1, 1, 1, 1, 1, 1, 1, 1, 1, 1, 1, 1, 1, 1, 1, 1, 1, 1, 1, 1, 1, 1, 1, 1, 1, 1, 1, 1, 1, 1, 1, 1, 1, 1, 1, 1, 1, 1, 1], [1, 1, 1, 1, 1, 1, 1, 1, 1, 1, 1, 1, 1, 1, 1, 1, 1, 1, 1, 1, 1, 1, 1, 1, 1, 1, 1, 1, 1, 1, 1, 1, 1, 1, 1, 1, 1, 1, 1, 1, 1, 1, 1, 1, 1, 1, 1, 1, 1, 1]]

means=tensor([5.4810e-04, 6.6594e-04, 8.1636e-04, 5.0825e-04, 8.3314e-04, 1.8928e-04,
        6.4914e-04, 3.3808e-04, 6.6370e-04, 5.6073e-04, 5.0944e-04, 6.2538e-04,
        3.3166e-04, 8.1928e-05, 2.3775e-04, 4.5058e-07, 9.6520e-06, 1.9271e-04,
        5.4816e-04, 2.9859e-04, 2.2301e-04, 7.6705e-05, 1.4088e-04, 3.9579e-05,
        8.7795e-05, 2.0327e-04, 1.5321e-06, 2.3786e-04, 9.1468e-05, 1.8939e-04,
        2.0556e-04, 4.1381e-04, 7.5838e-05, 1.2561e-04, 2.3029e-04, 2.2890e-05,
        8.7500e-06, 9.1936e-05, 1.4233e-04, 1.9608e-04, 1.4406e-05, 1.7036e-04,
        4.5153e-04, 1.2086e-04, 2.0254e-06, 7.2968e-05, 8.2457e-06, 9.6758e-05,
        1.8294e-04, 2.6639e-04, 8.6495e-05, 3.3393e-05, 7.6755e-05, 1.5385e-04,
        9.4265e-04, 3.6305e-05, 1.7219e-04, 2.7986e-05, 6.9443e-05, 3.1250e-05,
        5.2825e-05, 1.6538e-04, 7.4755e-06, 2.5228e-04, 3.4833e-04, 1.7157e-04,
        1.1717e-04, 2.5840e-04, 5.4623e-06, 7.5407e-05, 8.1700e-05, 4.9048e-05,
        1.4473e-04, 8.1176e-05, 6.2559e-05, 1.0244e-04, 3.0006e-05, 2.3643e-04,
        7.5672e-05, 1.7865e-04, 1.6214e-04, 6.0058e-05, 2.3375e-04, 6.0754e-05,
        8.4023e-05, 7.9378e-06, 1.3302e-04, 5.3769e-05, 1.8218e-05, 9.5916e-05,
        3.8773e-05, 1.2425e-04, 2.4105e-04, 3.4811e-05, 2.5881e-05, 6.8153e-05,
        2.1332e-05, 4.7229e-05, 8.7849e-05, 1.3841e-04, 1.3394e-04, 1.6295e-04,
        1.6404e-04, 2.8077e-04, 1.9531e-04, 3.2101e-05, 3.6629e-04, 2.2762e-04,
        6.1597e-05, 2.0759e-04, 2.2160e-04, 1.4133e-04, 1.5380e-04],
       grad_fn=<CatBackward>)

mean_overall=tensor(0.0002, grad_fn=<MeanBackward0>)

-----------------------------------------------ITERATION250-----------------------------------------------

final_causality=[[1, 1, 1, 1, 1, 1, 1, 1, 1, 1, 1, 1, 1], [1, 1, 1, 1, 1, 1, 1, 1, 1, 1, 1, 1, 1, 1, 1, 1, 1, 1, 1, 1, 1, 1, 1, 1, 1, 1, 1, 1, 1, 1, 1, 1, 1, 1, 1, 1, 1, 1, 1, 1, 1, 1, 1, 1, 1, 1, 1, 1, 1, 1], [1, 1, 1, 1, 1, 1, 1, 1, 1, 1, 1, 1, 1, 1, 1, 1, 1, 1, 1, 1, 1, 1, 1, 1, 1, 1, 1, 1, 1, 1, 1, 1, 1, 1, 1, 1, 1, 1, 1, 1, 1, 1, 1, 1, 1, 1, 1, 1, 1, 1]]

means=tensor([5.8176e-04, 7.2281e-04, 8.7700e-04, 5.5457e-04, 8.8773e-04, 2.0439e-04,
        7.0119e-04, 3.5717e-04, 7.2429e-04, 6.1634e-04, 5.4662e-04, 6.4429e-04,
        3.7595e-04, 8.9982e-05, 2.5764e-04, 4.5079e-07, 9.1203e-06, 2.0720e-04,
        5.7409e-04, 3.1799e-04, 2.3190e-04, 7.2986e-05, 1.5027e-04, 4.5304e-05,
        9.4312e-05, 2.1063e-04, 1.6490e-06, 2.5083e-04, 9.9478e-05, 1.9255e-04,
        2.1803e-04, 4.3167e-04, 8.0357e-05, 1.2887e-04, 2.3844e-04, 2.3066e-05,
        8.6460e-06, 9.6819e-05, 1.5286e-04, 2.0934e-04, 1.4812e-05, 1.7972e-04,
        4.9439e-04, 1.3145e-04, 4.0870e-06, 6.8333e-05, 8.5635e-06, 9.9376e-05,
        1.9018e-04, 2.8049e-04, 9.1283e-05, 3.3891e-05, 7.9230e-05, 1.6922e-04,
        9.8871e-04, 3.8309e-05, 1.8206e-04, 2.9738e-05, 7.0681e-05, 2.7805e-05,
        5.3907e-05, 1.7359e-04, 7.1463e-06, 2.6877e-04, 3.6496e-04, 1.8415e-04,
        1.2726e-04, 2.6612e-04, 5.6962e-06, 7.4064e-05, 8.5899e-05, 5.1189e-05,
        1.4903e-04, 8.5018e-05, 6.7725e-05, 1.1173e-04, 3.1064e-05, 2.4931e-04,
        7.4521e-05, 1.8936e-04, 1.6147e-04, 6.2452e-05, 2.4600e-04, 6.3177e-05,
        8.8283e-05, 8.1822e-06, 1.3573e-04, 5.5078e-05, 1.9395e-05, 1.0345e-04,
        4.1499e-05, 1.3217e-04, 2.5501e-04, 3.6315e-05, 2.8066e-05, 7.1412e-05,
        2.0935e-05, 5.0137e-05, 9.3419e-05, 1.4428e-04, 1.3936e-04, 1.7214e-04,
        1.7231e-04, 2.9327e-04, 2.0228e-04, 3.1692e-05, 3.8248e-04, 2.3597e-04,
        6.1594e-05, 2.1479e-04, 2.3163e-04, 1.4857e-04, 1.6228e-04],
       grad_fn=<CatBackward>)

mean_overall=tensor(0.0002, grad_fn=<MeanBackward0>)

-----------------------------------------------ITERATION260-----------------------------------------------

final_causality=[[1, 1, 1, 1, 1, 1, 1, 1, 1, 1, 1, 1, 1], [1, 1, 1, 1, 1, 1, 1, 1, 1, 1, 1, 1, 1, 1, 1, 1, 1, 1, 1, 1, 1, 1, 1, 1, 1, 1, 1, 1, 1, 1, 1, 1, 1, 1, 1, 1, 1, 1, 1, 1, 1, 1, 1, 1, 1, 1, 1, 1, 1, 1], [1, 1, 1, 1, 1, 1, 1, 1, 1, 1, 1, 1, 1, 1, 1, 1, 1, 1, 1, 1, 1, 1, 1, 1, 1, 1, 1, 1, 1, 1, 1, 1, 1, 1, 1, 1, 1, 1, 1, 1, 1, 1, 1, 1, 1, 1, 1, 1, 1, 1]]

means=tensor([6.1680e-04, 7.8208e-04, 9.4026e-04, 6.0313e-04, 9.4478e-04, 2.2039e-04,
        7.5549e-04, 3.7713e-04, 7.8699e-04, 6.7386e-04, 5.8556e-04, 6.6418e-04,
        4.2227e-04, 9.8809e-05, 2.7906e-04, 4.8740e-07, 8.6350e-06, 2.2274e-04,
        6.0111e-04, 3.3863e-04, 2.4104e-04, 6.9379e-05, 1.6028e-04, 5.1602e-05,
        1.0135e-04, 2.1816e-04, 1.7954e-06, 2.6444e-04, 1.0818e-04, 1.9632e-04,
        2.3089e-04, 4.5025e-04, 8.5239e-05, 1.3222e-04, 2.4695e-04, 2.3266e-05,
        8.5470e-06, 1.0234e-04, 1.6393e-04, 2.2377e-04, 1.5250e-05, 1.8962e-04,
        5.4041e-04, 1.4298e-04, 6.1988e-06, 6.7384e-05, 8.9271e-06, 1.0220e-04,
        1.9787e-04, 2.9535e-04, 9.6306e-05, 3.4469e-05, 8.1721e-05, 1.8596e-04,
        1.0367e-03, 4.0445e-05, 1.9262e-04, 3.1586e-05, 7.1964e-05, 2.4489e-05,
        5.5042e-05, 1.8242e-04, 6.7863e-06, 2.8565e-04, 3.8195e-04, 1.9711e-04,
        1.3958e-04, 2.7426e-04, 5.9447e-06, 7.2589e-05, 9.0338e-05, 5.3396e-05,
        1.5385e-04, 9.0030e-05, 7.3151e-05, 1.2129e-04, 3.2184e-05, 2.6267e-04,
        7.4742e-05, 2.0037e-04, 1.6068e-04, 6.5114e-05, 2.5852e-04, 6.5677e-05,
        9.2608e-05, 8.4572e-06, 1.3864e-04, 5.6505e-05, 2.0615e-05, 1.1133e-04,
        4.4313e-05, 1.4183e-04, 2.6948e-04, 3.7914e-05, 3.0428e-05, 7.5064e-05,
        2.0522e-05, 5.3062e-05, 9.9256e-05, 1.5031e-04, 1.4511e-04, 1.8163e-04,
        1.8097e-04, 3.0624e-04, 2.0964e-04, 3.1280e-05, 3.9892e-04, 2.4491e-04,
        6.1427e-05, 2.2315e-04, 2.4242e-04, 1.5613e-04, 1.7095e-04],
       grad_fn=<CatBackward>)

mean_overall=tensor(0.0002, grad_fn=<MeanBackward0>)

-----------------------------------------------ITERATION270-----------------------------------------------

final_causality=[[1, 1, 1, 1, 1, 1, 1, 1, 1, 1, 1, 1, 1], [1, 1, 1, 1, 1, 1, 1, 1, 1, 1, 1, 1, 1, 1, 1, 1, 1, 1, 1, 1, 1, 1, 1, 1, 1, 1, 1, 1, 1, 1, 1, 1, 1, 1, 1, 1, 1, 1, 1, 1, 1, 1, 1, 1, 1, 1, 1, 1, 1, 1], [1, 1, 1, 1, 1, 1, 1, 1, 1, 1, 1, 1, 1, 1, 1, 1, 1, 1, 1, 1, 1, 1, 1, 1, 1, 1, 1, 1, 1, 1, 1, 1, 1, 1, 1, 1, 1, 1, 1, 1, 1, 1, 1, 1, 1, 1, 1, 1, 1, 1]]

means=tensor([6.5328e-04, 8.4383e-04, 1.0062e-03, 6.5404e-04, 1.0043e-03, 2.3735e-04,
        8.1212e-04, 3.9799e-04, 8.5181e-04, 7.3335e-04, 6.2632e-04, 6.8507e-04,
        4.7073e-04, 1.0847e-04, 3.0208e-04, 5.6010e-07, 8.1969e-06, 2.3936e-04,
        6.2922e-04, 3.6053e-04, 2.5043e-04, 6.5890e-05, 1.7094e-04, 5.8480e-05,
        1.0895e-04, 2.2589e-04, 1.9716e-06, 2.7871e-04, 1.1761e-04, 2.0280e-04,
        2.4415e-04, 4.6955e-04, 9.0499e-05, 1.3566e-04, 2.5585e-04, 2.3495e-05,
        8.4537e-06, 1.0790e-04, 1.7555e-04, 2.3936e-04, 1.5721e-05, 2.0008e-04,
        5.8967e-04, 1.5552e-04, 8.3730e-06, 6.7131e-05, 9.3357e-06, 1.0522e-04,
        2.0603e-04, 3.1098e-04, 1.0158e-04, 3.5131e-05, 8.4232e-05, 2.0414e-04,
        1.0867e-03, 4.2722e-05, 2.0390e-04, 3.3536e-05, 7.3295e-05, 2.1303e-05,
        5.6232e-05, 1.9145e-04, 6.3925e-06, 3.0285e-04, 3.9930e-04, 2.1030e-04,
        1.5239e-04, 2.8285e-04, 6.2084e-06, 7.0976e-05, 9.5024e-05, 5.6520e-05,
        1.5921e-04, 9.5207e-05, 7.9319e-05, 1.3127e-04, 3.3370e-05, 2.7653e-04,
        7.6598e-05, 2.1167e-04, 1.5988e-04, 6.7951e-05, 2.7132e-04, 6.8259e-05,
        9.6995e-05, 8.7645e-06, 1.4176e-04, 5.8053e-05, 2.2031e-05, 1.1955e-04,
        4.7218e-05, 1.5179e-04, 2.8447e-04, 3.9612e-05, 3.2971e-05, 7.9279e-05,
        2.0093e-05, 5.6005e-05, 1.0539e-04, 1.5650e-04, 1.5118e-04, 1.9144e-04,
        1.9004e-04, 3.1966e-04, 2.1737e-04, 3.1585e-05, 4.1560e-04, 2.5441e-04,
        6.1090e-05, 2.3199e-04, 2.5352e-04, 1.6402e-04, 1.7980e-04],
       grad_fn=<CatBackward>)

mean_overall=tensor(0.0002, grad_fn=<MeanBackward0>)

-----------------------------------------------ITERATION280-----------------------------------------------

final_causality=[[1, 1, 1, 1, 1, 1, 1, 1, 1, 1, 1, 1, 1], [1, 1, 1, 1, 1, 1, 1, 1, 1, 1, 1, 1, 1, 1, 1, 1, 1, 1, 1, 1, 1, 1, 1, 1, 1, 1, 1, 1, 1, 1, 1, 1, 1, 1, 1, 1, 1, 1, 1, 1, 1, 1, 1, 1, 1, 1, 1, 1, 1, 1], [1, 1, 1, 1, 1, 1, 1, 1, 1, 1, 1, 1, 1, 1, 1, 1, 1, 1, 1, 1, 1, 1, 1, 1, 1, 1, 1, 1, 1, 1, 1, 1, 1, 1, 1, 1, 1, 1, 1, 1, 1, 1, 1, 1, 1, 1, 1, 1, 1, 1]]

means=tensor([6.9124e-04, 9.0816e-04, 1.0750e-03, 7.0738e-04, 1.0665e-03, 2.5532e-04,
        8.7111e-04, 4.1976e-04, 9.1875e-04, 7.9481e-04, 6.6894e-04, 7.0701e-04,
        5.2142e-04, 1.1901e-04, 3.2678e-04, 6.6845e-07, 7.8063e-06, 2.5709e-04,
        6.5842e-04, 3.8374e-04, 2.6008e-04, 6.2524e-05, 1.8228e-04, 6.5980e-05,
        1.1712e-04, 2.3381e-04, 2.1777e-06, 2.9363e-04, 1.2781e-04, 2.0940e-04,
        2.5782e-04, 4.8957e-04, 9.6156e-05, 1.3918e-04, 2.6513e-04, 2.3829e-05,
        8.3664e-06, 1.1349e-04, 1.8776e-04, 2.5604e-04, 1.6228e-05, 2.1111e-04,
        6.4221e-04, 1.6912e-04, 1.0622e-05, 6.9213e-05, 9.7885e-06, 1.0846e-04,
        2.1467e-04, 3.2742e-04, 1.0713e-04, 3.5879e-05, 8.6765e-05, 2.2382e-04,
        1.1386e-03, 4.5146e-05, 2.1595e-04, 3.5594e-05, 7.4679e-05, 1.8246e-05,
        5.7917e-05, 2.0070e-04, 5.9617e-06, 3.2034e-04, 4.1700e-04, 2.2368e-04,
        1.6568e-04, 2.9187e-04, 6.4880e-06, 6.9216e-05, 9.9964e-05, 6.0162e-05,
        1.6526e-04, 1.0055e-04, 8.5958e-05, 1.4155e-04, 3.4624e-05, 2.9089e-04,
        7.8539e-05, 2.2326e-04, 1.5889e-04, 7.1204e-05, 2.8440e-04, 7.0927e-05,
        1.0144e-04, 9.1059e-06, 1.4510e-04, 5.9725e-05, 2.3529e-05, 1.2812e-04,
        5.0218e-05, 1.6416e-04, 2.9997e-04, 4.1412e-05, 3.5700e-05, 8.3643e-05,
        1.9647e-05, 5.8968e-05, 1.1268e-04, 1.6286e-04, 1.5760e-04, 2.0156e-04,
        1.9951e-04, 3.3355e-04, 2.2549e-04, 3.3794e-05, 4.3251e-04, 2.6450e-04,
        6.0578e-05, 2.4133e-04, 2.6494e-04, 1.7223e-04, 1.8884e-04],
       grad_fn=<CatBackward>)

mean_overall=tensor(0.0002, grad_fn=<MeanBackward0>)

-----------------------------------------------ITERATION290-----------------------------------------------

final_causality=[[1, 1, 1, 1, 1, 1, 1, 1, 1, 1, 1, 1, 1], [1, 1, 1, 1, 1, 1, 1, 1, 1, 1, 1, 1, 1, 1, 1, 1, 1, 1, 1, 1, 1, 1, 1, 1, 1, 1, 1, 1, 1, 1, 1, 1, 1, 1, 1, 1, 1, 1, 1, 1, 1, 1, 1, 1, 1, 1, 1, 1, 1, 1], [1, 1, 1, 1, 1, 1, 1, 1, 1, 1, 1, 1, 1, 1, 1, 1, 1, 1, 1, 1, 1, 1, 1, 1, 1, 1, 1, 1, 1, 1, 1, 1, 1, 1, 1, 1, 1, 1, 1, 1, 1, 1, 1, 1, 1, 1, 1, 1, 1, 1]]

means=tensor([7.3071e-04, 9.7514e-04, 1.1466e-03, 7.6319e-04, 1.1312e-03, 2.7435e-04,
        9.3251e-04, 4.4248e-04, 9.8780e-04, 8.5825e-04, 7.1347e-04, 7.3000e-04,
        5.7441e-04, 1.3049e-04, 3.5321e-04, 4.6921e-07, 7.4628e-06, 2.7596e-04,
        6.8871e-04, 4.0826e-04, 2.6999e-04, 5.9286e-05, 1.9433e-04, 7.4166e-05,
        1.2589e-04, 2.4193e-04, 2.4136e-06, 3.0920e-04, 1.3883e-04, 2.1611e-04,
        2.7190e-04, 5.1030e-04, 1.0222e-04, 1.4321e-04, 2.7480e-04, 2.4423e-05,
        8.2857e-06, 1.1913e-04, 2.0059e-04, 2.7385e-04, 1.6775e-05, 2.2275e-04,
        6.9806e-04, 1.8385e-04, 1.2960e-05, 7.1275e-05, 1.0284e-05, 1.1189e-04,
        2.2379e-04, 3.4465e-04, 1.1296e-04, 3.6716e-05, 8.9323e-05, 2.4506e-04,
        1.1923e-03, 4.7723e-05, 2.2877e-04, 3.7765e-05, 7.6118e-05, 1.5317e-05,
        6.0064e-05, 2.1016e-04, 5.4908e-06, 3.3811e-04, 4.3505e-04, 2.3727e-04,
        1.7946e-04, 3.0155e-04, 6.7840e-06, 6.7303e-05, 1.0516e-04, 6.3912e-05,
        1.7269e-04, 1.0607e-04, 9.2967e-05, 1.5213e-04, 3.6589e-05, 3.0575e-04,
        8.0567e-05, 2.3515e-04, 1.5770e-04, 7.6570e-05, 2.9776e-04, 7.3685e-05,
        1.0595e-04, 9.4834e-06, 1.4868e-04, 6.1524e-05, 2.5084e-05, 1.3705e-04,
        5.3316e-05, 1.7716e-04, 3.1598e-04, 4.3481e-05, 3.8618e-05, 8.8156e-05,
        1.9183e-05, 6.1951e-05, 1.2132e-04, 1.6982e-04, 1.6437e-04, 2.1199e-04,
        2.0941e-04, 3.4790e-04, 2.3401e-04, 3.6262e-05, 4.4965e-04, 2.7518e-04,
        5.9887e-05, 2.5118e-04, 2.7666e-04, 1.8078e-04, 1.9807e-04],
       grad_fn=<CatBackward>)

mean_overall=tensor(0.0002, grad_fn=<MeanBackward0>)

-----------------------------------------------ITERATION300-----------------------------------------------

final_causality=[[1, 1, 1, 1, 1, 1, 1, 1, 1, 1, 1, 1, 1], [1, 1, 1, 1, 1, 1, 1, 1, 1, 1, 1, 1, 1, 1, 1, 1, 1, 1, 1, 1, 1, 1, 1, 1, 1, 1, 1, 1, 1, 1, 1, 1, 1, 1, 1, 1, 1, 1, 1, 1, 1, 1, 1, 1, 1, 1, 1, 1, 1, 1], [1, 1, 1, 1, 1, 1, 1, 1, 1, 1, 1, 1, 1, 1, 1, 1, 1, 1, 1, 1, 1, 1, 1, 1, 1, 1, 1, 1, 1, 1, 1, 1, 1, 1, 1, 1, 1, 1, 1, 1, 1, 1, 1, 1, 1, 1, 1, 1, 1, 1]]

means=tensor([7.7172e-04, 1.0448e-03, 1.2210e-03, 8.2154e-04, 1.1985e-03, 2.9450e-04,
        9.9635e-04, 4.6614e-04, 1.0589e-03, 9.2365e-04, 7.5994e-04, 7.5406e-04,
        6.2979e-04, 1.4297e-04, 3.8142e-04, 2.3598e-08, 7.1663e-06, 2.9598e-04,
        7.2008e-04, 4.3412e-04, 2.8016e-04, 5.6177e-05, 2.0711e-04, 8.3104e-05,
        1.3528e-04, 2.5024e-04, 2.6791e-06, 3.2569e-04, 1.5068e-04, 2.2292e-04,
        2.8639e-04, 5.3173e-04, 1.0871e-04, 1.4802e-04, 2.8486e-04, 2.5049e-05,
        8.2116e-06, 1.2482e-04, 2.1404e-04, 2.9282e-04, 1.7363e-05, 2.3499e-04,
        7.5722e-04, 1.9976e-04, 1.5448e-05, 7.3314e-05, 1.0820e-05, 1.1552e-04,
        2.3341e-04, 3.6270e-04, 1.1910e-04, 3.7643e-05, 9.1906e-05, 2.6791e-04,
        1.2501e-03, 5.0459e-05, 2.4238e-04, 4.0056e-05, 7.7616e-05, 1.2514e-05,
        6.3447e-05, 2.1985e-04, 4.9763e-06, 3.5616e-04, 4.5342e-04, 2.5105e-04,
        1.9371e-04, 3.1207e-04, 7.0967e-06, 6.5233e-05, 1.1061e-04, 6.7771e-05,
        1.8161e-04, 1.1176e-04, 1.0054e-04, 1.6298e-04, 3.8696e-05, 3.2111e-04,
        8.3559e-05, 2.4733e-04, 1.5632e-04, 8.2251e-05, 3.1139e-04, 7.6537e-05,
        1.1050e-04, 9.8984e-06, 1.5250e-04, 6.3450e-05, 2.6699e-05, 1.4633e-04,
        5.6513e-05, 1.9051e-04, 3.3251e-04, 4.5741e-05, 4.1727e-05, 9.2817e-05,
        1.8701e-05, 6.4956e-05, 1.3042e-04, 1.7881e-04, 1.7148e-04, 2.2273e-04,
        2.1971e-04, 3.6270e-04, 2.4292e-04, 3.9083e-05, 4.6698e-04, 2.8647e-04,
        5.9014e-05, 2.6156e-04, 2.8871e-04, 1.9024e-04, 2.0748e-04],
       grad_fn=<CatBackward>)

mean_overall=tensor(0.0003, grad_fn=<MeanBackward0>)

-----------------------------------------------ITERATION310-----------------------------------------------

final_causality=[[1, 1, 1, 1, 1, 1, 1, 1, 1, 1, 1, 1, 1], [1, 1, 1, 1, 1, 1, 1, 1, 1, 1, 1, 1, 1, 1, 1, 1, 1, 1, 1, 1, 1, 1, 1, 1, 1, 1, 1, 1, 1, 1, 1, 1, 1, 1, 1, 1, 1, 1, 1, 1, 1, 1, 1, 1, 1, 1, 1, 1, 1, 1], [1, 1, 1, 1, 1, 1, 1, 1, 1, 1, 1, 1, 1, 1, 1, 1, 1, 1, 1, 1, 1, 1, 1, 1, 1, 1, 1, 1, 1, 1, 1, 1, 1, 1, 1, 1, 1, 1, 1, 1, 1, 1, 1, 1, 1, 1, 1, 1, 1, 1]]

means=tensor([8.1427e-04, 1.1172e-03, 1.2982e-03, 8.8245e-04, 1.2684e-03, 3.1582e-04,
        1.0626e-03, 4.9073e-04, 1.1319e-03, 9.9095e-04, 8.0837e-04, 7.7920e-04,
        6.8760e-04, 1.5649e-04, 4.1144e-04, 2.6625e-07, 6.9161e-06, 3.1717e-04,
        7.5250e-04, 4.6131e-04, 2.9060e-04, 5.3200e-05, 2.2064e-04, 9.2861e-05,
        1.4531e-04, 2.5873e-04, 2.9739e-06, 3.4287e-04, 1.6341e-04, 2.2984e-04,
        3.0129e-04, 5.5383e-04, 1.1563e-04, 1.5293e-04, 2.9531e-04, 2.5712e-05,
        8.1445e-06, 1.3055e-04, 2.2814e-04, 3.1297e-04, 1.7995e-05, 2.4784e-04,
        8.1966e-04, 2.1688e-04, 1.8090e-05, 7.5332e-05, 1.1395e-05, 1.1935e-04,
        2.4352e-04, 3.8154e-04, 1.2556e-04, 3.8661e-05, 9.4515e-05, 2.9241e-04,
        1.3104e-03, 5.3357e-05, 2.5682e-04, 4.2469e-05, 7.9174e-05, 9.8368e-06,
        6.6916e-05, 2.2976e-04, 4.4148e-06, 3.7447e-04, 4.7212e-04, 2.6503e-04,
        2.0842e-04, 3.2329e-04, 7.4267e-06, 6.3001e-05, 1.1632e-04, 7.1739e-05,
        1.9161e-04, 1.1762e-04, 1.0848e-04, 1.7435e-04, 4.0980e-05, 3.3696e-04,
        8.7061e-05, 2.5979e-04, 1.5474e-04, 8.8248e-05, 3.2528e-04, 7.9484e-05,
        1.1511e-04, 1.0353e-05, 1.5658e-04, 6.5505e-05, 2.8377e-05, 1.5596e-04,
        5.9811e-05, 2.0421e-04, 3.4954e-04, 4.8127e-05, 4.5026e-05, 9.7623e-05,
        1.8199e-05, 6.7983e-05, 1.3989e-04, 1.8796e-04, 1.7894e-04, 2.3376e-04,
        2.3118e-04, 3.7794e-04, 2.5223e-04, 4.1952e-05, 4.8450e-04, 2.9838e-04,
        5.7959e-05, 2.7247e-04, 3.0108e-04, 2.0025e-04, 2.1707e-04],
       grad_fn=<CatBackward>)

mean_overall=tensor(0.0003, grad_fn=<MeanBackward0>)

-----------------------------------------------ITERATION320-----------------------------------------------

final_causality=[[1, 1, 1, 1, 1, 1, 1, 1, 1, 1, 1, 1, 1], [1, 1, 1, 1, 1, 1, 1, 1, 1, 1, 1, 1, 1, 1, 1, 1, 1, 1, 1, 1, 1, 1, 1, 1, 1, 1, 1, 1, 1, 1, 1, 1, 1, 1, 1, 1, 1, 1, 1, 1, 1, 1, 1, 1, 1, 1, 1, 1, 1, 1], [1, 1, 1, 1, 1, 1, 1, 1, 1, 1, 1, 1, 1, 1, 1, 1, 1, 1, 1, 1, 1, 1, 1, 1, 1, 1, 1, 1, 1, 1, 1, 1, 1, 1, 1, 1, 1, 1, 1, 1, 1, 1, 1, 1, 1, 1, 1, 1, 1, 1]]

means=tensor([8.5834e-04, 1.1924e-03, 1.3783e-03, 9.4590e-04, 1.3409e-03, 3.3835e-04,
        1.1313e-03, 5.1625e-04, 1.2068e-03, 1.0601e-03, 8.5877e-04, 8.0542e-04,
        7.4789e-04, 1.7109e-04, 4.4328e-04, 6.0265e-07, 6.7114e-06, 3.3951e-04,
        7.8593e-04, 4.8983e-04, 3.0129e-04, 5.0357e-05, 2.3493e-04, 1.0350e-04,
        1.5599e-04, 2.6741e-04, 3.2973e-06, 3.6069e-04, 1.7759e-04, 2.3685e-04,
        3.1659e-04, 5.7658e-04, 1.2300e-04, 1.5792e-04, 3.0616e-04, 2.6414e-05,
        8.0843e-06, 1.3633e-04, 2.4290e-04, 3.3432e-04, 1.8673e-05, 2.6131e-04,
        8.8532e-04, 2.3527e-04, 2.0897e-05, 7.7474e-05, 1.2007e-05, 1.2336e-04,
        2.5413e-04, 4.0118e-04, 1.3235e-04, 3.9770e-05, 9.7147e-05, 3.1858e-04,
        1.3724e-03, 5.6421e-05, 2.7208e-04, 4.5011e-05, 8.0793e-05, 7.2832e-06,
        7.0473e-05, 2.3989e-04, 3.8027e-06, 3.9300e-04, 4.9112e-04, 2.7919e-04,
        2.2355e-04, 3.3520e-04, 7.7742e-06, 6.2560e-05, 1.2229e-04, 7.5816e-05,
        2.0240e-04, 1.2365e-04, 1.1678e-04, 1.8612e-04, 4.3383e-05, 3.5330e-04,
        9.0709e-05, 2.7252e-04, 1.5296e-04, 9.4560e-05, 3.3942e-04, 8.2529e-05,
        1.1976e-04, 1.0847e-05, 1.6091e-04, 6.7690e-05, 3.0119e-05, 1.6593e-04,
        6.3211e-05, 2.1824e-04, 3.6706e-04, 5.0641e-05, 4.8513e-05, 1.0257e-04,
        1.7677e-05, 7.1033e-05, 1.4974e-04, 1.9727e-04, 1.8675e-04, 2.4507e-04,
        2.4402e-04, 3.9360e-04, 2.6192e-04, 4.4871e-05, 5.0254e-04, 3.1264e-04,
        5.6896e-05, 2.8392e-04, 3.1375e-04, 2.1062e-04, 2.2683e-04],
       grad_fn=<CatBackward>)

mean_overall=tensor(0.0003, grad_fn=<MeanBackward0>)

-----------------------------------------------ITERATION330-----------------------------------------------

final_causality=[[1, 1, 1, 1, 1, 1, 1, 1, 1, 1, 1, 1, 1], [1, 1, 1, 1, 1, 1, 1, 1, 1, 1, 1, 1, 1, 1, 1, 1, 1, 1, 1, 1, 1, 1, 1, 1, 1, 1, 1, 1, 1, 1, 1, 1, 1, 1, 1, 1, 1, 1, 1, 1, 1, 1, 1, 1, 1, 1, 1, 1, 1, 1], [1, 1, 1, 1, 1, 1, 1, 1, 1, 1, 1, 1, 1, 1, 1, 1, 1, 1, 1, 1, 1, 1, 1, 1, 1, 1, 1, 1, 1, 1, 1, 1, 1, 1, 1, 1, 1, 1, 1, 1, 1, 1, 1, 1, 1, 1, 1, 1, 1, 1]]

means=tensor([9.0392e-04, 1.2703e-03, 1.4611e-03, 1.0119e-03, 1.4157e-03, 3.6212e-04,
        1.2024e-03, 5.4266e-04, 1.2834e-03, 1.1310e-03, 9.1112e-04, 8.3269e-04,
        8.1067e-04, 1.8681e-04, 4.7696e-04, 3.2137e-07, 6.5513e-06, 3.6298e-04,
        8.2033e-04, 5.1964e-04, 3.1224e-04, 4.7797e-05, 2.4998e-04, 1.1510e-04,
        1.6734e-04, 2.7626e-04, 3.6487e-06, 3.7927e-04, 1.9330e-04, 2.4395e-04,
        3.3227e-04, 5.9994e-04, 1.3080e-04, 1.6299e-04, 3.1738e-04, 2.7160e-05,
        8.0308e-06, 1.4216e-04, 2.5831e-04, 3.5687e-04, 1.9400e-05, 2.7539e-04,
        9.5411e-04, 2.5494e-04, 2.3888e-05, 8.1169e-05, 1.2652e-05, 1.2755e-04,
        2.6522e-04, 4.2159e-04, 1.3948e-04, 4.0971e-05, 9.9801e-05, 3.4643e-04,
        1.4361e-03, 5.9652e-05, 2.8817e-04, 4.7683e-05, 8.2519e-05, 4.8526e-06,
        7.4120e-05, 2.5023e-04, 3.1361e-06, 4.1174e-04, 5.1039e-04, 2.9352e-04,
        2.3909e-04, 3.4759e-04, 8.1394e-06, 6.2367e-05, 1.2850e-04, 7.9999e-05,
        2.1397e-04, 1.2985e-04, 1.2545e-04, 1.9815e-04, 4.5904e-05, 3.7010e-04,
        9.4503e-05, 2.8551e-04, 1.5097e-04, 1.0118e-04, 3.5378e-04, 8.5673e-05,
        1.2444e-04, 1.1383e-05, 1.6551e-04, 7.0003e-05, 3.1926e-05, 1.7623e-04,
        6.6712e-05, 2.3257e-04, 3.8505e-04, 5.3284e-05, 5.2184e-05, 1.0765e-04,
        1.7135e-05, 7.4105e-05, 1.5996e-04, 2.0672e-04, 1.9489e-04, 2.5665e-04,
        2.5729e-04, 4.0966e-04, 2.7199e-04, 4.7838e-05, 5.2109e-04, 3.2770e-04,
        5.5847e-05, 2.9588e-04, 3.2674e-04, 2.2131e-04, 2.3675e-04],
       grad_fn=<CatBackward>)

mean_overall=tensor(0.0003, grad_fn=<MeanBackward0>)

-----------------------------------------------ITERATION340-----------------------------------------------

final_causality=[[1, 1, 1, 1, 1, 1, 1, 1, 1, 1, 1, 1, 1], [1, 1, 1, 1, 1, 1, 1, 1, 1, 1, 1, 1, 1, 1, 1, 1, 1, 1, 1, 1, 1, 1, 1, 1, 1, 1, 1, 1, 1, 1, 1, 1, 1, 1, 1, 1, 1, 1, 1, 1, 1, 1, 1, 1, 1, 1, 1, 1, 1, 1], [1, 1, 1, 1, 1, 1, 1, 1, 1, 1, 1, 1, 1, 1, 1, 1, 1, 1, 1, 1, 1, 1, 1, 1, 1, 1, 1, 1, 1, 1, 1, 1, 1, 1, 1, 1, 1, 1, 1, 1, 1, 1, 1, 1, 1, 1, 1, 1, 1, 1]]

means=tensor([9.5097e-04, 1.3509e-03, 1.5466e-03, 1.0803e-03, 1.4929e-03, 3.8716e-04,
        1.2757e-03, 5.6991e-04, 1.3614e-03, 1.2034e-03, 9.6540e-04, 8.6100e-04,
        8.7593e-04, 2.0367e-04, 5.1246e-04, 1.1136e-08, 6.4347e-06, 3.8756e-04,
        8.5564e-04, 5.5070e-04, 3.2343e-04, 4.5687e-05, 2.6578e-04, 1.2770e-04,
        1.7934e-04, 2.8527e-04, 4.0274e-06, 3.9997e-04, 2.1007e-04, 2.5112e-04,
        3.4832e-04, 6.2387e-04, 1.3905e-04, 1.6814e-04, 3.2897e-04, 2.7952e-05,
        7.9839e-06, 1.4805e-04, 2.7439e-04, 3.8062e-04, 2.0178e-05, 2.9010e-04,
        1.0259e-03, 2.7591e-04, 2.7080e-05, 8.4796e-05, 1.3327e-05, 1.3190e-04,
        2.7679e-04, 4.4273e-04, 1.4696e-04, 4.2263e-05, 1.0247e-04, 3.7594e-04,
        1.5013e-03, 6.3048e-05, 3.0508e-04, 5.0488e-05, 8.5136e-05, 2.5442e-06,
        7.7857e-05, 2.6078e-04, 2.4114e-06, 4.3066e-04, 5.2990e-04, 3.0800e-04,
        2.5500e-04, 3.6046e-04, 8.5224e-06, 6.2159e-05, 1.3495e-04, 8.4284e-05,
        2.2629e-04, 1.3620e-04, 1.3448e-04, 2.1043e-04, 4.8541e-05, 3.8733e-04,
        9.8437e-05, 2.9873e-04, 1.4877e-04, 1.0810e-04, 3.6834e-04, 8.8914e-05,
        1.2916e-04, 1.1962e-05, 1.7037e-04, 7.2442e-05, 3.3799e-05, 1.8685e-04,
        7.0314e-05, 2.4719e-04, 4.0347e-04, 5.6056e-05, 5.6034e-05, 1.1286e-04,
        1.6573e-05, 7.7198e-05, 1.7052e-04, 2.1630e-04, 2.0336e-04, 2.6848e-04,
        2.7098e-04, 4.2610e-04, 2.8242e-04, 5.0877e-05, 5.3974e-04, 3.4346e-04,
        5.4654e-05, 3.0836e-04, 3.4001e-04, 2.3233e-04, 2.4682e-04],
       grad_fn=<CatBackward>)

mean_overall=tensor(0.0003, grad_fn=<MeanBackward0>)

-----------------------------------------------ITERATION350-----------------------------------------------

final_causality=[[1, 1, 1, 1, 1, 1, 1, 1, 1, 1, 1, 1, 1], [1, 1, 1, 1, 1, 1, 1, 1, 1, 1, 1, 1, 1, 1, 1, 1, 1, 1, 1, 1, 1, 1, 1, 1, 1, 1, 1, 1, 1, 1, 1, 1, 1, 1, 1, 1, 1, 1, 1, 1, 1, 1, 1, 1, 1, 1, 1, 1, 1, 1], [1, 1, 1, 1, 1, 1, 1, 1, 1, 1, 1, 1, 1, 1, 1, 1, 1, 1, 1, 1, 1, 1, 1, 1, 1, 1, 1, 1, 1, 1, 1, 1, 1, 1, 1, 1, 1, 1, 1, 1, 1, 1, 1, 1, 1, 1, 1, 1, 1, 1]]

means=tensor([9.9942e-04, 1.4341e-03, 1.6345e-03, 1.1511e-03, 1.5723e-03, 4.1349e-04,
        1.3513e-03, 5.9794e-04, 1.4406e-03, 1.2773e-03, 1.0216e-03, 8.9029e-04,
        9.4365e-04, 2.2169e-04, 5.4973e-04, 3.2988e-07, 6.3601e-06, 4.1319e-04,
        8.9179e-04, 5.8297e-04, 3.3485e-04, 4.3652e-05, 2.8234e-04, 1.4136e-04,
        1.9199e-04, 2.9486e-04, 4.4322e-06, 4.2127e-04, 2.2790e-04, 2.5836e-04,
        3.6471e-04, 6.4831e-04, 1.4773e-04, 1.7433e-04, 3.4091e-04, 2.8791e-05,
        7.9433e-06, 1.5398e-04, 2.9112e-04, 4.0556e-04, 2.1008e-05, 3.0544e-04,
        1.1005e-03, 2.9818e-04, 3.0487e-05, 8.8356e-05, 1.4078e-05, 1.3684e-04,
        2.8881e-04, 4.6457e-04, 1.5480e-04, 4.3643e-05, 1.0515e-04, 4.0709e-04,
        1.5680e-03, 6.6606e-05, 3.2280e-04, 5.3426e-05, 8.7807e-05, 3.5734e-07,
        8.1684e-05, 2.7151e-04, 1.6249e-06, 4.4971e-04, 5.4963e-04, 3.2261e-04,
        2.7123e-04, 3.7377e-04, 8.9231e-06, 6.2931e-05, 1.4162e-04, 8.8667e-05,
        2.3935e-04, 1.4271e-04, 1.4387e-04, 2.2293e-04, 5.1290e-05, 4.0498e-04,
        1.0251e-04, 3.1248e-04, 1.4638e-04, 1.1531e-04, 3.8308e-04, 9.2251e-05,
        1.3390e-04, 1.2583e-05, 1.7548e-04, 7.5005e-05, 3.5737e-05, 1.9777e-04,
        7.4011e-05, 2.6205e-04, 4.2229e-04, 5.9133e-05, 6.0053e-05, 1.1818e-04,
        1.6995e-05, 8.0311e-05, 1.8142e-04, 2.2598e-04, 2.1215e-04, 2.8052e-04,
        2.8507e-04, 4.4287e-04, 2.9318e-04, 5.4770e-05, 5.5845e-04, 3.5989e-04,
        5.3323e-05, 3.2141e-04, 3.5356e-04, 2.4363e-04, 2.5701e-04],
       grad_fn=<CatBackward>)

mean_overall=tensor(0.0003, grad_fn=<MeanBackward0>)

-----------------------------------------------ITERATION360-----------------------------------------------

final_causality=[[1, 1, 1, 1, 1, 1, 1, 1, 1, 1, 1, 1, 1], [1, 1, 1, 1, 1, 1, 1, 1, 1, 1, 1, 1, 1, 1, 1, 1, 1, 1, 1, 1, 1, 1, 1, 1, 1, 1, 1, 1, 1, 1, 1, 1, 1, 1, 1, 1, 1, 1, 1, 1, 1, 1, 1, 1, 1, 1, 1, 1, 1, 1], [1, 1, 1, 1, 1, 1, 1, 1, 1, 1, 1, 1, 1, 1, 1, 1, 1, 1, 1, 1, 1, 1, 1, 1, 1, 1, 1, 1, 1, 1, 1, 1, 1, 1, 1, 1, 1, 1, 1, 1, 1, 1, 1, 1, 1, 1, 1, 1, 1, 1]]

means=tensor([1.0492e-03, 1.5199e-03, 1.7248e-03, 1.2241e-03, 1.6537e-03, 4.4112e-04,
        1.4290e-03, 6.2667e-04, 1.5208e-03, 1.3524e-03, 1.0796e-03, 9.2051e-04,
        1.0138e-03, 2.4087e-04, 5.8874e-04, 7.0057e-07, 6.3259e-06, 4.4036e-04,
        9.2870e-04, 6.1635e-04, 3.4648e-04, 4.1697e-05, 2.9961e-04, 1.5613e-04,
        2.0529e-04, 3.0513e-04, 4.8618e-06, 4.4312e-04, 2.4677e-04, 2.6564e-04,
        3.8140e-04, 6.7320e-04, 1.5683e-04, 1.8158e-04, 3.5318e-04, 2.9677e-05,
        7.9086e-06, 1.5995e-04, 3.0849e-04, 4.3164e-04, 2.1892e-05, 3.2133e-04,
        1.1778e-03, 3.2175e-04, 3.4124e-05, 9.1845e-05, 1.5025e-05, 1.4263e-04,
        3.0127e-04, 4.8705e-04, 1.6299e-04, 4.5109e-05, 1.0784e-04, 4.4120e-04,
        1.6358e-03, 7.0321e-05, 3.4132e-04, 5.6497e-05, 9.0530e-05, 8.5634e-07,
        8.6741e-05, 2.8242e-04, 7.7311e-07, 4.6886e-04, 5.6952e-04, 3.3732e-04,
        2.8775e-04, 3.8750e-04, 9.3411e-06, 6.5339e-05, 1.4851e-04, 9.3140e-05,
        2.5337e-04, 1.4936e-04, 1.5360e-04, 2.3562e-04, 5.4148e-05, 4.2300e-04,
        1.0670e-04, 3.2717e-04, 1.4379e-04, 1.2278e-04, 3.9795e-04, 9.5691e-05,
        1.3865e-04, 1.3248e-05, 1.8270e-04, 7.7686e-05, 3.7739e-05, 2.0895e-04,
        7.7802e-05, 2.7712e-04, 4.4146e-04, 6.2959e-05, 6.4232e-05, 1.2360e-04,
        1.7541e-05, 8.3442e-05, 1.9263e-04, 2.3574e-04, 2.2123e-04, 2.9276e-04,
        2.9951e-04, 4.5993e-04, 3.0425e-04, 5.8697e-05, 5.7717e-04, 3.7698e-04,
        5.1857e-05, 3.3590e-04, 3.6736e-04, 2.5521e-04, 2.6731e-04],
       grad_fn=<CatBackward>)

mean_overall=tensor(0.0004, grad_fn=<MeanBackward0>)

-----------------------------------------------ITERATION370-----------------------------------------------

final_causality=[[1, 1, 1, 1, 1, 1, 1, 1, 1, 1, 1, 1, 1], [1, 1, 1, 1, 1, 1, 1, 1, 1, 1, 1, 1, 1, 1, 1, 1, 1, 1, 1, 1, 1, 1, 1, 1, 1, 1, 1, 1, 1, 1, 1, 1, 1, 1, 1, 1, 1, 1, 1, 1, 1, 1, 1, 1, 1, 1, 1, 1, 1, 1], [1, 1, 1, 1, 1, 1, 1, 1, 1, 1, 1, 1, 1, 1, 1, 1, 1, 1, 1, 1, 1, 1, 1, 1, 1, 1, 1, 1, 1, 1, 1, 1, 1, 1, 1, 1, 1, 1, 1, 1, 1, 1, 1, 1, 1, 1, 1, 1, 1, 1]]

means=tensor([1.1002e-03, 1.6080e-03, 1.8172e-03, 1.2992e-03, 1.7368e-03, 4.7005e-04,
        1.5086e-03, 6.5599e-04, 1.6017e-03, 1.4285e-03, 1.1393e-03, 9.5158e-04,
        1.0862e-03, 2.6120e-04, 6.2939e-04, 1.0969e-06, 6.3305e-06, 4.6851e-04,
        9.6627e-04, 6.5077e-04, 3.5832e-04, 3.9821e-05, 3.1758e-04, 1.7204e-04,
        2.1920e-04, 3.1552e-04, 5.3149e-06, 4.6544e-04, 2.6667e-04, 2.7296e-04,
        3.9837e-04, 6.9847e-04, 1.6634e-04, 1.8888e-04, 3.6576e-04, 3.0981e-05,
        7.8796e-06, 1.6597e-04, 3.2646e-04, 4.5882e-04, 2.2831e-05, 3.3775e-04,
        1.2575e-03, 3.4659e-04, 3.8000e-05, 9.5261e-05, 1.6029e-05, 1.4862e-04,
        3.1413e-04, 5.1012e-04, 1.7153e-04, 4.6657e-05, 1.1052e-04, 4.7741e-04,
        1.7046e-03, 7.4183e-05, 3.6059e-04, 5.9698e-05, 9.3300e-05, 1.1249e-06,
        9.1918e-05, 2.9349e-04, 1.4730e-07, 4.8806e-04, 5.8954e-04, 3.5210e-04,
        3.0450e-04, 4.0161e-04, 9.7762e-06, 6.7858e-05, 1.5640e-04, 9.7696e-05,
        2.6808e-04, 1.5613e-04, 1.6365e-04, 2.4848e-04, 5.7109e-05, 4.4135e-04,
        1.1101e-04, 3.4203e-04, 1.4102e-04, 1.3051e-04, 4.1292e-04, 9.9577e-05,
        1.4340e-04, 1.3954e-05, 1.9118e-04, 8.0481e-05, 3.9802e-05, 2.2038e-04,
        8.1678e-05, 2.9236e-04, 4.6095e-04, 6.6923e-05, 6.8558e-05, 1.2911e-04,
        1.8110e-05, 8.6587e-05, 2.0412e-04, 2.4556e-04, 2.3058e-04, 3.0516e-04,
        3.1427e-04, 4.7724e-04, 3.1676e-04, 6.2652e-05, 5.9587e-04, 3.9468e-04,
        5.0264e-05, 3.5088e-04, 3.8163e-04, 2.6701e-04, 2.7771e-04],
       grad_fn=<CatBackward>)

mean_overall=tensor(0.0004, grad_fn=<MeanBackward0>)

-----------------------------------------------ITERATION380-----------------------------------------------

final_causality=[[1, 1, 1, 1, 1, 1, 1, 1, 1, 1, 1, 1, 1], [1, 1, 1, 1, 1, 1, 1, 1, 1, 1, 1, 1, 1, 1, 1, 1, 1, 1, 1, 1, 1, 1, 1, 1, 1, 1, 1, 1, 1, 1, 1, 1, 1, 1, 1, 1, 1, 1, 1, 1, 1, 1, 1, 1, 1, 1, 1, 1, 1, 1], [1, 1, 1, 1, 1, 1, 1, 1, 1, 1, 1, 1, 1, 1, 1, 1, 1, 1, 1, 1, 1, 1, 1, 1, 1, 1, 1, 1, 1, 1, 1, 1, 1, 1, 1, 1, 1, 1, 1, 1, 1, 1, 1, 1, 1, 1, 1, 1, 1, 1]]

means=tensor([1.1523e-03, 1.6984e-03, 1.9115e-03, 1.3761e-03, 1.8214e-03, 5.0026e-04,
        1.5899e-03, 6.8579e-04, 1.6827e-03, 1.5052e-03, 1.2007e-03, 9.8343e-04,
        1.1609e-03, 2.8264e-04, 6.7159e-04, 1.5158e-06, 6.3718e-06, 4.9751e-04,
        1.0044e-03, 6.8610e-04, 3.7033e-04, 3.8028e-05, 3.3619e-04, 1.8912e-04,
        2.3371e-04, 3.2600e-04, 5.7897e-06, 4.8815e-04, 2.8755e-04, 2.8029e-04,
        4.1557e-04, 7.2403e-04, 1.7622e-04, 1.9621e-04, 3.7860e-04, 3.2343e-05,
        7.8558e-06, 1.7202e-04, 3.4502e-04, 4.8704e-04, 2.3827e-05, 3.5465e-04,
        1.3394e-03, 3.7264e-04, 4.2123e-05, 9.8814e-05, 1.7089e-05, 1.5479e-04,
        3.2737e-04, 5.3368e-04, 1.8042e-04, 4.8283e-05, 1.1319e-04, 5.1525e-04,
        1.7743e-03, 7.8181e-05, 3.8058e-04, 6.3024e-05, 9.6113e-05, 2.9837e-06,
        9.7180e-05, 3.0469e-04, 6.9114e-07, 5.0726e-04, 6.0963e-04, 3.6691e-04,
        3.2142e-04, 4.1604e-04, 1.0228e-05, 7.1284e-05, 1.6448e-04, 1.0232e-04,
        2.8340e-04, 1.6301e-04, 1.7400e-04, 2.6146e-04, 6.0163e-05, 4.5998e-04,
        1.1543e-04, 3.5701e-04, 1.3808e-04, 1.3846e-04, 4.2795e-04, 1.0355e-04,
        1.4827e-04, 1.4702e-05, 1.9999e-04, 8.3381e-05, 4.1922e-05, 2.3202e-04,
        8.5672e-05, 3.0772e-04, 4.8069e-04, 7.1018e-05, 7.3015e-05, 1.3470e-04,
        1.8700e-05, 8.9743e-05, 2.1587e-04, 2.5541e-04, 2.4017e-04, 3.1767e-04,
        3.2931e-04, 4.9475e-04, 3.2954e-04, 6.6627e-05, 6.1450e-04, 4.1295e-04,
        4.8549e-05, 3.6630e-04, 3.9805e-04, 2.7902e-04, 2.8816e-04],
       grad_fn=<CatBackward>)

mean_overall=tensor(0.0004, grad_fn=<MeanBackward0>)

-----------------------------------------------ITERATION390-----------------------------------------------

final_causality=[[1, 1, 1, 1, 1, 1, 1, 1, 1, 1, 1, 1, 1], [1, 1, 1, 1, 1, 1, 1, 1, 1, 1, 1, 1, 1, 1, 1, 1, 1, 1, 1, 1, 1, 1, 1, 1, 1, 1, 1, 1, 1, 1, 1, 1, 1, 1, 1, 1, 1, 1, 1, 1, 1, 1, 1, 1, 1, 1, 1, 1, 1, 1], [1, 1, 1, 1, 1, 1, 1, 1, 1, 1, 1, 1, 1, 1, 1, 1, 1, 1, 1, 1, 1, 1, 1, 1, 1, 1, 1, 1, 1, 1, 1, 1, 1, 1, 1, 1, 1, 1, 1, 1, 1, 1, 1, 1, 1, 1, 1, 1, 1, 1]]

means=tensor([1.2054e-03, 1.7908e-03, 2.0073e-03, 1.4547e-03, 1.9072e-03, 5.3173e-04,
        1.6728e-03, 7.1592e-04, 1.7635e-03, 1.5824e-03, 1.2637e-03, 1.0159e-03,
        1.2377e-03, 3.0515e-04, 7.1520e-04, 1.9544e-06, 6.4479e-06, 5.2722e-04,
        1.0430e-03, 7.2223e-04, 3.8248e-04, 3.6318e-05, 3.5540e-04, 2.0737e-04,
        2.4876e-04, 3.3655e-04, 6.2845e-06, 5.1115e-04, 3.0935e-04, 2.8761e-04,
        4.3295e-04, 7.4981e-04, 1.8644e-04, 2.0354e-04, 3.9167e-04, 3.3773e-05,
        7.8368e-06, 1.7809e-04, 3.6412e-04, 5.1623e-04, 2.4879e-05, 3.7198e-04,
        1.4231e-03, 3.9985e-04, 4.6493e-05, 1.0270e-04, 1.8202e-05, 1.6112e-04,
        3.4094e-04, 5.5767e-04, 1.8964e-04, 4.9981e-05, 1.1583e-04, 5.5458e-04,
        1.8444e-03, 8.2301e-05, 4.0123e-04, 6.6496e-05, 9.8960e-05, 4.7178e-06,
        1.0251e-04, 3.1599e-04, 2.3198e-07, 5.2641e-04, 6.2973e-04, 3.8173e-04,
        3.3846e-04, 4.3076e-04, 1.0694e-05, 7.7393e-05, 1.7270e-04, 1.0701e-04,
        2.9929e-04, 1.6999e-04, 1.8462e-04, 2.7453e-04, 6.3303e-05, 4.7884e-04,
        1.1993e-04, 3.7231e-04, 1.3498e-04, 1.4661e-04, 4.4298e-04, 1.0762e-04,
        1.5347e-04, 1.5491e-05, 2.0910e-04, 8.6377e-05, 4.4096e-05, 2.4383e-04,
        9.0127e-05, 3.2316e-04, 5.0084e-04, 7.5232e-05, 7.7588e-05, 1.4034e-04,
        1.9682e-05, 9.2906e-05, 2.2783e-04, 2.6527e-04, 2.4997e-04, 3.3026e-04,
        3.4457e-04, 5.1239e-04, 3.4252e-04, 7.0615e-05, 6.3299e-04, 4.3172e-04,
        4.6723e-05, 3.8212e-04, 4.1460e-04, 2.9119e-04, 2.9865e-04],
       grad_fn=<CatBackward>)

mean_overall=tensor(0.0004, grad_fn=<MeanBackward0>)

-----------------------------------------------ITERATION400-----------------------------------------------

final_causality=[[1, 1, 1, 1, 1, 1, 1, 1, 1, 1, 1, 1, 1], [1, 1, 1, 1, 1, 1, 1, 1, 1, 1, 1, 1, 1, 1, 1, 1, 1, 1, 1, 1, 1, 1, 1, 1, 1, 1, 1, 1, 1, 1, 1, 1, 1, 1, 1, 1, 1, 1, 1, 1, 1, 1, 1, 1, 1, 1, 1, 1, 1, 1], [1, 1, 1, 1, 1, 1, 1, 1, 1, 1, 1, 1, 1, 1, 1, 1, 1, 1, 1, 1, 1, 1, 1, 1, 1, 1, 1, 1, 1, 1, 1, 1, 1, 1, 1, 1, 1, 1, 1, 1, 1, 1, 1, 1, 1, 1, 1, 1, 1, 1]]

means=tensor([1.2593e-03, 1.8851e-03, 2.1045e-03, 1.5346e-03, 1.9939e-03, 5.6443e-04,
        1.7569e-03, 7.4623e-04, 1.8437e-03, 1.6596e-03, 1.3280e-03, 1.0490e-03,
        1.3165e-03, 3.2867e-04, 7.6009e-04, 2.4097e-06, 6.5564e-06, 5.5751e-04,
        1.0819e-03, 7.5901e-04, 3.9475e-04, 3.4691e-05, 3.7513e-04, 2.2678e-04,
        2.6432e-04, 3.4711e-04, 6.7971e-06, 5.3435e-04, 3.3201e-04, 2.9489e-04,
        4.5045e-04, 7.7569e-04, 1.9705e-04, 2.1084e-04, 4.0494e-04, 3.5271e-05,
        7.8222e-06, 1.8418e-04, 3.8371e-04, 5.4628e-04, 2.5988e-05, 3.8967e-04,
        1.5084e-03, 4.2814e-04, 5.1110e-05, 1.0646e-04, 1.9369e-05, 1.6759e-04,
        3.5478e-04, 5.8197e-04, 1.9919e-04, 5.1744e-05, 1.1873e-04, 5.9528e-04,
        1.9148e-03, 8.6523e-05, 4.2248e-04, 7.0101e-05, 1.0243e-04, 6.3261e-06,
        1.0791e-04, 3.2736e-04, 1.2257e-06, 5.4545e-04, 6.4979e-04, 3.9649e-04,
        3.5554e-04, 4.4570e-04, 1.1175e-05, 8.3705e-05, 1.8105e-04, 1.1174e-04,
        3.1565e-04, 1.7703e-04, 1.9548e-04, 2.8765e-04, 6.6517e-05, 4.9787e-04,
        1.2450e-04, 3.8769e-04, 1.3173e-04, 1.5493e-04, 4.5798e-04, 1.1175e-04,
        1.5864e-04, 1.6317e-05, 2.1846e-04, 8.9458e-05, 4.6317e-05, 2.5577e-04,
        9.4633e-05, 3.3862e-04, 5.2122e-04, 7.9554e-05, 8.2257e-05, 1.4601e-04,
        2.0857e-05, 9.6069e-05, 2.4143e-04, 2.7509e-04, 2.5995e-04, 3.4288e-04,
        3.6001e-04, 5.3010e-04, 3.5566e-04, 7.4607e-05, 6.5131e-04, 4.5093e-04,
        4.4794e-05, 3.9827e-04, 4.3125e-04, 3.0347e-04, 3.0914e-04],
       grad_fn=<CatBackward>)

mean_overall=tensor(0.0004, grad_fn=<MeanBackward0>)

-----------------------------------------------ITERATION410-----------------------------------------------

final_causality=[[1, 1, 1, 1, 1, 1, 1, 1, 1, 1, 1, 1, 1], [1, 1, 1, 1, 1, 1, 1, 1, 1, 1, 1, 1, 1, 1, 1, 1, 1, 1, 1, 1, 1, 1, 1, 1, 1, 1, 1, 1, 1, 1, 1, 1, 1, 1, 1, 1, 1, 1, 1, 1, 1, 1, 1, 1, 1, 1, 1, 1, 1, 1], [1, 1, 1, 1, 1, 1, 1, 1, 1, 1, 1, 1, 1, 1, 1, 1, 1, 1, 1, 1, 1, 1, 1, 1, 1, 1, 1, 1, 1, 1, 1, 1, 1, 1, 1, 1, 1, 1, 1, 1, 1, 1, 1, 1, 1, 1, 1, 1, 1, 1]]

means=tensor([1.3139e-03, 1.9810e-03, 2.2025e-03, 1.6155e-03, 2.0810e-03, 5.9831e-04,
        1.8421e-03, 7.7655e-04, 1.9228e-03, 1.7365e-03, 1.3936e-03, 1.0825e-03,
        1.3970e-03, 3.5311e-04, 8.0608e-04, 2.8787e-06, 6.6950e-06, 5.8824e-04,
        1.1209e-03, 7.9628e-04, 4.0711e-04, 3.3149e-05, 3.9531e-04, 2.4733e-04,
        2.8033e-04, 3.5767e-04, 7.3254e-06, 5.5762e-04, 3.5543e-04, 3.0213e-04,
        4.6802e-04, 8.0158e-04, 2.0799e-04, 2.1808e-04, 4.1836e-04, 3.6816e-05,
        7.8117e-06, 1.9027e-04, 4.0373e-04, 5.7710e-04, 2.7153e-05, 4.0766e-04,
        1.5948e-03, 4.5740e-04, 5.5964e-05, 1.1009e-04, 2.0585e-05, 1.7415e-04,
        3.6885e-04, 6.0649e-04, 2.0916e-04, 5.3565e-05, 1.2202e-04, 6.3717e-04,
        1.9853e-03, 9.0828e-05, 4.4425e-04, 7.3811e-05, 1.0644e-04, 7.8082e-06,
        1.1334e-04, 3.3876e-04, 2.2908e-06, 5.6456e-04, 6.6975e-04, 4.1117e-04,
        3.7282e-04, 4.6081e-04, 1.1669e-05, 9.0190e-05, 1.8948e-04, 1.1650e-04,
        3.3242e-04, 1.8411e-04, 2.0683e-04, 3.0076e-04, 6.9793e-05, 5.1701e-04,
        1.2913e-04, 4.0305e-04, 1.3134e-04, 1.6338e-04, 4.7288e-04, 1.1594e-04,
        1.6374e-04, 1.7178e-05, 2.2829e-04, 9.2613e-05, 4.8579e-05, 2.6780e-04,
        9.9176e-05, 3.5404e-04, 5.4164e-04, 8.3968e-05, 8.7003e-05, 1.5170e-04,
        2.2061e-05, 9.9226e-05, 2.5543e-04, 2.8484e-04, 2.7006e-04, 3.5549e-04,
        3.7555e-04, 5.4781e-04, 3.6890e-04, 7.8592e-05, 6.6940e-04, 4.7050e-04,
        4.2775e-05, 4.1468e-04, 4.4794e-04, 3.1581e-04, 3.1970e-04],
       grad_fn=<CatBackward>)

mean_overall=tensor(0.0005, grad_fn=<MeanBackward0>)

-----------------------------------------------ITERATION420-----------------------------------------------

final_causality=[[1, 1, 1, 1, 1, 1, 1, 1, 1, 1, 1, 1, 1], [1, 1, 1, 1, 1, 1, 1, 1, 1, 1, 1, 1, 1, 1, 1, 1, 1, 1, 1, 1, 1, 1, 1, 1, 1, 1, 1, 1, 1, 1, 1, 1, 1, 1, 1, 1, 1, 1, 1, 1, 1, 1, 1, 1, 1, 1, 1, 1, 1, 1], [1, 1, 1, 1, 1, 1, 1, 1, 1, 1, 1, 1, 1, 1, 1, 1, 1, 1, 1, 1, 1, 1, 1, 1, 1, 1, 1, 1, 1, 1, 1, 1, 1, 1, 1, 1, 1, 1, 1, 1, 1, 1, 1, 1, 1, 1, 1, 1, 1, 1]]

means=tensor([1.3689e-03, 2.0781e-03, 2.3010e-03, 1.6972e-03, 2.1682e-03, 6.3330e-04,
        1.9279e-03, 8.0669e-04, 2.0002e-03, 1.8126e-03, 1.4604e-03, 1.1162e-03,
        1.4790e-03, 3.7839e-04, 8.5298e-04, 3.3582e-06, 6.8612e-06, 6.1922e-04,
        1.1600e-03, 8.3387e-04, 4.1951e-04, 3.1693e-05, 4.1586e-04, 2.6897e-04,
        2.9704e-04, 3.6817e-04, 7.8669e-06, 5.8084e-04, 3.7952e-04, 3.0927e-04,
        4.8559e-04, 8.2737e-04, 2.1915e-04, 2.2522e-04, 4.3187e-04, 3.8401e-05,
        7.8049e-06, 1.9635e-04, 4.2411e-04, 6.0857e-04, 2.8375e-05, 4.2587e-04,
        1.6821e-03, 4.8752e-04, 6.1043e-05, 1.1358e-04, 2.1848e-05, 1.8079e-04,
        3.8309e-04, 6.3110e-04, 2.1953e-04, 5.5435e-05, 1.2539e-04, 6.8005e-04,
        2.0555e-03, 9.5192e-05, 4.6646e-04, 7.7613e-05, 1.1047e-04, 9.1635e-06,
        1.1880e-04, 3.5016e-04, 3.4274e-06, 5.8399e-04, 6.8953e-04, 4.2570e-04,
        3.9073e-04, 4.7601e-04, 1.2175e-05, 9.6816e-05, 1.9796e-04, 1.2126e-04,
        3.4951e-04, 1.9122e-04, 2.1839e-04, 3.1382e-04, 7.3118e-05, 5.3618e-04,
        1.3379e-04, 4.1834e-04, 1.3384e-04, 1.7192e-04, 4.8764e-04, 1.2023e-04,
        1.6878e-04, 1.8072e-05, 2.3851e-04, 9.5828e-05, 5.0873e-05, 2.7988e-04,
        1.0374e-04, 3.6938e-04, 5.6203e-04, 8.8459e-05, 9.1802e-05, 1.5738e-04,
        2.3291e-05, 1.0256e-04, 2.6947e-04, 2.9450e-04, 2.8026e-04, 3.6802e-04,
        3.9114e-04, 5.6545e-04, 3.8218e-04, 8.2559e-05, 6.8720e-04, 4.9036e-04,
        4.0677e-05, 4.3129e-04, 4.6460e-04, 3.2816e-04, 3.3028e-04],
       grad_fn=<CatBackward>)

mean_overall=tensor(0.0005, grad_fn=<MeanBackward0>)

-----------------------------------------------ITERATION430-----------------------------------------------

final_causality=[[1, 1, 1, 1, 1, 1, 1, 1, 1, 1, 1, 1, 1], [1, 1, 1, 1, 1, 1, 1, 1, 1, 1, 1, 1, 1, 1, 1, 1, 1, 1, 1, 1, 1, 1, 1, 1, 1, 1, 1, 1, 1, 1, 1, 1, 1, 1, 1, 1, 1, 1, 1, 1, 1, 1, 1, 1, 1, 1, 1, 1, 1, 1], [1, 1, 1, 1, 1, 1, 1, 1, 1, 1, 1, 1, 1, 1, 1, 1, 1, 1, 1, 1, 1, 1, 1, 1, 1, 1, 1, 1, 1, 1, 1, 1, 1, 1, 1, 1, 1, 1, 1, 1, 1, 1, 1, 1, 1, 1, 1, 1, 1, 1]]

means=tensor([1.4243e-03, 2.1762e-03, 2.3997e-03, 1.7792e-03, 2.2551e-03, 6.6935e-04,
        2.0143e-03, 8.3645e-04, 2.0753e-03, 1.8876e-03, 1.5280e-03, 1.1500e-03,
        1.5625e-03, 4.0438e-04, 9.0057e-04, 3.8453e-06, 7.0525e-06, 6.5029e-04,
        1.1989e-03, 8.7160e-04, 4.3192e-04, 3.0322e-05, 4.3667e-04, 2.9163e-04,
        3.1422e-04, 3.7857e-04, 8.4194e-06, 6.0388e-04, 4.0415e-04, 3.1631e-04,
        5.0310e-04, 8.5294e-04, 2.3047e-04, 2.3224e-04, 4.4543e-04, 4.0022e-05,
        7.8015e-06, 2.0241e-04, 4.4479e-04, 6.4054e-04, 2.9651e-05, 4.4421e-04,
        1.7698e-03, 5.1838e-04, 6.6325e-05, 1.1693e-04, 2.3155e-05, 1.8746e-04,
        3.9744e-04, 6.5569e-04, 2.3017e-04, 5.7345e-05, 1.2868e-04, 7.2372e-04,
        2.1252e-03, 1.0020e-04, 4.8901e-04, 8.1493e-05, 1.1448e-04, 1.0392e-05,
        1.2425e-04, 3.6151e-04, 4.6359e-06, 6.0313e-04, 7.0908e-04, 4.4004e-04,
        4.0849e-04, 4.9123e-04, 1.2689e-05, 1.0355e-04, 2.0645e-04, 1.2603e-04,
        3.6683e-04, 1.9831e-04, 2.3006e-04, 3.2678e-04, 7.6478e-05, 5.5533e-04,
        1.3846e-04, 4.3350e-04, 1.3680e-04, 1.8053e-04, 5.0223e-04, 1.2479e-04,
        1.7374e-04, 1.8994e-05, 2.4887e-04, 9.9088e-05, 5.3191e-05, 2.9194e-04,
        1.0831e-04, 3.8455e-04, 5.8231e-04, 9.3007e-05, 9.6634e-05, 1.6303e-04,
        2.4542e-05, 1.0593e-04, 2.8348e-04, 3.0402e-04, 2.9051e-04, 3.8140e-04,
        4.0671e-04, 5.8364e-04, 3.9544e-04, 8.6497e-05, 7.0465e-04, 5.1040e-04,
        3.8514e-05, 4.4801e-04, 4.8117e-04, 3.4048e-04, 3.4075e-04],
       grad_fn=<CatBackward>)

mean_overall=tensor(0.0005, grad_fn=<MeanBackward0>)

-----------------------------------------------ITERATION440-----------------------------------------------

final_causality=[[1, 1, 1, 1, 1, 1, 1, 1, 1, 1, 1, 1, 1], [1, 1, 1, 1, 1, 1, 1, 1, 1, 1, 1, 1, 1, 1, 1, 1, 1, 1, 1, 1, 1, 1, 1, 1, 1, 1, 1, 1, 1, 1, 1, 1, 1, 1, 1, 1, 1, 1, 1, 1, 1, 1, 1, 1, 1, 1, 1, 1, 1, 1], [1, 1, 1, 1, 1, 1, 1, 1, 1, 1, 1, 1, 1, 1, 1, 1, 1, 1, 1, 1, 1, 1, 1, 1, 1, 1, 1, 1, 1, 1, 1, 1, 1, 1, 1, 1, 1, 1, 1, 1, 1, 1, 1, 1, 1, 1, 1, 1, 1, 1]]

means=tensor([1.4798e-03, 2.2751e-03, 2.4981e-03, 1.8612e-03, 2.3412e-03, 7.0637e-04,
        2.1007e-03, 8.6561e-04, 2.1477e-03, 1.9610e-03, 1.5963e-03, 1.1838e-03,
        1.6470e-03, 4.3095e-04, 9.4864e-04, 4.3369e-06, 7.2662e-06, 6.8124e-04,
        1.2376e-03, 9.0928e-04, 4.4430e-04, 2.9036e-05, 4.5766e-04, 3.1524e-04,
        3.3167e-04, 3.8883e-04, 8.9803e-06, 6.2662e-04, 4.2919e-04, 3.2333e-04,
        5.2046e-04, 8.7818e-04, 2.4187e-04, 2.3910e-04, 4.5898e-04, 4.1670e-05,
        7.8012e-06, 2.0843e-04, 4.6568e-04, 6.7289e-04, 3.0981e-05, 4.6259e-04,
        1.8576e-03, 5.4982e-04, 7.1784e-05, 1.2013e-04, 2.4502e-05, 1.9412e-04,
        4.1182e-04, 6.8012e-04, 2.4106e-04, 5.9285e-05, 1.3186e-04, 7.6793e-04,
        2.1941e-03, 1.0536e-04, 5.1180e-04, 8.5435e-05, 1.1848e-04, 1.1493e-05,
        1.2967e-04, 3.7277e-04, 5.9166e-06, 6.2192e-04, 7.2831e-04, 4.5415e-04,
        4.2600e-04, 5.0641e-04, 1.3211e-05, 1.1035e-04, 2.1490e-04, 1.3076e-04,
        3.8428e-04, 2.0537e-04, 2.4181e-04, 3.3959e-04, 8.0049e-05, 5.7437e-04,
        1.4311e-04, 4.4847e-04, 1.4092e-04, 1.8915e-04, 5.1694e-04, 1.2937e-04,
        1.7859e-04, 1.9940e-05, 2.5932e-04, 1.0238e-04, 5.5523e-05, 3.0395e-04,
        1.1287e-04, 3.9952e-04, 6.0240e-04, 9.7595e-05, 1.0147e-04, 1.6862e-04,
        2.5809e-05, 1.0926e-04, 2.9742e-04, 3.1338e-04, 3.0075e-04, 3.9527e-04,
        4.2218e-04, 6.0172e-04, 4.0861e-04, 9.0392e-05, 7.2171e-04, 5.3055e-04,
        3.6297e-05, 4.6476e-04, 4.9759e-04, 3.5269e-04, 3.5109e-04],
       grad_fn=<CatBackward>)

mean_overall=tensor(0.0005, grad_fn=<MeanBackward0>)

