loss_training=[0.07785770446996901, 0.06635768928245285, 0.06402117516557669, 0.06343222328607623, 0.06318195562456795, 0.06288284230474961, 0.0625391454269048, 0.06215941671826712, 0.061738350128772455, 0.06126683552179528, 0.060736363365266305, 0.06013784027583308, 0.05946212169235778, 0.058699659433728804, 0.057840759866562536, 0.05687574730748714, 0.05579512370369138, 0.05458995881249945, 0.05325226014485239, 0.05177547835552009, 0.05015515101821019, 0.04838966378425692, 0.04648111567834208, 0.04443622884682313, 0.042267264183615746, 0.0399929061558974, 0.03763911140210341, 0.035239806823088825, 0.03283702222665049, 0.030479748071685027, 0.028220877104115496, 0.026112103268629224, 0.02419739692740291, 0.022506845900068365, 0.0210527859718565, 0.019829966520510302, 0.018819382316009933, 0.017993527526447763, 0.01732134502359893, 0.01677220771093928, 0.016318687811181874, 0.01593805571027203, 0.015612638905249738, 0.015329366899487879, 0.015078891382746871]

test_loss_training=[0.0445659957796894, 0.09014942713297394, 0.06205311176325108, 0.0718322639215143, 0.07014805010745527, 0.0683989911698783, 0.07000967040974974, 0.06838326353219533, 0.06886474286896364, 0.06807063712218779, 0.067739861109388, 0.06718658423378214, 0.06643439944072316, 0.06571061464765962, 0.0647039835262121, 0.0636058951656477, 0.06230973420593425, 0.060801438802083656, 0.05909364959338889, 0.057160211264706086, 0.05499686751676605, 0.05261429441002749, 0.05003199885600796, 0.0472852766545901, 0.04442742865228172, 0.04152746031580965, 0.038664913887588075, 0.03592245607636625, 0.03337857583219242, 0.031102483443934903, 0.02915137490697635, 0.027568520404353293, 0.02638040354955023, 0.025592459095645052, 0.025182898000119136, 0.025104487183123372, 0.025291519431103738, 0.025672861650083735, 0.02618351031535483, 0.026771338468783993, 0.02739861914842228, 0.02804033015386255, 0.028681326794934573, 0.029313665472169313, 0.02993448304899107]

loss_control_training_MSE=[0.07251605158902408, 0.06617206511102033, 0.06416551370505616, 0.06343599577632353, 0.06313658418367461, 0.06283912071235513, 0.06249894419383141, 0.06211835835609434, 0.061693739985086885, 0.061217192153707314, 0.060680555294849246, 0.0600748907967974, 0.059391050546199045, 0.05861953093293509, 0.05775062658690647, 0.05677467966883319, 0.05568223133137209, 0.05446442428104268, 0.05311339273868201, 0.05162276901211471, 0.04998834338687571, 0.04820883761830047, 0.04628677325292976, 0.04422938710272394, 0.042049543587636073, 0.039766617778654825, 0.037407334090243716, 0.03500643423736146, 0.03260671805589119, 0.030257731313401773, 0.02801249661238068, 0.02592223042940565, 0.024029798450795403, 0.022363578453405343, 0.02093403562487978, 0.019734309846412414, 0.01874429021771132, 0.01793589754524924, 0.017277954829410767, 0.016740050223967767, 0.016295182934339472, 0.015921136762327693, 0.015600739080833353, 0.015321344128744037, 0.01507393199867733]

variances=[1.582131329485721e-09, 1.5435093161857137e-09, 1.6148239486523477e-09, 1.8247913969218642e-09, 2.3125348126553823e-09, 3.133564199267416e-09, 4.331337217016168e-09, 6.1379636914177465e-09, 8.668526186516325e-09, 1.2232305190364287e-08, 1.711869764851621e-08, 2.374804840760259e-08, 3.261368559012537e-08, 4.4383996642622127e-08, 6.004842649782856e-08, 8.071432420188015e-08, 1.0790186932268122e-07, 1.4350292142204363e-07, 1.8989213063618703e-07, 2.5000379695380764e-07, 3.2744044718338423e-07, 4.265052338721866e-07, 5.52525312029459e-07, 7.117166334081614e-07, 9.112839535124374e-07, 1.1592142435603963e-06, 1.4640984742935266e-06, 1.8349982576521958e-06, 2.2805277902056522e-06, 2.8077417469194173e-06, 3.4205621378599295e-06, 4.11801152314875e-06, 4.882499592166819e-06, 5.704099863910462e-06, 6.565024486799036e-06, 7.441184804209797e-06, 8.307298510636405e-06, 9.139618234879354e-06, 9.918367736437152e-06, 1.0629045046600552e-05, 1.1263674192758672e-05, 1.1820282765007596e-05, 1.2302003499796136e-05, 1.2715660918001376e-05, 1.3070038596826822e-05]

ACE_values=[5.011189878603741e-05, 5.047130067202201e-05, 5.0638458605152963e-05, 5.181196556246227e-05, 5.339296311873073e-05, 5.600652804887187e-05, 5.986702747657861e-05, 6.481628530542406e-05, 7.093093313779616e-05, 7.814208565264974e-05, 8.669484379245109e-05, 9.694771123212126e-05, 0.00010931455118005782, 0.00012416659169145792, 0.00014156956101810187, 0.00016185127244927404, 0.00018528188866227482, 0.00021213621413149075, 0.00024272402962320798, 0.00027747554426038156, 0.00031691301386933514, 0.0003615124724457724, 0.0004114092194212727, 0.00046679085667385, 0.000527707857487165, 0.0005942428451772077, 0.0006661648405902592, 0.0007430335231293677, 0.000824355512392006, 0.0009094025460261203, 0.0009971416919406968, 0.0010862493339896485, 0.001179889956049936, 0.001273199453606535, 0.0013628178749442003, 0.0014467422058504862, 0.0015234435253554664, 0.0015919733726549264, 0.0016520641793227758, 0.0017035722411240864, 0.0017468524442580567, 0.0017826197996676345, 0.0018117834022884267, 0.0018352590811042146, 0.0018540547428147556]

-------------------------------CAUSAL NEURAL NET-------------------------------

loss_test_causal=tensor(0.0305, grad_fn=<MseLossBackward>)

