-----------------------------------------------ITERATION0-----------------------------------------------

final_causality=[[1, 1, 1, 1, 1, 1, 1, 1, 1, 1, 1, 1, 1], [1, 1, 1, 1, 1, 1, 1, 1, 1, 1, 1, 1, 1, 1, 1, 1, 1, 1, 1, 1, 1, 1, 1, 1, 1, 1, 1, 1, 1, 1, 1, 1, 1, 1, 1, 1, 1, 1, 1, 1, 1, 1, 1, 1, 1, 1, 1, 1, 1, 1], [1, 1, 1, 1, 1, 1, 1, 1, 1, 1, 1, 1, 1, 1, 1, 1, 1, 1, 1, 1, 1, 1, 1, 1, 1, 1, 1, 1, 1, 1, 1, 1, 1, 1, 1, 1, 1, 1, 1, 1, 1, 1, 1, 1, 1, 1, 1, 1, 1, 1]]

means=tensor([3.4832e-05, 0.0000e+00, 0.0000e+00, 5.3470e-05, 2.9935e-05, 7.8894e-05,
        9.7896e-06, 3.1797e-05, 0.0000e+00, 0.0000e+00, 0.0000e+00, 4.4631e-05,
        2.7686e-04, 1.9264e-05, 6.3163e-05, 6.3537e-05, 1.0677e-05, 8.1702e-05,
        8.1660e-05, 6.2285e-05, 1.6590e-05, 6.3713e-05, 6.0376e-05, 6.6569e-05,
        9.5570e-06, 1.7851e-05, 7.1763e-05, 2.0707e-06, 3.0467e-05, 9.1492e-05,
        6.0584e-06, 7.5548e-05, 1.7802e-05, 4.6034e-07, 2.2389e-05, 4.0799e-05,
        1.9209e-05, 4.9500e-05, 5.1350e-05, 8.4389e-05, 5.5777e-05, 9.7799e-06,
        8.9666e-05, 5.3182e-06, 5.1676e-05, 1.2585e-05, 1.7482e-05, 4.2013e-05,
        9.0615e-05, 4.6489e-05, 3.2378e-05, 2.8151e-05, 2.7789e-05, 6.6390e-06,
        5.5204e-06, 1.1721e-05, 3.4331e-05, 4.8105e-06, 5.6568e-05, 1.0553e-04,
        4.9459e-05, 3.0028e-06, 3.3665e-05, 1.4167e-04, 3.9494e-05, 4.3483e-05,
        1.6583e-05, 8.5135e-05, 2.2707e-05, 2.0334e-05, 7.5331e-05, 6.2682e-05,
        6.1954e-05, 1.1489e-05, 1.5263e-06, 3.9158e-05, 8.8769e-05, 3.6399e-05,
        1.1678e-05, 2.3593e-05, 5.2097e-05, 1.0343e-04, 2.5237e-05, 7.7594e-05,
        7.9545e-05, 4.4087e-05, 2.2097e-05, 1.2501e-05, 1.4210e-04, 1.5016e-05,
        5.2959e-05, 3.9589e-05, 3.4419e-05, 2.4061e-05, 3.5471e-05, 1.2413e-04,
        7.6566e-05, 1.0638e-04, 3.7315e-05, 1.3673e-05, 8.1718e-05, 1.2332e-05,
        1.3240e-04, 2.9109e-05, 4.6820e-05, 4.2860e-05, 3.0223e-05, 2.7723e-05,
        3.2951e-05, 3.3599e-05, 4.1648e-05, 1.3213e-05, 3.5070e-05],
       grad_fn=<CatBackward>)

mean_overall=tensor(4.4437e-05, grad_fn=<MeanBackward0>)

-----------------------------------------------ITERATION10-----------------------------------------------

final_causality=[[1, 1, 1, 1, 1, 1, 1, 1, 1, 1, 1, 1, 1], [1, 1, 1, 1, 1, 1, 1, 1, 1, 1, 1, 1, 1, 1, 1, 1, 1, 1, 1, 1, 1, 1, 1, 1, 1, 1, 1, 1, 1, 1, 1, 1, 1, 1, 1, 1, 1, 1, 1, 1, 1, 1, 1, 1, 1, 1, 1, 1, 1, 1], [1, 1, 1, 1, 1, 1, 1, 1, 1, 1, 1, 1, 1, 1, 1, 1, 1, 1, 1, 1, 1, 1, 1, 1, 1, 1, 1, 1, 1, 1, 1, 1, 1, 1, 1, 1, 1, 1, 1, 1, 1, 1, 1, 1, 1, 1, 1, 1, 1, 1]]

means=tensor([5.4828e-05, 0.0000e+00, 0.0000e+00, 8.3590e-05, 2.1845e-05, 8.0682e-05,
        1.2913e-05, 2.5865e-05, 0.0000e+00, 0.0000e+00, 0.0000e+00, 1.0675e-05,
        3.1279e-04, 2.0054e-06, 7.7639e-05, 9.4234e-05, 1.8551e-05, 4.1221e-05,
        6.2869e-05, 3.7304e-05, 6.2892e-06, 5.3158e-05, 2.9071e-05, 8.7644e-05,
        4.7291e-06, 4.1731e-05, 5.2845e-05, 1.6518e-05, 5.6443e-05, 6.0343e-05,
        1.0058e-05, 6.1972e-05, 3.8138e-05, 1.9311e-05, 4.6428e-06, 2.2887e-05,
        6.8513e-06, 2.6871e-05, 3.2162e-05, 9.9878e-05, 6.5009e-05, 5.7120e-07,
        1.2075e-04, 4.9338e-06, 6.9749e-05, 4.3311e-06, 1.2898e-06, 1.8650e-05,
        5.4917e-05, 3.4135e-05, 1.4158e-05, 3.9862e-05, 2.9524e-06, 2.6164e-05,
        2.4615e-05, 1.9823e-05, 5.1275e-06, 1.4216e-05, 7.9544e-05, 1.3043e-04,
        5.7245e-05, 2.5510e-05, 6.0612e-05, 1.4219e-04, 4.6641e-05, 4.6201e-05,
        1.5068e-05, 8.1577e-05, 2.5500e-05, 1.8212e-05, 7.0526e-05, 5.6443e-05,
        6.2431e-05, 1.6987e-05, 5.1453e-06, 4.4379e-05, 8.2072e-05, 3.8543e-05,
        7.4748e-06, 2.0594e-05, 5.0423e-05, 1.0640e-04, 2.5078e-05, 7.4850e-05,
        7.4249e-05, 4.7676e-05, 1.8771e-05, 1.6485e-05, 1.3748e-04, 1.6040e-05,
        5.0798e-05, 4.3306e-05, 2.9674e-05, 2.3193e-05, 3.9770e-05, 1.1856e-04,
        7.6671e-05, 1.0723e-04, 3.9522e-05, 1.3955e-05, 8.6419e-05, 8.5868e-06,
        1.4423e-04, 2.7585e-05, 4.3019e-05, 4.0364e-05, 2.8360e-05, 3.0876e-05,
        3.3244e-05, 3.7756e-05, 3.9306e-05, 1.7751e-05, 3.8299e-05],
       grad_fn=<CatBackward>)

mean_overall=tensor(4.4328e-05, grad_fn=<MeanBackward0>)

-----------------------------------------------ITERATION20-----------------------------------------------

final_causality=[[1, 1, 1, 1, 1, 1, 1, 1, 1, 1, 1, 1, 1], [1, 1, 1, 1, 1, 1, 1, 1, 1, 1, 1, 1, 1, 1, 1, 1, 1, 1, 1, 1, 1, 1, 1, 1, 1, 1, 1, 1, 1, 1, 1, 1, 1, 1, 1, 1, 1, 1, 1, 1, 1, 1, 1, 1, 1, 1, 1, 1, 1, 1], [1, 1, 1, 1, 1, 1, 1, 1, 1, 1, 1, 1, 1, 1, 1, 1, 1, 1, 1, 1, 1, 1, 1, 1, 1, 1, 1, 1, 1, 1, 1, 1, 1, 1, 1, 1, 1, 1, 1, 1, 1, 1, 1, 1, 1, 1, 1, 1, 1, 1]]

means=tensor([4.5491e-05, 0.0000e+00, 0.0000e+00, 1.2144e-04, 1.6623e-05, 8.6856e-05,
        2.4312e-05, 2.4451e-05, 0.0000e+00, 0.0000e+00, 0.0000e+00, 5.6691e-06,
        3.5188e-04, 1.3439e-05, 8.6357e-05, 1.1047e-04, 3.4698e-05, 2.5816e-05,
        5.5479e-05, 2.6026e-05, 1.8105e-06, 4.7934e-05, 1.5037e-05, 9.9331e-05,
        1.2998e-05, 5.5243e-05, 4.4760e-05, 2.3065e-05, 7.0170e-05, 4.9188e-05,
        1.9289e-05, 5.4686e-05, 4.6997e-05, 2.6557e-05, 2.5467e-06, 1.5493e-05,
        1.8670e-06, 1.8259e-05, 2.3926e-05, 1.0689e-04, 6.9450e-05, 3.5724e-06,
        1.3591e-04, 9.4184e-06, 7.8853e-05, 4.8111e-07, 1.2471e-05, 8.3585e-06,
        3.7119e-05, 2.8947e-05, 5.4084e-06, 4.5047e-05, 1.5362e-05, 3.4663e-05,
        3.2702e-05, 2.3349e-05, 6.6466e-06, 1.8725e-05, 9.0315e-05, 1.4076e-04,
        6.0274e-05, 3.4691e-05, 7.0064e-05, 1.4148e-04, 4.9488e-05, 4.7323e-05,
        1.4357e-05, 7.9391e-05, 2.7049e-05, 1.7292e-05, 6.8739e-05, 5.4271e-05,
        6.2381e-05, 1.9532e-05, 6.9810e-06, 4.6896e-05, 8.0057e-05, 3.9237e-05,
        5.6998e-06, 1.8997e-05, 5.0119e-05, 1.0811e-04, 2.5102e-05, 7.3565e-05,
        7.2217e-05, 5.1640e-05, 1.6962e-05, 1.8305e-05, 1.3595e-04, 1.6137e-05,
        4.9110e-05, 4.6234e-05, 2.6910e-05, 2.4569e-05, 4.2991e-05, 1.1629e-04,
        7.6591e-05, 1.0819e-04, 3.9531e-05, 1.4250e-05, 8.8069e-05, 6.7859e-06,
        1.5098e-04, 2.6672e-05, 4.1271e-05, 3.8454e-05, 2.7595e-05, 3.2634e-05,
        3.3084e-05, 4.0501e-05, 3.8751e-05, 1.9653e-05, 3.9835e-05],
       grad_fn=<CatBackward>)

mean_overall=tensor(4.6052e-05, grad_fn=<MeanBackward0>)

-----------------------------------------------ITERATION30-----------------------------------------------

final_causality=[[1, 1, 1, 1, 1, 1, 1, 1, 1, 1, 1, 1, 1], [1, 1, 1, 1, 1, 1, 1, 1, 1, 1, 1, 1, 1, 1, 1, 1, 1, 1, 1, 1, 1, 1, 1, 1, 1, 1, 1, 1, 1, 1, 1, 1, 1, 1, 1, 1, 1, 1, 1, 1, 1, 1, 1, 1, 1, 1, 1, 1, 1, 1], [1, 1, 1, 1, 1, 1, 1, 1, 1, 1, 1, 1, 1, 1, 1, 1, 1, 1, 1, 1, 1, 1, 1, 1, 1, 1, 1, 1, 1, 1, 1, 1, 1, 1, 1, 1, 1, 1, 1, 1, 1, 1, 1, 1, 1, 1, 1, 1, 1, 1]]

means=tensor([1.4772e-05, 2.7756e-17, 2.7756e-17, 1.6596e-04, 1.5285e-05, 9.5546e-05,
        2.1175e-05, 2.7301e-05, 2.7756e-17, 2.7756e-17, 2.7756e-17, 5.1594e-07,
        3.7820e-04, 1.2228e-05, 8.7702e-05, 1.0864e-04, 3.3099e-05, 3.8596e-05,
        6.1497e-05, 3.0453e-05, 3.8814e-06, 4.9153e-05, 2.1276e-05, 9.9121e-05,
        1.1461e-05, 5.5572e-05, 4.9535e-05, 1.9610e-05, 6.7860e-05, 6.0716e-05,
        1.8186e-05, 5.4909e-05, 4.2928e-05, 2.0492e-05, 1.3977e-06, 2.0016e-05,
        5.2115e-06, 2.5142e-05, 2.8839e-05, 1.0451e-04, 6.8724e-05, 1.8873e-06,
        1.3056e-04, 7.3505e-06, 7.7814e-05, 2.4417e-06, 1.0266e-05, 1.2702e-05,
        4.0361e-05, 3.2119e-05, 7.2801e-06, 4.2954e-05, 1.1743e-05, 3.0551e-05,
        2.9139e-05, 2.2281e-05, 6.1132e-08, 1.6540e-05, 8.7657e-05, 1.3404e-04,
        5.8143e-05, 2.9992e-05, 6.1197e-05, 1.4012e-04, 4.7769e-05, 4.6895e-05,
        1.4864e-05, 7.9975e-05, 2.7146e-05, 1.7193e-05, 7.0748e-05, 5.5238e-05,
        6.2934e-05, 1.8355e-05, 6.2745e-06, 4.6267e-05, 8.3343e-05, 3.8397e-05,
        6.8399e-06, 1.9510e-05, 4.9301e-05, 1.0789e-04, 2.5055e-05, 7.3783e-05,
        7.4199e-05, 5.4881e-05, 1.7184e-05, 1.7671e-05, 1.3896e-04, 1.5525e-05,
        5.1378e-05, 4.7581e-05, 2.7571e-05, 2.8215e-05, 4.4404e-05, 1.1838e-04,
        7.7849e-05, 1.0987e-04, 3.8130e-05, 1.4222e-05, 8.6742e-05, 7.3256e-06,
        1.5143e-04, 2.6821e-05, 4.1893e-05, 3.8634e-05, 2.8059e-05, 3.2773e-05,
        3.3405e-05, 4.1159e-05, 4.0384e-05, 1.8661e-05, 3.9725e-05],
       grad_fn=<CatBackward>)

mean_overall=tensor(4.6615e-05, grad_fn=<MeanBackward0>)

-----------------------------------------------ITERATION40-----------------------------------------------

final_causality=[[1, 1, 1, 1, 1, 1, 1, 1, 1, 1, 1, 1, 1], [1, 1, 1, 1, 1, 1, 1, 1, 1, 1, 1, 1, 1, 1, 1, 1, 1, 1, 1, 1, 1, 1, 1, 1, 1, 1, 1, 1, 1, 1, 1, 1, 1, 1, 1, 1, 1, 1, 1, 1, 1, 1, 1, 1, 1, 1, 1, 1, 1, 1], [1, 1, 1, 1, 1, 1, 1, 1, 1, 1, 1, 1, 1, 1, 1, 1, 1, 1, 1, 1, 1, 1, 1, 1, 1, 1, 1, 1, 1, 1, 1, 1, 1, 1, 1, 1, 1, 1, 1, 1, 1, 1, 1, 1, 1, 1, 1, 1, 1, 1]]

means=tensor([1.3341e-05, 0.0000e+00, 0.0000e+00, 2.1266e-04, 1.3965e-05, 1.0656e-04,
        1.7765e-05, 2.9955e-05, 0.0000e+00, 0.0000e+00, 0.0000e+00, 4.8789e-06,
        4.0629e-04, 1.1547e-05, 8.9504e-05, 1.0739e-04, 3.2185e-05, 5.2308e-05,
        6.8045e-05, 3.4857e-05, 5.9450e-06, 5.0301e-05, 2.7512e-05, 9.9191e-05,
        1.0227e-05, 5.6875e-05, 5.4517e-05, 1.6248e-05, 6.5821e-05, 7.3306e-05,
        1.7384e-05, 5.4863e-05, 3.8953e-05, 1.4814e-05, 5.6830e-06, 2.4851e-05,
        8.8021e-06, 3.2649e-05, 3.3840e-05, 1.0235e-04, 7.0018e-05, 2.1707e-07,
        1.2631e-04, 5.3525e-06, 7.6966e-05, 4.4971e-06, 8.4861e-06, 1.7074e-05,
        4.2998e-05, 3.5478e-05, 8.9156e-06, 4.1001e-05, 8.3339e-06, 2.6356e-05,
        2.5386e-05, 2.1168e-05, 7.0458e-06, 1.4499e-05, 8.5170e-05, 1.2750e-04,
        5.6033e-05, 2.5742e-05, 5.2609e-05, 1.3921e-04, 4.6120e-05, 4.6360e-05,
        1.5286e-05, 8.0438e-05, 2.7364e-05, 1.7063e-05, 7.2736e-05, 5.6188e-05,
        6.6649e-05, 1.7211e-05, 5.6416e-06, 4.6049e-05, 8.6805e-05, 3.8882e-05,
        8.1099e-06, 2.0064e-05, 4.8594e-05, 1.0783e-04, 2.5626e-05, 7.4147e-05,
        7.6428e-05, 5.8423e-05, 1.7378e-05, 1.7052e-05, 1.4205e-04, 1.4927e-05,
        5.4025e-05, 4.9045e-05, 2.8244e-05, 3.2045e-05, 4.6297e-05, 1.2045e-04,
        7.9044e-05, 1.1140e-04, 3.6813e-05, 1.4163e-05, 8.5405e-05, 7.8458e-06,
        1.5261e-04, 2.6975e-05, 4.2471e-05, 3.8679e-05, 2.8541e-05, 3.2852e-05,
        3.5022e-05, 4.1926e-05, 4.2173e-05, 1.7706e-05, 3.9526e-05],
       grad_fn=<CatBackward>)

mean_overall=tensor(4.7951e-05, grad_fn=<MeanBackward0>)

-----------------------------------------------ITERATION50-----------------------------------------------

final_causality=[[1, 1, 1, 1, 1, 1, 1, 1, 1, 1, 1, 1, 1], [1, 1, 1, 1, 1, 1, 1, 1, 1, 1, 1, 1, 1, 1, 1, 1, 1, 1, 1, 1, 1, 1, 1, 1, 1, 1, 1, 1, 1, 1, 1, 1, 1, 1, 1, 1, 1, 1, 1, 1, 1, 1, 1, 1, 1, 1, 1, 1, 1, 1], [1, 1, 1, 1, 1, 1, 1, 1, 1, 1, 1, 1, 1, 1, 1, 1, 1, 1, 1, 1, 1, 1, 1, 1, 1, 1, 1, 1, 1, 1, 1, 1, 1, 1, 1, 1, 1, 1, 1, 1, 1, 1, 1, 1, 1, 1, 1, 1, 1, 1]]

means=tensor([5.0715e-05, 2.7756e-17, 2.7756e-17, 2.6636e-04, 1.0104e-05, 1.2003e-04,
        2.0659e-05, 3.1539e-05, 2.7756e-17, 0.0000e+00, 2.7756e-17, 2.4861e-07,
        4.5151e-04, 1.7278e-05, 9.5834e-05, 1.1497e-04, 4.0347e-05, 5.6163e-05,
        6.9659e-05, 3.2919e-05, 5.4068e-06, 4.9932e-05, 2.5497e-05, 1.0543e-04,
        1.3795e-05, 6.5482e-05, 5.4539e-05, 1.7070e-05, 7.1516e-05, 7.8338e-05,
        2.1874e-05, 5.1769e-05, 4.0552e-05, 1.4073e-05, 5.5692e-06, 2.5290e-05,
        9.4366e-06, 3.4801e-05, 3.3768e-05, 1.0429e-04, 7.4063e-05, 1.0410e-06,
        1.3074e-04, 6.1545e-06, 8.1115e-05, 4.1912e-06, 1.3189e-05, 1.5569e-05,
        3.6543e-05, 3.5581e-05, 6.0181e-06, 4.2085e-05, 1.2203e-05, 2.7339e-05,
        2.6590e-05, 2.2337e-05, 6.8675e-06, 1.5302e-05, 8.9017e-05, 1.2758e-04,
        5.5882e-05, 2.7477e-05, 5.0822e-05, 1.3867e-04, 4.6348e-05, 4.6492e-05,
        1.5509e-05, 7.9520e-05, 2.8972e-05, 1.6299e-05, 7.3268e-05, 5.5760e-05,
        7.0609e-05, 1.7596e-05, 6.2382e-06, 4.8192e-05, 8.8587e-05, 4.5457e-05,
        8.2254e-06, 1.9924e-05, 4.8606e-05, 1.0913e-04, 2.6291e-05, 7.4196e-05,
        7.7616e-05, 6.3473e-05, 1.6705e-05, 1.7554e-05, 1.4396e-04, 1.4552e-05,
        5.6133e-05, 5.1814e-05, 2.8008e-05, 3.5745e-05, 5.0597e-05, 1.2095e-04,
        7.9778e-05, 1.1285e-04, 3.5793e-05, 1.4239e-05, 8.5103e-05, 7.3988e-06,
        1.5804e-04, 2.6875e-05, 4.1865e-05, 3.8147e-05, 3.0191e-05, 3.3860e-05,
        3.7491e-05, 4.4157e-05, 4.3410e-05, 1.7981e-05, 4.0095e-05],
       grad_fn=<CatBackward>)

mean_overall=tensor(5.0467e-05, grad_fn=<MeanBackward0>)

-----------------------------------------------ITERATION60-----------------------------------------------

final_causality=[[1, 1, 1, 1, 1, 1, 1, 1, 1, 1, 1, 1, 1], [1, 1, 1, 1, 1, 1, 1, 1, 1, 1, 1, 1, 1, 1, 1, 1, 1, 1, 1, 1, 1, 1, 1, 1, 1, 1, 1, 1, 1, 1, 1, 1, 1, 1, 1, 1, 1, 1, 1, 1, 1, 1, 1, 1, 1, 1, 1, 1, 1, 1], [1, 1, 1, 1, 1, 1, 1, 1, 1, 1, 1, 1, 1, 1, 1, 1, 1, 1, 1, 1, 1, 1, 1, 1, 1, 1, 1, 1, 1, 1, 1, 1, 1, 1, 1, 1, 1, 1, 1, 1, 1, 1, 1, 1, 1, 1, 1, 1, 1, 1]]

means=tensor([9.4806e-05, 0.0000e+00, 0.0000e+00, 3.2530e-04, 5.8444e-06, 1.3554e-04,
        2.3455e-05, 3.3444e-05, 0.0000e+00, 2.7756e-17, 0.0000e+00, 2.0170e-06,
        5.0246e-04, 2.3801e-05, 1.0293e-04, 1.2318e-04, 4.9463e-05, 6.1453e-05,
        7.1767e-05, 3.1175e-05, 4.9638e-06, 5.0318e-05, 2.3703e-05, 1.1215e-04,
        1.7965e-05, 7.5109e-05, 5.4891e-05, 1.7928e-05, 7.7687e-05, 8.4769e-05,
        2.6995e-05, 4.9782e-05, 4.2134e-05, 1.3194e-05, 5.7197e-06, 2.6190e-05,
        1.0447e-05, 3.7759e-05, 3.4214e-05, 1.0619e-04, 7.8349e-05, 1.8486e-06,
        1.3524e-04, 6.9954e-06, 8.5617e-05, 4.0116e-06, 1.8523e-05, 1.4232e-05,
        3.0167e-05, 3.5899e-05, 3.0838e-06, 4.3112e-05, 1.6365e-05, 2.8198e-05,
        2.7702e-05, 2.3692e-05, 7.2378e-06, 1.6144e-05, 9.3064e-05, 1.2746e-04,
        5.5641e-05, 2.9200e-05, 4.8701e-05, 1.3832e-04, 4.6531e-05, 4.6565e-05,
        1.5755e-05, 7.8549e-05, 3.0761e-05, 1.6071e-05, 7.6061e-05, 5.5283e-05,
        7.4931e-05, 1.7957e-05, 6.9437e-06, 5.0615e-05, 9.0714e-05, 5.2700e-05,
        8.4277e-06, 1.9901e-05, 4.8745e-05, 1.1051e-04, 2.7048e-05, 7.4450e-05,
        7.9278e-05, 6.9147e-05, 1.6255e-05, 1.8063e-05, 1.4622e-04, 1.4114e-05,
        5.8482e-05, 5.4857e-05, 2.7782e-05, 3.9779e-05, 5.5625e-05, 1.2152e-04,
        8.0671e-05, 1.1431e-04, 3.4667e-05, 1.4288e-05, 8.4715e-05, 6.9780e-06,
        1.6428e-04, 2.6895e-05, 4.1186e-05, 3.7611e-05, 3.4395e-05, 3.5029e-05,
        4.0381e-05, 4.6685e-05, 4.4849e-05, 1.8237e-05, 4.0641e-05],
       grad_fn=<CatBackward>)

mean_overall=tensor(5.3478e-05, grad_fn=<MeanBackward0>)

-----------------------------------------------ITERATION70-----------------------------------------------

final_causality=[[1, 1, 1, 1, 1, 1, 1, 1, 1, 1, 1, 1, 1], [1, 1, 1, 1, 1, 1, 1, 1, 1, 1, 1, 1, 1, 1, 1, 1, 1, 1, 1, 1, 1, 1, 1, 1, 1, 1, 1, 1, 1, 1, 1, 1, 1, 1, 1, 1, 1, 1, 1, 1, 1, 1, 1, 1, 1, 1, 1, 1, 1, 1], [1, 1, 1, 1, 1, 1, 1, 1, 1, 1, 1, 1, 1, 1, 1, 1, 1, 1, 1, 1, 1, 1, 1, 1, 1, 1, 1, 1, 1, 1, 1, 1, 1, 1, 1, 1, 1, 1, 1, 1, 1, 1, 1, 1, 1, 1, 1, 1, 1, 1]]

means=tensor([1.4478e-04, 2.7756e-17, 2.7756e-17, 3.8780e-04, 2.0709e-06, 1.5230e-04,
        2.3698e-05, 3.6054e-05, 2.7756e-17, 2.7756e-17, 2.7756e-17, 2.0716e-06,
        5.5376e-04, 2.8827e-05, 1.0916e-04, 1.2840e-04, 5.6527e-05, 7.2483e-05,
        7.6787e-05, 3.2267e-05, 5.6747e-06, 5.1951e-05, 2.5591e-05, 1.1702e-04,
        2.0748e-05, 8.3217e-05, 5.7724e-05, 1.7027e-05, 8.1046e-05, 9.6079e-05,
        3.0803e-05, 4.8906e-05, 4.1707e-05, 1.0436e-05, 8.1447e-06, 2.9527e-05,
        1.3324e-05, 4.4198e-05, 3.7075e-05, 1.0675e-04, 8.1812e-05, 1.6588e-06,
        1.3686e-04, 6.6806e-06, 8.8472e-05, 5.0275e-06, 2.2039e-05, 1.5575e-05,
        2.7185e-05, 3.7840e-05, 1.9149e-06, 4.3051e-05, 1.7833e-05, 2.6746e-05,
        2.6851e-05, 2.4215e-05, 1.1277e-05, 1.5820e-05, 9.5071e-05, 1.2450e-04,
        5.4489e-05, 2.8789e-05, 4.3873e-05, 1.3812e-04, 4.5927e-05, 4.6348e-05,
        1.6102e-05, 7.7937e-05, 3.2167e-05, 1.6120e-05, 8.2045e-05, 5.5458e-05,
        7.9517e-05, 1.7672e-05, 7.2181e-06, 5.2559e-05, 9.3892e-05, 6.0222e-05,
        9.2938e-06, 2.0300e-05, 4.8769e-05, 1.1159e-04, 3.1090e-05, 7.4864e-05,
        8.2190e-05, 7.4750e-05, 1.6547e-05, 1.8812e-05, 1.4949e-04, 1.3570e-05,
        6.1353e-05, 5.7655e-05, 2.7995e-05, 4.4292e-05, 6.0656e-05, 1.2298e-04,
        8.2124e-05, 1.1804e-04, 3.3366e-05, 1.4223e-05, 8.3758e-05, 6.9484e-06,
        1.6983e-04, 2.7187e-05, 4.0907e-05, 3.7586e-05, 3.8943e-05, 3.5954e-05,
        4.3229e-05, 4.8884e-05, 4.6815e-05, 1.7975e-05, 4.0927e-05],
       grad_fn=<CatBackward>)

mean_overall=tensor(5.6688e-05, grad_fn=<MeanBackward0>)

-----------------------------------------------ITERATION80-----------------------------------------------

final_causality=[[1, 1, 1, 1, 1, 1, 1, 1, 1, 1, 1, 1, 1], [1, 1, 1, 1, 1, 1, 1, 1, 1, 1, 1, 1, 1, 1, 1, 1, 1, 1, 1, 1, 1, 1, 1, 1, 1, 1, 1, 1, 1, 1, 1, 1, 1, 1, 1, 1, 1, 1, 1, 1, 1, 1, 1, 1, 1, 1, 1, 1, 1, 1], [1, 1, 1, 1, 1, 1, 1, 1, 1, 1, 1, 1, 1, 1, 1, 1, 1, 1, 1, 1, 1, 1, 1, 1, 1, 1, 1, 1, 1, 1, 1, 1, 1, 1, 1, 1, 1, 1, 1, 1, 1, 1, 1, 1, 1, 1, 1, 1, 1, 1]]

means=tensor([1.9983e-04, 0.0000e+00, 0.0000e+00, 4.5636e-04, 1.8407e-06, 1.7116e-04,
        2.4630e-05, 3.8831e-05, 0.0000e+00, 0.0000e+00, 0.0000e+00, 1.7307e-06,
        6.1245e-04, 3.5468e-05, 1.1655e-04, 1.3513e-04, 6.5694e-05, 8.3490e-05,
        8.1703e-05, 3.2803e-05, 6.1695e-06, 5.3406e-05, 2.6768e-05, 1.2308e-04,
        2.4613e-05, 9.3215e-05, 6.0280e-05, 1.6553e-05, 8.5638e-05, 1.0765e-04,
        3.5937e-05, 4.7687e-05, 4.2003e-05, 8.2155e-06, 1.0404e-05, 3.2721e-05,
        1.6303e-05, 5.0801e-05, 3.9621e-05, 1.0795e-04, 8.5814e-05, 1.7591e-06,
        1.3971e-04, 6.6881e-06, 9.2125e-05, 5.9044e-06, 2.7028e-05, 1.6446e-05,
        2.3245e-05, 3.9551e-05, 2.7008e-07, 4.3423e-05, 2.0354e-05, 2.5791e-05,
        2.6595e-05, 2.5082e-05, 1.4843e-05, 1.5979e-05, 9.8070e-05, 1.2220e-04,
        5.3511e-05, 2.9215e-05, 3.9802e-05, 1.3796e-04, 4.5486e-05, 4.6209e-05,
        1.6471e-05, 7.7055e-05, 3.3887e-05, 1.6317e-05, 8.8477e-05, 5.5902e-05,
        8.4409e-05, 1.7541e-05, 7.7085e-06, 5.4897e-05, 9.7124e-05, 6.8365e-05,
        1.0120e-05, 2.0755e-05, 4.8763e-05, 1.1300e-04, 3.5573e-05, 7.5281e-05,
        8.5411e-05, 8.0884e-05, 1.6792e-05, 1.9818e-05, 1.5297e-04, 1.3021e-05,
        6.4262e-05, 6.0824e-05, 2.8149e-05, 4.9061e-05, 6.6515e-05, 1.2444e-04,
        8.3749e-05, 1.2659e-04, 3.2004e-05, 1.4119e-05, 8.2796e-05, 6.8223e-06,
        1.7664e-04, 2.7622e-05, 4.0406e-05, 3.7502e-05, 4.3848e-05, 3.7138e-05,
        4.6334e-05, 5.1487e-05, 4.8925e-05, 1.7823e-05, 4.1347e-05],
       grad_fn=<CatBackward>)

mean_overall=tensor(6.0431e-05, grad_fn=<MeanBackward0>)

-----------------------------------------------ITERATION90-----------------------------------------------

final_causality=[[1, 1, 1, 1, 1, 1, 1, 1, 1, 1, 1, 1, 1], [1, 1, 1, 1, 1, 1, 1, 1, 1, 1, 1, 1, 1, 1, 1, 1, 1, 1, 1, 1, 1, 1, 1, 1, 1, 1, 1, 1, 1, 1, 1, 1, 1, 1, 1, 1, 1, 1, 1, 1, 1, 1, 1, 1, 1, 1, 1, 1, 1, 1], [1, 1, 1, 1, 1, 1, 1, 1, 1, 1, 1, 1, 1, 1, 1, 1, 1, 1, 1, 1, 1, 1, 1, 1, 1, 1, 1, 1, 1, 1, 1, 1, 1, 1, 1, 1, 1, 1, 1, 1, 1, 1, 1, 1, 1, 1, 1, 1, 1, 1]]

means=tensor([2.6070e-04, 2.7756e-17, 2.7756e-17, 5.3214e-04, 7.4927e-06, 1.9261e-04,
        2.6460e-05, 4.1887e-05, 2.7756e-17, 2.7756e-17, 2.7756e-17, 2.6337e-06,
        6.7983e-04, 4.4093e-05, 1.2534e-04, 1.4393e-04, 7.7018e-05, 9.4594e-05,
        8.6243e-05, 3.2523e-05, 6.3624e-06, 5.4587e-05, 2.6908e-05, 1.3044e-04,
        3.0101e-05, 1.0548e-04, 6.2431e-05, 1.6704e-05, 9.1973e-05, 1.1953e-04,
        4.2654e-05, 4.6140e-05, 4.2991e-05, 6.6453e-06, 1.2297e-05, 3.5681e-05,
        1.9277e-05, 5.7334e-05, 4.1941e-05, 1.0969e-04, 9.0402e-05, 2.2144e-06,
        1.4385e-04, 7.1919e-06, 9.6854e-05, 6.5674e-06, 3.3953e-05, 1.6545e-05,
        1.8251e-05, 4.0984e-05, 2.5978e-06, 4.4844e-05, 2.4356e-05, 2.5583e-05,
        2.6986e-05, 2.6436e-05, 1.7836e-05, 1.6732e-05, 1.0204e-04, 1.2100e-04,
        5.2825e-05, 3.0458e-05, 3.6559e-05, 1.3775e-04, 4.5249e-05, 4.6131e-05,
        1.6871e-05, 7.5963e-05, 3.6005e-05, 1.6511e-05, 9.5359e-05, 5.7037e-05,
        8.9791e-05, 1.7615e-05, 8.5024e-06, 5.7792e-05, 1.0047e-04, 7.7278e-05,
        1.0860e-05, 2.1280e-05, 4.8820e-05, 1.1468e-04, 4.0575e-05, 7.6796e-05,
        8.8923e-05, 8.7825e-05, 1.6950e-05, 2.1114e-05, 1.5665e-04, 1.2424e-05,
        6.7305e-05, 6.4447e-05, 2.8159e-05, 5.4194e-05, 7.3340e-05, 1.2571e-04,
        8.5623e-05, 1.3581e-04, 3.0980e-05, 1.3981e-05, 8.2276e-05, 6.5804e-06,
        1.8495e-04, 2.8230e-05, 3.9624e-05, 3.7417e-05, 4.9588e-05, 3.8693e-05,
        4.9868e-05, 5.4651e-05, 5.1176e-05, 1.7821e-05, 4.1860e-05],
       grad_fn=<CatBackward>)

mean_overall=tensor(6.4860e-05, grad_fn=<MeanBackward0>)

-----------------------------------------------ITERATION100-----------------------------------------------

final_causality=[[1, 1, 1, 1, 1, 1, 1, 1, 1, 1, 1, 1, 1], [1, 1, 1, 1, 1, 1, 1, 1, 1, 1, 1, 1, 1, 1, 1, 1, 1, 1, 1, 1, 1, 1, 1, 1, 1, 1, 1, 1, 1, 1, 1, 1, 1, 1, 1, 1, 1, 1, 1, 1, 1, 1, 1, 1, 1, 1, 1, 1, 1, 1], [1, 1, 1, 1, 1, 1, 1, 1, 1, 1, 1, 1, 1, 1, 1, 1, 1, 1, 1, 1, 1, 1, 1, 1, 1, 1, 1, 1, 1, 1, 1, 1, 1, 1, 1, 1, 1, 1, 1, 1, 1, 1, 1, 1, 1, 1, 1, 1, 1, 1]]

means=tensor([3.2797e-04, 2.7756e-17, 2.7756e-17, 6.1463e-04, 1.3742e-05, 2.1620e-04,
        2.7878e-05, 4.5495e-05, 2.7756e-17, 2.7756e-17, 2.7756e-17, 3.6996e-06,
        7.5336e-04, 5.3467e-05, 1.3462e-04, 1.5286e-04, 8.8796e-05, 1.0855e-04,
        9.1839e-05, 3.2908e-05, 6.8405e-06, 5.6159e-05, 2.7935e-05, 1.3777e-04,
        3.6195e-05, 1.1864e-04, 6.5418e-05, 1.6526e-05, 9.8256e-05, 1.3393e-04,
        4.9844e-05, 4.4903e-05, 4.3520e-05, 4.7798e-06, 1.5025e-05, 3.9652e-05,
        2.3184e-05, 6.5435e-05, 4.5243e-05, 1.1114e-04, 9.4953e-05, 2.4680e-06,
        1.4756e-04, 7.5145e-06, 1.0161e-04, 7.7082e-06, 4.1457e-05, 1.7273e-05,
        1.4034e-05, 4.3003e-05, 5.7812e-06, 4.7660e-05, 2.8230e-05, 2.4915e-05,
        2.6927e-05, 2.7693e-05, 2.2239e-05, 1.7296e-05, 1.0568e-04, 1.1984e-04,
        5.1991e-05, 3.1254e-05, 3.2819e-05, 1.3743e-04, 4.4797e-05, 4.5960e-05,
        1.7347e-05, 7.4907e-05, 3.8212e-05, 1.6740e-05, 1.0298e-04, 5.8359e-05,
        9.5703e-05, 1.7551e-05, 9.2878e-06, 6.1280e-05, 1.0440e-04, 8.6964e-05,
        1.1940e-05, 2.2056e-05, 4.8907e-05, 1.1636e-04, 4.6000e-05, 7.9533e-05,
        9.3112e-05, 9.5290e-05, 1.7180e-05, 2.2412e-05, 1.6096e-04, 1.1734e-05,
        7.1163e-05, 6.8226e-05, 2.8251e-05, 5.9876e-05, 8.0717e-05, 1.2720e-04,
        8.7805e-05, 1.4542e-04, 3.0586e-05, 1.3768e-05, 8.4944e-05, 6.4238e-06,
        1.9395e-04, 2.9120e-05, 3.8813e-05, 3.7414e-05, 5.6420e-05, 4.0401e-05,
        5.4359e-05, 5.8047e-05, 5.3779e-05, 1.7698e-05, 4.2297e-05],
       grad_fn=<CatBackward>)

mean_overall=tensor(6.9826e-05, grad_fn=<MeanBackward0>)

-----------------------------------------------ITERATION110-----------------------------------------------

final_causality=[[1, 1, 1, 1, 1, 1, 1, 1, 1, 1, 1, 1, 1], [1, 1, 1, 1, 1, 1, 1, 1, 1, 1, 1, 1, 1, 1, 1, 1, 1, 1, 1, 1, 1, 1, 1, 1, 1, 1, 1, 1, 1, 1, 1, 1, 1, 1, 1, 1, 1, 1, 1, 1, 1, 1, 1, 1, 1, 1, 1, 1, 1, 1], [1, 1, 1, 1, 1, 1, 1, 1, 1, 1, 1, 1, 1, 1, 1, 1, 1, 1, 1, 1, 1, 1, 1, 1, 1, 1, 1, 1, 1, 1, 1, 1, 1, 1, 1, 1, 1, 1, 1, 1, 1, 1, 1, 1, 1, 1, 1, 1, 1, 1]]

means=tensor([4.0233e-04, 0.0000e+00, 0.0000e+00, 7.0510e-04, 2.0831e-05, 2.4251e-04,
        2.9403e-05, 4.9627e-05, 0.0000e+00, 0.0000e+00, 0.0000e+00, 1.3753e-05,
        8.3510e-04, 6.4322e-05, 1.4482e-04, 1.6279e-04, 1.0179e-04, 1.2448e-04,
        9.7964e-05, 3.3380e-05, 7.4469e-06, 5.7880e-05, 2.9090e-05, 1.4564e-04,
        4.3565e-05, 1.3336e-04, 6.8770e-05, 1.6424e-05, 1.0530e-04, 1.5018e-04,
        5.8250e-05, 4.3746e-05, 4.4137e-05, 2.9632e-06, 1.8204e-05, 4.4241e-05,
        2.7750e-05, 7.4554e-05, 4.9118e-05, 1.1262e-04, 9.9726e-05, 2.7457e-06,
        1.5150e-04, 7.9061e-06, 1.0685e-04, 9.1134e-06, 5.0329e-05, 1.8090e-05,
        9.8727e-06, 4.5303e-05, 9.3845e-06, 5.0731e-05, 3.2716e-05, 2.4280e-05,
        2.6844e-05, 2.9102e-05, 2.7489e-05, 1.7933e-05, 1.0948e-04, 1.1887e-04,
        5.1223e-05, 3.2098e-05, 2.9154e-05, 1.3688e-04, 4.4285e-05, 4.5754e-05,
        1.7905e-05, 7.8125e-05, 4.0666e-05, 1.6980e-05, 1.1175e-04, 5.9722e-05,
        1.0225e-04, 1.7487e-05, 1.0213e-05, 6.5236e-05, 1.0881e-04, 9.9314e-05,
        1.3249e-05, 2.3057e-05, 4.9019e-05, 1.1817e-04, 5.1938e-05, 8.4831e-05,
        9.7871e-05, 1.0364e-04, 1.7423e-05, 2.3845e-05, 1.6580e-04, 1.1463e-05,
        7.5789e-05, 7.2372e-05, 2.8321e-05, 6.6129e-05, 8.8832e-05, 1.2874e-04,
        9.1563e-05, 1.5586e-04, 3.0175e-05, 1.3478e-05, 8.7959e-05, 6.2706e-06,
        2.0405e-04, 3.0302e-05, 3.7835e-05, 3.7470e-05, 6.3901e-05, 4.2395e-05,
        5.9444e-05, 6.1868e-05, 5.6692e-05, 1.7561e-05, 4.2721e-05],
       grad_fn=<CatBackward>)

mean_overall=tensor(7.5554e-05, grad_fn=<MeanBackward0>)

-----------------------------------------------ITERATION120-----------------------------------------------

final_causality=[[1, 1, 1, 1, 1, 1, 1, 1, 1, 1, 1, 1, 1], [1, 1, 1, 1, 1, 1, 1, 1, 1, 1, 1, 1, 1, 1, 1, 1, 1, 1, 1, 1, 1, 1, 1, 1, 1, 1, 1, 1, 1, 1, 1, 1, 1, 1, 1, 1, 1, 1, 1, 1, 1, 1, 1, 1, 1, 1, 1, 1, 1, 1], [1, 1, 1, 1, 1, 1, 1, 1, 1, 1, 1, 1, 1, 1, 1, 1, 1, 1, 1, 1, 1, 1, 1, 1, 1, 1, 1, 1, 1, 1, 1, 1, 1, 1, 1, 1, 1, 1, 1, 1, 1, 1, 1, 1, 1, 1, 1, 1, 1, 1]]

means=tensor([4.8492e-04, 0.0000e+00, 0.0000e+00, 8.0488e-04, 2.8924e-05, 2.7210e-04,
        3.1236e-05, 5.4312e-05, 0.0000e+00, 0.0000e+00, 0.0000e+00, 2.7230e-05,
        9.2667e-04, 7.7130e-05, 1.5621e-04, 1.7411e-04, 1.1655e-04, 1.4192e-04,
        1.0440e-04, 3.3705e-05, 8.0865e-06, 5.9641e-05, 3.0062e-05, 1.5440e-04,
        5.2594e-05, 1.5009e-04, 7.2273e-05, 1.6573e-05, 1.1348e-04, 1.6791e-04,
        6.8545e-05, 4.2544e-05, 4.5250e-05, 1.3132e-06, 2.1699e-05, 4.9253e-05,
        3.2887e-05, 8.4496e-05, 5.3317e-05, 1.1436e-04, 1.0490e-04, 3.1678e-06,
        1.5607e-04, 8.5108e-06, 1.1280e-04, 1.0674e-05, 6.1104e-05, 1.8795e-05,
        5.4178e-06, 4.7716e-05, 1.3605e-05, 5.4234e-05, 3.8170e-05, 2.3883e-05,
        2.6987e-05, 3.0790e-05, 3.3259e-05, 1.8772e-05, 1.1526e-04, 1.1854e-04,
        5.0700e-05, 3.3312e-05, 2.5821e-05, 1.3598e-04, 4.3774e-05, 4.6796e-05,
        1.8562e-05, 8.2030e-05, 4.3476e-05, 1.7221e-05, 1.2227e-04, 6.1111e-05,
        1.0947e-04, 1.7489e-05, 1.1402e-05, 6.9703e-05, 1.1366e-04, 1.1262e-04,
        1.4692e-05, 2.4285e-05, 4.9138e-05, 1.2021e-04, 5.8486e-05, 9.4990e-05,
        1.0330e-04, 1.1351e-04, 1.7657e-05, 2.5503e-05, 1.7119e-04, 1.2917e-05,
        8.0764e-05, 7.7664e-05, 2.8346e-05, 7.2962e-05, 9.7831e-05, 1.3061e-04,
        9.9680e-05, 1.6703e-04, 2.9768e-05, 1.4796e-05, 9.1439e-05, 6.0832e-06,
        2.1559e-04, 3.1964e-05, 3.6598e-05, 3.7560e-05, 7.2175e-05, 4.4765e-05,
        6.4995e-05, 6.6231e-05, 5.9909e-05, 1.7459e-05, 4.3191e-05],
       grad_fn=<CatBackward>)

mean_overall=tensor(8.2163e-05, grad_fn=<MeanBackward0>)

-----------------------------------------------ITERATION130-----------------------------------------------

final_causality=[[1, 1, 1, 1, 1, 1, 1, 1, 1, 1, 1, 1, 1], [1, 1, 1, 1, 1, 1, 1, 1, 1, 1, 1, 1, 1, 1, 1, 1, 1, 1, 1, 1, 1, 1, 1, 1, 1, 1, 1, 1, 1, 1, 1, 1, 1, 1, 1, 1, 1, 1, 1, 1, 1, 1, 1, 1, 1, 1, 1, 1, 1, 1], [1, 1, 1, 1, 1, 1, 1, 1, 1, 1, 1, 1, 1, 1, 1, 1, 1, 1, 1, 1, 1, 1, 1, 1, 1, 1, 1, 1, 1, 1, 1, 1, 1, 1, 1, 1, 1, 1, 1, 1, 1, 1, 1, 1, 1, 1, 1, 1, 1, 1]]

means=tensor([5.7669e-04, 0.0000e+00, 0.0000e+00, 9.1463e-04, 3.8034e-05, 3.0505e-04,
        3.3067e-05, 5.9675e-05, 0.0000e+00, 2.7756e-17, 0.0000e+00, 4.2990e-05,
        1.0283e-03, 9.1681e-05, 1.6862e-04, 1.8632e-04, 1.3274e-04, 1.6177e-04,
        1.1161e-04, 3.4288e-05, 8.8778e-06, 6.1642e-05, 3.1378e-05, 1.6375e-04,
        6.3123e-05, 1.6966e-04, 7.7482e-05, 1.6713e-05, 1.2263e-04, 1.8781e-04,
        8.0314e-05, 4.1802e-05, 4.6412e-05, 3.3928e-07, 2.5929e-05, 5.5083e-05,
        3.8959e-05, 9.5851e-05, 5.8413e-05, 1.1618e-04, 1.1033e-04, 3.5984e-06,
        1.6087e-04, 9.1520e-06, 1.1921e-04, 1.2642e-05, 7.3555e-05, 1.9785e-05,
        1.0947e-06, 5.0495e-05, 1.8226e-05, 5.8012e-05, 4.4203e-05, 2.3399e-05,
        2.7095e-05, 3.2609e-05, 4.0172e-05, 1.9642e-05, 1.2280e-04, 1.1822e-04,
        5.0167e-05, 3.4621e-05, 2.2503e-05, 1.3463e-04, 4.3148e-05, 4.9480e-05,
        1.9349e-05, 8.6396e-05, 4.6584e-05, 1.7477e-05, 1.3377e-04, 6.2654e-05,
        1.1742e-04, 1.7468e-05, 1.2871e-05, 7.4578e-05, 1.1911e-04, 1.2681e-04,
        1.6398e-05, 2.5811e-05, 4.9251e-05, 1.2244e-04, 6.5641e-05, 1.0638e-04,
        1.0945e-04, 1.2423e-04, 1.7932e-05, 2.7320e-05, 1.7731e-04, 1.5082e-05,
        8.6182e-05, 8.3380e-05, 2.8394e-05, 8.0479e-05, 1.0764e-04, 1.3295e-04,
        1.0893e-04, 1.7892e-04, 2.9930e-05, 1.7522e-05, 9.5312e-05, 5.9080e-06,
        2.2841e-04, 3.4077e-05, 3.5137e-05, 3.7697e-05, 8.2203e-05, 4.7476e-05,
        7.0965e-05, 7.1068e-05, 6.3528e-05, 1.7319e-05, 4.3681e-05],
       grad_fn=<CatBackward>)

mean_overall=tensor(8.9613e-05, grad_fn=<MeanBackward0>)

-----------------------------------------------ITERATION140-----------------------------------------------

final_causality=[[1, 1, 1, 1, 1, 1, 1, 1, 1, 1, 1, 1, 1], [1, 1, 1, 1, 1, 1, 1, 1, 1, 1, 1, 1, 1, 1, 1, 1, 1, 1, 1, 1, 1, 1, 1, 1, 1, 1, 1, 1, 1, 1, 1, 1, 1, 1, 1, 1, 1, 1, 1, 1, 1, 1, 1, 1, 1, 1, 1, 1, 1, 1], [1, 1, 1, 1, 1, 1, 1, 1, 1, 1, 1, 1, 1, 1, 1, 1, 1, 1, 1, 1, 1, 1, 1, 1, 1, 1, 1, 1, 1, 1, 1, 1, 1, 1, 1, 1, 1, 1, 1, 1, 1, 1, 1, 1, 1, 1, 1, 1, 1, 1]]

means=tensor([6.7895e-04, 0.0000e+00, 0.0000e+00, 1.0359e-03, 4.8334e-05, 3.4205e-04,
        3.5000e-05, 6.5786e-05, 0.0000e+00, 0.0000e+00, 0.0000e+00, 6.1355e-05,
        1.1414e-03, 1.0832e-04, 1.8223e-04, 1.9968e-04, 1.5067e-04, 1.8394e-04,
        1.1950e-04, 3.5007e-05, 9.7790e-06, 6.3838e-05, 3.2876e-05, 1.7389e-04,
        7.5503e-05, 1.9153e-04, 8.4165e-05, 1.6943e-05, 1.3309e-04, 2.0982e-04,
        9.3902e-05, 4.1179e-05, 4.7762e-05, 2.1158e-06, 3.0873e-05, 6.1678e-05,
        4.5977e-05, 1.0859e-04, 6.4763e-05, 1.2097e-04, 1.1612e-04, 4.1068e-06,
        1.6609e-04, 9.9151e-06, 1.2620e-04, 1.5003e-05, 8.8105e-05, 2.0956e-05,
        3.1434e-06, 5.4602e-05, 2.3491e-05, 6.2497e-05, 5.1056e-05, 2.2941e-05,
        2.7294e-05, 3.4637e-05, 4.8160e-05, 2.0618e-05, 1.3097e-04, 1.1802e-04,
        4.9661e-05, 3.6185e-05, 1.9322e-05, 1.3268e-04, 4.2430e-05, 5.2745e-05,
        2.0293e-05, 9.2649e-05, 5.0076e-05, 1.7994e-05, 1.4631e-04, 6.6576e-05,
        1.2616e-04, 1.7460e-05, 1.4611e-05, 7.9958e-05, 1.2520e-04, 1.4196e-04,
        1.8364e-05, 2.7657e-05, 4.9354e-05, 1.3207e-04, 7.3470e-05, 1.1911e-04,
        1.1633e-04, 1.3594e-04, 1.8238e-05, 2.9362e-05, 1.8418e-04, 1.7512e-05,
        9.2065e-05, 8.9614e-05, 2.8449e-05, 8.8733e-05, 1.1877e-04, 1.3550e-04,
        1.1949e-04, 1.9165e-04, 3.0099e-05, 2.0730e-05, 9.9677e-05, 5.7208e-06,
        2.4278e-04, 3.6652e-05, 3.3371e-05, 3.7869e-05, 9.3506e-05, 5.0609e-05,
        7.7401e-05, 7.6476e-05, 6.7584e-05, 1.7167e-05, 4.4221e-05],
       grad_fn=<CatBackward>)

mean_overall=tensor(9.8171e-05, grad_fn=<MeanBackward0>)

-----------------------------------------------ITERATION150-----------------------------------------------

final_causality=[[1, 1, 1, 1, 1, 1, 1, 1, 1, 1, 1, 1, 1], [1, 1, 1, 1, 1, 1, 1, 1, 1, 1, 1, 1, 1, 1, 1, 1, 1, 1, 1, 1, 1, 1, 1, 1, 1, 1, 1, 1, 1, 1, 1, 1, 1, 1, 1, 1, 1, 1, 1, 1, 1, 1, 1, 1, 1, 1, 1, 1, 1, 1], [1, 1, 1, 1, 1, 1, 1, 1, 1, 1, 1, 1, 1, 1, 1, 1, 1, 1, 1, 1, 1, 1, 1, 1, 1, 1, 1, 1, 1, 1, 1, 1, 1, 1, 1, 1, 1, 1, 1, 1, 1, 1, 1, 1, 1, 1, 1, 1, 1, 1]]

means=tensor([7.9306e-04, 2.7756e-17, 2.7756e-17, 1.1702e-03, 6.0023e-05, 3.8369e-04,
        3.7059e-05, 7.2748e-05, 2.7756e-17, 0.0000e+00, 2.7756e-17, 8.2741e-05,
        1.2674e-03, 1.2729e-04, 1.9717e-04, 2.1432e-04, 1.7052e-04, 2.0858e-04,
        1.2809e-04, 3.5836e-05, 1.0786e-05, 6.6260e-05, 3.4520e-05, 1.8493e-04,
        9.0040e-05, 2.1594e-04, 9.1526e-05, 1.7339e-05, 1.4469e-04, 2.3403e-04,
        1.0957e-04, 4.0573e-05, 4.9355e-05, 4.0354e-06, 3.6593e-05, 6.9085e-05,
        5.4024e-05, 1.2283e-04, 7.1885e-05, 1.2700e-04, 1.2232e-04, 4.7260e-06,
        1.7181e-04, 1.0844e-05, 1.3388e-04, 1.7798e-05, 1.0509e-04, 2.2293e-05,
        8.4022e-06, 5.9406e-05, 2.9594e-05, 6.7598e-05, 5.8879e-05, 2.2545e-05,
        2.7626e-05, 3.6917e-05, 5.7297e-05, 2.1733e-05, 1.3987e-04, 1.1798e-04,
        4.9193e-05, 3.8070e-05, 1.6300e-05, 1.2999e-04, 4.1619e-05, 5.6682e-05,
        2.2043e-05, 1.0004e-04, 5.4017e-05, 1.9081e-05, 1.5996e-04, 7.5034e-05,
        1.3721e-04, 1.7475e-05, 1.6694e-05, 8.5913e-05, 1.3200e-04, 1.5816e-04,
        2.0616e-05, 2.9855e-05, 5.4601e-05, 1.4413e-04, 8.2023e-05, 1.3326e-04,
        1.2400e-04, 1.4876e-04, 1.8578e-05, 3.1679e-05, 1.9187e-04, 2.0254e-05,
        9.8460e-05, 9.6446e-05, 3.0749e-05, 9.7786e-05, 1.3259e-04, 1.4213e-04,
        1.3155e-04, 2.0537e-04, 3.0281e-05, 2.4473e-05, 1.0461e-04, 5.5117e-06,
        2.5892e-04, 3.9732e-05, 3.1476e-05, 3.8920e-05, 1.0584e-04, 5.4230e-05,
        8.5051e-05, 8.2532e-05, 7.2130e-05, 1.7010e-05, 4.4829e-05],
       grad_fn=<CatBackward>)

mean_overall=tensor(0.0001, grad_fn=<MeanBackward0>)

-----------------------------------------------ITERATION160-----------------------------------------------

final_causality=[[1, 1, 1, 1, 1, 1, 1, 1, 1, 1, 1, 1, 1], [1, 1, 1, 1, 1, 1, 1, 1, 1, 1, 1, 1, 1, 1, 1, 1, 1, 1, 1, 1, 1, 1, 1, 1, 1, 1, 1, 1, 1, 1, 1, 1, 1, 1, 1, 1, 1, 1, 1, 1, 1, 1, 1, 1, 1, 1, 1, 1, 1, 1], [1, 1, 1, 1, 1, 1, 1, 1, 1, 1, 1, 1, 1, 1, 1, 1, 1, 1, 1, 1, 1, 1, 1, 1, 1, 1, 1, 1, 1, 1, 1, 1, 1, 1, 1, 1, 1, 1, 1, 1, 1, 1, 1, 1, 1, 1, 1, 1, 1, 1]]

means=tensor([9.2028e-04, 2.7756e-17, 2.7756e-17, 1.3186e-03, 7.3294e-05, 4.3037e-04,
        3.9218e-05, 8.0683e-05, 2.7756e-17, 2.7756e-17, 2.7756e-17, 1.0736e-04,
        1.4075e-03, 1.4873e-04, 2.1348e-04, 2.3023e-04, 1.9232e-04, 2.3618e-04,
        1.3754e-04, 3.6871e-05, 1.1946e-05, 6.9188e-05, 3.6440e-05, 1.9685e-04,
        1.0693e-04, 2.4298e-04, 9.9719e-05, 1.7868e-05, 1.5743e-04, 2.6078e-04,
        1.2744e-04, 4.0030e-05, 5.1141e-05, 6.1620e-06, 4.3282e-05, 7.7484e-05,
        6.3302e-05, 1.3886e-04, 7.9946e-05, 1.3353e-04, 1.2892e-04, 5.4400e-06,
        1.7797e-04, 1.2181e-05, 1.4223e-04, 2.1163e-05, 1.2468e-04, 2.3897e-05,
        1.3934e-05, 6.4732e-05, 3.6641e-05, 7.3210e-05, 6.7683e-05, 2.2140e-05,
        2.8036e-05, 3.9436e-05, 6.7862e-05, 2.2962e-05, 1.4948e-04, 1.1803e-04,
        4.8741e-05, 4.0229e-05, 1.3360e-05, 1.2644e-04, 4.0680e-05, 6.1346e-05,
        2.4311e-05, 1.0818e-04, 5.8434e-05, 2.3057e-05, 1.7481e-04, 8.4336e-05,
        1.4943e-04, 1.7500e-05, 1.9158e-05, 9.2469e-05, 1.3961e-04, 1.7546e-04,
        2.3232e-05, 3.2451e-05, 6.1206e-05, 1.5750e-04, 9.1320e-05, 1.4891e-04,
        1.3254e-04, 1.6276e-04, 1.8965e-05, 3.4286e-05, 2.0047e-04, 2.3459e-05,
        1.0545e-04, 1.0391e-04, 3.5184e-05, 1.0773e-04, 1.4782e-04, 1.5299e-04,
        1.4525e-04, 2.2015e-04, 3.0470e-05, 2.8975e-05, 1.1014e-04, 5.2870e-06,
        2.7697e-04, 4.3367e-05, 2.9378e-05, 4.3751e-05, 1.1929e-04, 5.8377e-05,
        9.3491e-05, 8.9267e-05, 7.7242e-05, 1.6833e-05, 4.7080e-05],
       grad_fn=<CatBackward>)

mean_overall=tensor(0.0001, grad_fn=<MeanBackward0>)

-----------------------------------------------ITERATION170-----------------------------------------------

final_causality=[[1, 1, 1, 1, 1, 1, 1, 1, 1, 1, 1, 1, 1], [1, 1, 1, 1, 1, 1, 1, 1, 1, 1, 1, 1, 1, 1, 1, 1, 1, 1, 1, 1, 1, 1, 1, 1, 1, 1, 1, 1, 1, 1, 1, 1, 1, 1, 1, 1, 1, 1, 1, 1, 1, 1, 1, 1, 1, 1, 1, 1, 1, 1], [1, 1, 1, 1, 1, 1, 1, 1, 1, 1, 1, 1, 1, 1, 1, 1, 1, 1, 1, 1, 1, 1, 1, 1, 1, 1, 1, 1, 1, 1, 1, 1, 1, 1, 1, 1, 1, 1, 1, 1, 1, 1, 1, 1, 1, 1, 1, 1, 1, 1]]

means=tensor([1.0621e-03, 0.0000e+00, 0.0000e+00, 1.4829e-03, 8.8387e-05, 4.8276e-04,
        4.1524e-05, 8.9704e-05, 0.0000e+00, 0.0000e+00, 0.0000e+00, 1.3583e-04,
        1.5634e-03, 1.7292e-04, 2.3131e-04, 2.4758e-04, 2.1625e-04, 2.6691e-04,
        1.4785e-04, 3.8073e-05, 1.3432e-05, 7.2412e-05, 3.8587e-05, 2.0979e-04,
        1.2652e-04, 2.7293e-04, 1.0878e-04, 1.8533e-05, 1.7147e-04, 2.9018e-04,
        1.4780e-04, 3.9531e-05, 5.3182e-05, 8.5265e-06, 5.1006e-05, 8.6931e-05,
        7.3906e-05, 1.5682e-04, 8.8994e-05, 1.4106e-04, 1.3598e-04, 6.2925e-06,
        1.8724e-04, 1.3935e-05, 1.5135e-04, 2.5155e-05, 1.4727e-04, 2.5744e-05,
        1.9827e-05, 7.0601e-05, 4.4858e-05, 7.9554e-05, 7.7658e-05, 2.1772e-05,
        2.8575e-05, 4.2249e-05, 7.9933e-05, 2.4345e-05, 1.5992e-04, 1.1823e-04,
        4.8322e-05, 4.2736e-05, 1.0526e-05, 1.2189e-04, 3.9616e-05, 6.6831e-05,
        2.8728e-05, 1.1811e-04, 6.3400e-05, 2.7588e-05, 1.9094e-04, 9.4462e-05,
        1.6283e-04, 1.7552e-05, 2.2112e-05, 9.9714e-05, 1.4810e-04, 1.9397e-04,
        2.6254e-05, 3.5481e-05, 6.9344e-05, 1.7234e-04, 1.0229e-04, 1.6614e-04,
        1.4201e-04, 1.7809e-04, 1.9399e-05, 3.7243e-05, 2.1005e-04, 2.7120e-05,
        1.1309e-04, 1.1211e-04, 4.1175e-05, 1.1863e-04, 1.6467e-04, 1.6498e-04,
        1.6079e-04, 2.3614e-04, 3.0677e-05, 3.4499e-05, 1.1759e-04, 5.0429e-06,
        2.9717e-04, 4.7600e-05, 2.7021e-05, 4.9071e-05, 1.3399e-04, 6.3127e-05,
        1.0256e-04, 9.6767e-05, 8.2979e-05, 1.6647e-05, 5.1224e-05],
       grad_fn=<CatBackward>)

mean_overall=tensor(0.0001, grad_fn=<MeanBackward0>)

-----------------------------------------------ITERATION180-----------------------------------------------

final_causality=[[1, 1, 1, 1, 1, 1, 1, 1, 1, 1, 1, 1, 1], [1, 1, 1, 1, 1, 1, 1, 1, 1, 1, 1, 1, 1, 1, 1, 1, 1, 1, 1, 1, 1, 1, 1, 1, 1, 1, 1, 1, 1, 1, 1, 1, 1, 1, 1, 1, 1, 1, 1, 1, 1, 1, 1, 1, 1, 1, 1, 1, 1, 1], [1, 1, 1, 1, 1, 1, 1, 1, 1, 1, 1, 1, 1, 1, 1, 1, 1, 1, 1, 1, 1, 1, 1, 1, 1, 1, 1, 1, 1, 1, 1, 1, 1, 1, 1, 1, 1, 1, 1, 1, 1, 1, 1, 1, 1, 1, 1, 1, 1, 1]]

means=tensor([1.2202e-03, 0.0000e+00, 0.0000e+00, 1.6647e-03, 1.0556e-04, 5.4156e-04,
        4.3992e-05, 9.9949e-05, 0.0000e+00, 0.0000e+00, 0.0000e+00, 1.6861e-04,
        1.7366e-03, 2.0006e-04, 2.5154e-04, 2.6646e-04, 2.4242e-04, 3.0117e-04,
        1.5912e-04, 3.9468e-05, 1.5798e-05, 7.6682e-05, 4.0998e-05, 2.2379e-04,
        1.4913e-04, 3.0599e-04, 1.1881e-04, 1.9341e-05, 1.8692e-04, 3.2247e-04,
        1.7082e-04, 3.9089e-05, 5.5486e-05, 1.1219e-05, 5.9908e-05, 9.7563e-05,
        8.6010e-05, 1.7697e-04, 9.9151e-05, 1.4915e-04, 1.4398e-04, 7.3667e-06,
        1.9975e-04, 1.6007e-05, 1.6133e-04, 2.9885e-05, 1.7341e-04, 2.7874e-05,
        2.6150e-05, 7.7085e-05, 5.4421e-05, 8.6574e-05, 8.8935e-05, 2.1432e-05,
        2.9243e-05, 4.5383e-05, 9.3703e-05, 2.6418e-05, 1.7124e-04, 1.1858e-04,
        4.7933e-05, 4.5609e-05, 7.7634e-06, 1.1621e-04, 3.8413e-05, 7.3218e-05,
        3.4435e-05, 1.2925e-04, 6.8975e-05, 3.2872e-05, 2.0847e-04, 1.0549e-04,
        1.7749e-04, 1.7632e-05, 2.5661e-05, 1.0772e-04, 1.5756e-04, 2.1380e-04,
        2.9756e-05, 3.8995e-05, 7.8493e-05, 1.8878e-04, 1.1506e-04, 1.8507e-04,
        1.5248e-04, 1.9487e-04, 1.9890e-05, 4.0597e-05, 2.2069e-04, 3.1251e-05,
        1.2147e-04, 1.2110e-04, 4.8768e-05, 1.3059e-04, 1.8329e-04, 1.7827e-04,
        1.7837e-04, 2.5345e-04, 3.0906e-05, 4.0829e-05, 1.2708e-04, 4.8041e-06,
        3.1974e-04, 5.2491e-05, 2.4341e-05, 5.4953e-05, 1.5006e-04, 6.8545e-05,
        1.1242e-04, 1.0510e-04, 8.9418e-05, 1.6450e-05, 5.5805e-05],
       grad_fn=<CatBackward>)

mean_overall=tensor(0.0001, grad_fn=<MeanBackward0>)

-----------------------------------------------ITERATION190-----------------------------------------------

final_causality=[[1, 1, 1, 1, 1, 1, 1, 1, 1, 1, 1, 1, 1], [1, 1, 1, 1, 1, 1, 1, 1, 1, 1, 1, 1, 1, 1, 1, 1, 1, 1, 1, 1, 1, 1, 1, 1, 1, 1, 1, 1, 1, 1, 1, 1, 1, 1, 1, 1, 1, 1, 1, 1, 1, 1, 1, 1, 1, 1, 1, 1, 1, 1], [1, 1, 1, 1, 1, 1, 1, 1, 1, 1, 1, 1, 1, 1, 1, 1, 1, 1, 1, 1, 1, 1, 1, 1, 1, 1, 1, 1, 1, 1, 1, 1, 1, 1, 1, 1, 1, 1, 1, 1, 1, 1, 1, 1, 1, 1, 1, 1, 1, 1]]

means=tensor([1.3962e-03, 0.0000e+00, 0.0000e+00, 1.8658e-03, 1.2510e-04, 6.0751e-04,
        4.6645e-05, 1.1157e-04, 0.0000e+00, 0.0000e+00, 0.0000e+00, 2.0615e-04,
        1.9289e-03, 2.3037e-04, 2.7444e-04, 2.8699e-04, 2.7097e-04, 3.3937e-04,
        1.7144e-04, 4.1077e-05, 1.8587e-05, 8.1385e-05, 4.3705e-05, 2.3896e-04,
        1.7505e-04, 3.4238e-04, 1.2991e-04, 2.0305e-05, 2.0389e-04, 3.5793e-04,
        1.9757e-04, 3.8714e-05, 5.8068e-05, 1.4398e-05, 7.0134e-05, 1.0953e-04,
        9.9797e-05, 1.9958e-04, 1.1064e-04, 1.5786e-04, 1.5274e-04, 8.6678e-06,
        2.1333e-04, 1.8451e-05, 1.7224e-04, 3.5475e-05, 2.0328e-04, 3.0324e-05,
        3.3010e-05, 8.4261e-05, 6.5520e-05, 9.4341e-05, 1.0167e-04, 2.1116e-05,
        3.0045e-05, 4.8868e-05, 1.0937e-04, 2.8962e-05, 1.8352e-04, 1.1909e-04,
        4.7953e-05, 4.8872e-05, 5.0406e-06, 1.0928e-04, 3.7061e-05, 8.0911e-05,
        4.0977e-05, 1.4146e-04, 7.5226e-05, 3.8858e-05, 2.2750e-04, 1.1750e-04,
        1.9353e-04, 1.7745e-05, 2.9936e-05, 1.1656e-04, 1.6811e-04, 2.3506e-04,
        3.3827e-05, 4.3047e-05, 8.8754e-05, 2.0701e-04, 1.3170e-04, 2.0581e-04,
        1.6592e-04, 2.1323e-04, 2.0444e-05, 4.4406e-05, 2.3249e-04, 3.5971e-05,
        1.3141e-04, 1.3098e-04, 5.7157e-05, 1.4372e-04, 2.0388e-04, 1.9298e-04,
        1.9817e-04, 2.7222e-04, 3.1162e-05, 4.8343e-05, 1.3771e-04, 4.5324e-06,
        3.4492e-04, 5.8224e-05, 2.1580e-05, 6.1477e-05, 1.6766e-04, 7.4698e-05,
        1.2316e-04, 1.1435e-04, 9.6640e-05, 1.6241e-05, 6.0863e-05],
       grad_fn=<CatBackward>)

mean_overall=tensor(0.0002, grad_fn=<MeanBackward0>)

-----------------------------------------------ITERATION200-----------------------------------------------

final_causality=[[1, 1, 1, 1, 1, 1, 1, 1, 1, 1, 1, 1, 1], [1, 1, 1, 1, 1, 1, 1, 1, 1, 1, 1, 1, 1, 1, 1, 1, 1, 1, 1, 1, 1, 1, 1, 1, 1, 1, 1, 1, 1, 1, 1, 1, 1, 1, 1, 1, 1, 1, 1, 1, 1, 1, 1, 1, 1, 1, 1, 1, 1, 1], [1, 1, 1, 1, 1, 1, 1, 1, 1, 1, 1, 1, 1, 1, 1, 1, 1, 1, 1, 1, 1, 1, 1, 1, 1, 1, 1, 1, 1, 1, 1, 1, 1, 1, 1, 1, 1, 1, 1, 1, 1, 1, 1, 1, 1, 1, 1, 1, 1, 1]]

means=tensor([1.5921e-03, 0.0000e+00, 0.0000e+00, 2.0883e-03, 1.4731e-04, 6.8150e-04,
        4.9515e-05, 1.2472e-04, 0.0000e+00, 0.0000e+00, 0.0000e+00, 2.4896e-04,
        2.1423e-03, 2.6411e-04, 2.9952e-04, 3.0933e-04, 3.0207e-04, 3.8189e-04,
        1.8489e-04, 4.2905e-05, 2.1858e-05, 8.6523e-05, 4.6715e-05, 2.5539e-04,
        2.0462e-04, 3.8235e-04, 1.4218e-04, 2.1451e-05, 2.2255e-04, 3.9678e-04,
        2.3116e-04, 3.8406e-05, 6.0960e-05, 1.8147e-05, 8.1819e-05, 1.2296e-04,
        1.1546e-04, 2.2495e-04, 1.2417e-04, 1.6725e-04, 1.6213e-04, 1.0230e-05,
        2.2810e-04, 2.1345e-05, 1.8417e-04, 4.2043e-05, 2.3717e-04, 3.3115e-05,
        4.0557e-05, 9.2194e-05, 7.8371e-05, 1.0294e-04, 1.1605e-04, 2.0832e-05,
        3.1004e-05, 5.2750e-05, 1.2712e-04, 3.1800e-05, 1.9685e-04, 1.1978e-04,
        4.9851e-05, 5.2567e-05, 2.3324e-06, 1.0100e-04, 3.5555e-05, 9.0581e-05,
        4.8436e-05, 1.5484e-04, 8.2231e-05, 4.5606e-05, 2.4816e-04, 1.3059e-04,
        2.1108e-04, 1.9585e-05, 3.5114e-05, 1.2634e-04, 1.7983e-04, 2.5787e-04,
        3.8560e-05, 4.7693e-05, 1.0023e-04, 2.2719e-04, 1.5024e-04, 2.2848e-04,
        1.8137e-04, 2.3332e-04, 2.1069e-05, 4.8798e-05, 2.4557e-04, 4.1328e-05,
        1.4328e-04, 1.4182e-04, 6.6425e-05, 1.5814e-04, 2.2664e-04, 2.0927e-04,
        2.2041e-04, 2.9258e-04, 3.5793e-05, 5.7103e-05, 1.4994e-04, 4.2198e-06,
        3.7296e-04, 6.4748e-05, 1.8869e-05, 6.8732e-05, 1.8693e-04, 8.1664e-05,
        1.3507e-04, 1.2459e-04, 1.0472e-04, 1.6023e-05, 6.6593e-05],
       grad_fn=<CatBackward>)

mean_overall=tensor(0.0002, grad_fn=<MeanBackward0>)

-----------------------------------------------ITERATION210-----------------------------------------------

final_causality=[[1, 1, 1, 1, 1, 1, 1, 1, 1, 1, 1, 1, 1], [1, 1, 1, 1, 1, 1, 1, 1, 1, 1, 1, 1, 1, 1, 1, 1, 1, 1, 1, 1, 1, 1, 1, 1, 1, 1, 1, 1, 1, 1, 1, 1, 1, 1, 1, 1, 1, 1, 1, 1, 1, 1, 1, 1, 1, 1, 1, 1, 1, 1], [1, 1, 1, 1, 1, 1, 1, 1, 1, 1, 1, 1, 1, 1, 1, 1, 1, 1, 1, 1, 1, 1, 1, 1, 1, 1, 1, 1, 1, 1, 1, 1, 1, 1, 1, 1, 1, 1, 1, 1, 1, 1, 1, 1, 1, 1, 1, 1, 1, 1]]

means=tensor([1.8099e-03, 0.0000e+00, 2.7756e-17, 2.3341e-03, 1.7254e-04, 7.6440e-04,
        5.2641e-05, 1.3958e-04, 0.0000e+00, 2.7756e-17, 0.0000e+00, 2.9746e-04,
        2.3787e-03, 3.0150e-04, 3.2695e-04, 3.3464e-04, 3.3586e-04, 4.2922e-04,
        1.9957e-04, 4.4974e-05, 2.5685e-05, 9.2147e-05, 5.0063e-05, 2.7318e-04,
        2.3811e-04, 4.2614e-04, 1.5574e-04, 2.2796e-05, 2.4302e-04, 4.3935e-04,
        2.6914e-04, 3.8173e-05, 6.5926e-05, 2.2595e-05, 9.5132e-05, 1.3805e-04,
        1.3321e-04, 2.5343e-04, 1.3940e-04, 1.7737e-04, 1.7219e-04, 1.2099e-05,
        2.4416e-04, 2.4764e-05, 1.9723e-04, 4.9739e-05, 2.7537e-04, 3.6293e-05,
        4.8927e-05, 1.0098e-04, 9.3182e-05, 1.1247e-04, 1.3229e-04, 2.0577e-05,
        3.2128e-05, 5.7067e-05, 1.4718e-04, 3.4968e-05, 2.1132e-04, 1.2065e-04,
        5.1794e-05, 5.6723e-05, 2.6238e-07, 9.1270e-05, 3.3886e-05, 1.0159e-04,
        5.6891e-05, 1.6950e-04, 9.0071e-05, 5.3181e-05, 2.7059e-04, 1.4485e-04,
        2.3028e-04, 2.1960e-05, 4.1397e-05, 1.3714e-04, 1.9282e-04, 2.8235e-04,
        4.4076e-05, 5.3002e-05, 1.1300e-04, 2.4953e-04, 1.7050e-04, 2.5320e-04,
        1.9839e-04, 2.5526e-04, 2.3091e-05, 5.4412e-05, 2.6004e-04, 4.7336e-05,
        1.5631e-04, 1.5372e-04, 7.6658e-05, 1.7395e-04, 2.5175e-04, 2.2729e-04,
        2.4527e-04, 3.1465e-04, 4.1877e-05, 6.8013e-05, 1.6527e-04, 3.9328e-06,
        4.0411e-04, 7.2130e-05, 1.7398e-05, 7.8013e-05, 2.0804e-04, 8.9512e-05,
        1.4865e-04, 1.3593e-04, 1.1376e-04, 1.5796e-05, 7.2907e-05],
       grad_fn=<CatBackward>)

mean_overall=tensor(0.0002, grad_fn=<MeanBackward0>)

-----------------------------------------------ITERATION220-----------------------------------------------

final_causality=[[1, 1, 1, 1, 1, 1, 1, 1, 1, 1, 1, 1, 1], [1, 1, 1, 1, 1, 1, 1, 1, 1, 1, 1, 1, 1, 1, 1, 1, 1, 1, 1, 1, 1, 1, 1, 1, 1, 1, 1, 1, 1, 1, 1, 1, 1, 1, 1, 1, 1, 1, 1, 1, 1, 1, 1, 1, 1, 1, 1, 1, 1, 1], [1, 1, 1, 1, 1, 1, 1, 1, 1, 1, 1, 1, 1, 1, 1, 1, 1, 1, 1, 1, 1, 1, 1, 1, 1, 1, 1, 1, 1, 1, 1, 1, 1, 1, 1, 1, 1, 1, 1, 1, 1, 1, 1, 1, 1, 1, 1, 1, 1, 1]]

means=tensor([2.0517e-03, 0.0000e+00, 0.0000e+00, 2.6056e-03, 2.0117e-04, 8.5727e-04,
        5.6075e-05, 1.5633e-04, 0.0000e+00, 0.0000e+00, 0.0000e+00, 3.5208e-04,
        2.6404e-03, 3.4280e-04, 3.5690e-04, 3.6282e-04, 3.7253e-04, 4.8183e-04,
        2.1559e-04, 4.7297e-05, 3.0144e-05, 9.8307e-05, 5.3770e-05, 2.9245e-04,
        2.7582e-04, 4.7403e-04, 1.7072e-04, 2.4367e-05, 2.6548e-04, 4.8591e-04,
        3.1214e-04, 3.8019e-05, 7.2325e-05, 2.7876e-05, 1.1024e-04, 1.5498e-04,
        1.5331e-04, 2.8538e-04, 1.5652e-04, 1.8830e-04, 1.8298e-04, 1.4330e-05,
        2.6161e-04, 2.8806e-05, 2.1155e-04, 5.8714e-05, 3.1819e-04, 3.9891e-05,
        5.8284e-05, 1.1069e-04, 1.1019e-04, 1.2302e-04, 1.5061e-04, 2.0355e-05,
        3.3438e-05, 6.1870e-05, 1.6977e-04, 3.8515e-05, 2.2704e-04, 1.2172e-04,
        5.3795e-05, 6.1383e-05, 3.2262e-06, 7.9993e-05, 3.2052e-05, 1.1437e-04,
        6.6423e-05, 1.8556e-04, 9.8838e-05, 6.2493e-05, 2.9492e-04, 1.6038e-04,
        2.5127e-04, 2.4716e-05, 4.9055e-05, 1.4907e-04, 2.0721e-04, 3.0862e-04,
        5.0516e-05, 5.9046e-05, 1.2715e-04, 2.7420e-04, 1.9260e-04, 2.8243e-04,
        2.1712e-04, 2.7920e-04, 2.6507e-05, 6.0810e-05, 2.7601e-04, 5.4056e-05,
        1.7063e-04, 1.6676e-04, 8.7950e-05, 1.9131e-04, 2.7941e-04, 2.4717e-04,
        2.7298e-04, 3.3857e-04, 4.8656e-05, 8.0229e-05, 1.8240e-04, 3.8810e-06,
        4.4084e-04, 8.0851e-05, 2.0643e-05, 8.8544e-05, 2.3116e-04, 9.8322e-05,
        1.6320e-04, 1.4845e-04, 1.2428e-04, 1.5561e-05, 7.9863e-05],
       grad_fn=<CatBackward>)

mean_overall=tensor(0.0002, grad_fn=<MeanBackward0>)

-----------------------------------------------ITERATION230-----------------------------------------------

final_causality=[[1, 1, 1, 1, 1, 1, 1, 1, 1, 1, 1, 1, 1], [1, 1, 1, 1, 1, 1, 1, 1, 1, 1, 1, 1, 1, 1, 1, 1, 1, 1, 1, 1, 1, 1, 1, 1, 1, 1, 1, 1, 1, 1, 1, 1, 1, 1, 1, 1, 1, 1, 1, 1, 1, 1, 1, 1, 1, 1, 1, 1, 1, 1], [1, 1, 1, 1, 1, 1, 1, 1, 1, 1, 1, 1, 1, 1, 1, 1, 1, 1, 1, 1, 1, 1, 1, 1, 1, 1, 1, 1, 1, 1, 1, 1, 1, 1, 1, 1, 1, 1, 1, 1, 1, 1, 1, 1, 1, 1, 1, 1, 1, 1]]

means=tensor([2.3197e-03, 2.7756e-17, 2.7756e-17, 2.9051e-03, 2.3357e-04, 9.6113e-04,
        5.9875e-05, 1.7518e-04, 2.7756e-17, 0.0000e+00, 2.7756e-17, 4.1315e-04,
        2.9297e-03, 3.8827e-04, 3.8957e-04, 3.9356e-04, 4.1230e-04, 5.4022e-04,
        2.3304e-04, 5.0123e-05, 3.5389e-05, 1.0506e-04, 5.7860e-05, 3.1332e-04,
        3.1800e-04, 5.2629e-04, 1.8723e-04, 2.6194e-05, 2.9011e-04, 5.3679e-04,
        3.6000e-04, 3.7945e-05, 7.9771e-05, 3.4131e-05, 1.2731e-04, 1.7397e-04,
        1.7601e-04, 3.2121e-04, 1.7574e-04, 2.0012e-04, 1.9457e-04, 1.7102e-05,
        2.8060e-04, 3.3578e-05, 2.2724e-04, 6.9138e-05, 3.6589e-04, 4.3952e-05,
        6.8792e-05, 1.2143e-04, 1.2964e-04, 1.3470e-04, 1.7125e-04, 2.0169e-05,
        3.4955e-05, 6.7211e-05, 1.9512e-04, 4.2493e-05, 2.4411e-04, 1.2301e-04,
        5.5863e-05, 6.6590e-05, 6.4552e-06, 6.7084e-05, 3.0048e-05, 1.2874e-04,
        7.7110e-05, 2.0312e-04, 1.0863e-04, 7.3755e-05, 3.2129e-04, 1.7729e-04,
        2.7420e-04, 2.7922e-05, 5.8404e-05, 1.6226e-04, 2.2309e-04, 3.3682e-04,
        5.8039e-05, 6.5906e-05, 1.4277e-04, 3.0141e-04, 2.1671e-04, 3.1456e-04,
        2.3766e-04, 3.0528e-04, 3.0372e-05, 6.8102e-05, 2.9495e-04, 6.1549e-05,
        1.8634e-04, 1.8106e-04, 1.0040e-04, 2.1035e-04, 3.0982e-04, 2.6906e-04,
        3.0374e-04, 3.6446e-04, 5.6185e-05, 9.3856e-05, 2.0149e-04, 3.8194e-06,
        4.8520e-04, 9.1146e-05, 2.4363e-05, 1.0027e-04, 2.5645e-04, 1.0817e-04,
        1.7878e-04, 1.6226e-04, 1.3721e-04, 1.5794e-05, 8.7518e-05],
       grad_fn=<CatBackward>)

mean_overall=tensor(0.0002, grad_fn=<MeanBackward0>)

-----------------------------------------------ITERATION240-----------------------------------------------

final_causality=[[1, 1, 1, 1, 1, 1, 1, 1, 1, 1, 1, 1, 1], [1, 1, 1, 1, 1, 1, 1, 1, 1, 1, 1, 1, 1, 1, 1, 1, 1, 1, 1, 1, 1, 1, 1, 1, 1, 1, 1, 1, 1, 1, 1, 1, 1, 1, 1, 1, 1, 1, 1, 1, 1, 1, 1, 1, 1, 1, 1, 1, 1, 1], [1, 1, 1, 1, 1, 1, 1, 1, 1, 1, 1, 1, 1, 1, 1, 1, 1, 1, 1, 1, 1, 1, 1, 1, 1, 1, 1, 1, 1, 1, 1, 1, 1, 1, 1, 1, 1, 1, 1, 1, 1, 1, 1, 1, 1, 1, 1, 1, 1, 1]]

means=tensor([2.6162e-03, 2.7756e-17, 2.7756e-17, 3.2350e-03, 2.7015e-04, 1.0770e-03,
        6.4117e-05, 1.9634e-04, 2.7756e-17, 2.7756e-17, 2.7756e-17, 4.8086e-04,
        3.2490e-03, 4.3816e-04, 4.2513e-04, 4.2708e-04, 4.5537e-04, 6.0489e-04,
        2.5207e-04, 5.4725e-05, 4.1726e-05, 1.1246e-04, 6.2366e-05, 3.3593e-04,
        3.6485e-04, 5.8321e-04, 2.0545e-04, 2.8307e-05, 3.1709e-04, 5.9233e-04,
        4.1291e-04, 3.7958e-05, 8.8181e-05, 4.1516e-05, 1.4655e-04, 1.9525e-04,
        2.0161e-04, 3.6134e-04, 1.9729e-04, 2.1290e-04, 2.0702e-04, 2.1032e-05,
        3.0124e-04, 3.9198e-05, 2.4444e-04, 8.1196e-05, 4.1869e-04, 4.8527e-05,
        8.0614e-05, 1.3330e-04, 1.5178e-04, 1.4763e-04, 1.9448e-04, 2.0019e-05,
        3.6701e-05, 7.3145e-05, 2.2351e-04, 4.6957e-05, 2.6266e-04, 1.2453e-04,
        5.8007e-05, 7.2384e-05, 9.9398e-06, 5.5648e-05, 2.7875e-05, 1.4480e-04,
        8.9025e-05, 2.2231e-04, 1.1956e-04, 8.6245e-05, 3.4983e-04, 1.9567e-04,
        2.9921e-04, 3.1656e-05, 6.9820e-05, 1.7683e-04, 2.4058e-04, 3.6704e-04,
        6.6832e-05, 7.3665e-05, 1.6177e-04, 3.3561e-04, 2.4298e-04, 3.4936e-04,
        2.6015e-04, 3.3364e-04, 3.4750e-05, 7.6414e-05, 3.1731e-04, 7.0561e-05,
        2.0358e-04, 1.9669e-04, 1.1411e-04, 2.3120e-04, 3.4315e-04, 2.9310e-04,
        3.3774e-04, 3.9245e-04, 6.4519e-05, 1.0899e-04, 2.2270e-04, 3.7467e-06,
        5.3419e-04, 1.0265e-04, 2.9233e-05, 1.1332e-04, 2.8409e-04, 1.1913e-04,
        1.9543e-04, 1.7748e-04, 1.5158e-04, 1.6487e-05, 9.5931e-05],
       grad_fn=<CatBackward>)

mean_overall=tensor(0.0003, grad_fn=<MeanBackward0>)

-----------------------------------------------ITERATION250-----------------------------------------------

final_causality=[[1, 1, 1, 1, 1, 1, 1, 1, 1, 1, 1, 1, 1], [1, 1, 1, 1, 1, 1, 1, 1, 1, 1, 1, 1, 1, 1, 1, 1, 1, 1, 1, 1, 1, 1, 1, 1, 1, 1, 1, 1, 1, 1, 1, 1, 1, 1, 1, 1, 1, 1, 1, 1, 1, 1, 1, 1, 1, 1, 1, 1, 1, 1], [1, 1, 1, 1, 1, 1, 1, 1, 1, 1, 1, 1, 1, 1, 1, 1, 1, 1, 1, 1, 1, 1, 1, 1, 1, 1, 1, 1, 1, 1, 1, 1, 1, 1, 1, 1, 1, 1, 1, 1, 1, 1, 1, 1, 1, 1, 1, 1, 1, 1]]

means=tensor([2.9435e-03, 0.0000e+00, 0.0000e+00, 3.5980e-03, 3.1133e-04, 1.2060e-03,
        6.8888e-05, 2.2003e-04, 0.0000e+00, 0.0000e+00, 0.0000e+00, 5.5531e-04,
        3.6009e-03, 4.9278e-04, 4.6379e-04, 4.6363e-04, 5.0200e-04, 6.7637e-04,
        2.7372e-04, 5.9928e-05, 4.9071e-05, 1.2059e-04, 6.7318e-05, 3.6043e-04,
        4.1659e-04, 6.4511e-04, 2.2550e-04, 3.0741e-05, 3.4662e-04, 6.5288e-04,
        4.7105e-04, 3.8057e-05, 9.7681e-05, 5.0196e-05, 1.6816e-04, 2.1955e-04,
        2.3041e-04, 4.0622e-04, 2.2143e-04, 2.2672e-04, 2.2041e-04, 2.5761e-05,
        3.2367e-04, 4.5804e-05, 2.6331e-04, 9.5085e-05, 4.7682e-04, 5.3667e-05,
        9.3926e-05, 1.4642e-04, 1.7689e-04, 1.6193e-04, 2.2057e-04, 1.9908e-05,
        3.8703e-05, 8.1399e-05, 2.5519e-04, 5.1967e-05, 2.8281e-04, 1.2748e-04,
        6.0312e-05, 7.8815e-05, 1.3733e-05, 5.5914e-05, 2.5530e-05, 1.6264e-04,
        1.0224e-04, 2.4323e-04, 1.3336e-04, 1.0003e-04, 3.8068e-04, 2.1564e-04,
        3.2644e-04, 3.6071e-05, 8.3761e-05, 1.9290e-04, 2.5979e-04, 3.9938e-04,
        7.7109e-05, 8.2414e-05, 1.8393e-04, 3.7358e-04, 2.7157e-04, 3.8692e-04,
        2.8471e-04, 3.6441e-04, 3.9783e-05, 8.5888e-05, 3.4181e-04, 8.1243e-05,
        2.2246e-04, 2.1376e-04, 1.2918e-04, 2.5401e-04, 3.7960e-04, 3.1941e-04,
        3.7516e-04, 4.2266e-04, 7.5278e-05, 1.2575e-04, 2.4618e-04, 3.7869e-06,
        5.8810e-04, 1.1543e-04, 3.7910e-05, 1.2780e-04, 3.1422e-04, 1.3127e-04,
        2.1320e-04, 1.9420e-04, 1.6750e-04, 1.7428e-05, 1.0517e-04],
       grad_fn=<CatBackward>)

mean_overall=tensor(0.0003, grad_fn=<MeanBackward0>)

-----------------------------------------------ITERATION260-----------------------------------------------

final_causality=[[1, 1, 1, 1, 1, 1, 1, 1, 1, 1, 1, 1, 1], [1, 1, 1, 1, 1, 1, 1, 1, 1, 1, 1, 1, 1, 1, 1, 1, 1, 1, 1, 1, 1, 1, 1, 1, 1, 1, 1, 1, 1, 1, 1, 1, 1, 1, 1, 1, 1, 1, 1, 1, 1, 1, 1, 1, 1, 1, 1, 1, 1, 1], [1, 1, 1, 1, 1, 1, 1, 1, 1, 1, 1, 1, 1, 1, 1, 1, 1, 1, 1, 1, 1, 1, 1, 1, 1, 1, 1, 1, 1, 1, 1, 1, 1, 1, 1, 1, 1, 1, 1, 1, 1, 1, 1, 1, 1, 1, 1, 1, 1, 1]]

means=tensor([3.3041e-03, 0.0000e+00, 0.0000e+00, 3.9968e-03, 3.5755e-04, 1.3492e-03,
        7.4291e-05, 2.4649e-04, 0.0000e+00, 0.0000e+00, 0.0000e+00, 6.3639e-04,
        3.9879e-03, 5.5242e-04, 5.0571e-04, 5.0345e-04, 5.5245e-04, 7.5514e-04,
        2.9732e-04, 6.5804e-05, 5.7547e-05, 1.2950e-04, 7.2749e-05, 3.8697e-04,
        4.7341e-04, 7.1231e-04, 2.4755e-04, 3.3537e-05, 3.7891e-04, 7.1880e-04,
        5.3462e-04, 3.8246e-05, 1.0841e-04, 6.0355e-05, 1.9235e-04, 2.4682e-04,
        2.6275e-04, 4.5633e-04, 2.4845e-04, 2.4169e-04, 2.3480e-04, 3.1416e-05,
        3.4805e-04, 5.3546e-05, 2.8400e-04, 1.1102e-04, 5.4047e-04, 5.9426e-05,
        1.0890e-04, 1.6089e-04, 2.0525e-04, 1.7776e-04, 2.4980e-04, 1.9838e-05,
        4.0994e-05, 9.0743e-05, 2.9044e-04, 5.7590e-05, 3.0470e-04, 1.3214e-04,
        6.2962e-05, 8.5934e-05, 1.7921e-05, 5.6269e-05, 2.3222e-05, 1.8263e-04,
        1.1681e-04, 2.6599e-04, 1.4894e-04, 1.1517e-04, 4.1396e-04, 2.3729e-04,
        3.5601e-04, 4.1944e-05, 1.0077e-04, 2.1064e-04, 2.8084e-04, 4.3394e-04,
        8.9113e-05, 9.2248e-05, 2.0798e-04, 4.1511e-04, 3.0265e-04, 4.2732e-04,
        3.1147e-04, 3.9769e-04, 4.5435e-05, 9.6688e-05, 3.6857e-04, 9.3056e-05,
        2.4310e-04, 2.3238e-04, 1.4573e-04, 2.7889e-04, 4.1933e-04, 3.5057e-04,
        4.1616e-04, 4.5659e-04, 8.7109e-05, 1.4422e-04, 2.7209e-04, 3.8404e-06,
        6.4724e-04, 1.3008e-04, 4.9610e-05, 1.4382e-04, 3.4699e-04, 1.4466e-04,
        2.3215e-04, 2.1257e-04, 1.8508e-04, 1.9639e-05, 1.1530e-04],
       grad_fn=<CatBackward>)

mean_overall=tensor(0.0003, grad_fn=<MeanBackward0>)

-----------------------------------------------ITERATION270-----------------------------------------------

final_causality=[[1, 1, 1, 1, 1, 1, 1, 1, 1, 1, 1, 1, 1], [1, 1, 1, 1, 1, 1, 1, 1, 1, 1, 1, 1, 1, 1, 1, 1, 1, 1, 1, 1, 1, 1, 1, 1, 1, 1, 1, 1, 1, 1, 1, 1, 1, 1, 1, 1, 1, 1, 1, 1, 1, 1, 1, 1, 1, 1, 1, 1, 1, 1], [1, 1, 1, 1, 1, 1, 1, 1, 1, 1, 1, 1, 1, 1, 1, 1, 1, 1, 1, 1, 1, 1, 1, 1, 1, 1, 1, 1, 1, 1, 1, 1, 1, 1, 1, 1, 1, 1, 1, 1, 1, 1, 1, 1, 1, 1, 1, 1, 1, 1]]

means=tensor([3.7003e-03, 0.0000e+00, 0.0000e+00, 4.4341e-03, 4.0928e-04, 1.5077e-03,
        8.0436e-05, 2.7596e-04, 0.0000e+00, 0.0000e+00, 0.0000e+00, 7.2375e-04,
        4.4128e-03, 6.1740e-04, 5.5141e-04, 5.4680e-04, 6.0699e-04, 8.4167e-04,
        3.2302e-04, 7.2432e-05, 6.7287e-05, 1.4002e-04, 7.8691e-05, 4.1572e-04,
        5.3550e-04, 7.8516e-04, 2.7178e-04, 3.6741e-05, 4.1418e-04, 7.9043e-04,
        6.0384e-04, 3.8523e-05, 1.2051e-04, 7.2192e-05, 2.1935e-04, 2.7732e-04,
        2.9897e-04, 5.1211e-04, 2.7862e-04, 2.5789e-04, 2.5028e-04, 3.8133e-05,
        3.7454e-04, 6.2591e-05, 3.0667e-04, 1.2921e-04, 6.0984e-04, 6.5865e-05,
        1.2573e-04, 1.7684e-04, 2.3713e-04, 1.9524e-04, 2.8246e-04, 1.9812e-05,
        4.3611e-05, 1.0117e-04, 3.2953e-04, 6.3901e-05, 3.2848e-04, 1.3718e-04,
        6.5719e-05, 9.3798e-05, 2.2605e-05, 6.2162e-05, 2.3159e-05, 2.0692e-04,
        1.3281e-04, 2.9065e-04, 1.6625e-04, 1.3171e-04, 4.4979e-04, 2.6184e-04,
        3.8803e-04, 4.8825e-05, 1.2147e-04, 2.3018e-04, 3.0384e-04, 4.7080e-04,
        1.0312e-04, 1.0327e-04, 2.3396e-04, 4.6036e-04, 3.3638e-04, 4.7065e-04,
        3.4054e-04, 4.3361e-04, 5.1764e-05, 1.0900e-04, 3.9767e-04, 1.0608e-04,
        2.6563e-04, 2.5264e-04, 1.6387e-04, 3.0599e-04, 4.6251e-04, 3.8688e-04,
        4.6089e-04, 4.9779e-04, 1.0006e-04, 1.6450e-04, 3.0056e-04, 4.5551e-06,
        7.1192e-04, 1.4724e-04, 6.2563e-05, 1.6149e-04, 3.8252e-04, 1.5938e-04,
        2.5232e-04, 2.3271e-04, 2.0442e-04, 2.2458e-05, 1.2640e-04],
       grad_fn=<CatBackward>)

mean_overall=tensor(0.0004, grad_fn=<MeanBackward0>)

-----------------------------------------------ITERATION280-----------------------------------------------

final_causality=[[1, 1, 1, 1, 1, 1, 1, 1, 1, 1, 1, 1, 1], [1, 1, 1, 1, 1, 1, 1, 1, 1, 1, 1, 1, 1, 1, 1, 1, 1, 1, 1, 1, 1, 1, 1, 1, 1, 1, 1, 1, 1, 1, 1, 1, 1, 1, 1, 1, 1, 1, 1, 1, 1, 1, 1, 1, 1, 1, 1, 1, 1, 1], [1, 1, 1, 1, 1, 1, 1, 1, 1, 1, 1, 1, 1, 1, 1, 1, 1, 1, 1, 1, 1, 1, 1, 1, 1, 1, 1, 1, 1, 1, 1, 1, 1, 1, 1, 1, 1, 1, 1, 1, 1, 1, 1, 1, 1, 1, 1, 1, 1, 1]]

means=tensor([4.1347e-03, 0.0000e+00, 0.0000e+00, 4.9128e-03, 4.6697e-04, 1.6827e-03,
        8.7443e-05, 3.0868e-04, 0.0000e+00, 0.0000e+00, 0.0000e+00, 8.1673e-04,
        4.8784e-03, 6.8804e-04, 6.0236e-04, 5.9396e-04, 6.6639e-04, 9.3636e-04,
        3.5099e-04, 7.9895e-05, 7.8425e-05, 1.5224e-04, 8.5180e-05, 4.4685e-04,
        6.0308e-04, 8.6398e-04, 2.9833e-04, 4.0401e-05, 4.5265e-04, 8.6813e-04,
        6.7894e-04, 3.8886e-05, 1.3416e-04, 8.5931e-05, 2.4938e-04, 3.1139e-04,
        3.3939e-04, 5.7401e-04, 3.1227e-04, 2.7543e-04, 2.6692e-04, 4.6062e-05,
        4.0329e-04, 7.3121e-05, 3.3150e-04, 1.4991e-04, 6.8512e-04, 7.3113e-05,
        1.4459e-04, 1.9439e-04, 2.7281e-04, 2.1453e-04, 3.1879e-04, 1.9834e-05,
        4.6595e-05, 1.1279e-04, 3.7273e-04, 7.0975e-05, 3.5430e-04, 1.4263e-04,
        6.8594e-05, 1.0247e-04, 2.7904e-05, 8.5043e-05, 2.3147e-05, 2.3348e-04,
        1.5028e-04, 3.1730e-04, 1.8545e-04, 1.4972e-04, 4.8828e-04, 2.9115e-04,
        4.2259e-04, 5.6901e-05, 1.4660e-04, 2.5171e-04, 3.2889e-04, 5.1001e-04,
        1.1943e-04, 1.1557e-04, 2.6187e-04, 5.0944e-04, 3.7288e-04, 5.1693e-04,
        3.7204e-04, 4.7226e-04, 5.8826e-05, 1.2302e-04, 4.2919e-04, 1.2041e-04,
        2.9014e-04, 2.7464e-04, 1.8369e-04, 3.3542e-04, 5.0928e-04, 4.2615e-04,
        5.0944e-04, 5.4187e-04, 1.1418e-04, 1.8671e-04, 3.3171e-04, 5.7340e-06,
        7.8239e-04, 1.6604e-04, 7.6814e-05, 1.8090e-04, 4.2090e-04, 1.7548e-04,
        2.7375e-04, 2.5476e-04, 2.2563e-04, 2.6035e-05, 1.3855e-04],
       grad_fn=<CatBackward>)

mean_overall=tensor(0.0004, grad_fn=<MeanBackward0>)

-----------------------------------------------ITERATION290-----------------------------------------------

final_causality=[[1, 1, 1, 1, 1, 1, 1, 1, 1, 1, 1, 1, 1], [1, 1, 1, 1, 1, 1, 1, 1, 1, 1, 1, 1, 1, 1, 1, 1, 1, 1, 1, 1, 1, 1, 1, 1, 1, 1, 1, 1, 1, 1, 1, 1, 1, 1, 1, 1, 1, 1, 1, 1, 1, 1, 1, 1, 1, 1, 1, 1, 1, 1], [1, 1, 1, 1, 1, 1, 1, 1, 1, 1, 1, 1, 1, 1, 1, 1, 1, 1, 1, 1, 1, 1, 1, 1, 1, 1, 1, 1, 1, 1, 1, 1, 1, 1, 1, 1, 1, 1, 1, 1, 1, 1, 1, 1, 1, 1, 1, 1, 1, 1]]

means=tensor([4.6096e-03, 2.7756e-17, 2.7756e-17, 5.4359e-03, 5.3111e-04, 1.8750e-03,
        9.5428e-05, 3.4492e-04, 2.7756e-17, 0.0000e+00, 2.7756e-17, 9.1424e-04,
        5.3876e-03, 7.6466e-04, 6.5739e-04, 6.4519e-04, 7.3053e-04, 1.0396e-03,
        3.8137e-04, 8.8281e-05, 9.1101e-05, 1.6571e-04, 9.2251e-05, 4.8054e-04,
        6.7637e-04, 9.4909e-04, 3.2739e-04, 4.4573e-05, 4.9453e-04, 9.5219e-04,
        7.6024e-04, 3.9334e-05, 1.4953e-04, 1.0182e-04, 2.8269e-04, 3.4935e-04,
        3.8545e-04, 6.4242e-04, 3.4970e-04, 2.9441e-04, 2.8482e-04, 5.5359e-05,
        4.3447e-04, 8.5325e-05, 3.5864e-04, 1.7333e-04, 7.6655e-04, 8.4192e-05,
        1.6593e-04, 2.1366e-04, 3.1256e-04, 2.3615e-04, 3.6018e-04, 1.9906e-05,
        4.9995e-05, 1.2572e-04, 4.2027e-04, 7.8894e-05, 3.8232e-04, 1.4852e-04,
        7.1599e-05, 1.1201e-04, 3.3943e-05, 1.0986e-04, 2.3189e-05, 2.6523e-04,
        1.6926e-04, 3.4719e-04, 2.0671e-04, 1.6921e-04, 5.2949e-04, 3.2265e-04,
        4.5974e-04, 6.6390e-05, 1.7701e-04, 2.7537e-04, 3.5612e-04, 5.5162e-04,
        1.3836e-04, 1.2925e-04, 2.9170e-04, 5.6244e-04, 4.1229e-04, 5.6615e-04,
        4.0607e-04, 5.1372e-04, 6.6771e-05, 1.3897e-04, 4.6317e-04, 1.3612e-04,
        3.1674e-04, 2.9849e-04, 2.0529e-04, 3.6727e-04, 5.5976e-04, 4.6845e-04,
        5.6187e-04, 5.8889e-04, 1.2952e-04, 2.1091e-04, 3.6562e-04, 7.0684e-06,
        8.5888e-04, 1.8655e-04, 9.2398e-05, 2.0211e-04, 4.6219e-04, 1.9304e-04,
        2.9648e-04, 2.7885e-04, 2.4879e-04, 3.0046e-05, 1.5183e-04],
       grad_fn=<CatBackward>)

mean_overall=tensor(0.0005, grad_fn=<MeanBackward0>)

-----------------------------------------------ITERATION300-----------------------------------------------

final_causality=[[1, 1, 1, 1, 1, 1, 1, 1, 1, 1, 1, 1, 1], [1, 1, 1, 1, 1, 1, 1, 1, 1, 1, 1, 1, 1, 1, 1, 1, 1, 1, 1, 1, 1, 1, 1, 1, 1, 1, 1, 1, 1, 1, 1, 1, 1, 1, 1, 1, 1, 1, 1, 1, 1, 1, 1, 1, 1, 1, 1, 1, 1, 1], [1, 1, 1, 1, 1, 1, 1, 1, 1, 1, 1, 1, 1, 1, 1, 1, 1, 1, 1, 1, 1, 1, 1, 1, 1, 1, 1, 1, 1, 1, 1, 1, 1, 1, 1, 1, 1, 1, 1, 1, 1, 1, 1, 1, 1, 1, 1, 1, 1, 1]]

means=tensor([5.1273e-03, 2.7756e-17, 2.7756e-17, 6.0061e-03, 6.0218e-04, 2.0857e-03,
        1.0450e-04, 3.8494e-04, 2.7756e-17, 2.7756e-17, 2.7756e-17, 1.0147e-03,
        5.9430e-03, 8.4751e-04, 7.1666e-04, 7.0072e-04, 7.9959e-04, 1.1515e-03,
        4.1432e-04, 9.7684e-05, 1.0545e-04, 1.8058e-04, 9.9941e-05, 5.1695e-04,
        7.5564e-04, 1.0408e-03, 3.5911e-04, 4.9313e-05, 5.4004e-04, 1.0429e-03,
        8.4808e-04, 3.9859e-05, 1.6679e-04, 1.2014e-04, 3.1949e-04, 3.9149e-04,
        4.3752e-04, 7.1771e-04, 3.9121e-04, 3.1495e-04, 3.0405e-04, 6.6190e-05,
        4.6824e-04, 9.9401e-05, 3.8825e-04, 1.9971e-04, 8.5435e-04, 9.6804e-05,
        1.9040e-04, 2.3477e-04, 3.5663e-04, 2.6375e-04, 4.0665e-04, 2.0032e-05,
        5.3864e-05, 1.4008e-04, 4.7237e-04, 8.7743e-05, 4.1268e-04, 1.5490e-04,
        7.4745e-05, 1.2251e-04, 4.0857e-05, 1.3795e-04, 2.3288e-05, 2.9961e-04,
        1.8977e-04, 3.8112e-04, 2.3019e-04, 1.9022e-04, 5.7349e-04, 3.5639e-04,
        4.9950e-04, 7.7542e-05, 2.1363e-04, 3.0136e-04, 3.8559e-04, 5.9564e-04,
        1.6028e-04, 1.4441e-04, 3.2343e-04, 6.1939e-04, 4.5470e-04, 6.1828e-04,
        4.4269e-04, 5.5805e-04, 7.6686e-05, 1.5710e-04, 4.9962e-04, 1.5331e-04,
        3.4552e-04, 3.2427e-04, 2.2876e-04, 4.0163e-04, 6.1402e-04, 5.1378e-04,
        6.1817e-04, 6.3892e-04, 1.4611e-04, 2.3719e-04, 4.0235e-04, 8.7062e-06,
        9.4156e-04, 2.0880e-04, 1.0933e-04, 2.2519e-04, 5.0640e-04, 2.1210e-04,
        3.2052e-04, 3.0513e-04, 2.7398e-04, 3.4545e-05, 1.6837e-04],
       grad_fn=<CatBackward>)

mean_overall=tensor(0.0005, grad_fn=<MeanBackward0>)

-----------------------------------------------ITERATION310-----------------------------------------------

final_causality=[[1, 1, 1, 1, 1, 1, 1, 1, 1, 1, 1, 1, 1], [1, 1, 1, 1, 1, 1, 1, 1, 1, 1, 1, 1, 1, 1, 1, 1, 1, 1, 1, 1, 1, 1, 1, 1, 1, 1, 1, 1, 1, 1, 1, 1, 1, 1, 1, 1, 1, 1, 1, 1, 1, 1, 1, 1, 1, 1, 1, 1, 1, 1], [1, 1, 1, 1, 1, 1, 1, 1, 1, 1, 1, 1, 1, 1, 1, 1, 1, 1, 1, 1, 1, 1, 1, 1, 1, 1, 1, 1, 1, 1, 1, 1, 1, 1, 1, 1, 1, 1, 1, 1, 1, 1, 1, 1, 1, 1, 1, 1, 1, 1]]

means=tensor([5.6898e-03, 2.7756e-17, 0.0000e+00, 6.6263e-03, 6.8064e-04, 2.3153e-03,
        1.1473e-04, 4.2896e-04, 2.7756e-17, 0.0000e+00, 2.7756e-17, 1.1158e-03,
        6.5474e-03, 9.3683e-04, 7.8030e-04, 7.6079e-04, 8.7378e-04, 1.2724e-03,
        4.4998e-04, 1.0820e-04, 1.2162e-04, 1.9698e-04, 1.0829e-04, 5.5625e-04,
        8.4279e-04, 1.1392e-03, 3.9362e-04, 5.4677e-05, 5.8935e-04, 1.1405e-03,
        9.4280e-04, 4.0457e-05, 1.8614e-04, 1.4118e-04, 3.6001e-04, 4.3827e-04,
        4.9627e-04, 8.0015e-04, 4.3708e-04, 3.3713e-04, 3.2468e-04, 7.8722e-05,
        5.0476e-04, 1.1555e-04, 4.2049e-04, 2.2926e-04, 9.4879e-04, 1.1110e-04,
        2.1769e-04, 2.5783e-04, 4.0521e-04, 2.9421e-04, 4.5790e-04, 2.0215e-05,
        5.8263e-05, 1.5598e-04, 5.2918e-04, 9.7600e-05, 4.4554e-04, 1.6179e-04,
        7.8042e-05, 1.3404e-04, 4.8786e-05, 1.7126e-04, 2.5225e-05, 3.3664e-04,
        2.1180e-04, 4.1732e-04, 2.5602e-04, 2.1273e-04, 6.2027e-04, 3.9239e-04,
        5.4185e-04, 9.0634e-05, 2.5753e-04, 3.2982e-04, 4.1740e-04, 6.4206e-04,
        1.8555e-04, 1.6111e-04, 3.5699e-04, 6.8026e-04, 5.0017e-04, 6.7321e-04,
        4.8195e-04, 6.0526e-04, 8.7593e-05, 1.7767e-04, 5.3853e-04, 1.7204e-04,
        3.7653e-04, 3.5206e-04, 2.5416e-04, 4.3854e-04, 6.7208e-04, 5.6208e-04,
        6.7827e-04, 6.9195e-04, 1.6399e-04, 2.6561e-04, 4.4194e-04, 1.0681e-05,
        1.0305e-03, 2.3279e-04, 1.2762e-04, 2.5015e-04, 5.5348e-04, 2.3272e-04,
        3.4590e-04, 3.3372e-04, 3.0123e-04, 3.9597e-05, 1.8649e-04],
       grad_fn=<CatBackward>)

mean_overall=tensor(0.0006, grad_fn=<MeanBackward0>)

-----------------------------------------------ITERATION320-----------------------------------------------

final_causality=[[1, 1, 1, 1, 1, 1, 1, 1, 1, 1, 1, 1, 1], [1, 1, 1, 1, 1, 1, 1, 1, 1, 1, 1, 1, 1, 1, 1, 1, 1, 1, 1, 1, 1, 1, 1, 1, 1, 1, 1, 1, 1, 1, 1, 1, 1, 1, 1, 1, 1, 1, 1, 1, 1, 1, 1, 1, 1, 1, 1, 1, 1, 1], [1, 1, 1, 1, 1, 1, 1, 1, 1, 1, 1, 1, 1, 1, 1, 1, 1, 1, 1, 1, 1, 1, 1, 1, 1, 1, 1, 1, 1, 1, 1, 1, 1, 1, 1, 1, 1, 1, 1, 1, 1, 1, 1, 1, 1, 1, 1, 1, 1, 1]]

means=tensor([6.2986e-03, 2.7756e-17, 2.7756e-17, 7.2988e-03, 7.6693e-04, 2.5643e-03,
        1.2618e-04, 4.7723e-04, 2.7756e-17, 2.7756e-17, 2.7756e-17, 1.2144e-03,
        7.2031e-03, 1.0327e-03, 8.4837e-04, 8.2555e-04, 9.5327e-04, 1.4021e-03,
        4.8847e-04, 1.1991e-04, 1.4119e-04, 2.1502e-04, 1.1733e-04, 5.9858e-04,
        9.3809e-04, 1.2446e-03, 4.3104e-04, 6.0723e-05, 6.4261e-04, 1.2450e-03,
        1.0447e-03, 4.1116e-05, 2.0777e-04, 1.6525e-04, 4.0445e-04, 4.8977e-04,
        5.6074e-04, 8.8994e-04, 4.8755e-04, 3.6106e-04, 3.4679e-04, 9.3120e-05,
        5.4414e-04, 1.3394e-04, 4.5545e-04, 2.6217e-04, 1.0501e-03, 1.2721e-04,
        2.4800e-04, 2.8293e-04, 4.5932e-04, 3.2769e-04, 5.1405e-04, 2.0455e-05,
        6.3339e-05, 1.7352e-04, 5.9078e-04, 1.0854e-04, 4.8102e-04, 1.6923e-04,
        8.1497e-05, 1.4670e-04, 5.7866e-05, 2.0654e-04, 2.9157e-05, 3.7631e-04,
        2.3533e-04, 4.5573e-04, 2.8435e-04, 2.3672e-04, 6.6978e-04, 4.3064e-04,
        5.8671e-04, 1.0597e-04, 3.0987e-04, 3.6091e-04, 4.5157e-04, 6.9081e-04,
        2.1452e-04, 1.7941e-04, 3.9228e-04, 7.4496e-04, 5.4873e-04, 7.3078e-04,
        5.2382e-04, 6.5534e-04, 9.9526e-05, 2.0091e-04, 5.7981e-04, 1.9238e-04,
        4.0979e-04, 3.8191e-04, 2.8151e-04, 4.7800e-04, 7.3389e-04, 6.1326e-04,
        7.4199e-04, 7.4797e-04, 1.8317e-04, 2.9619e-04, 4.8686e-04, 1.2885e-05,
        1.1258e-03, 2.5851e-04, 1.4723e-04, 2.7698e-04, 6.0332e-04, 2.5492e-04,
        3.7261e-04, 3.6475e-04, 3.3057e-04, 4.5268e-05, 2.0606e-04],
       grad_fn=<CatBackward>)

mean_overall=tensor(0.0006, grad_fn=<MeanBackward0>)

-----------------------------------------------ITERATION330-----------------------------------------------

final_causality=[[1, 1, 1, 1, 1, 1, 1, 1, 1, 1, 1, 1, 1], [1, 1, 1, 1, 1, 1, 1, 1, 1, 1, 1, 1, 1, 1, 1, 1, 1, 1, 1, 1, 1, 1, 1, 1, 1, 1, 1, 1, 1, 1, 1, 1, 1, 1, 1, 1, 1, 1, 1, 1, 1, 1, 1, 1, 1, 1, 1, 1, 1, 1], [1, 1, 1, 1, 1, 1, 1, 1, 1, 1, 1, 1, 1, 1, 1, 1, 1, 1, 1, 1, 1, 1, 1, 1, 1, 1, 1, 1, 1, 1, 1, 1, 1, 1, 1, 1, 1, 1, 1, 1, 1, 1, 1, 1, 1, 1, 1, 1, 1, 1]]

means=tensor([6.9549e-03, 2.7756e-17, 2.7756e-17, 8.0257e-03, 8.6147e-04, 2.8326e-03,
        1.3885e-04, 5.2994e-04, 2.7756e-17, 2.7756e-17, 2.7756e-17, 1.3066e-03,
        7.9118e-03, 1.1352e-03, 9.2086e-04, 8.9510e-04, 1.0382e-03, 1.5405e-03,
        5.2986e-04, 1.3293e-04, 1.6412e-04, 2.3484e-04, 1.2709e-04, 6.4405e-04,
        1.0406e-03, 1.3569e-03, 4.7144e-04, 6.8884e-05, 6.9988e-04, 1.3564e-03,
        1.1540e-03, 4.1826e-05, 2.3184e-04, 1.9319e-04, 4.5294e-04, 5.4612e-04,
        6.3094e-04, 9.8715e-04, 5.4278e-04, 3.8681e-04, 3.7041e-04, 1.0954e-04,
        5.8650e-04, 1.5475e-04, 4.9322e-04, 2.9857e-04, 1.1585e-03, 1.4528e-04,
        2.8149e-04, 3.1012e-04, 5.2020e-04, 3.6434e-04, 5.7516e-04, 2.0754e-05,
        7.0123e-05, 1.9280e-04, 6.5714e-04, 1.2064e-04, 5.1922e-04, 1.7723e-04,
        8.5116e-05, 1.6472e-04, 6.8225e-05, 2.4363e-04, 3.5019e-05, 4.1855e-04,
        2.6030e-04, 4.9623e-04, 3.1528e-04, 2.6214e-04, 7.2194e-04, 4.7107e-04,
        6.3393e-04, 1.2387e-04, 3.7187e-04, 3.9474e-04, 4.8811e-04, 7.4179e-04,
        2.4754e-04, 1.9935e-04, 4.2919e-04, 8.1330e-04, 6.0031e-04, 7.9074e-04,
        5.6825e-04, 7.0820e-04, 1.1250e-04, 2.2710e-04, 6.2338e-04, 2.1437e-04,
        4.4530e-04, 4.1385e-04, 3.1082e-04, 5.1998e-04, 7.9932e-04, 6.6713e-04,
        8.0906e-04, 8.0688e-04, 2.0365e-04, 3.2895e-04, 5.3666e-04, 1.5331e-05,
        1.2271e-03, 2.8591e-04, 1.6812e-04, 3.0562e-04, 6.5575e-04, 2.7871e-04,
        4.0061e-04, 3.9828e-04, 3.6195e-04, 5.1631e-05, 2.2713e-04],
       grad_fn=<CatBackward>)

mean_overall=tensor(0.0007, grad_fn=<MeanBackward0>)

-----------------------------------------------ITERATION340-----------------------------------------------

final_causality=[[1, 1, 1, 1, 1, 1, 1, 1, 1, 1, 1, 1, 1], [1, 1, 1, 1, 1, 1, 1, 1, 1, 1, 1, 1, 1, 1, 1, 1, 1, 1, 1, 1, 1, 1, 1, 1, 1, 1, 1, 1, 1, 1, 1, 1, 1, 1, 1, 1, 1, 1, 1, 1, 1, 1, 1, 1, 1, 1, 1, 1, 1, 1], [1, 1, 1, 1, 1, 1, 1, 1, 1, 1, 1, 1, 1, 1, 1, 1, 1, 1, 1, 1, 1, 1, 1, 1, 1, 1, 1, 1, 1, 1, 1, 1, 1, 1, 1, 1, 1, 1, 1, 1, 1, 1, 1, 1, 1, 1, 1, 1, 1, 1]]

means=tensor([7.6587e-03, 0.0000e+00, 0.0000e+00, 8.8083e-03, 9.6456e-04, 3.1197e-03,
        1.5269e-04, 5.8726e-04, 0.0000e+00, 2.7756e-17, 0.0000e+00, 1.3873e-03,
        8.6749e-03, 1.2440e-03, 9.9768e-04, 9.6946e-04, 1.1286e-03, 1.6872e-03,
        5.7421e-04, 1.4731e-04, 1.8975e-04, 2.5654e-04, 1.3760e-04, 6.9272e-04,
        1.1504e-03, 1.4759e-03, 5.1483e-04, 7.8342e-05, 7.6117e-04, 1.4746e-03,
        1.2708e-03, 4.2571e-05, 2.5851e-04, 2.2460e-04, 5.0560e-04, 6.0735e-04,
        7.0668e-04, 1.0917e-03, 6.0284e-04, 4.1443e-04, 3.9559e-04, 1.2811e-04,
        6.3189e-04, 1.7809e-04, 5.3383e-04, 3.3854e-04, 1.2741e-03, 1.6540e-04,
        3.1827e-04, 3.3945e-04, 5.8625e-04, 4.0425e-04, 6.4114e-04, 2.1111e-05,
        7.7842e-05, 2.1387e-04, 7.2810e-04, 1.3392e-04, 5.6022e-04, 1.8581e-04,
        8.8901e-05, 1.8821e-04, 7.9973e-05, 2.8235e-04, 4.1332e-05, 4.6325e-04,
        2.8661e-04, 5.3864e-04, 3.4885e-04, 2.8888e-04, 7.7654e-04, 5.1358e-04,
        6.8329e-04, 1.4466e-04, 4.4480e-04, 4.3138e-04, 5.2697e-04, 7.9483e-04,
        2.8492e-04, 2.2092e-04, 4.6753e-04, 8.8500e-04, 6.5481e-04, 8.5278e-04,
        6.1508e-04, 7.6370e-04, 1.2651e-04, 2.5644e-04, 6.7497e-04, 2.3805e-04,
        4.8297e-04, 4.4786e-04, 3.4202e-04, 5.6436e-04, 8.6813e-04, 7.2342e-04,
        8.7909e-04, 8.6851e-04, 2.2538e-04, 3.6382e-04, 5.8940e-04, 1.8027e-05,
        1.3343e-03, 3.1487e-04, 1.9019e-04, 3.3596e-04, 7.1047e-04, 3.0407e-04,
        4.2985e-04, 4.3437e-04, 3.9529e-04, 5.8756e-05, 2.4972e-04],
       grad_fn=<CatBackward>)

mean_overall=tensor(0.0007, grad_fn=<MeanBackward0>)

-----------------------------------------------ITERATION350-----------------------------------------------

final_causality=[[1, 1, 1, 1, 1, 1, 1, 1, 1, 1, 1, 1, 1], [1, 1, 1, 1, 1, 1, 1, 1, 1, 1, 1, 1, 1, 1, 1, 1, 1, 1, 1, 1, 1, 1, 1, 1, 1, 1, 1, 1, 1, 1, 1, 1, 1, 1, 1, 1, 1, 1, 1, 1, 1, 1, 1, 1, 1, 1, 1, 1, 1, 1], [1, 1, 1, 1, 1, 1, 1, 1, 1, 1, 1, 1, 1, 1, 1, 1, 1, 1, 1, 1, 1, 1, 1, 1, 1, 1, 1, 1, 1, 1, 1, 1, 1, 1, 1, 1, 1, 1, 1, 1, 1, 1, 1, 1, 1, 1, 1, 1, 1, 1]]

means=tensor([8.4093e-03, 2.7756e-17, 2.7756e-17, 9.6470e-03, 1.0765e-03, 3.4242e-03,
        1.6757e-04, 6.4929e-04, 2.7756e-17, 2.7756e-17, 2.7756e-17, 1.4504e-03,
        9.4924e-03, 1.3587e-03, 1.0786e-03, 1.0485e-03, 1.2246e-03, 1.8415e-03,
        6.2150e-04, 1.6311e-04, 2.1803e-04, 2.8022e-04, 1.4888e-04, 7.4458e-04,
        1.2670e-03, 1.6013e-03, 5.6114e-04, 8.8977e-05, 8.2639e-04, 1.5993e-03,
        1.3947e-03, 4.3334e-05, 2.8789e-04, 2.5952e-04, 5.6244e-04, 6.7334e-04,
        7.8761e-04, 1.2034e-03, 6.6766e-04, 4.4394e-04, 4.2230e-04, 1.4893e-04,
        6.8031e-04, 2.0402e-04, 5.7725e-04, 3.8207e-04, 1.3968e-03, 1.8764e-04,
        3.5840e-04, 3.7087e-04, 6.5731e-04, 4.4745e-04, 7.1179e-04, 2.1524e-05,
        8.6603e-05, 2.3674e-04, 8.0335e-04, 1.4843e-04, 6.0402e-04, 1.9499e-04,
        9.2851e-05, 2.1443e-04, 9.3190e-05, 3.2243e-04, 4.8120e-05, 5.1022e-04,
        3.1412e-04, 5.8272e-04, 3.8508e-04, 3.1681e-04, 8.3332e-04, 5.5798e-04,
        7.3449e-04, 1.6862e-04, 5.2990e-04, 4.7083e-04, 5.6804e-04, 8.4967e-04,
        3.2690e-04, 2.4405e-04, 5.0711e-04, 9.5967e-04, 7.1202e-04, 9.1648e-04,
        6.6408e-04, 8.2161e-04, 1.4153e-04, 2.8911e-04, 7.3067e-04, 2.6339e-04,
        5.2267e-04, 4.8386e-04, 3.7499e-04, 6.1095e-04, 9.3999e-04, 7.8179e-04,
        9.5157e-04, 9.3260e-04, 2.4831e-04, 4.0070e-04, 6.4486e-04, 2.0974e-05,
        1.4468e-03, 3.4524e-04, 2.1331e-04, 3.6783e-04, 7.6714e-04, 3.3096e-04,
        4.6022e-04, 4.7300e-04, 4.3046e-04, 6.6707e-05, 2.7383e-04],
       grad_fn=<CatBackward>)

mean_overall=tensor(0.0008, grad_fn=<MeanBackward0>)

-----------------------------------------------ITERATION360-----------------------------------------------

final_causality=[[1, 1, 1, 1, 1, 1, 1, 1, 1, 1, 1, 1, 1], [1, 1, 1, 1, 1, 1, 1, 1, 1, 1, 1, 1, 1, 1, 1, 1, 1, 1, 1, 1, 1, 1, 1, 1, 1, 1, 1, 1, 1, 1, 1, 1, 1, 1, 1, 1, 1, 1, 1, 1, 1, 1, 1, 1, 1, 1, 1, 1, 1, 1], [1, 1, 1, 1, 1, 1, 1, 1, 1, 1, 1, 1, 1, 1, 1, 1, 1, 1, 1, 1, 1, 1, 1, 1, 1, 1, 1, 1, 1, 1, 1, 1, 1, 1, 1, 1, 1, 1, 1, 1, 1, 1, 1, 1, 1, 1, 1, 1, 1, 1]]

means=tensor([9.2045e-03, 0.0000e+00, 0.0000e+00, 1.0541e-02, 1.1972e-03, 3.7437e-03,
        1.8331e-04, 7.1606e-04, 0.0000e+00, 0.0000e+00, 0.0000e+00, 1.4893e-03,
        1.0364e-02, 1.4789e-03, 1.1634e-03, 1.1320e-03, 1.3260e-03, 2.0026e-03,
        6.7163e-04, 1.8038e-04, 2.4890e-04, 3.0592e-04, 1.6094e-04, 7.9956e-04,
        1.3901e-03, 1.7324e-03, 6.1022e-04, 1.0084e-04, 8.9533e-04, 1.7298e-03,
        1.5252e-03, 4.4092e-05, 3.2006e-04, 2.9791e-04, 6.2337e-04, 7.4402e-04,
        8.7316e-04, 1.3219e-03, 7.3702e-04, 4.7531e-04, 4.5051e-04, 1.7204e-04,
        7.3167e-04, 2.3252e-04, 6.2336e-04, 4.2904e-04, 1.5263e-03, 2.1203e-04,
        4.0186e-04, 4.0431e-04, 7.3308e-04, 4.9388e-04, 7.8676e-04, 2.1991e-05,
        9.6506e-05, 2.6139e-04, 8.8243e-04, 1.6414e-04, 6.5055e-04, 2.0475e-04,
        9.6960e-05, 2.4349e-04, 1.0792e-04, 3.6358e-04, 5.5396e-05, 5.5922e-04,
        3.4264e-04, 6.2814e-04, 4.2388e-04, 3.4574e-04, 8.9191e-04, 6.0401e-04,
        7.8716e-04, 1.9602e-04, 6.2825e-04, 5.1304e-04, 6.1113e-04, 9.0602e-04,
        3.7364e-04, 2.6865e-04, 5.4767e-04, 1.0368e-03, 7.7161e-04, 9.8133e-04,
        7.1493e-04, 8.8162e-04, 1.5748e-04, 3.2524e-04, 7.8782e-04, 2.9032e-04,
        5.6420e-04, 5.2173e-04, 4.0956e-04, 6.5950e-04, 1.0144e-03, 8.4178e-04,
        1.0259e-03, 9.9880e-04, 2.7234e-04, 4.3943e-04, 7.0269e-04, 2.4169e-05,
        1.5640e-03, 3.7682e-04, 2.3733e-04, 4.0100e-04, 8.2528e-04, 3.5927e-04,
        4.9159e-04, 5.1409e-04, 4.6724e-04, 7.5536e-05, 2.9940e-04],
       grad_fn=<CatBackward>)

mean_overall=tensor(0.0009, grad_fn=<MeanBackward0>)

-----------------------------------------------ITERATION370-----------------------------------------------

final_causality=[[1, 1, 1, 1, 1, 1, 1, 1, 1, 1, 1, 1, 1], [1, 1, 1, 1, 1, 1, 1, 1, 1, 1, 1, 1, 1, 1, 1, 1, 1, 1, 1, 1, 1, 1, 1, 1, 1, 1, 1, 1, 1, 1, 1, 1, 1, 1, 1, 1, 1, 1, 1, 1, 1, 1, 1, 1, 1, 1, 1, 1, 1, 1], [1, 1, 1, 1, 1, 1, 1, 1, 1, 1, 1, 1, 1, 1, 1, 1, 1, 1, 1, 1, 1, 1, 1, 1, 1, 1, 1, 1, 1, 1, 1, 1, 1, 1, 1, 1, 1, 1, 1, 1, 1, 1, 1, 1, 1, 1, 1, 1, 1, 1]]

means=tensor([1.0041e-02, 0.0000e+00, 0.0000e+00, 1.1489e-02, 1.3268e-03, 4.0749e-03,
        1.9966e-04, 7.8749e-04, 0.0000e+00, 0.0000e+00, 0.0000e+00, 1.4969e-03,
        1.1286e-02, 1.6035e-03, 1.2515e-03, 1.2195e-03, 1.4326e-03, 2.1693e-03,
        7.2443e-04, 1.9910e-04, 2.8221e-04, 3.3367e-04, 1.7450e-04, 8.5745e-04,
        1.5186e-03, 1.8686e-03, 6.6181e-04, 1.1393e-04, 9.6764e-04, 1.8655e-03,
        1.6614e-03, 4.4855e-05, 3.5501e-04, 3.4024e-04, 6.8818e-04, 8.2336e-04,
        9.6256e-04, 1.4465e-03, 8.1054e-04, 5.0846e-04, 4.8011e-04, 1.9743e-04,
        7.8581e-04, 2.6348e-04, 6.7198e-04, 4.7919e-04, 1.6620e-03, 2.3851e-04,
        4.4852e-04, 4.3959e-04, 8.1308e-04, 5.4337e-04, 8.6553e-04, 2.2507e-05,
        1.0764e-04, 2.8773e-04, 9.6469e-04, 1.8100e-04, 6.9968e-04, 2.1508e-04,
        1.0122e-04, 2.7544e-04, 1.2414e-04, 4.0547e-04, 6.3164e-05, 6.0989e-04,
        3.7194e-04, 6.7449e-04, 4.6509e-04, 3.7542e-04, 9.5187e-04, 6.5133e-04,
        8.4085e-04, 2.2701e-04, 7.4072e-04, 5.5785e-04, 6.5597e-04, 9.6347e-04,
        4.2517e-04, 2.9454e-04, 5.8890e-04, 1.1158e-03, 8.3320e-04, 1.0468e-03,
        7.6723e-04, 9.4331e-04, 1.7425e-04, 3.6483e-04, 8.4588e-04, 3.1873e-04,
        6.0727e-04, 5.6126e-04, 4.4547e-04, 7.0964e-04, 1.0908e-03, 9.0285e-04,
        1.1013e-03, 1.0667e-03, 2.9732e-04, 4.7978e-04, 7.6246e-04, 2.7597e-05,
        1.6849e-03, 4.0933e-04, 2.6201e-04, 4.3517e-04, 8.8436e-04, 3.8886e-04,
        5.2376e-04, 5.5747e-04, 5.0536e-04, 8.5281e-05, 3.2635e-04],
       grad_fn=<CatBackward>)

mean_overall=tensor(0.0009, grad_fn=<MeanBackward0>)

-----------------------------------------------ITERATION380-----------------------------------------------

final_causality=[[1, 1, 1, 1, 1, 1, 1, 1, 1, 1, 1, 1, 1], [1, 1, 1, 1, 1, 1, 1, 1, 1, 1, 1, 1, 1, 1, 1, 1, 1, 1, 1, 1, 1, 1, 1, 1, 1, 1, 1, 1, 1, 1, 1, 1, 1, 1, 1, 1, 1, 1, 1, 1, 1, 1, 1, 1, 1, 1, 1, 1, 1, 1], [1, 1, 1, 1, 1, 1, 1, 1, 1, 1, 1, 1, 1, 1, 1, 1, 1, 1, 1, 1, 1, 1, 1, 1, 1, 1, 1, 1, 1, 1, 1, 1, 1, 1, 1, 1, 1, 1, 1, 1, 1, 1, 1, 1, 1, 1, 1, 1, 1, 1]]

means=tensor([1.0912e-02, 0.0000e+00, 0.0000e+00, 1.2486e-02, 1.4648e-03, 4.4128e-03,
        2.1635e-04, 8.6343e-04, 0.0000e+00, 0.0000e+00, 0.0000e+00, 1.4670e-03,
        1.2255e-02, 1.7317e-03, 1.3424e-03, 1.3105e-03, 1.5441e-03, 2.3403e-03,
        7.7963e-04, 2.1923e-04, 3.1772e-04, 3.6339e-04, 1.9461e-04, 9.1797e-04,
        1.6515e-03, 2.0086e-03, 7.1552e-04, 1.2823e-04, 1.0428e-03, 2.0053e-03,
        1.8022e-03, 4.5680e-05, 3.9266e-04, 3.8680e-04, 7.5650e-04, 9.0772e-04,
        1.0549e-03, 1.5765e-03, 8.8764e-04, 5.4322e-04, 5.1097e-04, 2.2498e-04,
        8.4245e-04, 2.9668e-04, 7.2282e-04, 5.3214e-04, 1.8030e-03, 2.6696e-04,
        4.9816e-04, 4.7649e-04, 8.9670e-04, 5.9565e-04, 9.4744e-04, 2.3283e-05,
        1.2009e-04, 3.1560e-04, 1.0493e-03, 1.9890e-04, 7.5117e-04, 2.2596e-04,
        1.0562e-04, 3.1021e-04, 1.4179e-04, 4.4771e-04, 7.1410e-05, 6.6182e-04,
        4.0173e-04, 7.2132e-04, 5.0848e-04, 4.0558e-04, 1.0126e-03, 6.9955e-04,
        8.9502e-04, 2.6167e-04, 8.6782e-04, 6.0500e-04, 7.0221e-04, 1.0216e-03,
        4.8139e-04, 3.2152e-04, 6.3046e-04, 1.1958e-03, 8.9627e-04, 1.1121e-03,
        8.2048e-04, 1.0062e-03, 1.9171e-04, 4.0782e-04, 9.0425e-04, 3.4845e-04,
        6.5151e-04, 6.0219e-04, 4.8240e-04, 7.6093e-04, 1.1685e-03, 9.6438e-04,
        1.1769e-03, 1.1356e-03, 3.2308e-04, 5.2142e-04, 8.2364e-04, 3.1237e-05,
        1.8085e-03, 4.4247e-04, 2.8713e-04, 4.6998e-04, 9.4374e-04, 4.1955e-04,
        5.5651e-04, 6.0289e-04, 5.4446e-04, 9.5951e-05, 3.5452e-04],
       grad_fn=<CatBackward>)

mean_overall=tensor(0.0010, grad_fn=<MeanBackward0>)

-----------------------------------------------ITERATION390-----------------------------------------------

final_causality=[[1, 1, 1, 1, 1, 1, 1, 1, 1, 1, 1, 1, 1], [1, 1, 1, 1, 1, 1, 1, 1, 1, 1, 1, 1, 1, 1, 1, 1, 1, 1, 1, 1, 1, 1, 1, 1, 1, 1, 1, 1, 1, 1, 1, 1, 1, 1, 1, 1, 1, 1, 1, 1, 1, 1, 1, 1, 1, 1, 1, 1, 1, 1], [1, 1, 1, 1, 1, 1, 1, 1, 1, 1, 1, 1, 1, 1, 1, 1, 1, 1, 1, 1, 1, 1, 1, 1, 1, 1, 1, 1, 1, 1, 1, 1, 1, 1, 1, 1, 1, 1, 1, 1, 1, 1, 1, 1, 1, 1, 1, 1, 1, 1]]

means=tensor([1.1811e-02, 2.7756e-17, 2.7756e-17, 1.3528e-02, 1.6108e-03, 4.7513e-03,
        2.3312e-04, 9.4357e-04, 2.7756e-17, 0.0000e+00, 2.7756e-17, 1.3944e-03,
        1.3265e-02, 1.8623e-03, 1.4352e-03, 1.4041e-03, 1.6600e-03, 2.5140e-03,
        8.3685e-04, 2.4066e-04, 3.5507e-04, 3.9498e-04, 2.1595e-04, 9.8069e-04,
        1.7875e-03, 2.1514e-03, 7.7085e-04, 1.4413e-04, 1.1203e-03, 2.1481e-03,
        1.9461e-03, 4.6415e-05, 4.3283e-04, 4.3672e-04, 8.2780e-04, 9.9651e-04,
        1.1490e-03, 1.7108e-03, 9.6755e-04, 5.7939e-04, 5.4285e-04, 2.5450e-04,
        9.0122e-04, 3.3180e-04, 7.7550e-04, 5.8735e-04, 1.9482e-03, 2.9717e-04,
        5.5040e-04, 5.1467e-04, 9.8316e-04, 6.5029e-04, 1.0317e-03, 2.4133e-05,
        1.3388e-04, 3.4477e-04, 1.1355e-03, 2.1768e-04, 8.0467e-04, 2.3758e-04,
        1.1013e-04, 3.4768e-04, 1.6072e-04, 4.8987e-04, 8.0103e-05, 7.1453e-04,
        4.3171e-04, 7.6812e-04, 5.5369e-04, 4.3591e-04, 1.0736e-03, 7.4818e-04,
        9.4909e-04, 2.9994e-04, 1.0096e-03, 6.5414e-04, 7.4941e-04, 1.0798e-03,
        5.4203e-04, 3.4929e-04, 6.7197e-04, 1.2762e-03, 9.6024e-04, 1.1767e-03,
        8.7411e-04, 1.0697e-03, 2.0968e-04, 4.5399e-04, 9.6227e-04, 3.7925e-04,
        6.9650e-04, 6.4416e-04, 5.1998e-04, 8.1286e-04, 1.2467e-03, 1.0257e-03,
        1.2519e-03, 1.2051e-03, 3.4939e-04, 5.6400e-04, 8.8564e-04, 3.5055e-05,
        1.9335e-03, 4.7588e-04, 3.1239e-04, 5.0503e-04, 1.0028e-03, 4.5108e-04,
        5.8959e-04, 6.5000e-04, 5.8414e-04, 1.0753e-04, 3.8372e-04],
       grad_fn=<CatBackward>)

mean_overall=tensor(0.0011, grad_fn=<MeanBackward0>)

-----------------------------------------------ITERATION400-----------------------------------------------

final_causality=[[1, 1, 1, 1, 1, 1, 1, 1, 1, 1, 1, 1, 1], [1, 1, 1, 1, 1, 1, 1, 1, 1, 1, 1, 1, 1, 1, 1, 1, 1, 1, 1, 1, 1, 1, 1, 1, 1, 1, 1, 1, 1, 1, 1, 1, 1, 1, 1, 1, 1, 1, 1, 1, 1, 1, 1, 1, 1, 1, 1, 1, 1, 1], [1, 1, 1, 1, 1, 1, 1, 1, 1, 1, 1, 1, 1, 1, 1, 1, 1, 1, 1, 1, 1, 1, 1, 1, 1, 1, 1, 1, 1, 1, 1, 1, 1, 1, 1, 1, 1, 1, 1, 1, 1, 1, 1, 1, 1, 1, 1, 1, 1, 1]]

means=tensor([1.2729e-02, 0.0000e+00, 0.0000e+00, 1.4607e-02, 1.7640e-03, 5.0822e-03,
        2.4970e-04, 1.0275e-03, 0.0000e+00, 2.7756e-17, 0.0000e+00, 1.2764e-03,
        1.4309e-02, 1.9941e-03, 1.5292e-03, 1.4996e-03, 1.7796e-03, 2.6888e-03,
        8.9560e-04, 2.6324e-04, 3.9380e-04, 4.2821e-04, 2.3830e-04, 1.0451e-03,
        1.9250e-03, 2.2955e-03, 8.2719e-04, 1.6135e-04, 1.1992e-03, 2.2925e-03,
        2.0915e-03, 4.7026e-05, 4.7563e-04, 4.8937e-04, 9.0136e-04, 1.0889e-03,
        1.2437e-03, 1.8484e-03, 1.0493e-03, 6.1664e-04, 5.7548e-04, 2.8568e-04,
        9.6160e-04, 3.6839e-04, 8.2957e-04, 6.4415e-04, 2.0961e-03, 3.2880e-04,
        6.0476e-04, 5.5371e-04, 1.0716e-03, 7.0678e-04, 1.1175e-03, 2.5031e-05,
        1.4905e-04, 3.7492e-04, 1.2221e-03, 2.3712e-04, 8.5972e-04, 2.4988e-04,
        1.1474e-04, 3.8760e-04, 1.8070e-04, 5.3150e-04, 8.9190e-05, 7.6745e-04,
        4.6152e-04, 8.1433e-04, 6.0029e-04, 4.6605e-04, 1.1342e-03, 7.9669e-04,
        1.0025e-03, 3.4159e-04, 1.1658e-03, 7.0482e-04, 7.9707e-04, 1.1376e-03,
        6.0665e-04, 3.7753e-04, 7.1302e-04, 1.3559e-03, 1.0244e-03, 1.2399e-03,
        9.2753e-04, 1.1331e-03, 2.2794e-04, 5.0303e-04, 1.0193e-03, 4.1083e-04,
        7.4174e-04, 6.8679e-04, 5.5775e-04, 8.6484e-04, 1.3246e-03, 1.0861e-03,
        1.3253e-03, 1.2743e-03, 3.7600e-04, 6.0708e-04, 9.4777e-04, 3.9010e-05,
        2.0587e-03, 5.0915e-04, 3.3749e-04, 5.3988e-04, 1.0607e-03, 4.8317e-04,
        6.2269e-04, 6.9839e-04, 6.2394e-04, 1.1996e-04, 4.1368e-04],
       grad_fn=<CatBackward>)

mean_overall=tensor(0.0012, grad_fn=<MeanBackward0>)

-----------------------------------------------ITERATION410-----------------------------------------------

final_causality=[[1, 1, 1, 1, 1, 1, 1, 1, 1, 1, 1, 1, 1], [1, 1, 1, 1, 1, 1, 1, 1, 1, 1, 1, 1, 1, 1, 1, 1, 1, 1, 1, 1, 1, 1, 1, 1, 1, 1, 1, 1, 1, 1, 1, 1, 1, 1, 1, 1, 1, 1, 1, 1, 1, 1, 1, 1, 1, 1, 1, 1, 1, 1], [1, 1, 1, 1, 1, 1, 1, 1, 1, 1, 1, 1, 1, 1, 1, 1, 1, 1, 1, 1, 1, 1, 1, 1, 1, 1, 1, 1, 1, 1, 1, 1, 1, 1, 1, 1, 1, 1, 1, 1, 1, 1, 1, 1, 1, 1, 1, 1, 1, 1]]

means=tensor([1.3654e-02, 0.0000e+00, 0.0000e+00, 1.5715e-02, 1.9234e-03, 5.3960e-03,
        2.6592e-04, 1.1147e-03, 0.0000e+00, 0.0000e+00, 0.0000e+00, 1.1127e-03,
        1.5376e-02, 2.1260e-03, 1.6232e-03, 1.5959e-03, 1.9019e-03, 2.8626e-03,
        9.5530e-04, 2.8676e-04, 4.3337e-04, 4.6279e-04, 2.6139e-04, 1.1104e-03,
        2.0628e-03, 2.4397e-03, 8.8379e-04, 1.7949e-04, 1.2789e-03, 2.4370e-03,
        2.2368e-03, 4.7481e-05, 5.2029e-04, 5.4392e-04, 9.7629e-04, 1.1840e-03,
        1.3452e-03, 1.9878e-03, 1.1318e-03, 6.5459e-04, 6.0852e-04, 3.1812e-04,
        1.0230e-03, 4.0594e-04, 8.8447e-04, 7.0174e-04, 2.2452e-03, 3.6143e-04,
        6.6061e-04, 5.9312e-04, 1.1610e-03, 7.6447e-04, 1.2038e-03, 2.5971e-05,
        1.6555e-04, 4.0570e-04, 1.3083e-03, 2.5697e-04, 9.1578e-04, 2.6255e-04,
        1.1941e-04, 4.2961e-04, 2.0143e-04, 5.7215e-04, 9.8596e-05, 8.2000e-04,
        4.9082e-04, 8.5939e-04, 6.4777e-04, 4.9563e-04, 1.1937e-03, 8.4452e-04,
        1.0545e-03, 3.8627e-04, 1.3355e-03, 7.5652e-04, 8.4462e-04, 1.1945e-03,
        6.7465e-04, 4.0587e-04, 7.5318e-04, 1.4341e-03, 1.0882e-03, 1.3009e-03,
        9.8009e-04, 1.1958e-03, 2.4625e-04, 5.5445e-04, 1.0745e-03, 4.4285e-04,
        7.8667e-04, 7.2961e-04, 5.9526e-04, 9.1624e-04, 1.4012e-03, 1.1448e-03,
        1.3962e-03, 1.3425e-03, 4.0261e-04, 6.5018e-04, 1.0093e-03, 4.3047e-05,
        2.1825e-03, 5.4187e-04, 3.6209e-04, 5.7408e-04, 1.1169e-03, 5.1549e-04,
        6.5549e-04, 7.4753e-04, 6.6337e-04, 1.3317e-04, 4.4411e-04],
       grad_fn=<CatBackward>)

mean_overall=tensor(0.0013, grad_fn=<MeanBackward0>)

-----------------------------------------------ITERATION420-----------------------------------------------

final_causality=[[1, 1, 1, 1, 1, 1, 1, 1, 1, 1, 1, 1, 1], [1, 1, 1, 1, 1, 1, 1, 1, 1, 1, 1, 1, 1, 1, 1, 1, 1, 1, 1, 1, 1, 1, 1, 1, 1, 1, 1, 1, 1, 1, 1, 1, 1, 1, 1, 1, 1, 1, 1, 1, 1, 1, 1, 1, 1, 1, 1, 1, 1, 1], [1, 1, 1, 1, 1, 1, 1, 1, 1, 1, 1, 1, 1, 1, 1, 1, 1, 1, 1, 1, 1, 1, 1, 1, 1, 1, 1, 1, 1, 1, 1, 1, 1, 1, 1, 1, 1, 1, 1, 1, 1, 1, 1, 1, 1, 1, 1, 1, 1, 1]]

means=tensor([1.4574e-02, 2.7756e-17, 2.7756e-17, 1.6842e-02, 2.0876e-03, 5.6820e-03,
        2.8168e-04, 1.2046e-03, 2.7756e-17, 2.7756e-17, 2.7756e-17, 9.0603e-04,
        1.6455e-02, 2.2567e-03, 1.7163e-03, 1.6920e-03, 2.0261e-03, 3.0338e-03,
        1.0153e-03, 3.1095e-04, 4.7315e-04, 4.9834e-04, 2.8487e-04, 1.1759e-03,
        2.1993e-03, 2.5824e-03, 9.3986e-04, 1.9828e-04, 1.3582e-03, 2.5801e-03,
        2.3804e-03, 4.7746e-05, 5.6633e-04, 5.9936e-04, 1.0515e-03, 1.2806e-03,
        1.4473e-03, 2.1279e-03, 1.2139e-03, 6.9280e-04, 6.4156e-04, 3.5131e-04,
        1.0847e-03, 4.4385e-04, 9.3962e-04, 7.5924e-04, 2.3939e-03, 3.9454e-04,
        7.1725e-04, 6.3235e-04, 1.2503e-03, 8.2263e-04, 1.2895e-03, 2.6949e-05,
        1.8344e-04, 4.3665e-04, 1.3929e-03, 2.7689e-04, 9.7219e-04, 2.7551e-04,
        1.2413e-04, 4.7328e-04, 2.2256e-04, 6.1135e-04, 1.0822e-04, 8.7154e-04,
        5.1922e-04, 9.0275e-04, 6.9555e-04, 5.2430e-04, 1.2513e-03, 8.9106e-04,
        1.1046e-03, 4.3347e-04, 1.5175e-03, 8.0862e-04, 8.9147e-04, 1.2498e-03,
        7.4528e-04, 4.3393e-04, 7.9204e-04, 1.5099e-03, 1.1508e-03, 1.3591e-03,
        1.0312e-03, 1.2570e-03, 2.6436e-04, 6.0770e-04, 1.1274e-03, 4.7493e-04,
        8.3073e-04, 7.7212e-04, 6.3202e-04, 9.6640e-04, 1.4756e-03, 1.2012e-03,
        1.4637e-03, 1.4090e-03, 4.2894e-04, 6.9277e-04, 1.0696e-03, 4.7107e-05,
        2.3035e-03, 5.7362e-04, 3.8587e-04, 6.0716e-04, 1.1707e-03, 5.4768e-04,
        6.8767e-04, 7.9687e-04, 7.0191e-04, 1.4701e-04, 4.7465e-04],
       grad_fn=<CatBackward>)

mean_overall=tensor(0.0013, grad_fn=<MeanBackward0>)

-----------------------------------------------ITERATION430-----------------------------------------------

final_causality=[[1, 1, 1, 1, 1, 1, 1, 1, 1, 1, 1, 1, 1], [1, 1, 1, 1, 1, 1, 1, 1, 1, 1, 1, 1, 1, 1, 1, 1, 1, 1, 1, 1, 1, 1, 1, 1, 1, 1, 1, 1, 1, 1, 1, 1, 1, 1, 1, 1, 1, 1, 1, 1, 1, 1, 1, 1, 1, 1, 1, 1, 1, 1], [1, 1, 1, 1, 1, 1, 1, 1, 1, 1, 1, 1, 1, 1, 1, 1, 1, 1, 1, 1, 1, 1, 1, 1, 1, 1, 1, 1, 1, 1, 1, 1, 1, 1, 1, 1, 1, 1, 1, 1, 1, 1, 1, 1, 1, 1, 1, 1, 1, 1]]

means=tensor([1.5475e-02, 2.7756e-17, 2.7756e-17, 1.7977e-02, 2.2553e-03, 5.9286e-03,
        2.9696e-04, 1.2963e-03, 2.7756e-17, 2.7756e-17, 2.7756e-17, 6.6153e-04,
        1.7535e-02, 2.3852e-03, 1.8074e-03, 1.7866e-03, 2.1511e-03, 3.2003e-03,
        1.0748e-03, 3.3549e-04, 5.1249e-04, 5.3438e-04, 3.0837e-04, 1.2408e-03,
        2.3332e-03, 2.7223e-03, 9.9455e-04, 2.1743e-04, 1.4363e-03, 2.7201e-03,
        2.5206e-03, 4.7795e-05, 6.1317e-04, 6.5456e-04, 1.1260e-03, 1.3774e-03,
        1.5482e-03, 2.2670e-03, 1.2943e-03, 7.3075e-04, 6.7418e-04, 3.8468e-04,
        1.1459e-03, 4.8148e-04, 9.9438e-04, 8.1570e-04, 2.5405e-03, 4.2751e-04,
        7.7388e-04, 6.7081e-04, 1.3387e-03, 8.8048e-04, 1.3738e-03, 2.7960e-05,
        2.0241e-04, 4.6733e-04, 1.4752e-03, 2.9656e-04, 1.0283e-03, 2.8870e-04,
        1.2885e-04, 5.1806e-04, 2.4367e-04, 6.4866e-04, 1.1796e-04, 9.2143e-04,
        5.4636e-04, 9.4386e-04, 7.4301e-04, 5.5169e-04, 1.3065e-03, 9.3573e-04,
        1.1521e-03, 4.8254e-04, 1.7101e-03, 8.6049e-04, 9.3699e-04, 1.3029e-03,
        8.1764e-04, 4.6129e-04, 8.2917e-04, 1.5823e-03, 1.2114e-03, 1.4139e-03,
        1.0801e-03, 1.3161e-03, 2.8200e-04, 6.6211e-04, 1.1773e-03, 5.0666e-04,
        8.7333e-04, 8.1382e-04, 6.6752e-04, 1.0147e-03, 1.5470e-03, 1.2545e-03,
        1.5271e-03, 1.4730e-03, 4.5466e-04, 7.3433e-04, 1.1277e-03, 5.1120e-05,
        2.4204e-03, 6.0397e-04, 4.0850e-04, 6.3868e-04, 1.2213e-03, 5.7934e-04,
        7.1888e-04, 8.4579e-04, 7.3905e-04, 1.6133e-04, 5.0494e-04],
       grad_fn=<CatBackward>)

mean_overall=tensor(0.0014, grad_fn=<MeanBackward0>)

-----------------------------------------------ITERATION440-----------------------------------------------

final_causality=[[1, 1, 1, 1, 1, 1, 1, 1, 1, 1, 1, 1, 1], [1, 1, 1, 1, 1, 1, 1, 1, 1, 1, 1, 1, 1, 1, 1, 1, 1, 1, 1, 1, 1, 1, 1, 1, 1, 1, 1, 1, 1, 1, 1, 1, 1, 1, 1, 1, 1, 1, 1, 1, 1, 1, 1, 1, 1, 1, 1, 1, 1, 1], [1, 1, 1, 1, 1, 1, 1, 1, 1, 1, 1, 1, 1, 1, 1, 1, 1, 1, 1, 1, 1, 1, 1, 1, 1, 1, 1, 1, 1, 1, 1, 1, 1, 1, 1, 1, 1, 1, 1, 1, 1, 1, 1, 1, 1, 1, 1, 1, 1, 1]]

means=tensor([1.6342e-02, 0.0000e+00, 0.0000e+00, 1.9107e-02, 2.4249e-03, 6.1249e-03,
        3.1186e-04, 1.3891e-03, 0.0000e+00, 0.0000e+00, 0.0000e+00, 3.8651e-04,
        1.8601e-02, 2.5106e-03, 1.8955e-03, 1.8787e-03, 2.2761e-03, 3.3605e-03,
        1.1332e-03, 3.6005e-04, 5.5073e-04, 5.7037e-04, 3.3144e-04, 1.3041e-03,
        2.4632e-03, 2.8582e-03, 1.0470e-03, 2.3661e-04, 1.5123e-03, 2.8556e-03,
        2.6561e-03, 4.7603e-05, 6.6019e-04, 7.0832e-04, 1.1985e-03, 1.4733e-03,
        1.6467e-03, 2.4038e-03, 1.3716e-03, 7.6794e-04, 7.0593e-04, 4.1764e-04,
        1.2059e-03, 5.1818e-04, 1.0481e-03, 8.7018e-04, 2.6836e-03, 4.5970e-04,
        8.2967e-04, 7.0792e-04, 1.4251e-03, 9.3721e-04, 1.4555e-03, 2.9000e-05,
        2.2226e-04, 4.9726e-04, 1.5541e-03, 3.1564e-04, 1.0833e-03, 3.0202e-04,
        1.3354e-04, 5.6336e-04, 2.6433e-04, 6.8368e-04, 1.2768e-04, 9.6909e-04,
        5.7191e-04, 9.8227e-04, 7.8953e-04, 5.7746e-04, 1.3587e-03, 9.7797e-04,
        1.1966e-03, 5.3279e-04, 1.9115e-03, 9.1147e-04, 9.8058e-04, 1.3533e-03,
        8.9079e-04, 4.8756e-04, 8.6419e-04, 1.6506e-03, 1.2694e-03, 1.4648e-03,
        1.1264e-03, 1.3724e-03, 2.9890e-04, 7.1693e-04, 1.2237e-03, 5.3762e-04,
        9.1393e-04, 8.5420e-04, 7.0131e-04, 1.0605e-03, 1.6146e-03, 1.3042e-03,
        1.5855e-03, 1.5338e-03, 4.7948e-04, 7.7433e-04, 1.1832e-03, 5.5018e-05,
        2.5318e-03, 6.3254e-04, 4.2969e-04, 6.6824e-04, 1.2684e-03, 6.1010e-04,
        7.4881e-04, 8.9368e-04, 7.7432e-04, 1.7595e-04, 5.3458e-04],
       grad_fn=<CatBackward>)

mean_overall=tensor(0.0015, grad_fn=<MeanBackward0>)

