-----------------------------------------------ITERATION0-----------------------------------------------

final_causality=[[1, 1, 1, 1, 1, 1, 1, 1, 1, 1, 1, 1, 1], [1, 1, 1, 1, 1, 1, 1, 1, 1, 1, 1, 1, 1, 1, 1, 1, 1, 1, 1, 1, 1, 1, 1, 1, 1, 1, 1, 1, 1, 1, 1, 1, 1, 1, 1, 1, 1, 1, 1, 1, 1, 1, 1, 1, 1, 1, 1, 1, 1, 1], [1, 1, 1, 1, 1, 1, 1, 1, 1, 1, 1, 1, 1, 1, 1, 1, 1, 1, 1, 1, 1, 1, 1, 1, 1, 1, 1, 1, 1, 1, 1, 1, 1, 1, 1, 1, 1, 1, 1, 1, 1, 1, 1, 1, 1, 1, 1, 1, 1, 1]]

means=tensor([3.4586e-04, 2.7756e-17, 2.7756e-17, 8.1620e-06, 1.1588e-05, 1.3220e-04,
        7.1656e-06, 2.7743e-05, 2.7756e-17, 0.0000e+00, 2.7756e-17, 1.7275e-06,
        2.0417e-04, 1.5320e-04, 4.7820e-05, 2.7650e-05, 9.7273e-05, 6.2760e-06,
        6.7383e-05, 5.6291e-05, 7.7507e-06, 8.8703e-05, 1.0682e-04, 2.6472e-05,
        2.7369e-05, 3.6152e-07, 4.0946e-05, 4.8171e-05, 6.4663e-07, 2.0502e-05,
        8.3120e-05, 9.0939e-06, 8.7239e-05, 2.1520e-05, 9.3290e-06, 8.2220e-05,
        9.0099e-05, 1.4127e-05, 8.7325e-05, 3.7190e-05, 2.2615e-05, 7.5504e-05,
        3.1732e-05, 3.3927e-05, 4.0255e-05, 2.4008e-05, 1.1357e-05, 9.6700e-06,
        6.6269e-06, 3.9466e-05, 4.3078e-05, 1.4062e-05, 4.3763e-06, 3.8429e-05,
        3.3543e-05, 6.4156e-05, 1.7696e-05, 2.6099e-05, 1.3606e-05, 9.9331e-05,
        3.8352e-05, 9.0121e-06, 9.6653e-05, 3.6727e-05, 7.2197e-05, 4.1520e-05,
        4.1019e-06, 2.3565e-05, 1.1711e-05, 1.6488e-05, 7.4243e-05, 6.5551e-06,
        2.2849e-05, 7.9751e-05, 7.7437e-05, 7.2019e-05, 1.8710e-05, 4.1561e-05,
        6.2197e-05, 8.4714e-05, 5.3330e-05, 1.5377e-04, 1.8891e-05, 8.0366e-05,
        2.5791e-06, 4.4037e-05, 4.2729e-05, 2.6084e-05, 3.7568e-05, 1.0293e-04,
        4.7282e-05, 9.3325e-06, 2.3258e-05, 4.8720e-05, 3.5185e-05, 3.1106e-05,
        3.8234e-05, 6.6635e-06, 6.1953e-05, 5.1473e-05, 2.7904e-05, 6.6050e-05,
        5.2041e-06, 6.7444e-05, 4.1196e-05, 1.4926e-04, 1.7794e-05, 4.7364e-05,
        1.5340e-05, 1.0294e-04, 3.4112e-05, 2.5574e-05, 2.7519e-05],
       grad_fn=<CatBackward>)

mean_overall=tensor(4.5722e-05, grad_fn=<MeanBackward0>)

-----------------------------------------------ITERATION10-----------------------------------------------

final_causality=[[1, 1, 1, 1, 1, 1, 1, 1, 1, 1, 1, 1, 1], [1, 1, 1, 1, 1, 1, 1, 1, 1, 1, 1, 1, 1, 1, 1, 1, 1, 1, 1, 1, 1, 1, 1, 1, 1, 1, 1, 1, 1, 1, 1, 1, 1, 1, 1, 1, 1, 1, 1, 1, 1, 1, 1, 1, 1, 1, 1, 1, 1, 1], [1, 1, 1, 1, 1, 1, 1, 1, 1, 1, 1, 1, 1, 1, 1, 1, 1, 1, 1, 1, 1, 1, 1, 1, 1, 1, 1, 1, 1, 1, 1, 1, 1, 1, 1, 1, 1, 1, 1, 1, 1, 1, 1, 1, 1, 1, 1, 1, 1, 1]]

means=tensor([2.9731e-04, 2.7756e-17, 2.7756e-17, 1.3179e-04, 3.3245e-07, 1.1064e-04,
        8.5344e-06, 3.1230e-05, 2.7756e-17, 2.7756e-17, 2.7756e-17, 6.5466e-06,
        1.1202e-04, 1.4484e-04, 5.8329e-05, 2.1479e-05, 1.0053e-04, 6.3689e-07,
        5.4033e-05, 5.1023e-05, 7.3275e-06, 8.7023e-05, 9.3210e-05, 2.8300e-05,
        3.1332e-05, 6.0100e-06, 4.7207e-05, 4.4338e-05, 5.1295e-06, 2.5304e-05,
        7.8302e-05, 6.9416e-06, 9.0867e-05, 1.7278e-05, 7.0531e-06, 7.4876e-05,
        9.2432e-05, 1.6172e-05, 7.7536e-05, 3.8161e-05, 2.3756e-05, 9.0555e-05,
        3.4894e-05, 3.2862e-05, 3.1900e-05, 1.8649e-05, 1.8544e-05, 2.7032e-06,
        1.4214e-05, 4.2278e-05, 5.7617e-05, 1.5276e-05, 3.9968e-06, 4.1430e-05,
        1.5362e-05, 5.3589e-05, 7.9737e-06, 3.1085e-05, 1.8178e-05, 7.0168e-05,
        4.4558e-05, 1.0015e-05, 8.0233e-05, 3.8393e-05, 7.1632e-05, 4.0835e-05,
        3.9055e-06, 2.3453e-05, 1.1384e-05, 1.5272e-05, 7.3395e-05, 6.5927e-06,
        1.8833e-05, 7.4392e-05, 7.3438e-05, 5.7160e-05, 1.6938e-05, 4.1045e-05,
        6.2024e-05, 9.0048e-05, 4.8524e-05, 1.4182e-04, 2.1003e-05, 7.9999e-05,
        2.7406e-06, 4.5873e-05, 4.0676e-05, 2.6614e-05, 3.8420e-05, 1.0180e-04,
        4.6743e-05, 9.2252e-06, 3.1259e-05, 5.1126e-05, 3.5124e-05, 3.0690e-05,
        3.7411e-05, 7.2413e-06, 5.8985e-05, 5.1894e-05, 2.6276e-05, 6.5647e-05,
        4.8747e-06, 7.0367e-05, 3.7655e-05, 1.5784e-04, 1.6941e-05, 5.4283e-05,
        1.4444e-05, 9.4235e-05, 3.2089e-05, 2.5684e-05, 2.8691e-05],
       grad_fn=<CatBackward>)

mean_overall=tensor(4.4415e-05, grad_fn=<MeanBackward0>)

-----------------------------------------------ITERATION20-----------------------------------------------

final_causality=[[1, 1, 1, 1, 1, 1, 1, 1, 1, 1, 1, 1, 1], [1, 1, 1, 1, 1, 1, 1, 1, 1, 1, 1, 1, 1, 1, 1, 1, 1, 1, 1, 1, 1, 1, 1, 1, 1, 1, 1, 1, 1, 1, 1, 1, 1, 1, 1, 1, 1, 1, 1, 1, 1, 1, 1, 1, 1, 1, 1, 1, 1, 1], [1, 1, 1, 1, 1, 1, 1, 1, 1, 1, 1, 1, 1, 1, 1, 1, 1, 1, 1, 1, 1, 1, 1, 1, 1, 1, 1, 1, 1, 1, 1, 1, 1, 1, 1, 1, 1, 1, 1, 1, 1, 1, 1, 1, 1, 1, 1, 1, 1, 1]]

means=tensor([2.4756e-04, 0.0000e+00, 0.0000e+00, 2.8596e-04, 1.1980e-05, 9.0884e-05,
        9.4615e-06, 3.6285e-05, 0.0000e+00, 0.0000e+00, 0.0000e+00, 4.3900e-06,
        2.1547e-05, 1.3411e-04, 6.9275e-05, 1.5810e-05, 1.0263e-04, 8.1814e-06,
        4.0384e-05, 4.2105e-05, 8.3568e-06, 8.3285e-05, 8.0151e-05, 3.3358e-05,
        4.0558e-05, 1.2800e-05, 5.8877e-05, 3.7365e-05, 9.9259e-06, 3.5060e-05,
        7.0288e-05, 6.6701e-06, 9.2793e-05, 9.4249e-06, 8.0680e-06, 6.6946e-05,
        1.0369e-04, 1.8402e-05, 6.3267e-05, 4.1740e-05, 2.4525e-05, 1.0978e-04,
        4.2801e-05, 3.0287e-05, 1.9649e-05, 1.3898e-05, 3.1451e-05, 3.5613e-06,
        2.3007e-05, 4.9880e-05, 7.5849e-05, 1.9953e-05, 1.3860e-05, 4.7822e-05,
        4.8053e-06, 4.1706e-05, 1.1521e-06, 4.1355e-05, 2.8895e-05, 3.8267e-05,
        5.1382e-05, 1.4483e-05, 6.1581e-05, 4.1644e-05, 7.1029e-05, 4.0901e-05,
        4.1008e-06, 2.3883e-05, 1.1402e-05, 1.4082e-05, 7.2849e-05, 6.5745e-06,
        1.4925e-05, 6.8775e-05, 6.8917e-05, 4.4051e-05, 1.4871e-05, 4.0545e-05,
        6.1665e-05, 9.7943e-05, 4.2474e-05, 1.2865e-04, 2.4056e-05, 8.0291e-05,
        2.6505e-06, 4.8007e-05, 3.7788e-05, 3.1752e-05, 3.9547e-05, 1.0154e-04,
        5.2017e-05, 9.5165e-06, 4.0745e-05, 5.4335e-05, 3.4698e-05, 3.0375e-05,
        3.5617e-05, 8.4327e-06, 5.5633e-05, 5.3195e-05, 2.4782e-05, 6.5144e-05,
        4.2450e-06, 7.4257e-05, 3.3174e-05, 1.7075e-04, 1.6758e-05, 6.3266e-05,
        1.4348e-05, 8.6708e-05, 3.7239e-05, 2.5291e-05, 3.0315e-05],
       grad_fn=<CatBackward>)

mean_overall=tensor(4.4666e-05, grad_fn=<MeanBackward0>)

-----------------------------------------------ITERATION30-----------------------------------------------

final_causality=[[1, 1, 1, 1, 1, 1, 1, 1, 1, 1, 1, 1, 1], [1, 1, 1, 1, 1, 1, 1, 1, 1, 1, 1, 1, 1, 1, 1, 1, 1, 1, 1, 1, 1, 1, 1, 1, 1, 1, 1, 1, 1, 1, 1, 1, 1, 1, 1, 1, 1, 1, 1, 1, 1, 1, 1, 1, 1, 1, 1, 1, 1, 1], [1, 1, 1, 1, 1, 1, 1, 1, 1, 1, 1, 1, 1, 1, 1, 1, 1, 1, 1, 1, 1, 1, 1, 1, 1, 1, 1, 1, 1, 1, 1, 1, 1, 1, 1, 1, 1, 1, 1, 1, 1, 1, 1, 1, 1, 1, 1, 1, 1, 1]]

means=tensor([1.9533e-04, 0.0000e+00, 0.0000e+00, 4.6494e-04, 2.6763e-05, 7.0782e-05,
        1.1157e-05, 4.2487e-05, 0.0000e+00, 0.0000e+00, 0.0000e+00, 4.0064e-06,
        1.6732e-04, 1.2776e-04, 8.3621e-05, 9.7905e-06, 1.0635e-04, 1.7889e-05,
        2.7465e-05, 3.2701e-05, 9.9178e-06, 8.0421e-05, 6.7206e-05, 3.9663e-05,
        5.1792e-05, 2.1804e-05, 7.3793e-05, 3.0344e-05, 1.7002e-05, 4.7502e-05,
        6.1743e-05, 6.9532e-06, 9.6523e-05, 1.0865e-06, 9.9066e-06, 5.7830e-05,
        1.1788e-04, 2.1460e-05, 4.8583e-05, 4.6407e-05, 2.5958e-05, 1.3309e-04,
        5.2648e-05, 2.7768e-05, 7.0244e-06, 8.9598e-06, 4.8114e-05, 1.0342e-05,
        3.4211e-05, 5.9535e-05, 9.7600e-05, 2.7302e-05, 2.6458e-05, 5.5922e-05,
        3.4261e-05, 2.9161e-05, 1.1666e-05, 5.4465e-05, 4.2208e-05, 6.3166e-06,
        6.0598e-05, 2.0562e-05, 4.1990e-05, 4.5726e-05, 7.0414e-05, 4.7188e-05,
        4.3974e-06, 2.4429e-05, 1.1442e-05, 1.2766e-05, 7.2180e-05, 6.6261e-06,
        1.2439e-05, 6.3047e-05, 6.4302e-05, 3.3628e-05, 1.2488e-05, 4.0023e-05,
        6.4853e-05, 1.0773e-04, 4.0384e-05, 1.1534e-04, 2.7616e-05, 8.1143e-05,
        2.8028e-06, 5.1523e-05, 3.3867e-05, 4.2140e-05, 4.0876e-05, 1.1962e-04,
        5.9226e-05, 1.0488e-05, 5.3264e-05, 5.8530e-05, 3.4473e-05, 2.9935e-05,
        3.3779e-05, 9.9457e-06, 5.1592e-05, 5.4784e-05, 2.3176e-05, 6.5682e-05,
        3.5530e-06, 7.9851e-05, 2.8309e-05, 1.8840e-04, 1.6714e-05, 7.4095e-05,
        1.4295e-05, 7.8589e-05, 4.4229e-05, 2.4987e-05, 3.2323e-05],
       grad_fn=<CatBackward>)

mean_overall=tensor(4.8952e-05, grad_fn=<MeanBackward0>)

-----------------------------------------------ITERATION40-----------------------------------------------

final_causality=[[1, 1, 1, 1, 1, 1, 1, 1, 1, 1, 1, 1, 1], [1, 1, 1, 1, 1, 1, 1, 1, 1, 1, 1, 1, 1, 1, 1, 1, 1, 1, 1, 1, 1, 1, 1, 1, 1, 1, 1, 1, 1, 1, 1, 1, 1, 1, 1, 1, 1, 1, 1, 1, 1, 1, 1, 1, 1, 1, 1, 1, 1, 1], [1, 1, 1, 1, 1, 1, 1, 1, 1, 1, 1, 1, 1, 1, 1, 1, 1, 1, 1, 1, 1, 1, 1, 1, 1, 1, 1, 1, 1, 1, 1, 1, 1, 1, 1, 1, 1, 1, 1, 1, 1, 1, 1, 1, 1, 1, 1, 1, 1, 1]]

means=tensor([1.3748e-04, 2.7756e-17, 2.7756e-17, 6.7362e-04, 4.4577e-05, 4.7769e-05,
        1.3609e-05, 5.0450e-05, 2.7756e-17, 2.7756e-17, 2.7756e-17, 8.9603e-06,
        3.3151e-04, 1.2133e-04, 1.0120e-04, 4.0003e-06, 1.1209e-04, 3.0403e-05,
        1.4864e-05, 2.3200e-05, 1.2505e-05, 7.8917e-05, 5.5095e-05, 4.7310e-05,
        6.4987e-05, 3.3016e-05, 9.2400e-05, 2.3580e-05, 2.6716e-05, 6.2908e-05,
        5.3052e-05, 8.3054e-06, 1.0265e-04, 6.5374e-06, 1.3094e-05, 4.8107e-05,
        1.3482e-04, 2.6507e-05, 3.4118e-05, 5.2291e-05, 2.8201e-05, 1.6108e-04,
        6.4513e-05, 2.5741e-05, 6.9701e-06, 4.2550e-06, 6.9071e-05, 1.9162e-05,
        4.7640e-05, 7.1371e-05, 1.2310e-04, 3.7069e-05, 4.2184e-05, 6.5949e-05,
        6.4780e-05, 1.6460e-05, 2.3797e-05, 7.0826e-05, 5.8167e-05, 2.6847e-05,
        7.2241e-05, 2.8620e-05, 2.2226e-05, 5.0848e-05, 6.9790e-05, 5.5298e-05,
        4.7684e-06, 2.5050e-05, 1.1582e-05, 1.3223e-05, 7.2334e-05, 6.7727e-06,
        1.2543e-05, 5.7285e-05, 6.3929e-05, 3.3111e-05, 1.1867e-05, 3.9571e-05,
        6.9117e-05, 1.2169e-04, 4.0730e-05, 1.0173e-04, 3.1863e-05, 8.1880e-05,
        3.2122e-06, 5.6753e-05, 2.8788e-05, 5.3754e-05, 4.2320e-05, 1.4050e-04,
        6.7100e-05, 1.2198e-05, 6.8166e-05, 6.4273e-05, 3.4512e-05, 2.9213e-05,
        3.1941e-05, 1.1930e-05, 4.6497e-05, 5.8624e-05, 2.1516e-05, 6.6700e-05,
        2.8150e-06, 9.2945e-05, 2.7343e-05, 2.1273e-04, 1.6703e-05, 8.7151e-05,
        1.4532e-05, 7.9697e-05, 5.3330e-05, 2.4837e-05, 3.4649e-05],
       grad_fn=<CatBackward>)

mean_overall=tensor(5.5770e-05, grad_fn=<MeanBackward0>)

-----------------------------------------------ITERATION50-----------------------------------------------

final_causality=[[1, 1, 1, 1, 1, 1, 1, 1, 1, 1, 1, 1, 1], [1, 1, 1, 1, 1, 1, 1, 1, 1, 1, 1, 1, 1, 1, 1, 1, 1, 1, 1, 1, 1, 1, 1, 1, 1, 1, 1, 1, 1, 1, 1, 1, 1, 1, 1, 1, 1, 1, 1, 1, 1, 1, 1, 1, 1, 1, 1, 1, 1, 1], [1, 1, 1, 1, 1, 1, 1, 1, 1, 1, 1, 1, 1, 1, 1, 1, 1, 1, 1, 1, 1, 1, 1, 1, 1, 1, 1, 1, 1, 1, 1, 1, 1, 1, 1, 1, 1, 1, 1, 1, 1, 1, 1, 1, 1, 1, 1, 1, 1, 1]]

means=tensor([6.8839e-05, 0.0000e+00, 0.0000e+00, 9.2078e-04, 6.6887e-05, 1.8270e-05,
        1.6928e-05, 6.0864e-05, 0.0000e+00, 0.0000e+00, 0.0000e+00, 2.4385e-05,
        5.2005e-04, 1.1519e-04, 1.2404e-04, 1.0692e-06, 1.2035e-04, 4.6282e-05,
        2.2434e-06, 1.3809e-05, 1.6255e-05, 7.9300e-05, 4.4092e-05, 5.6416e-05,
        8.0159e-05, 4.6532e-05, 1.1534e-04, 1.7234e-05, 3.9550e-05, 8.1652e-05,
        4.4455e-05, 1.1009e-05, 1.1187e-04, 1.4549e-05, 1.8066e-05, 3.8060e-05,
        1.5483e-04, 3.3311e-05, 2.0136e-05, 5.9489e-05, 3.1455e-05, 1.9620e-04,
        7.8486e-05, 2.4450e-05, 2.2795e-05, 8.1584e-08, 9.5014e-05, 3.1101e-05,
        6.3294e-05, 8.5498e-05, 1.5257e-04, 4.9690e-05, 6.1594e-05, 7.8185e-05,
        9.7190e-05, 3.6924e-06, 3.8979e-05, 9.1006e-05, 7.6845e-05, 6.2130e-05,
        8.6494e-05, 3.9019e-05, 2.3311e-06, 5.7795e-05, 6.9036e-05, 6.4857e-05,
        5.4989e-06, 2.5717e-05, 1.1880e-05, 1.3846e-05, 8.1840e-05, 7.0455e-06,
        1.2494e-05, 5.1284e-05, 7.1676e-05, 3.5801e-05, 1.1992e-05, 4.5042e-05,
        7.4703e-05, 1.3859e-04, 4.0994e-05, 8.8485e-05, 3.7145e-05, 9.1817e-05,
        3.9713e-06, 6.4412e-05, 2.8856e-05, 6.7624e-05, 4.3829e-05, 1.6764e-04,
        7.6724e-05, 1.4383e-05, 8.6545e-05, 7.2099e-05, 3.4892e-05, 2.8649e-05,
        3.0176e-05, 1.4648e-05, 4.0121e-05, 7.2040e-05, 1.9891e-05, 6.8205e-05,
        2.7251e-06, 1.1821e-04, 2.7925e-05, 2.4507e-04, 1.6740e-05, 1.0456e-04,
        1.5024e-05, 8.6631e-05, 6.5865e-05, 2.4923e-05, 3.7381e-05],
       grad_fn=<CatBackward>)

mean_overall=tensor(6.5378e-05, grad_fn=<MeanBackward0>)

-----------------------------------------------ITERATION60-----------------------------------------------

final_causality=[[1, 1, 1, 1, 1, 1, 1, 1, 1, 1, 1, 1, 1], [1, 1, 1, 1, 1, 1, 1, 1, 1, 1, 1, 1, 1, 1, 1, 1, 1, 1, 1, 1, 1, 1, 1, 1, 1, 1, 1, 1, 1, 1, 1, 1, 1, 1, 1, 1, 1, 1, 1, 1, 1, 1, 1, 1, 1, 1, 1, 1, 1, 1], [1, 1, 1, 1, 1, 1, 1, 1, 1, 1, 1, 1, 1, 1, 1, 1, 1, 1, 1, 1, 1, 1, 1, 1, 1, 1, 1, 1, 1, 1, 1, 1, 1, 1, 1, 1, 1, 1, 1, 1, 1, 1, 1, 1, 1, 1, 1, 1, 1, 1]]

means=tensor([4.3059e-05, 0.0000e+00, 0.0000e+00, 1.2181e-03, 9.5613e-05, 2.1967e-05,
        2.1367e-05, 7.4531e-05, 0.0000e+00, 0.0000e+00, 0.0000e+00, 5.6402e-05,
        7.4084e-04, 1.0963e-04, 1.5385e-04, 5.5711e-06, 1.3175e-04, 6.6130e-05,
        9.1722e-06, 4.6030e-06, 2.2278e-05, 8.2110e-05, 3.4459e-05, 6.7139e-05,
        9.7453e-05, 6.5889e-05, 1.4354e-04, 1.1362e-05, 5.6058e-05, 1.0420e-04,
        3.6097e-05, 1.5546e-05, 1.2503e-04, 2.3714e-05, 2.5212e-05, 2.7729e-05,
        1.7832e-04, 4.2928e-05, 6.6331e-06, 6.9092e-05, 3.6044e-05, 2.3736e-04,
        9.4677e-05, 2.3752e-05, 3.9373e-05, 4.6047e-06, 1.2675e-04, 4.7490e-05,
        8.1412e-05, 1.0204e-04, 1.8668e-04, 6.5873e-05, 8.5393e-05, 9.2976e-05,
        1.3236e-04, 1.0565e-05, 5.8703e-05, 1.1572e-04, 9.8344e-05, 1.0131e-04,
        1.0366e-04, 5.2107e-05, 2.5389e-05, 6.7540e-05, 6.8030e-05, 7.6424e-05,
        7.2478e-06, 2.6427e-05, 1.2394e-05, 1.4601e-05, 9.3295e-05, 7.5092e-06,
        1.6209e-05, 4.4663e-05, 8.1946e-05, 5.3701e-05, 1.3792e-05, 5.2192e-05,
        8.2078e-05, 1.6510e-04, 4.3140e-05, 7.4057e-05, 4.3834e-05, 1.0632e-04,
        6.2135e-06, 7.5414e-05, 2.8971e-05, 8.4733e-05, 4.5410e-05, 2.0127e-04,
        8.9289e-05, 1.7288e-05, 1.0818e-04, 8.2607e-05, 3.5723e-05, 3.3687e-05,
        2.8546e-05, 1.8531e-05, 3.5281e-05, 8.8666e-05, 1.8345e-05, 7.5335e-05,
        2.7553e-06, 1.4860e-04, 2.8827e-05, 2.8686e-04, 1.8777e-05, 1.2552e-04,
        1.5778e-05, 9.4958e-05, 8.3389e-05, 2.5338e-05, 4.0610e-05],
       grad_fn=<CatBackward>)

mean_overall=tensor(7.9694e-05, grad_fn=<MeanBackward0>)

-----------------------------------------------ITERATION70-----------------------------------------------

final_causality=[[1, 1, 1, 1, 1, 1, 1, 1, 1, 1, 1, 1, 1], [1, 1, 1, 1, 1, 1, 1, 1, 1, 1, 1, 1, 1, 1, 1, 1, 1, 1, 1, 1, 1, 1, 1, 1, 1, 1, 1, 1, 1, 1, 1, 1, 1, 1, 1, 1, 1, 1, 1, 1, 1, 1, 1, 1, 1, 1, 1, 1, 1, 1], [1, 1, 1, 1, 1, 1, 1, 1, 1, 1, 1, 1, 1, 1, 1, 1, 1, 1, 1, 1, 1, 1, 1, 1, 1, 1, 1, 1, 1, 1, 1, 1, 1, 1, 1, 1, 1, 1, 1, 1, 1, 1, 1, 1, 1, 1, 1, 1, 1, 1]]

means=tensor([1.6197e-04, 2.7756e-17, 0.0000e+00, 1.5801e-03, 1.3306e-04, 7.8983e-05,
        2.7164e-05, 9.2429e-05, 2.7756e-17, 2.7756e-17, 2.7756e-17, 1.1150e-04,
        1.0043e-03, 1.0490e-04, 1.8996e-04, 1.0417e-05, 1.4685e-04, 9.0587e-05,
        2.0613e-05, 4.9846e-06, 3.1143e-05, 8.7802e-05, 2.6044e-05, 7.9772e-05,
        1.1969e-04, 9.0729e-05, 1.7870e-04, 5.8552e-06, 7.7084e-05, 1.3238e-04,
        2.7972e-05, 2.2688e-05, 1.4294e-04, 3.4831e-05, 3.5086e-05, 1.7055e-05,
        2.0592e-04, 5.6360e-05, 6.6689e-06, 8.3352e-05, 4.4485e-05, 2.8550e-04,
        1.1336e-04, 2.3851e-05, 5.7510e-05, 9.3039e-06, 1.6530e-04, 6.9194e-05,
        1.0670e-04, 1.2129e-04, 2.2637e-04, 8.6649e-05, 1.1444e-04, 1.1083e-04,
        1.7706e-04, 2.6209e-05, 8.4274e-05, 1.4594e-04, 1.2293e-04, 1.4668e-04,
        1.2404e-04, 6.8331e-05, 5.6005e-05, 8.0439e-05, 7.8903e-05, 9.0683e-05,
        9.7797e-06, 2.9209e-05, 1.3219e-05, 1.5582e-05, 1.0724e-04, 9.6178e-06,
        2.1093e-05, 3.6867e-05, 9.6818e-05, 7.5717e-05, 2.0864e-05, 6.0807e-05,
        9.1896e-05, 2.0151e-04, 5.4472e-05, 6.9861e-05, 5.2361e-05, 1.2377e-04,
        9.9869e-06, 9.0675e-05, 3.0941e-05, 1.0824e-04, 4.7096e-05, 2.4251e-04,
        1.0640e-04, 2.1263e-05, 1.3433e-04, 9.6750e-05, 4.0304e-05, 4.1913e-05,
        2.7075e-05, 2.4999e-05, 3.4553e-05, 1.0936e-04, 1.6923e-05, 9.5669e-05,
        3.1913e-06, 1.8509e-04, 3.3888e-05, 3.3969e-04, 2.2842e-05, 1.5088e-04,
        1.6908e-05, 1.0586e-04, 1.0497e-04, 2.6303e-05, 5.0900e-05],
       grad_fn=<CatBackward>)

mean_overall=tensor(0.0001, grad_fn=<MeanBackward0>)

-----------------------------------------------ITERATION80-----------------------------------------------

final_causality=[[1, 1, 1, 1, 1, 1, 1, 1, 1, 1, 1, 1, 1], [1, 1, 1, 1, 1, 1, 1, 1, 1, 1, 1, 1, 1, 1, 1, 1, 1, 1, 1, 1, 1, 1, 1, 1, 1, 1, 1, 1, 1, 1, 1, 1, 1, 1, 1, 1, 1, 1, 1, 1, 1, 1, 1, 1, 1, 1, 1, 1, 1, 1], [1, 1, 1, 1, 1, 1, 1, 1, 1, 1, 1, 1, 1, 1, 1, 1, 1, 1, 1, 1, 1, 1, 1, 1, 1, 1, 1, 1, 1, 1, 1, 1, 1, 1, 1, 1, 1, 1, 1, 1, 1, 1, 1, 1, 1, 1, 1, 1, 1, 1]]

means=tensor([3.1816e-04, 0.0000e+00, 0.0000e+00, 2.0246e-03, 1.8200e-04, 1.5761e-04,
        3.4438e-05, 1.1574e-04, 0.0000e+00, 0.0000e+00, 0.0000e+00, 1.9662e-04,
        1.3236e-03, 1.0112e-04, 2.3336e-04, 1.6363e-05, 1.6680e-04, 1.2097e-04,
        3.2942e-05, 1.5400e-05, 4.3792e-05, 9.6788e-05, 1.8169e-05, 9.5712e-05,
        1.5245e-04, 1.2148e-04, 2.2196e-04, 4.4415e-07, 1.0788e-04, 1.6700e-04,
        1.9916e-05, 3.3623e-05, 1.6644e-04, 4.8857e-05, 4.8396e-05, 5.9128e-06,
        2.3854e-04, 7.3948e-05, 2.0472e-05, 1.0424e-04, 5.5783e-05, 3.4188e-04,
        1.3498e-04, 2.4907e-05, 7.8182e-05, 1.4673e-05, 2.1199e-04, 9.7348e-05,
        1.3890e-04, 1.4372e-04, 2.7284e-04, 1.1255e-04, 1.5054e-04, 1.3247e-04,
        2.3288e-04, 4.3557e-05, 1.1690e-04, 1.8326e-04, 1.5107e-04, 2.0013e-04,
        1.4799e-04, 8.8633e-05, 9.0721e-05, 9.9705e-05, 9.4517e-05, 1.0851e-04,
        1.3690e-05, 3.9376e-05, 1.7404e-05, 1.7777e-05, 1.2443e-04, 1.3906e-05,
        2.8140e-05, 3.1741e-05, 1.1489e-04, 1.0906e-04, 3.0113e-05, 7.1471e-05,
        1.0495e-04, 2.5370e-04, 7.5722e-05, 6.9243e-05, 6.3490e-05, 1.4747e-04,
        1.6230e-05, 1.1124e-04, 4.7975e-05, 1.3807e-04, 4.8914e-05, 2.9158e-04,
        1.3009e-04, 2.6902e-05, 1.6639e-04, 1.1546e-04, 5.1515e-05, 5.2193e-05,
        3.0137e-05, 3.4834e-05, 3.3928e-05, 1.3763e-04, 1.5914e-05, 1.2084e-04,
        5.0601e-06, 2.2886e-04, 4.6227e-05, 4.0542e-04, 2.8077e-05, 1.8171e-04,
        1.8596e-05, 1.2456e-04, 1.3573e-04, 3.2679e-05, 6.5409e-05],
       grad_fn=<CatBackward>)

mean_overall=tensor(0.0001, grad_fn=<MeanBackward0>)

-----------------------------------------------ITERATION90-----------------------------------------------

final_causality=[[1, 1, 1, 1, 1, 1, 1, 1, 1, 1, 1, 1, 1], [1, 1, 1, 1, 1, 1, 1, 1, 1, 1, 1, 1, 1, 1, 1, 1, 1, 1, 1, 1, 1, 1, 1, 1, 1, 1, 1, 1, 1, 1, 1, 1, 1, 1, 1, 1, 1, 1, 1, 1, 1, 1, 1, 1, 1, 1, 1, 1, 1, 1], [1, 1, 1, 1, 1, 1, 1, 1, 1, 1, 1, 1, 1, 1, 1, 1, 1, 1, 1, 1, 1, 1, 1, 1, 1, 1, 1, 1, 1, 1, 1, 1, 1, 1, 1, 1, 1, 1, 1, 1, 1, 1, 1, 1, 1, 1, 1, 1, 1, 1]]

means=tensor([5.2523e-04, 2.7756e-17, 0.0000e+00, 2.5740e-03, 2.4603e-04, 2.6498e-04,
        4.3722e-05, 1.4586e-04, 2.7756e-17, 0.0000e+00, 2.7756e-17, 3.1966e-04,
        1.7149e-03, 9.8513e-05, 2.8567e-04, 2.4663e-05, 1.9836e-04, 1.5818e-04,
        4.6924e-05, 2.6600e-05, 6.1564e-05, 1.0980e-04, 1.0573e-05, 1.1951e-04,
        1.9396e-04, 1.5924e-04, 2.7520e-04, 4.5871e-06, 1.4727e-04, 2.0898e-04,
        1.1775e-05, 4.9747e-05, 1.9687e-04, 6.6780e-05, 6.5666e-05, 7.8678e-06,
        2.7726e-04, 9.6825e-05, 3.5544e-05, 1.3071e-04, 7.0898e-05, 4.0814e-04,
        1.6004e-04, 2.7286e-05, 1.0238e-04, 2.1621e-05, 2.6838e-04, 1.3340e-04,
        1.7827e-04, 1.6981e-04, 3.2766e-04, 1.4449e-04, 1.9449e-04, 1.5872e-04,
        2.9957e-04, 6.3777e-05, 1.5823e-04, 2.2997e-04, 1.8328e-04, 2.6352e-04,
        1.7611e-04, 1.1749e-04, 1.3209e-04, 1.2566e-04, 1.1417e-04, 1.3441e-04,
        1.9948e-05, 5.3793e-05, 2.3743e-05, 2.3975e-05, 1.4630e-04, 2.0441e-05,
        3.7423e-05, 2.8001e-05, 1.3780e-04, 1.4986e-04, 4.2317e-05, 8.5766e-05,
        1.2504e-04, 3.2198e-04, 1.0187e-04, 7.0277e-05, 7.9875e-05, 1.7659e-04,
        2.6367e-05, 1.3854e-04, 6.9744e-05, 1.7516e-04, 5.3545e-05, 3.5903e-04,
        1.6011e-04, 3.4870e-05, 2.0594e-04, 1.3973e-04, 6.6326e-05, 6.6082e-05,
        3.8013e-05, 4.9611e-05, 3.9090e-05, 1.7425e-04, 1.5128e-05, 1.5195e-04,
        7.7877e-06, 2.8156e-04, 6.3192e-05, 4.8616e-04, 3.4822e-05, 2.1925e-04,
        2.1088e-05, 1.6012e-04, 1.7426e-04, 4.1387e-05, 8.4728e-05],
       grad_fn=<CatBackward>)

mean_overall=tensor(0.0002, grad_fn=<MeanBackward0>)

-----------------------------------------------ITERATION100-----------------------------------------------

final_causality=[[1, 1, 1, 1, 1, 1, 1, 1, 1, 1, 1, 1, 1], [1, 1, 1, 1, 1, 1, 1, 1, 1, 1, 1, 1, 1, 1, 1, 1, 1, 1, 1, 1, 1, 1, 1, 1, 1, 1, 1, 1, 1, 1, 1, 1, 1, 1, 1, 1, 1, 1, 1, 1, 1, 1, 1, 1, 1, 1, 1, 1, 1, 1], [1, 1, 1, 1, 1, 1, 1, 1, 1, 1, 1, 1, 1, 1, 1, 1, 1, 1, 1, 1, 1, 1, 1, 1, 1, 1, 1, 1, 1, 1, 1, 1, 1, 1, 1, 1, 1, 1, 1, 1, 1, 1, 1, 1, 1, 1, 1, 1, 1, 1]]

means=tensor([8.0012e-04, 0.0000e+00, 0.0000e+00, 3.2562e-03, 3.2966e-04, 4.1003e-04,
        5.5900e-05, 1.8450e-04, 0.0000e+00, 0.0000e+00, 0.0000e+00, 4.8831e-04,
        2.1982e-03, 9.7324e-05, 3.4884e-04, 3.6915e-05, 2.3847e-04, 2.0637e-04,
        6.5382e-05, 3.9268e-05, 8.6154e-05, 1.2774e-04, 2.9325e-06, 1.4942e-04,
        2.4486e-04, 2.0543e-04, 3.4063e-04, 1.0174e-05, 1.9717e-04, 2.5994e-04,
        3.3304e-06, 7.2825e-05, 2.3587e-04, 9.0446e-05, 8.7466e-05, 2.5377e-05,
        3.2341e-04, 1.2721e-04, 5.2950e-05, 1.6420e-04, 9.1050e-05, 4.8629e-04,
        1.9035e-04, 3.1373e-05, 1.3117e-04, 3.1376e-05, 3.3637e-04, 1.7902e-04,
        2.2655e-04, 2.0025e-04, 3.9280e-04, 1.8355e-04, 2.4794e-04, 1.9066e-04,
        3.7929e-04, 8.8265e-05, 2.1026e-04, 2.8752e-04, 2.2724e-04, 3.3897e-04,
        2.0912e-04, 1.5996e-04, 1.8289e-04, 1.6069e-04, 1.3880e-04, 1.6919e-04,
        3.0464e-05, 7.2810e-05, 3.3239e-05, 3.2629e-05, 1.7633e-04, 2.9777e-05,
        5.0373e-05, 2.4804e-05, 1.6897e-04, 1.9962e-04, 5.8526e-05, 1.0474e-04,
        1.5226e-04, 4.0576e-04, 1.3406e-04, 8.2117e-05, 1.0336e-04, 2.1326e-04,
        4.2342e-05, 1.7437e-04, 9.6788e-05, 2.2110e-04, 6.9073e-05, 4.4272e-04,
        1.9794e-04, 4.6175e-05, 2.5477e-04, 1.7339e-04, 8.6486e-05, 8.5781e-05,
        4.8601e-05, 7.2764e-05, 5.8463e-05, 2.1996e-04, 1.7341e-05, 1.9487e-04,
        1.1965e-05, 3.4518e-04, 8.4947e-05, 5.8420e-04, 4.3545e-05, 2.6937e-04,
        2.5522e-05, 2.0365e-04, 2.2188e-04, 5.3337e-05, 1.1059e-04],
       grad_fn=<CatBackward>)

mean_overall=tensor(0.0002, grad_fn=<MeanBackward0>)

-----------------------------------------------ITERATION110-----------------------------------------------

final_causality=[[1, 1, 1, 1, 1, 1, 1, 1, 1, 1, 1, 1, 1], [1, 1, 1, 1, 1, 1, 1, 1, 1, 1, 1, 1, 1, 1, 1, 1, 1, 1, 1, 1, 1, 1, 1, 1, 1, 1, 1, 1, 1, 1, 1, 1, 1, 1, 1, 1, 1, 1, 1, 1, 1, 1, 1, 1, 1, 1, 1, 1, 1, 1], [1, 1, 1, 1, 1, 1, 1, 1, 1, 1, 1, 1, 1, 1, 1, 1, 1, 1, 1, 1, 1, 1, 1, 1, 1, 1, 1, 1, 1, 1, 1, 1, 1, 1, 1, 1, 1, 1, 1, 1, 1, 1, 1, 1, 1, 1, 1, 1, 1, 1]]

means=tensor([1.1635e-03, 0.0000e+00, 0.0000e+00, 4.1045e-03, 4.3837e-04, 6.0380e-04,
        7.1522e-05, 2.3377e-04, 0.0000e+00, 0.0000e+00, 0.0000e+00, 7.0744e-04,
        2.7984e-03, 9.7714e-05, 4.2480e-04, 5.4890e-05, 2.8892e-04, 2.6845e-04,
        9.0219e-05, 5.4405e-05, 1.1969e-04, 1.5156e-04, 5.0058e-06, 1.8730e-04,
        3.0707e-04, 2.6184e-04, 4.2079e-04, 1.6788e-05, 2.5980e-04, 3.2189e-04,
        5.2307e-06, 1.0508e-04, 2.8517e-04, 1.2290e-04, 1.1460e-04, 4.5771e-05,
        3.7868e-04, 1.6748e-04, 7.4131e-05, 2.0652e-04, 1.1765e-04, 5.7859e-04,
        2.4031e-04, 3.7548e-05, 1.7425e-04, 4.5339e-05, 4.1823e-04, 2.3590e-04,
        2.8575e-04, 2.3596e-04, 4.7044e-04, 2.3111e-04, 3.1276e-04, 2.3074e-04,
        4.7455e-04, 1.1851e-04, 2.7513e-04, 3.5798e-04, 2.8731e-04, 4.2894e-04,
        2.5596e-04, 2.1457e-04, 2.4586e-04, 2.0825e-04, 1.6929e-04, 2.1321e-04,
        4.6943e-05, 9.7514e-05, 4.7882e-05, 4.4974e-05, 2.1495e-04, 4.2963e-05,
        7.0239e-05, 3.2879e-05, 2.0764e-04, 2.5992e-04, 8.0173e-05, 1.2959e-04,
        1.8766e-04, 5.0735e-04, 1.7357e-04, 1.1478e-04, 1.3383e-04, 2.6122e-04,
        6.8603e-05, 2.2069e-04, 1.3023e-04, 2.7767e-04, 9.1574e-05, 5.4216e-04,
        2.4528e-04, 6.3475e-05, 3.1468e-04, 2.2230e-04, 1.1658e-04, 1.1110e-04,
        6.2798e-05, 1.0681e-04, 8.3684e-05, 2.7658e-04, 2.2537e-05, 2.4869e-04,
        1.9337e-05, 4.2176e-04, 1.1302e-04, 7.0179e-04, 5.5241e-05, 3.3429e-04,
        3.7297e-05, 2.5690e-04, 2.8058e-04, 7.0309e-05, 1.4858e-04],
       grad_fn=<CatBackward>)

mean_overall=tensor(0.0003, grad_fn=<MeanBackward0>)

-----------------------------------------------ITERATION120-----------------------------------------------

final_causality=[[1, 1, 1, 1, 1, 1, 1, 1, 1, 1, 1, 1, 1], [1, 1, 1, 1, 1, 1, 1, 1, 1, 1, 1, 1, 1, 1, 1, 1, 1, 1, 1, 1, 1, 1, 1, 1, 1, 1, 1, 1, 1, 1, 1, 1, 1, 1, 1, 1, 1, 1, 1, 1, 1, 1, 1, 1, 1, 1, 1, 1, 1, 1], [1, 1, 1, 1, 1, 1, 1, 1, 1, 1, 1, 1, 1, 1, 1, 1, 1, 1, 1, 1, 1, 1, 1, 1, 1, 1, 1, 1, 1, 1, 1, 1, 1, 1, 1, 1, 1, 1, 1, 1, 1, 1, 1, 1, 1, 1, 1, 1, 1, 1]]

means=tensor([1.6398e-03, 2.7756e-17, 2.7756e-17, 5.1574e-03, 5.7869e-04, 8.5936e-04,
        9.0972e-05, 2.9609e-04, 2.7756e-17, 0.0000e+00, 2.7756e-17, 9.7252e-04,
        3.5442e-03, 9.9891e-05, 5.1555e-04, 8.0679e-05, 3.5164e-04, 3.4478e-04,
        1.2308e-04, 7.3189e-05, 1.6434e-04, 1.8247e-04, 1.3713e-05, 2.3518e-04,
        3.8260e-04, 3.3086e-04, 5.1803e-04, 2.5079e-05, 3.3746e-04, 3.9701e-04,
        1.4545e-05, 1.4879e-04, 3.4671e-04, 1.6375e-04, 1.5567e-04, 7.0304e-05,
        4.4892e-04, 2.1833e-04, 1.0068e-04, 2.5973e-04, 1.5400e-04, 6.8739e-04,
        3.0174e-04, 4.6378e-05, 2.3141e-04, 6.5388e-05, 5.1648e-04, 3.0531e-04,
        3.5812e-04, 2.7796e-04, 5.6411e-04, 2.8867e-04, 3.9102e-04, 2.8327e-04,
        5.8797e-04, 1.5610e-04, 3.5520e-04, 4.4323e-04, 3.6012e-04, 5.3610e-04,
        3.1991e-04, 2.8374e-04, 3.2571e-04, 2.7180e-04, 2.0794e-04, 2.6849e-04,
        7.1876e-05, 1.2911e-04, 6.9147e-05, 6.2962e-05, 2.6423e-04, 6.1401e-05,
        9.7481e-05, 4.7830e-05, 2.6406e-04, 3.3225e-04, 1.0903e-04, 1.6287e-04,
        2.3288e-04, 6.2835e-04, 2.2712e-04, 1.5356e-04, 1.7304e-04, 3.1971e-04,
        1.0773e-04, 2.7954e-04, 1.7330e-04, 3.4657e-04, 1.2033e-04, 6.5892e-04,
        3.0388e-04, 9.0667e-05, 3.8738e-04, 2.8333e-04, 1.5624e-04, 1.4457e-04,
        8.1702e-05, 1.5496e-04, 1.1885e-04, 3.4594e-04, 2.9668e-05, 3.1530e-04,
        3.0827e-05, 5.1309e-04, 1.4917e-04, 8.4051e-04, 7.2957e-05, 4.1263e-04,
        5.4934e-05, 3.2154e-04, 3.5225e-04, 9.3442e-05, 1.9766e-04],
       grad_fn=<CatBackward>)

mean_overall=tensor(0.0003, grad_fn=<MeanBackward0>)

-----------------------------------------------ITERATION130-----------------------------------------------

final_causality=[[1, 1, 1, 1, 1, 1, 1, 1, 1, 1, 1, 1, 1], [1, 1, 1, 1, 1, 1, 1, 1, 1, 1, 1, 1, 1, 1, 1, 1, 1, 1, 1, 1, 1, 1, 1, 1, 1, 1, 1, 1, 1, 1, 1, 1, 1, 1, 1, 1, 1, 1, 1, 1, 1, 1, 1, 1, 1, 1, 1, 1, 1, 1], [1, 1, 1, 1, 1, 1, 1, 1, 1, 1, 1, 1, 1, 1, 1, 1, 1, 1, 1, 1, 1, 1, 1, 1, 1, 1, 1, 1, 1, 1, 1, 1, 1, 1, 1, 1, 1, 1, 1, 1, 1, 1, 1, 1, 1, 1, 1, 1, 1, 1]]

means=tensor([2.2559e-03, 0.0000e+00, 2.7756e-17, 6.4548e-03, 7.5776e-04, 1.1908e-03,
        1.1291e-04, 3.7416e-04, 0.0000e+00, 0.0000e+00, 0.0000e+00, 1.2594e-03,
        4.4666e-03, 1.0390e-04, 6.2224e-04, 1.1671e-04, 4.2819e-04, 4.3669e-04,
        1.6642e-04, 9.7013e-05, 2.2197e-04, 2.2187e-04, 2.3483e-05, 2.9498e-04,
        4.7346e-04, 4.1506e-04, 6.3384e-04, 3.5939e-05, 4.3138e-04, 4.8745e-04,
        2.5494e-05, 2.0591e-04, 4.2204e-04, 2.1351e-04, 2.0887e-04, 1.0037e-04,
        5.3337e-04, 2.8082e-04, 1.3435e-04, 3.2602e-04, 2.0153e-04, 8.1462e-04,
        3.7669e-04, 5.8440e-05, 3.0306e-04, 9.4050e-05, 6.3378e-04, 3.8811e-04,
        4.4560e-04, 3.2748e-04, 6.8037e-04, 3.5787e-04, 4.8462e-04, 3.4815e-04,
        7.2197e-04, 2.0247e-04, 4.5201e-04, 5.4414e-04, 4.4791e-04, 6.6271e-04,
        4.0169e-04, 3.6956e-04, 4.2473e-04, 3.5162e-04, 2.6008e-04, 3.3682e-04,
        1.0834e-04, 1.6873e-04, 9.9473e-05, 9.1082e-05, 3.3284e-04, 8.6715e-05,
        1.3253e-04, 6.9748e-05, 3.3905e-04, 4.1766e-04, 1.4712e-04, 2.1340e-04,
        2.8920e-04, 7.6924e-04, 2.9354e-04, 1.9959e-04, 2.2272e-04, 4.0238e-04,
        1.6249e-04, 3.5261e-04, 2.2981e-04, 4.2909e-04, 1.5670e-04, 7.9346e-04,
        3.7518e-04, 1.2862e-04, 4.7390e-04, 3.5771e-04, 2.0745e-04, 1.9235e-04,
        1.0647e-04, 2.2043e-04, 1.6276e-04, 4.2951e-04, 4.0432e-05, 3.9619e-04,
        4.8415e-05, 6.2018e-04, 1.9509e-04, 1.0007e-03, 9.9906e-05, 5.0563e-04,
        8.0880e-05, 3.9878e-04, 4.3812e-04, 1.2878e-04, 2.5958e-04],
       grad_fn=<CatBackward>)

mean_overall=tensor(0.0004, grad_fn=<MeanBackward0>)

-----------------------------------------------ITERATION140-----------------------------------------------

final_causality=[[1, 1, 1, 1, 1, 1, 1, 1, 1, 1, 1, 1, 1], [1, 1, 1, 1, 1, 1, 1, 1, 1, 1, 1, 1, 1, 1, 1, 1, 1, 1, 1, 1, 1, 1, 1, 1, 1, 1, 1, 1, 1, 1, 1, 1, 1, 1, 1, 1, 1, 1, 1, 1, 1, 1, 1, 1, 1, 1, 1, 1, 1, 1], [1, 1, 1, 1, 1, 1, 1, 1, 1, 1, 1, 1, 1, 1, 1, 1, 1, 1, 1, 1, 1, 1, 1, 1, 1, 1, 1, 1, 1, 1, 1, 1, 1, 1, 1, 1, 1, 1, 1, 1, 1, 1, 1, 1, 1, 1, 1, 1, 1, 1]]

means=tensor([3.0377e-03, 2.7756e-17, 2.7756e-17, 8.0327e-03, 9.8265e-04, 1.6108e-03,
        1.3359e-04, 4.7055e-04, 2.7756e-17, 2.7756e-17, 2.7756e-17, 1.5138e-03,
        5.5945e-03, 1.0959e-04, 7.4442e-04, 1.6641e-04, 5.1919e-04, 5.4423e-04,
        2.2290e-04, 1.2734e-04, 2.9299e-04, 2.7145e-04, 3.4602e-05, 3.6858e-04,
        5.8128e-04, 5.1638e-04, 7.6824e-04, 5.0437e-05, 5.4080e-04, 5.9489e-04,
        3.8863e-05, 2.7691e-04, 5.1179e-04, 2.7322e-04, 2.7608e-04, 1.3751e-04,
        6.3357e-04, 3.5533e-04, 1.8070e-04, 4.0732e-04, 2.6149e-04, 9.6122e-04,
        4.6697e-04, 7.4257e-05, 3.9109e-04, 1.3215e-04, 7.7042e-04, 4.8591e-04,
        5.4952e-04, 3.8599e-04, 8.1325e-04, 4.4025e-04, 5.9500e-04, 4.2740e-04,
        8.7824e-04, 2.5878e-04, 5.6515e-04, 6.5994e-04, 5.5275e-04, 8.0965e-04,
        4.9791e-04, 4.7283e-04, 5.4350e-04, 4.4869e-04, 3.2110e-04, 4.1917e-04,
        1.5922e-04, 2.1716e-04, 1.4142e-04, 1.3010e-04, 4.1875e-04, 1.2052e-04,
        1.7685e-04, 9.9173e-05, 4.2812e-04, 5.1611e-04, 1.9641e-04, 2.7558e-04,
        3.6287e-04, 9.2870e-04, 3.7145e-04, 2.5403e-04, 2.8412e-04, 4.9820e-04,
        2.3495e-04, 4.4091e-04, 2.9656e-04, 5.2551e-04, 2.0632e-04, 9.4446e-04,
        4.5988e-04, 1.7972e-04, 5.7417e-04, 4.4570e-04, 2.7164e-04, 2.5167e-04,
        1.3865e-04, 3.0539e-04, 2.1513e-04, 5.2768e-04, 5.5448e-05, 4.9181e-04,
        7.4398e-05, 7.4288e-04, 2.5205e-04, 1.1811e-03, 1.3496e-04, 6.1346e-04,
        1.1786e-04, 4.8894e-04, 5.3828e-04, 1.7504e-04, 3.3550e-04],
       grad_fn=<CatBackward>)

mean_overall=tensor(0.0005, grad_fn=<MeanBackward0>)

-----------------------------------------------ITERATION150-----------------------------------------------

final_causality=[[1, 1, 1, 1, 1, 1, 1, 1, 1, 1, 1, 1, 1], [1, 1, 1, 1, 1, 1, 1, 1, 1, 1, 1, 1, 1, 1, 1, 1, 1, 1, 1, 1, 1, 1, 1, 1, 1, 1, 1, 1, 1, 1, 1, 1, 1, 1, 1, 1, 1, 1, 1, 1, 1, 1, 1, 1, 1, 1, 1, 1, 1, 1], [1, 1, 1, 1, 1, 1, 1, 1, 1, 1, 1, 1, 1, 1, 1, 1, 1, 1, 1, 1, 1, 1, 1, 1, 1, 1, 1, 1, 1, 1, 1, 1, 1, 1, 1, 1, 1, 1, 1, 1, 1, 1, 1, 1, 1, 1, 1, 1, 1, 1]]

means=tensor([4.0052e-03, 2.7756e-17, 2.7756e-17, 9.9140e-03, 1.2590e-03, 2.1262e-03,
        1.4626e-04, 5.8738e-04, 2.7756e-17, 2.7756e-17, 2.7756e-17, 1.6472e-03,
        6.9493e-03, 1.1656e-04, 8.7933e-04, 2.3354e-04, 6.2370e-04, 6.6579e-04,
        2.9477e-04, 1.6574e-04, 3.7610e-04, 3.3327e-04, 4.7210e-05, 4.5721e-04,
        7.0693e-04, 6.3531e-04, 9.2037e-04, 6.9698e-05, 6.6264e-04, 7.1998e-04,
        5.5639e-05, 3.5928e-04, 6.1540e-04, 3.4832e-04, 3.5911e-04, 1.8319e-04,
        7.5030e-04, 4.4224e-04, 2.3840e-04, 5.0483e-04, 3.3346e-04, 1.1264e-03,
        5.7367e-04, 9.5538e-05, 4.9654e-04, 1.7956e-04, 9.2562e-04, 5.9996e-04,
        6.7039e-04, 4.7010e-04, 9.5940e-04, 5.3953e-04, 7.2267e-04, 5.2254e-04,
        1.0570e-03, 3.3177e-04, 6.9425e-04, 7.8959e-04, 6.7594e-04, 9.7534e-04,
        6.0750e-04, 5.9215e-04, 6.8154e-04, 5.6218e-04, 3.9598e-04, 5.1518e-04,
        2.2645e-04, 2.7455e-04, 1.9705e-04, 1.8190e-04, 5.2277e-04, 1.6402e-04,
        2.3136e-04, 1.3840e-04, 5.2956e-04, 6.2640e-04, 2.5810e-04, 3.4946e-04,
        4.5023e-04, 1.1032e-03, 4.6038e-04, 3.2525e-04, 3.5754e-04, 6.0631e-04,
        3.2556e-04, 5.4412e-04, 3.7318e-04, 6.3474e-04, 2.6846e-04, 1.1084e-03,
        5.5736e-04, 2.4544e-04, 6.8657e-04, 5.4609e-04, 3.4907e-04, 3.2286e-04,
        1.8215e-04, 4.1007e-04, 2.7603e-04, 6.3932e-04, 7.5886e-05, 6.0118e-04,
        1.1093e-04, 8.7911e-04, 3.2043e-04, 1.3772e-03, 1.7917e-04, 7.3475e-04,
        1.6837e-04, 5.9099e-04, 6.5116e-04, 2.3341e-04, 4.2551e-04],
       grad_fn=<CatBackward>)

mean_overall=tensor(0.0007, grad_fn=<MeanBackward0>)

-----------------------------------------------ITERATION160-----------------------------------------------

final_causality=[[1, 1, 1, 1, 1, 1, 1, 1, 1, 1, 1, 1, 1], [1, 1, 1, 1, 1, 1, 1, 1, 1, 1, 1, 1, 1, 1, 1, 1, 1, 1, 1, 1, 1, 1, 1, 1, 1, 1, 1, 1, 1, 1, 1, 1, 1, 1, 1, 1, 1, 1, 1, 1, 1, 1, 1, 1, 1, 1, 1, 1, 1, 1], [1, 1, 1, 1, 1, 1, 1, 1, 1, 1, 1, 1, 1, 1, 1, 1, 1, 1, 1, 1, 1, 1, 1, 1, 1, 1, 1, 1, 1, 1, 1, 1, 1, 1, 1, 1, 1, 1, 1, 1, 1, 1, 1, 1, 1, 1, 1, 1, 1, 1]]

means=tensor([5.1657e-03, 2.7756e-17, 2.7756e-17, 1.2098e-02, 1.5895e-03, 2.7319e-03,
        1.4235e-04, 7.2571e-04, 2.7756e-17, 2.7756e-17, 2.7756e-17, 1.5711e-03,
        8.5362e-03, 1.2423e-04, 1.0228e-03, 3.1901e-04, 7.3922e-04, 7.9846e-04,
        3.8300e-04, 2.1539e-04, 4.6991e-04, 4.0917e-04, 6.1267e-05, 5.6624e-04,
        8.4993e-04, 7.7059e-04, 1.0885e-03, 9.4630e-05, 7.9305e-04, 8.6175e-04,
        7.6812e-05, 4.4952e-04, 7.3166e-04, 4.4412e-04, 4.6035e-04, 2.3859e-04,
        8.8275e-04, 5.4162e-04, 3.0713e-04, 6.1819e-04, 4.1566e-04, 1.3073e-03,
        6.9640e-04, 1.2261e-04, 6.1892e-04, 2.4100e-04, 1.0964e-03, 7.2961e-04,
        8.0759e-04, 5.7894e-04, 1.1144e-03, 6.5555e-04, 8.6663e-04, 6.3396e-04,
        1.2565e-03, 4.1853e-04, 8.3816e-04, 9.3205e-04, 8.1698e-04, 1.1558e-03,
        7.2783e-04, 7.2471e-04, 8.3596e-04, 6.8972e-04, 4.8274e-04, 6.2318e-04,
        3.1041e-04, 3.4008e-04, 2.6729e-04, 2.4719e-04, 6.3901e-04, 2.1763e-04,
        2.9610e-04, 1.8666e-04, 6.4106e-04, 7.4666e-04, 3.3216e-04, 4.3398e-04,
        5.4926e-04, 1.2880e-03, 5.5876e-04, 4.0407e-04, 4.4220e-04, 7.2466e-04,
        4.3291e-04, 6.6041e-04, 4.5838e-04, 7.5452e-04, 3.3999e-04, 1.2804e-03,
        6.6562e-04, 3.2588e-04, 8.0821e-04, 6.5668e-04, 4.3874e-04, 4.0518e-04,
        2.3502e-04, 5.3273e-04, 3.4488e-04, 7.6208e-04, 1.0287e-04, 7.2203e-04,
        1.5950e-04, 1.0251e-03, 3.9961e-04, 1.5831e-03, 2.3288e-04, 8.6668e-04,
        2.3405e-04, 7.0278e-04, 7.7400e-04, 3.0400e-04, 5.2836e-04],
       grad_fn=<CatBackward>)

mean_overall=tensor(0.0008, grad_fn=<MeanBackward0>)

-----------------------------------------------ITERATION170-----------------------------------------------

final_causality=[[1, 1, 1, 1, 1, 1, 1, 1, 1, 1, 1, 1, 1], [1, 1, 1, 1, 1, 1, 1, 1, 1, 1, 1, 1, 1, 1, 1, 1, 1, 1, 1, 1, 1, 1, 1, 1, 1, 1, 1, 1, 1, 1, 1, 1, 1, 1, 1, 1, 1, 1, 1, 1, 1, 1, 1, 1, 1, 1, 1, 1, 1, 1], [1, 1, 1, 1, 1, 1, 1, 1, 1, 1, 1, 1, 1, 1, 1, 1, 1, 1, 1, 1, 1, 1, 1, 1, 1, 1, 1, 1, 1, 1, 1, 1, 1, 1, 1, 1, 1, 1, 1, 1, 1, 1, 1, 1, 1, 1, 1, 1, 1, 1]]

means=tensor([6.5063e-03, 2.7756e-17, 2.7756e-17, 1.4551e-02, 1.9719e-03, 3.4019e-03,
        1.1423e-04, 8.8492e-04, 2.7756e-17, 2.7756e-17, 2.7756e-17, 1.2486e-03,
        1.0335e-02, 1.3188e-04, 1.1710e-03, 4.3185e-04, 8.6234e-04, 9.3882e-04,
        4.8642e-04, 2.7580e-04, 5.7244e-04, 5.0460e-04, 7.8094e-05, 6.9440e-04,
        1.0075e-03, 9.1923e-04, 1.2684e-03, 1.2740e-04, 9.2900e-04, 1.0169e-03,
        1.0299e-04, 5.5206e-04, 8.5865e-04, 5.5411e-04, 5.7776e-04, 3.0417e-04,
        1.0278e-03, 6.5184e-04, 3.8537e-04, 7.4460e-04, 5.0492e-04, 1.4988e-03,
        8.3256e-04, 1.5472e-04, 7.5562e-04, 3.1360e-04, 1.2780e-03, 8.7182e-04,
        9.5844e-04, 7.0146e-04, 1.2925e-03, 7.8476e-04, 1.0239e-03, 7.6014e-04,
        1.4719e-03, 5.1742e-04, 9.9001e-04, 1.0844e-03, 9.7260e-04, 1.3459e-03,
        8.5539e-04, 8.6780e-04, 1.0016e-03, 8.2780e-04, 5.7718e-04, 7.4038e-04,
        4.0967e-04, 4.1209e-04, 3.5138e-04, 3.2530e-04, 7.6419e-04, 2.8078e-04,
        3.7005e-04, 2.4247e-04, 7.5965e-04, 8.7404e-04, 4.1722e-04, 5.2718e-04,
        6.5753e-04, 1.4782e-03, 6.6407e-04, 4.8882e-04, 5.3619e-04, 8.4993e-04,
        5.5395e-04, 7.8656e-04, 5.5022e-04, 8.8164e-04, 4.1929e-04, 1.4557e-03,
        7.8169e-04, 4.1953e-04, 9.3557e-04, 7.7463e-04, 5.3863e-04, 4.9666e-04,
        2.9677e-04, 6.6998e-04, 4.2049e-04, 8.9253e-04, 1.3745e-04, 8.5118e-04,
        2.2049e-04, 1.1766e-03, 4.8798e-04, 1.7928e-03, 2.9566e-04, 1.0055e-03,
        3.1648e-04, 8.2141e-04, 9.0357e-04, 3.8567e-04, 6.4124e-04],
       grad_fn=<CatBackward>)

mean_overall=tensor(0.0010, grad_fn=<MeanBackward0>)

-----------------------------------------------ITERATION180-----------------------------------------------

final_causality=[[1, 1, 1, 1, 1, 1, 1, 1, 1, 1, 1, 1, 1], [1, 1, 1, 1, 1, 1, 1, 1, 1, 1, 1, 1, 1, 1, 1, 1, 1, 1, 1, 1, 1, 1, 1, 1, 1, 1, 1, 1, 1, 1, 1, 1, 1, 1, 1, 1, 1, 1, 1, 1, 1, 1, 1, 1, 1, 1, 1, 1, 1, 1], [1, 1, 1, 1, 1, 1, 1, 1, 1, 1, 1, 1, 1, 1, 1, 1, 1, 1, 1, 1, 1, 1, 1, 1, 1, 1, 1, 1, 1, 1, 1, 1, 1, 1, 1, 1, 1, 1, 1, 1, 1, 1, 1, 1, 1, 1, 1, 1, 1, 1]]

means=tensor([7.9856e-03, 2.7756e-17, 0.0000e+00, 1.7197e-02, 2.3973e-03, 4.0772e-03,
        5.6769e-05, 1.0620e-03, 2.7756e-17, 0.0000e+00, 2.7756e-17, 6.9873e-04,
        1.2292e-02, 1.3863e-04, 1.3199e-03, 5.6283e-04, 9.8884e-04, 1.0821e-03,
        6.0071e-04, 3.5540e-04, 6.7959e-04, 6.1762e-04, 9.7096e-05, 8.3284e-04,
        1.1738e-03, 1.0761e-03, 1.4530e-03, 1.6730e-04, 1.0662e-03, 1.1794e-03,
        1.3384e-04, 6.6305e-04, 9.9283e-04, 6.7819e-04, 7.0646e-04, 3.7909e-04,
        1.1793e-03, 7.6868e-04, 4.7032e-04, 8.7843e-04, 5.9783e-04, 1.6937e-03,
        9.7673e-04, 1.9114e-04, 9.0120e-04, 3.9262e-04, 1.4639e-03, 1.0206e-03,
        1.1172e-03, 8.3326e-04, 1.4782e-03, 9.2302e-04, 1.1892e-03, 8.9681e-04,
        1.6954e-03, 6.2549e-04, 1.1453e-03, 1.2413e-03, 1.1363e-03, 1.5389e-03,
        9.8569e-04, 1.0173e-03, 1.1718e-03, 9.7116e-04, 6.7587e-04, 8.6236e-04,
        5.2052e-04, 4.8781e-04, 4.4636e-04, 4.1364e-04, 8.9356e-04, 3.5139e-04,
        4.5068e-04, 3.0433e-04, 8.8093e-04, 1.0039e-03, 5.1019e-04, 6.2577e-04,
        7.7095e-04, 1.6673e-03, 7.7226e-04, 5.7666e-04, 6.3604e-04, 9.7724e-04,
        6.8374e-04, 9.1748e-04, 6.4542e-04, 1.0114e-03, 5.0342e-04, 1.6284e-03,
        9.0130e-04, 5.2297e-04, 1.0639e-03, 8.9551e-04, 6.4512e-04, 5.9392e-04,
        3.6536e-04, 8.1635e-04, 5.0047e-04, 1.0258e-03, 1.8282e-04, 9.8379e-04,
        2.9234e-04, 1.3278e-03, 5.8244e-04, 1.9993e-03, 3.6561e-04, 1.1461e-03,
        4.1075e-04, 9.4254e-04, 1.0352e-03, 4.7546e-04, 7.5949e-04],
       grad_fn=<CatBackward>)

mean_overall=tensor(0.0011, grad_fn=<MeanBackward0>)

-----------------------------------------------ITERATION190-----------------------------------------------

final_causality=[[1, 1, 1, 1, 1, 1, 1, 1, 1, 1, 1, 1, 1], [1, 1, 1, 1, 1, 1, 1, 1, 1, 1, 1, 1, 1, 1, 1, 1, 1, 1, 1, 1, 1, 1, 1, 1, 1, 1, 1, 1, 1, 1, 1, 1, 1, 1, 1, 1, 1, 1, 1, 1, 1, 1, 1, 1, 1, 1, 1, 1, 1, 1], [1, 1, 1, 1, 1, 1, 1, 1, 1, 1, 1, 1, 1, 1, 1, 1, 1, 1, 1, 1, 1, 1, 1, 1, 1, 1, 1, 1, 1, 1, 1, 1, 1, 1, 1, 1, 1, 1, 1, 1, 1, 1, 1, 1, 1, 1, 1, 1, 1, 1]]

means=tensor([9.5269e-03, 0.0000e+00, 0.0000e+00, 1.9909e-02, 2.8488e-03, 4.6556e-03,
        3.8481e-05, 1.2509e-03, 0.0000e+00, 2.7756e-17, 0.0000e+00, 1.7354e-04,
        1.4309e-02, 1.4348e-04, 1.4647e-03, 7.0387e-04, 1.1131e-03, 1.2214e-03,
        7.1769e-04, 4.4083e-04, 7.8523e-04, 7.3912e-04, 1.1671e-04, 9.7295e-04,
        1.3394e-03, 1.2334e-03, 1.6318e-03, 2.1307e-04, 1.1981e-03, 1.3399e-03,
        1.6753e-04, 7.7667e-04, 1.1285e-03, 8.0746e-04, 8.4034e-04, 4.6071e-04,
        1.3287e-03, 8.8520e-04, 5.5744e-04, 1.0111e-03, 6.9183e-04, 1.8826e-03,
        1.1205e-03, 2.3033e-04, 1.0470e-03, 4.7227e-04, 1.6456e-03, 1.1668e-03,
        1.2751e-03, 9.6759e-04, 1.6623e-03, 1.0640e-03, 1.3554e-03, 1.0364e-03,
        1.9152e-03, 7.3741e-04, 1.2968e-03, 1.3954e-03, 1.2986e-03, 1.7266e-03,
        1.1124e-03, 1.1661e-03, 1.3388e-03, 1.1122e-03, 7.7331e-04, 9.8260e-04,
        6.3647e-04, 5.6298e-04, 5.4663e-04, 5.0712e-04, 1.0203e-03, 4.2530e-04,
        5.3355e-04, 3.6899e-04, 9.9845e-04, 1.1293e-03, 6.0584e-04, 7.2458e-04,
        8.8306e-04, 1.8463e-03, 8.7732e-04, 6.6296e-04, 7.3624e-04, 1.0999e-03,
        8.1506e-04, 1.0458e-03, 7.3861e-04, 1.1370e-03, 5.8768e-04, 1.7906e-03,
        1.0183e-03, 6.3037e-04, 1.1867e-03, 1.0128e-03, 7.5235e-04, 6.9159e-04,
        4.3680e-04, 9.6378e-04, 5.8062e-04, 1.1549e-03, 2.3399e-04, 1.1130e-03,
        3.7089e-04, 1.4713e-03, 6.7782e-04, 2.1931e-03, 4.3887e-04, 1.2813e-03,
        5.1112e-04, 1.0598e-03, 1.1621e-03, 5.6815e-04, 8.7631e-04],
       grad_fn=<CatBackward>)

mean_overall=tensor(0.0013, grad_fn=<MeanBackward0>)

-----------------------------------------------ITERATION200-----------------------------------------------

final_causality=[[1, 1, 1, 1, 1, 1, 1, 1, 1, 1, 1, 1, 1], [1, 1, 1, 1, 1, 1, 1, 1, 1, 1, 1, 1, 1, 1, 1, 1, 1, 1, 1, 1, 1, 1, 1, 1, 1, 1, 1, 1, 1, 1, 1, 1, 1, 1, 1, 1, 1, 1, 1, 1, 1, 1, 1, 1, 1, 1, 1, 1, 1, 1], [1, 1, 1, 1, 1, 1, 1, 1, 1, 1, 1, 1, 1, 1, 1, 1, 1, 1, 1, 1, 1, 1, 1, 1, 1, 1, 1, 1, 1, 1, 1, 1, 1, 1, 1, 1, 1, 1, 1, 1, 1, 1, 1, 1, 1, 1, 1, 1, 1, 1]]

means=tensor([1.1021e-02, 2.7756e-17, 2.7756e-17, 2.2521e-02, 3.3018e-03, 5.0029e-03,
        1.5525e-04, 1.4428e-03, 2.7756e-17, 2.7756e-17, 2.7756e-17, 9.4658e-04,
        1.6252e-02, 1.4547e-04, 1.5995e-03, 8.4462e-04, 1.2285e-03, 1.3484e-03,
        8.2597e-04, 5.2416e-04, 8.8395e-04, 8.6228e-04, 1.3528e-04, 1.1035e-03,
        1.4921e-03, 1.3803e-03, 1.7932e-03, 2.7221e-04, 1.3168e-03, 1.4870e-03,
        2.0045e-04, 8.8768e-04, 1.2586e-03, 9.3274e-04, 9.7023e-04, 5.4438e-04,
        1.4653e-03, 9.9274e-04, 6.4069e-04, 1.1319e-03, 7.9006e-04, 2.0550e-03,
        1.2533e-03, 2.7285e-04, 1.1818e-03, 5.4450e-04, 1.8131e-03, 1.2996e-03,
        1.4211e-03, 1.0955e-03, 1.8347e-03, 1.1996e-03, 1.5126e-03, 1.1691e-03,
        2.1175e-03, 8.4581e-04, 1.4350e-03, 1.5389e-03, 1.4477e-03, 1.8992e-03,
        1.2279e-03, 1.3052e-03, 1.4946e-03, 1.2420e-03, 8.6269e-04, 1.0932e-03,
        7.4873e-04, 6.3224e-04, 6.4443e-04, 5.9852e-04, 1.1363e-03, 4.9661e-04,
        6.1261e-04, 4.3159e-04, 1.1044e-03, 1.2422e-03, 6.9712e-04, 8.1694e-04,
        9.8579e-04, 2.0047e-03, 9.7199e-04, 7.4193e-04, 8.2988e-04, 1.2103e-03,
        9.3906e-04, 1.1629e-03, 8.2309e-04, 1.2506e-03, 6.6600e-04, 1.9329e-03,
        1.1252e-03, 7.3388e-04, 1.2963e-03, 1.1185e-03, 8.5266e-04, 7.8283e-04,
        5.0544e-04, 1.1023e-03, 6.5538e-04, 1.2721e-03, 2.8681e-04, 1.2304e-03,
        4.4952e-04, 1.5987e-03, 7.6736e-04, 2.3638e-03, 5.0997e-04, 1.4029e-03,
        6.0979e-04, 1.1654e-03, 1.2762e-03, 6.5663e-04, 9.8352e-04],
       grad_fn=<CatBackward>)

mean_overall=tensor(0.0015, grad_fn=<MeanBackward0>)

-----------------------------------------------ITERATION210-----------------------------------------------

final_causality=[[1, 1, 1, 1, 1, 1, 1, 1, 1, 1, 1, 1, 1], [1, 1, 1, 1, 1, 1, 1, 1, 1, 1, 1, 1, 1, 1, 1, 1, 1, 1, 1, 1, 1, 1, 1, 1, 1, 1, 1, 1, 1, 1, 1, 1, 1, 1, 1, 1, 1, 1, 1, 1, 1, 1, 1, 1, 1, 1, 1, 1, 1, 1], [1, 1, 1, 1, 1, 1, 1, 1, 1, 1, 1, 1, 1, 1, 1, 1, 1, 1, 1, 1, 1, 1, 1, 1, 1, 1, 1, 1, 1, 1, 1, 1, 1, 1, 1, 1, 1, 1, 1, 1, 1, 1, 1, 1, 1, 1, 1, 1, 1, 1]]

means=tensor([1.2341e-02, 0.0000e+00, 2.7756e-17, 2.4860e-02, 3.7288e-03, 5.0189e-03,
        2.7484e-04, 1.6270e-03, 0.0000e+00, 2.7756e-17, 0.0000e+00, 1.6113e-03,
        1.7977e-02, 1.4393e-04, 1.7203e-03, 9.7325e-04, 1.3286e-03, 1.4536e-03,
        9.1415e-04, 5.9665e-04, 9.6714e-04, 9.7877e-04, 1.5085e-04, 1.2139e-03,
        1.6206e-03, 1.5063e-03, 1.9271e-03, 3.3515e-04, 1.4155e-03, 1.6096e-03,
        2.2818e-04, 9.9274e-04, 1.3750e-03, 1.0463e-03, 1.0872e-03, 6.2378e-04,
        1.5791e-03, 1.0833e-03, 7.1409e-04, 1.2309e-03, 8.7788e-04, 2.2010e-03,
        1.3653e-03, 3.1647e-04, 1.2941e-03, 6.0154e-04, 1.9574e-03, 1.4092e-03,
        1.5454e-03, 1.2077e-03, 1.9861e-03, 1.3231e-03, 1.6509e-03, 1.2847e-03,
        2.2887e-03, 9.4298e-04, 1.5529e-03, 1.6651e-03, 1.5730e-03, 2.0472e-03,
        1.3283e-03, 1.4266e-03, 1.6315e-03, 1.3525e-03, 9.3827e-04, 1.1876e-03,
        8.4867e-04, 6.9052e-04, 7.3175e-04, 6.8029e-04, 1.2343e-03, 5.5916e-04,
        6.8190e-04, 4.8705e-04, 1.1925e-03, 1.3362e-03, 7.7708e-04, 8.9667e-04,
        1.0721e-03, 2.1350e-03, 1.0502e-03, 8.0859e-04, 9.1069e-04, 1.3021e-03,
        1.0474e-03, 1.2612e-03, 8.9310e-04, 1.3458e-03, 7.3268e-04, 2.0487e-03,
        1.2156e-03, 8.2555e-04, 1.3864e-03, 1.2063e-03, 9.3913e-04, 8.6139e-04,
        5.6547e-04, 1.2228e-03, 7.1969e-04, 1.3706e-03, 3.3622e-04, 1.3292e-03,
        5.2073e-04, 1.7030e-03, 8.4451e-04, 2.5047e-03, 5.7333e-04, 1.5047e-03,
        6.9855e-04, 1.2530e-03, 1.3712e-03, 7.3391e-04, 1.0741e-03],
       grad_fn=<CatBackward>)

mean_overall=tensor(0.0016, grad_fn=<MeanBackward0>)

-----------------------------------------------ITERATION220-----------------------------------------------

final_causality=[[1, 1, 1, 1, 1, 1, 1, 1, 1, 1, 1, 1, 1], [1, 1, 1, 1, 1, 1, 1, 1, 1, 1, 1, 1, 1, 1, 1, 1, 1, 1, 1, 1, 1, 1, 1, 1, 1, 1, 1, 1, 1, 1, 1, 1, 1, 1, 1, 1, 1, 1, 1, 1, 1, 1, 1, 1, 1, 1, 1, 1, 1, 1], [1, 1, 1, 1, 1, 1, 1, 1, 1, 1, 1, 1, 1, 1, 1, 1, 1, 1, 1, 1, 1, 1, 1, 1, 1, 1, 1, 1, 1, 1, 1, 1, 1, 1, 1, 1, 1, 1, 1, 1, 1, 1, 1, 1, 1, 1, 1, 1, 1, 1]]

means=tensor([0.0134, 0.0000, 0.0000, 0.0268, 0.0041, 0.0047, 0.0004, 0.0018, 0.0000,
        0.0000, 0.0000, 0.0020, 0.0194, 0.0001, 0.0018, 0.0011, 0.0014, 0.0015,
        0.0010, 0.0007, 0.0010, 0.0011, 0.0002, 0.0013, 0.0017, 0.0016, 0.0020,
        0.0004, 0.0015, 0.0017, 0.0002, 0.0011, 0.0015, 0.0011, 0.0012, 0.0007,
        0.0017, 0.0012, 0.0008, 0.0013, 0.0010, 0.0023, 0.0015, 0.0004, 0.0014,
        0.0006, 0.0021, 0.0015, 0.0016, 0.0013, 0.0021, 0.0014, 0.0018, 0.0014,
        0.0024, 0.0010, 0.0016, 0.0018, 0.0017, 0.0022, 0.0014, 0.0015, 0.0017,
        0.0014, 0.0010, 0.0013, 0.0009, 0.0007, 0.0008, 0.0007, 0.0013, 0.0006,
        0.0007, 0.0005, 0.0013, 0.0014, 0.0008, 0.0010, 0.0011, 0.0022, 0.0011,
        0.0009, 0.0010, 0.0014, 0.0011, 0.0013, 0.0009, 0.0014, 0.0008, 0.0021,
        0.0013, 0.0009, 0.0015, 0.0013, 0.0010, 0.0009, 0.0006, 0.0013, 0.0008,
        0.0014, 0.0004, 0.0014, 0.0006, 0.0018, 0.0009, 0.0026, 0.0006, 0.0016,
        0.0008, 0.0013, 0.0014, 0.0008, 0.0011], grad_fn=<CatBackward>)

mean_overall=tensor(0.0017, grad_fn=<MeanBackward0>)

-----------------------------------------------ITERATION230-----------------------------------------------

final_causality=[[1, 1, 1, 1, 1, 1, 1, 1, 1, 1, 1, 1, 1], [1, 1, 1, 1, 1, 1, 1, 1, 1, 1, 1, 1, 1, 1, 1, 1, 1, 1, 1, 1, 1, 1, 1, 1, 1, 1, 1, 1, 1, 1, 1, 1, 1, 1, 1, 1, 1, 1, 1, 1, 1, 1, 1, 1, 1, 1, 1, 1, 1, 1], [1, 1, 1, 1, 1, 1, 1, 1, 1, 1, 1, 1, 1, 1, 1, 1, 1, 1, 1, 1, 1, 1, 1, 1, 1, 1, 1, 1, 1, 1, 1, 1, 1, 1, 1, 1, 1, 1, 1, 1, 1, 1, 1, 1, 1, 1, 1, 1, 1, 1]]

means=tensor([1.4097e-02, 2.7756e-17, 2.7756e-17, 2.8224e-02, 4.4266e-03, 4.1521e-03,
        4.7344e-04, 1.9403e-03, 2.7756e-17, 2.7756e-17, 2.7756e-17, 2.2746e-03,
        2.0384e-02, 1.3120e-04, 1.9076e-03, 1.1606e-03, 1.4675e-03, 1.5822e-03,
        1.0112e-03, 6.8741e-04, 1.0754e-03, 1.1657e-03, 1.6815e-04, 1.3548e-03,
        1.7823e-03, 1.6673e-03, 2.0936e-03, 4.4695e-04, 1.5390e-03, 1.7583e-03,
        2.5818e-04, 1.1641e-03, 1.5458e-03, 1.2263e-03, 1.2507e-03, 7.5060e-04,
        1.7201e-03, 1.1995e-03, 8.1516e-04, 1.3448e-03, 1.0088e-03, 2.3947e-03,
        1.5073e-03, 3.8617e-04, 1.4306e-03, 6.5576e-04, 2.1569e-03, 1.5425e-03,
        1.7038e-03, 1.3644e-03, 2.2007e-03, 1.5107e-03, 1.8418e-03, 1.4414e-03,
        2.5112e-03, 1.0804e-03, 1.7062e-03, 1.8518e-03, 1.7303e-03, 2.2491e-03,
        1.4550e-03, 1.5962e-03, 1.8282e-03, 1.4994e-03, 1.0368e-03, 1.3134e-03,
        9.8863e-04, 7.6421e-04, 8.5414e-04, 7.9450e-04, 1.3624e-03, 6.4301e-04,
        7.7657e-04, 5.6359e-04, 1.3039e-03, 1.4564e-03, 8.8593e-04, 1.0036e-03,
        1.1818e-03, 2.2993e-03, 1.1467e-03, 8.9504e-04, 1.0193e-03, 1.4198e-03,
        1.1955e-03, 1.3875e-03, 9.8002e-04, 1.4694e-03, 8.1920e-04, 2.1908e-03,
        1.3338e-03, 9.5259e-04, 1.4980e-03, 1.3167e-03, 1.0537e-03, 9.6665e-04,
        6.4560e-04, 1.3877e-03, 8.0544e-04, 1.4987e-03, 4.0903e-04, 1.4565e-03,
        6.1961e-04, 1.8325e-03, 9.4611e-04, 2.6851e-03, 6.6193e-04, 1.6360e-03,
        8.2363e-04, 1.3634e-03, 1.4915e-03, 8.3765e-04, 1.1916e-03],
       grad_fn=<CatBackward>)

mean_overall=tensor(0.0018, grad_fn=<MeanBackward0>)

-----------------------------------------------ITERATION240-----------------------------------------------

final_causality=[[1, 1, 1, 1, 1, 1, 1, 1, 1, 1, 1, 1, 1], [1, 1, 1, 1, 1, 1, 1, 1, 1, 1, 1, 1, 1, 1, 1, 1, 1, 1, 1, 1, 1, 1, 1, 1, 1, 1, 1, 1, 1, 1, 1, 1, 1, 1, 1, 1, 1, 1, 1, 1, 1, 1, 1, 1, 1, 1, 1, 1, 1, 1], [1, 1, 1, 1, 1, 1, 1, 1, 1, 1, 1, 1, 1, 1, 1, 1, 1, 1, 1, 1, 1, 1, 1, 1, 1, 1, 1, 1, 1, 1, 1, 1, 1, 1, 1, 1, 1, 1, 1, 1, 1, 1, 1, 1, 1, 1, 1, 1, 1, 1]]

means=tensor([0.0145, 0.0000, 0.0000, 0.0292, 0.0047, 0.0035, 0.0006, 0.0021, 0.0000,
        0.0000, 0.0000, 0.0024, 0.0211, 0.0001, 0.0020, 0.0012, 0.0015, 0.0016,
        0.0010, 0.0007, 0.0011, 0.0012, 0.0002, 0.0014, 0.0018, 0.0017, 0.0021,
        0.0005, 0.0016, 0.0018, 0.0003, 0.0012, 0.0016, 0.0013, 0.0013, 0.0008,
        0.0018, 0.0012, 0.0008, 0.0014, 0.0011, 0.0024, 0.0015, 0.0004, 0.0015,
        0.0007, 0.0022, 0.0016, 0.0017, 0.0014, 0.0023, 0.0016, 0.0019, 0.0015,
        0.0026, 0.0011, 0.0017, 0.0019, 0.0018, 0.0023, 0.0015, 0.0016, 0.0019,
        0.0015, 0.0011, 0.0013, 0.0010, 0.0008, 0.0009, 0.0008, 0.0014, 0.0007,
        0.0008, 0.0006, 0.0013, 0.0015, 0.0009, 0.0010, 0.0012, 0.0023, 0.0012,
        0.0009, 0.0010, 0.0014, 0.0012, 0.0014, 0.0010, 0.0015, 0.0008, 0.0022,
        0.0014, 0.0010, 0.0015, 0.0013, 0.0011, 0.0010, 0.0007, 0.0014, 0.0008,
        0.0015, 0.0004, 0.0015, 0.0006, 0.0019, 0.0010, 0.0027, 0.0007, 0.0017,
        0.0009, 0.0014, 0.0015, 0.0009, 0.0012], grad_fn=<CatBackward>)

mean_overall=tensor(0.0019, grad_fn=<MeanBackward0>)

-----------------------------------------------ITERATION250-----------------------------------------------

final_causality=[[1, 1, 1, 1, 1, 1, 1, 1, 1, 1, 1, 1, 1], [1, 1, 1, 1, 1, 1, 1, 1, 1, 1, 1, 1, 1, 1, 1, 1, 1, 1, 1, 1, 1, 1, 1, 1, 1, 1, 1, 1, 1, 1, 1, 1, 1, 1, 1, 1, 1, 1, 1, 1, 1, 1, 1, 1, 1, 1, 1, 1, 1, 1], [1, 1, 1, 1, 1, 1, 1, 1, 1, 1, 1, 1, 1, 1, 1, 1, 1, 1, 1, 1, 1, 1, 1, 1, 1, 1, 1, 1, 1, 1, 1, 1, 1, 1, 1, 1, 1, 1, 1, 1, 1, 1, 1, 1, 1, 1, 1, 1, 1, 1]]

means=tensor([0.0147, 0.0000, 0.0000, 0.0299, 0.0049, 0.0027, 0.0006, 0.0022, 0.0000,
        0.0000, 0.0000, 0.0024, 0.0215, 0.0001, 0.0020, 0.0013, 0.0015, 0.0016,
        0.0010, 0.0007, 0.0011, 0.0013, 0.0002, 0.0014, 0.0018, 0.0017, 0.0021,
        0.0005, 0.0016, 0.0018, 0.0003, 0.0013, 0.0016, 0.0013, 0.0013, 0.0008,
        0.0018, 0.0012, 0.0009, 0.0014, 0.0011, 0.0025, 0.0016, 0.0004, 0.0015,
        0.0006, 0.0022, 0.0016, 0.0018, 0.0014, 0.0023, 0.0016, 0.0019, 0.0015,
        0.0026, 0.0012, 0.0018, 0.0020, 0.0018, 0.0023, 0.0015, 0.0017, 0.0019,
        0.0016, 0.0011, 0.0014, 0.0010, 0.0008, 0.0009, 0.0008, 0.0014, 0.0007,
        0.0008, 0.0006, 0.0013, 0.0015, 0.0009, 0.0010, 0.0012, 0.0024, 0.0012,
        0.0009, 0.0011, 0.0015, 0.0013, 0.0014, 0.0010, 0.0015, 0.0008, 0.0022,
        0.0014, 0.0010, 0.0015, 0.0014, 0.0011, 0.0010, 0.0007, 0.0015, 0.0008,
        0.0015, 0.0004, 0.0015, 0.0007, 0.0019, 0.0010, 0.0027, 0.0007, 0.0017,
        0.0009, 0.0014, 0.0015, 0.0009, 0.0012], grad_fn=<CatBackward>)

mean_overall=tensor(0.0019, grad_fn=<MeanBackward0>)

-----------------------------------------------ITERATION260-----------------------------------------------

final_causality=[[1, 1, 1, 1, 1, 1, 1, 1, 1, 1, 1, 1, 1], [1, 1, 1, 1, 1, 1, 1, 1, 1, 1, 1, 1, 1, 1, 1, 1, 1, 1, 1, 1, 1, 1, 1, 1, 1, 1, 1, 1, 1, 1, 1, 1, 1, 1, 1, 1, 1, 1, 1, 1, 1, 1, 1, 1, 1, 1, 1, 1, 1, 1], [1, 1, 1, 1, 1, 1, 1, 1, 1, 1, 1, 1, 1, 1, 1, 1, 1, 1, 1, 1, 1, 1, 1, 1, 1, 1, 1, 1, 1, 1, 1, 1, 1, 1, 1, 1, 1, 1, 1, 1, 1, 1, 1, 1, 1, 1, 1, 1, 1, 1]]

means=tensor([0.0147, 0.0000, 0.0000, 0.0303, 0.0051, 0.0020, 0.0007, 0.0023, 0.0000,
        0.0000, 0.0000, 0.0024, 0.0217, 0.0001, 0.0021, 0.0013, 0.0015, 0.0016,
        0.0010, 0.0007, 0.0011, 0.0013, 0.0002, 0.0014, 0.0018, 0.0017, 0.0021,
        0.0005, 0.0016, 0.0018, 0.0003, 0.0013, 0.0017, 0.0014, 0.0013, 0.0009,
        0.0018, 0.0012, 0.0009, 0.0014, 0.0011, 0.0025, 0.0016, 0.0004, 0.0015,
        0.0006, 0.0023, 0.0016, 0.0018, 0.0015, 0.0023, 0.0017, 0.0019, 0.0015,
        0.0026, 0.0012, 0.0018, 0.0020, 0.0018, 0.0024, 0.0015, 0.0017, 0.0019,
        0.0016, 0.0011, 0.0014, 0.0011, 0.0008, 0.0009, 0.0009, 0.0014, 0.0007,
        0.0008, 0.0006, 0.0013, 0.0015, 0.0009, 0.0011, 0.0012, 0.0024, 0.0012,
        0.0009, 0.0011, 0.0015, 0.0013, 0.0014, 0.0010, 0.0015, 0.0009, 0.0022,
        0.0014, 0.0010, 0.0015, 0.0014, 0.0011, 0.0010, 0.0007, 0.0015, 0.0008,
        0.0016, 0.0005, 0.0015, 0.0007, 0.0019, 0.0010, 0.0028, 0.0007, 0.0017,
        0.0009, 0.0014, 0.0015, 0.0009, 0.0012], grad_fn=<CatBackward>)

mean_overall=tensor(0.0019, grad_fn=<MeanBackward0>)

-----------------------------------------------ITERATION270-----------------------------------------------

final_causality=[[1, 1, 1, 1, 1, 1, 1, 1, 1, 1, 1, 1, 1], [1, 1, 1, 1, 1, 1, 1, 1, 1, 1, 1, 1, 1, 1, 1, 1, 1, 1, 1, 1, 1, 1, 1, 1, 1, 1, 1, 1, 1, 1, 1, 1, 1, 1, 1, 1, 1, 1, 1, 1, 1, 1, 1, 1, 1, 1, 1, 1, 1, 1], [1, 1, 1, 1, 1, 1, 1, 1, 1, 1, 1, 1, 1, 1, 1, 1, 1, 1, 1, 1, 1, 1, 1, 1, 1, 1, 1, 1, 1, 1, 1, 1, 1, 1, 1, 1, 1, 1, 1, 1, 1, 1, 1, 1, 1, 1, 1, 1, 1, 1]]

means=tensor([1.4616e-02, 0.0000e+00, 0.0000e+00, 3.0589e-02, 5.2807e-03, 1.3191e-03,
        6.9353e-04, 2.3466e-03, 0.0000e+00, 0.0000e+00, 0.0000e+00, 2.3201e-03,
        2.1930e-02, 9.2981e-05, 2.0866e-03, 1.2894e-03, 1.5465e-03, 1.6260e-03,
        1.0023e-03, 7.0469e-04, 1.1041e-03, 1.3596e-03, 1.6536e-04, 1.4347e-03,
        1.8464e-03, 1.7176e-03, 2.1435e-03, 5.6982e-04, 1.5744e-03, 1.7957e-03,
        2.5949e-04, 1.3209e-03, 1.6643e-03, 1.3808e-03, 1.3356e-03, 8.9278e-04,
        1.7686e-03, 1.2469e-03, 8.6339e-04, 1.3532e-03, 1.1490e-03, 2.5002e-03,
        1.5687e-03, 4.5805e-04, 1.4695e-03, 6.0713e-04, 2.2888e-03, 1.5749e-03,
        1.7656e-03, 1.4815e-03, 2.3531e-03, 1.6801e-03, 1.9538e-03, 1.5226e-03,
        2.6271e-03, 1.1905e-03, 1.7469e-03, 2.0060e-03, 1.7907e-03, 2.3790e-03,
        1.5151e-03, 1.7123e-03, 1.9594e-03, 1.5687e-03, 1.0963e-03, 1.3742e-03,
        1.0656e-03, 7.8879e-04, 9.2305e-04, 8.5522e-04, 1.4160e-03, 6.8028e-04,
        8.2434e-04, 6.0196e-04, 1.3417e-03, 1.5022e-03, 9.3926e-04, 1.0545e-03,
        1.2191e-03, 2.3546e-03, 1.1741e-03, 9.3579e-04, 1.0724e-03, 1.4669e-03,
        1.2745e-03, 1.4388e-03, 1.0051e-03, 1.5216e-03, 8.5423e-04, 2.2303e-03,
        1.3860e-03, 1.0208e-03, 1.5325e-03, 1.3528e-03, 1.1053e-03, 1.0171e-03,
        6.8147e-04, 1.4705e-03, 8.4412e-04, 1.5547e-03, 4.6024e-04, 1.5098e-03,
        6.6828e-04, 1.8755e-03, 9.9093e-04, 2.7574e-03, 7.1025e-04, 1.6905e-03,
        8.9287e-04, 1.4028e-03, 1.5342e-03, 8.8606e-04, 1.2415e-03],
       grad_fn=<CatBackward>)

mean_overall=tensor(0.0019, grad_fn=<MeanBackward0>)

-----------------------------------------------ITERATION280-----------------------------------------------

final_causality=[[1, 1, 1, 1, 1, 1, 1, 1, 1, 1, 1, 1, 1], [1, 1, 1, 1, 1, 1, 1, 1, 1, 1, 1, 1, 1, 1, 1, 1, 1, 1, 1, 1, 1, 1, 1, 1, 1, 1, 1, 1, 1, 1, 1, 1, 1, 1, 1, 1, 1, 1, 1, 1, 1, 1, 1, 1, 1, 1, 1, 1, 1, 1], [1, 1, 1, 1, 1, 1, 1, 1, 1, 1, 1, 1, 1, 1, 1, 1, 1, 1, 1, 1, 1, 1, 1, 1, 1, 1, 1, 1, 1, 1, 1, 1, 1, 1, 1, 1, 1, 1, 1, 1, 1, 1, 1, 1, 1, 1, 1, 1, 1, 1]]

means=tensor([1.4523e-02, 0.0000e+00, 0.0000e+00, 3.0801e-02, 5.4509e-03, 6.8772e-04,
        7.1489e-04, 2.4276e-03, 0.0000e+00, 0.0000e+00, 0.0000e+00, 2.2501e-03,
        2.2092e-02, 8.4816e-05, 2.1158e-03, 1.3007e-03, 1.5520e-03, 1.6252e-03,
        9.8845e-04, 6.9945e-04, 1.0963e-03, 1.3897e-03, 1.6381e-04, 1.4482e-03,
        1.8455e-03, 1.7101e-03, 2.1385e-03, 5.8831e-04, 1.5692e-03, 1.7879e-03,
        2.5968e-04, 1.3423e-03, 1.6725e-03, 1.4003e-03, 1.3379e-03, 9.1717e-04,
        1.7656e-03, 1.2471e-03, 8.6662e-04, 1.3428e-03, 1.1763e-03, 2.5070e-03,
        1.5706e-03, 4.7145e-04, 1.4661e-03, 5.9055e-04, 2.3031e-03, 1.5689e-03,
        1.7641e-03, 1.4970e-03, 2.3682e-03, 1.7053e-03, 1.9596e-03, 1.5259e-03,
        2.6336e-03, 1.2028e-03, 1.7374e-03, 2.0231e-03, 1.7901e-03, 2.3889e-03,
        1.5195e-03, 1.7271e-03, 1.9704e-03, 1.5700e-03, 1.1014e-03, 1.3757e-03,
        1.0691e-03, 7.8755e-04, 9.2694e-04, 8.5814e-04, 1.4158e-03, 6.8112e-04,
        8.2627e-04, 6.0330e-04, 1.3398e-03, 1.5011e-03, 9.4106e-04, 1.0559e-03,
        1.2170e-03, 2.3501e-03, 1.1711e-03, 9.3675e-04, 1.0739e-03, 1.4664e-03,
        1.2773e-03, 1.4387e-03, 1.0025e-03, 1.5214e-03, 8.5440e-04, 2.2252e-03,
        1.3864e-03, 1.0241e-03, 1.5296e-03, 1.3503e-03, 1.1067e-03, 1.0186e-03,
        6.8250e-04, 1.4720e-03, 8.4484e-04, 1.5552e-03, 4.6565e-04, 1.5104e-03,
        6.7030e-04, 1.8731e-03, 9.9223e-04, 2.7550e-03, 7.1293e-04, 1.6899e-03,
        8.9653e-04, 1.4018e-03, 1.5323e-03, 8.8770e-04, 1.2421e-03],
       grad_fn=<CatBackward>)

mean_overall=tensor(0.0019, grad_fn=<MeanBackward0>)

-----------------------------------------------ITERATION290-----------------------------------------------

final_causality=[[1, 1, 1, 1, 1, 1, 1, 1, 1, 1, 1, 1, 1], [1, 1, 1, 1, 1, 1, 1, 1, 1, 1, 1, 1, 1, 1, 1, 1, 1, 1, 1, 1, 1, 1, 1, 1, 1, 1, 1, 1, 1, 1, 1, 1, 1, 1, 1, 1, 1, 1, 1, 1, 1, 1, 1, 1, 1, 1, 1, 1, 1, 1], [1, 1, 1, 1, 1, 1, 1, 1, 1, 1, 1, 1, 1, 1, 1, 1, 1, 1, 1, 1, 1, 1, 1, 1, 1, 1, 1, 1, 1, 1, 1, 1, 1, 1, 1, 1, 1, 1, 1, 1, 1, 1, 1, 1, 1, 1, 1, 1, 1, 1]]

means=tensor([1.4425e-02, 0.0000e+00, 0.0000e+00, 3.0977e-02, 5.6186e-03, 9.9909e-05,
        7.2572e-04, 2.5065e-03, 0.0000e+00, 0.0000e+00, 0.0000e+00, 2.1803e-03,
        2.2255e-02, 7.7743e-05, 2.1447e-03, 1.3104e-03, 1.5570e-03, 1.6225e-03,
        9.7511e-04, 6.9488e-04, 1.0882e-03, 1.4172e-03, 1.6302e-04, 1.4617e-03,
        1.8445e-03, 1.7016e-03, 2.1336e-03, 6.0481e-04, 1.5637e-03, 1.7793e-03,
        2.6141e-04, 1.3620e-03, 1.6776e-03, 1.4177e-03, 1.3393e-03, 9.4026e-04,
        1.7624e-03, 1.2474e-03, 8.7066e-04, 1.3327e-03, 1.2027e-03, 2.5132e-03,
        1.5729e-03, 4.8478e-04, 1.4634e-03, 5.7684e-04, 2.3169e-03, 1.5632e-03,
        1.7626e-03, 1.5123e-03, 2.3818e-03, 1.7296e-03, 1.9636e-03, 1.5284e-03,
        2.6393e-03, 1.2133e-03, 1.7273e-03, 2.0384e-03, 1.7899e-03, 2.3959e-03,
        1.5243e-03, 1.7420e-03, 1.9793e-03, 1.5709e-03, 1.1057e-03, 1.3769e-03,
        1.0720e-03, 7.8657e-04, 9.3037e-04, 8.6072e-04, 1.4182e-03, 6.8216e-04,
        8.2799e-04, 6.0435e-04, 1.3383e-03, 1.5000e-03, 9.4264e-04, 1.0571e-03,
        1.2152e-03, 2.3455e-03, 1.1686e-03, 9.3737e-04, 1.0750e-03, 1.4658e-03,
        1.2795e-03, 1.4388e-03, 1.0003e-03, 1.5211e-03, 8.5486e-04, 2.2205e-03,
        1.3868e-03, 1.0270e-03, 1.5269e-03, 1.3482e-03, 1.1084e-03, 1.0200e-03,
        6.8379e-04, 1.4725e-03, 8.4553e-04, 1.5555e-03, 4.7036e-04, 1.5114e-03,
        6.7257e-04, 1.8710e-03, 9.9395e-04, 2.7522e-03, 7.1543e-04, 1.6892e-03,
        8.9989e-04, 1.4013e-03, 1.5308e-03, 8.8964e-04, 1.2430e-03],
       grad_fn=<CatBackward>)

mean_overall=tensor(0.0019, grad_fn=<MeanBackward0>)

-----------------------------------------------ITERATION300-----------------------------------------------

final_causality=[[1, 1, 1, 1, 1, 1, 1, 1, 1, 1, 1, 1, 1], [1, 1, 1, 1, 1, 1, 1, 1, 1, 1, 1, 1, 1, 1, 1, 1, 1, 1, 1, 1, 1, 1, 1, 1, 1, 1, 1, 1, 1, 1, 1, 1, 1, 1, 1, 1, 1, 1, 1, 1, 1, 1, 1, 1, 1, 1, 1, 1, 1, 1], [1, 1, 1, 1, 1, 1, 1, 1, 1, 1, 1, 1, 1, 1, 1, 1, 1, 1, 1, 1, 1, 1, 1, 1, 1, 1, 1, 1, 1, 1, 1, 1, 1, 1, 1, 1, 1, 1, 1, 1, 1, 1, 1, 1, 1, 1, 1, 1, 1, 1]]

means=tensor([1.4332e-02, 0.0000e+00, 0.0000e+00, 3.1121e-02, 5.7856e-03, 5.9219e-04,
        7.2953e-04, 2.5841e-03, 0.0000e+00, 0.0000e+00, 0.0000e+00, 2.1131e-03,
        2.2425e-02, 7.1406e-05, 2.1727e-03, 1.3192e-03, 1.5620e-03, 1.6193e-03,
        9.6239e-04, 6.9141e-04, 1.0806e-03, 1.4427e-03, 1.6291e-04, 1.4745e-03,
        1.8437e-03, 1.6929e-03, 2.1297e-03, 6.1981e-04, 1.5583e-03, 1.7710e-03,
        2.6473e-04, 1.3799e-03, 1.6801e-03, 1.4336e-03, 1.3404e-03, 9.6228e-04,
        1.7594e-03, 1.2480e-03, 8.7598e-04, 1.3236e-03, 1.2284e-03, 2.5193e-03,
        1.5760e-03, 4.9821e-04, 1.4620e-03, 5.6578e-04, 2.3308e-03, 1.5582e-03,
        1.7614e-03, 1.5276e-03, 2.3939e-03, 1.7524e-03, 1.9663e-03, 1.5306e-03,
        2.6450e-03, 1.2224e-03, 1.7168e-03, 2.0526e-03, 1.7903e-03, 2.4021e-03,
        1.5299e-03, 1.7575e-03, 1.9869e-03, 1.5716e-03, 1.1094e-03, 1.3779e-03,
        1.0745e-03, 7.8599e-04, 9.3354e-04, 8.6327e-04, 1.4225e-03, 6.8350e-04,
        8.2971e-04, 6.0540e-04, 1.3372e-03, 1.4992e-03, 9.4426e-04, 1.0584e-03,
        1.2138e-03, 2.3410e-03, 1.1665e-03, 9.3788e-04, 1.0761e-03, 1.4654e-03,
        1.2810e-03, 1.4392e-03, 9.9854e-04, 1.5208e-03, 8.5568e-04, 2.2162e-03,
        1.3872e-03, 1.0296e-03, 1.5247e-03, 1.3465e-03, 1.1104e-03, 1.0213e-03,
        6.8540e-04, 1.4723e-03, 8.4633e-04, 1.5559e-03, 4.7467e-04, 1.5128e-03,
        6.7515e-04, 1.8694e-03, 9.9609e-04, 2.7490e-03, 7.1788e-04, 1.6885e-03,
        9.0304e-04, 1.4014e-03, 1.5295e-03, 8.9183e-04, 1.2441e-03],
       grad_fn=<CatBackward>)

mean_overall=tensor(0.0019, grad_fn=<MeanBackward0>)

-----------------------------------------------ITERATION310-----------------------------------------------

final_causality=[[1, 1, 1, 1, 1, 1, 1, 1, 1, 1, 1, 1, 1], [1, 1, 1, 1, 1, 1, 1, 1, 1, 1, 1, 1, 1, 1, 1, 1, 1, 1, 1, 1, 1, 1, 1, 1, 1, 1, 1, 1, 1, 1, 1, 1, 1, 1, 1, 1, 1, 1, 1, 1, 1, 1, 1, 1, 1, 1, 1, 1, 1, 1], [1, 1, 1, 1, 1, 1, 1, 1, 1, 1, 1, 1, 1, 1, 1, 1, 1, 1, 1, 1, 1, 1, 1, 1, 1, 1, 1, 1, 1, 1, 1, 1, 1, 1, 1, 1, 1, 1, 1, 1, 1, 1, 1, 1, 1, 1, 1, 1, 1, 1]]

means=tensor([1.4246e-02, 2.7756e-17, 2.7756e-17, 3.1237e-02, 5.9520e-03, 1.0858e-03,
        7.2643e-04, 2.6606e-03, 2.7756e-17, 2.7756e-17, 2.7756e-17, 2.0475e-03,
        2.2600e-02, 6.5676e-05, 2.1994e-03, 1.3269e-03, 1.5670e-03, 1.6158e-03,
        9.5020e-04, 6.8896e-04, 1.0738e-03, 1.4663e-03, 1.6339e-04, 1.4866e-03,
        1.8432e-03, 1.6841e-03, 2.1268e-03, 6.3345e-04, 1.5530e-03, 1.7630e-03,
        2.6941e-04, 1.3961e-03, 1.6802e-03, 1.4481e-03, 1.3411e-03, 9.8330e-04,
        1.7565e-03, 1.2490e-03, 8.8255e-04, 1.3152e-03, 1.2533e-03, 2.5257e-03,
        1.5797e-03, 5.1168e-04, 1.4617e-03, 5.5711e-04, 2.3447e-03, 1.5539e-03,
        1.7607e-03, 1.5431e-03, 2.4048e-03, 1.7737e-03, 1.9681e-03, 1.5327e-03,
        2.6506e-03, 1.2303e-03, 1.7060e-03, 2.0656e-03, 1.7912e-03, 2.4079e-03,
        1.5363e-03, 1.7737e-03, 1.9933e-03, 1.5722e-03, 1.1125e-03, 1.3787e-03,
        1.0765e-03, 7.8578e-04, 9.3649e-04, 8.6581e-04, 1.4260e-03, 6.8511e-04,
        8.3144e-04, 6.0646e-04, 1.3363e-03, 1.4985e-03, 9.4594e-04, 1.0596e-03,
        1.2127e-03, 2.3364e-03, 1.1649e-03, 9.3830e-04, 1.0770e-03, 1.4651e-03,
        1.2820e-03, 1.4399e-03, 9.9723e-04, 1.5206e-03, 8.5682e-04, 2.2123e-03,
        1.3876e-03, 1.0321e-03, 1.5229e-03, 1.3450e-03, 1.1125e-03, 1.0227e-03,
        6.8730e-04, 1.4713e-03, 8.4723e-04, 1.5563e-03, 4.7864e-04, 1.5144e-03,
        6.7799e-04, 1.8683e-03, 9.9861e-04, 2.7454e-03, 7.2028e-04, 1.6877e-03,
        9.0599e-04, 1.4020e-03, 1.5285e-03, 8.9423e-04, 1.2456e-03],
       grad_fn=<CatBackward>)

mean_overall=tensor(0.0019, grad_fn=<MeanBackward0>)

-----------------------------------------------ITERATION320-----------------------------------------------

final_causality=[[1, 1, 1, 1, 1, 1, 1, 1, 1, 1, 1, 1, 1], [1, 1, 1, 1, 1, 1, 1, 1, 1, 1, 1, 1, 1, 1, 1, 1, 1, 1, 1, 1, 1, 1, 1, 1, 1, 1, 1, 1, 1, 1, 1, 1, 1, 1, 1, 1, 1, 1, 1, 1, 1, 1, 1, 1, 1, 1, 1, 1, 1, 1], [1, 1, 1, 1, 1, 1, 1, 1, 1, 1, 1, 1, 1, 1, 1, 1, 1, 1, 1, 1, 1, 1, 1, 1, 1, 1, 1, 1, 1, 1, 1, 1, 1, 1, 1, 1, 1, 1, 1, 1, 1, 1, 1, 1, 1, 1, 1, 1, 1, 1]]

means=tensor([1.4167e-02, 0.0000e+00, 0.0000e+00, 3.1326e-02, 6.1173e-03, 1.5446e-03,
        7.1523e-04, 2.7358e-03, 0.0000e+00, 0.0000e+00, 0.0000e+00, 1.9833e-03,
        2.2780e-02, 6.0554e-05, 2.2248e-03, 1.3339e-03, 1.5721e-03, 1.6121e-03,
        9.3842e-04, 6.8729e-04, 1.0674e-03, 1.4882e-03, 1.6444e-04, 1.4978e-03,
        1.8427e-03, 1.6752e-03, 2.1248e-03, 6.4567e-04, 1.5479e-03, 1.7552e-03,
        2.7517e-04, 1.4105e-03, 1.6782e-03, 1.4610e-03, 1.3414e-03, 1.0034e-03,
        1.7543e-03, 1.2502e-03, 8.9006e-04, 1.3074e-03, 1.2778e-03, 2.5321e-03,
        1.5837e-03, 5.2512e-04, 1.4622e-03, 5.5060e-04, 2.3586e-03, 1.5502e-03,
        1.7605e-03, 1.5585e-03, 2.4145e-03, 1.7931e-03, 1.9691e-03, 1.5344e-03,
        2.6559e-03, 1.2371e-03, 1.6951e-03, 2.0774e-03, 1.7923e-03, 2.4135e-03,
        1.5433e-03, 1.7903e-03, 1.9985e-03, 1.5726e-03, 1.1152e-03, 1.3793e-03,
        1.0783e-03, 7.8586e-04, 9.3927e-04, 8.6829e-04, 1.4290e-03, 6.8697e-04,
        8.3312e-04, 6.0741e-04, 1.3376e-03, 1.4980e-03, 9.4758e-04, 1.0609e-03,
        1.2119e-03, 2.3319e-03, 1.1637e-03, 9.3861e-04, 1.0779e-03, 1.4650e-03,
        1.2827e-03, 1.4409e-03, 9.9627e-04, 1.5204e-03, 8.5825e-04, 2.2088e-03,
        1.3881e-03, 1.0344e-03, 1.5214e-03, 1.3438e-03, 1.1149e-03, 1.0240e-03,
        6.8945e-04, 1.4699e-03, 8.4816e-04, 1.5568e-03, 4.8222e-04, 1.5164e-03,
        6.8110e-04, 1.8677e-03, 1.0015e-03, 2.7418e-03, 7.2261e-04, 1.6870e-03,
        9.0878e-04, 1.4031e-03, 1.5277e-03, 8.9686e-04, 1.2473e-03],
       grad_fn=<CatBackward>)

mean_overall=tensor(0.0019, grad_fn=<MeanBackward0>)

-----------------------------------------------ITERATION330-----------------------------------------------

final_causality=[[1, 1, 1, 1, 1, 1, 1, 1, 1, 1, 1, 1, 1], [1, 1, 1, 1, 1, 1, 1, 1, 1, 1, 1, 1, 1, 1, 1, 1, 1, 1, 1, 1, 1, 1, 1, 1, 1, 1, 1, 1, 1, 1, 1, 1, 1, 1, 1, 1, 1, 1, 1, 1, 1, 1, 1, 1, 1, 1, 1, 1, 1, 1], [1, 1, 1, 1, 1, 1, 1, 1, 1, 1, 1, 1, 1, 1, 1, 1, 1, 1, 1, 1, 1, 1, 1, 1, 1, 1, 1, 1, 1, 1, 1, 1, 1, 1, 1, 1, 1, 1, 1, 1, 1, 1, 1, 1, 1, 1, 1, 1, 1, 1]]

means=tensor([1.4094e-02, 0.0000e+00, 0.0000e+00, 3.1385e-02, 6.2808e-03, 1.9721e-03,
        6.9634e-04, 2.8097e-03, 0.0000e+00, 0.0000e+00, 0.0000e+00, 1.9192e-03,
        2.2960e-02, 5.5905e-05, 2.2489e-03, 1.3399e-03, 1.5770e-03, 1.6081e-03,
        9.2683e-04, 6.8630e-04, 1.0614e-03, 1.5082e-03, 1.6593e-04, 1.5079e-03,
        1.8421e-03, 1.6661e-03, 2.1234e-03, 6.5649e-04, 1.5426e-03, 1.7474e-03,
        2.8188e-04, 1.4232e-03, 1.6740e-03, 1.4725e-03, 1.3412e-03, 1.0225e-03,
        1.7569e-03, 1.2514e-03, 8.9841e-04, 1.2999e-03, 1.3018e-03, 2.5384e-03,
        1.5880e-03, 5.4237e-04, 1.4634e-03, 5.4586e-04, 2.3723e-03, 1.5468e-03,
        1.7605e-03, 1.5737e-03, 2.4228e-03, 1.8107e-03, 1.9691e-03, 1.5357e-03,
        2.6606e-03, 1.2427e-03, 1.6838e-03, 2.0884e-03, 1.7935e-03, 2.4186e-03,
        1.5507e-03, 1.8071e-03, 2.0025e-03, 1.5728e-03, 1.1174e-03, 1.3797e-03,
        1.0796e-03, 7.8609e-04, 9.4171e-04, 8.7059e-04, 1.4312e-03, 6.8889e-04,
        8.3465e-04, 6.0823e-04, 1.3397e-03, 1.4975e-03, 9.4909e-04, 1.0620e-03,
        1.2113e-03, 2.3273e-03, 1.1627e-03, 9.3872e-04, 1.0786e-03, 1.4648e-03,
        1.2830e-03, 1.4419e-03, 9.9547e-04, 1.5202e-03, 8.5979e-04, 2.2055e-03,
        1.3885e-03, 1.0364e-03, 1.5201e-03, 1.3427e-03, 1.1173e-03, 1.0252e-03,
        6.9168e-04, 1.4678e-03, 8.4902e-04, 1.5572e-03, 4.8538e-04, 1.5184e-03,
        6.8424e-04, 1.8672e-03, 1.0045e-03, 2.7379e-03, 7.2476e-04, 1.6861e-03,
        9.1124e-04, 1.4044e-03, 1.5270e-03, 8.9947e-04, 1.2491e-03],
       grad_fn=<CatBackward>)

mean_overall=tensor(0.0019, grad_fn=<MeanBackward0>)

-----------------------------------------------ITERATION340-----------------------------------------------

final_causality=[[1, 1, 1, 1, 1, 1, 1, 1, 1, 1, 1, 1, 1], [1, 1, 1, 1, 1, 1, 1, 1, 1, 1, 1, 1, 1, 1, 1, 1, 1, 1, 1, 1, 1, 1, 1, 1, 1, 1, 1, 1, 1, 1, 1, 1, 1, 1, 1, 1, 1, 1, 1, 1, 1, 1, 1, 1, 1, 1, 1, 1, 1, 1], [1, 1, 1, 1, 1, 1, 1, 1, 1, 1, 1, 1, 1, 1, 1, 1, 1, 1, 1, 1, 1, 1, 1, 1, 1, 1, 1, 1, 1, 1, 1, 1, 1, 1, 1, 1, 1, 1, 1, 1, 1, 1, 1, 1, 1, 1, 1, 1, 1, 1]]

means=tensor([1.4026e-02, 2.7756e-17, 0.0000e+00, 3.1416e-02, 6.4424e-03, 2.3708e-03,
        6.7002e-04, 2.8822e-03, 2.7756e-17, 2.7756e-17, 2.7756e-17, 1.8552e-03,
        2.3139e-02, 5.1660e-05, 2.2714e-03, 1.3448e-03, 1.5817e-03, 1.6038e-03,
        9.1532e-04, 6.8590e-04, 1.0558e-03, 1.5265e-03, 1.6776e-04, 1.5171e-03,
        1.8413e-03, 1.6569e-03, 2.1225e-03, 6.6598e-04, 1.5371e-03, 1.7396e-03,
        2.8943e-04, 1.4343e-03, 1.6678e-03, 1.4826e-03, 1.3405e-03, 1.0406e-03,
        1.7587e-03, 1.2525e-03, 9.0749e-04, 1.2927e-03, 1.3248e-03, 2.5446e-03,
        1.5923e-03, 5.6035e-04, 1.4652e-03, 5.4264e-04, 2.3859e-03, 1.5437e-03,
        1.7606e-03, 1.5887e-03, 2.4298e-03, 1.8265e-03, 1.9681e-03, 1.5366e-03,
        2.6648e-03, 1.2471e-03, 1.6722e-03, 2.0983e-03, 1.7946e-03, 2.4234e-03,
        1.5583e-03, 1.8240e-03, 2.0053e-03, 1.5727e-03, 1.1191e-03, 1.3797e-03,
        1.0804e-03, 7.8639e-04, 9.4378e-04, 8.7265e-04, 1.4327e-03, 6.9078e-04,
        8.3598e-04, 6.0888e-04, 1.3411e-03, 1.4969e-03, 9.5040e-04, 1.0633e-03,
        1.2106e-03, 2.3224e-03, 1.1618e-03, 9.3860e-04, 1.0790e-03, 1.4645e-03,
        1.2828e-03, 1.4428e-03, 9.9475e-04, 1.5198e-03, 8.6132e-04, 2.2022e-03,
        1.3887e-03, 1.0380e-03, 1.5188e-03, 1.3416e-03, 1.1196e-03, 1.0262e-03,
        6.9390e-04, 1.4651e-03, 8.4975e-04, 1.5575e-03, 4.8813e-04, 1.5204e-03,
        6.8730e-04, 1.8668e-03, 1.0076e-03, 2.7337e-03, 7.2668e-04, 1.6850e-03,
        9.1331e-04, 1.4057e-03, 1.5263e-03, 9.0196e-04, 1.2508e-03],
       grad_fn=<CatBackward>)

mean_overall=tensor(0.0019, grad_fn=<MeanBackward0>)

-----------------------------------------------ITERATION350-----------------------------------------------

final_causality=[[1, 1, 1, 1, 1, 1, 1, 1, 1, 1, 1, 1, 1], [1, 1, 1, 1, 1, 1, 1, 1, 1, 1, 1, 1, 1, 1, 1, 1, 1, 1, 1, 1, 1, 1, 1, 1, 1, 1, 1, 1, 1, 1, 1, 1, 1, 1, 1, 1, 1, 1, 1, 1, 1, 1, 1, 1, 1, 1, 1, 1, 1, 1], [1, 1, 1, 1, 1, 1, 1, 1, 1, 1, 1, 1, 1, 1, 1, 1, 1, 1, 1, 1, 1, 1, 1, 1, 1, 1, 1, 1, 1, 1, 1, 1, 1, 1, 1, 1, 1, 1, 1, 1, 1, 1, 1, 1, 1, 1, 1, 1, 1, 1]]

means=tensor([1.3964e-02, 2.7756e-17, 2.7756e-17, 3.1423e-02, 6.6016e-03, 2.7423e-03,
        6.3973e-04, 2.9533e-03, 2.7756e-17, 0.0000e+00, 2.7756e-17, 1.7934e-03,
        2.3316e-02, 4.7878e-05, 2.2930e-03, 1.3489e-03, 1.5862e-03, 1.5990e-03,
        9.0393e-04, 6.8602e-04, 1.0506e-03, 1.5429e-03, 1.6983e-04, 1.5254e-03,
        1.8403e-03, 1.6475e-03, 2.1220e-03, 6.7416e-04, 1.5315e-03, 1.7317e-03,
        2.9759e-04, 1.4441e-03, 1.6598e-03, 1.4916e-03, 1.3396e-03, 1.0579e-03,
        1.7597e-03, 1.2535e-03, 9.1710e-04, 1.2858e-03, 1.3468e-03, 2.5505e-03,
        1.5968e-03, 5.7764e-04, 1.4673e-03, 5.4077e-04, 2.3995e-03, 1.5406e-03,
        1.7609e-03, 1.6033e-03, 2.4360e-03, 1.8411e-03, 1.9663e-03, 1.5371e-03,
        2.6685e-03, 1.2505e-03, 1.6605e-03, 2.1074e-03, 1.7959e-03, 2.4276e-03,
        1.5661e-03, 1.8408e-03, 2.0070e-03, 1.5724e-03, 1.1203e-03, 1.3796e-03,
        1.0809e-03, 7.8671e-04, 9.4560e-04, 8.7450e-04, 1.4337e-03, 6.9260e-04,
        8.3715e-04, 6.0935e-04, 1.3422e-03, 1.4962e-03, 9.5154e-04, 1.0652e-03,
        1.2099e-03, 2.3174e-03, 1.1610e-03, 9.3834e-04, 1.0793e-03, 1.4641e-03,
        1.2824e-03, 1.4438e-03, 9.9408e-04, 1.5193e-03, 8.6284e-04, 2.1990e-03,
        1.3888e-03, 1.0395e-03, 1.5176e-03, 1.3405e-03, 1.1219e-03, 1.0271e-03,
        6.9608e-04, 1.4621e-03, 8.5041e-04, 1.5576e-03, 4.9051e-04, 1.5224e-03,
        6.9029e-04, 1.8665e-03, 1.0107e-03, 2.7294e-03, 7.2848e-04, 1.6838e-03,
        9.1516e-04, 1.4072e-03, 1.5255e-03, 9.0440e-04, 1.2525e-03],
       grad_fn=<CatBackward>)

mean_overall=tensor(0.0019, grad_fn=<MeanBackward0>)

-----------------------------------------------ITERATION360-----------------------------------------------

final_causality=[[1, 1, 1, 1, 1, 1, 1, 1, 1, 1, 1, 1, 1], [1, 1, 1, 1, 1, 1, 1, 1, 1, 1, 1, 1, 1, 1, 1, 1, 1, 1, 1, 1, 1, 1, 1, 1, 1, 1, 1, 1, 1, 1, 1, 1, 1, 1, 1, 1, 1, 1, 1, 1, 1, 1, 1, 1, 1, 1, 1, 1, 1, 1], [1, 1, 1, 1, 1, 1, 1, 1, 1, 1, 1, 1, 1, 1, 1, 1, 1, 1, 1, 1, 1, 1, 1, 1, 1, 1, 1, 1, 1, 1, 1, 1, 1, 1, 1, 1, 1, 1, 1, 1, 1, 1, 1, 1, 1, 1, 1, 1, 1, 1]]

means=tensor([1.3909e-02, 2.7756e-17, 2.7756e-17, 3.1407e-02, 6.7581e-03, 3.0878e-03,
        6.0922e-04, 3.0233e-03, 2.7756e-17, 2.7756e-17, 2.7756e-17, 1.7320e-03,
        2.3491e-02, 4.4472e-05, 2.3136e-03, 1.3519e-03, 1.5904e-03, 1.5939e-03,
        8.9262e-04, 6.8672e-04, 1.0459e-03, 1.5576e-03, 1.7215e-04, 1.5332e-03,
        1.8392e-03, 1.6379e-03, 2.1220e-03, 6.8116e-04, 1.5256e-03, 1.7237e-03,
        3.0625e-04, 1.4529e-03, 1.6504e-03, 1.4997e-03, 1.3387e-03, 1.0744e-03,
        1.7602e-03, 1.2544e-03, 9.2731e-04, 1.2791e-03, 1.3677e-03, 2.5561e-03,
        1.6016e-03, 5.9848e-04, 1.4699e-03, 5.3997e-04, 2.4130e-03, 1.5376e-03,
        1.7614e-03, 1.6176e-03, 2.4415e-03, 1.8549e-03, 1.9635e-03, 1.5373e-03,
        2.6719e-03, 1.2531e-03, 1.6488e-03, 2.1159e-03, 1.7977e-03, 2.4311e-03,
        1.5741e-03, 1.8576e-03, 2.0077e-03, 1.5718e-03, 1.1213e-03, 1.3794e-03,
        1.0812e-03, 7.8700e-04, 9.4715e-04, 8.7613e-04, 1.4342e-03, 6.9427e-04,
        8.3817e-04, 6.0971e-04, 1.3428e-03, 1.4956e-03, 9.5254e-04, 1.0667e-03,
        1.2091e-03, 2.3124e-03, 1.1601e-03, 9.3794e-04, 1.0794e-03, 1.4637e-03,
        1.2817e-03, 1.4446e-03, 9.9338e-04, 1.5187e-03, 8.6425e-04, 2.1958e-03,
        1.3889e-03, 1.0406e-03, 1.5163e-03, 1.3393e-03, 1.1240e-03, 1.0278e-03,
        6.9813e-04, 1.4589e-03, 8.5100e-04, 1.5577e-03, 4.9258e-04, 1.5243e-03,
        6.9307e-04, 1.8661e-03, 1.0136e-03, 2.7250e-03, 7.3031e-04, 1.6826e-03,
        9.1677e-04, 1.4087e-03, 1.5247e-03, 9.0665e-04, 1.2541e-03],
       grad_fn=<CatBackward>)

mean_overall=tensor(0.0020, grad_fn=<MeanBackward0>)

-----------------------------------------------ITERATION370-----------------------------------------------

final_causality=[[1, 1, 1, 1, 1, 1, 1, 1, 1, 1, 1, 1, 1], [1, 1, 1, 1, 1, 1, 1, 1, 1, 1, 1, 1, 1, 1, 1, 1, 1, 1, 1, 1, 1, 1, 1, 1, 1, 1, 1, 1, 1, 1, 1, 1, 1, 1, 1, 1, 1, 1, 1, 1, 1, 1, 1, 1, 1, 1, 1, 1, 1, 1], [1, 1, 1, 1, 1, 1, 1, 1, 1, 1, 1, 1, 1, 1, 1, 1, 1, 1, 1, 1, 1, 1, 1, 1, 1, 1, 1, 1, 1, 1, 1, 1, 1, 1, 1, 1, 1, 1, 1, 1, 1, 1, 1, 1, 1, 1, 1, 1, 1, 1]]

means=tensor([1.3861e-02, 0.0000e+00, 0.0000e+00, 3.1374e-02, 6.9126e-03, 3.4100e-03,
        5.7318e-04, 3.0920e-03, 0.0000e+00, 0.0000e+00, 0.0000e+00, 1.6730e-03,
        2.3666e-02, 4.1555e-05, 2.3334e-03, 1.3544e-03, 1.5946e-03, 1.5887e-03,
        8.8159e-04, 6.8779e-04, 1.0416e-03, 1.5710e-03, 1.7498e-04, 1.5402e-03,
        1.8380e-03, 1.6285e-03, 2.1224e-03, 6.8703e-04, 1.5198e-03, 1.7157e-03,
        3.1527e-04, 1.4606e-03, 1.6399e-03, 1.5069e-03, 1.3374e-03, 1.0902e-03,
        1.7600e-03, 1.2554e-03, 9.3785e-04, 1.2726e-03, 1.3879e-03, 2.5618e-03,
        1.6064e-03, 6.1999e-04, 1.4728e-03, 5.4045e-04, 2.4262e-03, 1.5348e-03,
        1.7622e-03, 1.6317e-03, 2.4465e-03, 1.8675e-03, 1.9603e-03, 1.5372e-03,
        2.6748e-03, 1.2550e-03, 1.6373e-03, 2.1236e-03, 1.7995e-03, 2.4346e-03,
        1.5823e-03, 1.8744e-03, 2.0078e-03, 1.5714e-03, 1.1220e-03, 1.3793e-03,
        1.0816e-03, 7.8741e-04, 9.4870e-04, 8.7775e-04, 1.4344e-03, 6.9605e-04,
        8.3915e-04, 6.0995e-04, 1.3436e-03, 1.4950e-03, 9.5347e-04, 1.0679e-03,
        1.2086e-03, 2.3076e-03, 1.1595e-03, 9.3750e-04, 1.0796e-03, 1.4634e-03,
        1.2814e-03, 1.4458e-03, 9.9284e-04, 1.5182e-03, 8.6581e-04, 2.1931e-03,
        1.3890e-03, 1.0418e-03, 1.5152e-03, 1.3384e-03, 1.1264e-03, 1.0285e-03,
        7.0030e-04, 1.4559e-03, 8.5160e-04, 1.5578e-03, 4.9439e-04, 1.5265e-03,
        6.9602e-04, 1.8660e-03, 1.0168e-03, 2.7210e-03, 7.3207e-04, 1.6815e-03,
        9.1841e-04, 1.4105e-03, 1.5242e-03, 9.0909e-04, 1.2559e-03],
       grad_fn=<CatBackward>)

mean_overall=tensor(0.0020, grad_fn=<MeanBackward0>)

-----------------------------------------------ITERATION380-----------------------------------------------

final_causality=[[1, 1, 1, 1, 1, 1, 1, 1, 1, 1, 1, 1, 1], [1, 1, 1, 1, 1, 1, 1, 1, 1, 1, 1, 1, 1, 1, 1, 1, 1, 1, 1, 1, 1, 1, 1, 1, 1, 1, 1, 1, 1, 1, 1, 1, 1, 1, 1, 1, 1, 1, 1, 1, 1, 1, 1, 1, 1, 1, 1, 1, 1, 1], [1, 1, 1, 1, 1, 1, 1, 1, 1, 1, 1, 1, 1, 1, 1, 1, 1, 1, 1, 1, 1, 1, 1, 1, 1, 1, 1, 1, 1, 1, 1, 1, 1, 1, 1, 1, 1, 1, 1, 1, 1, 1, 1, 1, 1, 1, 1, 1, 1, 1]]

means=tensor([1.3819e-02, 0.0000e+00, 0.0000e+00, 3.1323e-02, 7.0651e-03, 3.7104e-03,
        5.3203e-04, 3.1598e-03, 0.0000e+00, 0.0000e+00, 0.0000e+00, 1.6141e-03,
        2.3839e-02, 3.8911e-05, 2.3519e-03, 1.3563e-03, 1.5988e-03, 1.5834e-03,
        8.7071e-04, 6.8936e-04, 1.0378e-03, 1.5861e-03, 1.7795e-04, 1.5464e-03,
        1.8367e-03, 1.6192e-03, 2.1234e-03, 6.9197e-04, 1.5140e-03, 1.7079e-03,
        3.2482e-04, 1.4673e-03, 1.6282e-03, 1.5133e-03, 1.3360e-03, 1.1053e-03,
        1.7593e-03, 1.2563e-03, 9.4892e-04, 1.2664e-03, 1.4072e-03, 2.5675e-03,
        1.6113e-03, 6.4153e-04, 1.4761e-03, 5.4189e-04, 2.4393e-03, 1.5322e-03,
        1.7633e-03, 1.6454e-03, 2.4506e-03, 1.8788e-03, 1.9566e-03, 1.5370e-03,
        2.6774e-03, 1.2561e-03, 1.6259e-03, 2.1306e-03, 1.8014e-03, 2.4381e-03,
        1.5908e-03, 1.8911e-03, 2.0071e-03, 1.5708e-03, 1.1224e-03, 1.3791e-03,
        1.0819e-03, 7.8786e-04, 9.5012e-04, 8.7929e-04, 1.4341e-03, 6.9780e-04,
        8.4005e-04, 6.1014e-04, 1.3441e-03, 1.4945e-03, 9.5435e-04, 1.0688e-03,
        1.2081e-03, 2.3028e-03, 1.1589e-03, 9.3697e-04, 1.0797e-03, 1.4631e-03,
        1.2809e-03, 1.4469e-03, 9.9235e-04, 1.5177e-03, 8.6748e-04, 2.1904e-03,
        1.3891e-03, 1.0428e-03, 1.5142e-03, 1.3374e-03, 1.1288e-03, 1.0291e-03,
        7.0244e-04, 1.4527e-03, 8.5217e-04, 1.5580e-03, 4.9599e-04, 1.5287e-03,
        6.9891e-04, 1.8660e-03, 1.0199e-03, 2.7171e-03, 7.3380e-04, 1.6804e-03,
        9.1989e-04, 1.4123e-03, 1.5237e-03, 9.1143e-04, 1.2578e-03],
       grad_fn=<CatBackward>)

mean_overall=tensor(0.0020, grad_fn=<MeanBackward0>)

-----------------------------------------------ITERATION390-----------------------------------------------

final_causality=[[1, 1, 1, 1, 1, 1, 1, 1, 1, 1, 1, 1, 1], [1, 1, 1, 1, 1, 1, 1, 1, 1, 1, 1, 1, 1, 1, 1, 1, 1, 1, 1, 1, 1, 1, 1, 1, 1, 1, 1, 1, 1, 1, 1, 1, 1, 1, 1, 1, 1, 1, 1, 1, 1, 1, 1, 1, 1, 1, 1, 1, 1, 1], [1, 1, 1, 1, 1, 1, 1, 1, 1, 1, 1, 1, 1, 1, 1, 1, 1, 1, 1, 1, 1, 1, 1, 1, 1, 1, 1, 1, 1, 1, 1, 1, 1, 1, 1, 1, 1, 1, 1, 1, 1, 1, 1, 1, 1, 1, 1, 1, 1, 1]]

means=tensor([1.3784e-02, 2.7756e-17, 0.0000e+00, 3.1253e-02, 7.2159e-03, 3.9900e-03,
        4.8638e-04, 3.2268e-03, 2.7756e-17, 2.7756e-17, 2.7756e-17, 1.5544e-03,
        2.4010e-02, 3.6415e-05, 2.3690e-03, 1.3576e-03, 1.6028e-03, 1.5781e-03,
        8.5989e-04, 6.9151e-04, 1.0345e-03, 1.6038e-03, 1.8097e-04, 1.5520e-03,
        1.8355e-03, 1.6100e-03, 2.1252e-03, 6.9614e-04, 1.5082e-03, 1.7005e-03,
        3.3495e-04, 1.4732e-03, 1.6155e-03, 1.5188e-03, 1.3346e-03, 1.1195e-03,
        1.7582e-03, 1.2572e-03, 9.6058e-04, 1.2605e-03, 1.4257e-03, 2.5732e-03,
        1.6164e-03, 6.6304e-04, 1.4799e-03, 5.4403e-04, 2.4524e-03, 1.5298e-03,
        1.7645e-03, 1.6591e-03, 2.4539e-03, 1.8889e-03, 1.9523e-03, 1.5367e-03,
        2.6799e-03, 1.2565e-03, 1.6143e-03, 2.1370e-03, 1.8035e-03, 2.4416e-03,
        1.5994e-03, 1.9081e-03, 2.0057e-03, 1.5702e-03, 1.1226e-03, 1.3787e-03,
        1.0818e-03, 7.8829e-04, 9.5132e-04, 8.8074e-04, 1.4335e-03, 6.9941e-04,
        8.4088e-04, 6.1034e-04, 1.3440e-03, 1.4939e-03, 9.5519e-04, 1.0694e-03,
        1.2074e-03, 2.2979e-03, 1.1583e-03, 9.3636e-04, 1.0796e-03, 1.4628e-03,
        1.2800e-03, 1.4478e-03, 9.9183e-04, 1.5171e-03, 8.6908e-04, 2.1876e-03,
        1.3890e-03, 1.0437e-03, 1.5131e-03, 1.3364e-03, 1.1308e-03, 1.0296e-03,
        7.0444e-04, 1.4491e-03, 8.5268e-04, 1.5581e-03, 4.9751e-04, 1.5306e-03,
        7.0158e-04, 1.8659e-03, 1.0229e-03, 2.7130e-03, 7.3522e-04, 1.6792e-03,
        9.2110e-04, 1.4140e-03, 1.5230e-03, 9.1351e-04, 1.2594e-03],
       grad_fn=<CatBackward>)

mean_overall=tensor(0.0020, grad_fn=<MeanBackward0>)

-----------------------------------------------ITERATION400-----------------------------------------------

final_causality=[[1, 1, 1, 1, 1, 1, 1, 1, 1, 1, 1, 1, 1], [1, 1, 1, 1, 1, 1, 1, 1, 1, 1, 1, 1, 1, 1, 1, 1, 1, 1, 1, 1, 1, 1, 1, 1, 1, 1, 1, 1, 1, 1, 1, 1, 1, 1, 1, 1, 1, 1, 1, 1, 1, 1, 1, 1, 1, 1, 1, 1, 1, 1], [1, 1, 1, 1, 1, 1, 1, 1, 1, 1, 1, 1, 1, 1, 1, 1, 1, 1, 1, 1, 1, 1, 1, 1, 1, 1, 1, 1, 1, 1, 1, 1, 1, 1, 1, 1, 1, 1, 1, 1, 1, 1, 1, 1, 1, 1, 1, 1, 1, 1]]

means=tensor([1.3755e-02, 0.0000e+00, 2.7756e-17, 3.1173e-02, 7.3649e-03, 4.2509e-03,
        4.3420e-04, 3.2929e-03, 0.0000e+00, 0.0000e+00, 0.0000e+00, 1.4985e-03,
        2.4180e-02, 3.4314e-05, 2.3853e-03, 1.3586e-03, 1.6070e-03, 1.5728e-03,
        8.4939e-04, 6.9396e-04, 1.0316e-03, 1.6207e-03, 1.8419e-04, 1.5570e-03,
        1.8342e-03, 1.6010e-03, 2.1273e-03, 7.0097e-04, 1.5025e-03, 1.6931e-03,
        3.4542e-04, 1.4783e-03, 1.6021e-03, 1.5236e-03, 1.3331e-03, 1.1332e-03,
        1.7566e-03, 1.2582e-03, 9.7245e-04, 1.2548e-03, 1.4435e-03, 2.5791e-03,
        1.6215e-03, 6.8459e-04, 1.4840e-03, 5.4715e-04, 2.4653e-03, 1.5276e-03,
        1.7662e-03, 1.6724e-03, 2.4568e-03, 1.8979e-03, 1.9477e-03, 1.5363e-03,
        2.6821e-03, 1.2564e-03, 1.6031e-03, 2.1435e-03, 1.8056e-03, 2.4452e-03,
        1.6082e-03, 1.9249e-03, 2.0039e-03, 1.5697e-03, 1.1226e-03, 1.3785e-03,
        1.0820e-03, 7.8882e-04, 9.5263e-04, 8.8226e-04, 1.4328e-03, 7.0114e-04,
        8.4170e-04, 6.1048e-04, 1.3439e-03, 1.4935e-03, 9.5604e-04, 1.0698e-03,
        1.2070e-03, 2.2933e-03, 1.1579e-03, 9.3576e-04, 1.0796e-03, 1.4626e-03,
        1.2794e-03, 1.4490e-03, 9.9144e-04, 1.5167e-03, 8.7079e-04, 2.1851e-03,
        1.3891e-03, 1.0447e-03, 1.5122e-03, 1.3355e-03, 1.1331e-03, 1.0301e-03,
        7.0654e-04, 1.4460e-03, 8.5322e-04, 1.5583e-03, 4.9887e-04, 1.5329e-03,
        7.0442e-04, 1.8661e-03, 1.0261e-03, 2.7093e-03, 7.3671e-04, 1.6782e-03,
        9.2243e-04, 1.4160e-03, 1.5226e-03, 9.1576e-04, 1.2612e-03],
       grad_fn=<CatBackward>)

mean_overall=tensor(0.0020, grad_fn=<MeanBackward0>)

-----------------------------------------------ITERATION410-----------------------------------------------

final_causality=[[1, 1, 1, 1, 1, 1, 1, 1, 1, 1, 1, 1, 1], [1, 1, 1, 1, 1, 1, 1, 1, 1, 1, 1, 1, 1, 1, 1, 1, 1, 1, 1, 1, 1, 1, 1, 1, 1, 1, 1, 1, 1, 1, 1, 1, 1, 1, 1, 1, 1, 1, 1, 1, 1, 1, 1, 1, 1, 1, 1, 1, 1, 1], [1, 1, 1, 1, 1, 1, 1, 1, 1, 1, 1, 1, 1, 1, 1, 1, 1, 1, 1, 1, 1, 1, 1, 1, 1, 1, 1, 1, 1, 1, 1, 1, 1, 1, 1, 1, 1, 1, 1, 1, 1, 1, 1, 1, 1, 1, 1, 1, 1, 1]]

means=tensor([1.3731e-02, 0.0000e+00, 0.0000e+00, 3.1082e-02, 7.5123e-03, 4.4941e-03,
        3.7664e-04, 3.3584e-03, 0.0000e+00, 0.0000e+00, 0.0000e+00, 1.4439e-03,
        2.4348e-02, 3.2482e-05, 2.4006e-03, 1.3658e-03, 1.6111e-03, 1.5677e-03,
        8.3911e-04, 6.9679e-04, 1.0291e-03, 1.6368e-03, 1.8752e-04, 1.5614e-03,
        1.8329e-03, 1.5923e-03, 2.1299e-03, 7.0642e-04, 1.4970e-03, 1.6860e-03,
        3.5627e-04, 1.4828e-03, 1.5882e-03, 1.5277e-03, 1.3315e-03, 1.1463e-03,
        1.7546e-03, 1.2592e-03, 9.8462e-04, 1.2493e-03, 1.4607e-03, 2.5851e-03,
        1.6268e-03, 7.0614e-04, 1.4884e-03, 5.5101e-04, 2.4782e-03, 1.5257e-03,
        1.7681e-03, 1.6855e-03, 2.4592e-03, 1.9060e-03, 1.9429e-03, 1.5359e-03,
        2.6842e-03, 1.2559e-03, 1.5921e-03, 2.1508e-03, 1.8077e-03, 2.4491e-03,
        1.6173e-03, 1.9418e-03, 2.0015e-03, 1.5693e-03, 1.1226e-03, 1.3784e-03,
        1.0822e-03, 7.8939e-04, 9.5395e-04, 8.8380e-04, 1.4318e-03, 7.0288e-04,
        8.4252e-04, 6.1061e-04, 1.3436e-03, 1.4931e-03, 9.5689e-04, 1.0700e-03,
        1.2067e-03, 2.2888e-03, 1.1576e-03, 9.3515e-04, 1.0797e-03, 1.4624e-03,
        1.2790e-03, 1.4503e-03, 9.9110e-04, 1.5164e-03, 8.7248e-04, 2.1829e-03,
        1.3893e-03, 1.0457e-03, 1.5115e-03, 1.3346e-03, 1.1355e-03, 1.0307e-03,
        7.0865e-04, 1.4431e-03, 8.5376e-04, 1.5587e-03, 5.0008e-04, 1.5351e-03,
        7.0726e-04, 1.8665e-03, 1.0293e-03, 2.7059e-03, 7.3817e-04, 1.6773e-03,
        9.2376e-04, 1.4181e-03, 1.5223e-03, 9.1800e-04, 1.2631e-03],
       grad_fn=<CatBackward>)

mean_overall=tensor(0.0020, grad_fn=<MeanBackward0>)

-----------------------------------------------ITERATION420-----------------------------------------------

final_causality=[[1, 1, 1, 1, 1, 1, 1, 1, 1, 1, 1, 1, 1], [1, 1, 1, 1, 1, 1, 1, 1, 1, 1, 1, 1, 1, 1, 1, 1, 1, 1, 1, 1, 1, 1, 1, 1, 1, 1, 1, 1, 1, 1, 1, 1, 1, 1, 1, 1, 1, 1, 1, 1, 1, 1, 1, 1, 1, 1, 1, 1, 1, 1], [1, 1, 1, 1, 1, 1, 1, 1, 1, 1, 1, 1, 1, 1, 1, 1, 1, 1, 1, 1, 1, 1, 1, 1, 1, 1, 1, 1, 1, 1, 1, 1, 1, 1, 1, 1, 1, 1, 1, 1, 1, 1, 1, 1, 1, 1, 1, 1, 1, 1]]

means=tensor([1.3713e-02, 2.7756e-17, 2.7756e-17, 3.0981e-02, 7.6576e-03, 4.7203e-03,
        3.1836e-04, 3.4231e-03, 2.7756e-17, 0.0000e+00, 2.7756e-17, 1.3919e-03,
        2.4514e-02, 3.0942e-05, 2.4152e-03, 1.3729e-03, 1.6152e-03, 1.5625e-03,
        8.2910e-04, 6.9992e-04, 1.0270e-03, 1.6521e-03, 1.9086e-04, 1.5653e-03,
        1.8316e-03, 1.5838e-03, 2.1329e-03, 7.1105e-04, 1.4928e-03, 1.6791e-03,
        3.6728e-04, 1.4866e-03, 1.5744e-03, 1.5314e-03, 1.3299e-03, 1.1589e-03,
        1.7523e-03, 1.2603e-03, 9.9692e-04, 1.2441e-03, 1.4771e-03, 2.5911e-03,
        1.6321e-03, 7.2737e-04, 1.4930e-03, 5.5541e-04, 2.4909e-03, 1.5238e-03,
        1.7703e-03, 1.6983e-03, 2.4614e-03, 1.9135e-03, 1.9377e-03, 1.5354e-03,
        2.6861e-03, 1.2549e-03, 1.5815e-03, 2.1578e-03, 1.8101e-03, 2.4529e-03,
        1.6264e-03, 1.9585e-03, 1.9988e-03, 1.5691e-03, 1.1224e-03, 1.3783e-03,
        1.0825e-03, 7.8996e-04, 9.5532e-04, 8.8535e-04, 1.4308e-03, 7.0458e-04,
        8.4332e-04, 6.1072e-04, 1.3431e-03, 1.4928e-03, 9.5774e-04, 1.0702e-03,
        1.2064e-03, 2.2845e-03, 1.1573e-03, 9.3454e-04, 1.0798e-03, 1.4624e-03,
        1.2788e-03, 1.4516e-03, 9.9078e-04, 1.5161e-03, 8.7411e-04, 2.1808e-03,
        1.3895e-03, 1.0468e-03, 1.5107e-03, 1.3339e-03, 1.1378e-03, 1.0312e-03,
        7.1071e-04, 1.4404e-03, 8.5431e-04, 1.5591e-03, 5.0116e-04, 1.5374e-03,
        7.1009e-04, 1.8668e-03, 1.0324e-03, 2.7028e-03, 7.3958e-04, 1.6765e-03,
        9.2512e-04, 1.4201e-03, 1.5221e-03, 9.2023e-04, 1.2650e-03],
       grad_fn=<CatBackward>)

mean_overall=tensor(0.0020, grad_fn=<MeanBackward0>)

-----------------------------------------------ITERATION430-----------------------------------------------

final_causality=[[1, 1, 1, 1, 1, 1, 1, 1, 1, 1, 1, 1, 1], [1, 1, 1, 1, 1, 1, 1, 1, 1, 1, 1, 1, 1, 1, 1, 1, 1, 1, 1, 1, 1, 1, 1, 1, 1, 1, 1, 1, 1, 1, 1, 1, 1, 1, 1, 1, 1, 1, 1, 1, 1, 1, 1, 1, 1, 1, 1, 1, 1, 1], [1, 1, 1, 1, 1, 1, 1, 1, 1, 1, 1, 1, 1, 1, 1, 1, 1, 1, 1, 1, 1, 1, 1, 1, 1, 1, 1, 1, 1, 1, 1, 1, 1, 1, 1, 1, 1, 1, 1, 1, 1, 1, 1, 1, 1, 1, 1, 1, 1, 1]]

means=tensor([1.3699e-02, 2.7756e-17, 2.7756e-17, 3.0869e-02, 7.8003e-03, 4.9301e-03,
        2.6442e-04, 3.4872e-03, 2.7756e-17, 0.0000e+00, 2.7756e-17, 1.3377e-03,
        2.4674e-02, 2.9460e-05, 2.4288e-03, 1.3794e-03, 1.6190e-03, 1.5573e-03,
        8.1918e-04, 7.0348e-04, 1.0255e-03, 1.6663e-03, 1.9396e-04, 1.5692e-03,
        1.8304e-03, 1.5754e-03, 2.1366e-03, 7.1500e-04, 1.4885e-03, 1.6725e-03,
        3.7843e-04, 1.4903e-03, 1.5615e-03, 1.5348e-03, 1.3286e-03, 1.1707e-03,
        1.7501e-03, 1.2612e-03, 1.0096e-03, 1.2392e-03, 1.4926e-03, 2.5970e-03,
        1.6375e-03, 7.4797e-04, 1.4980e-03, 5.5987e-04, 2.5037e-03, 1.5219e-03,
        1.7726e-03, 1.7109e-03, 2.4631e-03, 1.9207e-03, 1.9321e-03, 1.5352e-03,
        2.6882e-03, 1.2534e-03, 1.5711e-03, 2.1647e-03, 1.8129e-03, 2.4566e-03,
        1.6355e-03, 1.9752e-03, 1.9958e-03, 1.5687e-03, 1.1220e-03, 1.3781e-03,
        1.0827e-03, 7.9039e-04, 9.5651e-04, 8.8682e-04, 1.4295e-03, 7.0600e-04,
        8.4406e-04, 6.1089e-04, 1.3420e-03, 1.4925e-03, 9.5857e-04, 1.0701e-03,
        1.2059e-03, 2.2802e-03, 1.1568e-03, 9.3389e-04, 1.0798e-03, 1.4622e-03,
        1.2782e-03, 1.4526e-03, 9.9030e-04, 1.5158e-03, 8.7545e-04, 2.1784e-03,
        1.3896e-03, 1.0476e-03, 1.5098e-03, 1.3328e-03, 1.1398e-03, 1.0317e-03,
        7.1249e-04, 1.4376e-03, 8.5484e-04, 1.5595e-03, 5.0215e-04, 1.5393e-03,
        7.1251e-04, 1.8670e-03, 1.0352e-03, 2.6995e-03, 7.4089e-04, 1.6755e-03,
        9.2628e-04, 1.4220e-03, 1.5216e-03, 9.2206e-04, 1.2666e-03],
       grad_fn=<CatBackward>)

mean_overall=tensor(0.0020, grad_fn=<MeanBackward0>)

-----------------------------------------------ITERATION440-----------------------------------------------

final_causality=[[1, 1, 1, 1, 1, 1, 1, 1, 1, 1, 1, 1, 1], [1, 1, 1, 1, 1, 1, 1, 1, 1, 1, 1, 1, 1, 1, 1, 1, 1, 1, 1, 1, 1, 1, 1, 1, 1, 1, 1, 1, 1, 1, 1, 1, 1, 1, 1, 1, 1, 1, 1, 1, 1, 1, 1, 1, 1, 1, 1, 1, 1, 1], [1, 1, 1, 1, 1, 1, 1, 1, 1, 1, 1, 1, 1, 1, 1, 1, 1, 1, 1, 1, 1, 1, 1, 1, 1, 1, 1, 1, 1, 1, 1, 1, 1, 1, 1, 1, 1, 1, 1, 1, 1, 1, 1, 1, 1, 1, 1, 1, 1, 1]]

means=tensor([1.3689e-02, 0.0000e+00, 0.0000e+00, 3.0750e-02, 7.9412e-03, 5.1254e-03,
        2.0799e-04, 3.5508e-03, 0.0000e+00, 0.0000e+00, 0.0000e+00, 1.2828e-03,
        2.4832e-02, 2.8212e-05, 2.4418e-03, 1.3856e-03, 1.6229e-03, 1.5522e-03,
        8.0951e-04, 7.0730e-04, 1.0245e-03, 1.6798e-03, 1.9708e-04, 1.5726e-03,
        1.8293e-03, 1.5673e-03, 2.1408e-03, 7.1833e-04, 1.4844e-03, 1.6663e-03,
        3.8970e-04, 1.4936e-03, 1.5485e-03, 1.5378e-03, 1.3273e-03, 1.1820e-03,
        1.7477e-03, 1.2622e-03, 1.0225e-03, 1.2345e-03, 1.5075e-03, 2.6031e-03,
        1.6431e-03, 7.6840e-04, 1.5032e-03, 5.6478e-04, 2.5165e-03, 1.5201e-03,
        1.7750e-03, 1.7233e-03, 2.4646e-03, 1.9274e-03, 1.9263e-03, 1.5350e-03,
        2.6902e-03, 1.2517e-03, 1.5611e-03, 2.1715e-03, 1.8158e-03, 2.4604e-03,
        1.6446e-03, 1.9919e-03, 1.9925e-03, 1.5684e-03, 1.1216e-03, 1.3781e-03,
        1.0830e-03, 7.9085e-04, 9.5781e-04, 8.8837e-04, 1.4281e-03, 7.0743e-04,
        8.4485e-04, 6.1110e-04, 1.3408e-03, 1.4923e-03, 9.5947e-04, 1.0699e-03,
        1.2054e-03, 2.2761e-03, 1.1564e-03, 9.3325e-04, 1.0799e-03, 1.4622e-03,
        1.2779e-03, 1.4537e-03, 9.8988e-04, 1.5156e-03, 8.7676e-04, 2.1762e-03,
        1.3898e-03, 1.0487e-03, 1.5089e-03, 1.3318e-03, 1.1418e-03, 1.0323e-03,
        7.1426e-04, 1.4351e-03, 8.5541e-04, 1.5600e-03, 5.0307e-04, 1.5413e-03,
        7.1495e-04, 1.8672e-03, 1.0380e-03, 2.6966e-03, 7.4220e-04, 1.6748e-03,
        9.2753e-04, 1.4238e-03, 1.5212e-03, 9.2390e-04, 1.2682e-03],
       grad_fn=<CatBackward>)

mean_overall=tensor(0.0020, grad_fn=<MeanBackward0>)

