-----------------------------------------------ITERATION0-----------------------------------------------

final_causality=[[1, 1, 1, 1, 1, 1, 1, 1, 1, 1, 1, 1, 1], [1, 1, 1, 1, 1, 1, 1, 1, 1, 1, 1, 1, 1, 1, 1, 1, 1, 1, 1, 1, 1, 1, 1, 1, 1, 1, 1, 1, 1, 1, 1, 1, 1, 1, 1, 1, 1, 1, 1, 1, 1, 1, 1, 1, 1, 1, 1, 1, 1, 1], [1, 1, 1, 1, 1, 1, 1, 1, 1, 1, 1, 1, 1, 1, 1, 1, 1, 1, 1, 1, 1, 1, 1, 1, 1, 1, 1, 1, 1, 1, 1, 1, 1, 1, 1, 1, 1, 1, 1, 1, 1, 1, 1, 1, 1, 1, 1, 1, 1, 1]]

means=tensor([5.9436e-05, 0.0000e+00, 0.0000e+00, 9.4288e-05, 1.5047e-05, 8.1056e-05,
        6.7284e-05, 1.0331e-05, 0.0000e+00, 0.0000e+00, 0.0000e+00, 1.0693e-04,
        3.8292e-05, 2.2199e-06, 5.0383e-05, 2.8997e-05, 8.9355e-05, 3.6360e-06,
        6.1380e-05, 2.3190e-05, 5.6672e-05, 8.4686e-06, 2.0113e-05, 7.1515e-05,
        2.6215e-05, 2.2902e-05, 2.4672e-05, 1.9195e-05, 4.5463e-05, 2.3981e-05,
        2.3771e-05, 5.4408e-05, 7.3270e-05, 4.9414e-05, 1.7351e-04, 1.8233e-05,
        1.2178e-05, 8.1818e-05, 1.0267e-04, 6.1443e-05, 1.4676e-05, 5.7807e-05,
        4.9309e-05, 2.9896e-05, 1.4671e-05, 2.6177e-05, 3.3549e-05, 1.3515e-04,
        2.2516e-05, 7.9590e-06, 1.3423e-06, 2.4054e-05, 2.5267e-05, 4.1352e-05,
        4.4132e-05, 2.8634e-05, 7.7644e-05, 3.0586e-06, 4.3484e-05, 1.9711e-04,
        7.5715e-06, 2.2788e-05, 8.1569e-06, 4.1434e-05, 4.5104e-05, 2.0341e-05,
        8.4946e-05, 1.2837e-05, 2.4637e-05, 2.1219e-05, 6.5068e-05, 5.6945e-05,
        1.1549e-04, 9.0661e-05, 3.7876e-05, 6.9877e-06, 1.9559e-05, 1.2143e-04,
        2.6626e-05, 1.7933e-05, 2.1629e-05, 5.0652e-05, 8.5804e-05, 6.1675e-05,
        1.4345e-06, 4.9522e-05, 4.2779e-05, 7.2850e-06, 4.7531e-05, 1.8094e-06,
        7.0851e-05, 6.1946e-05, 4.9004e-06, 2.1676e-05, 3.0329e-07, 8.0560e-06,
        2.0007e-05, 2.3926e-05, 9.9222e-06, 2.8164e-05, 2.0514e-05, 5.7083e-05,
        6.2530e-05, 9.4318e-05, 9.9469e-06, 4.4165e-05, 2.3566e-06, 1.2637e-04,
        1.2827e-06, 7.4612e-06, 2.8195e-06, 8.8723e-05, 8.3752e-05],
       grad_fn=<CatBackward>)

mean_overall=tensor(4.1135e-05, grad_fn=<MeanBackward0>)

-----------------------------------------------ITERATION10-----------------------------------------------

final_causality=[[1, 1, 1, 1, 1, 1, 1, 1, 1, 1, 1, 1, 1], [1, 1, 1, 1, 1, 1, 1, 1, 1, 1, 1, 1, 1, 1, 1, 1, 1, 1, 1, 1, 1, 1, 1, 1, 1, 1, 1, 1, 1, 1, 1, 1, 1, 1, 1, 1, 1, 1, 1, 1, 1, 1, 1, 1, 1, 1, 1, 1, 1, 1], [1, 1, 1, 1, 1, 1, 1, 1, 1, 1, 1, 1, 1, 1, 1, 1, 1, 1, 1, 1, 1, 1, 1, 1, 1, 1, 1, 1, 1, 1, 1, 1, 1, 1, 1, 1, 1, 1, 1, 1, 1, 1, 1, 1, 1, 1, 1, 1, 1, 1]]

means=tensor([7.4690e-05, 0.0000e+00, 0.0000e+00, 6.6745e-05, 1.1419e-05, 7.9159e-05,
        6.1363e-05, 1.4822e-05, 0.0000e+00, 0.0000e+00, 0.0000e+00, 1.5270e-04,
        2.8435e-06, 2.7883e-05, 3.4580e-05, 2.2464e-05, 1.0678e-04, 2.5088e-05,
        7.5018e-05, 3.6956e-05, 8.8263e-05, 2.3039e-05, 3.4799e-05, 8.7162e-05,
        7.7901e-06, 2.8508e-05, 5.3758e-06, 3.5524e-05, 2.8430e-05, 3.6421e-05,
        3.1765e-05, 4.3673e-05, 8.8445e-05, 6.0562e-05, 1.9759e-04, 3.1490e-05,
        8.8336e-06, 8.8324e-05, 7.1302e-05, 4.9865e-05, 1.6441e-06, 3.6786e-05,
        7.4567e-05, 1.9007e-05, 2.8006e-05, 1.4411e-05, 1.5434e-05, 7.9165e-05,
        3.4372e-05, 1.0449e-06, 8.5824e-06, 3.8311e-06, 1.4843e-05, 5.5092e-05,
        2.4209e-05, 4.7204e-05, 5.6022e-05, 1.3013e-05, 2.8470e-05, 1.7309e-04,
        1.8085e-05, 3.2463e-05, 1.4677e-05, 4.3837e-05, 4.9079e-05, 1.7762e-05,
        8.0216e-05, 1.4705e-05, 2.1590e-05, 1.9495e-05, 6.6789e-05, 5.4785e-05,
        1.0719e-04, 8.4998e-05, 3.9829e-05, 3.1275e-06, 2.0868e-05, 1.1362e-04,
        3.1658e-05, 2.1548e-05, 2.3933e-05, 4.4014e-05, 9.0674e-05, 6.0329e-05,
        5.6083e-06, 4.7280e-05, 3.9756e-05, 5.0646e-06, 4.4250e-05, 6.1098e-07,
        7.3295e-05, 5.5019e-05, 1.1988e-06, 1.7491e-05, 1.2286e-06, 4.8566e-06,
        1.8105e-05, 2.4855e-05, 1.0466e-05, 2.4285e-05, 1.6394e-05, 5.4290e-05,
        5.9923e-05, 8.8502e-05, 5.9477e-06, 4.6074e-05, 1.2692e-06, 1.2566e-04,
        2.0402e-06, 6.1293e-06, 3.6591e-07, 9.1745e-05, 8.1714e-05],
       grad_fn=<CatBackward>)

mean_overall=tensor(4.0683e-05, grad_fn=<MeanBackward0>)

-----------------------------------------------ITERATION20-----------------------------------------------

final_causality=[[1, 1, 1, 1, 1, 1, 1, 1, 1, 1, 1, 1, 1], [1, 1, 1, 1, 1, 1, 1, 1, 1, 1, 1, 1, 1, 1, 1, 1, 1, 1, 1, 1, 1, 1, 1, 1, 1, 1, 1, 1, 1, 1, 1, 1, 1, 1, 1, 1, 1, 1, 1, 1, 1, 1, 1, 1, 1, 1, 1, 1, 1, 1], [1, 1, 1, 1, 1, 1, 1, 1, 1, 1, 1, 1, 1, 1, 1, 1, 1, 1, 1, 1, 1, 1, 1, 1, 1, 1, 1, 1, 1, 1, 1, 1, 1, 1, 1, 1, 1, 1, 1, 1, 1, 1, 1, 1, 1, 1, 1, 1, 1, 1]]

means=tensor([9.1583e-05, 0.0000e+00, 0.0000e+00, 3.2938e-05, 9.5897e-06, 7.3965e-05,
        5.7057e-05, 1.8993e-05, 0.0000e+00, 0.0000e+00, 0.0000e+00, 1.8484e-04,
        1.8927e-05, 4.9725e-05, 2.0512e-05, 1.7524e-05, 1.2092e-04, 4.2906e-05,
        8.6081e-05, 4.7917e-05, 1.1492e-04, 3.4995e-05, 4.7372e-05, 9.9400e-05,
        7.1125e-06, 3.2829e-05, 1.1076e-05, 4.7928e-05, 1.3617e-05, 4.5936e-05,
        3.8933e-05, 3.4818e-05, 9.9922e-05, 6.9594e-05, 2.1494e-04, 4.2733e-05,
        2.6018e-05, 9.2617e-05, 4.5592e-05, 3.9717e-05, 1.1813e-05, 1.8375e-05,
        9.4440e-05, 9.5870e-06, 3.9294e-05, 4.3941e-06, 8.5617e-08, 3.2594e-05,
        4.3948e-05, 8.4887e-06, 1.6303e-05, 1.3352e-05, 5.7905e-06, 6.6851e-05,
        7.6470e-06, 6.2780e-05, 3.7320e-05, 2.1202e-05, 1.6330e-05, 1.5216e-04,
        2.6568e-05, 4.0144e-05, 2.0275e-05, 4.6119e-05, 5.2843e-05, 1.5248e-05,
        7.5410e-05, 1.6940e-05, 1.8530e-05, 1.7547e-05, 6.8602e-05, 5.2074e-05,
        9.8480e-05, 7.9139e-05, 4.1207e-05, 3.3086e-07, 2.1963e-05, 1.0549e-04,
        3.6198e-05, 2.5108e-05, 2.5947e-05, 3.8094e-05, 9.4188e-05, 5.8310e-05,
        9.0835e-06, 4.4616e-05, 3.7125e-05, 2.8964e-06, 4.0644e-05, 2.6940e-06,
        7.4510e-05, 4.8955e-05, 2.1070e-06, 1.3864e-05, 2.6594e-06, 2.2574e-06,
        1.6241e-05, 2.5368e-05, 1.1359e-05, 2.0717e-05, 1.2986e-05, 5.2699e-05,
        5.7262e-05, 8.3245e-05, 2.7697e-06, 4.7372e-05, 2.7845e-07, 1.2459e-04,
        5.0177e-06, 5.0630e-06, 1.7081e-06, 9.3072e-05, 7.9126e-05],
       grad_fn=<CatBackward>)

mean_overall=tensor(4.1516e-05, grad_fn=<MeanBackward0>)

-----------------------------------------------ITERATION30-----------------------------------------------

final_causality=[[1, 1, 1, 1, 1, 1, 1, 1, 1, 1, 1, 1, 1], [1, 1, 1, 1, 1, 1, 1, 1, 1, 1, 1, 1, 1, 1, 1, 1, 1, 1, 1, 1, 1, 1, 1, 1, 1, 1, 1, 1, 1, 1, 1, 1, 1, 1, 1, 1, 1, 1, 1, 1, 1, 1, 1, 1, 1, 1, 1, 1, 1, 1], [1, 1, 1, 1, 1, 1, 1, 1, 1, 1, 1, 1, 1, 1, 1, 1, 1, 1, 1, 1, 1, 1, 1, 1, 1, 1, 1, 1, 1, 1, 1, 1, 1, 1, 1, 1, 1, 1, 1, 1, 1, 1, 1, 1, 1, 1, 1, 1, 1, 1]]

means=tensor([1.0597e-04, 0.0000e+00, 0.0000e+00, 1.9868e-06, 9.6595e-06, 6.5432e-05,
        5.5215e-05, 2.2275e-05, 0.0000e+00, 0.0000e+00, 0.0000e+00, 2.0014e-04,
        3.4208e-05, 6.5480e-05, 1.0212e-05, 1.4229e-05, 1.3062e-04, 5.4920e-05,
        9.3767e-05, 5.5547e-05, 1.3437e-04, 4.3003e-05, 5.6373e-05, 1.0801e-04,
        1.8515e-05, 3.5569e-05, 2.2959e-05, 5.5749e-05, 2.8857e-06, 5.2132e-05,
        4.4099e-05, 2.8678e-05, 1.0736e-04, 7.5940e-05, 2.2489e-04, 5.0978e-05,
        3.7523e-05, 9.5151e-05, 2.7809e-05, 3.2302e-05, 2.1845e-05, 5.1258e-06,
        1.0754e-04, 2.8806e-06, 4.7367e-05, 3.1886e-06, 9.7007e-06, 2.5026e-07,
        5.0715e-05, 1.4226e-05, 2.1128e-05, 2.5961e-05, 5.5981e-07, 7.5621e-05,
        3.5750e-06, 7.3654e-05, 2.3891e-05, 2.7296e-05, 8.0744e-06, 1.3667e-04,
        3.2500e-05, 4.5307e-05, 2.4353e-05, 4.7688e-05, 5.6242e-05, 1.3247e-05,
        7.1917e-05, 1.8631e-05, 1.6176e-05, 1.5877e-05, 7.0305e-05, 4.9395e-05,
        9.1492e-05, 7.3991e-05, 4.1828e-05, 2.8818e-06, 2.3131e-05, 9.8352e-05,
        3.9365e-05, 2.8069e-05, 2.7650e-05, 3.3688e-05, 9.6061e-05, 5.6342e-05,
        1.1424e-05, 4.2081e-05, 3.5001e-05, 1.2270e-06, 3.7295e-05, 4.1370e-06,
        7.4335e-05, 4.4742e-05, 4.6171e-06, 1.1302e-05, 3.8805e-06, 4.9511e-07,
        1.4815e-05, 2.5946e-05, 1.1724e-05, 1.8189e-05, 1.0672e-05, 5.2227e-05,
        5.5176e-05, 7.9537e-05, 6.9832e-07, 4.8120e-05, 4.6613e-07, 1.2429e-04,
        7.2484e-06, 4.2641e-06, 3.2555e-06, 9.2298e-05, 7.6655e-05],
       grad_fn=<CatBackward>)

mean_overall=tensor(4.2512e-05, grad_fn=<MeanBackward0>)

-----------------------------------------------ITERATION40-----------------------------------------------

final_causality=[[1, 1, 1, 1, 1, 1, 1, 1, 1, 1, 1, 1, 1], [1, 1, 1, 1, 1, 1, 1, 1, 1, 1, 1, 1, 1, 1, 1, 1, 1, 1, 1, 1, 1, 1, 1, 1, 1, 1, 1, 1, 1, 1, 1, 1, 1, 1, 1, 1, 1, 1, 1, 1, 1, 1, 1, 1, 1, 1, 1, 1, 1, 1], [1, 1, 1, 1, 1, 1, 1, 1, 1, 1, 1, 1, 1, 1, 1, 1, 1, 1, 1, 1, 1, 1, 1, 1, 1, 1, 1, 1, 1, 1, 1, 1, 1, 1, 1, 1, 1, 1, 1, 1, 1, 1, 1, 1, 1, 1, 1, 1, 1, 1]]

means=tensor([1.0662e-04, 0.0000e+00, 0.0000e+00, 3.6373e-05, 9.9999e-06, 5.7181e-05,
        5.4874e-05, 2.3554e-05, 0.0000e+00, 0.0000e+00, 0.0000e+00, 2.0408e-04,
        4.8748e-05, 7.4407e-05, 4.8904e-06, 1.2531e-05, 1.3550e-04, 5.9833e-05,
        9.7643e-05, 6.0149e-05, 1.4601e-04, 4.6281e-05, 6.1361e-05, 1.1345e-04,
        2.4447e-05, 3.6784e-05, 2.8557e-05, 5.9479e-05, 2.9515e-06, 5.5255e-05,
        4.6572e-05, 2.5589e-05, 1.1125e-04, 7.9645e-05, 2.2795e-04, 5.5848e-05,
        4.3383e-05, 9.6454e-05, 1.8395e-05, 2.8405e-05, 2.7068e-05, 1.4338e-06,
        1.1393e-04, 3.6987e-07, 5.1596e-05, 8.0131e-06, 1.4874e-05, 1.4417e-05,
        5.4149e-05, 1.7810e-05, 2.2823e-05, 3.2450e-05, 4.5459e-06, 7.9853e-05,
        9.7440e-06, 7.9166e-05, 1.6980e-05, 3.0458e-05, 3.9688e-06, 1.2753e-04,
        3.5388e-05, 4.7776e-05, 2.6508e-05, 4.7888e-05, 5.8865e-05, 1.1864e-05,
        7.0110e-05, 1.9286e-05, 1.4904e-05, 1.4941e-05, 7.2165e-05, 4.8046e-05,
        8.7909e-05, 7.0184e-05, 4.1996e-05, 4.1996e-06, 2.4207e-05, 9.4181e-05,
        4.0619e-05, 3.0233e-05, 2.9274e-05, 3.1503e-05, 9.6681e-05, 5.5177e-05,
        1.2539e-05, 4.0162e-05, 3.3439e-05, 3.3028e-07, 3.4787e-05, 4.9562e-06,
        7.2651e-05, 4.2741e-05, 6.1105e-06, 1.0015e-05, 4.7950e-06, 3.9916e-07,
        1.4145e-05, 2.7604e-05, 1.1895e-05, 1.6997e-05, 9.5150e-06, 5.2534e-05,
        5.4099e-05, 7.7513e-05, 3.0891e-07, 4.9714e-05, 8.4911e-07, 1.2592e-04,
        8.3750e-06, 3.8523e-06, 4.1106e-06, 8.9391e-05, 7.5514e-05],
       grad_fn=<CatBackward>)

mean_overall=tensor(4.3936e-05, grad_fn=<MeanBackward0>)

-----------------------------------------------ITERATION50-----------------------------------------------

final_causality=[[1, 1, 1, 1, 1, 1, 1, 1, 1, 1, 1, 1, 1], [1, 1, 1, 1, 1, 1, 1, 1, 1, 1, 1, 1, 1, 1, 1, 1, 1, 1, 1, 1, 1, 1, 1, 1, 1, 1, 1, 1, 1, 1, 1, 1, 1, 1, 1, 1, 1, 1, 1, 1, 1, 1, 1, 1, 1, 1, 1, 1, 1, 1], [1, 1, 1, 1, 1, 1, 1, 1, 1, 1, 1, 1, 1, 1, 1, 1, 1, 1, 1, 1, 1, 1, 1, 1, 1, 1, 1, 1, 1, 1, 1, 1, 1, 1, 1, 1, 1, 1, 1, 1, 1, 1, 1, 1, 1, 1, 1, 1, 1, 1]]

means=tensor([9.0133e-05, 0.0000e+00, 0.0000e+00, 7.7178e-05, 9.1712e-06, 5.2519e-05,
        5.4627e-05, 2.2549e-05, 0.0000e+00, 0.0000e+00, 0.0000e+00, 2.0449e-04,
        6.9230e-05, 7.7696e-05, 3.9987e-06, 1.2196e-05, 1.3641e-04, 5.8752e-05,
        9.8240e-05, 6.2530e-05, 1.5125e-04, 4.5564e-05, 6.2717e-05, 1.1650e-04,
        2.5620e-05, 3.6842e-05, 2.8893e-05, 6.0374e-05, 4.7984e-06, 5.6068e-05,
        4.6592e-05, 2.5092e-05, 1.1258e-04, 8.0439e-05, 2.2580e-04, 5.7843e-05,
        4.5142e-05, 9.6911e-05, 1.5659e-05, 2.7660e-05, 2.8439e-05, 2.8759e-06,
        1.1516e-04, 1.1035e-06, 5.3346e-05, 8.8555e-06, 1.5752e-05, 1.9726e-05,
        5.4745e-05, 1.9447e-05, 2.2120e-05, 3.3738e-05, 5.2070e-06, 7.9966e-05,
        1.0712e-05, 8.0220e-05, 1.5788e-05, 3.0824e-05, 3.3009e-06, 1.2397e-04,
        3.5731e-05, 4.8025e-05, 2.6900e-05, 4.7084e-05, 6.0607e-05, 1.0975e-05,
        6.9594e-05, 1.9039e-05, 1.4578e-05, 1.4766e-05, 7.4334e-05, 4.7316e-05,
        8.7715e-05, 6.7748e-05, 4.2031e-05, 4.4663e-06, 2.5143e-05, 9.3648e-05,
        4.0218e-05, 3.1667e-05, 3.0999e-05, 3.0911e-05, 9.6660e-05, 5.4972e-05,
        1.2736e-05, 3.8947e-05, 3.2461e-05, 1.2979e-07, 3.3592e-05, 5.0744e-06,
        6.9889e-05, 4.2504e-05, 6.6779e-06, 9.7721e-06, 4.9316e-06, 5.9156e-07,
        1.4177e-05, 3.0625e-05, 1.2217e-05, 1.6940e-05, 9.2363e-06, 5.5751e-05,
        5.4080e-05, 7.7078e-05, 5.1963e-07, 5.2787e-05, 9.0265e-07, 1.2947e-04,
        8.5392e-06, 3.7658e-06, 4.3033e-06, 8.5019e-05, 7.7584e-05],
       grad_fn=<CatBackward>)

mean_overall=tensor(4.4626e-05, grad_fn=<MeanBackward0>)

-----------------------------------------------ITERATION60-----------------------------------------------

final_causality=[[1, 1, 1, 1, 1, 1, 1, 1, 1, 1, 1, 1, 1], [1, 1, 1, 1, 1, 1, 1, 1, 1, 1, 1, 1, 1, 1, 1, 1, 1, 1, 1, 1, 1, 1, 1, 1, 1, 1, 1, 1, 1, 1, 1, 1, 1, 1, 1, 1, 1, 1, 1, 1, 1, 1, 1, 1, 1, 1, 1, 1, 1, 1], [1, 1, 1, 1, 1, 1, 1, 1, 1, 1, 1, 1, 1, 1, 1, 1, 1, 1, 1, 1, 1, 1, 1, 1, 1, 1, 1, 1, 1, 1, 1, 1, 1, 1, 1, 1, 1, 1, 1, 1, 1, 1, 1, 1, 1, 1, 1, 1, 1, 1]]

means=tensor([6.5760e-05, 2.7756e-17, 2.7756e-17, 1.1505e-04, 7.5349e-06, 5.0394e-05,
        5.4228e-05, 2.0392e-05, 2.7756e-17, 2.7756e-17, 2.7756e-17, 2.0410e-04,
        9.2023e-05, 7.7833e-05, 5.4844e-06, 1.2586e-05, 1.3521e-04, 5.4812e-05,
        9.7113e-05, 6.3691e-05, 1.5308e-04, 4.2896e-05, 6.2299e-05, 1.1830e-04,
        2.4373e-05, 3.6316e-05, 2.6569e-05, 5.9836e-05, 4.1041e-06, 5.5674e-05,
        4.5320e-05, 2.5974e-05, 1.1262e-04, 7.9615e-05, 2.2098e-04, 5.8255e-05,
        4.4729e-05, 9.6944e-05, 1.6349e-05, 2.8625e-05, 2.7811e-05, 1.2755e-06,
        1.1370e-04, 1.6631e-07, 5.3910e-05, 7.5964e-06, 1.4346e-05, 1.8588e-05,
        5.3837e-05, 2.0013e-05, 2.0388e-05, 3.2292e-05, 4.0691e-06, 7.8189e-05,
        8.9229e-06, 7.8929e-05, 1.7679e-05, 2.9748e-05, 4.4437e-06, 1.2337e-04,
        3.4813e-05, 4.7128e-05, 2.6333e-05, 4.5885e-05, 6.1744e-05, 1.0354e-05,
        6.9747e-05, 1.8403e-05, 1.4747e-05, 1.5036e-05, 7.6600e-05, 4.6937e-05,
        8.9340e-05, 6.6092e-05, 4.2040e-05, 4.1851e-06, 2.5852e-05, 9.4669e-05,
        3.9046e-05, 3.2600e-05, 3.2768e-05, 3.1103e-05, 9.6606e-05, 5.5295e-05,
        1.2476e-05, 3.8175e-05, 3.1906e-05, 3.0500e-07, 3.3645e-05, 4.7681e-06,
        6.6837e-05, 4.3147e-05, 6.6932e-06, 1.0073e-05, 4.5641e-06, 4.1250e-07,
        1.4569e-05, 3.4238e-05, 1.2714e-05, 1.7479e-05, 9.4300e-06, 5.9432e-05,
        5.4742e-05, 7.7521e-05, 3.2268e-07, 5.5924e-05, 7.9410e-07, 1.3374e-04,
        8.1985e-06, 3.8184e-06, 4.1127e-06, 8.0116e-05, 8.0430e-05],
       grad_fn=<CatBackward>)

mean_overall=tensor(4.4746e-05, grad_fn=<MeanBackward0>)

-----------------------------------------------ITERATION70-----------------------------------------------

final_causality=[[1, 1, 1, 1, 1, 1, 1, 1, 1, 1, 1, 1, 1], [1, 1, 1, 1, 1, 1, 1, 1, 1, 1, 1, 1, 1, 1, 1, 1, 1, 1, 1, 1, 1, 1, 1, 1, 1, 1, 1, 1, 1, 1, 1, 1, 1, 1, 1, 1, 1, 1, 1, 1, 1, 1, 1, 1, 1, 1, 1, 1, 1, 1], [1, 1, 1, 1, 1, 1, 1, 1, 1, 1, 1, 1, 1, 1, 1, 1, 1, 1, 1, 1, 1, 1, 1, 1, 1, 1, 1, 1, 1, 1, 1, 1, 1, 1, 1, 1, 1, 1, 1, 1, 1, 1, 1, 1, 1, 1, 1, 1, 1, 1]]

means=tensor([4.1356e-05, 0.0000e+00, 0.0000e+00, 1.5160e-04, 5.9265e-06, 4.8078e-05,
        5.3953e-05, 1.8180e-05, 0.0000e+00, 0.0000e+00, 0.0000e+00, 2.0300e-04,
        1.1434e-04, 7.7515e-05, 7.2795e-06, 1.3056e-05, 1.3379e-04, 5.0722e-05,
        9.5831e-05, 6.4661e-05, 1.5462e-04, 4.0100e-05, 6.1664e-05, 1.2003e-04,
        2.2904e-05, 3.5713e-05, 2.3986e-05, 5.9074e-05, 3.1241e-06, 5.5134e-05,
        4.3918e-05, 2.7047e-05, 1.1256e-04, 7.8652e-05, 2.1577e-04, 5.8475e-05,
        4.3966e-05, 9.6967e-05, 1.7420e-05, 2.9811e-05, 2.6941e-05, 3.4351e-07,
        1.1188e-04, 6.5508e-07, 5.4258e-05, 6.0832e-06, 1.2664e-05, 1.6776e-05,
        5.2744e-05, 2.0296e-05, 1.8632e-05, 3.0526e-05, 2.7170e-06, 7.6272e-05,
        6.8120e-06, 7.7357e-05, 1.9991e-05, 2.8553e-05, 5.8260e-06, 1.2315e-04,
        3.3904e-05, 4.6113e-05, 2.5672e-05, 4.4636e-05, 6.2745e-05, 1.0456e-05,
        7.0013e-05, 1.7781e-05, 1.4979e-05, 1.5378e-05, 7.8870e-05, 4.6615e-05,
        9.1158e-05, 6.4508e-05, 4.2048e-05, 3.8331e-06, 2.6458e-05, 9.5830e-05,
        3.7855e-05, 3.3428e-05, 3.4735e-05, 3.1399e-05, 9.7313e-05, 5.5659e-05,
        1.2152e-05, 3.7485e-05, 3.1457e-05, 5.3402e-07, 3.3752e-05, 4.4124e-06,
        6.3840e-05, 4.3898e-05, 6.6011e-06, 1.0447e-05, 4.2814e-06, 1.8126e-07,
        1.5004e-05, 3.7804e-05, 1.4758e-05, 1.8115e-05, 9.6902e-06, 6.3189e-05,
        5.5575e-05, 7.8081e-05, 6.7336e-08, 5.8978e-05, 6.7322e-07, 1.3796e-04,
        7.7944e-06, 3.8873e-06, 3.8714e-06, 7.5170e-05, 8.3383e-05],
       grad_fn=<CatBackward>)

mean_overall=tensor(4.4842e-05, grad_fn=<MeanBackward0>)

-----------------------------------------------ITERATION80-----------------------------------------------

final_causality=[[1, 1, 1, 1, 1, 1, 1, 1, 1, 1, 1, 1, 1], [1, 1, 1, 1, 1, 1, 1, 1, 1, 1, 1, 1, 1, 1, 1, 1, 1, 1, 1, 1, 1, 1, 1, 1, 1, 1, 1, 1, 1, 1, 1, 1, 1, 1, 1, 1, 1, 1, 1, 1, 1, 1, 1, 1, 1, 1, 1, 1, 1, 1], [1, 1, 1, 1, 1, 1, 1, 1, 1, 1, 1, 1, 1, 1, 1, 1, 1, 1, 1, 1, 1, 1, 1, 1, 1, 1, 1, 1, 1, 1, 1, 1, 1, 1, 1, 1, 1, 1, 1, 1, 1, 1, 1, 1, 1, 1, 1, 1, 1, 1]]

means=tensor([1.8986e-05, 0.0000e+00, 0.0000e+00, 1.8937e-04, 4.6332e-06, 4.4230e-05,
        5.3880e-05, 1.6306e-05, 0.0000e+00, 0.0000e+00, 0.0000e+00, 2.0159e-04,
        1.3675e-04, 7.8292e-05, 8.3498e-06, 1.3304e-05, 1.3310e-04, 4.7651e-05,
        9.5180e-05, 6.6081e-05, 1.5762e-04, 3.8650e-05, 6.1714e-05, 1.2237e-04,
        2.2296e-05, 3.5287e-05, 2.2264e-05, 5.8754e-05, 3.0037e-06, 5.5028e-05,
        4.2944e-05, 2.7724e-05, 1.1305e-04, 7.9384e-05, 2.1131e-04, 5.9276e-05,
        4.3891e-05, 9.7202e-05, 1.7355e-05, 3.0478e-05, 2.6747e-05, 1.3550e-06,
        1.1093e-04, 1.2389e-06, 5.5235e-05, 5.2180e-06, 1.1705e-05, 1.7258e-05,
        5.2148e-05, 2.0932e-05, 1.7250e-05, 2.9661e-05, 1.9324e-06, 7.5101e-05,
        5.5686e-06, 7.6561e-05, 2.1387e-05, 2.7863e-05, 6.6735e-06, 1.2188e-04,
        3.3415e-05, 4.5484e-05, 2.5354e-05, 4.3552e-05, 6.3967e-05, 1.0516e-05,
        7.0059e-05, 1.7296e-05, 1.5067e-05, 1.5595e-05, 8.1266e-05, 4.6175e-05,
        9.2522e-05, 6.2602e-05, 4.2089e-05, 3.6461e-06, 2.7137e-05, 9.6452e-05,
        3.6932e-05, 3.4473e-05, 3.6752e-05, 3.1454e-05, 9.7990e-05, 5.5836e-05,
        1.1968e-05, 3.6652e-05, 3.0957e-05, 6.5000e-07, 3.3628e-05, 4.2405e-06,
        6.0868e-05, 4.4398e-05, 6.6686e-06, 1.0649e-05, 4.1646e-06, 6.1153e-08,
        1.5338e-05, 4.1156e-05, 1.6748e-05, 1.8595e-05, 9.8204e-06, 6.6922e-05,
        5.6232e-05, 7.8339e-05, 6.3986e-08, 6.2090e-05, 6.0395e-07, 1.4200e-04,
        7.5661e-06, 3.9146e-06, 3.7584e-06, 7.0899e-05, 8.6159e-05],
       grad_fn=<CatBackward>)

mean_overall=tensor(4.5174e-05, grad_fn=<MeanBackward0>)

-----------------------------------------------ITERATION90-----------------------------------------------

final_causality=[[1, 1, 1, 1, 1, 1, 1, 1, 1, 1, 1, 1, 1], [1, 1, 1, 1, 1, 1, 1, 1, 1, 1, 1, 1, 1, 1, 1, 1, 1, 1, 1, 1, 1, 1, 1, 1, 1, 1, 1, 1, 1, 1, 1, 1, 1, 1, 1, 1, 1, 1, 1, 1, 1, 1, 1, 1, 1, 1, 1, 1, 1, 1], [1, 1, 1, 1, 1, 1, 1, 1, 1, 1, 1, 1, 1, 1, 1, 1, 1, 1, 1, 1, 1, 1, 1, 1, 1, 1, 1, 1, 1, 1, 1, 1, 1, 1, 1, 1, 1, 1, 1, 1, 1, 1, 1, 1, 1, 1, 1, 1, 1, 1]]

means=tensor([2.3967e-06, 2.7756e-17, 2.7756e-17, 2.2934e-04, 3.5526e-06, 3.8947e-05,
        5.3937e-05, 1.4678e-05, 2.7756e-17, 2.7756e-17, 2.7756e-17, 2.0017e-04,
        1.6031e-04, 8.0261e-05, 8.6962e-06, 1.3338e-05, 1.3315e-04, 4.5489e-05,
        9.5143e-05, 6.8022e-05, 1.6217e-04, 3.8182e-05, 6.2476e-05, 1.2535e-04,
        2.2553e-05, 3.5039e-05, 2.1360e-05, 5.8928e-05, 3.7514e-06, 5.5377e-05,
        4.2376e-05, 2.8002e-05, 1.1411e-04, 8.1397e-05, 2.0762e-04, 6.0692e-05,
        4.4574e-05, 9.7646e-05, 1.6155e-05, 3.0622e-05, 2.7257e-05, 1.4588e-06,
        1.1087e-04, 1.3733e-06, 5.6891e-05, 4.9911e-06, 1.1466e-05, 2.0068e-05,
        5.2052e-05, 2.2019e-05, 1.6184e-05, 2.9700e-05, 1.7072e-06, 7.4653e-05,
        5.1738e-06, 7.6802e-05, 2.1857e-05, 2.7650e-05, 6.9862e-06, 1.1962e-04,
        3.3346e-05, 4.5231e-05, 2.5376e-05, 4.2870e-05, 6.5478e-05, 1.0481e-05,
        6.9851e-05, 1.6901e-05, 1.5016e-05, 1.5687e-05, 8.3875e-05, 4.5605e-05,
        9.3312e-05, 6.0356e-05, 4.2170e-05, 3.6237e-06, 2.7953e-05, 9.6563e-05,
        3.6218e-05, 3.5796e-05, 3.8871e-05, 3.1259e-05, 9.8687e-05, 5.5839e-05,
        1.1929e-05, 3.5657e-05, 3.0307e-05, 6.4853e-07, 3.3277e-05, 4.2005e-06,
        5.7807e-05, 4.4662e-05, 6.9228e-06, 1.0674e-05, 4.1815e-06, 5.5602e-08,
        1.5577e-05, 4.4398e-05, 1.8760e-05, 1.8916e-05, 9.8149e-06, 7.0663e-05,
        5.6654e-05, 7.8280e-05, 6.4436e-08, 6.5378e-05, 5.8075e-07, 1.4600e-04,
        7.5134e-06, 3.9027e-06, 3.7803e-06, 6.6840e-05, 8.8780e-05],
       grad_fn=<CatBackward>)

mean_overall=tensor(4.5763e-05, grad_fn=<MeanBackward0>)

-----------------------------------------------ITERATION100-----------------------------------------------

final_causality=[[1, 1, 1, 1, 1, 1, 1, 1, 1, 1, 1, 1, 1], [1, 1, 1, 1, 1, 1, 1, 1, 1, 1, 1, 1, 1, 1, 1, 1, 1, 1, 1, 1, 1, 1, 1, 1, 1, 1, 1, 1, 1, 1, 1, 1, 1, 1, 1, 1, 1, 1, 1, 1, 1, 1, 1, 1, 1, 1, 1, 1, 1, 1], [1, 1, 1, 1, 1, 1, 1, 1, 1, 1, 1, 1, 1, 1, 1, 1, 1, 1, 1, 1, 1, 1, 1, 1, 1, 1, 1, 1, 1, 1, 1, 1, 1, 1, 1, 1, 1, 1, 1, 1, 1, 1, 1, 1, 1, 1, 1, 1, 1, 1]]

means=tensor([1.4924e-05, 0.0000e+00, 0.0000e+00, 2.7080e-04, 2.4999e-06, 3.2907e-05,
        5.4044e-05, 1.3074e-05, 0.0000e+00, 0.0000e+00, 0.0000e+00, 1.9873e-04,
        1.8529e-04, 8.2768e-05, 8.7823e-06, 1.3297e-05, 1.3349e-04, 4.4237e-05,
        9.5350e-05, 7.0224e-05, 1.6751e-04, 3.7950e-05, 6.3551e-05, 1.2867e-04,
        2.3169e-05, 3.4853e-05, 2.0760e-05, 5.9420e-05, 4.8579e-06, 5.5923e-05,
        4.1952e-05, 2.8144e-05, 1.1543e-04, 8.3647e-05, 2.0417e-04, 6.2391e-05,
        4.5592e-05, 9.8193e-05, 1.4501e-05, 3.0573e-05, 2.8074e-05, 1.2201e-06,
        1.1117e-04, 1.3417e-06, 5.8868e-05, 5.0001e-06, 1.1498e-05, 2.3886e-05,
        5.2150e-05, 2.3324e-05, 1.6168e-05, 3.0100e-05, 1.6892e-06, 7.4477e-05,
        5.0898e-06, 7.7597e-05, 2.1995e-05, 2.8783e-05, 7.1104e-06, 1.1696e-04,
        3.3444e-05, 4.5116e-05, 2.5536e-05, 4.2303e-05, 6.7448e-05, 1.0410e-05,
        6.9531e-05, 1.6515e-05, 1.4920e-05, 1.5736e-05, 8.6668e-05, 4.4971e-05,
        9.3901e-05, 5.7945e-05, 4.2271e-05, 3.6623e-06, 2.8856e-05, 9.6483e-05,
        3.5553e-05, 3.7277e-05, 4.1196e-05, 3.0964e-05, 9.9420e-05, 5.5776e-05,
        1.1940e-05, 3.4625e-05, 2.9568e-05, 6.0128e-07, 3.2830e-05, 4.2236e-06,
        5.4615e-05, 4.4855e-05, 7.2555e-06, 1.0633e-05, 4.2502e-06, 9.4075e-08,
        1.5788e-05, 4.7693e-05, 2.0826e-05, 1.9186e-05, 9.7571e-06, 7.4470e-05,
        5.6971e-05, 7.8096e-05, 1.3664e-08, 6.8829e-05, 5.7280e-07, 1.5009e-04,
        7.5564e-06, 3.8765e-06, 3.8675e-06, 6.2682e-05, 9.1379e-05],
       grad_fn=<CatBackward>)

mean_overall=tensor(4.6737e-05, grad_fn=<MeanBackward0>)

-----------------------------------------------ITERATION110-----------------------------------------------

final_causality=[[1, 1, 1, 1, 1, 1, 1, 1, 1, 1, 1, 1, 1], [1, 1, 1, 1, 1, 1, 1, 1, 1, 1, 1, 1, 1, 1, 1, 1, 1, 1, 1, 1, 1, 1, 1, 1, 1, 1, 1, 1, 1, 1, 1, 1, 1, 1, 1, 1, 1, 1, 1, 1, 1, 1, 1, 1, 1, 1, 1, 1, 1, 1], [1, 1, 1, 1, 1, 1, 1, 1, 1, 1, 1, 1, 1, 1, 1, 1, 1, 1, 1, 1, 1, 1, 1, 1, 1, 1, 1, 1, 1, 1, 1, 1, 1, 1, 1, 1, 1, 1, 1, 1, 1, 1, 1, 1, 1, 1, 1, 1, 1, 1]]

means=tensor([3.8748e-05, 0.0000e+00, 0.0000e+00, 3.1261e-04, 1.3506e-06, 2.6703e-05,
        5.4144e-05, 1.1350e-05, 0.0000e+00, 0.0000e+00, 0.0000e+00, 1.9726e-04,
        2.1145e-04, 8.5240e-05, 8.9874e-06, 1.3296e-05, 1.3375e-04, 4.3740e-05,
        9.5508e-05, 7.2462e-05, 1.7299e-04, 3.7640e-05, 6.4600e-05, 1.3208e-04,
        2.3778e-05, 3.4637e-05, 2.0072e-05, 5.9880e-05, 5.9040e-06, 5.6451e-05,
        4.1467e-05, 2.8704e-05, 1.1693e-04, 8.5931e-05, 2.0057e-04, 6.4080e-05,
        4.6582e-05, 9.8755e-05, 1.2945e-05, 3.0607e-05, 2.8871e-05, 1.1042e-06,
        1.1138e-04, 1.3781e-06, 6.0844e-05, 4.9227e-06, 1.1438e-05, 2.7623e-05,
        5.2188e-05, 2.4611e-05, 1.6200e-05, 3.0419e-05, 1.5913e-06, 7.4215e-05,
        4.8860e-06, 7.8334e-05, 2.2298e-05, 2.9991e-05, 7.3304e-06, 1.1439e-04,
        3.3508e-05, 4.4952e-05, 2.5668e-05, 4.1824e-05, 6.9830e-05, 1.0351e-05,
        6.9227e-05, 1.6099e-05, 1.4851e-05, 1.5807e-05, 8.9570e-05, 4.4335e-05,
        9.4600e-05, 5.5524e-05, 4.2379e-05, 3.6784e-06, 2.9834e-05, 9.6465e-05,
        3.4838e-05, 3.8843e-05, 4.3650e-05, 3.0693e-05, 1.0019e-04, 5.5727e-05,
        1.1930e-05, 3.3651e-05, 2.8836e-05, 5.6835e-07, 3.2395e-05, 4.2455e-06,
        5.1323e-05, 4.5097e-05, 7.5628e-06, 1.0616e-05, 4.3059e-06, 1.1771e-07,
        1.6021e-05, 5.1063e-05, 2.2937e-05, 1.9494e-05, 9.7162e-06, 7.8372e-05,
        5.7324e-05, 7.7947e-05, 2.0876e-08, 7.2374e-05, 5.8870e-07, 1.5431e-04,
        7.9756e-06, 3.8553e-06, 3.9451e-06, 5.8456e-05, 9.4057e-05],
       grad_fn=<CatBackward>)

mean_overall=tensor(4.7847e-05, grad_fn=<MeanBackward0>)

-----------------------------------------------ITERATION120-----------------------------------------------

final_causality=[[1, 1, 1, 1, 1, 1, 1, 1, 1, 1, 1, 1, 1], [1, 1, 1, 1, 1, 1, 1, 1, 1, 1, 1, 1, 1, 1, 1, 1, 1, 1, 1, 1, 1, 1, 1, 1, 1, 1, 1, 1, 1, 1, 1, 1, 1, 1, 1, 1, 1, 1, 1, 1, 1, 1, 1, 1, 1, 1, 1, 1, 1, 1], [1, 1, 1, 1, 1, 1, 1, 1, 1, 1, 1, 1, 1, 1, 1, 1, 1, 1, 1, 1, 1, 1, 1, 1, 1, 1, 1, 1, 1, 1, 1, 1, 1, 1, 1, 1, 1, 1, 1, 1, 1, 1, 1, 1, 1, 1, 1, 1, 1, 1]]

means=tensor([6.3833e-05, 0.0000e+00, 0.0000e+00, 3.5429e-04, 7.7455e-08, 2.0529e-05,
        5.4216e-05, 9.4855e-06, 0.0000e+00, 0.0000e+00, 0.0000e+00, 1.9580e-04,
        2.3852e-04, 8.7528e-05, 9.4038e-06, 1.3366e-05, 1.3386e-04, 4.3040e-05,
        9.5547e-05, 7.4780e-05, 1.7844e-04, 3.7179e-05, 6.5533e-05, 1.3551e-04,
        2.4236e-05, 3.4370e-05, 1.9214e-05, 6.0247e-05, 6.7865e-06, 5.6906e-05,
        4.0877e-05, 2.9634e-05, 1.1842e-04, 8.8192e-05, 1.9671e-04, 6.5683e-05,
        4.7457e-05, 9.9308e-05, 1.1621e-05, 3.0791e-05, 2.9567e-05, 1.2240e-06,
        1.1138e-04, 1.5400e-06, 6.2733e-05, 4.6849e-06, 1.1198e-05, 3.1014e-05,
        5.2105e-05, 2.5805e-05, 1.6191e-05, 3.0552e-05, 1.3435e-06, 7.3785e-05,
        4.4617e-06, 7.8921e-05, 2.2891e-05, 3.1137e-05, 7.7155e-06, 1.1202e-04,
        3.3491e-05, 4.4696e-05, 2.5734e-05, 4.1315e-05, 7.2212e-05, 1.0368e-05,
        6.8974e-05, 1.5654e-05, 1.4824e-05, 1.6202e-05, 9.2542e-05, 4.3715e-05,
        9.5480e-05, 5.3141e-05, 4.3127e-05, 3.6529e-06, 3.0856e-05, 9.6570e-05,
        3.4065e-05, 4.0488e-05, 4.6114e-05, 3.0475e-05, 1.0404e-04, 5.5711e-05,
        1.1882e-05, 3.2716e-05, 2.8140e-05, 5.6468e-07, 3.2000e-05, 4.2491e-06,
        4.7971e-05, 4.5413e-05, 7.8302e-06, 1.0643e-05, 4.3320e-06, 1.1191e-07,
        1.6288e-05, 5.4897e-05, 2.5074e-05, 1.9863e-05, 9.7087e-06, 8.2366e-05,
        5.7760e-05, 7.7874e-05, 2.2970e-08, 7.5973e-05, 6.2057e-07, 1.5864e-04,
        8.3584e-06, 3.8438e-06, 3.9936e-06, 5.4193e-05, 9.6993e-05],
       grad_fn=<CatBackward>)

mean_overall=tensor(4.9004e-05, grad_fn=<MeanBackward0>)

-----------------------------------------------ITERATION130-----------------------------------------------

final_causality=[[1, 1, 1, 1, 1, 1, 1, 1, 1, 1, 1, 1, 1], [1, 1, 1, 1, 1, 1, 1, 1, 1, 1, 1, 1, 1, 1, 1, 1, 1, 1, 1, 1, 1, 1, 1, 1, 1, 1, 1, 1, 1, 1, 1, 1, 1, 1, 1, 1, 1, 1, 1, 1, 1, 1, 1, 1, 1, 1, 1, 1, 1, 1], [1, 1, 1, 1, 1, 1, 1, 1, 1, 1, 1, 1, 1, 1, 1, 1, 1, 1, 1, 1, 1, 1, 1, 1, 1, 1, 1, 1, 1, 1, 1, 1, 1, 1, 1, 1, 1, 1, 1, 1, 1, 1, 1, 1, 1, 1, 1, 1, 1, 1]]

means=tensor([8.9885e-05, 0.0000e+00, 0.0000e+00, 3.9613e-04, 3.3261e-08, 1.4259e-05,
        5.4273e-05, 7.5224e-06, 0.0000e+00, 0.0000e+00, 0.0000e+00, 1.9439e-04,
        2.6651e-04, 8.9773e-05, 9.9385e-06, 1.3481e-05, 1.3390e-04, 4.2243e-05,
        9.6406e-05, 7.7114e-05, 1.8403e-04, 3.6648e-05, 6.6606e-05, 1.3902e-04,
        2.4641e-05, 3.4078e-05, 1.8287e-05, 6.0580e-05, 7.6079e-06, 5.7343e-05,
        4.0239e-05, 3.0679e-05, 1.1995e-04, 9.0479e-05, 1.9272e-04, 6.7271e-05,
        4.8307e-05, 9.9874e-05, 1.0397e-05, 3.1061e-05, 3.0248e-05, 1.4649e-06,
        1.1130e-04, 1.7703e-06, 6.4613e-05, 4.3681e-06, 1.0871e-05, 3.4329e-05,
        5.1963e-05, 2.6965e-05, 1.6163e-05, 3.0611e-05, 1.0168e-06, 7.5441e-05,
        3.9250e-06, 7.9445e-05, 2.3657e-05, 3.2262e-05, 8.1960e-06, 1.0974e-04,
        3.3445e-05, 4.4604e-05, 2.5773e-05, 4.0997e-05, 7.4636e-05, 1.0522e-05,
        6.8741e-05, 1.5191e-05, 1.4821e-05, 1.6947e-05, 9.5596e-05, 4.3098e-05,
        9.6467e-05, 5.0761e-05, 4.4923e-05, 3.6065e-06, 3.1879e-05, 9.6737e-05,
        3.3260e-05, 4.2148e-05, 4.8597e-05, 3.0280e-05, 1.0921e-04, 5.5707e-05,
        1.1856e-05, 3.1797e-05, 2.7457e-05, 5.7552e-07, 3.1619e-05, 4.2472e-06,
        4.4560e-05, 4.5772e-05, 8.0853e-06, 1.0694e-05, 4.3437e-06, 9.1102e-08,
        1.6576e-05, 5.8798e-05, 2.7235e-05, 2.0272e-05, 9.7173e-06, 8.6443e-05,
        5.8244e-05, 7.7841e-05, 9.0705e-09, 7.9638e-05, 6.4687e-07, 1.6308e-04,
        8.7274e-06, 3.8370e-06, 4.0293e-06, 4.9892e-05, 1.0068e-04],
       grad_fn=<CatBackward>)

mean_overall=tensor(5.0254e-05, grad_fn=<MeanBackward0>)

-----------------------------------------------ITERATION140-----------------------------------------------

final_causality=[[1, 1, 1, 1, 1, 1, 1, 1, 1, 1, 1, 1, 1], [1, 1, 1, 1, 1, 1, 1, 1, 1, 1, 1, 1, 1, 1, 1, 1, 1, 1, 1, 1, 1, 1, 1, 1, 1, 1, 1, 1, 1, 1, 1, 1, 1, 1, 1, 1, 1, 1, 1, 1, 1, 1, 1, 1, 1, 1, 1, 1, 1, 1], [1, 1, 1, 1, 1, 1, 1, 1, 1, 1, 1, 1, 1, 1, 1, 1, 1, 1, 1, 1, 1, 1, 1, 1, 1, 1, 1, 1, 1, 1, 1, 1, 1, 1, 1, 1, 1, 1, 1, 1, 1, 1, 1, 1, 1, 1, 1, 1, 1, 1]]

means=tensor([1.1674e-04, 0.0000e+00, 0.0000e+00, 4.3862e-04, 1.4201e-06, 7.7247e-06,
        5.4328e-05, 5.4924e-06, 0.0000e+00, 0.0000e+00, 0.0000e+00, 1.9302e-04,
        2.9553e-04, 9.2140e-05, 1.0490e-05, 1.3609e-05, 1.3396e-04, 4.1462e-05,
        9.9319e-05, 7.9537e-05, 1.8994e-04, 3.6131e-05, 6.7757e-05, 1.4276e-04,
        2.5108e-05, 3.3785e-05, 1.7397e-05, 6.0944e-05, 8.4806e-06, 5.7820e-05,
        3.9776e-05, 3.1783e-05, 1.2158e-04, 9.2851e-05, 1.8872e-04, 6.8930e-05,
        4.9233e-05, 1.0048e-04, 9.1308e-06, 3.1343e-05, 3.1005e-05, 1.7024e-06,
        1.1124e-04, 2.0064e-06, 6.6583e-05, 4.0586e-06, 1.0554e-05, 3.7866e-05,
        5.1832e-05, 2.8296e-05, 1.6145e-05, 3.0715e-05, 6.8856e-07, 7.7488e-05,
        3.3909e-06, 8.0005e-05, 2.4462e-05, 3.3420e-05, 8.6963e-06, 1.0743e-04,
        3.3457e-05, 4.4598e-05, 2.6914e-05, 4.0809e-05, 7.7309e-05, 1.0679e-05,
        6.8490e-05, 1.4715e-05, 1.4824e-05, 1.7716e-05, 9.8764e-05, 4.2467e-05,
        9.7476e-05, 4.8345e-05, 4.6766e-05, 3.5612e-06, 3.2932e-05, 9.6898e-05,
        3.2444e-05, 4.3868e-05, 5.1120e-05, 3.0077e-05, 1.1450e-04, 5.5693e-05,
        1.1909e-05, 3.0872e-05, 2.6756e-05, 5.8456e-07, 3.1225e-05, 4.2614e-06,
        4.1069e-05, 4.6146e-05, 8.3339e-06, 1.0743e-05, 4.3582e-06, 7.1254e-08,
        1.6873e-05, 6.2758e-05, 2.9537e-05, 2.0697e-05, 9.7233e-06, 9.0596e-05,
        5.8731e-05, 7.7800e-05, 2.7934e-09, 8.3402e-05, 6.7360e-07, 1.6763e-04,
        9.1168e-06, 3.8299e-06, 4.0723e-06, 4.7693e-05, 1.0446e-04],
       grad_fn=<CatBackward>)

mean_overall=tensor(5.1622e-05, grad_fn=<MeanBackward0>)

-----------------------------------------------ITERATION150-----------------------------------------------

final_causality=[[1, 1, 1, 1, 1, 1, 1, 1, 1, 1, 1, 1, 1], [1, 1, 1, 1, 1, 1, 1, 1, 1, 1, 1, 1, 1, 1, 1, 1, 1, 1, 1, 1, 1, 1, 1, 1, 1, 1, 1, 1, 1, 1, 1, 1, 1, 1, 1, 1, 1, 1, 1, 1, 1, 1, 1, 1, 1, 1, 1, 1, 1, 1], [1, 1, 1, 1, 1, 1, 1, 1, 1, 1, 1, 1, 1, 1, 1, 1, 1, 1, 1, 1, 1, 1, 1, 1, 1, 1, 1, 1, 1, 1, 1, 1, 1, 1, 1, 1, 1, 1, 1, 1, 1, 1, 1, 1, 1, 1, 1, 1, 1, 1]]

means=tensor([1.4441e-04, 2.7756e-17, 2.7756e-17, 4.8197e-04, 2.9336e-06, 8.6917e-07,
        5.4385e-05, 3.3992e-06, 2.7756e-17, 2.7756e-17, 2.7756e-17, 1.9169e-04,
        3.2570e-04, 9.4682e-05, 1.1033e-05, 1.3745e-05, 1.3409e-04, 4.0727e-05,
        1.0237e-04, 8.2077e-05, 1.9625e-04, 3.5652e-05, 6.9156e-05, 1.4681e-04,
        2.5672e-05, 3.3498e-05, 1.6568e-05, 6.1359e-05, 9.4350e-06, 5.8357e-05,
        3.9338e-05, 3.2934e-05, 1.2334e-04, 9.5325e-05, 1.8474e-04, 7.0685e-05,
        5.0264e-05, 1.0112e-04, 7.7849e-06, 3.1618e-05, 3.1865e-05, 1.9035e-06,
        1.1126e-04, 2.2321e-06, 6.8675e-05, 3.7787e-06, 1.0275e-05, 4.1715e-05,
        5.1730e-05, 2.9736e-05, 1.6144e-05, 3.0897e-05, 3.7938e-07, 7.9612e-05,
        2.8893e-06, 8.0627e-05, 2.5273e-05, 3.4630e-05, 9.1969e-06, 1.0508e-04,
        3.3629e-05, 4.4623e-05, 2.8170e-05, 4.4507e-05, 8.0304e-05, 1.0837e-05,
        6.8210e-05, 1.4224e-05, 1.4830e-05, 1.8505e-05, 1.0206e-04, 4.1818e-05,
        9.8486e-05, 4.5879e-05, 4.8661e-05, 3.5227e-06, 3.4031e-05, 9.7035e-05,
        3.1615e-05, 4.5665e-05, 5.3691e-05, 2.9855e-05, 1.1991e-04, 5.5664e-05,
        1.1975e-05, 2.9930e-05, 2.6027e-05, 5.8731e-07, 3.0811e-05, 4.3005e-06,
        3.7796e-05, 4.6530e-05, 8.5848e-06, 1.0786e-05, 4.3801e-06, 5.6704e-08,
        1.7177e-05, 6.6783e-05, 3.1978e-05, 2.1134e-05, 9.7220e-06, 9.4827e-05,
        5.9200e-05, 7.7740e-05, 7.6418e-09, 8.7283e-05, 7.0284e-07, 1.7229e-04,
        9.5403e-06, 3.8213e-06, 4.1293e-06, 4.8512e-05, 1.0833e-04],
       grad_fn=<CatBackward>)

mean_overall=tensor(5.3120e-05, grad_fn=<MeanBackward0>)

-----------------------------------------------ITERATION160-----------------------------------------------

final_causality=[[1, 1, 1, 1, 1, 1, 1, 1, 1, 1, 1, 1, 1], [1, 1, 1, 1, 1, 1, 1, 1, 1, 1, 1, 1, 1, 1, 1, 1, 1, 1, 1, 1, 1, 1, 1, 1, 1, 1, 1, 1, 1, 1, 1, 1, 1, 1, 1, 1, 1, 1, 1, 1, 1, 1, 1, 1, 1, 1, 1, 1, 1, 1], [1, 1, 1, 1, 1, 1, 1, 1, 1, 1, 1, 1, 1, 1, 1, 1, 1, 1, 1, 1, 1, 1, 1, 1, 1, 1, 1, 1, 1, 1, 1, 1, 1, 1, 1, 1, 1, 1, 1, 1, 1, 1, 1, 1, 1, 1, 1, 1, 1, 1]]

means=tensor([1.7296e-04, 0.0000e+00, 0.0000e+00, 5.2618e-04, 4.5179e-06, 2.1293e-07,
        5.4441e-05, 1.2333e-06, 0.0000e+00, 0.0000e+00, 0.0000e+00, 1.9042e-04,
        3.5699e-04, 9.7366e-05, 1.1592e-05, 1.3897e-05, 1.3424e-04, 4.0058e-05,
        1.0557e-04, 8.4719e-05, 2.0291e-04, 3.5191e-05, 7.0632e-05, 1.5104e-04,
        2.6308e-05, 3.3281e-05, 1.5778e-05, 6.1810e-05, 1.0445e-05, 5.8940e-05,
        3.8911e-05, 3.4149e-05, 1.2597e-04, 9.7893e-05, 1.8077e-04, 7.2520e-05,
        5.1381e-05, 1.0181e-04, 6.3965e-06, 3.1905e-05, 3.2810e-05, 2.0984e-06,
        1.1132e-04, 2.4632e-06, 7.0871e-05, 3.5086e-06, 1.0011e-05, 4.5813e-05,
        5.1642e-05, 3.1239e-05, 1.6156e-05, 3.1131e-05, 7.0635e-08, 8.1797e-05,
        2.3930e-06, 8.1376e-05, 2.6126e-05, 3.5884e-05, 9.7173e-06, 1.0272e-04,
        3.3834e-05, 4.4668e-05, 2.9465e-05, 4.8920e-05, 8.3439e-05, 1.0999e-05,
        6.7910e-05, 1.3713e-05, 1.4844e-05, 1.9320e-05, 1.0549e-04, 4.1154e-05,
        1.0163e-04, 4.3375e-05, 5.0607e-05, 3.4858e-06, 3.5172e-05, 9.7165e-05,
        3.0770e-05, 4.7533e-05, 5.6307e-05, 2.9625e-05, 1.2545e-04, 5.5626e-05,
        1.2050e-05, 2.9048e-05, 2.5274e-05, 5.8772e-07, 3.0843e-05, 4.3605e-06,
        3.6695e-05, 4.6931e-05, 8.8284e-06, 1.0974e-05, 4.4053e-06, 4.3597e-08,
        1.7492e-05, 7.0870e-05, 3.4465e-05, 2.1588e-05, 9.7177e-06, 9.9141e-05,
        5.9659e-05, 7.7672e-05, 9.7328e-09, 9.1279e-05, 7.3780e-07, 1.7708e-04,
        9.9922e-06, 3.8125e-06, 4.1962e-06, 4.9361e-05, 1.1258e-04],
       grad_fn=<CatBackward>)

mean_overall=tensor(5.4794e-05, grad_fn=<MeanBackward0>)

-----------------------------------------------ITERATION170-----------------------------------------------

final_causality=[[1, 1, 1, 1, 1, 1, 1, 1, 1, 1, 1, 1, 1], [1, 1, 1, 1, 1, 1, 1, 1, 1, 1, 1, 1, 1, 1, 1, 1, 1, 1, 1, 1, 1, 1, 1, 1, 1, 1, 1, 1, 1, 1, 1, 1, 1, 1, 1, 1, 1, 1, 1, 1, 1, 1, 1, 1, 1, 1, 1, 1, 1, 1], [1, 1, 1, 1, 1, 1, 1, 1, 1, 1, 1, 1, 1, 1, 1, 1, 1, 1, 1, 1, 1, 1, 1, 1, 1, 1, 1, 1, 1, 1, 1, 1, 1, 1, 1, 1, 1, 1, 1, 1, 1, 1, 1, 1, 1, 1, 1, 1, 1, 1]]

means=tensor([2.0242e-04, 2.7756e-17, 2.7756e-17, 5.7117e-04, 6.1828e-06, 3.8933e-07,
        5.4489e-05, 8.7747e-07, 2.7756e-17, 2.7756e-17, 2.7756e-17, 1.8921e-04,
        3.8938e-04, 1.0016e-04, 1.2193e-05, 1.4075e-05, 1.3441e-04, 3.9461e-05,
        1.0910e-04, 8.7450e-05, 2.0990e-04, 3.4729e-05, 7.2167e-05, 1.5543e-04,
        2.6994e-05, 3.4453e-05, 1.5004e-05, 6.2283e-05, 1.1483e-05, 5.9557e-05,
        3.8483e-05, 3.5447e-05, 1.3039e-04, 1.0054e-04, 1.7678e-04, 7.4417e-05,
        5.2563e-05, 1.0253e-04, 5.0022e-06, 3.2223e-05, 3.3821e-05, 2.3183e-06,
        1.1139e-04, 2.7165e-06, 7.3153e-05, 3.2282e-06, 9.7382e-06, 5.0097e-05,
        5.1567e-05, 3.2787e-05, 1.6174e-05, 3.1391e-05, 1.1992e-07, 8.4023e-05,
        1.8742e-06, 8.2392e-05, 2.7058e-05, 3.7170e-05, 1.0277e-05, 1.0038e-04,
        3.4345e-05, 4.5609e-05, 3.0790e-05, 5.3398e-05, 8.6704e-05, 1.1169e-05,
        6.7598e-05, 1.3183e-05, 1.4869e-05, 2.0164e-05, 1.0903e-04, 4.0480e-05,
        1.0562e-04, 4.0845e-05, 5.2605e-05, 3.4452e-06, 3.6346e-05, 9.7305e-05,
        2.9902e-05, 4.9460e-05, 5.8964e-05, 2.9393e-05, 1.3110e-04, 5.5581e-05,
        1.2193e-05, 2.8170e-05, 2.4502e-05, 5.8988e-07, 3.0939e-05, 4.4362e-06,
        3.5562e-05, 4.7359e-05, 9.0537e-06, 1.1443e-05, 4.4293e-06, 2.7919e-08,
        1.7820e-05, 7.5018e-05, 3.6994e-05, 2.2069e-05, 9.7150e-06, 1.0354e-04,
        6.0119e-05, 7.7605e-05, 1.3613e-08, 9.5383e-05, 7.7466e-07, 1.8200e-04,
        1.0464e-05, 3.8046e-06, 4.2682e-06, 5.0239e-05, 1.1731e-04],
       grad_fn=<CatBackward>)

mean_overall=tensor(5.6609e-05, grad_fn=<MeanBackward0>)

-----------------------------------------------ITERATION180-----------------------------------------------

final_causality=[[1, 1, 1, 1, 1, 1, 1, 1, 1, 1, 1, 1, 1], [1, 1, 1, 1, 1, 1, 1, 1, 1, 1, 1, 1, 1, 1, 1, 1, 1, 1, 1, 1, 1, 1, 1, 1, 1, 1, 1, 1, 1, 1, 1, 1, 1, 1, 1, 1, 1, 1, 1, 1, 1, 1, 1, 1, 1, 1, 1, 1, 1, 1], [1, 1, 1, 1, 1, 1, 1, 1, 1, 1, 1, 1, 1, 1, 1, 1, 1, 1, 1, 1, 1, 1, 1, 1, 1, 1, 1, 1, 1, 1, 1, 1, 1, 1, 1, 1, 1, 1, 1, 1, 1, 1, 1, 1, 1, 1, 1, 1, 1, 1]]

means=tensor([2.3279e-04, 2.7756e-17, 0.0000e+00, 6.1700e-04, 7.9322e-06, 8.0211e-06,
        5.4530e-05, 3.2125e-06, 2.7756e-17, 2.7756e-17, 2.7756e-17, 1.8808e-04,
        4.2286e-04, 1.0306e-04, 1.2841e-05, 1.4282e-05, 1.3458e-04, 3.8856e-05,
        1.1277e-04, 9.0270e-05, 2.1721e-04, 3.4266e-05, 7.4448e-05, 1.5999e-04,
        2.7727e-05, 3.5923e-05, 1.4246e-05, 6.2776e-05, 1.2546e-05, 6.0207e-05,
        3.8053e-05, 3.6836e-05, 1.3501e-04, 1.0327e-04, 1.7277e-04, 7.6377e-05,
        5.3808e-05, 1.0329e-04, 3.6083e-06, 3.2578e-05, 3.4898e-05, 2.5689e-06,
        1.1148e-04, 2.9958e-06, 7.5521e-05, 2.9343e-06, 9.4547e-06, 5.4567e-05,
        5.1511e-05, 3.4381e-05, 1.6199e-05, 3.1672e-05, 1.7594e-07, 8.6292e-05,
        1.3277e-06, 8.3427e-05, 2.8079e-05, 3.8488e-05, 1.0882e-05, 9.8063e-05,
        3.4907e-05, 4.6870e-05, 3.2148e-05, 5.7939e-05, 9.0103e-05, 1.1347e-05,
        6.7274e-05, 1.2631e-05, 1.4908e-05, 2.1042e-05, 1.1269e-04, 3.9797e-05,
        1.0970e-04, 4.0109e-05, 5.4655e-05, 3.4003e-06, 3.7556e-05, 9.7456e-05,
        2.9012e-05, 5.1445e-05, 6.1659e-05, 2.9162e-05, 1.3688e-04, 5.5532e-05,
        1.2339e-05, 2.7290e-05, 2.3711e-05, 5.9450e-07, 3.1042e-05, 4.5278e-06,
        3.4395e-05, 4.7815e-05, 9.2564e-06, 1.1922e-05, 4.4516e-06, 8.9531e-09,
        1.8165e-05, 7.9224e-05, 3.9566e-05, 2.2578e-05, 9.7148e-06, 1.0803e-04,
        6.0579e-05, 7.7543e-05, 2.0060e-08, 9.9598e-05, 8.1040e-07, 1.8705e-04,
        1.0957e-05, 3.7980e-06, 4.3450e-06, 5.1145e-05, 1.2219e-04],
       grad_fn=<CatBackward>)

mean_overall=tensor(5.8600e-05, grad_fn=<MeanBackward0>)

-----------------------------------------------ITERATION190-----------------------------------------------

final_causality=[[1, 1, 1, 1, 1, 1, 1, 1, 1, 1, 1, 1, 1], [1, 1, 1, 1, 1, 1, 1, 1, 1, 1, 1, 1, 1, 1, 1, 1, 1, 1, 1, 1, 1, 1, 1, 1, 1, 1, 1, 1, 1, 1, 1, 1, 1, 1, 1, 1, 1, 1, 1, 1, 1, 1, 1, 1, 1, 1, 1, 1, 1, 1], [1, 1, 1, 1, 1, 1, 1, 1, 1, 1, 1, 1, 1, 1, 1, 1, 1, 1, 1, 1, 1, 1, 1, 1, 1, 1, 1, 1, 1, 1, 1, 1, 1, 1, 1, 1, 1, 1, 1, 1, 1, 1, 1, 1, 1, 1, 1, 1, 1, 1]]

means=tensor([2.6413e-04, 0.0000e+00, 0.0000e+00, 6.6379e-04, 9.7676e-06, 1.5909e-05,
        5.4562e-05, 5.6320e-06, 0.0000e+00, 0.0000e+00, 0.0000e+00, 1.8702e-04,
        4.5751e-04, 1.0608e-04, 1.3529e-05, 1.4516e-05, 1.3477e-04, 3.8254e-05,
        1.1658e-04, 9.3190e-05, 2.2489e-04, 3.3808e-05, 7.7443e-05, 1.6472e-04,
        2.8520e-05, 3.7401e-05, 1.3509e-05, 6.3296e-05, 1.3644e-05, 6.0895e-05,
        3.7625e-05, 3.8316e-05, 1.3984e-04, 1.0608e-04, 1.6877e-04, 7.8408e-05,
        5.6187e-05, 1.0408e-04, 2.2044e-06, 3.2964e-05, 3.6051e-05, 2.8414e-06,
        1.1159e-04, 3.2980e-06, 7.7990e-05, 2.6333e-06, 9.1678e-06, 5.9257e-05,
        5.1457e-05, 3.6031e-05, 1.6234e-05, 3.1985e-05, 4.8635e-07, 8.8612e-05,
        7.6114e-07, 8.4490e-05, 2.9184e-05, 3.9997e-05, 1.1526e-05, 9.5773e-05,
        3.5506e-05, 4.8163e-05, 3.3545e-05, 6.2547e-05, 9.3651e-05, 1.1534e-05,
        6.6935e-05, 1.2056e-05, 1.4959e-05, 2.1953e-05, 1.1647e-04, 3.9102e-05,
        1.1387e-04, 4.0593e-05, 5.6762e-05, 3.3526e-06, 3.8807e-05, 9.7616e-05,
        2.8097e-05, 5.3495e-05, 6.4399e-05, 2.8930e-05, 1.4278e-04, 5.5476e-05,
        1.2732e-05, 2.6404e-05, 2.2894e-05, 6.0039e-07, 3.1149e-05, 4.6389e-06,
        3.3194e-05, 4.8298e-05, 9.4370e-06, 1.2411e-05, 4.4733e-06, 1.2064e-08,
        1.8526e-05, 8.3493e-05, 4.2184e-05, 2.3114e-05, 9.7155e-06, 1.1261e-04,
        6.1030e-05, 7.7481e-05, 2.7700e-08, 1.0393e-04, 8.4556e-07, 1.9223e-04,
        1.1475e-05, 3.7923e-06, 4.4290e-06, 5.2080e-05, 1.2721e-04],
       grad_fn=<CatBackward>)

mean_overall=tensor(6.0692e-05, grad_fn=<MeanBackward0>)

-----------------------------------------------ITERATION200-----------------------------------------------

final_causality=[[1, 1, 1, 1, 1, 1, 1, 1, 1, 1, 1, 1, 1], [1, 1, 1, 1, 1, 1, 1, 1, 1, 1, 1, 1, 1, 1, 1, 1, 1, 1, 1, 1, 1, 1, 1, 1, 1, 1, 1, 1, 1, 1, 1, 1, 1, 1, 1, 1, 1, 1, 1, 1, 1, 1, 1, 1, 1, 1, 1, 1, 1, 1], [1, 1, 1, 1, 1, 1, 1, 1, 1, 1, 1, 1, 1, 1, 1, 1, 1, 1, 1, 1, 1, 1, 1, 1, 1, 1, 1, 1, 1, 1, 1, 1, 1, 1, 1, 1, 1, 1, 1, 1, 1, 1, 1, 1, 1, 1, 1, 1, 1, 1]]

means=tensor([2.9647e-04, 0.0000e+00, 0.0000e+00, 7.1167e-04, 1.1692e-05, 2.4073e-05,
        5.4588e-05, 8.1394e-06, 0.0000e+00, 0.0000e+00, 0.0000e+00, 1.8604e-04,
        4.9338e-04, 1.0925e-04, 1.4403e-05, 1.4779e-05, 1.3539e-04, 3.7662e-05,
        1.2055e-04, 9.6219e-05, 2.3294e-04, 3.3359e-05, 8.0530e-05, 1.6965e-04,
        2.9383e-05, 3.8889e-05, 1.2904e-05, 6.3847e-05, 1.4784e-05, 6.1628e-05,
        3.7203e-05, 3.9889e-05, 1.4488e-04, 1.0900e-04, 1.6478e-04, 8.0520e-05,
        5.8806e-05, 1.0491e-04, 7.8273e-07, 3.3381e-05, 3.7289e-05, 3.1304e-06,
        1.1173e-04, 3.6214e-06, 8.0569e-05, 2.3289e-06, 8.8829e-06, 6.4195e-05,
        5.1411e-05, 3.7746e-05, 1.6280e-05, 3.2338e-05, 8.0860e-07, 9.0992e-05,
        1.7864e-07, 8.5583e-05, 3.0369e-05, 4.1636e-05, 1.2207e-05, 9.3504e-05,
        3.6145e-05, 4.9493e-05, 3.4988e-05, 6.7226e-05, 9.7361e-05, 1.1729e-05,
        6.6578e-05, 1.1453e-05, 1.5023e-05, 2.2900e-05, 1.2039e-04, 3.8395e-05,
        1.1812e-04, 4.1089e-05, 5.8930e-05, 3.3033e-06, 4.0105e-05, 9.7779e-05,
        2.7773e-05, 5.5618e-05, 6.7186e-05, 2.8694e-05, 1.4881e-04, 5.5412e-05,
        1.3184e-05, 2.5508e-05, 2.2047e-05, 6.0673e-07, 3.1259e-05, 4.7731e-06,
        3.1956e-05, 4.8811e-05, 9.5954e-06, 1.2909e-05, 4.4953e-06, 3.4391e-08,
        1.8903e-05, 8.7825e-05, 4.4852e-05, 2.3679e-05, 9.7164e-06, 1.1729e-04,
        6.1465e-05, 7.7417e-05, 3.5582e-08, 1.0839e-04, 8.8057e-07, 1.9756e-04,
        1.2024e-05, 3.7874e-06, 4.5221e-06, 5.3044e-05, 1.3237e-04],
       grad_fn=<CatBackward>)

mean_overall=tensor(6.2873e-05, grad_fn=<MeanBackward0>)

-----------------------------------------------ITERATION210-----------------------------------------------

final_causality=[[1, 1, 1, 1, 1, 1, 1, 1, 1, 1, 1, 1, 1], [1, 1, 1, 1, 1, 1, 1, 1, 1, 1, 1, 1, 1, 1, 1, 1, 1, 1, 1, 1, 1, 1, 1, 1, 1, 1, 1, 1, 1, 1, 1, 1, 1, 1, 1, 1, 1, 1, 1, 1, 1, 1, 1, 1, 1, 1, 1, 1, 1, 1], [1, 1, 1, 1, 1, 1, 1, 1, 1, 1, 1, 1, 1, 1, 1, 1, 1, 1, 1, 1, 1, 1, 1, 1, 1, 1, 1, 1, 1, 1, 1, 1, 1, 1, 1, 1, 1, 1, 1, 1, 1, 1, 1, 1, 1, 1, 1, 1, 1, 1]]

means=tensor([3.2987e-04, 2.7756e-17, 2.7756e-17, 7.6074e-04, 1.3710e-05, 3.2525e-05,
        5.4605e-05, 1.0739e-05, 2.7756e-17, 2.7756e-17, 2.7756e-17, 1.8513e-04,
        5.3053e-04, 1.1256e-04, 1.5357e-05, 1.5072e-05, 1.3640e-04, 3.7079e-05,
        1.2467e-04, 9.9362e-05, 2.4138e-04, 3.2920e-05, 8.3715e-05, 1.7478e-04,
        3.0321e-05, 4.0386e-05, 1.2447e-05, 6.4430e-05, 1.5968e-05, 6.2406e-05,
        3.6787e-05, 4.1562e-05, 1.5016e-04, 1.1201e-04, 1.6081e-04, 8.2716e-05,
        6.1571e-05, 1.0578e-04, 8.6228e-08, 3.3829e-05, 3.8933e-05, 3.4372e-06,
        1.1190e-04, 3.9683e-06, 8.3266e-05, 2.0203e-06, 8.5996e-06, 6.9396e-05,
        5.1372e-05, 3.9533e-05, 1.6338e-05, 3.2842e-05, 1.1439e-06, 9.3437e-05,
        1.7856e-07, 8.6709e-05, 3.1641e-05, 4.3332e-05, 1.2929e-05, 9.1261e-05,
        3.6827e-05, 5.0862e-05, 3.6480e-05, 7.1979e-05, 1.0124e-04, 1.2320e-05,
        6.6200e-05, 1.0821e-05, 1.5100e-05, 2.3884e-05, 1.2445e-04, 3.7674e-05,
        1.2246e-04, 4.1597e-05, 6.1165e-05, 3.2523e-06, 4.1453e-05, 9.7948e-05,
        2.7790e-05, 5.7815e-05, 7.0023e-05, 2.8611e-05, 1.5499e-04, 5.5340e-05,
        1.3665e-05, 2.4602e-05, 2.1214e-05, 6.1366e-07, 3.1373e-05, 4.9323e-06,
        3.0679e-05, 4.9353e-05, 9.7287e-06, 1.3417e-05, 4.5177e-06, 5.8252e-08,
        1.9298e-05, 9.2225e-05, 4.7573e-05, 2.4275e-05, 9.7176e-06, 1.2207e-04,
        6.1879e-05, 7.7349e-05, 4.3820e-08, 1.1299e-04, 9.1540e-07, 2.0305e-04,
        1.2606e-05, 3.7833e-06, 4.6250e-06, 5.4040e-05, 1.3770e-04],
       grad_fn=<CatBackward>)

mean_overall=tensor(6.5161e-05, grad_fn=<MeanBackward0>)

-----------------------------------------------ITERATION220-----------------------------------------------

final_causality=[[1, 1, 1, 1, 1, 1, 1, 1, 1, 1, 1, 1, 1], [1, 1, 1, 1, 1, 1, 1, 1, 1, 1, 1, 1, 1, 1, 1, 1, 1, 1, 1, 1, 1, 1, 1, 1, 1, 1, 1, 1, 1, 1, 1, 1, 1, 1, 1, 1, 1, 1, 1, 1, 1, 1, 1, 1, 1, 1, 1, 1, 1, 1], [1, 1, 1, 1, 1, 1, 1, 1, 1, 1, 1, 1, 1, 1, 1, 1, 1, 1, 1, 1, 1, 1, 1, 1, 1, 1, 1, 1, 1, 1, 1, 1, 1, 1, 1, 1, 1, 1, 1, 1, 1, 1, 1, 1, 1, 1, 1, 1, 1, 1]]

means=tensor([3.6439e-04, 0.0000e+00, 0.0000e+00, 8.1108e-04, 1.5829e-05, 4.1274e-05,
        5.4614e-05, 1.3437e-05, 0.0000e+00, 0.0000e+00, 0.0000e+00, 1.8432e-04,
        5.6902e-04, 1.1603e-04, 1.6387e-05, 1.5397e-05, 1.3745e-04, 3.6505e-05,
        1.2897e-04, 1.0262e-04, 2.5023e-04, 3.2490e-05, 8.6999e-05, 1.8011e-04,
        3.1336e-05, 4.1894e-05, 1.1992e-05, 6.5046e-05, 1.7322e-05, 6.3230e-05,
        3.6377e-05, 4.3342e-05, 1.5568e-04, 1.1512e-04, 1.5685e-04, 8.4998e-05,
        6.4488e-05, 1.0669e-04, 1.3615e-06, 3.4312e-05, 4.1603e-05, 3.7658e-06,
        1.1211e-04, 4.3421e-06, 8.6084e-05, 1.7051e-06, 8.3162e-06, 7.4867e-05,
        5.1339e-05, 4.1393e-05, 1.6535e-05, 3.3493e-05, 1.4946e-06, 9.5948e-05,
        4.0945e-07, 8.7866e-05, 3.3008e-05, 4.5089e-05, 1.3693e-05, 8.9048e-05,
        3.7553e-05, 5.2271e-05, 3.8025e-05, 7.6808e-05, 1.0531e-04, 1.3235e-05,
        6.5801e-05, 1.0157e-05, 1.5192e-05, 2.4909e-05, 1.2865e-04, 3.6939e-05,
        1.2690e-04, 4.2119e-05, 6.3469e-05, 3.1993e-06, 4.2854e-05, 9.8123e-05,
        2.7808e-05, 6.0089e-05, 7.2911e-05, 2.8533e-05, 1.6130e-04, 5.5260e-05,
        1.4174e-05, 2.3682e-05, 2.0380e-05, 6.2160e-07, 3.1491e-05, 5.1177e-06,
        3.0263e-05, 4.9929e-05, 9.8335e-06, 1.3937e-05, 4.5520e-06, 8.4087e-08,
        1.9713e-05, 9.6692e-05, 5.0349e-05, 2.4904e-05, 9.7196e-06, 1.2696e-04,
        6.2269e-05, 7.7279e-05, 5.2852e-08, 1.1773e-04, 9.4984e-07, 2.0869e-04,
        1.3223e-05, 3.7802e-06, 4.7381e-06, 5.5066e-05, 1.4319e-04],
       grad_fn=<CatBackward>)

mean_overall=tensor(6.7576e-05, grad_fn=<MeanBackward0>)

-----------------------------------------------ITERATION230-----------------------------------------------

final_causality=[[1, 1, 1, 1, 1, 1, 1, 1, 1, 1, 1, 1, 1], [1, 1, 1, 1, 1, 1, 1, 1, 1, 1, 1, 1, 1, 1, 1, 1, 1, 1, 1, 1, 1, 1, 1, 1, 1, 1, 1, 1, 1, 1, 1, 1, 1, 1, 1, 1, 1, 1, 1, 1, 1, 1, 1, 1, 1, 1, 1, 1, 1, 1], [1, 1, 1, 1, 1, 1, 1, 1, 1, 1, 1, 1, 1, 1, 1, 1, 1, 1, 1, 1, 1, 1, 1, 1, 1, 1, 1, 1, 1, 1, 1, 1, 1, 1, 1, 1, 1, 1, 1, 1, 1, 1, 1, 1, 1, 1, 1, 1, 1, 1]]

means=tensor([4.0007e-04, 0.0000e+00, 0.0000e+00, 8.6280e-04, 1.8053e-05, 5.0335e-05,
        5.4613e-05, 1.6238e-05, 0.0000e+00, 0.0000e+00, 0.0000e+00, 1.8359e-04,
        6.0891e-04, 1.1966e-04, 1.7501e-05, 1.5758e-05, 1.3909e-04, 3.6030e-05,
        1.3344e-04, 1.0601e-04, 2.5950e-04, 3.2068e-05, 9.0389e-05, 1.8565e-04,
        3.2431e-05, 4.3414e-05, 1.1540e-05, 6.5695e-05, 1.8851e-05, 6.4102e-05,
        3.5972e-05, 4.5237e-05, 1.6145e-04, 1.1833e-04, 1.5292e-04, 8.7371e-05,
        6.7566e-05, 1.0764e-04, 3.1776e-06, 3.4832e-05, 4.4495e-05, 4.1178e-06,
        1.1235e-04, 4.7459e-06, 8.9029e-05, 1.3821e-06, 8.0323e-06, 8.0622e-05,
        5.1313e-05, 4.3331e-05, 1.7507e-05, 3.4197e-05, 1.8625e-06, 9.8530e-05,
        1.0213e-06, 8.9052e-05, 3.4479e-05, 4.6911e-05, 1.4504e-05, 8.6868e-05,
        3.8741e-05, 5.3723e-05, 3.9627e-05, 8.1715e-05, 1.0956e-04, 1.4167e-05,
        6.5381e-05, 9.4564e-06, 1.5299e-05, 2.5989e-05, 1.3299e-04, 3.6190e-05,
        1.3145e-04, 4.2654e-05, 6.5850e-05, 3.1441e-06, 4.4313e-05, 9.8306e-05,
        2.7828e-05, 6.2443e-05, 7.5854e-05, 2.8458e-05, 1.6777e-04, 5.7399e-05,
        1.4715e-05, 2.2748e-05, 1.9508e-05, 6.3071e-07, 3.1614e-05, 5.3313e-06,
        3.2853e-05, 5.0540e-05, 9.9066e-06, 1.4470e-05, 4.5904e-06, 1.1209e-07,
        2.0148e-05, 1.0123e-04, 5.3185e-05, 2.5567e-05, 9.7224e-06, 1.3198e-04,
        6.2630e-05, 7.7206e-05, 6.2832e-08, 1.2261e-04, 9.8380e-07, 2.1450e-04,
        1.3878e-05, 3.7783e-06, 4.8621e-06, 5.6123e-05, 1.4886e-04],
       grad_fn=<CatBackward>)

mean_overall=tensor(7.0153e-05, grad_fn=<MeanBackward0>)

-----------------------------------------------ITERATION240-----------------------------------------------

final_causality=[[1, 1, 1, 1, 1, 1, 1, 1, 1, 1, 1, 1, 1], [1, 1, 1, 1, 1, 1, 1, 1, 1, 1, 1, 1, 1, 1, 1, 1, 1, 1, 1, 1, 1, 1, 1, 1, 1, 1, 1, 1, 1, 1, 1, 1, 1, 1, 1, 1, 1, 1, 1, 1, 1, 1, 1, 1, 1, 1, 1, 1, 1, 1], [1, 1, 1, 1, 1, 1, 1, 1, 1, 1, 1, 1, 1, 1, 1, 1, 1, 1, 1, 1, 1, 1, 1, 1, 1, 1, 1, 1, 1, 1, 1, 1, 1, 1, 1, 1, 1, 1, 1, 1, 1, 1, 1, 1, 1, 1, 1, 1, 1, 1]]

means=tensor([4.3700e-04, 0.0000e+00, 0.0000e+00, 9.1603e-04, 2.0389e-05, 5.9726e-05,
        5.4601e-05, 1.9148e-05, 0.0000e+00, 2.7756e-17, 0.0000e+00, 1.8294e-04,
        6.5027e-04, 1.2347e-04, 1.8706e-05, 1.6156e-05, 1.4186e-04, 3.5577e-05,
        1.3810e-04, 1.0953e-04, 2.6921e-04, 3.1656e-05, 9.3889e-05, 1.9142e-04,
        3.3614e-05, 4.4945e-05, 1.1090e-05, 6.6381e-05, 2.0484e-05, 6.5024e-05,
        3.7590e-05, 4.7255e-05, 1.6748e-04, 1.2166e-04, 1.4901e-04, 8.9839e-05,
        7.0818e-05, 1.0863e-04, 5.0166e-06, 3.5392e-05, 4.7628e-05, 4.4938e-06,
        1.1262e-04, 5.1819e-06, 9.2110e-05, 1.0508e-06, 7.7484e-06, 8.6681e-05,
        5.1294e-05, 4.5354e-05, 1.8499e-05, 3.4957e-05, 2.2482e-06, 1.0119e-04,
        1.6592e-06, 9.0271e-05, 3.6057e-05, 4.8850e-05, 1.5362e-05, 8.4723e-05,
        4.0678e-05, 5.5220e-05, 4.1290e-05, 8.6705e-05, 1.1402e-04, 1.5118e-05,
        6.4988e-05, 9.4420e-06, 1.5423e-05, 2.7122e-05, 1.3749e-04, 3.6487e-05,
        1.3611e-04, 4.3204e-05, 6.8311e-05, 3.0870e-06, 4.5834e-05, 9.8497e-05,
        2.7848e-05, 6.4882e-05, 7.9251e-05, 2.8384e-05, 1.7439e-04, 5.9960e-05,
        1.5288e-05, 2.2668e-05, 1.8592e-05, 6.4094e-07, 3.2436e-05, 5.5755e-06,
        3.5822e-05, 5.1273e-05, 9.9454e-06, 1.5016e-05, 4.6291e-06, 1.4227e-07,
        2.0606e-05, 1.0584e-04, 5.6083e-05, 2.6269e-05, 9.7262e-06, 1.3711e-04,
        6.2956e-05, 7.7130e-05, 7.3668e-08, 1.2765e-04, 1.0173e-06, 2.2049e-04,
        1.4574e-05, 3.7775e-06, 4.9982e-06, 5.8923e-05, 1.5471e-04],
       grad_fn=<CatBackward>)

mean_overall=tensor(7.2917e-05, grad_fn=<MeanBackward0>)

-----------------------------------------------ITERATION250-----------------------------------------------

final_causality=[[1, 1, 1, 1, 1, 1, 1, 1, 1, 1, 1, 1, 1], [1, 1, 1, 1, 1, 1, 1, 1, 1, 1, 1, 1, 1, 1, 1, 1, 1, 1, 1, 1, 1, 1, 1, 1, 1, 1, 1, 1, 1, 1, 1, 1, 1, 1, 1, 1, 1, 1, 1, 1, 1, 1, 1, 1, 1, 1, 1, 1, 1, 1], [1, 1, 1, 1, 1, 1, 1, 1, 1, 1, 1, 1, 1, 1, 1, 1, 1, 1, 1, 1, 1, 1, 1, 1, 1, 1, 1, 1, 1, 1, 1, 1, 1, 1, 1, 1, 1, 1, 1, 1, 1, 1, 1, 1, 1, 1, 1, 1, 1, 1]]

means=tensor([4.7525e-04, 0.0000e+00, 0.0000e+00, 9.7088e-04, 2.2844e-05, 6.9469e-05,
        5.4579e-05, 2.2174e-05, 0.0000e+00, 0.0000e+00, 0.0000e+00, 1.8239e-04,
        6.9319e-04, 1.2745e-04, 2.0007e-05, 1.6594e-05, 1.4468e-04, 3.5134e-05,
        1.4296e-04, 1.1318e-04, 2.7937e-04, 3.1254e-05, 9.7509e-05, 1.9741e-04,
        3.4890e-05, 4.6489e-05, 1.0645e-05, 6.7104e-05, 2.2234e-05, 6.5998e-05,
        3.9587e-05, 4.9402e-05, 1.7378e-04, 1.2511e-04, 1.4513e-04, 9.2485e-05,
        7.4254e-05, 1.0967e-04, 6.8828e-06, 3.5992e-05, 5.1022e-05, 4.8943e-06,
        1.1294e-04, 5.6528e-06, 9.5333e-05, 7.1026e-07, 7.4651e-06, 9.3064e-05,
        5.1283e-05, 4.7469e-05, 1.9516e-05, 3.5778e-05, 2.6531e-06, 1.0393e-04,
        2.3259e-06, 9.1522e-05, 3.7751e-05, 5.1026e-05, 1.6269e-05, 8.2612e-05,
        4.2703e-05, 5.6766e-05, 4.3020e-05, 9.1781e-05, 1.1870e-04, 1.6089e-05,
        6.4898e-05, 9.5798e-06, 1.5564e-05, 2.8305e-05, 1.4214e-04, 3.9381e-05,
        1.4088e-04, 4.3767e-05, 7.0859e-05, 3.0281e-06, 4.7422e-05, 9.8695e-05,
        2.7870e-05, 6.7411e-05, 8.2903e-05, 2.8313e-05, 1.8118e-04, 6.2676e-05,
        1.5898e-05, 2.3143e-05, 1.7628e-05, 6.5225e-07, 3.4204e-05, 5.8530e-06,
        3.9165e-05, 5.2062e-05, 9.9472e-06, 1.5576e-05, 4.8534e-06, 1.7463e-07,
        2.1088e-05, 1.1053e-04, 5.9047e-05, 2.7010e-05, 9.7308e-06, 1.4238e-04,
        6.3240e-05, 7.7048e-05, 8.5281e-08, 1.3285e-04, 1.0505e-06, 2.2665e-04,
        1.5316e-05, 3.7780e-06, 5.1475e-06, 6.4819e-05, 1.6075e-04],
       grad_fn=<CatBackward>)

mean_overall=tensor(7.5865e-05, grad_fn=<MeanBackward0>)

-----------------------------------------------ITERATION260-----------------------------------------------

final_causality=[[1, 1, 1, 1, 1, 1, 1, 1, 1, 1, 1, 1, 1], [1, 1, 1, 1, 1, 1, 1, 1, 1, 1, 1, 1, 1, 1, 1, 1, 1, 1, 1, 1, 1, 1, 1, 1, 1, 1, 1, 1, 1, 1, 1, 1, 1, 1, 1, 1, 1, 1, 1, 1, 1, 1, 1, 1, 1, 1, 1, 1, 1, 1], [1, 1, 1, 1, 1, 1, 1, 1, 1, 1, 1, 1, 1, 1, 1, 1, 1, 1, 1, 1, 1, 1, 1, 1, 1, 1, 1, 1, 1, 1, 1, 1, 1, 1, 1, 1, 1, 1, 1, 1, 1, 1, 1, 1, 1, 1, 1, 1, 1, 1]]

means=tensor([5.1490e-04, 2.7756e-17, 2.7756e-17, 1.0275e-03, 2.5426e-05, 7.9586e-05,
        5.4545e-05, 2.5324e-05, 2.7756e-17, 2.7756e-17, 2.7756e-17, 1.8193e-04,
        7.3776e-04, 1.3163e-04, 2.1415e-05, 1.7073e-05, 1.4754e-04, 3.4700e-05,
        1.4802e-04, 1.1698e-04, 2.9000e-04, 3.0863e-05, 1.0125e-04, 2.0364e-04,
        3.6267e-05, 4.8047e-05, 1.0203e-05, 6.7868e-05, 2.4109e-05, 6.7027e-05,
        4.1621e-05, 5.1687e-05, 1.8037e-04, 1.2867e-04, 1.4128e-04, 9.5487e-05,
        7.7888e-05, 1.1076e-04, 8.7805e-06, 3.6635e-05, 5.4699e-05, 5.3206e-06,
        1.1329e-04, 6.1620e-06, 9.8708e-05, 3.5923e-07, 7.1823e-06, 9.9789e-05,
        5.1280e-05, 4.9681e-05, 2.0560e-05, 3.6663e-05, 3.0787e-06, 1.0675e-04,
        3.0250e-06, 9.2808e-05, 3.9566e-05, 5.3289e-05, 1.7228e-05, 8.0538e-05,
        4.4822e-05, 5.8363e-05, 4.4823e-05, 9.6948e-05, 1.2360e-04, 1.7082e-05,
        6.4805e-05, 9.7276e-06, 1.5723e-05, 2.9542e-05, 1.4696e-04, 4.2352e-05,
        1.4578e-04, 4.4346e-05, 7.3606e-05, 2.9676e-06, 4.9082e-05, 9.8901e-05,
        2.7893e-05, 7.0033e-05, 8.6633e-05, 2.8243e-05, 1.8814e-04, 6.5524e-05,
        1.6546e-05, 2.3636e-05, 1.6611e-05, 6.6468e-07, 3.6023e-05, 6.1705e-06,
        4.2602e-05, 5.2901e-05, 9.9089e-06, 1.6152e-05, 5.3354e-06, 2.0928e-07,
        2.1597e-05, 1.1530e-04, 6.2135e-05, 2.7794e-05, 9.7362e-06, 1.4779e-04,
        6.3476e-05, 7.6961e-05, 9.7696e-08, 1.3823e-04, 1.0833e-06, 2.3301e-04,
        1.6108e-05, 3.7799e-06, 5.3112e-06, 7.0805e-05, 1.6700e-04],
       grad_fn=<CatBackward>)

mean_overall=tensor(7.8935e-05, grad_fn=<MeanBackward0>)

-----------------------------------------------ITERATION270-----------------------------------------------

final_causality=[[1, 1, 1, 1, 1, 1, 1, 1, 1, 1, 1, 1, 1], [1, 1, 1, 1, 1, 1, 1, 1, 1, 1, 1, 1, 1, 1, 1, 1, 1, 1, 1, 1, 1, 1, 1, 1, 1, 1, 1, 1, 1, 1, 1, 1, 1, 1, 1, 1, 1, 1, 1, 1, 1, 1, 1, 1, 1, 1, 1, 1, 1, 1], [1, 1, 1, 1, 1, 1, 1, 1, 1, 1, 1, 1, 1, 1, 1, 1, 1, 1, 1, 1, 1, 1, 1, 1, 1, 1, 1, 1, 1, 1, 1, 1, 1, 1, 1, 1, 1, 1, 1, 1, 1, 1, 1, 1, 1, 1, 1, 1, 1, 1]]

means=tensor([5.5605e-04, 2.7756e-17, 2.7756e-17, 1.0860e-03, 2.8143e-05, 9.0102e-05,
        5.4499e-05, 2.8605e-05, 2.7756e-17, 2.7756e-17, 2.7756e-17, 1.8156e-04,
        7.8408e-04, 1.3602e-04, 2.2937e-05, 1.7597e-05, 1.5046e-04, 3.4277e-05,
        1.5330e-04, 1.2094e-04, 3.0117e-04, 3.0661e-05, 1.0513e-04, 2.1012e-04,
        3.8041e-05, 4.9621e-05, 9.7649e-06, 6.8673e-05, 2.6121e-05, 6.8112e-05,
        4.3694e-05, 5.4119e-05, 1.8726e-04, 1.3237e-04, 1.3747e-04, 9.8614e-05,
        8.1732e-05, 1.1292e-04, 1.0714e-05, 3.7324e-05, 5.8684e-05, 5.7743e-06,
        1.1369e-04, 6.7132e-06, 1.0224e-04, 4.0938e-09, 6.8997e-06, 1.0688e-04,
        5.1287e-05, 5.2213e-05, 2.1637e-05, 3.7614e-05, 3.5270e-06, 1.0967e-04,
        3.7612e-06, 9.4128e-05, 4.1512e-05, 5.5643e-05, 1.8241e-05, 7.8502e-05,
        4.7043e-05, 6.0015e-05, 4.6901e-05, 1.0221e-04, 1.2874e-04, 1.8098e-05,
        6.4706e-05, 9.8862e-06, 1.5903e-05, 3.0836e-05, 1.5195e-04, 4.5405e-05,
        1.5081e-04, 4.4939e-05, 7.6718e-05, 2.9054e-06, 5.0820e-05, 1.0042e-04,
        2.7917e-05, 7.2756e-05, 9.0443e-05, 2.8176e-05, 1.9528e-04, 6.8515e-05,
        1.7235e-05, 2.4149e-05, 1.5536e-05, 6.7831e-07, 3.7895e-05, 6.5649e-06,
        4.6141e-05, 5.3792e-05, 9.8272e-06, 1.6744e-05, 5.8643e-06, 2.4638e-07,
        2.2133e-05, 1.2015e-04, 6.5307e-05, 2.8624e-05, 9.7427e-06, 1.5334e-04,
        6.3656e-05, 7.6866e-05, 1.1096e-07, 1.4378e-04, 1.1156e-06, 2.3957e-04,
        1.6953e-05, 3.7833e-06, 5.4904e-06, 7.6887e-05, 1.7347e-04],
       grad_fn=<CatBackward>)

mean_overall=tensor(8.2158e-05, grad_fn=<MeanBackward0>)

-----------------------------------------------ITERATION280-----------------------------------------------

final_causality=[[1, 1, 1, 1, 1, 1, 1, 1, 1, 1, 1, 1, 1], [1, 1, 1, 1, 1, 1, 1, 1, 1, 1, 1, 1, 1, 1, 1, 1, 1, 1, 1, 1, 1, 1, 1, 1, 1, 1, 1, 1, 1, 1, 1, 1, 1, 1, 1, 1, 1, 1, 1, 1, 1, 1, 1, 1, 1, 1, 1, 1, 1, 1], [1, 1, 1, 1, 1, 1, 1, 1, 1, 1, 1, 1, 1, 1, 1, 1, 1, 1, 1, 1, 1, 1, 1, 1, 1, 1, 1, 1, 1, 1, 1, 1, 1, 1, 1, 1, 1, 1, 1, 1, 1, 1, 1, 1, 1, 1, 1, 1, 1, 1]]

means=tensor([5.9879e-04, 0.0000e+00, 0.0000e+00, 1.1466e-03, 3.1003e-05, 1.0104e-04,
        5.4439e-05, 3.2026e-05, 0.0000e+00, 0.0000e+00, 0.0000e+00, 1.8127e-04,
        8.3225e-04, 1.4062e-04, 2.4583e-05, 1.8169e-05, 1.5342e-04, 3.3864e-05,
        1.5881e-04, 1.2505e-04, 3.1293e-04, 3.0598e-05, 1.0914e-04, 2.1686e-04,
        4.0320e-05, 5.1212e-05, 9.3303e-06, 6.9523e-05, 2.8280e-05, 6.9327e-05,
        4.5809e-05, 5.6708e-05, 1.9447e-04, 1.3619e-04, 1.3369e-04, 1.0187e-04,
        8.5800e-05, 1.1647e-04, 1.2689e-05, 3.8212e-05, 6.3000e-05, 6.2571e-06,
        1.1413e-04, 7.3107e-06, 1.0594e-04, 3.9760e-10, 6.6173e-06, 1.1435e-04,
        5.1304e-05, 5.5148e-05, 2.2749e-05, 3.8636e-05, 4.0000e-06, 1.1269e-04,
        4.5394e-06, 9.5485e-05, 4.3597e-05, 5.8096e-05, 1.9310e-05, 7.6505e-05,
        4.9373e-05, 6.1725e-05, 4.9103e-05, 1.0758e-04, 1.3414e-04, 1.9140e-05,
        6.4602e-05, 1.0056e-05, 1.6103e-05, 3.2191e-05, 1.5712e-04, 4.8546e-05,
        1.5597e-04, 4.5549e-05, 7.9985e-05, 2.8463e-06, 5.2640e-05, 1.0546e-04,
        2.8219e-05, 7.5583e-05, 9.4341e-05, 2.8111e-05, 2.0261e-04, 7.1659e-05,
        1.7968e-05, 2.4681e-05, 1.4395e-05, 6.9315e-07, 3.9826e-05, 7.0076e-06,
        4.9787e-05, 5.4740e-05, 9.6989e-06, 1.7354e-05, 6.4441e-06, 2.8604e-07,
        2.2699e-05, 1.2509e-04, 6.8560e-05, 2.9552e-05, 9.7501e-06, 1.5996e-04,
        6.3774e-05, 7.6764e-05, 1.2511e-07, 1.4953e-04, 1.1476e-06, 2.4634e-04,
        1.7857e-05, 3.7883e-06, 5.6864e-06, 8.3070e-05, 1.8016e-04],
       grad_fn=<CatBackward>)

mean_overall=tensor(8.5579e-05, grad_fn=<MeanBackward0>)

-----------------------------------------------ITERATION290-----------------------------------------------

final_causality=[[1, 1, 1, 1, 1, 1, 1, 1, 1, 1, 1, 1, 1], [1, 1, 1, 1, 1, 1, 1, 1, 1, 1, 1, 1, 1, 1, 1, 1, 1, 1, 1, 1, 1, 1, 1, 1, 1, 1, 1, 1, 1, 1, 1, 1, 1, 1, 1, 1, 1, 1, 1, 1, 1, 1, 1, 1, 1, 1, 1, 1, 1, 1], [1, 1, 1, 1, 1, 1, 1, 1, 1, 1, 1, 1, 1, 1, 1, 1, 1, 1, 1, 1, 1, 1, 1, 1, 1, 1, 1, 1, 1, 1, 1, 1, 1, 1, 1, 1, 1, 1, 1, 1, 1, 1, 1, 1, 1, 1, 1, 1, 1, 1]]

means=tensor([6.4323e-04, 2.7756e-17, 0.0000e+00, 1.2093e-03, 3.4017e-05, 1.1244e-04,
        5.4366e-05, 3.5596e-05, 2.7756e-17, 0.0000e+00, 2.7756e-17, 1.8108e-04,
        8.8238e-04, 1.4545e-04, 2.6363e-05, 1.8791e-05, 1.5643e-04, 3.3463e-05,
        1.6456e-04, 1.2934e-04, 3.2523e-04, 3.0547e-05, 1.1331e-04, 2.2387e-04,
        4.2780e-05, 5.2821e-05, 8.8992e-06, 7.0419e-05, 3.0601e-05, 7.2641e-05,
        4.7970e-05, 5.9464e-05, 2.0201e-04, 1.4016e-04, 1.2995e-04, 1.0527e-04,
        9.0106e-05, 1.2010e-04, 1.4710e-05, 3.9206e-05, 6.7675e-05, 6.7703e-06,
        1.1562e-04, 7.9587e-06, 1.0982e-04, 3.0100e-07, 6.3350e-06, 1.2223e-04,
        5.1331e-05, 5.8309e-05, 2.3902e-05, 3.9731e-05, 4.4998e-06, 1.1581e-04,
        5.3650e-06, 9.7943e-05, 4.5829e-05, 6.0757e-05, 2.0439e-05, 7.4547e-05,
        5.1823e-05, 6.3497e-05, 5.1405e-05, 1.1305e-04, 1.3980e-04, 2.0208e-05,
        6.4493e-05, 1.0250e-05, 1.6326e-05, 3.3612e-05, 1.6248e-04, 5.1781e-05,
        1.6129e-04, 4.6175e-05, 8.3555e-05, 2.7918e-06, 5.4550e-05, 1.1062e-04,
        2.8596e-05, 7.8520e-05, 9.8331e-05, 2.8048e-05, 2.1014e-04, 7.4967e-05,
        1.8748e-05, 2.5236e-05, 1.3185e-05, 7.0923e-07, 4.1821e-05, 7.5024e-06,
        5.3864e-05, 5.5748e-05, 9.5205e-06, 1.7984e-05, 7.0788e-06, 3.2839e-07,
        2.3298e-05, 1.3012e-04, 7.2264e-05, 3.0613e-05, 9.7586e-06, 1.6690e-04,
        6.3821e-05, 7.6652e-05, 1.4327e-07, 1.5547e-04, 1.1793e-06, 2.5333e-04,
        1.8825e-05, 3.7951e-06, 5.9008e-06, 8.9385e-05, 1.8708e-04],
       grad_fn=<CatBackward>)

mean_overall=tensor(8.9191e-05, grad_fn=<MeanBackward0>)

-----------------------------------------------ITERATION300-----------------------------------------------

final_causality=[[1, 1, 1, 1, 1, 1, 1, 1, 1, 1, 1, 1, 1], [1, 1, 1, 1, 1, 1, 1, 1, 1, 1, 1, 1, 1, 1, 1, 1, 1, 1, 1, 1, 1, 1, 1, 1, 1, 1, 1, 1, 1, 1, 1, 1, 1, 1, 1, 1, 1, 1, 1, 1, 1, 1, 1, 1, 1, 1, 1, 1, 1, 1], [1, 1, 1, 1, 1, 1, 1, 1, 1, 1, 1, 1, 1, 1, 1, 1, 1, 1, 1, 1, 1, 1, 1, 1, 1, 1, 1, 1, 1, 1, 1, 1, 1, 1, 1, 1, 1, 1, 1, 1, 1, 1, 1, 1, 1, 1, 1, 1, 1, 1]]

means=tensor([6.8947e-04, 0.0000e+00, 0.0000e+00, 1.2744e-03, 3.7195e-05, 1.2431e-04,
        5.4277e-05, 3.9325e-05, 0.0000e+00, 0.0000e+00, 0.0000e+00, 1.8097e-04,
        9.3460e-04, 1.5052e-04, 2.8289e-05, 1.9466e-05, 1.5950e-04, 3.3074e-05,
        1.7056e-04, 1.3381e-04, 3.3809e-04, 3.0509e-05, 1.1762e-04, 2.3117e-04,
        4.5438e-05, 5.4449e-05, 8.4711e-06, 7.1364e-05, 3.3095e-05, 7.6102e-05,
        5.0182e-05, 6.2399e-05, 2.0989e-04, 1.4428e-04, 1.2626e-04, 1.0882e-04,
        9.4666e-05, 1.2382e-04, 1.6786e-05, 4.0265e-05, 7.2737e-05, 7.3157e-06,
        1.1865e-04, 8.6622e-06, 1.1389e-04, 6.1507e-07, 6.0524e-06, 1.3055e-04,
        5.1368e-05, 6.1627e-05, 2.5099e-05, 4.0904e-05, 5.0288e-06, 1.1904e-04,
        6.2443e-06, 1.0060e-04, 4.8220e-05, 6.3629e-05, 2.1628e-05, 7.2628e-05,
        5.4400e-05, 6.5335e-05, 5.3815e-05, 1.1863e-04, 1.4575e-04, 2.1305e-05,
        6.4378e-05, 1.0530e-05, 1.6573e-05, 3.5103e-05, 1.6804e-04, 5.5115e-05,
        1.6676e-04, 4.6818e-05, 8.7277e-05, 2.7354e-06, 5.6555e-05, 1.1591e-04,
        2.8991e-05, 8.1574e-05, 1.0242e-04, 2.7988e-05, 2.1787e-04, 7.8452e-05,
        1.9578e-05, 2.5814e-05, 1.1897e-05, 7.2655e-07, 4.3886e-05, 8.0533e-06,
        5.8129e-05, 5.6820e-05, 9.2886e-06, 1.8634e-05, 7.7728e-06, 3.7358e-07,
        2.3932e-05, 1.3524e-04, 7.6174e-05, 3.1739e-05, 9.7681e-06, 1.7405e-04,
        6.3790e-05, 7.6530e-05, 1.6300e-07, 1.6162e-04, 1.2170e-06, 2.6055e-04,
        1.9863e-05, 3.8038e-06, 6.1350e-06, 9.5929e-05, 1.9426e-04],
       grad_fn=<CatBackward>)

mean_overall=tensor(9.2973e-05, grad_fn=<MeanBackward0>)

-----------------------------------------------ITERATION310-----------------------------------------------

final_causality=[[1, 1, 1, 1, 1, 1, 1, 1, 1, 1, 1, 1, 1], [1, 1, 1, 1, 1, 1, 1, 1, 1, 1, 1, 1, 1, 1, 1, 1, 1, 1, 1, 1, 1, 1, 1, 1, 1, 1, 1, 1, 1, 1, 1, 1, 1, 1, 1, 1, 1, 1, 1, 1, 1, 1, 1, 1, 1, 1, 1, 1, 1, 1], [1, 1, 1, 1, 1, 1, 1, 1, 1, 1, 1, 1, 1, 1, 1, 1, 1, 1, 1, 1, 1, 1, 1, 1, 1, 1, 1, 1, 1, 1, 1, 1, 1, 1, 1, 1, 1, 1, 1, 1, 1, 1, 1, 1, 1, 1, 1, 1, 1, 1]]

means=tensor([7.3765e-04, 2.7756e-17, 2.7756e-17, 1.3420e-03, 4.0549e-05, 1.3671e-04,
        5.4174e-05, 4.3224e-05, 2.7756e-17, 2.7756e-17, 2.7756e-17, 1.8095e-04,
        9.8903e-04, 1.5585e-04, 3.0373e-05, 2.0199e-05, 1.6262e-04, 3.2697e-05,
        1.7683e-04, 1.3846e-04, 3.5154e-04, 3.0483e-05, 1.2210e-04, 2.3876e-04,
        4.8310e-05, 5.6099e-05, 8.0457e-06, 7.2360e-05, 3.5778e-05, 7.9718e-05,
        5.2447e-05, 6.5524e-05, 2.1813e-04, 1.4854e-04, 1.2261e-04, 1.1252e-04,
        9.9497e-05, 1.2761e-04, 1.8923e-05, 4.1393e-05, 7.8219e-05, 7.8950e-06,
        1.2177e-04, 9.4265e-06, 1.1815e-04, 9.4448e-07, 5.7693e-06, 1.3932e-04,
        5.1417e-05, 6.5114e-05, 2.6346e-05, 4.2159e-05, 5.5897e-06, 1.2238e-04,
        7.1843e-06, 1.0329e-04, 5.0778e-05, 6.6630e-05, 2.2882e-05, 7.0748e-05,
        5.7114e-05, 6.7242e-05, 5.6341e-05, 1.2434e-04, 1.5199e-04, 2.2433e-05,
        6.4258e-05, 1.0830e-05, 1.6847e-05, 3.6669e-05, 1.7380e-04, 5.8556e-05,
        1.7239e-04, 4.7479e-05, 9.1161e-05, 2.6770e-06, 5.8661e-05, 1.2133e-04,
        2.9408e-05, 8.4752e-05, 1.0661e-04, 2.7928e-05, 2.2582e-04, 8.2126e-05,
        2.0461e-05, 2.6416e-05, 1.1315e-05, 7.4513e-07, 4.6026e-05, 8.6645e-06,
        6.2601e-05, 5.7962e-05, 8.9996e-06, 1.9306e-05, 8.5311e-06, 4.2177e-07,
        2.4603e-05, 1.4047e-04, 8.0197e-05, 3.2933e-05, 9.7788e-06, 1.8143e-04,
        6.3672e-05, 7.6395e-05, 1.8436e-07, 1.6799e-04, 1.2546e-06, 2.6801e-04,
        2.1046e-05, 3.8145e-06, 6.3907e-06, 1.0260e-04, 2.0170e-04],
       grad_fn=<CatBackward>)

mean_overall=tensor(9.6924e-05, grad_fn=<MeanBackward0>)

-----------------------------------------------ITERATION320-----------------------------------------------

final_causality=[[1, 1, 1, 1, 1, 1, 1, 1, 1, 1, 1, 1, 1], [1, 1, 1, 1, 1, 1, 1, 1, 1, 1, 1, 1, 1, 1, 1, 1, 1, 1, 1, 1, 1, 1, 1, 1, 1, 1, 1, 1, 1, 1, 1, 1, 1, 1, 1, 1, 1, 1, 1, 1, 1, 1, 1, 1, 1, 1, 1, 1, 1, 1], [1, 1, 1, 1, 1, 1, 1, 1, 1, 1, 1, 1, 1, 1, 1, 1, 1, 1, 1, 1, 1, 1, 1, 1, 1, 1, 1, 1, 1, 1, 1, 1, 1, 1, 1, 1, 1, 1, 1, 1, 1, 1, 1, 1, 1, 1, 1, 1, 1, 1]]

means=tensor([7.8788e-04, 0.0000e+00, 0.0000e+00, 1.4124e-03, 4.4089e-05, 1.4966e-04,
        5.4053e-05, 4.7304e-05, 0.0000e+00, 0.0000e+00, 0.0000e+00, 1.8102e-04,
        1.0458e-03, 1.6145e-04, 3.2627e-05, 2.0992e-05, 1.6580e-04, 3.2334e-05,
        1.8338e-04, 1.4332e-04, 3.6560e-04, 3.0471e-05, 1.2676e-04, 2.4666e-04,
        5.1413e-05, 5.7772e-05, 7.6225e-06, 7.3411e-05, 3.8663e-05, 8.3499e-05,
        5.4770e-05, 6.8851e-05, 2.2674e-04, 1.5298e-04, 1.1900e-04, 1.1639e-04,
        1.0461e-04, 1.3150e-04, 2.1128e-05, 4.2593e-05, 8.4152e-05, 8.5105e-06,
        1.2499e-04, 1.0258e-05, 1.2261e-04, 1.2913e-06, 5.4854e-06, 1.4858e-04,
        5.1477e-05, 6.8781e-05, 2.7648e-05, 4.4637e-05, 6.1852e-06, 1.2586e-04,
        8.1931e-06, 1.0603e-04, 5.3515e-05, 6.9766e-05, 2.4422e-05, 6.8908e-05,
        5.9974e-05, 6.9223e-05, 5.9407e-05, 1.3017e-04, 1.5900e-04, 2.3595e-05,
        6.4130e-05, 1.1152e-05, 1.7148e-05, 3.8315e-05, 1.7978e-04, 6.2110e-05,
        1.7819e-04, 4.8158e-05, 9.5220e-05, 2.6213e-06, 6.0877e-05, 1.2690e-04,
        2.9846e-05, 8.8060e-05, 1.1121e-04, 2.7924e-05, 2.3400e-04, 8.6004e-05,
        2.1401e-05, 2.7045e-05, 1.1523e-05, 7.6497e-07, 4.8247e-05, 9.3407e-06,
        6.7932e-05, 5.9177e-05, 8.6496e-06, 2.0002e-05, 9.3587e-06, 4.7315e-07,
        2.5315e-05, 1.4580e-04, 8.4339e-05, 3.4201e-05, 9.7907e-06, 1.8905e-04,
        6.3458e-05, 7.6246e-05, 2.0739e-07, 1.7459e-04, 1.2919e-06, 2.7573e-04,
        2.2352e-05, 3.8276e-06, 6.6699e-06, 1.0940e-04, 2.0942e-04],
       grad_fn=<CatBackward>)

mean_overall=tensor(0.0001, grad_fn=<MeanBackward0>)

-----------------------------------------------ITERATION330-----------------------------------------------

final_causality=[[1, 1, 1, 1, 1, 1, 1, 1, 1, 1, 1, 1, 1], [1, 1, 1, 1, 1, 1, 1, 1, 1, 1, 1, 1, 1, 1, 1, 1, 1, 1, 1, 1, 1, 1, 1, 1, 1, 1, 1, 1, 1, 1, 1, 1, 1, 1, 1, 1, 1, 1, 1, 1, 1, 1, 1, 1, 1, 1, 1, 1, 1, 1], [1, 1, 1, 1, 1, 1, 1, 1, 1, 1, 1, 1, 1, 1, 1, 1, 1, 1, 1, 1, 1, 1, 1, 1, 1, 1, 1, 1, 1, 1, 1, 1, 1, 1, 1, 1, 1, 1, 1, 1, 1, 1, 1, 1, 1, 1, 1, 1, 1, 1]]

means=tensor([8.4030e-04, 0.0000e+00, 0.0000e+00, 1.4856e-03, 4.7829e-05, 1.6321e-04,
        5.3915e-05, 5.1578e-05, 0.0000e+00, 0.0000e+00, 0.0000e+00, 1.8117e-04,
        1.1051e-03, 1.6734e-04, 3.5066e-05, 2.1849e-05, 1.6905e-04, 3.1984e-05,
        1.9022e-04, 1.4838e-04, 3.8029e-04, 3.0473e-05, 1.3160e-04, 2.5488e-04,
        5.4767e-05, 5.9469e-05, 7.2009e-06, 7.4518e-05, 4.1766e-05, 8.7455e-05,
        5.7155e-05, 7.2394e-05, 2.3575e-04, 1.5758e-04, 1.1544e-04, 1.2043e-04,
        1.1004e-04, 1.3547e-04, 2.3409e-05, 4.3871e-05, 9.0573e-05, 9.1642e-06,
        1.2831e-04, 1.1162e-05, 1.2729e-04, 1.6581e-06, 5.2002e-06, 1.5835e-04,
        5.1550e-05, 7.2642e-05, 2.9009e-05, 4.7318e-05, 6.8931e-06, 1.2946e-04,
        9.2794e-06, 1.0881e-04, 5.6443e-05, 7.3049e-05, 2.6298e-05, 6.7108e-05,
        6.2993e-05, 7.1283e-05, 6.2774e-05, 1.3614e-04, 1.6697e-04, 2.4794e-05,
        6.3996e-05, 1.1926e-05, 1.7479e-05, 4.0046e-05, 1.8598e-04, 6.5784e-05,
        1.8418e-04, 4.8857e-05, 9.9465e-05, 2.5650e-06, 6.3208e-05, 1.3262e-04,
        3.0308e-05, 9.1506e-05, 1.1625e-04, 2.8225e-05, 2.4242e-04, 9.0098e-05,
        2.2401e-05, 2.7702e-05, 1.1746e-05, 7.8607e-07, 5.0555e-05, 1.0087e-05,
        7.3457e-05, 6.0472e-05, 8.2346e-06, 2.0754e-05, 1.0261e-05, 5.2793e-07,
        2.6071e-05, 1.5125e-04, 8.8607e-05, 3.5548e-05, 9.8038e-06, 1.9692e-04,
        6.3138e-05, 7.6081e-05, 2.3215e-07, 1.8143e-04, 1.3290e-06, 2.8370e-04,
        2.3756e-05, 3.8430e-06, 7.0402e-06, 1.1635e-04, 2.1748e-04],
       grad_fn=<CatBackward>)

mean_overall=tensor(0.0001, grad_fn=<MeanBackward0>)

-----------------------------------------------ITERATION340-----------------------------------------------

final_causality=[[1, 1, 1, 1, 1, 1, 1, 1, 1, 1, 1, 1, 1], [1, 1, 1, 1, 1, 1, 1, 1, 1, 1, 1, 1, 1, 1, 1, 1, 1, 1, 1, 1, 1, 1, 1, 1, 1, 1, 1, 1, 1, 1, 1, 1, 1, 1, 1, 1, 1, 1, 1, 1, 1, 1, 1, 1, 1, 1, 1, 1, 1, 1], [1, 1, 1, 1, 1, 1, 1, 1, 1, 1, 1, 1, 1, 1, 1, 1, 1, 1, 1, 1, 1, 1, 1, 1, 1, 1, 1, 1, 1, 1, 1, 1, 1, 1, 1, 1, 1, 1, 1, 1, 1, 1, 1, 1, 1, 1, 1, 1, 1, 1]]

means=tensor([8.9507e-04, 2.7756e-17, 2.7756e-17, 1.5619e-03, 5.1783e-05, 1.7739e-04,
        5.3759e-05, 5.6057e-05, 2.7756e-17, 2.7756e-17, 2.7756e-17, 1.8139e-04,
        1.1670e-03, 1.7353e-04, 3.7704e-05, 2.2776e-05, 1.7236e-04, 3.1647e-05,
        1.9738e-04, 1.5367e-04, 3.9563e-04, 3.0488e-05, 1.3663e-04, 2.6344e-04,
        5.8391e-05, 6.1193e-05, 6.7801e-06, 7.5686e-05, 4.5104e-05, 9.1597e-05,
        5.9608e-05, 7.6167e-05, 2.4517e-04, 1.6236e-04, 1.1193e-04, 1.2490e-04,
        1.1578e-04, 1.3955e-04, 2.5777e-05, 4.5231e-05, 9.7517e-05, 9.8584e-06,
        1.3174e-04, 1.2146e-05, 1.3241e-04, 2.0473e-06, 4.9132e-06, 1.6867e-04,
        5.1635e-05, 7.6710e-05, 3.0437e-05, 5.0189e-05, 7.6790e-06, 1.3320e-04,
        1.0453e-05, 1.1164e-04, 5.9575e-05, 7.6486e-05, 2.8327e-05, 6.5346e-05,
        6.6180e-05, 7.3426e-05, 6.6314e-05, 1.4225e-04, 1.7535e-04, 2.6031e-05,
        6.3855e-05, 1.3598e-05, 1.7842e-05, 4.1868e-05, 1.9242e-04, 6.9588e-05,
        1.9047e-04, 5.1825e-05, 1.0391e-04, 2.5063e-06, 6.5663e-05, 1.3850e-04,
        3.0795e-05, 9.5098e-05, 1.2149e-04, 2.8541e-05, 2.5109e-04, 9.4426e-05,
        2.3499e-05, 2.8389e-05, 1.1985e-05, 8.0841e-07, 5.2957e-05, 1.0909e-05,
        7.9189e-05, 6.1852e-05, 7.7504e-06, 2.1579e-05, 1.1245e-05, 5.8633e-07,
        2.6874e-05, 1.5681e-04, 9.3008e-05, 3.6980e-05, 9.8181e-06, 2.0506e-04,
        6.2703e-05, 7.5899e-05, 2.5867e-07, 1.8852e-04, 1.3658e-06, 2.9196e-04,
        2.5266e-05, 3.8612e-06, 7.4861e-06, 1.2345e-04, 2.2593e-04],
       grad_fn=<CatBackward>)

mean_overall=tensor(0.0001, grad_fn=<MeanBackward0>)

-----------------------------------------------ITERATION350-----------------------------------------------

final_causality=[[1, 1, 1, 1, 1, 1, 1, 1, 1, 1, 1, 1, 1], [1, 1, 1, 1, 1, 1, 1, 1, 1, 1, 1, 1, 1, 1, 1, 1, 1, 1, 1, 1, 1, 1, 1, 1, 1, 1, 1, 1, 1, 1, 1, 1, 1, 1, 1, 1, 1, 1, 1, 1, 1, 1, 1, 1, 1, 1, 1, 1, 1, 1], [1, 1, 1, 1, 1, 1, 1, 1, 1, 1, 1, 1, 1, 1, 1, 1, 1, 1, 1, 1, 1, 1, 1, 1, 1, 1, 1, 1, 1, 1, 1, 1, 1, 1, 1, 1, 1, 1, 1, 1, 1, 1, 1, 1, 1, 1, 1, 1, 1, 1]]

means=tensor([9.5232e-04, 0.0000e+00, 0.0000e+00, 1.6416e-03, 5.5967e-05, 1.9226e-04,
        5.3583e-05, 6.0756e-05, 0.0000e+00, 0.0000e+00, 0.0000e+00, 1.8169e-04,
        1.2318e-03, 1.8005e-04, 4.0564e-05, 2.3888e-05, 1.7574e-04, 3.1325e-05,
        2.0485e-04, 1.5926e-04, 4.1167e-04, 3.1529e-05, 1.4186e-04, 2.7234e-04,
        6.2307e-05, 6.2945e-05, 6.3593e-06, 7.6917e-05, 4.8695e-05, 9.5936e-05,
        6.2132e-05, 8.0186e-05, 2.5502e-04, 1.6734e-04, 1.0847e-04, 1.2988e-04,
        1.2188e-04, 1.4372e-04, 2.8239e-05, 4.6678e-05, 1.0503e-04, 1.0596e-05,
        1.3529e-04, 1.3219e-05, 1.3847e-04, 2.4622e-06, 4.6240e-06, 1.7957e-04,
        5.2491e-05, 8.0999e-05, 3.1936e-05, 5.3264e-05, 8.5423e-06, 1.3709e-04,
        1.1725e-05, 1.1452e-04, 6.2924e-05, 8.0088e-05, 3.0522e-05, 6.3623e-05,
        6.9548e-05, 7.5658e-05, 7.0038e-05, 1.4851e-04, 1.8415e-04, 2.7310e-05,
        6.3706e-05, 1.5386e-05, 1.8240e-05, 4.3788e-05, 1.9911e-04, 7.3529e-05,
        1.9697e-04, 5.5098e-05, 1.0856e-04, 2.4453e-06, 6.8250e-05, 1.4456e-04,
        3.1307e-05, 9.8844e-05, 1.2688e-04, 2.8871e-05, 2.6002e-04, 9.9002e-05,
        2.4817e-05, 2.9167e-05, 1.2371e-05, 8.3197e-07, 5.5459e-05, 1.1812e-05,
        8.5140e-05, 6.3323e-05, 7.1926e-06, 2.2437e-05, 1.2317e-05, 6.4861e-07,
        2.7727e-05, 1.6249e-04, 9.7550e-05, 3.8501e-05, 9.8337e-06, 2.1348e-04,
        6.2143e-05, 7.5696e-05, 2.8699e-07, 1.9587e-04, 1.4025e-06, 3.0050e-04,
        2.6914e-05, 3.8823e-06, 8.0130e-06, 1.3071e-04, 2.3470e-04],
       grad_fn=<CatBackward>)

mean_overall=tensor(0.0001, grad_fn=<MeanBackward0>)

-----------------------------------------------ITERATION360-----------------------------------------------

final_causality=[[1, 1, 1, 1, 1, 1, 1, 1, 1, 1, 1, 1, 1], [1, 1, 1, 1, 1, 1, 1, 1, 1, 1, 1, 1, 1, 1, 1, 1, 1, 1, 1, 1, 1, 1, 1, 1, 1, 1, 1, 1, 1, 1, 1, 1, 1, 1, 1, 1, 1, 1, 1, 1, 1, 1, 1, 1, 1, 1, 1, 1, 1, 1], [1, 1, 1, 1, 1, 1, 1, 1, 1, 1, 1, 1, 1, 1, 1, 1, 1, 1, 1, 1, 1, 1, 1, 1, 1, 1, 1, 1, 1, 1, 1, 1, 1, 1, 1, 1, 1, 1, 1, 1, 1, 1, 1, 1, 1, 1, 1, 1, 1, 1]]

means=tensor([1.0122e-03, 2.7756e-17, 2.7756e-17, 1.7247e-03, 6.0395e-05, 2.0785e-04,
        5.3387e-05, 6.5690e-05, 2.7756e-17, 2.7756e-17, 2.7756e-17, 1.8207e-04,
        1.2995e-03, 1.8692e-04, 4.3772e-05, 2.5587e-05, 1.7919e-04, 3.1018e-05,
        2.1267e-04, 1.6510e-04, 4.2841e-04, 3.2680e-05, 1.4730e-04, 2.8162e-04,
        6.6540e-05, 6.4728e-05, 5.9375e-06, 7.8214e-05, 5.2558e-05, 1.0048e-04,
        6.4733e-05, 8.4466e-05, 2.6532e-04, 1.7251e-04, 1.0506e-04, 1.3510e-04,
        1.2833e-04, 1.4801e-04, 3.0806e-05, 4.8217e-05, 1.1314e-04, 1.1379e-05,
        1.3896e-04, 1.4387e-05, 1.4483e-04, 2.9060e-06, 4.3320e-06, 1.9109e-04,
        5.3807e-05, 8.5525e-05, 3.3513e-05, 5.6560e-05, 9.4929e-06, 1.4114e-04,
        1.3107e-05, 1.1746e-04, 6.6505e-05, 8.3866e-05, 3.2971e-05, 6.1938e-05,
        7.3109e-05, 7.7983e-05, 7.3958e-05, 1.5493e-04, 1.9339e-04, 2.8636e-05,
        6.3549e-05, 1.7297e-05, 1.8674e-05, 4.5812e-05, 2.0606e-04, 7.7618e-05,
        2.0370e-04, 5.8639e-05, 1.1344e-04, 2.3821e-06, 7.0975e-05, 1.5079e-04,
        3.1847e-05, 1.0275e-04, 1.3243e-04, 2.9216e-05, 2.6923e-04, 1.0384e-04,
        2.6219e-05, 3.1007e-05, 1.4306e-05, 8.5673e-07, 5.8069e-05, 1.2803e-05,
        9.1323e-05, 6.4891e-05, 6.5564e-06, 2.3331e-05, 1.3485e-05, 7.1507e-07,
        2.8635e-05, 1.6830e-04, 1.0224e-04, 4.0120e-05, 9.8507e-06, 2.2220e-04,
        6.1447e-05, 7.5472e-05, 3.1806e-07, 2.0350e-04, 1.4476e-06, 3.0935e-04,
        2.8691e-05, 3.9066e-06, 8.6014e-06, 1.3814e-04, 2.4381e-04],
       grad_fn=<CatBackward>)

mean_overall=tensor(0.0001, grad_fn=<MeanBackward0>)

-----------------------------------------------ITERATION370-----------------------------------------------

final_causality=[[1, 1, 1, 1, 1, 1, 1, 1, 1, 1, 1, 1, 1], [1, 1, 1, 1, 1, 1, 1, 1, 1, 1, 1, 1, 1, 1, 1, 1, 1, 1, 1, 1, 1, 1, 1, 1, 1, 1, 1, 1, 1, 1, 1, 1, 1, 1, 1, 1, 1, 1, 1, 1, 1, 1, 1, 1, 1, 1, 1, 1, 1, 1], [1, 1, 1, 1, 1, 1, 1, 1, 1, 1, 1, 1, 1, 1, 1, 1, 1, 1, 1, 1, 1, 1, 1, 1, 1, 1, 1, 1, 1, 1, 1, 1, 1, 1, 1, 1, 1, 1, 1, 1, 1, 1, 1, 1, 1, 1, 1, 1, 1, 1]]

means=tensor([1.0750e-03, 2.7756e-17, 2.7756e-17, 1.8116e-03, 6.5085e-05, 2.2422e-04,
        5.3169e-05, 7.0874e-05, 2.7756e-17, 2.7756e-17, 2.7756e-17, 1.8251e-04,
        1.3704e-03, 1.9415e-04, 4.7254e-05, 2.7444e-05, 1.8271e-04, 3.0725e-05,
        2.2085e-04, 1.7121e-04, 4.4591e-04, 3.3854e-05, 1.5297e-04, 2.9128e-04,
        7.1114e-05, 6.6543e-05, 5.5137e-06, 7.9581e-05, 5.6712e-05, 1.0525e-04,
        6.7417e-05, 8.9026e-05, 2.7609e-04, 1.7789e-04, 1.0171e-04, 1.4057e-04,
        1.3518e-04, 1.5241e-04, 3.3489e-05, 4.9854e-05, 1.2191e-04, 1.2211e-05,
        1.4277e-04, 1.5660e-05, 1.5152e-04, 3.3827e-06, 4.0363e-06, 2.0325e-04,
        5.5132e-05, 9.0304e-05, 3.5175e-05, 6.0092e-05, 1.0542e-05, 1.4535e-04,
        1.4612e-05, 1.2045e-04, 7.0333e-05, 8.7831e-05, 3.5628e-05, 6.0289e-05,
        7.6877e-05, 8.0409e-05, 7.8090e-05, 1.6151e-04, 2.0309e-04, 3.0010e-05,
        6.3384e-05, 1.9339e-05, 1.9149e-05, 4.7947e-05, 2.1328e-04, 8.1862e-05,
        2.1065e-04, 6.2285e-05, 1.1856e-04, 2.3166e-06, 7.3848e-05, 1.5722e-04,
        3.2417e-05, 1.0684e-04, 1.3814e-04, 2.9578e-05, 2.7872e-04, 1.0897e-04,
        2.7711e-05, 3.3735e-05, 1.6377e-05, 8.8265e-07, 6.0794e-05, 1.3890e-05,
        9.7751e-05, 6.6563e-05, 5.8366e-06, 2.4262e-05, 1.4757e-05, 7.8604e-07,
        2.9602e-05, 1.7425e-04, 1.0709e-04, 4.1841e-05, 9.9620e-06, 2.3123e-04,
        6.0605e-05, 7.5223e-05, 3.5110e-07, 2.1141e-04, 1.4960e-06, 3.1851e-04,
        3.0607e-05, 3.9344e-06, 9.2756e-06, 1.4574e-04, 2.5329e-04],
       grad_fn=<CatBackward>)

mean_overall=tensor(0.0001, grad_fn=<MeanBackward0>)

-----------------------------------------------ITERATION380-----------------------------------------------

final_causality=[[1, 1, 1, 1, 1, 1, 1, 1, 1, 1, 1, 1, 1], [1, 1, 1, 1, 1, 1, 1, 1, 1, 1, 1, 1, 1, 1, 1, 1, 1, 1, 1, 1, 1, 1, 1, 1, 1, 1, 1, 1, 1, 1, 1, 1, 1, 1, 1, 1, 1, 1, 1, 1, 1, 1, 1, 1, 1, 1, 1, 1, 1, 1], [1, 1, 1, 1, 1, 1, 1, 1, 1, 1, 1, 1, 1, 1, 1, 1, 1, 1, 1, 1, 1, 1, 1, 1, 1, 1, 1, 1, 1, 1, 1, 1, 1, 1, 1, 1, 1, 1, 1, 1, 1, 1, 1, 1, 1, 1, 1, 1, 1, 1]]

means=tensor([1.1407e-03, 0.0000e+00, 0.0000e+00, 1.9026e-03, 7.0056e-05, 2.4143e-04,
        5.2927e-05, 7.6325e-05, 0.0000e+00, 0.0000e+00, 0.0000e+00, 1.8302e-04,
        1.4447e-03, 2.0176e-04, 5.1032e-05, 2.9473e-05, 1.8631e-04, 3.0447e-05,
        2.2941e-04, 1.7759e-04, 4.6417e-04, 3.5052e-05, 1.5888e-04, 3.0134e-04,
        7.6056e-05, 6.8393e-05, 5.0865e-06, 8.1023e-05, 6.1179e-05, 1.1025e-04,
        7.0187e-05, 9.3884e-05, 2.8734e-04, 1.8349e-04, 9.8404e-05, 1.4631e-04,
        1.4244e-04, 1.5693e-04, 3.6299e-05, 5.1595e-05, 1.3137e-04, 1.3095e-05,
        1.4672e-04, 1.7047e-05, 1.5855e-04, 3.8965e-06, 3.7364e-06, 2.1611e-04,
        5.6469e-05, 9.5354e-05, 3.7008e-05, 6.3879e-05, 1.1701e-05, 1.4974e-04,
        1.6255e-05, 1.2350e-04, 7.4424e-05, 9.1994e-05, 3.8511e-05, 5.8676e-05,
        8.0866e-05, 8.3145e-05, 8.2445e-05, 1.6828e-04, 2.1327e-04, 3.1437e-05,
        6.3209e-05, 2.1571e-05, 1.9665e-05, 5.0200e-05, 2.2078e-04, 8.6274e-05,
        2.1784e-04, 6.6043e-05, 1.2393e-04, 2.2489e-06, 7.7388e-05, 1.6385e-04,
        3.3017e-05, 1.1110e-04, 1.4403e-04, 2.9957e-05, 2.8852e-04, 1.1439e-04,
        2.9298e-05, 3.6605e-05, 1.8592e-05, 9.0968e-07, 6.3642e-05, 1.5080e-05,
        1.0444e-04, 6.8347e-05, 5.0276e-06, 2.5235e-05, 1.6143e-05, 8.6187e-07,
        3.0632e-05, 1.8034e-04, 1.1210e-04, 4.3674e-05, 1.0418e-05, 2.4060e-04,
        5.9604e-05, 7.4946e-05, 3.8612e-07, 2.1963e-04, 1.5442e-06, 3.2800e-04,
        3.2675e-05, 3.9659e-06, 1.0014e-05, 1.5354e-04, 2.6313e-04],
       grad_fn=<CatBackward>)

mean_overall=tensor(0.0001, grad_fn=<MeanBackward0>)

-----------------------------------------------ITERATION390-----------------------------------------------

final_causality=[[1, 1, 1, 1, 1, 1, 1, 1, 1, 1, 1, 1, 1], [1, 1, 1, 1, 1, 1, 1, 1, 1, 1, 1, 1, 1, 1, 1, 1, 1, 1, 1, 1, 1, 1, 1, 1, 1, 1, 1, 1, 1, 1, 1, 1, 1, 1, 1, 1, 1, 1, 1, 1, 1, 1, 1, 1, 1, 1, 1, 1, 1, 1], [1, 1, 1, 1, 1, 1, 1, 1, 1, 1, 1, 1, 1, 1, 1, 1, 1, 1, 1, 1, 1, 1, 1, 1, 1, 1, 1, 1, 1, 1, 1, 1, 1, 1, 1, 1, 1, 1, 1, 1, 1, 1, 1, 1, 1, 1, 1, 1, 1, 1]]

means=tensor([1.2097e-03, 0.0000e+00, 0.0000e+00, 1.9978e-03, 7.5327e-05, 2.5953e-04,
        5.2662e-05, 8.2060e-05, 0.0000e+00, 0.0000e+00, 0.0000e+00, 1.8359e-04,
        1.5226e-03, 2.0979e-04, 5.5132e-05, 3.1690e-05, 1.8999e-04, 3.0184e-05,
        2.3836e-04, 1.8426e-04, 4.8325e-04, 3.6277e-05, 1.6504e-04, 3.1183e-04,
        8.1395e-05, 7.0280e-05, 4.6547e-06, 8.2542e-05, 6.5980e-05, 1.1550e-04,
        7.3051e-05, 9.9059e-05, 2.9911e-04, 1.8933e-04, 9.5154e-05, 1.5234e-04,
        1.5033e-04, 1.6157e-04, 3.9247e-05, 5.3447e-05, 1.4157e-04, 1.4034e-05,
        1.5082e-04, 1.8559e-05, 1.6600e-04, 4.4522e-06, 3.4313e-06, 2.2970e-04,
        5.8170e-05, 1.0069e-04, 3.9008e-05, 6.7939e-05, 1.2983e-05, 1.5430e-04,
        1.8051e-05, 1.2662e-04, 7.8797e-05, 9.6369e-05, 4.1639e-05, 5.7098e-05,
        8.5091e-05, 8.6096e-05, 8.7040e-05, 1.7523e-04, 2.2422e-04, 3.2921e-05,
        6.3025e-05, 2.4250e-05, 2.0228e-05, 5.2578e-05, 2.2859e-04, 9.0865e-05,
        2.2529e-04, 6.9924e-05, 1.2958e-04, 2.1791e-06, 8.1121e-05, 1.7070e-04,
        3.4499e-05, 1.1583e-04, 1.5011e-04, 3.0353e-05, 2.9863e-04, 1.2013e-04,
        3.0986e-05, 3.9628e-05, 2.0962e-05, 9.3776e-07, 6.6621e-05, 1.6383e-05,
        1.1179e-04, 7.0249e-05, 4.1233e-06, 2.6251e-05, 1.7653e-05, 9.4300e-07,
        3.1730e-05, 1.8658e-04, 1.1728e-04, 4.5624e-05, 1.0909e-05, 2.5031e-04,
        5.8433e-05, 7.4640e-05, 4.2313e-07, 2.2815e-04, 1.5927e-06, 3.3783e-04,
        3.4910e-05, 4.0017e-06, 1.0818e-05, 1.6154e-04, 2.7338e-04],
       grad_fn=<CatBackward>)

mean_overall=tensor(0.0001, grad_fn=<MeanBackward0>)

-----------------------------------------------ITERATION400-----------------------------------------------

final_causality=[[1, 1, 1, 1, 1, 1, 1, 1, 1, 1, 1, 1, 1], [1, 1, 1, 1, 1, 1, 1, 1, 1, 1, 1, 1, 1, 1, 1, 1, 1, 1, 1, 1, 1, 1, 1, 1, 1, 1, 1, 1, 1, 1, 1, 1, 1, 1, 1, 1, 1, 1, 1, 1, 1, 1, 1, 1, 1, 1, 1, 1, 1, 1], [1, 1, 1, 1, 1, 1, 1, 1, 1, 1, 1, 1, 1, 1, 1, 1, 1, 1, 1, 1, 1, 1, 1, 1, 1, 1, 1, 1, 1, 1, 1, 1, 1, 1, 1, 1, 1, 1, 1, 1, 1, 1, 1, 1, 1, 1, 1, 1, 1, 1]]

means=tensor([1.2821e-03, 0.0000e+00, 0.0000e+00, 2.0975e-03, 8.0920e-05, 2.7858e-04,
        5.2371e-05, 8.8100e-05, 0.0000e+00, 0.0000e+00, 0.0000e+00, 1.8421e-04,
        1.6043e-03, 2.1824e-04, 5.9580e-05, 3.4112e-05, 1.9376e-04, 3.0357e-05,
        2.4773e-04, 1.9123e-04, 5.0316e-04, 3.7533e-05, 1.7146e-04, 3.2275e-04,
        8.7163e-05, 7.2206e-05, 4.2166e-06, 8.4143e-05, 7.1140e-05, 1.2101e-04,
        7.6013e-05, 1.0457e-04, 3.1141e-04, 1.9541e-04, 9.1959e-05, 1.5867e-04,
        1.5873e-04, 1.6634e-04, 4.2346e-05, 5.6084e-05, 1.5258e-04, 1.5032e-05,
        1.5508e-04, 2.0208e-05, 1.7386e-04, 5.0551e-06, 3.1202e-06, 2.4406e-04,
        5.9997e-05, 1.0634e-04, 4.1121e-05, 7.2292e-05, 1.4403e-05, 1.5907e-04,
        2.0017e-05, 1.2981e-04, 8.3470e-05, 1.0097e-04, 4.5034e-05, 5.5554e-05,
        8.9827e-05, 8.9181e-05, 9.1889e-05, 1.8238e-04, 2.3662e-04, 3.4468e-05,
        6.4138e-05, 2.7106e-05, 2.0839e-05, 5.5090e-05, 2.3670e-04, 9.5646e-05,
        2.3301e-04, 7.3937e-05, 1.3552e-04, 2.1071e-06, 8.5057e-05, 1.7777e-04,
        3.7273e-05, 1.2101e-04, 1.5639e-04, 3.1051e-05, 3.0907e-04, 1.2621e-04,
        3.2783e-05, 4.2815e-05, 2.3496e-05, 9.6681e-07, 6.9739e-05, 1.7808e-05,
        1.1976e-04, 7.2278e-05, 3.1168e-06, 2.7316e-05, 1.9298e-05, 1.0299e-06,
        3.2900e-05, 1.9298e-04, 1.2265e-04, 4.7701e-05, 1.1439e-05, 2.6040e-04,
        5.7081e-05, 7.4301e-05, 4.6211e-07, 2.3699e-04, 1.6457e-06, 3.4802e-04,
        3.7328e-05, 4.0420e-06, 1.1697e-05, 1.6975e-04, 2.8403e-04],
       grad_fn=<CatBackward>)

mean_overall=tensor(0.0001, grad_fn=<MeanBackward0>)

-----------------------------------------------ITERATION410-----------------------------------------------

final_causality=[[1, 1, 1, 1, 1, 1, 1, 1, 1, 1, 1, 1, 1], [1, 1, 1, 1, 1, 1, 1, 1, 1, 1, 1, 1, 1, 1, 1, 1, 1, 1, 1, 1, 1, 1, 1, 1, 1, 1, 1, 1, 1, 1, 1, 1, 1, 1, 1, 1, 1, 1, 1, 1, 1, 1, 1, 1, 1, 1, 1, 1, 1, 1], [1, 1, 1, 1, 1, 1, 1, 1, 1, 1, 1, 1, 1, 1, 1, 1, 1, 1, 1, 1, 1, 1, 1, 1, 1, 1, 1, 1, 1, 1, 1, 1, 1, 1, 1, 1, 1, 1, 1, 1, 1, 1, 1, 1, 1, 1, 1, 1, 1, 1]]

means=tensor([1.3581e-03, 2.7756e-17, 2.7756e-17, 2.2020e-03, 8.6858e-05, 2.9864e-04,
        5.2054e-05, 9.4463e-05, 2.7756e-17, 2.7756e-17, 2.7756e-17, 1.8489e-04,
        1.6901e-03, 2.2716e-04, 6.4405e-05, 3.6759e-05, 1.9761e-04, 3.1135e-05,
        2.5753e-04, 1.9853e-04, 5.2396e-04, 3.8821e-05, 1.7816e-04, 3.3414e-04,
        9.3392e-05, 7.4174e-05, 3.7708e-06, 8.5831e-05, 7.6683e-05, 1.2680e-04,
        7.9081e-05, 1.1045e-04, 3.2427e-04, 2.0175e-04, 8.8819e-05, 1.6532e-04,
        1.6764e-04, 1.7126e-04, 4.5608e-05, 5.9368e-05, 1.6442e-04, 1.6094e-05,
        1.5951e-04, 2.2004e-05, 1.8213e-04, 5.7112e-06, 2.8020e-06, 2.5925e-04,
        6.1845e-05, 1.1232e-04, 4.3359e-05, 7.6959e-05, 1.5977e-05, 1.6403e-04,
        2.2172e-05, 1.3307e-04, 8.8464e-05, 1.0581e-04, 4.8717e-05, 5.4042e-05,
        9.4924e-05, 9.2408e-05, 9.7010e-05, 1.8973e-04, 2.4962e-04, 3.6080e-05,
        6.9248e-05, 3.0151e-05, 2.1503e-05, 5.7745e-05, 2.4514e-04, 1.0063e-04,
        2.4101e-04, 7.8092e-05, 1.4176e-04, 2.0331e-06, 8.9204e-05, 1.8508e-04,
        4.0210e-05, 1.2643e-04, 1.6287e-04, 3.2567e-05, 3.1986e-04, 1.3264e-04,
        3.4695e-05, 4.6177e-05, 2.6205e-05, 9.9677e-07, 7.3163e-05, 1.9367e-05,
        1.2806e-04, 7.4442e-05, 2.0004e-06, 2.8432e-05, 2.1093e-05, 1.1230e-06,
        3.4148e-05, 1.9954e-04, 1.2820e-04, 4.9913e-05, 1.2011e-05, 2.7087e-04,
        5.5534e-05, 7.3927e-05, 5.0301e-07, 2.4617e-04, 1.6985e-06, 3.5858e-04,
        3.9946e-05, 4.0872e-06, 1.2657e-05, 1.7819e-04, 2.9511e-04],
       grad_fn=<CatBackward>)

mean_overall=tensor(0.0001, grad_fn=<MeanBackward0>)

-----------------------------------------------ITERATION420-----------------------------------------------

final_causality=[[1, 1, 1, 1, 1, 1, 1, 1, 1, 1, 1, 1, 1], [1, 1, 1, 1, 1, 1, 1, 1, 1, 1, 1, 1, 1, 1, 1, 1, 1, 1, 1, 1, 1, 1, 1, 1, 1, 1, 1, 1, 1, 1, 1, 1, 1, 1, 1, 1, 1, 1, 1, 1, 1, 1, 1, 1, 1, 1, 1, 1, 1, 1], [1, 1, 1, 1, 1, 1, 1, 1, 1, 1, 1, 1, 1, 1, 1, 1, 1, 1, 1, 1, 1, 1, 1, 1, 1, 1, 1, 1, 1, 1, 1, 1, 1, 1, 1, 1, 1, 1, 1, 1, 1, 1, 1, 1, 1, 1, 1, 1, 1, 1]]

means=tensor([1.4380e-03, 0.0000e+00, 0.0000e+00, 2.3117e-03, 9.3165e-05, 3.1980e-04,
        5.1708e-05, 1.0117e-04, 0.0000e+00, 2.7756e-17, 0.0000e+00, 1.8562e-04,
        1.7802e-03, 2.3657e-04, 6.9638e-05, 3.9653e-05, 2.0155e-04, 3.1919e-05,
        2.6780e-04, 2.0617e-04, 5.4567e-04, 4.0145e-05, 1.8515e-04, 3.4600e-04,
        1.0012e-04, 7.6186e-05, 3.3151e-06, 8.7611e-05, 8.2637e-05, 1.3288e-04,
        8.2261e-05, 1.1671e-04, 3.3771e-04, 2.0836e-04, 8.5733e-05, 1.7232e-04,
        1.7710e-04, 1.7632e-04, 4.9048e-05, 6.2864e-05, 1.7717e-04, 1.7223e-05,
        1.6412e-04, 2.3961e-05, 1.9082e-04, 6.4269e-06, 2.4756e-06, 2.7531e-04,
        6.3719e-05, 1.1865e-04, 4.5731e-05, 8.1964e-05, 1.7723e-05, 1.6921e-04,
        2.4535e-05, 1.3641e-04, 9.3801e-05, 1.1090e-04, 5.2717e-05, 5.2561e-05,
        1.0033e-04, 9.5786e-05, 1.0242e-04, 1.9797e-04, 2.6326e-04, 3.7765e-05,
        7.4712e-05, 3.3394e-05, 2.2259e-05, 6.0552e-05, 2.5392e-04, 1.0583e-04,
        2.4934e-04, 8.2401e-05, 1.4832e-04, 1.9571e-06, 9.3575e-05, 1.9264e-04,
        4.3320e-05, 1.3209e-04, 1.6958e-04, 3.4148e-05, 3.3101e-04, 1.3947e-04,
        3.6731e-05, 4.9728e-05, 2.9100e-05, 1.0275e-06, 7.6903e-05, 2.1072e-05,
        1.3672e-04, 7.6750e-05, 7.6524e-07, 2.9602e-05, 2.3051e-05, 1.2231e-06,
        3.5480e-05, 2.0628e-04, 1.3396e-04, 5.2269e-05, 1.2629e-05, 2.8175e-04,
        5.3781e-05, 7.3513e-05, 5.4580e-07, 2.5570e-04, 1.7514e-06, 3.6952e-04,
        4.2785e-05, 4.1379e-06, 1.3706e-05, 1.8733e-04, 3.0665e-04],
       grad_fn=<CatBackward>)

mean_overall=tensor(0.0002, grad_fn=<MeanBackward0>)

-----------------------------------------------ITERATION430-----------------------------------------------

final_causality=[[1, 1, 1, 1, 1, 1, 1, 1, 1, 1, 1, 1, 1], [1, 1, 1, 1, 1, 1, 1, 1, 1, 1, 1, 1, 1, 1, 1, 1, 1, 1, 1, 1, 1, 1, 1, 1, 1, 1, 1, 1, 1, 1, 1, 1, 1, 1, 1, 1, 1, 1, 1, 1, 1, 1, 1, 1, 1, 1, 1, 1, 1, 1], [1, 1, 1, 1, 1, 1, 1, 1, 1, 1, 1, 1, 1, 1, 1, 1, 1, 1, 1, 1, 1, 1, 1, 1, 1, 1, 1, 1, 1, 1, 1, 1, 1, 1, 1, 1, 1, 1, 1, 1, 1, 1, 1, 1, 1, 1, 1, 1, 1, 1]]

means=tensor([1.5221e-03, 2.7756e-17, 2.7756e-17, 2.4269e-03, 9.9868e-05, 3.4211e-04,
        5.1333e-05, 1.0825e-04, 2.7756e-17, 2.7756e-17, 2.7756e-17, 1.8641e-04,
        1.8748e-03, 2.4648e-04, 7.5313e-05, 4.2814e-05, 2.0559e-04, 3.2709e-05,
        2.7854e-04, 2.1416e-04, 5.6833e-04, 4.1509e-05, 1.9244e-04, 3.5838e-04,
        1.0738e-04, 7.8245e-05, 2.8478e-06, 8.9487e-05, 8.9029e-05, 1.3927e-04,
        8.5559e-05, 1.2338e-04, 3.5175e-04, 2.1527e-04, 8.2704e-05, 1.7967e-04,
        1.8715e-04, 1.8154e-04, 5.2680e-05, 6.6589e-05, 1.9088e-04, 1.8424e-05,
        1.6891e-04, 2.6093e-05, 1.9997e-04, 7.2093e-06, 2.1398e-06, 2.9230e-04,
        6.5621e-05, 1.2536e-04, 4.8247e-05, 8.7331e-05, 1.9660e-05, 1.7461e-04,
        2.7129e-05, 1.3983e-04, 9.9503e-05, 1.1626e-04, 5.7059e-05, 5.1110e-05,
        1.0607e-04, 9.9325e-05, 1.0813e-04, 2.0674e-04, 2.7755e-04, 3.9527e-05,
        8.0550e-05, 3.6847e-05, 2.3231e-05, 6.3519e-05, 2.6306e-04, 1.1126e-04,
        2.5815e-04, 8.6874e-05, 1.5523e-04, 1.8791e-06, 9.8179e-05, 2.0047e-04,
        4.6613e-05, 1.3803e-04, 1.7651e-04, 3.5800e-05, 3.4253e-04, 1.4678e-04,
        3.8900e-05, 5.3695e-05, 3.2191e-05, 1.0589e-06, 8.0824e-05, 2.2938e-05,
        1.4645e-04, 7.9210e-05, 5.2926e-07, 3.0832e-05, 2.5191e-05, 1.3307e-06,
        3.6902e-05, 2.1320e-04, 1.3992e-04, 5.4779e-05, 1.3297e-05, 2.9307e-04,
        5.1807e-05, 7.3058e-05, 5.9039e-07, 2.6559e-04, 1.8043e-06, 3.8086e-04,
        4.5866e-05, 4.1944e-06, 1.4856e-05, 1.9744e-04, 3.1865e-04],
       grad_fn=<CatBackward>)

mean_overall=tensor(0.0002, grad_fn=<MeanBackward0>)

-----------------------------------------------ITERATION440-----------------------------------------------

final_causality=[[1, 1, 1, 1, 1, 1, 1, 1, 1, 1, 1, 1, 1], [1, 1, 1, 1, 1, 1, 1, 1, 1, 1, 1, 1, 1, 1, 1, 1, 1, 1, 1, 1, 1, 1, 1, 1, 1, 1, 1, 1, 1, 1, 1, 1, 1, 1, 1, 1, 1, 1, 1, 1, 1, 1, 1, 1, 1, 1, 1, 1, 1, 1], [1, 1, 1, 1, 1, 1, 1, 1, 1, 1, 1, 1, 1, 1, 1, 1, 1, 1, 1, 1, 1, 1, 1, 1, 1, 1, 1, 1, 1, 1, 1, 1, 1, 1, 1, 1, 1, 1, 1, 1, 1, 1, 1, 1, 1, 1, 1, 1, 1, 1]]

means=tensor([1.6105e-03, 0.0000e+00, 0.0000e+00, 2.5478e-03, 1.0699e-04, 3.6567e-04,
        5.0926e-05, 1.1572e-04, 0.0000e+00, 0.0000e+00, 0.0000e+00, 1.8724e-04,
        1.9744e-03, 2.5730e-04, 8.1467e-05, 4.6270e-05, 2.0973e-04, 3.3509e-05,
        2.8979e-04, 2.2253e-04, 5.9200e-04, 4.2914e-05, 2.0006e-04, 3.7129e-04,
        1.1522e-04, 8.0354e-05, 2.3665e-06, 9.1466e-05, 9.5888e-05, 1.4598e-04,
        8.8983e-05, 1.3050e-04, 3.6643e-04, 2.2248e-04, 7.9729e-05, 1.8742e-04,
        1.9781e-04, 1.8691e-04, 5.6519e-05, 7.0557e-05, 2.0571e-04, 1.9765e-05,
        1.7391e-04, 2.8425e-05, 2.0959e-04, 8.0665e-06, 1.7932e-06, 3.1026e-04,
        6.7553e-05, 1.3246e-04, 5.0920e-05, 9.3085e-05, 2.1809e-05, 1.8026e-04,
        2.9977e-05, 1.4334e-04, 1.0589e-04, 1.2191e-04, 6.1777e-05, 4.9685e-05,
        1.1217e-04, 1.0304e-04, 1.1417e-04, 2.1577e-04, 2.9253e-04, 4.1372e-05,
        8.6783e-05, 4.0521e-05, 2.4322e-05, 6.6657e-05, 2.7257e-04, 1.1694e-04,
        2.6729e-04, 9.1524e-05, 1.6250e-04, 1.7992e-06, 1.0303e-04, 2.0857e-04,
        5.0100e-05, 1.4424e-04, 1.8369e-04, 3.7528e-05, 3.5444e-04, 1.5450e-04,
        4.1210e-05, 5.8036e-05, 3.5489e-05, 1.0908e-06, 8.4937e-05, 2.4981e-05,
        1.5684e-04, 8.1831e-05, 1.8531e-06, 3.2126e-05, 2.7530e-05, 1.4466e-06,
        3.8419e-05, 2.2031e-04, 1.4610e-04, 5.7454e-05, 1.4018e-05, 3.0484e-04,
        4.9600e-05, 7.2557e-05, 6.3668e-07, 2.7586e-04, 1.8574e-06, 3.9261e-04,
        4.9214e-05, 4.2575e-06, 1.6117e-05, 2.0783e-04, 3.3115e-04],
       grad_fn=<CatBackward>)

mean_overall=tensor(0.0002, grad_fn=<MeanBackward0>)

