-----------------------------------------------ITERATION0-----------------------------------------------

final_causality=[[1, 1, 1, 1, 1, 1, 1, 1, 1, 1, 1, 1, 1], [1, 1, 1, 1, 1], [1, 1, 1, 1, 1, 1, 1, 1, 1, 1]]

means=tensor([3.8122e-06, 1.0234e-05, 1.5522e-05, 1.1685e-05, 4.6015e-06, 4.0056e-06,
        1.4972e-05, 4.5684e-06, 1.3468e-05, 4.0735e-05, 1.1458e-05, 1.6291e-05,
        7.7076e-08, 6.3712e-07, 2.7007e-06, 1.0162e-05, 7.7917e-06, 6.5868e-05,
        1.9521e-05, 1.4016e-05, 8.5159e-06, 3.9551e-05, 6.3961e-06, 2.1032e-05,
        4.6186e-05, 2.3101e-06, 2.6807e-05, 2.2530e-05], grad_fn=<CatBackward>)

mean_overall=tensor(1.5909e-05, grad_fn=<MeanBackward0>)

-----------------------------------------------ITERATION10-----------------------------------------------

final_causality=[[1, 1, 1, 1, 1, 1, 1, 1, 1, 1, 1, 1, 1], [1, 1, 1, 1, 1], [1, 1, 1, 1, 1, 1, 1, 1, 1, 1]]

means=tensor([2.4878e-06, 1.2211e-05, 1.6738e-05, 1.0335e-05, 3.2573e-06, 4.8620e-06,
        1.3139e-05, 3.3727e-06, 1.2744e-05, 3.8455e-05, 9.9572e-06, 1.3965e-05,
        2.2773e-07, 5.1973e-07, 4.3769e-06, 9.3366e-06, 6.1493e-06, 6.0637e-05,
        1.8602e-05, 1.4173e-05, 7.6105e-06, 3.8244e-05, 5.3656e-06, 2.0178e-05,
        4.7330e-05, 1.7155e-06, 2.6252e-05, 2.4536e-05], grad_fn=<CatBackward>)

mean_overall=tensor(1.5242e-05, grad_fn=<MeanBackward0>)

-----------------------------------------------ITERATION20-----------------------------------------------

final_causality=[[1, 1, 1, 1, 1, 1, 1, 1, 1, 1, 1, 1, 1], [1, 1, 1, 1, 1], [1, 1, 1, 1, 1, 1, 1, 1, 1, 1]]

means=tensor([1.2654e-06, 1.4108e-05, 1.8055e-05, 9.1213e-06, 1.8594e-06, 5.6515e-06,
        1.1307e-05, 2.1623e-06, 1.2186e-05, 3.6224e-05, 8.6351e-06, 1.1881e-05,
        4.2662e-07, 3.9815e-07, 5.7542e-06, 8.5736e-06, 1.4008e-05, 5.5893e-05,
        1.7721e-05, 1.4232e-05, 6.6803e-06, 3.6755e-05, 4.3313e-06, 1.9359e-05,
        4.8054e-05, 1.1403e-06, 2.5422e-05, 2.6220e-05], grad_fn=<CatBackward>)

mean_overall=tensor(1.4908e-05, grad_fn=<MeanBackward0>)

-----------------------------------------------ITERATION30-----------------------------------------------

final_causality=[[1, 1, 1, 1, 1, 1, 1, 1, 1, 1, 1, 1, 1], [1, 1, 1, 1, 1], [1, 1, 1, 1, 1, 1, 1, 1, 1, 1]]

means=tensor([1.0423e-07, 1.5955e-05, 1.9229e-05, 7.9392e-06, 8.4784e-07, 6.4309e-06,
        9.5608e-06, 9.8211e-07, 1.1666e-05, 3.4183e-05, 7.4005e-06, 9.9410e-06,
        5.8880e-07, 2.7859e-07, 6.8083e-06, 7.8884e-06, 2.0666e-05, 5.1685e-05,
        1.6898e-05, 1.4314e-05, 5.7851e-06, 3.5130e-05, 3.3409e-06, 1.8564e-05,
        4.8364e-05, 5.9174e-07, 2.4402e-05, 2.7524e-05], grad_fn=<CatBackward>)

mean_overall=tensor(1.4538e-05, grad_fn=<MeanBackward0>)

