-----------------------------------------------ITERATION0-----------------------------------------------

final_causality=[[1, 1, 1, 1, 1, 1, 1, 1, 1, 1, 1, 1, 1], [1, 1, 1, 1, 1, 1, 1, 1, 1, 1, 1, 1, 1, 1, 1, 1, 1, 1, 1, 1, 1, 1, 1, 1, 1, 1, 1, 1, 1, 1, 1, 1, 1, 1, 1, 1, 1, 1, 1, 1, 1, 1, 1, 1, 1, 1, 1, 1, 1, 1], [1, 1, 1, 1, 1, 1, 1, 1, 1, 1, 1, 1, 1, 1, 1, 1, 1, 1, 1, 1, 1, 1, 1, 1, 1, 1, 1, 1, 1, 1, 1, 1, 1, 1, 1, 1, 1, 1, 1, 1, 1, 1, 1, 1, 1, 1, 1, 1, 1, 1]]

means=tensor([1.5735e-04, 5.5511e-17, 2.3495e-04, 5.5511e-17, 9.8754e-05, 1.3620e-05,
        6.7585e-05, 1.1138e-05, 8.3391e-05, 9.2530e-05, 9.3044e-05, 3.4871e-05,
        6.0877e-05, 2.7034e-05, 3.9211e-08, 1.2822e-05, 6.2385e-05, 7.4790e-05,
        4.2753e-05, 6.8675e-05, 3.0804e-05, 2.7381e-05, 9.1478e-05, 3.3946e-05,
        3.6706e-05, 3.5440e-05, 8.7691e-05, 9.1571e-05, 2.7110e-05, 4.4622e-05,
        3.7711e-05, 1.1606e-04, 6.3199e-05, 1.7790e-05, 5.9855e-05, 2.0147e-04,
        6.9011e-05, 8.3042e-05, 6.8575e-06, 5.5467e-06, 5.3858e-05, 1.5604e-05,
        9.1177e-06, 1.7406e-04, 1.4470e-05, 2.2876e-05, 2.5071e-05, 1.0005e-04,
        1.6643e-05, 4.0700e-05, 7.5066e-06, 4.2732e-05, 4.9814e-05, 1.0229e-06,
        1.6313e-04, 1.3639e-05, 4.0935e-05, 1.7724e-04, 4.9137e-05, 2.0992e-05,
        2.3964e-06, 8.3203e-05, 3.5606e-06, 1.2194e-04, 1.1248e-05, 4.4196e-06,
        1.7440e-05, 2.8013e-05, 3.4017e-05, 4.5161e-06, 1.7076e-05, 9.3219e-05,
        1.0893e-04, 3.8920e-05, 1.2530e-06, 1.4686e-05, 7.5274e-05, 7.6115e-05,
        1.3960e-05, 1.1945e-05, 4.0055e-05, 4.9873e-05, 8.0699e-05, 4.3977e-05,
        1.0311e-04, 5.6032e-05, 9.9697e-06, 1.4965e-05, 1.4922e-04, 1.7206e-05,
        3.0979e-05, 5.6738e-05, 5.8062e-05, 2.7454e-06, 8.3284e-05, 1.1042e-05,
        1.2095e-05, 9.5685e-05, 1.0747e-04, 6.8249e-05, 1.0640e-05, 3.7636e-05,
        4.2277e-05, 3.1569e-05, 6.2127e-05, 4.6439e-06, 2.6563e-05, 1.1747e-05,
        3.2190e-05, 4.7710e-05, 9.5566e-05, 6.3315e-05, 1.0562e-04],
       grad_fn=<CatBackward>)

mean_overall=tensor(5.1926e-05, grad_fn=<MeanBackward0>)

-----------------------------------------------ITERATION10-----------------------------------------------

final_causality=[[1, 1, 1, 1, 1, 1, 1, 1, 1, 1, 1, 1, 1], [1, 1, 1, 1, 1, 1, 1, 1, 1, 1, 1, 1, 1, 1, 1, 1, 1, 1, 1, 1, 1, 1, 1, 1, 1, 1, 1, 1, 1, 1, 1, 1, 1, 1, 1, 1, 1, 1, 1, 1, 1, 1, 1, 1, 1, 1, 1, 1, 1, 1], [1, 1, 1, 1, 1, 1, 1, 1, 1, 1, 1, 1, 1, 1, 1, 1, 1, 1, 1, 1, 1, 1, 1, 1, 1, 1, 1, 1, 1, 1, 1, 1, 1, 1, 1, 1, 1, 1, 1, 1, 1, 1, 1, 1, 1, 1, 1, 1, 1, 1]]

means=tensor([2.4378e-04, 0.0000e+00, 2.5204e-04, 0.0000e+00, 1.2505e-04, 3.9473e-06,
        9.8052e-05, 1.1887e-05, 7.7976e-05, 4.5970e-05, 5.7259e-05, 9.1514e-05,
        5.8305e-05, 1.3456e-06, 1.9941e-05, 3.5423e-05, 4.7121e-05, 5.8216e-05,
        2.1740e-05, 4.1446e-05, 1.5733e-05, 3.7745e-05, 1.1043e-04, 1.7422e-05,
        6.2244e-05, 5.5785e-05, 1.0388e-04, 6.4452e-05, 1.1137e-05, 2.4296e-05,
        4.8657e-05, 1.3107e-04, 6.7382e-05, 2.5546e-05, 2.7212e-05, 2.2522e-04,
        5.1073e-05, 9.7939e-05, 3.7203e-05, 1.0016e-05, 7.7625e-05, 4.2151e-05,
        1.9132e-05, 1.8496e-04, 2.9210e-05, 5.3075e-05, 4.3713e-05, 1.1518e-04,
        2.5607e-05, 5.4644e-05, 2.9126e-05, 6.4927e-05, 6.7996e-05, 3.1033e-05,
        1.3659e-04, 9.2409e-06, 6.1465e-05, 2.0810e-04, 3.1601e-05, 4.2799e-05,
        3.1442e-05, 6.4668e-05, 9.9810e-06, 1.1963e-04, 6.7754e-06, 1.1604e-05,
        2.0222e-05, 3.1357e-05, 3.0097e-05, 7.5118e-06, 2.0741e-05, 8.8476e-05,
        1.1501e-04, 3.5067e-05, 6.5835e-06, 1.1577e-05, 6.9719e-05, 6.9634e-05,
        1.1571e-05, 6.8712e-06, 3.6246e-05, 4.6098e-05, 8.5310e-05, 3.9228e-05,
        9.3335e-05, 5.1952e-05, 1.4258e-05, 1.8855e-05, 1.5017e-04, 1.5597e-05,
        2.8563e-05, 5.1774e-05, 6.5874e-05, 9.8120e-07, 8.6708e-05, 6.8732e-06,
        6.3936e-06, 8.9840e-05, 1.0116e-04, 6.8251e-05, 1.5819e-05, 3.1087e-05,
        4.2032e-05, 2.8958e-05, 5.5739e-05, 8.2581e-06, 2.4699e-05, 1.9001e-05,
        2.6042e-05, 5.2099e-05, 9.0130e-05, 6.0864e-05, 9.8346e-05],
       grad_fn=<CatBackward>)

mean_overall=tensor(5.5068e-05, grad_fn=<MeanBackward0>)

-----------------------------------------------ITERATION20-----------------------------------------------

final_causality=[[1, 1, 1, 1, 1, 1, 1, 1, 1, 1, 1, 1, 1], [1, 1, 1, 1, 1, 1, 1, 1, 1, 1, 1, 1, 1, 1, 1, 1, 1, 1, 1, 1, 1, 1, 1, 1, 1, 1, 1, 1, 1, 1, 1, 1, 1, 1, 1, 1, 1, 1, 1, 1, 1, 1, 1, 1, 1, 1, 1, 1, 1, 1], [1, 1, 1, 1, 1, 1, 1, 1, 1, 1, 1, 1, 1, 1, 1, 1, 1, 1, 1, 1, 1, 1, 1, 1, 1, 1, 1, 1, 1, 1, 1, 1, 1, 1, 1, 1, 1, 1, 1, 1, 1, 1, 1, 1, 1, 1, 1, 1, 1, 1]]

means=tensor([3.1621e-04, 0.0000e+00, 2.6888e-04, 0.0000e+00, 1.5051e-04, 1.4701e-05,
        1.2430e-04, 1.4602e-05, 6.4081e-05, 5.5450e-07, 2.1849e-05, 1.4403e-04,
        4.9476e-05, 1.6936e-05, 3.6183e-05, 5.2401e-05, 3.4244e-05, 4.5155e-05,
        5.8063e-06, 1.9237e-05, 3.0929e-06, 4.5017e-05, 1.2375e-04, 4.8187e-06,
        8.1661e-05, 7.0182e-05, 1.1508e-04, 4.2352e-05, 1.2333e-06, 7.5093e-06,
        5.5871e-05, 1.4198e-04, 6.9416e-05, 3.2066e-05, 2.2859e-06, 2.4339e-04,
        3.5733e-05, 1.0900e-04, 5.9947e-05, 2.2085e-05, 9.6083e-05, 6.3084e-05,
        2.7116e-05, 1.9195e-04, 4.0976e-05, 7.6772e-05, 5.9687e-05, 1.2626e-04,
        3.1613e-05, 6.5045e-05, 4.6594e-05, 8.3348e-05, 8.1218e-05, 5.2629e-05,
        1.1365e-04, 2.8295e-05, 7.6929e-05, 2.3154e-04, 1.8512e-05, 5.9959e-05,
        5.3514e-05, 4.9834e-05, 2.0617e-05, 1.1657e-04, 3.1190e-06, 1.6992e-05,
        2.2568e-05, 3.4166e-05, 2.6451e-05, 1.0158e-05, 2.3626e-05, 8.3536e-05,
        1.2051e-04, 3.1520e-05, 1.0848e-05, 9.0106e-06, 6.4436e-05, 6.4340e-05,
        9.3315e-06, 2.8287e-06, 3.2862e-05, 4.4800e-05, 8.8077e-05, 3.5928e-05,
        8.4721e-05, 4.8000e-05, 1.8397e-05, 2.2269e-05, 1.4941e-04, 1.3935e-05,
        2.6588e-05, 4.6909e-05, 7.2966e-05, 4.3415e-07, 8.9076e-05, 3.4563e-06,
        1.6516e-06, 8.5138e-05, 9.4555e-05, 6.7145e-05, 2.0058e-05, 2.5297e-05,
        4.2913e-05, 2.6337e-05, 4.9854e-05, 1.1351e-05, 2.2730e-05, 2.4705e-05,
        2.0970e-05, 5.5642e-05, 8.4715e-05, 6.0946e-05, 9.2477e-05],
       grad_fn=<CatBackward>)

mean_overall=tensor(5.8010e-05, grad_fn=<MeanBackward0>)

-----------------------------------------------ITERATION30-----------------------------------------------

final_causality=[[1, 1, 1, 1, 1, 1, 1, 1, 1, 1, 1, 1, 1], [1, 1, 1, 1, 1, 1, 1, 1, 1, 1, 1, 1, 1, 1, 1, 1, 1, 1, 1, 1, 1, 1, 1, 1, 1, 1, 1, 1, 1, 1, 1, 1, 1, 1, 1, 1, 1, 1, 1, 1, 1, 1, 1, 1, 1, 1, 1, 1, 1, 1], [1, 1, 1, 1, 1, 1, 1, 1, 1, 1, 1, 1, 1, 1, 1, 1, 1, 1, 1, 1, 1, 1, 1, 1, 1, 1, 1, 1, 1, 1, 1, 1, 1, 1, 1, 1, 1, 1, 1, 1, 1, 1, 1, 1, 1, 1, 1, 1, 1, 1]]

means=tensor([3.6250e-04, 0.0000e+00, 2.8193e-04, 0.0000e+00, 1.6927e-04, 1.7503e-05,
        1.4174e-04, 1.8207e-05, 4.9508e-05, 6.1245e-06, 3.9930e-06, 1.8120e-04,
        3.9885e-05, 2.8167e-05, 4.5881e-05, 6.1912e-05, 2.6230e-05, 3.7469e-05,
        2.6745e-06, 5.8061e-06, 4.6612e-06, 4.8890e-05, 1.3092e-04, 2.0045e-06,
        9.3000e-05, 7.7782e-05, 1.2111e-04, 2.8981e-05, 9.5710e-06, 1.8275e-06,
        5.9470e-05, 1.4804e-04, 7.0080e-05, 3.6249e-05, 1.1175e-05, 2.5390e-04,
        2.6155e-05, 1.1520e-04, 7.2481e-05, 2.8690e-05, 1.0680e-04, 7.6013e-05,
        3.1888e-05, 1.9544e-04, 4.8021e-05, 9.0623e-05, 6.9790e-05, 1.3245e-04,
        3.4836e-05, 7.1047e-05, 5.7034e-05, 9.4692e-05, 8.8557e-05, 6.4039e-05,
        9.9125e-05, 4.0002e-05, 8.5649e-05, 2.4487e-04, 1.1141e-05, 7.0050e-05,
        6.6054e-05, 4.1117e-05, 2.7160e-05, 1.1418e-04, 9.1999e-07, 1.9835e-05,
        2.4580e-05, 3.5976e-05, 2.4047e-05, 1.1921e-05, 2.5318e-05, 8.0294e-05,
        1.2420e-04, 2.9133e-05, 1.3365e-05, 7.4347e-06, 6.2917e-05, 6.0914e-05,
        7.8781e-06, 3.7626e-07, 3.0721e-05, 4.3884e-05, 8.9663e-05, 3.4270e-05,
        7.8996e-05, 4.5365e-05, 2.1269e-05, 2.4519e-05, 1.4826e-04, 1.2781e-05,
        2.5403e-05, 4.3695e-05, 7.7598e-05, 1.4083e-06, 9.0324e-05, 1.4302e-06,
        1.3118e-06, 8.2161e-05, 8.9884e-05, 6.5442e-05, 2.2599e-05, 2.1738e-05,
        4.3961e-05, 2.4421e-05, 4.5926e-05, 1.3359e-05, 2.1391e-05, 2.8053e-05,
        1.7901e-05, 5.7791e-05, 8.1082e-05, 6.0927e-05, 8.9015e-05],
       grad_fn=<CatBackward>)

mean_overall=tensor(6.0588e-05, grad_fn=<MeanBackward0>)

-----------------------------------------------ITERATION40-----------------------------------------------

final_causality=[[1, 1, 1, 1, 1, 1, 1, 1, 1, 1, 1, 1, 1], [1, 1, 1, 1, 1, 1, 1, 1, 1, 1, 1, 1, 1, 1, 1, 1, 1, 1, 1, 1, 1, 1, 1, 1, 1, 1, 1, 1, 1, 1, 1, 1, 1, 1, 1, 1, 1, 1, 1, 1, 1, 1, 1, 1, 1, 1, 1, 1, 1, 1], [1, 1, 1, 1, 1, 1, 1, 1, 1, 1, 1, 1, 1, 1, 1, 1, 1, 1, 1, 1, 1, 1, 1, 1, 1, 1, 1, 1, 1, 1, 1, 1, 1, 1, 1, 1, 1, 1, 1, 1, 1, 1, 1, 1, 1, 1, 1, 1, 1, 1]]

means=tensor([3.7506e-04, 0.0000e+00, 2.8557e-04, 0.0000e+00, 1.7500e-04, 1.8744e-05,
        1.4678e-04, 2.0367e-05, 4.6318e-05, 1.3652e-05, 1.8250e-06, 1.9284e-04,
        3.9089e-05, 3.1408e-05, 4.8675e-05, 6.4739e-05, 2.3831e-05, 3.5182e-05,
        5.7385e-06, 1.6613e-06, 7.2813e-06, 5.0008e-05, 1.3308e-04, 4.2912e-06,
        9.6395e-05, 8.0038e-05, 1.2297e-04, 2.4930e-05, 1.2129e-05, 5.5133e-06,
        6.0516e-05, 1.4966e-04, 7.0241e-05, 3.7440e-05, 1.5743e-05, 2.5677e-04,
        2.3246e-05, 1.1696e-04, 7.6244e-05, 3.0754e-05, 1.0991e-04, 7.9872e-05,
        3.3284e-05, 1.9631e-04, 5.0061e-05, 9.4585e-05, 7.2717e-05, 1.3423e-04,
        3.5743e-05, 7.2896e-05, 6.0024e-05, 9.7935e-05, 9.0718e-05, 6.7628e-05,
        9.4633e-05, 4.3410e-05, 8.8083e-05, 2.4855e-04, 8.9942e-06, 7.2903e-05,
        6.9985e-05, 3.8513e-05, 2.9160e-05, 1.1342e-04, 2.4326e-07, 2.0704e-05,
        2.5130e-05, 3.6439e-05, 2.3270e-05, 1.2449e-05, 2.5795e-05, 7.9330e-05,
        1.2494e-04, 2.8358e-05, 1.4086e-05, 6.9364e-06, 6.2595e-05, 5.9715e-05,
        7.4288e-06, 3.8150e-07, 3.0050e-05, 4.3476e-05, 8.9972e-05, 3.3716e-05,
        7.7316e-05, 4.4535e-05, 2.2095e-05, 2.5161e-05, 1.4793e-04, 1.2415e-05,
        2.5001e-05, 4.2795e-05, 7.8860e-05, 1.7186e-06, 9.0572e-05, 8.0911e-07,
        2.2594e-06, 8.1037e-05, 8.8418e-05, 6.5079e-05, 2.3352e-05, 2.0741e-05,
        4.4136e-05, 2.4059e-05, 4.4835e-05, 1.3947e-05, 2.0942e-05, 2.8948e-05,
        1.6971e-05, 5.8422e-05, 7.9896e-05, 6.0857e-05, 8.7756e-05],
       grad_fn=<CatBackward>)

mean_overall=tensor(6.1594e-05, grad_fn=<MeanBackward0>)

-----------------------------------------------ITERATION50-----------------------------------------------

final_causality=[[1, 1, 1, 1, 1, 1, 1, 1, 1, 1, 1, 1, 1], [1, 1, 1, 1, 1, 1, 1, 1, 1, 1, 1, 1, 1, 1, 1, 1, 1, 1, 1, 1, 1, 1, 1, 1, 1, 1, 1, 1, 1, 1, 1, 1, 1, 1, 1, 1, 1, 1, 1, 1, 1, 1, 1, 1, 1, 1, 1, 1, 1, 1], [1, 1, 1, 1, 1, 1, 1, 1, 1, 1, 1, 1, 1, 1, 1, 1, 1, 1, 1, 1, 1, 1, 1, 1, 1, 1, 1, 1, 1, 1, 1, 1, 1, 1, 1, 1, 1, 1, 1, 1, 1, 1, 1, 1, 1, 1, 1, 1, 1, 1]]

means=tensor([3.6441e-04, 0.0000e+00, 2.8154e-04, 0.0000e+00, 1.7067e-04, 2.0896e-05,
        1.4299e-04, 2.0803e-05, 5.3600e-05, 6.5396e-06, 4.6424e-06, 1.8550e-04,
        4.6330e-05, 2.9491e-05, 4.7115e-05, 6.3628e-05, 2.5105e-05, 3.6250e-05,
        4.4483e-06, 3.3768e-06, 6.1537e-06, 4.9565e-05, 1.3238e-04, 3.2091e-06,
        9.4913e-05, 7.9354e-05, 1.2247e-04, 2.6803e-05, 1.0987e-05, 3.9331e-06,
        6.0211e-05, 1.4857e-04, 7.0268e-05, 3.6651e-05, 1.3737e-05, 2.5484e-04,
        2.4674e-05, 1.1606e-04, 7.4983e-05, 3.0157e-05, 1.0832e-04, 7.7966e-05,
        3.2536e-05, 1.9571e-04, 4.8910e-05, 9.2397e-05, 7.0841e-05, 1.3337e-04,
        3.5254e-05, 7.2187e-05, 5.8302e-05, 9.5871e-05, 8.9808e-05, 6.7026e-05,
        9.6723e-05, 4.1399e-05, 8.6715e-05, 2.4632e-04, 1.0072e-05, 7.1212e-05,
        6.8809e-05, 3.9821e-05, 2.8015e-05, 1.1387e-04, 5.2305e-07, 2.0544e-05,
        2.4478e-05, 3.5951e-05, 2.3584e-05, 1.2086e-05, 2.5516e-05, 7.9875e-05,
        1.2356e-04, 2.8684e-05, 1.3695e-05, 7.1213e-06, 6.2573e-05, 5.9993e-05,
        7.6470e-06, 5.8398e-08, 3.0329e-05, 4.3376e-05, 8.9399e-05, 3.3707e-05,
        7.8428e-05, 4.4922e-05, 2.1441e-05, 2.4672e-05, 1.4839e-04, 1.2597e-05,
        2.5070e-05, 4.3314e-05, 7.7788e-05, 1.5746e-06, 9.0208e-05, 1.0599e-06,
        1.8634e-06, 8.1078e-05, 8.9252e-05, 6.6098e-05, 2.2981e-05, 2.1397e-05,
        4.3658e-05, 2.4288e-05, 4.5713e-05, 1.3503e-05, 2.1088e-05, 2.8304e-05,
        1.7385e-05, 5.8072e-05, 8.0349e-05, 6.0730e-05, 8.7784e-05],
       grad_fn=<CatBackward>)

mean_overall=tensor(6.1101e-05, grad_fn=<MeanBackward0>)

-----------------------------------------------ITERATION60-----------------------------------------------

final_causality=[[1, 1, 1, 1, 1, 1, 1, 1, 1, 1, 1, 1, 1], [1, 1, 1, 1, 1, 1, 1, 1, 1, 1, 1, 1, 1, 1, 1, 1, 1, 1, 1, 1, 1, 1, 1, 1, 1, 1, 1, 1, 1, 1, 1, 1, 1, 1, 1, 1, 1, 1, 1, 1, 1, 1, 1, 1, 1, 1, 1, 1, 1, 1], [1, 1, 1, 1, 1, 1, 1, 1, 1, 1, 1, 1, 1, 1, 1, 1, 1, 1, 1, 1, 1, 1, 1, 1, 1, 1, 1, 1, 1, 1, 1, 1, 1, 1, 1, 1, 1, 1, 1, 1, 1, 1, 1, 1, 1, 1, 1, 1, 1, 1]]

means=tensor([3.4974e-04, 0.0000e+00, 2.7655e-04, 0.0000e+00, 1.6484e-04, 2.2652e-05,
        1.3771e-04, 2.1111e-05, 6.2081e-05, 2.9636e-06, 3.6267e-06, 1.7511e-04,
        5.4369e-05, 2.6574e-05, 4.4636e-05, 6.1615e-05, 2.7132e-05, 3.8069e-05,
        2.2692e-06, 6.3304e-06, 4.2387e-06, 4.8779e-05, 1.3105e-04, 1.4106e-06,
        9.2406e-05, 7.7981e-05, 1.2152e-04, 2.9939e-05, 9.0784e-06, 1.2791e-06,
        5.9580e-05, 1.4695e-04, 7.0264e-05, 3.5488e-05, 1.0386e-05, 2.5199e-04,
        2.6994e-05, 1.1457e-04, 7.2490e-05, 2.8959e-05, 1.0578e-04, 7.4851e-05,
        3.1372e-05, 1.9482e-04, 4.7121e-05, 8.8890e-05, 6.8024e-05, 1.3197e-04,
        3.4496e-05, 7.0959e-05, 5.5595e-05, 9.2735e-05, 8.8259e-05, 6.5321e-05,
        1.0014e-04, 3.8363e-05, 8.4524e-05, 2.4286e-04, 1.1842e-05, 6.8609e-05,
        6.6445e-05, 4.1932e-05, 2.6519e-05, 1.1455e-04, 1.0100e-06, 2.0061e-05,
        2.3646e-05, 3.5307e-05, 2.4133e-05, 1.1576e-05, 2.5076e-05, 8.0730e-05,
        1.2184e-04, 2.9236e-05, 1.3057e-05, 7.4591e-06, 6.2630e-05, 6.0608e-05,
        8.0077e-06, 4.9453e-07, 3.0816e-05, 4.3320e-05, 8.8661e-05, 3.3880e-05,
        8.0092e-05, 4.5565e-05, 2.0519e-05, 2.3979e-05, 1.4894e-04, 1.2895e-05,
        2.5260e-05, 4.4121e-05, 7.6294e-05, 1.3411e-06, 8.9684e-05, 1.5075e-06,
        1.1822e-06, 8.1429e-05, 9.0514e-05, 6.7261e-05, 2.2355e-05, 2.2401e-05,
        4.3068e-05, 2.4651e-05, 4.6969e-05, 1.2904e-05, 2.1373e-05, 2.7345e-05,
        1.8088e-05, 5.7522e-05, 8.1164e-05, 6.0628e-05, 8.8156e-05],
       grad_fn=<CatBackward>)

mean_overall=tensor(6.0332e-05, grad_fn=<MeanBackward0>)

-----------------------------------------------ITERATION70-----------------------------------------------

final_causality=[[1, 1, 1, 1, 1, 1, 1, 1, 1, 1, 1, 1, 1], [1, 1, 1, 1, 1, 1, 1, 1, 1, 1, 1, 1, 1, 1, 1, 1, 1, 1, 1, 1, 1, 1, 1, 1, 1, 1, 1, 1, 1, 1, 1, 1, 1, 1, 1, 1, 1, 1, 1, 1, 1, 1, 1, 1, 1, 1, 1, 1, 1, 1], [1, 1, 1, 1, 1, 1, 1, 1, 1, 1, 1, 1, 1, 1, 1, 1, 1, 1, 1, 1, 1, 1, 1, 1, 1, 1, 1, 1, 1, 1, 1, 1, 1, 1, 1, 1, 1, 1, 1, 1, 1, 1, 1, 1, 1, 1, 1, 1, 1, 1]]

means=tensor([3.4211e-04, 0.0000e+00, 2.7440e-04, 0.0000e+00, 1.6243e-04, 2.3714e-05,
        1.3522e-04, 2.2329e-05, 6.7081e-05, 8.6180e-06, 8.0568e-06, 1.7106e-04,
        5.9902e-05, 2.5096e-05, 4.3366e-05, 6.0670e-05, 2.8173e-05, 3.9004e-05,
        1.2858e-06, 7.7021e-06, 3.3374e-06, 4.8444e-05, 1.3062e-04, 5.2738e-07,
        9.1364e-05, 7.7357e-05, 1.2135e-04, 3.1484e-05, 8.2446e-06, 2.0246e-07,
        5.9342e-05, 1.4612e-04, 7.0342e-05, 3.4909e-05, 8.7333e-06, 2.5057e-04,
        2.8178e-05, 1.1386e-04, 7.1255e-05, 2.8408e-05, 1.0457e-04, 7.3408e-05,
        3.0800e-05, 1.9448e-04, 4.6241e-05, 8.7091e-05, 6.6602e-05, 1.3136e-04,
        3.4201e-05, 7.0545e-05, 5.4185e-05, 9.1136e-05, 8.7598e-05, 6.4647e-05,
        1.0178e-04, 3.6854e-05, 8.3363e-05, 2.4110e-04, 1.2785e-05, 6.7250e-05,
        6.5506e-05, 4.3028e-05, 2.5813e-05, 1.1496e-04, 1.2522e-06, 1.9835e-05,
        2.3209e-05, 3.4984e-05, 2.4398e-05, 1.1317e-05, 2.4840e-05, 8.1163e-05,
        1.2079e-04, 2.9496e-05, 1.2727e-05, 7.6273e-06, 6.2646e-05, 6.0918e-05,
        8.1872e-06, 7.6494e-07, 3.1087e-05, 4.3235e-05, 8.8098e-05, 3.3967e-05,
        8.1056e-05, 4.5918e-05, 2.0073e-05, 2.3652e-05, 1.4934e-04, 1.3056e-05,
        2.5335e-05, 4.4549e-05, 7.5478e-05, 1.2263e-06, 8.9371e-05, 1.7371e-06,
        8.4728e-07, 8.1450e-05, 9.1092e-05, 6.7983e-05, 2.2062e-05, 2.2955e-05,
        4.2728e-05, 2.4888e-05, 4.7676e-05, 1.2606e-05, 2.1524e-05, 2.6822e-05,
        1.8439e-05, 5.7256e-05, 8.1523e-05, 6.0587e-05, 8.8235e-05],
       grad_fn=<CatBackward>)

mean_overall=tensor(6.0125e-05, grad_fn=<MeanBackward0>)

-----------------------------------------------ITERATION80-----------------------------------------------

final_causality=[[1, 1, 1, 1, 1, 1, 1, 1, 1, 1, 1, 1, 1], [1, 1, 1, 1, 1, 1, 1, 1, 1, 1, 1, 1, 1, 1, 1, 1, 1, 1, 1, 1, 1, 1, 1, 1, 1, 1, 1, 1, 1, 1, 1, 1, 1, 1, 1, 1, 1, 1, 1, 1, 1, 1, 1, 1, 1, 1, 1, 1, 1, 1], [1, 1, 1, 1, 1, 1, 1, 1, 1, 1, 1, 1, 1, 1, 1, 1, 1, 1, 1, 1, 1, 1, 1, 1, 1, 1, 1, 1, 1, 1, 1, 1, 1, 1, 1, 1, 1, 1, 1, 1, 1, 1, 1, 1, 1, 1, 1, 1, 1, 1]]

means=tensor([3.4154e-04, 0.0000e+00, 2.7480e-04, 0.0000e+00, 1.6338e-04, 2.4356e-05,
        1.3556e-04, 2.4408e-05, 6.8973e-05, 7.4680e-06, 8.5229e-06, 1.7304e-04,
        6.3332e-05, 2.5159e-05, 4.3444e-05, 6.0925e-05, 2.8088e-05, 3.9036e-05,
        1.5116e-06, 7.3633e-06, 3.5024e-06, 4.8533e-05, 1.3102e-04, 6.5893e-07,
        9.1755e-05, 7.7550e-05, 1.2182e-04, 3.1235e-05, 8.4834e-06, 6.7008e-07,
        5.9547e-05, 1.4624e-04, 7.0427e-05, 3.4963e-05, 9.1166e-06, 2.5075e-04,
        2.8046e-05, 1.1409e-04, 7.1590e-05, 2.8533e-05, 1.0471e-04, 7.3682e-05,
        3.0938e-05, 1.9459e-04, 4.6357e-05, 8.7245e-05, 6.6752e-05, 1.3157e-04,
        3.4264e-05, 7.0929e-05, 5.4249e-05, 9.1270e-05, 8.7876e-05, 6.5097e-05,
        1.0158e-04, 3.7085e-05, 8.3433e-05, 2.4127e-04, 1.2793e-05, 6.7318e-05,
        6.6194e-05, 4.2945e-05, 2.5985e-05, 1.1499e-04, 1.2201e-06, 1.9936e-05,
        2.3187e-05, 3.4976e-05, 2.4354e-05, 1.1324e-05, 2.4846e-05, 8.1123e-05,
        1.2054e-04, 2.9447e-05, 1.2753e-05, 7.6059e-06, 6.2604e-05, 6.0868e-05,
        8.1681e-06, 7.2502e-07, 3.1085e-05, 4.3133e-05, 8.7872e-05, 3.3937e-05,
        8.1185e-05, 4.5914e-05, 2.0111e-05, 2.3697e-05, 1.4945e-04, 1.3056e-05,
        2.5297e-05, 4.4534e-05, 7.5439e-05, 1.2373e-06, 8.9311e-05, 1.7162e-06,
        8.9072e-07, 8.1206e-05, 9.0956e-05, 6.8125e-05, 2.2120e-05, 2.2981e-05,
        4.2656e-05, 2.4849e-05, 4.7748e-05, 1.2632e-05, 2.1524e-05, 2.6814e-05,
        1.8399e-05, 5.7299e-05, 8.1416e-05, 6.0586e-05, 8.8009e-05],
       grad_fn=<CatBackward>)

mean_overall=tensor(6.0278e-05, grad_fn=<MeanBackward0>)

-----------------------------------------------ITERATION90-----------------------------------------------

final_causality=[[1, 1, 1, 1, 1, 1, 1, 1, 1, 1, 1, 1, 1], [1, 1, 1, 1, 1, 1, 1, 1, 1, 1, 1, 1, 1, 1, 1, 1, 1, 1, 1, 1, 1, 1, 1, 1, 1, 1, 1, 1, 1, 1, 1, 1, 1, 1, 1, 1, 1, 1, 1, 1, 1, 1, 1, 1, 1, 1, 1, 1, 1, 1], [1, 1, 1, 1, 1, 1, 1, 1, 1, 1, 1, 1, 1, 1, 1, 1, 1, 1, 1, 1, 1, 1, 1, 1, 1, 1, 1, 1, 1, 1, 1, 1, 1, 1, 1, 1, 1, 1, 1, 1, 1, 1, 1, 1, 1, 1, 1, 1, 1, 1]]

means=tensor([3.4301e-04, 1.3878e-17, 2.7603e-04, 1.3878e-17, 1.6535e-04, 2.4966e-05,
        1.3674e-04, 2.6866e-05, 7.0109e-05, 6.0287e-06, 7.8407e-06, 1.7703e-04,
        6.6365e-05, 2.5666e-05, 4.3903e-05, 6.1555e-05, 2.7707e-05, 3.8764e-05,
        2.1598e-06, 6.4937e-06, 4.0180e-06, 4.8808e-05, 1.3176e-04, 1.0791e-06,
        9.2644e-05, 7.8045e-05, 1.2263e-04, 3.0481e-05, 9.0925e-06, 1.6849e-06,
        5.9893e-05, 1.4659e-04, 7.0569e-05, 3.5195e-05, 1.0020e-05, 2.5138e-04,
        2.7563e-05, 1.1455e-04, 7.2364e-05, 2.8934e-05, 1.0533e-04, 7.4527e-05,
        3.1256e-05, 1.9490e-04, 4.6757e-05, 8.7928e-05, 6.7303e-05, 1.3207e-04,
        3.4503e-05, 7.1606e-05, 5.4717e-05, 9.1857e-05, 8.8470e-05, 6.6007e-05,
        1.0077e-04, 3.7756e-05, 8.3815e-05, 2.4198e-04, 1.2538e-05, 6.7773e-05,
        6.7390e-05, 4.2550e-05, 2.6416e-05, 1.1497e-04, 1.1088e-06, 2.0157e-05,
        2.3264e-05, 3.5063e-05, 2.4216e-05, 1.1394e-05, 2.4917e-05, 8.0944e-05,
        1.2041e-04, 2.9307e-05, 1.2879e-05, 7.5285e-06, 6.2546e-05, 6.0729e-05,
        8.0893e-06, 5.9349e-07, 3.1018e-05, 4.2998e-05, 8.7627e-05, 3.3858e-05,
        8.1145e-05, 4.5825e-05, 2.0298e-05, 2.3857e-05, 1.4957e-04, 1.3015e-05,
        2.5208e-05, 4.4413e-05, 7.5575e-05, 1.2847e-06, 8.9293e-05, 1.6227e-06,
        1.0478e-06, 8.0815e-05, 9.0607e-05, 6.8184e-05, 2.2296e-05, 2.2870e-05,
        4.2636e-05, 2.4747e-05, 4.7673e-05, 1.2743e-05, 2.1478e-05, 2.6932e-05,
        1.8243e-05, 5.7436e-05, 8.1146e-05, 6.0597e-05, 8.7643e-05],
       grad_fn=<CatBackward>)

mean_overall=tensor(6.0566e-05, grad_fn=<MeanBackward0>)

-----------------------------------------------ITERATION100-----------------------------------------------

final_causality=[[1, 1, 1, 1, 1, 1, 1, 1, 1, 1, 1, 1, 1], [1, 1, 1, 1, 1, 1, 1, 1, 1, 1, 1, 1, 1, 1, 1, 1, 1, 1, 1, 1, 1, 1, 1, 1, 1, 1, 1, 1, 1, 1, 1, 1, 1, 1, 1, 1, 1, 1, 1, 1, 1, 1, 1, 1, 1, 1, 1, 1, 1, 1], [1, 1, 1, 1, 1, 1, 1, 1, 1, 1, 1, 1, 1, 1, 1, 1, 1, 1, 1, 1, 1, 1, 1, 1, 1, 1, 1, 1, 1, 1, 1, 1, 1, 1, 1, 1, 1, 1, 1, 1, 1, 1, 1, 1, 1, 1, 1, 1, 1, 1]]

means=tensor([3.4287e-04, 1.3878e-17, 2.7679e-04, 1.3878e-17, 1.6665e-04, 2.5712e-05,
        1.3731e-04, 2.9313e-05, 7.2070e-05, 7.0522e-06, 8.1685e-06, 1.7993e-04,
        7.0128e-05, 2.5819e-05, 4.4046e-05, 6.1931e-05, 2.7602e-05, 3.8687e-05,
        2.5724e-06, 5.9932e-06, 4.3114e-06, 4.9021e-05, 1.3241e-04, 1.2659e-06,
        9.3284e-05, 7.8383e-05, 1.2340e-04, 3.0146e-05, 9.5013e-06, 2.4269e-06,
        6.0157e-05, 1.4671e-04, 7.0745e-05, 3.5283e-05, 1.0415e-05, 2.5164e-04,
        2.7405e-05, 1.1481e-04, 7.2764e-05, 2.9218e-05, 1.0568e-04, 7.5033e-05,
        3.1398e-05, 1.9517e-04, 4.6931e-05, 8.8147e-05, 6.7473e-05, 1.3239e-04,
        3.4709e-05, 7.2162e-05, 5.4830e-05, 9.2028e-05, 8.8885e-05, 6.6735e-05,
        1.0036e-04, 3.8006e-05, 8.3887e-05, 2.4224e-04, 1.2512e-05, 6.7879e-05,
        6.8267e-05, 4.2451e-05, 2.6652e-05, 1.1507e-04, 1.0611e-06, 2.0317e-05,
        2.3236e-05, 3.5083e-05, 2.4149e-05, 1.1397e-05, 2.4927e-05, 8.0873e-05,
        1.2002e-04, 2.9238e-05, 1.2922e-05, 7.4954e-06, 6.2505e-05, 6.0688e-05,
        8.0551e-06, 5.3250e-07, 3.1028e-05, 4.2858e-05, 8.7225e-05, 3.3803e-05,
        8.1350e-05, 4.5835e-05, 2.0385e-05, 2.3941e-05, 1.4982e-04, 1.3017e-05,
        2.5135e-05, 4.4408e-05, 7.5504e-05, 1.3033e-06, 8.9208e-05, 1.5883e-06,
        1.1193e-06, 8.0435e-05, 9.0412e-05, 6.8419e-05, 2.2404e-05, 2.2894e-05,
        4.2628e-05, 2.4780e-05, 4.7770e-05, 1.2778e-05, 2.1470e-05, 2.6918e-05,
        1.8177e-05, 5.7505e-05, 8.0964e-05, 6.0602e-05, 8.7318e-05],
       grad_fn=<CatBackward>)

mean_overall=tensor(6.0799e-05, grad_fn=<MeanBackward0>)

-----------------------------------------------ITERATION110-----------------------------------------------

final_causality=[[1, 1, 1, 1, 1, 1, 1, 1, 1, 1, 1, 1, 1], [1, 1, 1, 1, 1, 1, 1, 1, 1, 1, 1, 1, 1, 1, 1, 1, 1, 1, 1, 1, 1, 1, 1, 1, 1, 1, 1, 1, 1, 1, 1, 1, 1, 1, 1, 1, 1, 1, 1, 1, 1, 1, 1, 1, 1, 1, 1, 1, 1, 1], [1, 1, 1, 1, 1, 1, 1, 1, 1, 1, 1, 1, 1, 1, 1, 1, 1, 1, 1, 1, 1, 1, 1, 1, 1, 1, 1, 1, 1, 1, 1, 1, 1, 1, 1, 1, 1, 1, 1, 1, 1, 1, 1, 1, 1, 1, 1, 1, 1, 1]]

means=tensor([3.4093e-04, 1.3878e-17, 2.7697e-04, 1.3878e-17, 1.6721e-04, 2.6562e-05,
        1.3721e-04, 3.1692e-05, 7.4897e-05, 5.0384e-06, 9.6399e-06, 1.8145e-04,
        7.4636e-05, 2.5586e-05, 4.3856e-05, 6.2014e-05, 2.7774e-05, 3.8862e-05,
        2.6666e-06, 5.9198e-06, 4.3278e-06, 4.9112e-05, 1.3286e-04, 1.2057e-06,
        9.3579e-05, 7.8497e-05, 1.2400e-04, 3.0250e-05, 9.6426e-06, 2.7910e-06,
        6.0326e-05, 1.4661e-04, 7.0914e-05, 3.5218e-05, 1.0329e-05, 2.5151e-04,
        2.7572e-05, 1.1486e-04, 7.2786e-05, 2.9309e-05, 1.0567e-04, 7.5173e-05,
        3.1376e-05, 1.9533e-04, 4.6865e-05, 8.7895e-05, 6.7279e-05, 1.3252e-04,
        3.4817e-05, 7.2538e-05, 5.4579e-05, 9.1793e-05, 8.9071e-05, 6.7162e-05,
        1.0044e-04, 3.7858e-05, 8.3663e-05, 2.4203e-04, 1.2732e-05, 6.7631e-05,
        6.8787e-05, 4.2648e-05, 2.6679e-05, 1.1525e-04, 1.0823e-06, 2.0393e-05,
        2.3112e-05, 3.5025e-05, 2.4160e-05, 1.1338e-05, 2.4877e-05, 8.0919e-05,
        1.1945e-04, 2.9245e-05, 1.2878e-05, 7.5110e-06, 6.2478e-05, 6.0741e-05,
        8.0713e-06, 5.4942e-07, 3.1109e-05, 4.2735e-05, 8.6751e-05, 3.3787e-05,
        8.1764e-05, 4.5937e-05, 2.0355e-05, 2.3935e-05, 1.5013e-04, 1.3061e-05,
        2.5095e-05, 4.4510e-05, 7.5250e-05, 1.2905e-06, 8.9075e-05, 1.6184e-06,
        1.0946e-06, 8.0122e-05, 9.0387e-05, 6.8777e-05, 2.2424e-05, 2.3052e-05,
        4.2800e-05, 2.4860e-05, 4.8024e-05, 1.2739e-05, 2.1505e-05, 2.6783e-05,
        1.8211e-05, 5.7498e-05, 8.0901e-05, 6.0601e-05, 8.7075e-05],
       grad_fn=<CatBackward>)

mean_overall=tensor(6.0916e-05, grad_fn=<MeanBackward0>)

-----------------------------------------------ITERATION120-----------------------------------------------

final_causality=[[1, 1, 1, 1, 1, 1, 1, 1, 1, 1, 1, 1, 1], [1, 1, 1, 1, 1, 1, 1, 1, 1, 1, 1, 1, 1, 1, 1, 1, 1, 1, 1, 1, 1, 1, 1, 1, 1, 1, 1, 1, 1, 1, 1, 1, 1, 1, 1, 1, 1, 1, 1, 1, 1, 1, 1, 1, 1, 1, 1, 1, 1, 1], [1, 1, 1, 1, 1, 1, 1, 1, 1, 1, 1, 1, 1, 1, 1, 1, 1, 1, 1, 1, 1, 1, 1, 1, 1, 1, 1, 1, 1, 1, 1, 1, 1, 1, 1, 1, 1, 1, 1, 1, 1, 1, 1, 1, 1, 1, 1, 1, 1, 1]]

means=tensor([3.3861e-04, 0.0000e+00, 2.7697e-04, 0.0000e+00, 1.6775e-04, 2.7338e-05,
        1.3702e-04, 3.4142e-05, 7.7861e-05, 8.3904e-06, 1.1425e-05, 1.8261e-04,
        7.9385e-05, 2.5295e-05, 4.3635e-05, 6.2035e-05, 2.7936e-05, 3.9159e-05,
        2.6035e-06, 5.9466e-06, 4.2411e-06, 4.9085e-05, 1.3312e-04, 1.1269e-06,
        9.3704e-05, 7.8478e-05, 1.2440e-04, 3.0378e-05, 9.6659e-06, 2.9782e-06,
        6.0480e-05, 1.4655e-04, 7.1003e-05, 3.5141e-05, 1.0316e-05, 2.5138e-04,
        2.7736e-05, 1.1495e-04, 7.2809e-05, 2.9240e-05, 1.0548e-04, 7.5191e-05,
        3.1388e-05, 1.9534e-04, 4.6779e-05, 8.7645e-05, 6.7136e-05, 1.3258e-04,
        3.4796e-05, 7.2828e-05, 5.4311e-05, 9.1595e-05, 8.9175e-05, 6.7357e-05,
        1.0070e-04, 3.7782e-05, 8.3471e-05, 2.4181e-04, 1.2989e-05, 6.7372e-05,
        6.9278e-05, 4.2840e-05, 2.6687e-05, 1.1539e-04, 1.1121e-06, 2.0424e-05,
        2.3011e-05, 3.4948e-05, 2.4187e-05, 1.1289e-05, 2.4827e-05, 8.0984e-05,
        1.1902e-04, 2.9265e-05, 1.2828e-05, 7.5358e-06, 6.2451e-05, 6.0788e-05,
        8.0980e-06, 5.7889e-07, 3.1179e-05, 4.2657e-05, 8.6433e-05, 3.3804e-05,
        8.2114e-05, 4.6024e-05, 2.0299e-05, 2.3910e-05, 1.5033e-04, 1.3102e-05,
        2.5090e-05, 4.4590e-05, 7.5047e-05, 1.2733e-06, 8.8983e-05, 1.6580e-06,
        1.0503e-06, 7.9910e-05, 9.0382e-05, 6.9023e-05, 2.2409e-05, 2.3208e-05,
        4.2888e-05, 2.4927e-05, 4.8247e-05, 1.2705e-05, 2.1551e-05, 2.6665e-05,
        1.8263e-05, 5.7478e-05, 8.0893e-05, 6.0604e-05, 8.6912e-05],
       grad_fn=<CatBackward>)

mean_overall=tensor(6.1060e-05, grad_fn=<MeanBackward0>)

-----------------------------------------------ITERATION130-----------------------------------------------

final_causality=[[1, 1, 1, 1, 1, 1, 1, 1, 1, 1, 1, 1, 1], [1, 1, 1, 1, 1, 1, 1, 1, 1, 1, 1, 1, 1, 1, 1, 1, 1, 1, 1, 1, 1, 1, 1, 1, 1, 1, 1, 1, 1, 1, 1, 1, 1, 1, 1, 1, 1, 1, 1, 1, 1, 1, 1, 1, 1, 1, 1, 1, 1, 1], [1, 1, 1, 1, 1, 1, 1, 1, 1, 1, 1, 1, 1, 1, 1, 1, 1, 1, 1, 1, 1, 1, 1, 1, 1, 1, 1, 1, 1, 1, 1, 1, 1, 1, 1, 1, 1, 1, 1, 1, 1, 1, 1, 1, 1, 1, 1, 1, 1, 1]]

means=tensor([3.3674e-04, 1.3878e-17, 2.7720e-04, 1.3878e-17, 1.6854e-04, 2.8173e-05,
        1.3703e-04, 3.6764e-05, 8.0771e-05, 8.3714e-06, 1.2936e-05, 1.8436e-04,
        8.4213e-05, 2.5106e-05, 4.3497e-05, 6.2158e-05, 2.8044e-05, 3.9368e-05,
        2.6775e-06, 5.8283e-06, 4.2585e-06, 4.9133e-05, 1.3353e-04, 1.1131e-06,
        9.3995e-05, 7.8565e-05, 1.2495e-04, 3.0394e-05, 9.8058e-06, 3.3449e-06,
        6.0678e-05, 1.4653e-04, 7.1131e-05, 3.5103e-05, 1.0396e-05, 2.5134e-04,
        2.7830e-05, 1.1508e-04, 7.2930e-05, 2.9278e-05, 1.0543e-04, 7.5371e-05,
        3.1431e-05, 1.9544e-04, 4.6756e-05, 8.7499e-05, 6.7057e-05, 1.3273e-04,
        3.4850e-05, 7.3222e-05, 5.4125e-05, 9.1474e-05, 8.9377e-05, 6.7735e-05,
        1.0079e-04, 3.7777e-05, 8.3330e-05, 2.4169e-04, 1.3188e-05, 6.7190e-05,
        6.9916e-05, 4.2974e-05, 2.6758e-05, 1.1553e-04, 1.1233e-06, 2.0496e-05,
        2.2919e-05, 3.4893e-05, 2.4190e-05, 1.1249e-05, 2.4789e-05, 8.1015e-05,
        1.1856e-04, 2.9261e-05, 1.2799e-05, 7.5466e-06, 6.2419e-05, 6.0818e-05,
        8.1096e-06, 5.8577e-07, 3.1240e-05, 4.2554e-05, 8.6049e-05, 3.3800e-05,
        8.2462e-05, 4.6100e-05, 2.0280e-05, 2.3914e-05, 1.5056e-04, 1.3137e-05,
        2.5063e-05, 4.4657e-05, 7.4857e-05, 1.2647e-06, 8.8883e-05, 1.6807e-06,
        1.0349e-06, 7.9626e-05, 9.0324e-05, 6.9298e-05, 2.2430e-05, 2.3342e-05,
        4.3026e-05, 2.4999e-05, 4.8459e-05, 1.2687e-05, 2.1586e-05, 2.6564e-05,
        1.8286e-05, 5.7481e-05, 8.0833e-05, 6.0607e-05, 8.6685e-05],
       grad_fn=<CatBackward>)

mean_overall=tensor(6.1215e-05, grad_fn=<MeanBackward0>)

-----------------------------------------------ITERATION140-----------------------------------------------

final_causality=[[1, 1, 1, 1, 1, 1, 1, 1, 1, 1, 1, 1, 1], [1, 1, 1, 1, 1, 1, 1, 1, 1, 1, 1, 1, 1, 1, 1, 1, 1, 1, 1, 1, 1, 1, 1, 1, 1, 1, 1, 1, 1, 1, 1, 1, 1, 1, 1, 1, 1, 1, 1, 1, 1, 1, 1, 1, 1, 1, 1, 1, 1, 1], [1, 1, 1, 1, 1, 1, 1, 1, 1, 1, 1, 1, 1, 1, 1, 1, 1, 1, 1, 1, 1, 1, 1, 1, 1, 1, 1, 1, 1, 1, 1, 1, 1, 1, 1, 1, 1, 1, 1, 1, 1, 1, 1, 1, 1, 1, 1, 1, 1, 1]]

means=tensor([3.3514e-04, 0.0000e+00, 2.7758e-04, 0.0000e+00, 1.6953e-04, 2.9050e-05,
        1.3717e-04, 3.9541e-05, 8.3672e-05, 8.5453e-06, 1.4284e-05, 1.8652e-04,
        8.9157e-05, 2.4987e-05, 4.3417e-05, 6.2353e-05, 2.8107e-05, 3.9526e-05,
        2.8361e-06, 5.6111e-06, 4.3423e-06, 4.9222e-05, 1.3402e-04, 1.1470e-06,
        9.4392e-05, 7.8717e-05, 1.2559e-04, 3.0327e-05, 1.0020e-05, 3.8267e-06,
        6.0907e-05, 1.4654e-04, 7.1280e-05, 3.5093e-05, 1.0560e-05, 2.5137e-04,
        2.7870e-05, 1.1526e-04, 7.3130e-05, 2.9376e-05, 1.0548e-04, 7.5655e-05,
        3.1502e-05, 1.9559e-04, 4.6780e-05, 8.7433e-05, 6.7034e-05, 1.3293e-04,
        3.4945e-05, 7.3686e-05, 5.3999e-05, 9.1417e-05, 8.9647e-05, 6.8226e-05,
        1.0076e-04, 3.7836e-05, 8.3232e-05, 2.4166e-04, 1.3350e-05, 6.7066e-05,
        7.0668e-05, 4.3062e-05, 2.6876e-05, 1.1567e-04, 1.1211e-06, 2.0595e-05,
        2.2837e-05, 3.4853e-05, 2.4177e-05, 1.1216e-05, 2.4760e-05, 8.1023e-05,
        1.1808e-04, 2.9242e-05, 1.2785e-05, 7.5478e-06, 6.2383e-05, 6.0835e-05,
        8.1110e-06, 5.7690e-07, 3.1294e-05, 4.2437e-05, 8.5635e-05, 3.3784e-05,
        8.2801e-05, 4.6166e-05, 2.0286e-05, 2.3939e-05, 1.5082e-04, 1.3166e-05,
        2.5024e-05, 4.4711e-05, 7.4684e-05, 1.2619e-06, 8.8783e-05, 1.6914e-06,
        1.0392e-06, 7.9300e-05, 9.0228e-05, 6.9581e-05, 2.2473e-05, 2.3459e-05,
        4.3190e-05, 2.5070e-05, 4.8657e-05, 1.2680e-05, 2.1613e-05, 2.6477e-05,
        1.8290e-05, 5.7500e-05, 8.0739e-05, 6.0611e-05, 8.6418e-05],
       grad_fn=<CatBackward>)

mean_overall=tensor(6.1402e-05, grad_fn=<MeanBackward0>)

-----------------------------------------------ITERATION150-----------------------------------------------

final_causality=[[1, 1, 1, 1, 1, 1, 1, 1, 1, 1, 1, 1, 1], [1, 1, 1, 1, 1, 1, 1, 1, 1, 1, 1, 1, 1, 1, 1, 1, 1, 1, 1, 1, 1, 1, 1, 1, 1, 1, 1, 1, 1, 1, 1, 1, 1, 1, 1, 1, 1, 1, 1, 1, 1, 1, 1, 1, 1, 1, 1, 1, 1, 1], [1, 1, 1, 1, 1, 1, 1, 1, 1, 1, 1, 1, 1, 1, 1, 1, 1, 1, 1, 1, 1, 1, 1, 1, 1, 1, 1, 1, 1, 1, 1, 1, 1, 1, 1, 1, 1, 1, 1, 1, 1, 1, 1, 1, 1, 1, 1, 1, 1, 1]]

means=tensor([3.3342e-04, 1.3878e-17, 2.7795e-04, 1.3878e-17, 1.7053e-04, 2.9963e-05,
        1.3731e-04, 4.2417e-05, 8.6713e-05, 8.6374e-06, 1.5726e-05, 1.8871e-04,
        9.4320e-05, 2.4895e-05, 4.3325e-05, 6.2546e-05, 2.8181e-05, 3.9702e-05,
        2.9856e-06, 5.4021e-06, 4.4176e-06, 4.9307e-05, 1.3452e-04, 1.1750e-06,
        9.4790e-05, 7.8863e-05, 1.2625e-04, 3.0270e-05, 1.0230e-05, 4.3084e-06,
        6.1142e-05, 1.4655e-04, 7.1431e-05, 3.5079e-05, 1.0721e-05, 2.5140e-04,
        2.7920e-05, 1.1544e-04, 7.3327e-05, 2.9466e-05, 1.0551e-04, 7.5934e-05,
        3.1572e-05, 1.9573e-04, 4.6798e-05, 8.7353e-05, 6.7003e-05, 1.3312e-04,
        3.5037e-05, 7.4160e-05, 5.3860e-05, 9.1350e-05, 8.9917e-05, 6.8721e-05,
        1.0076e-04, 3.7891e-05, 8.3124e-05, 2.4161e-04, 1.3525e-05, 6.6929e-05,
        7.1441e-05, 4.3161e-05, 2.6992e-05, 1.1581e-04, 1.1211e-06, 2.0694e-05,
        2.2749e-05, 3.4807e-05, 2.4165e-05, 1.1180e-05, 2.4728e-05, 8.1035e-05,
        1.1759e-04, 2.9225e-05, 1.2768e-05, 7.5506e-06, 6.2346e-05, 6.0856e-05,
        8.1142e-06, 5.7028e-07, 3.1351e-05, 4.2319e-05, 8.5209e-05, 3.3769e-05,
        8.3157e-05, 4.6237e-05, 2.0289e-05, 2.3960e-05, 1.5108e-04, 1.3198e-05,
        2.4985e-05, 4.4769e-05, 7.4501e-05, 1.2581e-06, 8.8680e-05, 1.7047e-06,
        1.0402e-06, 7.8967e-05, 9.0134e-05, 6.9874e-05, 2.2514e-05, 2.3585e-05,
        4.3355e-05, 2.5144e-05, 4.8866e-05, 1.2672e-05, 2.1643e-05, 2.6384e-05,
        1.8298e-05, 5.7518e-05, 8.0647e-05, 6.0616e-05, 8.6148e-05],
       grad_fn=<CatBackward>)

mean_overall=tensor(6.1593e-05, grad_fn=<MeanBackward0>)

-----------------------------------------------ITERATION160-----------------------------------------------

final_causality=[[1, 1, 1, 1, 1, 1, 1, 1, 1, 1, 1, 1, 1], [1, 1, 1, 1, 1, 1, 1, 1, 1, 1, 1, 1, 1, 1, 1, 1, 1, 1, 1, 1, 1, 1, 1, 1, 1, 1, 1, 1, 1, 1, 1, 1, 1, 1, 1, 1, 1, 1, 1, 1, 1, 1, 1, 1, 1, 1, 1, 1, 1, 1], [1, 1, 1, 1, 1, 1, 1, 1, 1, 1, 1, 1, 1, 1, 1, 1, 1, 1, 1, 1, 1, 1, 1, 1, 1, 1, 1, 1, 1, 1, 1, 1, 1, 1, 1, 1, 1, 1, 1, 1, 1, 1, 1, 1, 1, 1, 1, 1, 1, 1]]

means=tensor([3.3148e-04, 0.0000e+00, 2.7828e-04, 0.0000e+00, 1.7150e-04, 3.0915e-05,
        1.3738e-04, 4.5374e-05, 8.9933e-05, 7.7385e-06, 1.7327e-05, 1.9082e-04,
        9.9724e-05, 2.4772e-05, 4.3201e-05, 6.2719e-05, 2.8280e-05, 3.9910e-05,
        3.1059e-06, 5.2276e-06, 4.4673e-06, 4.9379e-05, 1.3501e-04, 1.1821e-06,
        9.5164e-05, 7.8989e-05, 1.2690e-04, 3.0250e-05, 1.0419e-05, 4.7650e-06,
        6.1377e-05, 1.4654e-04, 7.1583e-05, 3.5051e-05, 1.0849e-05, 2.5139e-04,
        2.8000e-05, 1.1561e-04, 7.3500e-05, 2.9537e-05, 1.0551e-04, 7.6184e-05,
        3.1633e-05, 1.9586e-04, 4.6796e-05, 8.7232e-05, 6.6942e-05, 1.3331e-04,
        3.5118e-05, 7.4632e-05, 5.3686e-05, 9.1248e-05, 9.0174e-05, 6.9200e-05,
        1.0080e-04, 3.7917e-05, 8.2990e-05, 2.4152e-04, 1.3729e-05, 6.6758e-05,
        7.2213e-05, 4.3288e-05, 2.7094e-05, 1.1597e-04, 1.1274e-06, 2.0787e-05,
        2.2652e-05, 3.4753e-05, 2.4161e-05, 1.1139e-05, 2.4691e-05, 8.1058e-05,
        1.1707e-04, 2.9214e-05, 1.2743e-05, 7.5581e-06, 6.2309e-05, 6.0885e-05,
        8.1221e-06, 5.7061e-07, 3.1415e-05, 4.2200e-05, 8.4771e-05, 3.3759e-05,
        8.3539e-05, 4.6316e-05, 2.0280e-05, 2.3974e-05, 1.5135e-04, 1.3234e-05,
        2.4948e-05, 4.4837e-05, 7.4298e-05, 1.2513e-06, 8.8572e-05, 1.7245e-06,
        1.0322e-06, 7.8635e-05, 9.0051e-05, 7.0182e-05, 2.2547e-05, 2.3726e-05,
        4.3519e-05, 2.5225e-05, 4.9095e-05, 1.2657e-05, 2.1678e-05, 2.6279e-05,
        1.8315e-05, 5.7528e-05, 8.0565e-05, 6.0620e-05, 8.5878e-05],
       grad_fn=<CatBackward>)

mean_overall=tensor(6.1773e-05, grad_fn=<MeanBackward0>)

-----------------------------------------------ITERATION170-----------------------------------------------

final_causality=[[1, 1, 1, 1, 1, 1, 1, 1, 1, 1, 1, 1, 1], [1, 1, 1, 1, 1, 1, 1, 1, 1, 1, 1, 1, 1, 1, 1, 1, 1, 1, 1, 1, 1, 1, 1, 1, 1, 1, 1, 1, 1, 1, 1, 1, 1, 1, 1, 1, 1, 1, 1, 1, 1, 1, 1, 1, 1, 1, 1, 1, 1, 1], [1, 1, 1, 1, 1, 1, 1, 1, 1, 1, 1, 1, 1, 1, 1, 1, 1, 1, 1, 1, 1, 1, 1, 1, 1, 1, 1, 1, 1, 1, 1, 1, 1, 1, 1, 1, 1, 1, 1, 1, 1, 1, 1, 1, 1, 1, 1, 1, 1, 1]]

means=tensor([3.2944e-04, 1.3878e-17, 2.7860e-04, 1.3878e-17, 1.7249e-04, 3.1896e-05,
        1.3744e-04, 4.8425e-05, 9.3276e-05, 8.5126e-06, 1.9010e-05, 1.9297e-04,
        1.0533e-04, 2.4639e-05, 4.3070e-05, 6.2892e-05, 2.8383e-05, 4.0136e-05,
        3.2170e-06, 5.0581e-06, 4.5096e-06, 4.9444e-05, 1.3551e-04, 1.1864e-06,
        9.5538e-05, 7.9108e-05, 1.2757e-04, 3.0235e-05, 1.0604e-05, 5.2208e-06,
        6.1619e-05, 1.4654e-04, 7.1734e-05, 3.5020e-05, 1.0982e-05, 2.5138e-04,
        2.8084e-05, 1.1578e-04, 7.3676e-05, 2.9599e-05, 1.0549e-04, 7.6430e-05,
        3.1697e-05, 1.9599e-04, 4.6791e-05, 8.7104e-05, 6.6880e-05, 1.3349e-04,
        3.5194e-05, 7.5114e-05, 5.3503e-05, 9.1142e-05, 9.0433e-05, 6.9679e-05,
        1.0086e-04, 3.7946e-05, 8.2852e-05, 2.4143e-04, 1.3944e-05, 6.6580e-05,
        7.3010e-05, 4.3422e-05, 2.7197e-05, 1.1612e-04, 1.1349e-06, 2.0879e-05,
        2.2552e-05, 3.4695e-05, 2.4158e-05, 1.1097e-05, 2.4651e-05, 8.1083e-05,
        1.1654e-04, 2.9204e-05, 1.2715e-05, 7.5668e-06, 6.2271e-05, 6.0916e-05,
        8.1313e-06, 5.7235e-07, 3.1480e-05, 4.2082e-05, 8.4329e-05, 3.3750e-05,
        8.3932e-05, 4.6398e-05, 2.0269e-05, 2.3987e-05, 1.5163e-04, 1.3272e-05,
        2.4914e-05, 4.4907e-05, 7.4092e-05, 1.2439e-06, 8.8465e-05, 1.7461e-06,
        1.0220e-06, 7.8299e-05, 8.9969e-05, 7.0493e-05, 2.2578e-05, 2.3873e-05,
        4.3682e-05, 2.5306e-05, 4.9329e-05, 1.2641e-05, 2.1715e-05, 2.6172e-05,
        1.8334e-05, 5.7538e-05, 8.0484e-05, 6.0625e-05, 8.5606e-05],
       grad_fn=<CatBackward>)

mean_overall=tensor(6.1971e-05, grad_fn=<MeanBackward0>)

-----------------------------------------------ITERATION180-----------------------------------------------

final_causality=[[1, 1, 1, 1, 1, 1, 1, 1, 1, 1, 1, 1, 1], [1, 1, 1, 1, 1, 1, 1, 1, 1, 1, 1, 1, 1, 1, 1, 1, 1, 1, 1, 1, 1, 1, 1, 1, 1, 1, 1, 1, 1, 1, 1, 1, 1, 1, 1, 1, 1, 1, 1, 1, 1, 1, 1, 1, 1, 1, 1, 1, 1, 1], [1, 1, 1, 1, 1, 1, 1, 1, 1, 1, 1, 1, 1, 1, 1, 1, 1, 1, 1, 1, 1, 1, 1, 1, 1, 1, 1, 1, 1, 1, 1, 1, 1, 1, 1, 1, 1, 1, 1, 1, 1, 1, 1, 1, 1, 1, 1, 1, 1, 1]]

means=tensor([3.2738e-04, 0.0000e+00, 2.7895e-04, 0.0000e+00, 1.7354e-04, 3.2920e-05,
        1.3753e-04, 5.1582e-05, 9.6721e-05, 8.1051e-06, 2.0720e-05, 1.9524e-04,
        1.1112e-04, 2.4512e-05, 4.2942e-05, 6.3083e-05, 2.8486e-05, 4.0360e-05,
        3.3463e-06, 4.8699e-06, 4.5642e-06, 4.9520e-05, 1.3604e-04, 1.1968e-06,
        9.5943e-05, 7.9242e-05, 1.2827e-04, 3.0209e-05, 1.0807e-05, 5.7091e-06,
        6.1872e-05, 1.4653e-04, 7.1896e-05, 3.4992e-05, 1.1126e-05, 2.5138e-04,
        2.8165e-05, 1.1597e-04, 7.3867e-05, 2.9676e-05, 1.0549e-04, 7.6701e-05,
        3.1764e-05, 1.9613e-04, 4.6792e-05, 8.6983e-05, 6.6819e-05, 1.3369e-04,
        3.5283e-05, 7.5623e-05, 5.3324e-05, 9.1040e-05, 9.0710e-05, 7.0198e-05,
        1.0091e-04, 3.7981e-05, 8.2714e-05, 2.4134e-04, 1.4160e-05, 6.6403e-05,
        7.3852e-05, 4.3556e-05, 2.7310e-05, 1.1629e-04, 1.1409e-06, 2.0979e-05,
        2.2449e-05, 3.4638e-05, 2.4153e-05, 1.1053e-05, 2.4612e-05, 8.1105e-05,
        1.1599e-04, 2.9192e-05, 1.2689e-05, 7.5744e-06, 6.2231e-05, 6.0947e-05,
        8.1392e-06, 5.7202e-07, 3.1548e-05, 4.1958e-05, 8.3863e-05, 3.3739e-05,
        8.4339e-05, 4.6483e-05, 2.0262e-05, 2.4003e-05, 1.5191e-04, 1.3310e-05,
        2.4875e-05, 4.4978e-05, 7.3878e-05, 1.2370e-06, 8.8354e-05, 1.7669e-06,
        1.0142e-06, 7.7944e-05, 8.9879e-05, 7.0819e-05, 2.2613e-05, 2.4023e-05,
        4.3856e-05, 2.5392e-05, 4.9571e-05, 1.2626e-05, 2.1752e-05, 2.6062e-05,
        1.8352e-05, 5.7550e-05, 8.0395e-05, 6.0629e-05, 8.5318e-05],
       grad_fn=<CatBackward>)

mean_overall=tensor(6.2170e-05, grad_fn=<MeanBackward0>)

-----------------------------------------------ITERATION190-----------------------------------------------

final_causality=[[1, 1, 1, 1, 1, 1, 1, 1, 1, 1, 1, 1, 1], [1, 1, 1, 1, 1, 1, 1, 1, 1, 1, 1, 1, 1, 1, 1, 1, 1, 1, 1, 1, 1, 1, 1, 1, 1, 1, 1, 1, 1, 1, 1, 1, 1, 1, 1, 1, 1, 1, 1, 1, 1, 1, 1, 1, 1, 1, 1, 1, 1, 1], [1, 1, 1, 1, 1, 1, 1, 1, 1, 1, 1, 1, 1, 1, 1, 1, 1, 1, 1, 1, 1, 1, 1, 1, 1, 1, 1, 1, 1, 1, 1, 1, 1, 1, 1, 1, 1, 1, 1, 1, 1, 1, 1, 1, 1, 1, 1, 1, 1, 1]]

means=tensor([3.2528e-04, 1.3878e-17, 2.7931e-04, 1.3878e-17, 1.7465e-04, 3.3976e-05,
        1.3762e-04, 5.4839e-05, 1.0027e-04, 8.4682e-06, 2.2473e-05, 1.9759e-04,
        1.1710e-04, 2.4386e-05, 4.2818e-05, 6.3285e-05, 2.8586e-05, 4.0590e-05,
        3.4805e-06, 4.6714e-06, 4.6225e-06, 4.9598e-05, 1.3658e-04, 1.2121e-06,
        9.6364e-05, 7.9381e-05, 1.2900e-04, 3.0175e-05, 1.1018e-05, 6.2135e-06,
        6.2137e-05, 1.4654e-04, 7.2060e-05, 3.4967e-05, 1.1287e-05, 2.5138e-04,
        2.8243e-05, 1.1616e-04, 7.4072e-05, 2.9755e-05, 1.0549e-04, 7.6984e-05,
        3.1839e-05, 1.9627e-04, 4.6798e-05, 8.6869e-05, 6.6766e-05, 1.3390e-04,
        3.5374e-05, 7.6150e-05, 5.3147e-05, 9.0944e-05, 9.0999e-05, 7.0735e-05,
        1.0095e-04, 3.8028e-05, 8.2579e-05, 2.4126e-04, 1.4380e-05, 6.6230e-05,
        7.4733e-05, 4.3687e-05, 2.7430e-05, 1.1645e-04, 1.1460e-06, 2.1083e-05,
        2.2346e-05, 3.4579e-05, 2.4147e-05, 1.1010e-05, 2.4572e-05, 8.1125e-05,
        1.1543e-04, 2.9179e-05, 1.2663e-05, 7.5816e-06, 6.2190e-05, 6.0978e-05,
        8.1466e-06, 5.7049e-07, 3.1615e-05, 4.1833e-05, 8.3390e-05, 3.3727e-05,
        8.4753e-05, 4.6567e-05, 2.0256e-05, 2.4020e-05, 1.5220e-04, 1.3349e-05,
        2.4835e-05, 4.5048e-05, 7.3664e-05, 1.2305e-06, 8.8243e-05, 1.7874e-06,
        1.0075e-06, 7.7581e-05, 8.9782e-05, 7.1149e-05, 2.2651e-05, 2.4176e-05,
        4.4033e-05, 2.5479e-05, 4.9817e-05, 1.2613e-05, 2.1790e-05, 2.5951e-05,
        1.8368e-05, 5.7564e-05, 8.0302e-05, 6.0634e-05, 8.5022e-05],
       grad_fn=<CatBackward>)

mean_overall=tensor(6.2384e-05, grad_fn=<MeanBackward0>)

-----------------------------------------------ITERATION200-----------------------------------------------

final_causality=[[1, 1, 1, 1, 1, 1, 1, 1, 1, 1, 1, 1, 1], [1, 1, 1, 1, 1, 1, 1, 1, 1, 1, 1, 1, 1, 1, 1, 1, 1, 1, 1, 1, 1, 1, 1, 1, 1, 1, 1, 1, 1, 1, 1, 1, 1, 1, 1, 1, 1, 1, 1, 1, 1, 1, 1, 1, 1, 1, 1, 1, 1, 1], [1, 1, 1, 1, 1, 1, 1, 1, 1, 1, 1, 1, 1, 1, 1, 1, 1, 1, 1, 1, 1, 1, 1, 1, 1, 1, 1, 1, 1, 1, 1, 1, 1, 1, 1, 1, 1, 1, 1, 1, 1, 1, 1, 1, 1, 1, 1, 1, 1, 1]]

means=tensor([3.2310e-04, 1.3878e-17, 2.7968e-04, 1.3878e-17, 1.7579e-04, 3.5062e-05,
        1.3772e-04, 5.8190e-05, 1.0392e-04, 8.1601e-06, 2.4294e-05, 1.9999e-04,
        1.2326e-04, 2.4256e-05, 4.2689e-05, 6.3492e-05, 2.8688e-05, 4.0834e-05,
        3.6100e-06, 4.4727e-06, 4.6772e-06, 4.9670e-05, 1.3713e-04, 1.2277e-06,
        9.6789e-05, 7.9516e-05, 1.2973e-04, 3.0141e-05, 1.1229e-05, 6.7220e-06,
        6.2409e-05, 1.4654e-04, 7.2225e-05, 3.4940e-05, 1.1459e-05, 2.5139e-04,
        2.8321e-05, 1.1637e-04, 7.4286e-05, 2.9828e-05, 1.0548e-04, 7.7269e-05,
        3.1919e-05, 1.9641e-04, 4.6804e-05, 8.6755e-05, 6.6715e-05, 1.3411e-04,
        3.5461e-05, 7.6690e-05, 5.2967e-05, 9.0850e-05, 9.1293e-05, 7.1279e-05,
        1.0101e-04, 3.8083e-05, 8.2445e-05, 2.4118e-04, 1.4608e-05, 6.6053e-05,
        7.5645e-05, 4.3822e-05, 2.7555e-05, 1.1661e-04, 1.1516e-06, 2.1187e-05,
        2.2241e-05, 3.4518e-05, 2.4141e-05, 1.0966e-05, 2.4532e-05, 8.1146e-05,
        1.1487e-04, 2.9166e-05, 1.2636e-05, 7.5893e-06, 6.2148e-05, 6.1010e-05,
        8.1547e-06, 5.6939e-07, 3.1683e-05, 4.1830e-05, 8.2913e-05, 3.3717e-05,
        8.5174e-05, 4.6653e-05, 2.0249e-05, 2.4038e-05, 1.5250e-04, 1.3389e-05,
        2.4796e-05, 4.5119e-05, 7.3447e-05, 1.2236e-06, 8.8133e-05, 1.8090e-06,
        9.9979e-07, 7.7214e-05, 8.9684e-05, 7.1482e-05, 2.2687e-05, 2.4332e-05,
        4.4210e-05, 2.5568e-05, 5.0067e-05, 1.2599e-05, 2.1830e-05, 2.5840e-05,
        1.8386e-05, 5.7578e-05, 8.0209e-05, 6.0639e-05, 8.4722e-05],
       grad_fn=<CatBackward>)

mean_overall=tensor(6.2598e-05, grad_fn=<MeanBackward0>)

-----------------------------------------------ITERATION210-----------------------------------------------

final_causality=[[1, 1, 1, 1, 1, 1, 1, 1, 1, 1, 1, 1, 1], [1, 1, 1, 1, 1, 1, 1, 1, 1, 1, 1, 1, 1, 1, 1, 1, 1, 1, 1, 1, 1, 1, 1, 1, 1, 1, 1, 1, 1, 1, 1, 1, 1, 1, 1, 1, 1, 1, 1, 1, 1, 1, 1, 1, 1, 1, 1, 1, 1, 1], [1, 1, 1, 1, 1, 1, 1, 1, 1, 1, 1, 1, 1, 1, 1, 1, 1, 1, 1, 1, 1, 1, 1, 1, 1, 1, 1, 1, 1, 1, 1, 1, 1, 1, 1, 1, 1, 1, 1, 1, 1, 1, 1, 1, 1, 1, 1, 1, 1, 1]]

means=tensor([3.2085e-04, 0.0000e+00, 2.8007e-04, 0.0000e+00, 1.7694e-04, 3.6204e-05,
        1.3781e-04, 6.1633e-05, 1.0771e-04, 8.3437e-06, 2.6172e-05, 2.0246e-04,
        1.2963e-04, 2.4120e-05, 4.2551e-05, 6.3707e-05, 2.8805e-05, 4.1076e-05,
        3.7565e-06, 4.2683e-06, 4.7397e-06, 4.9759e-05, 1.3772e-04, 1.2380e-06,
        9.7244e-05, 7.9669e-05, 1.3052e-04, 3.0117e-05, 1.1456e-05, 7.2606e-06,
        6.2690e-05, 1.4654e-04, 7.2407e-05, 3.4910e-05, 1.1607e-05, 2.5139e-04,
        2.8414e-05, 1.1657e-04, 7.4494e-05, 2.9923e-05, 1.0549e-04, 7.7576e-05,
        3.1990e-05, 1.9657e-04, 4.6805e-05, 8.6623e-05, 6.6642e-05, 1.3433e-04,
        3.5569e-05, 7.7257e-05, 5.2772e-05, 9.0733e-05, 9.1603e-05, 7.1872e-05,
        1.0105e-04, 3.8115e-05, 8.2292e-05, 2.4108e-04, 1.4847e-05, 6.5861e-05,
        7.6588e-05, 4.3973e-05, 2.7680e-05, 1.1679e-04, 1.1585e-06, 2.1299e-05,
        2.2126e-05, 3.4455e-05, 2.4135e-05, 1.0917e-05, 2.4488e-05, 8.1168e-05,
        1.1426e-04, 2.9153e-05, 1.2606e-05, 7.5976e-06, 6.2106e-05, 6.1048e-05,
        8.1630e-06, 5.6913e-07, 3.1758e-05, 4.2336e-05, 8.2393e-05, 3.3702e-05,
        8.5629e-05, 4.6747e-05, 2.0243e-05, 2.4055e-05, 1.5282e-04, 1.3432e-05,
        2.4752e-05, 4.5200e-05, 7.3207e-05, 1.2162e-06, 8.8012e-05, 1.8323e-06,
        9.9135e-07, 7.6821e-05, 8.9585e-05, 7.1847e-05, 2.2728e-05, 2.4500e-05,
        4.4405e-05, 2.5666e-05, 5.0336e-05, 1.2582e-05, 2.1870e-05, 2.5717e-05,
        1.8406e-05, 5.7591e-05, 8.0108e-05, 6.0644e-05, 8.4402e-05],
       grad_fn=<CatBackward>)

mean_overall=tensor(6.2829e-05, grad_fn=<MeanBackward0>)

-----------------------------------------------ITERATION220-----------------------------------------------

final_causality=[[1, 1, 1, 1, 1, 1, 1, 1, 1, 1, 1, 1, 1], [1, 1, 1, 1, 1, 1, 1, 1, 1, 1, 1, 1, 1, 1, 1, 1, 1, 1, 1, 1, 1, 1, 1, 1, 1, 1, 1, 1, 1, 1, 1, 1, 1, 1, 1, 1, 1, 1, 1, 1, 1, 1, 1, 1, 1, 1, 1, 1, 1, 1], [1, 1, 1, 1, 1, 1, 1, 1, 1, 1, 1, 1, 1, 1, 1, 1, 1, 1, 1, 1, 1, 1, 1, 1, 1, 1, 1, 1, 1, 1, 1, 1, 1, 1, 1, 1, 1, 1, 1, 1, 1, 1, 1, 1, 1, 1, 1, 1, 1, 1]]

means=tensor([3.1853e-04, 1.3878e-17, 2.8047e-04, 1.3878e-17, 1.7814e-04, 3.7378e-05,
        1.3790e-04, 6.5169e-05, 1.1161e-04, 8.3047e-06, 2.8106e-05, 2.0500e-04,
        1.3618e-04, 2.3981e-05, 4.2411e-05, 6.3930e-05, 2.8922e-05, 4.1329e-05,
        3.9032e-06, 4.0599e-06, 4.8021e-06, 4.9847e-05, 1.3832e-04, 1.2500e-06,
        9.7710e-05, 7.9821e-05, 1.3133e-04, 3.0091e-05, 1.1687e-05, 7.8090e-06,
        6.2980e-05, 1.4654e-04, 7.2592e-05, 3.4886e-05, 1.1767e-05, 2.5139e-04,
        2.8507e-05, 1.1677e-04, 7.4713e-05, 3.0017e-05, 1.0550e-04, 7.7889e-05,
        3.2066e-05, 1.9673e-04, 4.6808e-05, 8.6492e-05, 6.6571e-05, 1.3456e-04,
        3.5678e-05, 7.7840e-05, 5.2576e-05, 9.0619e-05, 9.1920e-05, 7.2479e-05,
        1.0111e-04, 3.8154e-05, 8.2139e-05, 2.4099e-04, 1.5092e-05, 6.5669e-05,
        7.7567e-05, 4.4125e-05, 2.7811e-05, 1.1697e-04, 1.1653e-06, 2.1414e-05,
        2.2009e-05, 3.4390e-05, 2.4129e-05, 1.0867e-05, 2.4444e-05, 8.1190e-05,
        1.1364e-04, 2.9140e-05, 1.2576e-05, 7.6061e-06, 6.2062e-05, 6.1087e-05,
        8.1714e-06, 5.6869e-07, 3.1833e-05, 4.2852e-05, 8.1866e-05, 3.3688e-05,
        8.6092e-05, 4.6842e-05, 2.0236e-05, 2.4073e-05, 1.5314e-04, 1.3476e-05,
        2.4706e-05, 4.5281e-05, 7.2965e-05, 1.2087e-06, 8.7891e-05, 1.8563e-06,
        9.8272e-07, 7.6422e-05, 8.9482e-05, 7.2217e-05, 2.2768e-05, 2.4672e-05,
        4.4601e-05, 2.5767e-05, 5.0610e-05, 1.2565e-05, 2.1912e-05, 2.5594e-05,
        1.8425e-05, 5.7605e-05, 8.0006e-05, 6.0649e-05, 8.4075e-05],
       grad_fn=<CatBackward>)

mean_overall=tensor(6.3065e-05, grad_fn=<MeanBackward0>)

-----------------------------------------------ITERATION230-----------------------------------------------

final_causality=[[1, 1, 1, 1, 1, 1, 1, 1, 1, 1, 1, 1, 1], [1, 1, 1, 1, 1, 1, 1, 1, 1, 1, 1, 1, 1, 1, 1, 1, 1, 1, 1, 1, 1, 1, 1, 1, 1, 1, 1, 1, 1, 1, 1, 1, 1, 1, 1, 1, 1, 1, 1, 1, 1, 1, 1, 1, 1, 1, 1, 1, 1, 1], [1, 1, 1, 1, 1, 1, 1, 1, 1, 1, 1, 1, 1, 1, 1, 1, 1, 1, 1, 1, 1, 1, 1, 1, 1, 1, 1, 1, 1, 1, 1, 1, 1, 1, 1, 1, 1, 1, 1, 1, 1, 1, 1, 1, 1, 1, 1, 1, 1, 1]]

means=tensor([3.1616e-04, 1.3878e-17, 2.8087e-04, 1.3878e-17, 1.7938e-04, 3.8581e-05,
        1.3800e-04, 6.8798e-05, 1.1561e-04, 8.2281e-06, 3.0098e-05, 2.0759e-04,
        1.4291e-04, 2.3840e-05, 4.2271e-05, 6.4160e-05, 2.9037e-05, 4.1594e-05,
        4.0464e-06, 3.8484e-06, 4.8626e-06, 4.9930e-05, 1.3893e-04, 1.2648e-06,
        9.8182e-05, 7.9972e-05, 1.3215e-04, 3.0059e-05, 1.1918e-05, 8.3627e-06,
        6.3278e-05, 1.4654e-04, 7.2775e-05, 3.4922e-05, 1.1944e-05, 2.5140e-04,
        2.8597e-05, 1.1699e-04, 7.4943e-05, 3.0106e-05, 1.0550e-04, 7.8205e-05,
        3.2149e-05, 1.9689e-04, 4.6814e-05, 8.6367e-05, 6.6507e-05, 1.3478e-04,
        3.5783e-05, 7.8436e-05, 5.2380e-05, 9.0512e-05, 9.2244e-05, 7.3093e-05,
        1.0117e-04, 3.8206e-05, 8.1991e-05, 2.4090e-04, 1.5344e-05, 6.5477e-05,
        7.8581e-05, 4.4278e-05, 2.7947e-05, 1.1715e-04, 1.1720e-06, 2.1529e-05,
        2.1893e-05, 3.4323e-05, 2.4123e-05, 1.0817e-05, 2.4399e-05, 8.1211e-05,
        1.1302e-04, 2.9126e-05, 1.2546e-05, 7.6148e-06, 6.2017e-05, 6.1126e-05,
        8.1801e-06, 5.6801e-07, 3.1908e-05, 4.3372e-05, 8.1339e-05, 3.3675e-05,
        8.6560e-05, 4.6937e-05, 2.0230e-05, 2.4092e-05, 1.5347e-04, 1.3521e-05,
        2.4662e-05, 4.5361e-05, 7.2724e-05, 1.2012e-06, 8.8081e-05, 1.8807e-06,
        9.7388e-07, 7.6019e-05, 8.9375e-05, 7.2587e-05, 2.2809e-05, 2.4846e-05,
        4.4796e-05, 2.5868e-05, 5.0887e-05, 1.2549e-05, 2.1955e-05, 2.5470e-05,
        1.8446e-05, 5.7620e-05, 7.9903e-05, 6.0654e-05, 8.3745e-05],
       grad_fn=<CatBackward>)

mean_overall=tensor(6.3310e-05, grad_fn=<MeanBackward0>)

-----------------------------------------------ITERATION240-----------------------------------------------

final_causality=[[1, 1, 1, 1, 1, 1, 1, 1, 1, 1, 1, 1, 1], [1, 1, 1, 1, 1, 1, 1, 1, 1, 1, 1, 1, 1, 1, 1, 1, 1, 1, 1, 1, 1, 1, 1, 1, 1, 1, 1, 1, 1, 1, 1, 1, 1, 1, 1, 1, 1, 1, 1, 1, 1, 1, 1, 1, 1, 1, 1, 1, 1, 1], [1, 1, 1, 1, 1, 1, 1, 1, 1, 1, 1, 1, 1, 1, 1, 1, 1, 1, 1, 1, 1, 1, 1, 1, 1, 1, 1, 1, 1, 1, 1, 1, 1, 1, 1, 1, 1, 1, 1, 1, 1, 1, 1, 1, 1, 1, 1, 1, 1, 1]]

means=tensor([3.1373e-04, 0.0000e+00, 2.8128e-04, 0.0000e+00, 1.8065e-04, 3.9824e-05,
        1.3810e-04, 7.2519e-05, 1.1972e-04, 8.1119e-06, 3.2146e-05, 2.1025e-04,
        1.4984e-04, 2.3697e-05, 4.2128e-05, 6.4399e-05, 2.9158e-05, 4.1865e-05,
        4.1950e-06, 3.6322e-06, 4.9254e-06, 5.0017e-05, 1.3956e-04, 1.2795e-06,
        9.8670e-05, 8.0127e-05, 1.3300e-04, 3.0029e-05, 1.2157e-05, 8.9322e-06,
        6.3586e-05, 1.4655e-04, 7.2965e-05, 3.4959e-05, 1.2122e-05, 2.5141e-04,
        2.8691e-05, 1.1722e-04, 7.5180e-05, 3.0201e-05, 1.0550e-04, 7.8534e-05,
        3.2234e-05, 1.9705e-04, 4.6819e-05, 8.6238e-05, 6.6439e-05, 1.3502e-04,
        3.5894e-05, 7.9052e-05, 5.2181e-05, 9.0400e-05, 9.2578e-05, 7.3732e-05,
        1.0123e-04, 3.8257e-05, 8.1837e-05, 2.4080e-04, 1.5602e-05, 6.5281e-05,
        7.9630e-05, 4.4436e-05, 2.8088e-05, 1.1733e-04, 1.1789e-06, 2.1649e-05,
        2.1772e-05, 3.4255e-05, 2.4117e-05, 1.0766e-05, 2.4353e-05, 8.1232e-05,
        1.1237e-04, 2.9113e-05, 1.2514e-05, 7.6237e-06, 6.1971e-05, 6.1167e-05,
        8.1888e-06, 5.6737e-07, 3.1986e-05, 4.3908e-05, 8.0794e-05, 3.3660e-05,
        8.7043e-05, 4.7036e-05, 2.0224e-05, 2.4111e-05, 1.5380e-04, 1.3567e-05,
        2.4616e-05, 4.5443e-05, 7.2474e-05, 1.1935e-06, 8.8451e-05, 1.9060e-06,
        9.6478e-07, 7.5604e-05, 8.9265e-05, 7.2969e-05, 2.2850e-05, 2.5026e-05,
        4.4998e-05, 2.5973e-05, 5.1172e-05, 1.2532e-05, 2.1999e-05, 2.5343e-05,
        1.8466e-05, 5.7634e-05, 7.9796e-05, 6.0659e-05, 8.3404e-05],
       grad_fn=<CatBackward>)

mean_overall=tensor(6.3564e-05, grad_fn=<MeanBackward0>)

-----------------------------------------------ITERATION250-----------------------------------------------

final_causality=[[1, 1, 1, 1, 1, 1, 1, 1, 1, 1, 1, 1, 1], [1, 1, 1, 1, 1, 1, 1, 1, 1, 1, 1, 1, 1, 1, 1, 1, 1, 1, 1, 1, 1, 1, 1, 1, 1, 1, 1, 1, 1, 1, 1, 1, 1, 1, 1, 1, 1, 1, 1, 1, 1, 1, 1, 1, 1, 1, 1, 1, 1, 1], [1, 1, 1, 1, 1, 1, 1, 1, 1, 1, 1, 1, 1, 1, 1, 1, 1, 1, 1, 1, 1, 1, 1, 1, 1, 1, 1, 1, 1, 1, 1, 1, 1, 1, 1, 1, 1, 1, 1, 1, 1, 1, 1, 1, 1, 1, 1, 1, 1, 1]]

means=tensor([3.1123e-04, 0.0000e+00, 2.8170e-04, 0.0000e+00, 1.8196e-04, 4.1109e-05,
        1.3821e-04, 7.6331e-05, 1.2395e-04, 8.1297e-06, 3.4248e-05, 2.1298e-04,
        1.5695e-04, 2.3550e-05, 4.1981e-05, 6.4647e-05, 2.9284e-05, 4.2141e-05,
        4.3511e-06, 3.4112e-06, 4.9919e-06, 5.0111e-05, 1.4022e-04, 1.2933e-06,
        9.9179e-05, 8.0291e-05, 1.3388e-04, 3.0001e-05, 1.2405e-05, 9.5201e-06,
        6.3902e-05, 1.4655e-04, 7.3164e-05, 3.4995e-05, 1.2297e-05, 2.5142e-04,
        2.8791e-05, 1.1744e-04, 7.5421e-05, 3.0305e-05, 1.0551e-04, 7.8876e-05,
        3.2318e-05, 1.9722e-04, 4.6825e-05, 8.6105e-05, 6.6364e-05, 1.3526e-04,
        3.6016e-05, 7.9688e-05, 5.1976e-05, 9.0281e-05, 9.2924e-05, 7.4402e-05,
        1.0129e-04, 3.8304e-05, 8.1677e-05, 2.4071e-04, 1.5869e-05, 6.5080e-05,
        8.0715e-05, 4.4601e-05, 2.8232e-05, 1.1753e-04, 1.1864e-06, 2.1773e-05,
        2.1646e-05, 3.4184e-05, 2.4111e-05, 1.0712e-05, 2.4305e-05, 8.1254e-05,
        1.1171e-04, 2.9099e-05, 1.2481e-05, 7.6329e-06, 6.1924e-05, 6.1211e-05,
        8.1977e-06, 5.6688e-07, 3.2066e-05, 4.4463e-05, 8.0227e-05, 3.3644e-05,
        8.7545e-05, 4.7139e-05, 2.0218e-05, 2.4130e-05, 1.5415e-04, 1.3615e-05,
        2.4567e-05, 4.5530e-05, 7.2213e-05, 1.1856e-06, 8.8836e-05, 1.9323e-06,
        9.5541e-07, 7.5175e-05, 8.9153e-05, 7.3368e-05, 2.2894e-05, 2.5212e-05,
        4.5208e-05, 2.6083e-05, 5.1468e-05, 1.2514e-05, 2.2044e-05, 2.5211e-05,
        1.8488e-05, 5.7649e-05, 7.9685e-05, 6.0664e-05, 8.3051e-05],
       grad_fn=<CatBackward>)

mean_overall=tensor(6.3826e-05, grad_fn=<MeanBackward0>)

-----------------------------------------------ITERATION260-----------------------------------------------

final_causality=[[1, 1, 1, 1, 1, 1, 1, 1, 1, 1, 1, 1, 1], [1, 1, 1, 1, 1, 1, 1, 1, 1, 1, 1, 1, 1, 1, 1, 1, 1, 1, 1, 1, 1, 1, 1, 1, 1, 1, 1, 1, 1, 1, 1, 1, 1, 1, 1, 1, 1, 1, 1, 1, 1, 1, 1, 1, 1, 1, 1, 1, 1, 1], [1, 1, 1, 1, 1, 1, 1, 1, 1, 1, 1, 1, 1, 1, 1, 1, 1, 1, 1, 1, 1, 1, 1, 1, 1, 1, 1, 1, 1, 1, 1, 1, 1, 1, 1, 1, 1, 1, 1, 1, 1, 1, 1, 1, 1, 1, 1, 1, 1, 1]]

means=tensor([3.0867e-04, 0.0000e+00, 2.8214e-04, 0.0000e+00, 1.8329e-04, 4.2439e-05,
        1.3831e-04, 8.0235e-05, 1.2829e-04, 7.6181e-06, 3.6405e-05, 2.1577e-04,
        1.6426e-04, 2.3401e-05, 4.1829e-05, 6.4903e-05, 2.9417e-05, 4.2422e-05,
        4.5149e-06, 3.1853e-06, 5.0620e-06, 5.0211e-05, 1.4089e-04, 1.3062e-06,
        9.9707e-05, 8.0462e-05, 1.3479e-04, 2.9976e-05, 1.2662e-05, 1.0127e-05,
        6.4228e-05, 1.4658e-04, 7.3372e-05, 3.5031e-05, 1.2469e-05, 2.5142e-04,
        2.8897e-05, 1.1767e-04, 7.5665e-05, 3.0419e-05, 1.0552e-04, 7.9232e-05,
        3.2401e-05, 1.9740e-04, 4.6830e-05, 8.5982e-05, 6.6281e-05, 1.3551e-04,
        3.6147e-05, 8.0346e-05, 5.1764e-05, 9.0154e-05, 9.3282e-05, 7.5104e-05,
        1.0134e-04, 3.8345e-05, 8.1510e-05, 2.4060e-04, 1.6144e-05, 6.4872e-05,
        8.1836e-05, 4.4774e-05, 2.8380e-05, 1.1772e-04, 1.1942e-06, 2.1902e-05,
        2.1515e-05, 3.4112e-05, 2.4104e-05, 1.0655e-05, 2.4256e-05, 8.1275e-05,
        1.1102e-04, 2.9086e-05, 1.2446e-05, 7.6424e-06, 6.1877e-05, 6.1259e-05,
        8.2066e-06, 5.6654e-07, 3.2150e-05, 4.5036e-05, 7.9638e-05, 3.3626e-05,
        8.8066e-05, 4.7246e-05, 2.0213e-05, 2.4150e-05, 1.5451e-04, 1.3665e-05,
        2.4515e-05, 4.5622e-05, 7.1941e-05, 1.1775e-06, 8.9237e-05, 1.9597e-06,
        9.4577e-07, 7.4732e-05, 8.9038e-05, 7.3783e-05, 2.2939e-05, 2.5406e-05,
        4.5427e-05, 2.6200e-05, 5.1775e-05, 1.2495e-05, 2.2091e-05, 2.5074e-05,
        1.8511e-05, 5.7665e-05, 7.9569e-05, 6.0669e-05, 8.2686e-05],
       grad_fn=<CatBackward>)

mean_overall=tensor(6.4092e-05, grad_fn=<MeanBackward0>)

-----------------------------------------------ITERATION270-----------------------------------------------

final_causality=[[1, 1, 1, 1, 1, 1, 1, 1, 1, 1, 1, 1, 1], [1, 1, 1, 1, 1, 1, 1, 1, 1, 1, 1, 1, 1, 1, 1, 1, 1, 1, 1, 1, 1, 1, 1, 1, 1, 1, 1, 1, 1, 1, 1, 1, 1, 1, 1, 1, 1, 1, 1, 1, 1, 1, 1, 1, 1, 1, 1, 1, 1, 1], [1, 1, 1, 1, 1, 1, 1, 1, 1, 1, 1, 1, 1, 1, 1, 1, 1, 1, 1, 1, 1, 1, 1, 1, 1, 1, 1, 1, 1, 1, 1, 1, 1, 1, 1, 1, 1, 1, 1, 1, 1, 1, 1, 1, 1, 1, 1, 1, 1, 1]]

means=tensor([3.0605e-04, 0.0000e+00, 2.8258e-04, 0.0000e+00, 1.8468e-04, 4.3790e-05,
        1.3841e-04, 8.4228e-05, 1.3273e-04, 8.0253e-06, 3.8626e-05, 2.1860e-04,
        1.7174e-04, 2.3249e-05, 4.1680e-05, 6.5166e-05, 2.9545e-05, 4.2721e-05,
        4.6681e-06, 2.9596e-06, 5.1261e-06, 5.0301e-05, 1.4157e-04, 1.3230e-06,
        1.0023e-04, 8.0624e-05, 1.3570e-04, 2.9944e-05, 1.2915e-05, 1.0729e-05,
        6.4562e-05, 1.4665e-04, 7.3573e-05, 3.5072e-05, 1.2665e-05, 2.5144e-04,
        2.8997e-05, 1.1791e-04, 7.5926e-05, 3.0520e-05, 1.0553e-04, 7.9585e-05,
        3.2495e-05, 1.9757e-04, 4.6838e-05, 8.5886e-05, 6.6211e-05, 1.3576e-04,
        3.6268e-05, 8.1012e-05, 5.1557e-05, 9.0040e-05, 9.3642e-05, 7.5800e-05,
        1.0142e-04, 3.8406e-05, 8.1353e-05, 2.4051e-04, 1.6424e-05, 6.4669e-05,
        8.2994e-05, 4.4944e-05, 2.8535e-05, 1.1792e-04, 1.2018e-06, 2.2031e-05,
        2.1386e-05, 3.4037e-05, 2.4098e-05, 1.0601e-05, 2.4207e-05, 8.1295e-05,
        1.1034e-04, 2.9072e-05, 1.2412e-05, 7.6522e-06, 6.1828e-05, 6.1306e-05,
        8.2160e-06, 5.6602e-07, 3.2232e-05, 4.5606e-05, 7.9061e-05, 3.3611e-05,
        8.8584e-05, 4.7351e-05, 2.0208e-05, 2.4170e-05, 1.5486e-04, 1.3714e-05,
        2.4465e-05, 4.5709e-05, 7.1676e-05, 1.1694e-06, 8.9627e-05, 1.9875e-06,
        9.3559e-07, 7.4292e-05, 8.8920e-05, 7.4189e-05, 2.2983e-05, 2.5600e-05,
        4.5639e-05, 2.6314e-05, 5.2080e-05, 1.2477e-05, 2.2138e-05, 2.4939e-05,
        1.8534e-05, 5.7680e-05, 7.9455e-05, 6.0675e-05, 8.2321e-05],
       grad_fn=<CatBackward>)

mean_overall=tensor(6.4372e-05, grad_fn=<MeanBackward0>)

-----------------------------------------------ITERATION280-----------------------------------------------

final_causality=[[1, 1, 1, 1, 1, 1, 1, 1, 1, 1, 1, 1, 1], [1, 1, 1, 1, 1, 1, 1, 1, 1, 1, 1, 1, 1, 1, 1, 1, 1, 1, 1, 1, 1, 1, 1, 1, 1, 1, 1, 1, 1, 1, 1, 1, 1, 1, 1, 1, 1, 1, 1, 1, 1, 1, 1, 1, 1, 1, 1, 1, 1, 1], [1, 1, 1, 1, 1, 1, 1, 1, 1, 1, 1, 1, 1, 1, 1, 1, 1, 1, 1, 1, 1, 1, 1, 1, 1, 1, 1, 1, 1, 1, 1, 1, 1, 1, 1, 1, 1, 1, 1, 1, 1, 1, 1, 1, 1, 1, 1, 1, 1, 1]]

means=tensor([3.0337e-04, 0.0000e+00, 2.8303e-04, 0.0000e+00, 1.8610e-04, 4.5187e-05,
        1.3852e-04, 8.8312e-05, 1.3729e-04, 7.9485e-06, 4.0900e-05, 2.2149e-04,
        1.7941e-04, 2.3095e-05, 4.1526e-05, 6.5439e-05, 2.9680e-05, 4.3022e-05,
        4.8307e-06, 2.7286e-06, 5.1948e-06, 5.0398e-05, 1.4227e-04, 1.3386e-06,
        1.0078e-04, 8.0796e-05, 1.3665e-04, 2.9916e-05, 1.3178e-05, 1.1352e-05,
        6.4906e-05, 1.4672e-04, 7.3785e-05, 3.5112e-05, 1.2857e-05, 2.5145e-04,
        2.9103e-05, 1.1815e-04, 7.6190e-05, 3.0633e-05, 1.0554e-04, 7.9953e-05,
        3.2588e-05, 1.9775e-04, 4.6846e-05, 8.5784e-05, 6.6132e-05, 1.3602e-04,
        3.6401e-05, 8.1700e-05, 5.1344e-05, 8.9918e-05, 9.4015e-05, 7.6533e-05,
        1.0149e-04, 3.8461e-05, 8.1187e-05, 2.4040e-04, 1.6712e-05, 6.4460e-05,
        8.4190e-05, 4.5134e-05, 2.8694e-05, 1.1812e-04, 1.2099e-06, 2.2164e-05,
        2.1252e-05, 3.3961e-05, 2.4092e-05, 1.0543e-05, 2.4157e-05, 8.1316e-05,
        1.0963e-04, 2.9058e-05, 1.2376e-05, 7.6622e-06, 6.1779e-05, 6.1357e-05,
        8.2253e-06, 5.6564e-07, 3.2317e-05, 4.6196e-05, 7.8458e-05, 3.3593e-05,
        8.9123e-05, 4.7460e-05, 2.0203e-05, 2.4191e-05, 1.5523e-04, 1.3766e-05,
        2.4413e-05, 4.5802e-05, 7.1398e-05, 1.1611e-06, 9.0035e-05, 2.0163e-06,
        9.2523e-07, 7.3836e-05, 8.8798e-05, 7.4613e-05, 2.3029e-05, 2.5801e-05,
        4.5861e-05, 2.6435e-05, 5.2397e-05, 1.2458e-05, 2.2187e-05, 2.4799e-05,
        1.8557e-05, 5.7696e-05, 7.9335e-05, 6.0680e-05, 8.1943e-05],
       grad_fn=<CatBackward>)

mean_overall=tensor(6.4656e-05, grad_fn=<MeanBackward0>)

-----------------------------------------------ITERATION290-----------------------------------------------

final_causality=[[1, 1, 1, 1, 1, 1, 1, 1, 1, 1, 1, 1, 1], [1, 1, 1, 1, 1, 1, 1, 1, 1, 1, 1, 1, 1, 1, 1, 1, 1, 1, 1, 1, 1, 1, 1, 1, 1, 1, 1, 1, 1, 1, 1, 1, 1, 1, 1, 1, 1, 1, 1, 1, 1, 1, 1, 1, 1, 1, 1, 1, 1, 1], [1, 1, 1, 1, 1, 1, 1, 1, 1, 1, 1, 1, 1, 1, 1, 1, 1, 1, 1, 1, 1, 1, 1, 1, 1, 1, 1, 1, 1, 1, 1, 1, 1, 1, 1, 1, 1, 1, 1, 1, 1, 1, 1, 1, 1, 1, 1, 1, 1, 1]]

means=tensor([3.0063e-04, 0.0000e+00, 2.8349e-04, 0.0000e+00, 1.8755e-04, 4.6621e-05,
        1.3863e-04, 9.2488e-05, 1.4195e-04, 7.8121e-06, 4.3231e-05, 2.2444e-04,
        1.8727e-04, 2.2939e-05, 4.1370e-05, 6.5720e-05, 2.9818e-05, 4.3333e-05,
        4.9946e-06, 2.4947e-06, 5.2639e-06, 5.0496e-05, 1.4298e-04, 1.3551e-06,
        1.0134e-04, 8.0970e-05, 1.3762e-04, 2.9886e-05, 1.3445e-05, 1.1986e-05,
        6.5258e-05, 1.4680e-04, 7.4000e-05, 3.5153e-05, 1.3056e-05, 2.5147e-04,
        2.9211e-05, 1.1840e-04, 7.6462e-05, 3.0748e-05, 1.0555e-04, 8.0331e-05,
        3.2683e-05, 1.9793e-04, 4.6855e-05, 8.5684e-05, 6.6052e-05, 1.3628e-04,
        3.6537e-05, 8.2406e-05, 5.1129e-05, 8.9795e-05, 9.4397e-05, 7.7285e-05,
        1.0156e-04, 3.8520e-05, 8.1020e-05, 2.4030e-04, 1.7008e-05, 6.4249e-05,
        8.5424e-05, 4.5330e-05, 2.8858e-05, 1.1832e-04, 1.2181e-06, 2.2301e-05,
        2.1115e-05, 3.3882e-05, 2.4085e-05, 1.0484e-05, 2.4105e-05, 8.1335e-05,
        1.0892e-04, 2.9044e-05, 1.2339e-05, 7.6724e-06, 6.1729e-05, 6.1409e-05,
        8.2348e-06, 5.6524e-07, 3.2403e-05, 4.6796e-05, 7.7846e-05, 3.3575e-05,
        8.9673e-05, 4.7572e-05, 2.0199e-05, 2.4212e-05, 1.5560e-04, 1.3819e-05,
        2.4359e-05, 4.5896e-05, 7.1115e-05, 1.1527e-06, 9.0449e-05, 2.0460e-06,
        9.1455e-07, 7.3372e-05, 8.8673e-05, 7.5045e-05, 2.3076e-05, 2.6008e-05,
        4.6086e-05, 2.6559e-05, 5.2720e-05, 1.2439e-05, 2.2237e-05, 2.4657e-05,
        1.8582e-05, 5.7713e-05, 7.9214e-05, 6.0686e-05, 8.1558e-05],
       grad_fn=<CatBackward>)

mean_overall=tensor(6.4946e-05, grad_fn=<MeanBackward0>)

-----------------------------------------------ITERATION300-----------------------------------------------

final_causality=[[1, 1, 1, 1, 1, 1, 1, 1, 1, 1, 1, 1, 1], [1, 1, 1, 1, 1, 1, 1, 1, 1, 1, 1, 1, 1, 1, 1, 1, 1, 1, 1, 1, 1, 1, 1, 1, 1, 1, 1, 1, 1, 1, 1, 1, 1, 1, 1, 1, 1, 1, 1, 1, 1, 1, 1, 1, 1, 1, 1, 1, 1, 1], [1, 1, 1, 1, 1, 1, 1, 1, 1, 1, 1, 1, 1, 1, 1, 1, 1, 1, 1, 1, 1, 1, 1, 1, 1, 1, 1, 1, 1, 1, 1, 1, 1, 1, 1, 1, 1, 1, 1, 1, 1, 1, 1, 1, 1, 1, 1, 1, 1, 1]]

means=tensor([2.9783e-04, 0.0000e+00, 2.8396e-04, 0.0000e+00, 1.8903e-04, 4.8112e-05,
        1.3874e-04, 9.6755e-05, 1.4674e-04, 7.1775e-06, 4.5613e-05, 2.2748e-04,
        1.9534e-04, 2.2780e-05, 4.1206e-05, 6.6012e-05, 2.9968e-05, 4.3642e-05,
        5.1762e-06, 2.2536e-06, 5.3420e-06, 5.0610e-05, 1.4374e-04, 1.3682e-06,
        1.0193e-04, 8.1161e-05, 1.3865e-04, 2.9865e-05, 1.3729e-05, 1.2650e-05,
        6.5620e-05, 1.4687e-04, 7.4233e-05, 3.5193e-05, 1.3236e-05, 2.5148e-04,
        2.9332e-05, 1.1865e-04, 7.6732e-05, 3.0887e-05, 1.0570e-04, 8.0732e-05,
        3.2773e-05, 1.9814e-04, 4.6862e-05, 8.5571e-05, 6.5954e-05, 1.3655e-04,
        3.6696e-05, 8.3141e-05, 5.0904e-05, 8.9655e-05, 9.4795e-05, 7.8090e-05,
        1.0163e-04, 3.8560e-05, 8.0839e-05, 2.4019e-04, 1.7313e-05, 6.4028e-05,
        8.6698e-05, 4.5540e-05, 2.9024e-05, 1.1854e-04, 1.2272e-06, 2.2446e-05,
        2.0968e-05, 3.3802e-05, 2.4079e-05, 1.0420e-05, 2.4051e-05, 8.1355e-05,
        1.0815e-04, 2.9030e-05, 1.2300e-05, 7.6829e-06, 6.1678e-05, 6.1468e-05,
        8.2442e-06, 5.6514e-07, 3.2495e-05, 4.7427e-05, 7.7268e-05, 3.3552e-05,
        9.0254e-05, 4.7691e-05, 2.0196e-05, 2.4234e-05, 1.5601e-04, 1.3875e-05,
        2.4300e-05, 4.5998e-05, 7.0811e-05, 1.1439e-06, 9.0891e-05, 2.0772e-06,
        9.0380e-07, 7.2884e-05, 8.8547e-05, 7.5508e-05, 2.3126e-05, 2.6224e-05,
        4.6327e-05, 2.6693e-05, 5.3061e-05, 1.2416e-05, 2.2287e-05, 2.4506e-05,
        1.8607e-05, 5.7729e-05, 7.9083e-05, 6.0691e-05, 8.1152e-05],
       grad_fn=<CatBackward>)

mean_overall=tensor(6.5243e-05, grad_fn=<MeanBackward0>)

-----------------------------------------------ITERATION310-----------------------------------------------

final_causality=[[1, 1, 1, 1, 1, 1, 1, 1, 1, 1, 1, 1, 1], [1, 1, 1, 1, 1, 1, 1, 1, 1, 1, 1, 1, 1, 1, 1, 1, 1, 1, 1, 1, 1, 1, 1, 1, 1, 1, 1, 1, 1, 1, 1, 1, 1, 1, 1, 1, 1, 1, 1, 1, 1, 1, 1, 1, 1, 1, 1, 1, 1, 1], [1, 1, 1, 1, 1, 1, 1, 1, 1, 1, 1, 1, 1, 1, 1, 1, 1, 1, 1, 1, 1, 1, 1, 1, 1, 1, 1, 1, 1, 1, 1, 1, 1, 1, 1, 1, 1, 1, 1, 1, 1, 1, 1, 1, 1, 1, 1, 1, 1, 1]]

means=tensor([2.9496e-04, 1.3878e-17, 2.8444e-04, 1.3878e-17, 1.9056e-04, 4.9628e-05,
        1.3885e-04, 1.0111e-04, 1.5163e-04, 7.2107e-06, 4.8059e-05, 2.3055e-04,
        2.0358e-04, 2.2619e-05, 4.1044e-05, 6.6312e-05, 3.0114e-05, 4.3967e-05,
        5.3484e-06, 2.0129e-06, 5.4148e-06, 5.0715e-05, 1.4450e-04, 1.3846e-06,
        1.0253e-04, 8.1344e-05, 1.3968e-04, 2.9837e-05, 1.4010e-05, 1.3312e-05,
        6.5991e-05, 1.4695e-04, 7.4460e-05, 3.5236e-05, 1.3438e-05, 2.5150e-04,
        2.9447e-05, 1.1891e-04, 7.7017e-05, 3.1014e-05, 1.0606e-04, 8.1132e-05,
        3.2871e-05, 1.9833e-04, 4.6872e-05, 8.5469e-05, 6.5866e-05, 1.3683e-04,
        3.6846e-05, 8.3886e-05, 5.0682e-05, 8.9526e-05, 9.5197e-05, 7.8896e-05,
        1.0170e-04, 3.8617e-05, 8.0665e-05, 2.4008e-04, 1.7624e-05, 6.3810e-05,
        8.8010e-05, 4.5749e-05, 2.9197e-05, 1.1875e-04, 1.2361e-06, 2.2590e-05,
        2.0823e-05, 3.3720e-05, 2.4072e-05, 1.0357e-05, 2.3997e-05, 8.1374e-05,
        1.0742e-04, 2.9016e-05, 1.2261e-05, 7.6938e-06, 6.1627e-05, 6.1526e-05,
        8.2539e-06, 5.6494e-07, 3.2585e-05, 4.8056e-05, 7.6724e-05, 3.3532e-05,
        9.0834e-05, 4.7808e-05, 2.0193e-05, 2.4256e-05, 1.5640e-04, 1.3932e-05,
        2.4242e-05, 4.6097e-05, 7.0513e-05, 1.1352e-06, 9.1326e-05, 2.1088e-06,
        8.9248e-07, 7.2399e-05, 8.8417e-05, 7.5963e-05, 2.3175e-05, 2.6442e-05,
        4.6563e-05, 2.6826e-05, 5.3401e-05, 1.2395e-05, 2.2339e-05, 2.4356e-05,
        1.8633e-05, 5.7747e-05, 7.8955e-05, 6.0852e-05, 8.0747e-05],
       grad_fn=<CatBackward>)

mean_overall=tensor(6.5555e-05, grad_fn=<MeanBackward0>)

-----------------------------------------------ITERATION320-----------------------------------------------

final_causality=[[1, 1, 1, 1, 1, 1, 1, 1, 1, 1, 1, 1, 1], [1, 1, 1, 1, 1, 1, 1, 1, 1, 1, 1, 1, 1, 1, 1, 1, 1, 1, 1, 1, 1, 1, 1, 1, 1, 1, 1, 1, 1, 1, 1, 1, 1, 1, 1, 1, 1, 1, 1, 1, 1, 1, 1, 1, 1, 1, 1, 1, 1, 1], [1, 1, 1, 1, 1, 1, 1, 1, 1, 1, 1, 1, 1, 1, 1, 1, 1, 1, 1, 1, 1, 1, 1, 1, 1, 1, 1, 1, 1, 1, 1, 1, 1, 1, 1, 1, 1, 1, 1, 1, 1, 1, 1, 1, 1, 1, 1, 1, 1, 1]]

means=tensor([2.9204e-04, 1.3878e-17, 2.8493e-04, 1.3878e-17, 1.9212e-04, 5.1179e-05,
        1.3897e-04, 1.0556e-04, 1.5663e-04, 7.8444e-06, 5.0565e-05, 2.3366e-04,
        2.1201e-04, 2.2456e-05, 4.0882e-05, 6.6620e-05, 3.0260e-05, 4.4304e-05,
        5.5184e-06, 1.7706e-06, 5.4859e-06, 5.0817e-05, 1.4526e-04, 1.4028e-06,
        1.0313e-04, 8.1525e-05, 1.4072e-04, 2.9808e-05, 1.4292e-05, 1.3981e-05,
        6.6371e-05, 1.4703e-04, 7.4689e-05, 3.5281e-05, 1.3653e-05, 2.5152e-04,
        2.9562e-05, 1.1917e-04, 7.7313e-05, 3.1140e-05, 1.0643e-04, 8.1536e-05,
        3.2976e-05, 1.9852e-04, 4.6884e-05, 8.5371e-05, 6.5782e-05, 1.3711e-04,
        3.6995e-05, 8.4646e-05, 5.0461e-05, 8.9400e-05, 9.5607e-05, 7.9715e-05,
        1.0179e-04, 3.8683e-05, 8.0494e-05, 2.3998e-04, 1.7941e-05, 6.3594e-05,
        8.9363e-05, 4.5959e-05, 2.9375e-05, 1.1896e-04, 1.2450e-06, 2.2737e-05,
        2.0678e-05, 3.3636e-05, 2.4065e-05, 1.0294e-05, 2.3942e-05, 8.1392e-05,
        1.0672e-04, 2.9002e-05, 1.2221e-05, 7.7048e-06, 6.1574e-05, 6.1585e-05,
        8.2638e-06, 5.6469e-07, 3.2676e-05, 4.8692e-05, 7.6179e-05, 3.3511e-05,
        9.1421e-05, 4.7927e-05, 2.0190e-05, 2.4278e-05, 1.5679e-04, 1.3989e-05,
        2.4218e-05, 4.6197e-05, 7.0212e-05, 1.1264e-06, 9.1762e-05, 2.1413e-06,
        8.8078e-07, 7.1909e-05, 8.8283e-05, 7.6421e-05, 2.3223e-05, 2.6664e-05,
        4.6799e-05, 2.6961e-05, 5.3745e-05, 1.2374e-05, 2.2393e-05, 2.4207e-05,
        1.8660e-05, 5.7764e-05, 7.8825e-05, 6.1077e-05, 8.0336e-05],
       grad_fn=<CatBackward>)

mean_overall=tensor(6.5881e-05, grad_fn=<MeanBackward0>)

-----------------------------------------------ITERATION330-----------------------------------------------

final_causality=[[1, 1, 1, 1, 1, 1, 1, 1, 1, 1, 1, 1, 1], [1, 1, 1, 1, 1, 1, 1, 1, 1, 1, 1, 1, 1, 1, 1, 1, 1, 1, 1, 1, 1, 1, 1, 1, 1, 1, 1, 1, 1, 1, 1, 1, 1, 1, 1, 1, 1, 1, 1, 1, 1, 1, 1, 1, 1, 1, 1, 1, 1, 1], [1, 1, 1, 1, 1, 1, 1, 1, 1, 1, 1, 1, 1, 1, 1, 1, 1, 1, 1, 1, 1, 1, 1, 1, 1, 1, 1, 1, 1, 1, 1, 1, 1, 1, 1, 1, 1, 1, 1, 1, 1, 1, 1, 1, 1, 1, 1, 1, 1, 1]]

means=tensor([2.8906e-04, 0.0000e+00, 2.8543e-04, 0.0000e+00, 1.9373e-04, 5.2775e-05,
        1.3908e-04, 1.1010e-04, 1.6174e-04, 7.7401e-06, 5.3128e-05, 2.3684e-04,
        2.2064e-04, 2.2291e-05, 4.0716e-05, 6.6938e-05, 3.0413e-05, 4.4646e-05,
        5.6954e-06, 1.5241e-06, 5.5606e-06, 5.0925e-05, 1.4605e-04, 1.4204e-06,
        1.0375e-04, 8.1714e-05, 1.4180e-04, 2.9781e-05, 1.4584e-05, 1.4667e-05,
        6.6760e-05, 1.4712e-04, 7.4925e-05, 3.5327e-05, 1.3865e-05, 2.5155e-04,
        2.9682e-05, 1.1944e-04, 7.7615e-05, 3.1277e-05, 1.0681e-04, 8.1956e-05,
        3.3080e-05, 1.9872e-04, 4.6896e-05, 8.5271e-05, 6.5692e-05, 1.3739e-04,
        3.7156e-05, 8.5427e-05, 5.0235e-05, 8.9269e-05, 9.6028e-05, 8.0568e-05,
        1.0187e-04, 3.8746e-05, 8.0317e-05, 2.3987e-04, 1.8267e-05, 6.3373e-05,
        9.0800e-05, 4.6176e-05, 2.9558e-05, 1.1918e-04, 1.2543e-06, 2.2888e-05,
        2.0527e-05, 3.3550e-05, 2.4058e-05, 1.0228e-05, 2.3886e-05, 8.1409e-05,
        1.0601e-04, 2.8988e-05, 1.2180e-05, 7.7162e-06, 6.1521e-05, 6.1648e-05,
        8.2738e-06, 5.6452e-07, 3.2769e-05, 4.9345e-05, 7.5614e-05, 3.3489e-05,
        9.2027e-05, 4.8049e-05, 2.0188e-05, 2.4301e-05, 1.5720e-04, 1.4048e-05,
        2.4257e-05, 4.6300e-05, 6.9901e-05, 1.1220e-06, 9.2211e-05, 2.1747e-06,
        8.6886e-07, 7.1405e-05, 8.8146e-05, 7.6895e-05, 2.3274e-05, 2.6893e-05,
        4.7043e-05, 2.7102e-05, 5.4100e-05, 1.2353e-05, 2.2447e-05, 2.4052e-05,
        1.8687e-05, 5.7782e-05, 7.8690e-05, 6.1309e-05, 7.9913e-05],
       grad_fn=<CatBackward>)

mean_overall=tensor(6.6209e-05, grad_fn=<MeanBackward0>)

-----------------------------------------------ITERATION340-----------------------------------------------

final_causality=[[1, 1, 1, 1, 1, 1, 1, 1, 1, 1, 1, 1, 1], [1, 1, 1, 1, 1, 1, 1, 1, 1, 1, 1, 1, 1, 1, 1, 1, 1, 1, 1, 1, 1, 1, 1, 1, 1, 1, 1, 1, 1, 1, 1, 1, 1, 1, 1, 1, 1, 1, 1, 1, 1, 1, 1, 1, 1, 1, 1, 1, 1, 1], [1, 1, 1, 1, 1, 1, 1, 1, 1, 1, 1, 1, 1, 1, 1, 1, 1, 1, 1, 1, 1, 1, 1, 1, 1, 1, 1, 1, 1, 1, 1, 1, 1, 1, 1, 1, 1, 1, 1, 1, 1, 1, 1, 1, 1, 1, 1, 1, 1, 1]]

means=tensor([2.8601e-04, 1.3878e-17, 2.8592e-04, 1.3878e-17, 1.9538e-04, 5.4402e-05,
        1.3920e-04, 1.1474e-04, 1.6696e-04, 7.3380e-06, 5.5755e-05, 2.4006e-04,
        2.2945e-04, 2.2124e-05, 4.0551e-05, 6.7264e-05, 3.0563e-05, 4.5003e-05,
        5.8657e-06, 1.2777e-06, 5.6312e-06, 5.1026e-05, 1.4684e-04, 1.4407e-06,
        1.0438e-04, 8.1898e-05, 1.4288e-04, 2.9749e-05, 1.4873e-05, 1.5354e-05,
        6.7158e-05, 1.4722e-04, 7.5159e-05, 3.5375e-05, 1.4095e-05, 2.5158e-04,
        2.9800e-05, 1.1973e-04, 7.7929e-05, 3.1406e-05, 1.0719e-04, 8.2376e-05,
        3.3193e-05, 1.9891e-04, 4.6911e-05, 8.5179e-05, 6.5609e-05, 1.3768e-04,
        3.7311e-05, 8.6220e-05, 5.0012e-05, 8.9145e-05, 9.6454e-05, 8.1428e-05,
        1.0197e-04, 3.8822e-05, 8.0146e-05, 2.3977e-04, 1.8599e-05, 6.3155e-05,
        9.2280e-05, 4.6394e-05, 2.9748e-05, 1.1939e-04, 1.2636e-06, 2.3039e-05,
        2.0377e-05, 3.3461e-05, 2.4052e-05, 1.0163e-05, 2.3830e-05, 8.1425e-05,
        1.0529e-04, 2.8975e-05, 1.2138e-05, 7.7278e-06, 6.1467e-05, 6.1711e-05,
        8.2841e-06, 5.6432e-07, 3.2862e-05, 4.9999e-05, 7.5056e-05, 3.3467e-05,
        9.2635e-05, 4.8171e-05, 2.0187e-05, 2.4324e-05, 1.5760e-04, 1.4107e-05,
        2.4296e-05, 4.6402e-05, 6.9593e-05, 1.1182e-06, 9.2657e-05, 2.2089e-06,
        8.5641e-07, 7.0901e-05, 8.8006e-05, 7.7365e-05, 2.3324e-05, 2.7124e-05,
        4.7284e-05, 2.7243e-05, 5.4456e-05, 1.2332e-05, 2.2503e-05, 2.3899e-05,
        1.8716e-05, 5.7800e-05, 7.8556e-05, 6.1540e-05, 7.9487e-05],
       grad_fn=<CatBackward>)

mean_overall=tensor(6.6541e-05, grad_fn=<MeanBackward0>)

-----------------------------------------------ITERATION350-----------------------------------------------

final_causality=[[1, 1, 1, 1, 1, 1, 1, 1, 1, 1, 1, 1, 1], [1, 1, 1, 1, 1, 1, 1, 1, 1, 1, 1, 1, 1, 1, 1, 1, 1, 1, 1, 1, 1, 1, 1, 1, 1, 1, 1, 1, 1, 1, 1, 1, 1, 1, 1, 1, 1, 1, 1, 1, 1, 1, 1, 1, 1, 1, 1, 1, 1, 1], [1, 1, 1, 1, 1, 1, 1, 1, 1, 1, 1, 1, 1, 1, 1, 1, 1, 1, 1, 1, 1, 1, 1, 1, 1, 1, 1, 1, 1, 1, 1, 1, 1, 1, 1, 1, 1, 1, 1, 1, 1, 1, 1, 1, 1, 1, 1, 1, 1, 1]]

means=tensor([2.8290e-04, 0.0000e+00, 2.8645e-04, 0.0000e+00, 1.9705e-04, 5.6098e-05,
        1.3932e-04, 1.1946e-04, 1.7232e-04, 7.6598e-06, 5.8431e-05, 2.4337e-04,
        2.3848e-04, 2.1954e-05, 4.0376e-05, 6.7603e-05, 3.0731e-05, 4.5353e-05,
        6.0616e-06, 1.0229e-06, 5.7150e-06, 5.1151e-05, 1.4768e-04, 1.4552e-06,
        1.0505e-04, 8.2107e-05, 1.4404e-04, 2.9731e-05, 1.5185e-05, 1.6081e-05,
        6.7567e-05, 1.4730e-04, 7.5417e-05, 3.5420e-05, 1.4294e-05, 2.5160e-04,
        2.9935e-05, 1.2000e-04, 7.8236e-05, 3.1570e-05, 1.0762e-04, 8.2829e-05,
        3.3293e-05, 1.9914e-04, 4.6921e-05, 8.5068e-05, 6.5497e-05, 1.3798e-04,
        3.7499e-05, 8.7051e-05, 4.9775e-05, 8.8995e-05, 9.6901e-05, 8.2361e-05,
        1.0205e-04, 3.8867e-05, 7.9953e-05, 2.3965e-04, 1.8942e-05, 6.2922e-05,
        9.3809e-05, 4.6631e-05, 2.9938e-05, 1.1962e-04, 1.2741e-06, 2.3202e-05,
        2.0214e-05, 3.3372e-05, 2.4045e-05, 1.0091e-05, 2.3770e-05, 8.1442e-05,
        1.0452e-04, 2.8961e-05, 1.2093e-05, 7.7398e-06, 6.1998e-05, 6.1783e-05,
        8.2941e-06, 5.6463e-07, 3.2962e-05, 5.0693e-05, 7.4444e-05, 3.3439e-05,
        9.3284e-05, 4.8303e-05, 2.0187e-05, 2.4348e-05, 1.5804e-04, 1.4170e-05,
        2.4336e-05, 4.6516e-05, 6.9255e-05, 1.1144e-06, 9.3142e-05, 2.2450e-06,
        8.4390e-07, 7.0365e-05, 8.7865e-05, 7.7879e-05, 2.3378e-05, 2.7369e-05,
        4.7547e-05, 2.7399e-05, 5.4835e-05, 1.2306e-05, 2.2559e-05, 2.3732e-05,
        1.8745e-05, 5.7818e-05, 7.8410e-05, 6.1790e-05, 7.9036e-05],
       grad_fn=<CatBackward>)

mean_overall=tensor(6.6895e-05, grad_fn=<MeanBackward0>)

-----------------------------------------------ITERATION360-----------------------------------------------

final_causality=[[1, 1, 1, 1, 1, 1, 1, 1, 1, 1, 1, 1, 1], [1, 1, 1, 1, 1, 1, 1, 1, 1, 1, 1, 1, 1, 1, 1, 1, 1, 1, 1, 1, 1, 1, 1, 1, 1, 1, 1, 1, 1, 1, 1, 1, 1, 1, 1, 1, 1, 1, 1, 1, 1, 1, 1, 1, 1, 1, 1, 1, 1, 1], [1, 1, 1, 1, 1, 1, 1, 1, 1, 1, 1, 1, 1, 1, 1, 1, 1, 1, 1, 1, 1, 1, 1, 1, 1, 1, 1, 1, 1, 1, 1, 1, 1, 1, 1, 1, 1, 1, 1, 1, 1, 1, 1, 1, 1, 1, 1, 1, 1, 1]]

means=tensor([2.7973e-04, 1.3878e-17, 2.8698e-04, 1.3878e-17, 1.9876e-04, 5.7828e-05,
        1.3944e-04, 1.2429e-04, 1.7778e-04, 7.5168e-06, 6.1168e-05, 2.4673e-04,
        2.4771e-04, 2.1783e-05, 4.0202e-05, 6.7952e-05, 3.0898e-05, 4.5715e-05,
        6.2532e-06, 7.6673e-07, 5.7965e-06, 5.1271e-05, 1.4853e-04, 1.4726e-06,
        1.0572e-04, 8.2312e-05, 1.4520e-04, 2.9709e-05, 1.5498e-05, 1.6813e-05,
        6.7985e-05, 1.4739e-04, 7.5674e-05, 3.5468e-05, 1.4510e-05, 2.5163e-04,
        3.0067e-05, 1.2028e-04, 7.8557e-05, 3.1730e-05, 1.0804e-04, 8.3286e-05,
        3.3408e-05, 1.9935e-04, 4.6935e-05, 8.4965e-05, 6.5391e-05, 1.3828e-04,
        3.7684e-05, 8.7895e-05, 4.9540e-05, 8.8852e-05, 9.7355e-05, 8.3307e-05,
        1.0214e-04, 3.8925e-05, 7.9765e-05, 2.3954e-04, 1.9292e-05, 6.2692e-05,
        9.5384e-05, 4.6869e-05, 3.0135e-05, 1.1985e-04, 1.2845e-06, 2.3367e-05,
        2.0050e-05, 3.3298e-05, 2.4038e-05, 1.0019e-05, 2.3710e-05, 8.1457e-05,
        1.0375e-04, 2.8948e-05, 1.2048e-05, 7.7520e-06, 6.2889e-05, 6.1856e-05,
        8.3042e-06, 5.6472e-07, 3.3062e-05, 5.1391e-05, 7.3835e-05, 3.3412e-05,
        9.3938e-05, 4.8435e-05, 2.0187e-05, 2.4372e-05, 1.5848e-04, 1.4235e-05,
        2.4377e-05, 4.6629e-05, 6.8918e-05, 1.1105e-06, 9.3625e-05, 2.2817e-06,
        8.3114e-07, 6.9827e-05, 8.7719e-05, 7.8391e-05, 2.3433e-05, 2.7617e-05,
        4.7809e-05, 2.7555e-05, 5.5217e-05, 1.2281e-05, 2.2616e-05, 2.3567e-05,
        1.8775e-05, 5.7837e-05, 7.8263e-05, 6.2040e-05, 7.8580e-05],
       grad_fn=<CatBackward>)

mean_overall=tensor(6.7256e-05, grad_fn=<MeanBackward0>)

-----------------------------------------------ITERATION370-----------------------------------------------

final_causality=[[1, 1, 1, 1, 1, 1, 1, 1, 1, 1, 1, 1, 1], [1, 1, 1, 1, 1, 1, 1, 1, 1, 1, 1, 1, 1, 1, 1, 1, 1, 1, 1, 1, 1, 1, 1, 1, 1, 1, 1, 1, 1, 1, 1, 1, 1, 1, 1, 1, 1, 1, 1, 1, 1, 1, 1, 1, 1, 1, 1, 1, 1, 1], [1, 1, 1, 1, 1, 1, 1, 1, 1, 1, 1, 1, 1, 1, 1, 1, 1, 1, 1, 1, 1, 1, 1, 1, 1, 1, 1, 1, 1, 1, 1, 1, 1, 1, 1, 1, 1, 1, 1, 1, 1, 1, 1, 1, 1, 1, 1, 1, 1, 1]]

means=tensor([2.7650e-04, 0.0000e+00, 2.8751e-04, 0.0000e+00, 2.0052e-04, 5.9597e-05,
        1.3956e-04, 1.2920e-04, 1.8336e-04, 7.2299e-06, 6.3970e-05, 2.5013e-04,
        2.5713e-04, 2.1610e-05, 4.0026e-05, 6.8310e-05, 3.1066e-05, 4.6089e-05,
        6.4438e-06, 5.0949e-07, 5.8769e-06, 5.1390e-05, 1.4940e-04, 1.4910e-06,
        1.0641e-04, 8.2518e-05, 1.4639e-04, 2.9686e-05, 1.5813e-05, 1.7552e-05,
        6.8412e-05, 1.4749e-04, 7.5933e-05, 3.5517e-05, 1.4734e-05, 2.5166e-04,
        3.0201e-05, 1.2057e-04, 7.8887e-05, 3.1891e-05, 1.0846e-04, 8.3750e-05,
        3.3648e-05, 1.9957e-04, 4.6950e-05, 8.4865e-05, 6.5287e-05, 1.3858e-04,
        3.7872e-05, 8.8757e-05, 4.9304e-05, 8.8711e-05, 9.7818e-05, 8.4272e-05,
        1.0223e-04, 3.8989e-05, 7.9578e-05, 2.3942e-04, 1.9649e-05, 6.2462e-05,
        9.7005e-05, 4.7110e-05, 3.0338e-05, 1.2009e-04, 1.2951e-06, 2.3533e-05,
        1.9885e-05, 3.3358e-05, 2.4031e-05, 9.9464e-06, 2.3649e-05, 8.1472e-05,
        1.0297e-04, 2.8934e-05, 1.2001e-05, 7.7645e-06, 6.3793e-05, 6.1932e-05,
        8.3146e-06, 5.6490e-07, 3.3163e-05, 5.2097e-05, 7.3221e-05, 3.3384e-05,
        9.4602e-05, 4.8569e-05, 2.0188e-05, 2.4397e-05, 1.5892e-04, 1.4300e-05,
        2.4419e-05, 4.6743e-05, 6.8578e-05, 1.1065e-06, 9.4112e-05, 2.3193e-06,
        8.1790e-07, 6.9283e-05, 8.7570e-05, 7.8909e-05, 2.3487e-05, 2.7869e-05,
        4.8072e-05, 2.7715e-05, 5.5604e-05, 1.2257e-05, 2.2675e-05, 2.3400e-05,
        1.8806e-05, 5.7856e-05, 7.8115e-05, 6.2292e-05, 7.8117e-05],
       grad_fn=<CatBackward>)

mean_overall=tensor(6.7626e-05, grad_fn=<MeanBackward0>)

-----------------------------------------------ITERATION380-----------------------------------------------

final_causality=[[1, 1, 1, 1, 1, 1, 1, 1, 1, 1, 1, 1, 1], [1, 1, 1, 1, 1, 1, 1, 1, 1, 1, 1, 1, 1, 1, 1, 1, 1, 1, 1, 1, 1, 1, 1, 1, 1, 1, 1, 1, 1, 1, 1, 1, 1, 1, 1, 1, 1, 1, 1, 1, 1, 1, 1, 1, 1, 1, 1, 1, 1, 1], [1, 1, 1, 1, 1, 1, 1, 1, 1, 1, 1, 1, 1, 1, 1, 1, 1, 1, 1, 1, 1, 1, 1, 1, 1, 1, 1, 1, 1, 1, 1, 1, 1, 1, 1, 1, 1, 1, 1, 1, 1, 1, 1, 1, 1, 1, 1, 1, 1, 1]]

means=tensor([2.7321e-04, 0.0000e+00, 2.8805e-04, 0.0000e+00, 2.0232e-04, 6.1404e-05,
        1.3968e-04, 1.3421e-04, 1.8905e-04, 7.4618e-06, 6.6837e-05, 2.5357e-04,
        2.6675e-04, 2.1435e-05, 3.9851e-05, 6.8676e-05, 3.1235e-05, 4.6476e-05,
        6.6304e-06, 2.5232e-07, 5.9547e-06, 5.1505e-05, 1.5027e-04, 1.5110e-06,
        1.0711e-04, 8.2721e-05, 1.4759e-04, 2.9660e-05, 1.6129e-05, 1.8296e-05,
        6.8848e-05, 1.4759e-04, 7.6192e-05, 3.5569e-05, 1.4971e-05, 2.5170e-04,
        3.0334e-05, 1.2087e-04, 7.9229e-05, 3.2050e-05, 1.0889e-04, 8.4219e-05,
        3.3925e-05, 1.9979e-04, 4.6967e-05, 8.4771e-05, 6.5187e-05, 1.3889e-04,
        3.8059e-05, 8.9632e-05, 4.9069e-05, 8.8574e-05, 9.8286e-05, 8.5252e-05,
        1.0234e-04, 3.9061e-05, 7.9394e-05, 2.3931e-04, 2.0014e-05, 6.2233e-05,
        9.8674e-05, 4.7353e-05, 3.0548e-05, 1.2032e-04, 1.3058e-06, 2.3702e-05,
        1.9719e-05, 3.3420e-05, 2.4024e-05, 9.8731e-06, 2.3587e-05, 8.1485e-05,
        1.0218e-04, 2.8921e-05, 1.1954e-05, 7.7773e-06, 6.4702e-05, 6.2008e-05,
        8.3253e-06, 5.6533e-07, 3.3264e-05, 5.2808e-05, 7.2607e-05, 3.3357e-05,
        9.5273e-05, 4.8703e-05, 2.0190e-05, 2.4421e-05, 1.5936e-04, 1.4366e-05,
        2.4462e-05, 4.6856e-05, 6.8236e-05, 1.1024e-06, 9.4598e-05, 2.3579e-06,
        8.0406e-07, 6.8735e-05, 8.7418e-05, 7.9429e-05, 2.3542e-05, 2.8126e-05,
        4.8334e-05, 2.7877e-05, 5.5996e-05, 1.2232e-05, 2.2735e-05, 2.3232e-05,
        1.8838e-05, 5.7876e-05, 7.7966e-05, 6.2546e-05, 7.7650e-05],
       grad_fn=<CatBackward>)

mean_overall=tensor(6.8007e-05, grad_fn=<MeanBackward0>)

-----------------------------------------------ITERATION390-----------------------------------------------

final_causality=[[1, 1, 1, 1, 1, 1, 1, 1, 1, 1, 1, 1, 1], [1, 1, 1, 1, 1, 1, 1, 1, 1, 1, 1, 1, 1, 1, 1, 1, 1, 1, 1, 1, 1, 1, 1, 1, 1, 1, 1, 1, 1, 1, 1, 1, 1, 1, 1, 1, 1, 1, 1, 1, 1, 1, 1, 1, 1, 1, 1, 1, 1, 1], [1, 1, 1, 1, 1, 1, 1, 1, 1, 1, 1, 1, 1, 1, 1, 1, 1, 1, 1, 1, 1, 1, 1, 1, 1, 1, 1, 1, 1, 1, 1, 1, 1, 1, 1, 1, 1, 1, 1, 1, 1, 1, 1, 1, 1, 1, 1, 1, 1, 1]]

means=tensor([2.6986e-04, 1.3878e-17, 2.8860e-04, 1.3878e-17, 2.0417e-04, 6.3256e-05,
        1.3980e-04, 1.3932e-04, 1.9486e-04, 7.2543e-06, 6.9765e-05, 2.5707e-04,
        2.7658e-04, 2.1258e-05, 3.9673e-05, 6.9055e-05, 3.1408e-05, 4.6870e-05,
        6.8212e-06, 8.0026e-09, 6.0346e-06, 5.1624e-05, 1.5116e-04, 1.5315e-06,
        1.0782e-04, 8.2929e-05, 1.4882e-04, 2.9636e-05, 1.6452e-05, 1.9055e-05,
        6.9295e-05, 1.4770e-04, 7.6457e-05, 3.5622e-05, 1.5210e-05, 2.5174e-04,
        3.0470e-05, 1.2117e-04, 7.9579e-05, 3.2217e-05, 1.0932e-04, 8.4700e-05,
        3.4229e-05, 2.0000e-04, 4.6985e-05, 8.4678e-05, 6.5083e-05, 1.3921e-04,
        3.8255e-05, 9.0530e-05, 4.8833e-05, 8.8435e-05, 9.8766e-05, 8.6264e-05,
        1.0245e-04, 3.9134e-05, 7.9208e-05, 2.3920e-04, 2.0387e-05, 6.2002e-05,
        1.0039e-04, 4.7603e-05, 3.0762e-05, 1.2055e-04, 1.3167e-06, 2.3875e-05,
        1.9549e-05, 3.3483e-05, 2.4016e-05, 9.7980e-06, 2.3525e-05, 8.1497e-05,
        1.0139e-04, 2.8908e-05, 1.1906e-05, 7.7904e-06, 6.5632e-05, 6.2088e-05,
        8.3359e-06, 5.6598e-07, 3.3366e-05, 5.3533e-05, 7.1980e-05, 3.3327e-05,
        9.5959e-05, 4.8840e-05, 2.0193e-05, 2.4447e-05, 1.5981e-04, 1.4434e-05,
        2.4506e-05, 4.6972e-05, 6.7887e-05, 1.0983e-06, 9.5094e-05, 2.3975e-06,
        7.9004e-07, 6.8177e-05, 8.7263e-05, 7.9960e-05, 2.3597e-05, 2.8389e-05,
        4.8601e-05, 2.8044e-05, 5.6395e-05, 1.2207e-05, 2.2796e-05, 2.3061e-05,
        1.8870e-05, 5.7896e-05, 7.7813e-05, 6.2804e-05, 7.7172e-05],
       grad_fn=<CatBackward>)

mean_overall=tensor(6.8394e-05, grad_fn=<MeanBackward0>)

-----------------------------------------------ITERATION400-----------------------------------------------

final_causality=[[1, 1, 1, 1, 1, 1, 1, 1, 1, 1, 1, 1, 1], [1, 1, 1, 1, 1, 1, 1, 1, 1, 1, 1, 1, 1, 1, 1, 1, 1, 1, 1, 1, 1, 1, 1, 1, 1, 1, 1, 1, 1, 1, 1, 1, 1, 1, 1, 1, 1, 1, 1, 1, 1, 1, 1, 1, 1, 1, 1, 1, 1, 1], [1, 1, 1, 1, 1, 1, 1, 1, 1, 1, 1, 1, 1, 1, 1, 1, 1, 1, 1, 1, 1, 1, 1, 1, 1, 1, 1, 1, 1, 1, 1, 1, 1, 1, 1, 1, 1, 1, 1, 1, 1, 1, 1, 1, 1, 1, 1, 1, 1, 1]]

means=tensor([2.6644e-04, 1.3878e-17, 2.8916e-04, 1.3878e-17, 2.0609e-04, 6.5208e-05,
        1.3993e-04, 1.4455e-04, 2.0087e-04, 7.2279e-06, 7.2757e-05, 2.6074e-04,
        2.8669e-04, 2.1080e-05, 3.9490e-05, 6.9444e-05, 3.1586e-05, 4.7270e-05,
        7.0202e-06, 5.0997e-07, 6.1178e-06, 5.1750e-05, 1.5207e-04, 1.5501e-06,
        1.0855e-04, 8.3143e-05, 1.5009e-04, 2.9615e-05, 1.6784e-05, 1.9830e-05,
        6.9753e-05, 1.4781e-04, 7.6731e-05, 3.5674e-05, 1.5444e-05, 2.5178e-04,
        3.0614e-05, 1.2148e-04, 7.9934e-05, 3.2397e-05, 1.0978e-04, 8.5197e-05,
        3.4537e-05, 2.0023e-04, 4.7002e-05, 8.4582e-05, 6.4970e-05, 1.3952e-04,
        3.8463e-05, 9.1451e-05, 4.8591e-05, 8.8289e-05, 9.9257e-05, 8.7317e-05,
        1.0255e-04, 3.9200e-05, 7.9015e-05, 2.3908e-04, 2.0769e-05, 6.1767e-05,
        1.0216e-04, 4.7861e-05, 3.0982e-05, 1.2080e-04, 1.3278e-06, 2.4056e-05,
        1.9371e-05, 3.3548e-05, 2.4009e-05, 9.7176e-06, 2.3457e-05, 8.1507e-05,
        1.0055e-04, 2.8895e-05, 1.1854e-05, 7.8047e-06, 6.6594e-05, 6.2179e-05,
        8.3460e-06, 5.6598e-07, 3.3473e-05, 5.4282e-05, 7.1321e-05, 3.3293e-05,
        9.6671e-05, 4.8986e-05, 2.0199e-05, 2.4473e-05, 1.6028e-04, 1.4505e-05,
        2.4552e-05, 4.7094e-05, 6.7523e-05, 1.0936e-06, 9.5616e-05, 2.4396e-06,
        7.7534e-07, 6.7595e-05, 8.7102e-05, 8.0516e-05, 2.3657e-05, 2.8660e-05,
        4.8952e-05, 2.8221e-05, 5.6808e-05, 1.2180e-05, 2.2861e-05, 2.2884e-05,
        1.8904e-05, 5.7919e-05, 7.7650e-05, 6.3077e-05, 7.6672e-05],
       grad_fn=<CatBackward>)

mean_overall=tensor(6.8802e-05, grad_fn=<MeanBackward0>)

-----------------------------------------------ITERATION410-----------------------------------------------

final_causality=[[1, 1, 1, 1, 1, 1, 1, 1, 1, 1, 1, 1, 1], [1, 1, 1, 1, 1, 1, 1, 1, 1, 1, 1, 1, 1, 1, 1, 1, 1, 1, 1, 1, 1, 1, 1, 1, 1, 1, 1, 1, 1, 1, 1, 1, 1, 1, 1, 1, 1, 1, 1, 1, 1, 1, 1, 1, 1, 1, 1, 1, 1, 1], [1, 1, 1, 1, 1, 1, 1, 1, 1, 1, 1, 1, 1, 1, 1, 1, 1, 1, 1, 1, 1, 1, 1, 1, 1, 1, 1, 1, 1, 1, 1, 1, 1, 1, 1, 1, 1, 1, 1, 1, 1, 1, 1, 1, 1, 1, 1, 1, 1, 1]]

means=tensor([2.6295e-04, 1.3878e-17, 2.8973e-04, 1.3878e-17, 2.0799e-04, 6.7150e-05,
        1.4005e-04, 1.4985e-04, 2.0691e-04, 7.3694e-06, 7.5811e-05, 2.6432e-04,
        2.9692e-04, 2.0898e-05, 3.9303e-05, 6.9844e-05, 3.1775e-05, 4.7675e-05,
        7.2257e-06, 2.0538e-07, 6.2045e-06, 5.1883e-05, 1.5302e-04, 1.5676e-06,
        1.0931e-04, 8.3367e-05, 1.5141e-04, 2.9601e-05, 1.7125e-05, 2.0627e-05,
        7.0220e-05, 1.4791e-04, 7.7017e-05, 3.5727e-05, 1.5673e-05, 2.5181e-04,
        3.0765e-05, 1.2179e-04, 8.0291e-05, 3.2590e-05, 1.1025e-04, 8.5709e-05,
        3.4851e-05, 2.0047e-04, 4.7019e-05, 8.4480e-05, 6.4846e-05, 1.3985e-04,
        3.8685e-05, 9.2398e-05, 4.8344e-05, 8.8133e-05, 9.9763e-05, 8.8411e-05,
        1.0266e-04, 3.9258e-05, 7.8814e-05, 2.3896e-04, 2.1161e-05, 6.1526e-05,
        1.0399e-04, 4.8130e-05, 3.1205e-05, 1.2104e-04, 1.3403e-06, 2.4239e-05,
        1.9190e-05, 3.3876e-05, 2.4002e-05, 9.6367e-06, 2.3392e-05, 8.1518e-05,
        9.9708e-05, 2.8883e-05, 1.1802e-05, 7.8184e-06, 6.7583e-05, 6.2267e-05,
        8.3570e-06, 5.6770e-07, 3.3582e-05, 5.5043e-05, 7.0653e-05, 3.3259e-05,
        9.7398e-05, 4.9131e-05, 2.0203e-05, 2.4499e-05, 1.6076e-04, 1.4577e-05,
        2.4598e-05, 4.7220e-05, 6.7149e-05, 1.0893e-06, 9.6421e-05, 2.4818e-06,
        7.6039e-07, 6.7010e-05, 8.6943e-05, 8.1082e-05, 2.3715e-05, 2.8939e-05,
        4.9321e-05, 2.8402e-05, 5.7232e-05, 1.2151e-05, 2.2923e-05, 2.2703e-05,
        1.8939e-05, 5.7938e-05, 7.7488e-05, 6.3351e-05, 7.6169e-05],
       grad_fn=<CatBackward>)

mean_overall=tensor(6.9214e-05, grad_fn=<MeanBackward0>)

-----------------------------------------------ITERATION420-----------------------------------------------

final_causality=[[1, 1, 1, 1, 1, 1, 1, 1, 1, 1, 1, 1, 1], [1, 1, 1, 1, 1, 1, 1, 1, 1, 1, 1, 1, 1, 1, 1, 1, 1, 1, 1, 1, 1, 1, 1, 1, 1, 1, 1, 1, 1, 1, 1, 1, 1, 1, 1, 1, 1, 1, 1, 1, 1, 1, 1, 1, 1, 1, 1, 1, 1, 1], [1, 1, 1, 1, 1, 1, 1, 1, 1, 1, 1, 1, 1, 1, 1, 1, 1, 1, 1, 1, 1, 1, 1, 1, 1, 1, 1, 1, 1, 1, 1, 1, 1, 1, 1, 1, 1, 1, 1, 1, 1, 1, 1, 1, 1, 1, 1, 1, 1, 1]]

means=tensor([2.5942e-04, 1.3878e-17, 2.9032e-04, 1.3878e-17, 2.0993e-04, 6.9098e-05,
        1.4018e-04, 1.5524e-04, 2.1300e-04, 7.1083e-06, 7.8926e-05, 2.6788e-04,
        3.0731e-04, 2.0717e-05, 3.9121e-05, 7.0256e-05, 3.1959e-05, 4.8097e-05,
        7.4247e-06, 2.1263e-07, 6.2886e-06, 5.2008e-05, 1.5397e-04, 1.5910e-06,
        1.1008e-04, 8.3588e-05, 1.5272e-04, 2.9578e-05, 1.7465e-05, 2.1428e-05,
        7.0696e-05, 1.4803e-04, 7.7297e-05, 3.5784e-05, 1.5928e-05, 2.5187e-04,
        3.0908e-05, 1.2211e-04, 8.0668e-05, 3.2776e-05, 1.1071e-04, 8.6225e-05,
        3.5177e-05, 2.0070e-04, 4.7042e-05, 8.4392e-05, 6.4735e-05, 1.4018e-04,
        3.8903e-05, 9.3357e-05, 4.8105e-05, 8.7992e-05, 1.0028e-04, 8.9513e-05,
        1.0278e-04, 3.9336e-05, 7.8625e-05, 2.3885e-04, 2.1558e-05, 6.1293e-05,
        1.0587e-04, 4.8395e-05, 3.1437e-05, 1.2128e-04, 1.3523e-06, 2.4421e-05,
        1.9011e-05, 3.4219e-05, 2.3995e-05, 9.5584e-06, 2.3329e-05, 8.1528e-05,
        9.8878e-05, 2.8871e-05, 1.1753e-05, 7.8316e-06, 6.8561e-05, 6.2352e-05,
        8.3684e-06, 5.6918e-07, 3.3687e-05, 5.5799e-05, 7.0003e-05, 3.3227e-05,
        9.8121e-05, 4.9273e-05, 2.0207e-05, 2.4524e-05, 1.6122e-04, 1.4648e-05,
        2.4643e-05, 4.7342e-05, 6.6782e-05, 1.0855e-06, 9.7247e-05, 2.5234e-06,
        7.4590e-07, 6.6433e-05, 8.6780e-05, 8.1639e-05, 2.3771e-05, 2.9219e-05,
        4.9684e-05, 2.8581e-05, 5.7653e-05, 1.2125e-05, 2.2986e-05, 2.2525e-05,
        1.8973e-05, 5.7957e-05, 7.7329e-05, 6.3619e-05, 7.5668e-05],
       grad_fn=<CatBackward>)

mean_overall=tensor(6.9631e-05, grad_fn=<MeanBackward0>)

-----------------------------------------------ITERATION430-----------------------------------------------

final_causality=[[1, 1, 1, 1, 1, 1, 1, 1, 1, 1, 1, 1, 1], [1, 1, 1, 1, 1, 1, 1, 1, 1, 1, 1, 1, 1, 1, 1, 1, 1, 1, 1, 1, 1, 1, 1, 1, 1, 1, 1, 1, 1, 1, 1, 1, 1, 1, 1, 1, 1, 1, 1, 1, 1, 1, 1, 1, 1, 1, 1, 1, 1, 1], [1, 1, 1, 1, 1, 1, 1, 1, 1, 1, 1, 1, 1, 1, 1, 1, 1, 1, 1, 1, 1, 1, 1, 1, 1, 1, 1, 1, 1, 1, 1, 1, 1, 1, 1, 1, 1, 1, 1, 1, 1, 1, 1, 1, 1, 1, 1, 1, 1, 1]]

means=tensor([2.5583e-04, 0.0000e+00, 2.9091e-04, 0.0000e+00, 2.1194e-04, 7.1127e-05,
        1.4031e-04, 1.6075e-04, 2.1928e-04, 6.9528e-06, 8.2106e-05, 2.7158e-04,
        3.1798e-04, 2.0536e-05, 3.8936e-05, 7.0680e-05, 3.2147e-05, 4.8524e-05,
        7.6302e-06, 2.3714e-07, 6.3756e-06, 5.2139e-05, 1.5494e-04, 1.6140e-06,
        1.1086e-04, 8.3814e-05, 1.5407e-04, 2.9557e-05, 1.7813e-05, 2.2245e-05,
        7.1183e-05, 1.4816e-04, 7.7586e-05, 3.5841e-05, 1.6182e-05, 2.5192e-04,
        3.1056e-05, 1.2243e-04, 8.1052e-05, 3.2973e-05, 1.1119e-04, 8.6756e-05,
        3.5510e-05, 2.0094e-04, 4.7065e-05, 8.4305e-05, 6.4618e-05, 1.4052e-04,
        3.9132e-05, 9.4341e-05, 4.7862e-05, 8.7846e-05, 1.0080e-04, 9.0655e-05,
        1.0289e-04, 3.9410e-05, 7.8432e-05, 2.3874e-04, 2.1964e-05, 6.1058e-05,
        1.0780e-04, 4.8667e-05, 3.1675e-05, 1.2152e-04, 1.3643e-06, 2.4611e-05,
        1.8827e-05, 3.4574e-05, 2.3987e-05, 9.4761e-06, 2.3262e-05, 8.1535e-05,
        9.8022e-05, 2.8858e-05, 1.1700e-05, 7.8455e-06, 6.9600e-05, 6.2445e-05,
        8.3793e-06, 5.7012e-07, 3.3796e-05, 5.6574e-05, 6.9328e-05, 3.3191e-05,
        9.8865e-05, 4.9420e-05, 2.0214e-05, 2.4552e-05, 1.6170e-04, 1.4722e-05,
        2.4691e-05, 4.7469e-05, 6.6403e-05, 1.0813e-06, 9.8100e-05, 2.5669e-06,
        7.3106e-07, 6.5836e-05, 8.6611e-05, 8.2214e-05, 2.3831e-05, 2.9507e-05,
        5.0057e-05, 2.8768e-05, 5.8086e-05, 1.2098e-05, 2.3052e-05, 2.2342e-05,
        1.9009e-05, 5.7978e-05, 7.7161e-05, 6.3897e-05, 7.5149e-05],
       grad_fn=<CatBackward>)

mean_overall=tensor(7.0062e-05, grad_fn=<MeanBackward0>)

-----------------------------------------------ITERATION440-----------------------------------------------

final_causality=[[1, 1, 1, 1, 1, 1, 1, 1, 1, 1, 1, 1, 1], [1, 1, 1, 1, 1, 1, 1, 1, 1, 1, 1, 1, 1, 1, 1, 1, 1, 1, 1, 1, 1, 1, 1, 1, 1, 1, 1, 1, 1, 1, 1, 1, 1, 1, 1, 1, 1, 1, 1, 1, 1, 1, 1, 1, 1, 1, 1, 1, 1, 1], [1, 1, 1, 1, 1, 1, 1, 1, 1, 1, 1, 1, 1, 1, 1, 1, 1, 1, 1, 1, 1, 1, 1, 1, 1, 1, 1, 1, 1, 1, 1, 1, 1, 1, 1, 1, 1, 1, 1, 1, 1, 1, 1, 1, 1, 1, 1, 1, 1, 1]]

means=tensor([2.5214e-04, 0.0000e+00, 2.9150e-04, 0.0000e+00, 2.1407e-04, 7.3307e-05,
        1.4044e-04, 1.6639e-04, 2.2585e-04, 6.8689e-06, 8.5366e-05, 2.7553e-04,
        3.2902e-04, 2.0350e-05, 3.8747e-05, 7.1114e-05, 3.2340e-05, 4.8961e-05,
        7.8367e-06, 7.6431e-08, 6.4607e-06, 5.2272e-05, 1.5593e-04, 1.6330e-06,
        1.1166e-04, 8.4039e-05, 1.5545e-04, 2.9541e-05, 1.8166e-05, 2.3067e-05,
        7.1682e-05, 1.4828e-04, 7.7879e-05, 3.5898e-05, 1.6431e-05, 2.5197e-04,
        3.1214e-05, 1.2276e-04, 8.1440e-05, 3.3178e-05, 1.1168e-04, 8.7296e-05,
        3.5847e-05, 2.0118e-04, 4.7086e-05, 8.4216e-05, 6.4494e-05, 1.4085e-04,
        3.9366e-05, 9.5344e-05, 4.7614e-05, 8.7694e-05, 1.0133e-04, 9.1829e-05,
        1.0302e-04, 3.9481e-05, 7.8233e-05, 2.3862e-04, 2.2380e-05, 6.0817e-05,
        1.0978e-04, 4.8950e-05, 3.1918e-05, 1.2179e-04, 1.3766e-06, 2.4810e-05,
        1.8634e-05, 3.4943e-05, 2.3979e-05, 9.3869e-06, 2.3192e-05, 8.1539e-05,
        9.7124e-05, 2.8846e-05, 1.1640e-05, 7.8618e-06, 7.0709e-05, 6.2553e-05,
        8.3894e-06, 5.7010e-07, 3.3911e-05, 5.7376e-05, 6.8734e-05, 3.3150e-05,
        9.9639e-05, 4.9579e-05, 2.0226e-05, 2.4580e-05, 1.6220e-04, 1.4801e-05,
        2.4743e-05, 4.7600e-05, 6.6010e-05, 1.0758e-06, 9.8994e-05, 2.6150e-06,
        7.1417e-07, 6.5209e-05, 8.6436e-05, 8.2815e-05, 2.3896e-05, 2.9804e-05,
        5.0448e-05, 2.8968e-05, 5.8533e-05, 1.2066e-05, 2.3122e-05, 2.2152e-05,
        1.9047e-05, 5.8006e-05, 7.6982e-05, 6.4193e-05, 7.4604e-05],
       grad_fn=<CatBackward>)

mean_overall=tensor(7.0508e-05, grad_fn=<MeanBackward0>)

