loss_training=[0.005181225024441427, 0.00219115472314381, 0.0022347748883636853, 0.002235084139276825, 0.0021936103291111592, 0.002162107759761756, 0.002154149293576598, 0.0021423371988279886, 0.0021310672899250414, 0.002119585741887866, 0.0021076591855779068, 0.0020951403711411314, 0.0020821083135929685, 0.0020683440514526388, 0.0020538351837452056, 0.002038601457893273, 0.0020226193964526826, 0.0020058805854636574, 0.0019883348970028535, 0.001969653779261256, 0.0019499273749160934, 0.001929205909379509, 0.0019075780087566634, 0.0018843481509532932, 0.0018599207006632435, 0.0018343648397665382, 0.0018077996424529527, 0.0017802798659621452, 0.0017518970463733614, 0.0017226865457046553, 0.0016927897793257637, 0.0016622961828797842, 0.0016313498285173147, 0.0016000655267974387, 0.0015686077979172048, 0.0015370838600183155, 0.0015056280697514708, 0.0014743699366043007, 0.0014434361176522007, 0.001412938344169069, 0.0013829672804326443, 0.0013535950087040713, 0.0013248810783112344, 0.0012968908193154497, 0.0012698770773629036]

test_loss_training=[0.15818636879836512, 0.1430363315560591, 0.13088886086135607, 0.14208778363357, 0.13439136931545342, 0.13596259220387127, 0.13695601674083158, 0.13518149884384625, 0.13457264439543729, 0.13450283297515703, 0.13407927905890982, 0.13343750139859534, 0.1328018924433771, 0.13219565725233456, 0.13157746587019759, 0.13092271896977106, 0.1302267249096517, 0.12949003977707166, 0.12871171852829832, 0.12788830631978804, 0.12699816435208436, 0.12605221262395616, 0.12505714942052457, 0.12398990574226805, 0.12285422583320713, 0.1216567587148892, 0.1204000542226591, 0.11908582531602183, 0.11771617672914979, 0.11629454344150694, 0.11482474779178754, 0.11331153597209259, 0.11176130709903924, 0.11018212041012725, 0.10858286582281225, 0.10697299871230052, 0.10536175351684407, 0.1037597365283439, 0.10217683949091011, 0.10062162612242653, 0.09910331565329424, 0.09762874054614118, 0.09620445460988324, 0.09483578293320719, 0.09346626757411516]

loss_control_training_MSE=[0.00319006946799078, 0.0023107095418852864, 0.002338409953988689, 0.002288702310148852, 0.0022309042302707483, 0.002209711908099346, 0.0022034441085359733, 0.0021909522635438113, 0.002181080691964587, 0.0021701756938073084, 0.0021592153615176387, 0.0021477064224729226, 0.002135779236202522, 0.0021233437324575453, 0.002110339665489656, 0.0020967716939274835, 0.002082622501982965, 0.002067873189006564, 0.002052494448246943, 0.0020364157793525493, 0.0020195593434807354, 0.0020019788482192346, 0.001983737167513665, 0.0019645798354002582, 0.0019445776651897174, 0.0019238435053792519, 0.0019024461050654734, 0.0018804477202599202, 0.0018579173250630229, 0.0018349281824105873, 0.0018115695126389717, 0.0017879360721619268, 0.0017641348170128282, 0.0017402755755323437, 0.0017164644317220882, 0.001692802111660412, 0.0016693729720560879, 0.0016462622514262684, 0.0016235483378949317, 0.0016012928316211455, 0.0015795393201884127, 0.0015583345223697165, 0.0015377138889389962, 0.0015177023529891886, 0.0014986309200532427]

variances=[1.4958389672073928e-09, 1.462324505019457e-09, 1.4438937991314027e-09, 1.4319436374171852e-09, 1.421961124885908e-09, 1.4350043417676126e-09, 1.4788265711482962e-09, 1.5576604091859022e-09, 1.6795188829283275e-09, 1.8499262209330262e-09, 2.0740488743712025e-09, 2.359443087089569e-09, 2.7145365756456403e-09, 3.1393926458262376e-09, 3.647005411573171e-09, 4.251787601223228e-09, 4.970322462593239e-09, 5.817763504421012e-09, 6.812282339417875e-09, 7.951781748861635e-09, 9.290765037204306e-09, 1.0853362931246772e-08, 1.2663718733546715e-08, 1.4697856117484154e-08, 1.7052921176933128e-08, 1.9767734586188863e-08, 2.288018552838366e-08, 2.64364788071031e-08, 3.0486959121695854e-08, 3.5078040440990615e-08, 4.0265923983537505e-08, 4.609828559988096e-08, 5.2630100809600167e-08, 5.991036785910148e-08, 6.798621536644125e-08, 7.689651641576233e-08, 8.667616110342298e-08, 9.73589877308594e-08, 1.0897405652841185e-07, 1.2153693663911642e-07, 1.3506191013308668e-07, 1.4955408612874248e-07, 1.6500430822855052e-07, 1.813964340837534e-07, 1.987037556210489e-07]

ACE_values=[4.75255326557862e-05, 4.7536180061637984e-05, 4.7621466053906896e-05, 4.7879132605272324e-05, 4.8282377851841906e-05, 4.884460935885364e-05, 4.945748406418566e-05, 5.01291576323347e-05, 5.088817987396102e-05, 5.172816146935966e-05, 5.267423746037324e-05, 5.372725515816792e-05, 5.488816933165586e-05, 5.626935826292389e-05, 5.782921168645759e-05, 5.955306384409513e-05, 6.144466511188835e-05, 6.349599791248022e-05, 6.572053857439262e-05, 6.840650547123244e-05, 7.135061284275725e-05, 7.456306819534498e-05, 7.802068362703888e-05, 8.218806958150427e-05, 8.669145485232269e-05, 9.158294799662045e-05, 9.681430782378969e-05, 0.00010239284959023735, 0.00010829508314526097, 0.00011455880483241886, 0.00012112949159725533, 0.00012801261752463025, 0.0001351695061904315, 0.0001425955268840121, 0.00015023266218969653, 0.0001580750651577869, 0.00016607494361891943, 0.00017418669312218855, 0.00018236385111416038, 0.00019055824833013124, 0.0001987233888587037, 0.00020683420020115828, 0.00021486780495191015, 0.00022278475129720277, 0.00023066401717798066]

-------------------------------CAUSAL NEURAL NET-------------------------------

loss_test_causal=tensor(0.0924, grad_fn=<MseLossBackward>)

