-----------------------------------------------ITERATION0-----------------------------------------------

final_causality=[[1, 1, 1, 1, 1, 1, 1, 1, 1, 1, 1, 1, 1], [1, 1, 1, 1, 1, 1, 1, 1, 1, 1, 1, 1, 1, 1, 1, 1, 1, 1, 1, 1, 1, 1, 1, 1, 1, 1, 1, 1, 1, 1, 1, 1, 1, 1, 1, 1, 1, 1, 1, 1, 1, 1, 1, 1, 1, 1, 1, 1, 1, 1], [1, 1, 1, 1, 1, 1, 1, 1, 1, 1, 1, 1, 1, 1, 1, 1, 1, 1, 1, 1, 1, 1, 1, 1, 1, 1, 1, 1, 1, 1, 1, 1, 1, 1, 1, 1, 1, 1, 1, 1, 1, 1, 1, 1, 1, 1, 1, 1, 1, 1]]

means=tensor([9.7077e-05, 0.0000e+00, 7.0178e-05, 0.0000e+00, 2.6559e-04, 1.5579e-05,
        4.4917e-05, 1.9617e-05, 6.4208e-06, 2.5732e-04, 7.4734e-07, 8.1023e-05,
        1.2962e-04, 1.1614e-04, 4.6789e-05, 2.7690e-05, 8.1358e-05, 2.7172e-05,
        1.6422e-05, 3.5179e-05, 1.7201e-05, 1.3289e-04, 2.7345e-05, 1.7618e-05,
        7.3376e-05, 4.7565e-05, 9.2652e-05, 8.0262e-05, 4.9759e-05, 4.4167e-05,
        1.0298e-05, 3.6244e-05, 7.0729e-05, 3.7057e-05, 9.8700e-05, 3.4314e-06,
        1.4762e-04, 5.2054e-05, 2.7251e-05, 6.8972e-05, 6.5785e-06, 7.2779e-06,
        2.5992e-06, 1.7954e-06, 2.0684e-05, 6.0452e-05, 8.6467e-05, 5.0515e-05,
        2.3368e-05, 5.6577e-05, 1.2650e-04, 2.3712e-05, 1.0178e-04, 1.9334e-05,
        8.2208e-06, 1.0964e-04, 6.5394e-05, 7.4947e-05, 9.5147e-05, 1.8396e-04,
        3.1067e-05, 2.6762e-05, 4.9665e-05, 3.6692e-05, 8.5084e-07, 6.5454e-05,
        7.9760e-06, 9.1766e-05, 1.7123e-05, 3.1251e-05, 3.2396e-05, 6.2584e-05,
        9.6408e-05, 4.0982e-05, 4.8384e-05, 3.8802e-05, 5.4121e-05, 2.5055e-05,
        4.7706e-05, 7.4724e-05, 1.3325e-04, 1.4925e-05, 8.3323e-07, 5.2592e-05,
        5.6972e-05, 4.6206e-05, 6.6797e-05, 1.7945e-04, 4.2495e-05, 2.2146e-05,
        5.0481e-05, 1.1670e-04, 5.9610e-05, 1.4605e-04, 4.5223e-05, 3.2987e-05,
        6.2621e-05, 6.5123e-05, 5.3011e-06, 3.5564e-06, 6.0067e-06, 1.2941e-04,
        3.4686e-05, 2.8297e-05, 5.4448e-05, 1.5272e-05, 1.5907e-05, 7.7248e-05,
        7.2454e-05, 4.6490e-05, 6.4105e-05, 4.8561e-05, 9.3278e-05],
       grad_fn=<CatBackward>)

mean_overall=tensor(5.6356e-05, grad_fn=<MeanBackward0>)

-----------------------------------------------ITERATION10-----------------------------------------------

final_causality=[[1, 1, 1, 1, 1, 1, 1, 1, 1, 1, 1, 1, 1], [1, 1, 1, 1, 1, 1, 1, 1, 1, 1, 1, 1, 1, 1, 1, 1, 1, 1, 1, 1, 1, 1, 1, 1, 1, 1, 1, 1, 1, 1, 1, 1, 1, 1, 1, 1, 1, 1, 1, 1, 1, 1, 1, 1, 1, 1, 1, 1, 1, 1], [1, 1, 1, 1, 1, 1, 1, 1, 1, 1, 1, 1, 1, 1, 1, 1, 1, 1, 1, 1, 1, 1, 1, 1, 1, 1, 1, 1, 1, 1, 1, 1, 1, 1, 1, 1, 1, 1, 1, 1, 1, 1, 1, 1, 1, 1, 1, 1, 1, 1]]

means=tensor([1.0676e-04, 0.0000e+00, 1.0566e-04, 0.0000e+00, 3.0527e-04, 6.9373e-06,
        8.1375e-05, 1.2887e-05, 7.7270e-05, 2.1226e-04, 2.6416e-05, 1.5692e-04,
        1.3981e-04, 9.0329e-05, 1.9009e-05, 3.9702e-05, 4.7883e-05, 2.9855e-07,
        2.5191e-05, 2.1471e-05, 2.8766e-05, 1.5107e-04, 2.1134e-06, 3.1611e-05,
        4.5602e-05, 6.1862e-05, 1.0779e-04, 9.4628e-05, 3.2579e-05, 2.2757e-05,
        3.4493e-05, 2.6580e-05, 8.7742e-05, 5.3557e-05, 7.4056e-05, 1.0066e-05,
        1.7740e-04, 2.9677e-05, 5.6983e-05, 8.1680e-05, 1.8709e-05, 2.2672e-05,
        2.1608e-05, 1.5139e-05, 1.0336e-05, 4.8243e-05, 1.0335e-04, 3.9996e-05,
        3.2093e-05, 3.4709e-05, 9.8180e-05, 4.1040e-05, 7.4184e-05, 1.0341e-05,
        1.8841e-05, 1.2068e-04, 2.9207e-05, 8.1856e-05, 7.9394e-05, 1.4886e-04,
        4.8443e-05, 4.3335e-05, 6.4710e-05, 3.9866e-05, 2.6737e-06, 6.5590e-05,
        9.7482e-06, 9.7209e-05, 1.1964e-05, 3.3172e-05, 3.2147e-05, 5.9556e-05,
        8.9096e-05, 4.0947e-05, 5.1317e-05, 4.1970e-05, 4.5709e-05, 1.9899e-05,
        4.6819e-05, 7.8229e-05, 1.2871e-04, 1.1650e-05, 3.0433e-06, 5.8416e-05,
        6.0324e-05, 4.2809e-05, 5.8573e-05, 1.8715e-04, 4.1646e-05, 2.5525e-05,
        5.5961e-05, 1.1194e-04, 5.3069e-05, 1.4545e-04, 4.6130e-05, 3.6635e-05,
        6.0817e-05, 5.5494e-05, 3.0028e-06, 1.0824e-06, 8.2521e-06, 1.1928e-04,
        3.3664e-05, 2.1797e-05, 5.0172e-05, 1.1970e-05, 1.7946e-05, 7.8572e-05,
        6.6402e-05, 4.6419e-05, 6.0998e-05, 5.0840e-05, 9.4669e-05],
       grad_fn=<CatBackward>)

mean_overall=tensor(5.7582e-05, grad_fn=<MeanBackward0>)

-----------------------------------------------ITERATION20-----------------------------------------------

final_causality=[[1, 1, 1, 1, 1, 1, 1, 1, 1, 1, 1, 1, 1], [1, 1, 1, 1, 1, 1, 1, 1, 1, 1, 1, 1, 1, 1, 1, 1, 1, 1, 1, 1, 1, 1, 1, 1, 1, 1, 1, 1, 1, 1, 1, 1, 1, 1, 1, 1, 1, 1, 1, 1, 1, 1, 1, 1, 1, 1, 1, 1, 1, 1], [1, 1, 1, 1, 1, 1, 1, 1, 1, 1, 1, 1, 1, 1, 1, 1, 1, 1, 1, 1, 1, 1, 1, 1, 1, 1, 1, 1, 1, 1, 1, 1, 1, 1, 1, 1, 1, 1, 1, 1, 1, 1, 1, 1, 1, 1, 1, 1, 1, 1]]

means=tensor([1.0424e-04, 0.0000e+00, 1.1551e-04, 0.0000e+00, 3.1630e-04, 1.3853e-05,
        9.2136e-05, 2.3808e-05, 1.0569e-04, 1.9938e-04, 3.3853e-05, 1.7924e-04,
        1.4468e-04, 8.1995e-05, 1.0934e-05, 4.3242e-05, 3.7845e-05, 8.3410e-06,
        2.7760e-05, 1.6988e-05, 3.2303e-05, 1.5613e-04, 4.8761e-06, 3.5851e-05,
        3.6834e-05, 6.5982e-05, 1.1221e-04, 9.8913e-05, 2.7169e-05, 1.6242e-05,
        4.1881e-05, 2.3543e-05, 9.2630e-05, 5.8392e-05, 6.6109e-05, 1.4132e-05,
        1.8596e-04, 2.2543e-05, 6.5743e-05, 8.5358e-05, 2.2334e-05, 2.7425e-05,
        2.7242e-05, 1.8968e-05, 7.2942e-06, 4.4195e-05, 1.0809e-04, 3.6853e-05,
        3.4700e-05, 2.7750e-05, 8.9608e-05, 4.6199e-05, 6.5461e-05, 1.8471e-05,
        2.1976e-05, 1.2360e-04, 1.8493e-05, 8.3930e-05, 7.4426e-05, 1.3784e-04,
        5.3527e-05, 4.8266e-05, 6.8986e-05, 4.0763e-05, 3.7757e-06, 6.5482e-05,
        1.0252e-05, 9.8184e-05, 1.0439e-05, 3.3446e-05, 3.2221e-05, 5.9453e-05,
        8.6711e-05, 4.0568e-05, 5.2120e-05, 4.2927e-05, 4.3292e-05, 1.8381e-05,
        4.6976e-05, 7.9286e-05, 1.2659e-04, 1.0474e-05, 3.6591e-06, 6.0077e-05,
        6.1189e-05, 4.1661e-05, 5.5865e-05, 1.8859e-04, 4.1045e-05, 2.7017e-05,
        5.7457e-05, 1.1021e-04, 5.1211e-05, 1.4481e-04, 4.6140e-05, 3.7730e-05,
        6.0233e-05, 5.2540e-05, 2.4917e-06, 3.0388e-07, 8.9177e-06, 1.1589e-04,
        3.2891e-05, 1.9742e-05, 4.8755e-05, 1.0931e-05, 1.8502e-05, 7.9010e-05,
        6.4570e-05, 4.7051e-05, 5.9355e-05, 5.1419e-05, 9.4982e-05],
       grad_fn=<CatBackward>)

mean_overall=tensor(5.8405e-05, grad_fn=<MeanBackward0>)

-----------------------------------------------ITERATION30-----------------------------------------------

final_causality=[[1, 1, 1, 1, 1, 1, 1, 1, 1, 1, 1, 1, 1], [1, 1, 1, 1, 1, 1, 1, 1, 1, 1, 1, 1, 1, 1, 1, 1, 1, 1, 1, 1, 1, 1, 1, 1, 1, 1, 1, 1, 1, 1, 1, 1, 1, 1, 1, 1, 1, 1, 1, 1, 1, 1, 1, 1, 1, 1, 1, 1, 1, 1], [1, 1, 1, 1, 1, 1, 1, 1, 1, 1, 1, 1, 1, 1, 1, 1, 1, 1, 1, 1, 1, 1, 1, 1, 1, 1, 1, 1, 1, 1, 1, 1, 1, 1, 1, 1, 1, 1, 1, 1, 1, 1, 1, 1, 1, 1, 1, 1, 1, 1]]

means=tensor([9.3560e-05, 0.0000e+00, 1.0331e-04, 0.0000e+00, 3.0394e-04, 7.4148e-06,
        8.0932e-05, 1.5408e-05, 7.6568e-05, 2.1508e-04, 2.5076e-05, 1.5672e-04,
        1.4621e-04, 8.8935e-05, 1.8407e-05, 3.9543e-05, 4.7041e-05, 3.4157e-07,
        2.5102e-05, 2.0693e-05, 2.9183e-05, 1.5106e-04, 1.1260e-06, 3.1882e-05,
        4.4937e-05, 6.2424e-05, 1.0820e-04, 9.5920e-05, 3.1823e-05, 2.2082e-05,
        3.5647e-05, 2.6151e-05, 8.7533e-05, 5.3364e-05, 7.2961e-05, 1.0409e-05,
        1.7746e-04, 2.8586e-05, 5.7066e-05, 8.2416e-05, 1.8543e-05, 2.3244e-05,
        2.1524e-05, 1.5000e-05, 1.0019e-05, 4.7701e-05, 1.0360e-04, 3.9675e-05,
        3.2320e-05, 3.3729e-05, 9.7614e-05, 4.1002e-05, 7.2895e-05, 1.1380e-05,
        1.8860e-05, 1.2015e-04, 2.8325e-05, 8.2310e-05, 7.8750e-05, 1.4755e-04,
        4.8497e-05, 4.4431e-05, 6.4332e-05, 3.9860e-05, 2.8126e-06, 6.5444e-05,
        9.7370e-06, 9.6046e-05, 1.1713e-05, 3.2517e-05, 3.1178e-05, 5.9621e-05,
        8.8773e-05, 4.0426e-05, 5.1339e-05, 4.1975e-05, 4.5855e-05, 1.9911e-05,
        4.6735e-05, 7.8636e-05, 1.2687e-04, 1.1136e-05, 3.0573e-06, 5.8347e-05,
        6.0303e-05, 4.2668e-05, 5.7703e-05, 1.8573e-04, 4.1116e-05, 2.5257e-05,
        5.5970e-05, 1.1171e-04, 5.2989e-05, 1.4521e-04, 4.5681e-05, 3.6603e-05,
        6.1009e-05, 5.5024e-05, 2.8698e-06, 9.2314e-07, 8.2018e-06, 1.1810e-04,
        3.2764e-05, 2.1346e-05, 5.0060e-05, 1.1760e-05, 1.8034e-05, 7.9296e-05,
        6.6586e-05, 4.6073e-05, 5.9166e-05, 5.0864e-05, 9.4997e-05],
       grad_fn=<CatBackward>)

mean_overall=tensor(5.7309e-05, grad_fn=<MeanBackward0>)

-----------------------------------------------ITERATION40-----------------------------------------------

final_causality=[[1, 1, 1, 1, 1, 1, 1, 1, 1, 1, 1, 1, 1], [1, 1, 1, 1, 1, 1, 1, 1, 1, 1, 1, 1, 1, 1, 1, 1, 1, 1, 1, 1, 1, 1, 1, 1, 1, 1, 1, 1, 1, 1, 1, 1, 1, 1, 1, 1, 1, 1, 1, 1, 1, 1, 1, 1, 1, 1, 1, 1, 1, 1], [1, 1, 1, 1, 1, 1, 1, 1, 1, 1, 1, 1, 1, 1, 1, 1, 1, 1, 1, 1, 1, 1, 1, 1, 1, 1, 1, 1, 1, 1, 1, 1, 1, 1, 1, 1, 1, 1, 1, 1, 1, 1, 1, 1, 1, 1, 1, 1, 1, 1]]

means=tensor([8.4792e-05, 0.0000e+00, 9.8948e-05, 0.0000e+00, 3.0007e-04, 5.7911e-06,
        7.7361e-05, 1.3843e-05, 6.6897e-05, 2.2125e-04, 2.2304e-05, 1.4948e-04,
        1.4877e-04, 9.0935e-05, 2.1056e-05, 3.8346e-05, 5.0203e-05, 1.6187e-06,
        2.4181e-05, 2.1733e-05, 2.8286e-05, 1.4934e-04, 3.1713e-06, 3.0632e-05,
        4.7539e-05, 6.1319e-05, 1.0704e-04, 9.5372e-05, 3.3245e-05, 2.3987e-05,
        3.3805e-05, 2.6929e-05, 8.5823e-05, 5.1618e-05, 7.4954e-05, 9.1978e-06,
        1.7462e-04, 3.0323e-05, 5.4095e-05, 8.1629e-05, 1.7257e-05, 2.2068e-05,
        1.9569e-05, 1.3547e-05, 1.0947e-05, 4.8675e-05, 1.0210e-04, 4.0674e-05,
        3.1620e-05, 3.5492e-05, 1.0044e-04, 3.9278e-05, 7.5089e-05, 9.0369e-06,
        1.7824e-05, 1.1883e-04, 3.1644e-05, 8.2025e-05, 8.0143e-05, 1.5071e-04,
        4.6786e-05, 4.3350e-05, 6.2636e-05, 3.9543e-05, 2.4807e-06, 6.5492e-05,
        9.5591e-06, 9.4999e-05, 1.2142e-05, 3.2182e-05, 3.0607e-05, 5.9823e-05,
        8.9416e-05, 4.0217e-05, 5.1076e-05, 4.1654e-05, 4.6823e-05, 2.0451e-05,
        4.6942e-05, 7.8496e-05, 1.2690e-04, 1.1297e-05, 2.8365e-06, 5.7698e-05,
        6.0001e-05, 4.2995e-05, 5.8264e-05, 1.8436e-04, 4.0956e-05, 2.4875e-05,
        5.5462e-05, 1.1215e-04, 5.3646e-05, 1.4535e-04, 4.5569e-05, 3.6239e-05,
        6.1436e-05, 5.6024e-05, 3.0574e-06, 1.1147e-06, 7.9624e-06, 1.1871e-04,
        3.2510e-05, 2.1851e-05, 5.0455e-05, 1.2023e-05, 1.7873e-05, 7.9510e-05,
        6.7317e-05, 4.5602e-05, 5.8809e-05, 5.0676e-05, 9.5054e-05],
       grad_fn=<CatBackward>)

mean_overall=tensor(5.6998e-05, grad_fn=<MeanBackward0>)

-----------------------------------------------ITERATION50-----------------------------------------------

final_causality=[[1, 1, 1, 1, 1, 1, 1, 1, 1, 1, 1, 1, 1], [1, 1, 1, 1, 1, 1, 1, 1, 1, 1, 1, 1, 1, 1, 1, 1, 1, 1, 1, 1, 1, 1, 1, 1, 1, 1, 1, 1, 1, 1, 1, 1, 1, 1, 1, 1, 1, 1, 1, 1, 1, 1, 1, 1, 1, 1, 1, 1, 1, 1], [1, 1, 1, 1, 1, 1, 1, 1, 1, 1, 1, 1, 1, 1, 1, 1, 1, 1, 1, 1, 1, 1, 1, 1, 1, 1, 1, 1, 1, 1, 1, 1, 1, 1, 1, 1, 1, 1, 1, 1, 1, 1, 1, 1, 1, 1, 1, 1, 1, 1]]

means=tensor([7.6758e-05, 0.0000e+00, 1.0246e-04, 0.0000e+00, 3.0493e-04, 9.0022e-06,
        8.1815e-05, 1.9724e-05, 7.8096e-05, 2.1780e-04, 2.5372e-05, 1.5863e-04,
        1.5381e-04, 8.7342e-05, 1.8121e-05, 3.9896e-05, 4.6396e-05, 1.7001e-06,
        2.5218e-05, 1.9741e-05, 2.9943e-05, 1.5151e-04, 3.8402e-08, 3.2479e-05,
        4.3959e-05, 6.3157e-05, 1.0913e-04, 9.7789e-05, 3.0965e-05, 2.1366e-05,
        3.7198e-05, 2.5632e-05, 8.7880e-05, 5.3531e-05, 7.1511e-05, 1.0803e-05,
        1.7825e-04, 2.7203e-05, 5.7607e-05, 8.3444e-05, 1.8738e-05, 2.4181e-05,
        2.1797e-05, 1.5000e-05, 9.7877e-06, 4.6863e-05, 1.0413e-04, 3.9511e-05,
        3.2847e-05, 3.2507e-05, 9.7264e-05, 4.1434e-05, 7.1321e-05, 1.2384e-05,
        1.9173e-05, 1.1992e-04, 2.7442e-05, 8.3214e-05, 7.8158e-05, 1.4634e-04,
        4.8858e-05, 4.5678e-05, 6.4268e-05, 3.9891e-05, 2.8934e-06, 6.5726e-05,
        9.7923e-06, 9.5127e-05, 1.1549e-05, 3.2487e-05, 3.0214e-05, 6.0044e-05,
        8.8489e-05, 3.9916e-05, 5.1437e-05, 4.2080e-05, 4.6021e-05, 1.9836e-05,
        4.6835e-05, 7.8934e-05, 1.2649e-04, 1.0854e-05, 3.1020e-06, 5.8282e-05,
        6.0408e-05, 4.2560e-05, 5.7295e-05, 1.8464e-04, 4.0495e-05, 2.5192e-05,
        5.6112e-05, 1.1146e-04, 5.3015e-05, 1.4527e-04, 4.5878e-05, 3.6735e-05,
        6.1559e-05, 5.5289e-05, 2.8853e-06, 8.1787e-07, 8.2528e-06, 1.1730e-04,
        3.2023e-05, 2.1041e-05, 4.9774e-05, 1.1609e-05, 1.8130e-05, 7.9880e-05,
        6.6632e-05, 4.5691e-05, 5.8041e-05, 5.0952e-05, 9.5410e-05],
       grad_fn=<CatBackward>)

mean_overall=tensor(5.7304e-05, grad_fn=<MeanBackward0>)

-----------------------------------------------ITERATION60-----------------------------------------------

final_causality=[[1, 1, 1, 1, 1, 1, 1, 1, 1, 1, 1, 1, 1], [1, 1, 1, 1, 1, 1, 1, 1, 1, 1, 1, 1, 1, 1, 1, 1, 1, 1, 1, 1, 1, 1, 1, 1, 1, 1, 1, 1, 1, 1, 1, 1, 1, 1, 1, 1, 1, 1, 1, 1, 1, 1, 1, 1, 1, 1, 1, 1, 1, 1], [1, 1, 1, 1, 1, 1, 1, 1, 1, 1, 1, 1, 1, 1, 1, 1, 1, 1, 1, 1, 1, 1, 1, 1, 1, 1, 1, 1, 1, 1, 1, 1, 1, 1, 1, 1, 1, 1, 1, 1, 1, 1, 1, 1, 1, 1, 1, 1, 1, 1]]

means=tensor([6.7019e-05, 1.3878e-17, 1.0143e-04, 1.3878e-17, 3.0498e-04, 9.5822e-06,
        8.1731e-05, 2.1617e-05, 7.7133e-05, 2.2025e-04, 2.5238e-05, 1.5835e-04,
        1.5789e-04, 8.7024e-05, 1.8600e-05, 3.9893e-05, 4.6807e-05, 1.8788e-06,
        2.5104e-05, 1.9514e-05, 3.0155e-05, 1.5143e-04, 3.3875e-08, 3.2543e-05,
        4.4008e-05, 6.3280e-05, 1.0940e-04, 9.8603e-05, 3.0887e-05, 2.1438e-05,
        3.7610e-05, 2.5563e-05, 8.7793e-05, 5.3312e-05, 7.1230e-05, 1.0797e-05,
        1.7812e-04, 2.6905e-05, 5.7338e-05, 8.3788e-05, 1.8631e-05, 2.4490e-05,
        2.1607e-05, 1.4767e-05, 9.8870e-06, 4.6649e-05, 1.0410e-04, 3.9676e-05,
        3.2982e-05, 3.2286e-05, 9.7762e-05, 4.1361e-05, 7.1049e-05, 1.2370e-05,
        1.9156e-05, 1.1960e-04, 2.7746e-05, 8.3626e-05, 7.8210e-05, 1.4650e-04,
        4.8724e-05, 4.6038e-05, 6.3950e-05, 3.9847e-05, 2.8923e-06, 6.5925e-05,
        9.7932e-06, 9.4563e-05, 1.1576e-05, 3.2513e-05, 2.9689e-05, 6.0338e-05,
        8.8512e-05, 3.9660e-05, 5.1440e-05, 4.2079e-05, 4.6299e-05, 1.9904e-05,
        4.6908e-05, 7.9032e-05, 1.2661e-04, 1.0803e-05, 3.0958e-06, 5.8119e-05,
        6.0413e-05, 4.2590e-05, 5.7306e-05, 1.8394e-04, 4.0178e-05, 2.5097e-05,
        5.6094e-05, 1.1145e-04, 5.3181e-05, 1.4545e-04, 4.6052e-05, 3.6745e-05,
        6.1938e-05, 5.5736e-05, 2.9510e-06, 8.1229e-07, 8.2480e-06, 1.1716e-04,
        3.1696e-05, 2.1034e-05, 4.9712e-05, 1.1607e-05, 1.8142e-05, 8.0157e-05,
        6.6783e-05, 4.5419e-05, 5.7618e-05, 5.0963e-05, 9.5632e-05],
       grad_fn=<CatBackward>)

mean_overall=tensor(5.7284e-05, grad_fn=<MeanBackward0>)

-----------------------------------------------ITERATION70-----------------------------------------------

final_causality=[[1, 1, 1, 1, 1, 1, 1, 1, 1, 1, 1, 1, 1], [1, 1, 1, 1, 1, 1, 1, 1, 1, 1, 1, 1, 1, 1, 1, 1, 1, 1, 1, 1, 1, 1, 1, 1, 1, 1, 1, 1, 1, 1, 1, 1, 1, 1, 1, 1, 1, 1, 1, 1, 1, 1, 1, 1, 1, 1, 1, 1, 1, 1], [1, 1, 1, 1, 1, 1, 1, 1, 1, 1, 1, 1, 1, 1, 1, 1, 1, 1, 1, 1, 1, 1, 1, 1, 1, 1, 1, 1, 1, 1, 1, 1, 1, 1, 1, 1, 1, 1, 1, 1, 1, 1, 1, 1, 1, 1, 1, 1, 1, 1]]

means=tensor([5.6371e-05, 0.0000e+00, 9.8752e-05, 0.0000e+00, 3.0333e-04, 9.2527e-06,
        8.0033e-05, 2.2156e-05, 7.1797e-05, 2.2491e-04, 2.3970e-05, 1.5468e-04,
        1.6180e-04, 8.7866e-05, 2.0337e-05, 3.9340e-05, 4.8762e-05, 7.6413e-07,
        2.4575e-05, 1.9909e-05, 2.9857e-05, 1.5056e-04, 4.3652e-07, 3.1973e-05,
        4.5357e-05, 6.2797e-05, 1.0903e-04, 9.8882e-05, 3.1596e-05, 2.2484e-05,
        3.6965e-05, 2.5930e-05, 8.6945e-05, 5.2329e-05, 7.2068e-05, 1.0222e-05,
        1.7666e-04, 2.7602e-05, 5.5711e-05, 8.3615e-05, 1.7955e-05, 2.4210e-05,
        2.0552e-05, 1.3920e-05, 1.0448e-05, 4.6996e-05, 1.0334e-04, 4.0331e-05,
        3.2732e-05, 3.3042e-05, 9.9616e-05, 4.0489e-05, 7.2014e-05, 1.1144e-05,
        1.8648e-05, 1.1875e-04, 2.9691e-05, 8.3778e-05, 7.9001e-05, 1.4829e-04,
        4.7797e-05, 4.5699e-05, 6.2923e-05, 3.9664e-05, 2.7427e-06, 6.6119e-05,
        9.7107e-06, 9.3736e-05, 1.1829e-05, 3.2444e-05, 2.9099e-05, 6.0672e-05,
        8.8873e-05, 3.9410e-05, 5.1316e-05, 4.1925e-05, 4.6978e-05, 2.0221e-05,
        4.7047e-05, 7.9016e-05, 1.2693e-04, 1.0891e-05, 2.9921e-06, 5.7683e-05,
        6.0275e-05, 4.2790e-05, 5.7673e-05, 1.8288e-04, 3.9902e-05, 2.4853e-05,
        5.5838e-05, 1.1169e-04, 5.3644e-05, 1.4572e-04, 4.6185e-05, 3.6584e-05,
        6.2422e-05, 5.6628e-05, 3.1084e-06, 9.0979e-07, 8.1380e-06, 1.1748e-04,
        3.1416e-05, 2.1316e-05, 4.9871e-05, 1.1753e-05, 1.8067e-05, 8.0405e-05,
        6.7242e-05, 4.5012e-05, 5.7309e-05, 5.0880e-05, 9.5810e-05],
       grad_fn=<CatBackward>)

mean_overall=tensor(5.7133e-05, grad_fn=<MeanBackward0>)

-----------------------------------------------ITERATION80-----------------------------------------------

final_causality=[[1, 1, 1, 1, 1, 1, 1, 1, 1, 1, 1, 1, 1], [1, 1, 1, 1, 1, 1, 1, 1, 1, 1, 1, 1, 1, 1, 1, 1, 1, 1, 1, 1, 1, 1, 1, 1, 1, 1, 1, 1, 1, 1, 1, 1, 1, 1, 1, 1, 1, 1, 1, 1, 1, 1, 1, 1, 1, 1, 1, 1, 1, 1], [1, 1, 1, 1, 1, 1, 1, 1, 1, 1, 1, 1, 1, 1, 1, 1, 1, 1, 1, 1, 1, 1, 1, 1, 1, 1, 1, 1, 1, 1, 1, 1, 1, 1, 1, 1, 1, 1, 1, 1, 1, 1, 1, 1, 1, 1, 1, 1, 1, 1]]

means=tensor([4.5321e-05, 1.3878e-17, 9.8501e-05, 1.3878e-17, 3.0444e-04, 1.0495e-05,
        8.0876e-05, 2.5194e-05, 7.3075e-05, 2.2664e-04, 2.4533e-05, 1.5623e-04,
        1.6677e-04, 8.6893e-05, 2.0294e-05, 3.9659e-05, 4.8484e-05, 1.6693e-06,
        2.4666e-05, 1.9319e-05, 3.0394e-05, 1.5092e-04, 5.6211e-08, 3.2399e-05,
        4.4729e-05, 6.3262e-05, 1.0972e-04, 1.0016e-04, 3.1104e-05, 2.2074e-05,
        3.8030e-05, 2.5628e-05, 8.7285e-05, 5.2536e-05, 7.1151e-05, 1.0535e-05,
        1.7725e-04, 2.6727e-05, 5.6136e-05, 8.4297e-05, 1.8154e-05, 2.4935e-05,
        2.0812e-05, 1.3986e-05, 1.0338e-05, 4.6442e-05, 1.0370e-04, 4.0288e-05,
        3.3108e-05, 3.2269e-05, 9.9545e-05, 4.0850e-05, 7.1054e-05, 1.1751e-05,
        1.8903e-05, 1.1866e-04, 2.9222e-05, 8.4422e-05, 7.8700e-05, 1.4766e-04,
        4.8071e-05, 4.6486e-05, 6.2941e-05, 3.9690e-05, 2.8284e-06, 6.6381e-05,
        9.7602e-06, 9.3245e-05, 1.1752e-05, 3.2571e-05, 2.8562e-05, 6.1017e-05,
        8.8731e-05, 3.9115e-05, 5.1390e-05, 4.2008e-05, 4.7103e-05, 2.0169e-05,
        4.7091e-05, 7.9185e-05, 1.2708e-04, 1.0779e-05, 3.0420e-06, 5.7633e-05,
        6.0363e-05, 4.2743e-05, 5.7540e-05, 1.8229e-04, 3.9509e-05, 2.4825e-05,
        5.5950e-05, 1.1156e-04, 5.3697e-05, 1.4592e-04, 4.6457e-05, 3.6696e-05,
        6.2829e-05, 5.6974e-05, 3.1485e-06, 8.5202e-07, 8.1949e-06, 1.1712e-04,
        3.1036e-05, 2.1172e-05, 4.9677e-05, 1.1680e-05, 1.8127e-05, 8.0730e-05,
        6.7254e-05, 4.4763e-05, 5.6826e-05, 5.0946e-05, 9.6103e-05],
       grad_fn=<CatBackward>)

mean_overall=tensor(5.7202e-05, grad_fn=<MeanBackward0>)

-----------------------------------------------ITERATION90-----------------------------------------------

final_causality=[[1, 1, 1, 1, 1, 1, 1, 1, 1, 1, 1, 1, 1], [1, 1, 1, 1, 1, 1, 1, 1, 1, 1, 1, 1, 1, 1, 1, 1, 1, 1, 1, 1, 1, 1, 1, 1, 1, 1, 1, 1, 1, 1, 1, 1, 1, 1, 1, 1, 1, 1, 1, 1, 1, 1, 1, 1, 1, 1, 1, 1, 1, 1], [1, 1, 1, 1, 1, 1, 1, 1, 1, 1, 1, 1, 1, 1, 1, 1, 1, 1, 1, 1, 1, 1, 1, 1, 1, 1, 1, 1, 1, 1, 1, 1, 1, 1, 1, 1, 1, 1, 1, 1, 1, 1, 1, 1, 1, 1, 1, 1, 1, 1]]

means=tensor([3.3517e-05, 0.0000e+00, 9.7500e-05, 0.0000e+00, 3.0482e-04, 1.1370e-05,
        8.1025e-05, 2.7723e-05, 7.2447e-05, 2.2942e-04, 2.4604e-05, 1.5632e-04,
        1.7185e-04, 8.6404e-05, 2.0810e-05, 3.9744e-05, 4.8883e-05, 2.0304e-06,
        2.4576e-05, 1.8988e-05, 3.0724e-05, 1.5094e-04, 4.5022e-07, 3.2557e-05,
        4.4660e-05, 6.3476e-05, 1.1014e-04, 1.0124e-04, 3.0946e-05, 2.2083e-05,
        3.8668e-05, 2.5510e-05, 8.7298e-05, 5.2459e-05, 7.0703e-05, 1.0607e-05,
        1.7727e-04, 2.6267e-05, 5.5975e-05, 8.4773e-05, 1.8105e-05, 2.5418e-05,
        2.0699e-05, 1.3781e-05, 1.0430e-05, 4.6121e-05, 1.0374e-04, 4.0460e-05,
        3.3326e-05, 3.1908e-05, 1.0007e-04, 4.0868e-05, 7.0614e-05, 1.1842e-05,
        1.8948e-05, 1.1834e-04, 2.9467e-05, 8.4973e-05, 7.8716e-05, 1.4773e-04,
        4.8003e-05, 4.6993e-05, 6.2645e-05, 3.9653e-05, 2.8507e-06, 6.6644e-05,
        9.7736e-06, 9.2621e-05, 1.1773e-05, 3.2655e-05, 2.8017e-05, 6.1387e-05,
        8.8734e-05, 3.8812e-05, 5.1410e-05, 4.2027e-05, 4.7410e-05, 2.0227e-05,
        4.7166e-05, 7.9310e-05, 1.2732e-04, 1.0723e-05, 3.0497e-06, 5.7460e-05,
        6.0389e-05, 4.2769e-05, 5.7556e-05, 1.8152e-04, 3.9122e-05, 2.4729e-05,
        5.5959e-05, 1.1154e-04, 5.3883e-05, 1.4618e-04, 4.6715e-05, 3.6734e-05,
        6.3293e-05, 5.7522e-05, 3.2296e-06, 8.3786e-07, 8.2060e-06, 1.1695e-04,
        3.0664e-05, 2.1150e-05, 4.9576e-05, 1.1670e-05, 1.8149e-05, 8.1054e-05,
        6.7404e-05, 4.4447e-05, 5.6373e-05, 5.0971e-05, 9.6390e-05],
       grad_fn=<CatBackward>)

mean_overall=tensor(5.7221e-05, grad_fn=<MeanBackward0>)

-----------------------------------------------ITERATION100-----------------------------------------------

final_causality=[[1, 1, 1, 1, 1, 1, 1, 1, 1, 1, 1, 1, 1], [1, 1, 1, 1, 1, 1, 1, 1, 1, 1, 1, 1, 1, 1, 1, 1, 1, 1, 1, 1, 1, 1, 1, 1, 1, 1, 1, 1, 1, 1, 1, 1, 1, 1, 1, 1, 1, 1, 1, 1, 1, 1, 1, 1, 1, 1, 1, 1, 1, 1], [1, 1, 1, 1, 1, 1, 1, 1, 1, 1, 1, 1, 1, 1, 1, 1, 1, 1, 1, 1, 1, 1, 1, 1, 1, 1, 1, 1, 1, 1, 1, 1, 1, 1, 1, 1, 1, 1, 1, 1, 1, 1, 1, 1, 1, 1, 1, 1, 1, 1]]

means=tensor([2.1073e-05, 0.0000e+00, 9.5933e-05, 0.0000e+00, 3.0468e-04, 1.1982e-05,
        8.0664e-05, 2.9901e-05, 7.0417e-05, 2.3300e-04, 2.4314e-05, 1.5534e-04,
        1.7705e-04, 8.6264e-05, 2.1744e-05, 3.9658e-05, 4.9786e-05, 1.9978e-06,
        2.4352e-05, 1.8841e-05, 3.0903e-05, 1.5070e-04, 5.3395e-07, 3.2522e-05,
        4.4998e-05, 6.3508e-05, 1.1038e-04, 1.0220e-04, 3.1030e-05, 2.2399e-05,
        3.9001e-05, 2.5524e-05, 8.7073e-05, 5.2148e-05, 7.0594e-05, 1.0505e-05,
        1.7687e-04, 2.6106e-05, 5.5383e-05, 8.5102e-05, 1.7876e-05, 2.5728e-05,
        2.0313e-05, 1.3376e-05, 1.0673e-05, 4.5967e-05, 1.0356e-04, 4.0792e-05,
        3.3431e-05, 3.1842e-05, 1.0105e-04, 4.0636e-05, 7.0548e-05, 1.1558e-05,
        1.8837e-05, 1.1784e-04, 3.0242e-05, 8.5461e-05, 7.8964e-05, 1.4832e-04,
        4.7683e-05, 4.7299e-05, 6.2116e-05, 3.9571e-05, 2.8262e-06, 6.6907e-05,
        9.7605e-06, 9.1895e-05, 1.1864e-05, 3.2708e-05, 2.7459e-05, 6.2757e-05,
        8.8839e-05, 3.8500e-05, 5.1390e-05, 4.1998e-05, 4.7854e-05, 2.0366e-05,
        4.7264e-05, 7.9407e-05, 1.2763e-04, 1.0706e-05, 3.0262e-06, 5.7197e-05,
        6.0371e-05, 4.2849e-05, 5.7680e-05, 1.8061e-04, 3.8735e-05, 2.4583e-05,
        5.5893e-05, 1.1159e-04, 5.4169e-05, 1.4647e-04, 4.6964e-05, 3.6719e-05,
        6.3802e-05, 5.8222e-05, 3.3427e-06, 8.5487e-07, 8.1836e-06, 1.1692e-04,
        3.0456e-05, 2.1216e-05, 4.9542e-05, 1.1705e-05, 1.8146e-05, 8.1381e-05,
        6.7659e-05, 4.4078e-05, 5.5934e-05, 5.0968e-05, 9.6675e-05],
       grad_fn=<CatBackward>)

mean_overall=tensor(5.7206e-05, grad_fn=<MeanBackward0>)

-----------------------------------------------ITERATION110-----------------------------------------------

final_causality=[[1, 1, 1, 1, 1, 1, 1, 1, 1, 1, 1, 1, 1], [1, 1, 1, 1, 1, 1, 1, 1, 1, 1, 1, 1, 1, 1, 1, 1, 1, 1, 1, 1, 1, 1, 1, 1, 1, 1, 1, 1, 1, 1, 1, 1, 1, 1, 1, 1, 1, 1, 1, 1, 1, 1, 1, 1, 1, 1, 1, 1, 1, 1], [1, 1, 1, 1, 1, 1, 1, 1, 1, 1, 1, 1, 1, 1, 1, 1, 1, 1, 1, 1, 1, 1, 1, 1, 1, 1, 1, 1, 1, 1, 1, 1, 1, 1, 1, 1, 1, 1, 1, 1, 1, 1, 1, 1, 1, 1, 1, 1, 1, 1]]

means=tensor([8.0491e-06, 1.3878e-17, 9.4893e-05, 1.3878e-17, 3.0520e-04, 1.3004e-05,
        8.0911e-05, 3.2779e-05, 6.9931e-05, 2.3601e-04, 2.4459e-05, 1.5560e-04,
        1.8274e-04, 8.5678e-05, 2.2276e-05, 3.9783e-05, 5.0175e-05, 2.4589e-06,
        2.4272e-05, 1.8450e-05, 3.1299e-05, 1.5076e-04, 1.0194e-06, 3.2732e-05,
        4.4870e-05, 6.3776e-05, 1.1088e-04, 1.0345e-04, 3.0823e-05, 2.2369e-05,
        3.9776e-05, 2.5378e-05, 8.7129e-05, 5.2100e-05, 7.0057e-05, 1.0615e-05,
        1.7696e-04, 2.5557e-05, 5.5273e-05, 8.5655e-05, 1.7852e-05, 2.6308e-05,
        2.0234e-05, 1.3181e-05, 1.0760e-05, 4.5591e-05, 1.0365e-04, 4.0962e-05,
        3.3695e-05, 3.1405e-05, 1.0159e-04, 4.0697e-05, 7.0013e-05, 1.1714e-05,
        1.8911e-05, 1.1750e-04, 3.0451e-05, 8.6090e-05, 7.8954e-05, 1.4834e-04,
        4.7647e-05, 4.7901e-05, 6.1824e-05, 3.9536e-05, 2.8586e-06, 6.7197e-05,
        9.7793e-06, 9.1227e-05, 1.1877e-05, 3.2810e-05, 2.6863e-05, 6.4141e-05,
        8.8827e-05, 3.8166e-05, 5.1419e-05, 4.2025e-05, 4.8179e-05, 2.0419e-05,
        4.7342e-05, 7.9550e-05, 1.2792e-04, 1.0639e-05, 3.0395e-06, 5.7018e-05,
        6.0406e-05, 4.2871e-05, 5.7686e-05, 1.7978e-04, 3.8308e-05, 2.4484e-05,
        5.5914e-05, 1.1155e-04, 5.4365e-05, 1.4677e-04, 4.7258e-05, 3.6770e-05,
        6.4311e-05, 5.8812e-05, 3.4291e-06, 8.3518e-07, 8.2005e-06, 1.1671e-04,
        3.0276e-05, 2.1180e-05, 4.9420e-05, 1.1688e-05, 1.8176e-05, 8.1742e-05,
        6.7813e-05, 4.3820e-05, 5.5438e-05, 5.1001e-05, 9.7005e-05],
       grad_fn=<CatBackward>)

mean_overall=tensor(5.7250e-05, grad_fn=<MeanBackward0>)

-----------------------------------------------ITERATION120-----------------------------------------------

final_causality=[[1, 1, 1, 1, 1, 1, 1, 1, 1, 1, 1, 1, 1], [1, 1, 1, 1, 1, 1, 1, 1, 1, 1, 1, 1, 1, 1, 1, 1, 1, 1, 1, 1, 1, 1, 1, 1, 1, 1, 1, 1, 1, 1, 1, 1, 1, 1, 1, 1, 1, 1, 1, 1, 1, 1, 1, 1, 1, 1, 1, 1, 1, 1], [1, 1, 1, 1, 1, 1, 1, 1, 1, 1, 1, 1, 1, 1, 1, 1, 1, 1, 1, 1, 1, 1, 1, 1, 1, 1, 1, 1, 1, 1, 1, 1, 1, 1, 1, 1, 1, 1, 1, 1, 1, 1, 1, 1, 1, 1, 1, 1, 1, 1]]

means=tensor([3.2355e-06, 0.0000e+00, 9.3543e-05, 0.0000e+00, 3.0547e-04, 1.3913e-05,
        8.0905e-05, 3.5535e-05, 6.8727e-05, 2.3950e-04, 2.4424e-05, 1.5533e-04,
        1.8862e-04, 8.5260e-05, 2.3038e-05, 3.9826e-05, 5.0831e-05, 2.7301e-06,
        2.4124e-05, 1.8147e-05, 3.1629e-05, 1.5069e-04, 1.3576e-06, 3.2848e-05,
        4.4947e-05, 6.3959e-05, 1.1131e-04, 1.0467e-04, 3.0735e-05, 2.2496e-05,
        4.0418e-05, 2.5297e-05, 8.7069e-05, 5.1932e-05, 6.9685e-05, 1.0642e-05,
        1.7685e-04, 2.5152e-05, 5.4946e-05, 8.6145e-05, 1.7737e-05, 2.6818e-05,
        2.0018e-05, 1.2882e-05, 1.0926e-05, 4.5295e-05, 1.0362e-04, 4.1216e-05,
        3.3908e-05, 3.1111e-05, 1.0237e-04, 4.0634e-05, 6.9658e-05, 1.1683e-05,
        1.8909e-05, 1.1707e-04, 3.0937e-05, 8.6702e-05, 7.9063e-05, 1.4862e-04,
        4.7485e-05, 4.8416e-05, 6.1410e-05, 3.9481e-05, 2.8678e-06, 6.7491e-05,
        9.7849e-06, 9.0507e-05, 1.1927e-05, 3.2898e-05, 2.6251e-05, 6.5667e-05,
        8.8865e-05, 3.7823e-05, 5.1427e-05, 4.2029e-05, 4.8580e-05, 2.0515e-05,
        4.7432e-05, 7.9683e-05, 1.2825e-04, 1.0590e-05, 3.0371e-06, 5.6791e-05,
        6.0420e-05, 4.2920e-05, 5.7745e-05, 1.7887e-04, 3.7874e-05, 2.4359e-05,
        5.5898e-05, 1.1155e-04, 5.4615e-05, 1.4710e-04, 4.7551e-05, 3.6793e-05,
        6.4851e-05, 5.9487e-05, 3.5336e-06, 8.3836e-07, 8.2004e-06, 1.1657e-04,
        3.0097e-05, 2.1188e-05, 4.9329e-05, 1.1693e-05, 1.8193e-05, 8.2112e-05,
        6.8025e-05, 4.3903e-05, 5.4939e-05, 5.1019e-05, 9.7344e-05],
       grad_fn=<CatBackward>)

mean_overall=tensor(5.7357e-05, grad_fn=<MeanBackward0>)

-----------------------------------------------ITERATION130-----------------------------------------------

final_causality=[[1, 1, 1, 1, 1, 1, 1, 1, 1, 1, 1, 1, 1], [1, 1, 1, 1, 1, 1, 1, 1, 1, 1, 1, 1, 1, 1, 1, 1, 1, 1, 1, 1, 1, 1, 1, 1, 1, 1, 1, 1, 1, 1, 1, 1, 1, 1, 1, 1, 1, 1, 1, 1, 1, 1, 1, 1, 1, 1, 1, 1, 1, 1], [1, 1, 1, 1, 1, 1, 1, 1, 1, 1, 1, 1, 1, 1, 1, 1, 1, 1, 1, 1, 1, 1, 1, 1, 1, 1, 1, 1, 1, 1, 1, 1, 1, 1, 1, 1, 1, 1, 1, 1, 1, 1, 1, 1, 1, 1, 1, 1, 1, 1]]

means=tensor([6.2422e-06, 1.3878e-17, 9.2119e-05, 1.3878e-17, 3.0575e-04, 1.4853e-05,
        8.0887e-05, 3.8394e-05, 6.7444e-05, 2.4317e-04, 2.4383e-05, 1.5501e-04,
        1.9477e-04, 8.4846e-05, 2.3850e-05, 3.9868e-05, 5.1534e-05, 3.0031e-06,
        2.3968e-05, 1.7839e-05, 3.1971e-05, 1.5062e-04, 1.7022e-06, 3.2967e-05,
        4.5041e-05, 6.4147e-05, 1.1175e-04, 1.0594e-04, 3.0651e-05, 2.2638e-05,
        4.1089e-05, 2.5218e-05, 8.7004e-05, 5.1754e-05, 6.9312e-05, 1.0667e-05,
        1.7673e-04, 2.4741e-05, 5.4600e-05, 8.6652e-05, 1.7614e-05, 2.7355e-05,
        1.9791e-05, 1.2568e-05, 1.1107e-05, 4.4994e-05, 1.0359e-04, 4.1486e-05,
        3.4128e-05, 3.0818e-05, 1.0320e-04, 4.0565e-05, 6.9303e-05, 1.1642e-05,
        1.8903e-05, 1.1662e-04, 3.1462e-05, 8.7339e-05, 7.9184e-05, 1.4893e-04,
        4.7312e-05, 4.8951e-05, 6.0977e-05, 3.9469e-05, 2.8763e-06, 6.7793e-05,
        9.7898e-06, 8.9906e-05, 1.1980e-05, 3.2988e-05, 2.6047e-05, 6.7256e-05,
        8.8906e-05, 3.7466e-05, 5.1435e-05, 4.2032e-05, 4.9002e-05, 2.0617e-05,
        4.7526e-05, 7.9821e-05, 1.2861e-04, 1.0541e-05, 3.0338e-06, 5.6552e-05,
        6.0433e-05, 4.2973e-05, 5.7809e-05, 1.7792e-04, 3.7424e-05, 2.4227e-05,
        5.5878e-05, 1.1155e-04, 5.4880e-05, 1.4745e-04, 4.7857e-05, 3.6817e-05,
        6.5411e-05, 6.0190e-05, 3.6432e-06, 8.4347e-07, 8.1990e-06, 1.1643e-04,
        2.9912e-05, 2.1199e-05, 4.9237e-05, 1.1700e-05, 1.8211e-05, 8.2497e-05,
        6.8248e-05, 4.4029e-05, 5.4424e-05, 5.1038e-05, 9.7703e-05],
       grad_fn=<CatBackward>)

mean_overall=tensor(5.7546e-05, grad_fn=<MeanBackward0>)

-----------------------------------------------ITERATION140-----------------------------------------------

final_causality=[[1, 1, 1, 1, 1, 1, 1, 1, 1, 1, 1, 1, 1], [1, 1, 1, 1, 1, 1, 1, 1, 1, 1, 1, 1, 1, 1, 1, 1, 1, 1, 1, 1, 1, 1, 1, 1, 1, 1, 1, 1, 1, 1, 1, 1, 1, 1, 1, 1, 1, 1, 1, 1, 1, 1, 1, 1, 1, 1, 1, 1, 1, 1], [1, 1, 1, 1, 1, 1, 1, 1, 1, 1, 1, 1, 1, 1, 1, 1, 1, 1, 1, 1, 1, 1, 1, 1, 1, 1, 1, 1, 1, 1, 1, 1, 1, 1, 1, 1, 1, 1, 1, 1, 1, 1, 1, 1, 1, 1, 1, 1, 1, 1]]

means=tensor([2.1434e-05, 0.0000e+00, 9.0736e-05, 0.0000e+00, 3.0615e-04, 1.5896e-05,
        8.0975e-05, 4.1466e-05, 6.6391e-05, 2.4686e-04, 2.4419e-05, 1.5490e-04,
        2.0122e-04, 8.4363e-05, 2.4625e-05, 4.0070e-05, 5.2176e-05, 3.3698e-06,
        2.3832e-05, 1.7483e-05, 3.2365e-05, 1.5059e-04, 2.1270e-06, 3.3133e-05,
        4.5061e-05, 6.4383e-05, 1.1225e-04, 1.0731e-04, 3.0516e-05, 2.2727e-05,
        4.1868e-05, 2.5111e-05, 8.6988e-05, 5.1616e-05, 6.8861e-05, 1.0733e-05,
        1.7669e-04, 2.4256e-05, 5.4330e-05, 8.7214e-05, 1.7525e-05, 2.7965e-05,
        1.9613e-05, 1.2282e-05, 1.1268e-05, 4.4650e-05, 1.0361e-04, 4.1735e-05,
        3.4386e-05, 3.0457e-05, 1.0399e-04, 4.0546e-05, 6.8862e-05, 1.1677e-05,
        1.8996e-05, 1.1619e-04, 3.1909e-05, 8.8023e-05, 7.9267e-05, 1.4916e-04,
        4.7184e-05, 4.9559e-05, 6.0573e-05, 3.9468e-05, 2.8949e-06, 6.8106e-05,
        9.8002e-06, 8.9299e-05, 1.2022e-05, 3.3089e-05, 2.6078e-05, 6.8870e-05,
        8.8928e-05, 3.7096e-05, 5.1452e-05, 4.2045e-05, 4.9417e-05, 2.0708e-05,
        4.7618e-05, 7.9972e-05, 1.2898e-04, 1.0482e-05, 3.0365e-06, 5.6321e-05,
        6.0455e-05, 4.3017e-05, 5.7855e-05, 1.7697e-04, 3.6956e-05, 2.4100e-05,
        5.5874e-05, 1.1154e-04, 5.5138e-05, 1.4782e-04, 4.8179e-05, 3.6851e-05,
        6.5988e-05, 6.0894e-05, 3.7513e-06, 8.4244e-07, 8.2038e-06, 1.1625e-04,
        2.9718e-05, 2.1192e-05, 4.9127e-05, 1.1698e-05, 1.8257e-05, 8.2902e-05,
        6.8463e-05, 4.4230e-05, 5.3885e-05, 5.1063e-05, 9.8086e-05],
       grad_fn=<CatBackward>)

mean_overall=tensor(5.7867e-05, grad_fn=<MeanBackward0>)

-----------------------------------------------ITERATION150-----------------------------------------------

final_causality=[[1, 1, 1, 1, 1, 1, 1, 1, 1, 1, 1, 1, 1], [1, 1, 1, 1, 1, 1, 1, 1, 1, 1, 1, 1, 1, 1, 1, 1, 1, 1, 1, 1, 1, 1, 1, 1, 1, 1, 1, 1, 1, 1, 1, 1, 1, 1, 1, 1, 1, 1, 1, 1, 1, 1, 1, 1, 1, 1, 1, 1, 1, 1], [1, 1, 1, 1, 1, 1, 1, 1, 1, 1, 1, 1, 1, 1, 1, 1, 1, 1, 1, 1, 1, 1, 1, 1, 1, 1, 1, 1, 1, 1, 1, 1, 1, 1, 1, 1, 1, 1, 1, 1, 1, 1, 1, 1, 1, 1, 1, 1, 1, 1]]

means=tensor([3.7156e-05, 0.0000e+00, 8.9215e-05, 0.0000e+00, 3.0648e-04, 1.6925e-05,
        8.0982e-05, 4.4565e-05, 6.5083e-05, 2.5081e-04, 2.4399e-05, 1.5460e-04,
        2.0790e-04, 8.3930e-05, 2.5503e-05, 4.0363e-05, 5.2929e-05, 3.6823e-06,
        2.3672e-05, 1.7151e-05, 3.2749e-05, 1.5052e-04, 2.5129e-06, 3.3275e-05,
        4.5153e-05, 6.4599e-05, 1.1274e-04, 1.0871e-04, 3.0420e-05, 2.2872e-05,
        4.2630e-05, 2.5025e-05, 8.6937e-05, 5.1438e-05, 6.8459e-05, 1.0774e-05,
        1.7658e-04, 2.3811e-05, 5.3987e-05, 8.7768e-05, 1.7405e-05, 2.8574e-05,
        1.9390e-05, 1.1957e-05, 1.1463e-05, 4.4328e-05, 1.0359e-04, 4.2018e-05,
        3.4634e-05, 3.0139e-05, 1.0488e-04, 4.0488e-05, 6.8475e-05, 1.1651e-05,
        1.9148e-05, 1.1572e-04, 3.2465e-05, 8.8718e-05, 7.9394e-05, 1.4948e-04,
        4.7014e-05, 5.0154e-05, 6.0123e-05, 3.9457e-05, 2.9062e-06, 6.8425e-05,
        9.8063e-06, 8.8667e-05, 1.2077e-05, 3.3188e-05, 2.6116e-05, 7.0565e-05,
        8.8965e-05, 3.6715e-05, 5.1462e-05, 4.2050e-05, 4.9868e-05, 2.0816e-05,
        4.7764e-05, 8.0122e-05, 1.2938e-04, 1.0427e-05, 3.0340e-06, 5.6070e-05,
        6.0470e-05, 4.3072e-05, 5.7919e-05, 1.7597e-04, 3.6476e-05, 2.3961e-05,
        5.5856e-05, 1.1154e-04, 5.5421e-05, 1.4822e-04, 4.8509e-05, 3.6878e-05,
        6.6585e-05, 6.1640e-05, 3.8680e-06, 8.4685e-07, 8.2027e-06, 1.1609e-04,
        2.9520e-05, 2.1200e-05, 4.9025e-05, 1.1703e-05, 1.8433e-05, 8.3319e-05,
        6.8703e-05, 4.4610e-05, 5.3336e-05, 5.1085e-05, 9.8485e-05],
       grad_fn=<CatBackward>)

mean_overall=tensor(5.8198e-05, grad_fn=<MeanBackward0>)

-----------------------------------------------ITERATION160-----------------------------------------------

final_causality=[[1, 1, 1, 1, 1, 1, 1, 1, 1, 1, 1, 1, 1], [1, 1, 1, 1, 1, 1, 1, 1, 1, 1, 1, 1, 1, 1, 1, 1, 1, 1, 1, 1, 1, 1, 1, 1, 1, 1, 1, 1, 1, 1, 1, 1, 1, 1, 1, 1, 1, 1, 1, 1, 1, 1, 1, 1, 1, 1, 1, 1, 1, 1], [1, 1, 1, 1, 1, 1, 1, 1, 1, 1, 1, 1, 1, 1, 1, 1, 1, 1, 1, 1, 1, 1, 1, 1, 1, 1, 1, 1, 1, 1, 1, 1, 1, 1, 1, 1, 1, 1, 1, 1, 1, 1, 1, 1, 1, 1, 1, 1, 1, 1]]

means=tensor([5.3355e-05, 1.3878e-17, 8.7678e-05, 1.3878e-17, 3.0688e-04, 1.8016e-05,
        8.1033e-05, 4.7812e-05, 6.3847e-05, 2.5486e-04, 2.4413e-05, 1.5439e-04,
        2.1486e-04, 8.3458e-05, 2.6390e-05, 4.0681e-05, 5.3677e-05, 4.0389e-06,
        2.3548e-05, 1.6796e-05, 3.3164e-05, 1.5048e-04, 2.9389e-06, 3.3440e-05,
        4.5219e-05, 6.4840e-05, 1.1327e-04, 1.1019e-04, 3.0302e-05, 2.3000e-05,
        4.3460e-05, 2.4928e-05, 8.6907e-05, 5.1273e-05, 6.8024e-05, 1.0834e-05,
        1.7652e-04, 2.3330e-05, 5.3672e-05, 8.8355e-05, 1.7298e-05, 2.9234e-05,
        1.9186e-05, 1.1639e-05, 1.1657e-05, 4.3985e-05, 1.0359e-04, 4.2299e-05,
        3.4904e-05, 2.9792e-05, 1.0577e-04, 4.0450e-05, 6.8050e-05, 1.1656e-05,
        1.9316e-05, 1.1525e-04, 3.3005e-05, 8.9448e-05, 7.9509e-05, 1.4978e-04,
        4.6861e-05, 5.0795e-05, 5.9679e-05, 3.9451e-05, 2.9219e-06, 6.8752e-05,
        9.8146e-06, 8.8026e-05, 1.2129e-05, 3.3293e-05, 2.6155e-05, 7.2300e-05,
        8.8995e-05, 3.6323e-05, 5.1476e-05, 4.2059e-05, 5.0326e-05, 2.0922e-05,
        4.8207e-05, 8.0281e-05, 1.2980e-04, 1.0367e-05, 3.0339e-06, 5.5817e-05,
        6.0489e-05, 4.3124e-05, 5.7977e-05, 1.7495e-04, 3.5982e-05, 2.3822e-05,
        5.5844e-05, 1.1153e-04, 5.5707e-05, 1.4864e-04, 4.8852e-05, 3.6909e-05,
        6.7198e-05, 6.2397e-05, 3.9863e-06, 8.4896e-07, 8.2036e-06, 1.1591e-04,
        2.9316e-05, 2.1201e-05, 4.8914e-05, 1.1705e-05, 1.8618e-05, 8.3753e-05,
        6.8945e-05, 4.4997e-05, 5.2769e-05, 5.1109e-05, 9.8908e-05],
       grad_fn=<CatBackward>)

mean_overall=tensor(5.8549e-05, grad_fn=<MeanBackward0>)

-----------------------------------------------ITERATION170-----------------------------------------------

final_causality=[[1, 1, 1, 1, 1, 1, 1, 1, 1, 1, 1, 1, 1], [1, 1, 1, 1, 1, 1, 1, 1, 1, 1, 1, 1, 1, 1, 1, 1, 1, 1, 1, 1, 1, 1, 1, 1, 1, 1, 1, 1, 1, 1, 1, 1, 1, 1, 1, 1, 1, 1, 1, 1, 1, 1, 1, 1, 1, 1, 1, 1, 1, 1], [1, 1, 1, 1, 1, 1, 1, 1, 1, 1, 1, 1, 1, 1, 1, 1, 1, 1, 1, 1, 1, 1, 1, 1, 1, 1, 1, 1, 1, 1, 1, 1, 1, 1, 1, 1, 1, 1, 1, 1, 1, 1, 1, 1, 1, 1, 1, 1, 1, 1]]

means=tensor([7.0031e-05, 1.3878e-17, 8.6076e-05, 1.3878e-17, 3.0729e-04, 1.9137e-05,
        8.1078e-05, 5.1154e-05, 6.2555e-05, 2.5907e-04, 2.4425e-05, 1.5414e-04,
        2.2206e-04, 8.2984e-05, 2.7326e-05, 4.1010e-05, 5.4468e-05, 4.3997e-06,
        2.3418e-05, 1.6438e-05, 3.3593e-05, 1.5043e-04, 3.3730e-06, 3.3609e-05,
        4.5300e-05, 6.5089e-05, 1.1382e-04, 1.1173e-04, 3.0188e-05, 2.3141e-05,
        4.4325e-05, 2.4833e-05, 8.6876e-05, 5.1101e-05, 6.7590e-05, 1.0896e-05,
        1.7645e-04, 2.2846e-05, 5.3346e-05, 8.8959e-05, 1.7186e-05, 2.9925e-05,
        1.8976e-05, 1.1310e-05, 1.1863e-05, 4.3640e-05, 1.0359e-04, 4.2592e-05,
        3.5182e-05, 2.9447e-05, 1.0671e-04, 4.0410e-05, 6.7624e-05, 1.1654e-05,
        1.9485e-05, 1.1477e-04, 3.3578e-05, 9.0202e-05, 7.9634e-05, 1.5010e-04,
        4.6701e-05, 5.1458e-05, 5.9221e-05, 3.9444e-05, 2.9373e-06, 6.9084e-05,
        9.8225e-06, 8.7370e-05, 1.2183e-05, 3.3400e-05, 2.6198e-05, 7.4087e-05,
        8.9026e-05, 3.5921e-05, 5.1490e-05, 4.2068e-05, 5.0801e-05, 2.1033e-05,
        4.8661e-05, 8.0443e-05, 1.3025e-04, 1.0306e-05, 3.0331e-06, 5.5879e-05,
        6.0508e-05, 4.3178e-05, 5.8039e-05, 1.7390e-04, 3.5476e-05, 2.3794e-05,
        5.5831e-05, 1.1153e-04, 5.6006e-05, 1.4908e-04, 4.9206e-05, 3.6940e-05,
        6.7828e-05, 6.3178e-05, 4.1089e-06, 8.5189e-07, 8.2033e-06, 1.1573e-04,
        2.9107e-05, 2.1204e-05, 4.8801e-05, 1.1708e-05, 1.8809e-05, 8.4200e-05,
        6.9198e-05, 4.5397e-05, 5.2188e-05, 5.1133e-05, 9.9350e-05],
       grad_fn=<CatBackward>)

mean_overall=tensor(5.8918e-05, grad_fn=<MeanBackward0>)

-----------------------------------------------ITERATION180-----------------------------------------------

final_causality=[[1, 1, 1, 1, 1, 1, 1, 1, 1, 1, 1, 1, 1], [1, 1, 1, 1, 1, 1, 1, 1, 1, 1, 1, 1, 1, 1, 1, 1, 1, 1, 1, 1, 1, 1, 1, 1, 1, 1, 1, 1, 1, 1, 1, 1, 1, 1, 1, 1, 1, 1, 1, 1, 1, 1, 1, 1, 1, 1, 1, 1, 1, 1], [1, 1, 1, 1, 1, 1, 1, 1, 1, 1, 1, 1, 1, 1, 1, 1, 1, 1, 1, 1, 1, 1, 1, 1, 1, 1, 1, 1, 1, 1, 1, 1, 1, 1, 1, 1, 1, 1, 1, 1, 1, 1, 1, 1, 1, 1, 1, 1, 1, 1]]

means=tensor([8.7167e-05, 0.0000e+00, 8.4415e-05, 0.0000e+00, 3.0771e-04, 2.0291e-05,
        8.1122e-05, 5.4595e-05, 6.1220e-05, 2.6343e-04, 2.4440e-05, 1.5388e-04,
        2.2951e-04, 8.2507e-05, 2.8305e-05, 4.1351e-05, 5.5296e-05, 4.7680e-06,
        2.3285e-05, 1.6075e-05, 3.4080e-05, 1.5038e-04, 3.8176e-06, 3.3785e-05,
        4.5392e-05, 6.5346e-05, 1.1438e-04, 1.1332e-04, 3.0075e-05, 2.3291e-05,
        4.5228e-05, 2.4740e-05, 8.6847e-05, 5.0924e-05, 6.7155e-05, 1.0962e-05,
        1.7638e-04, 2.2357e-05, 5.3012e-05, 8.9581e-05, 1.7071e-05, 3.0650e-05,
        1.8763e-05, 1.0973e-05, 1.2081e-05, 4.3292e-05, 1.0358e-04, 4.2895e-05,
        3.5472e-05, 2.9100e-05, 1.0768e-04, 4.0370e-05, 6.7196e-05, 1.1651e-05,
        1.9657e-05, 1.1427e-04, 3.4181e-05, 9.0981e-05, 7.9908e-05, 1.5044e-04,
        4.6538e-05, 5.2145e-05, 5.8752e-05, 3.9437e-05, 2.9528e-06, 6.9423e-05,
        9.8301e-06, 8.6700e-05, 1.2241e-05, 3.3510e-05, 2.6245e-05, 7.5925e-05,
        8.9057e-05, 3.5508e-05, 5.1503e-05, 4.2076e-05, 5.1293e-05, 2.1150e-05,
        4.9127e-05, 8.0611e-05, 1.3072e-04, 1.0244e-05, 3.0318e-06, 5.6593e-05,
        6.0526e-05, 4.3235e-05, 5.8103e-05, 1.7283e-04, 3.4958e-05, 2.3810e-05,
        5.5816e-05, 1.1153e-04, 5.6315e-05, 1.4955e-04, 4.9570e-05, 3.6971e-05,
        6.8475e-05, 6.3978e-05, 4.2354e-06, 8.5538e-07, 8.2020e-06, 1.1554e-04,
        2.8893e-05, 2.1208e-05, 4.8686e-05, 1.1712e-05, 1.9006e-05, 8.4663e-05,
        6.9461e-05, 4.5810e-05, 5.1593e-05, 5.1157e-05, 9.9813e-05],
       grad_fn=<CatBackward>)

mean_overall=tensor(5.9308e-05, grad_fn=<MeanBackward0>)

-----------------------------------------------ITERATION190-----------------------------------------------

final_causality=[[1, 1, 1, 1, 1, 1, 1, 1, 1, 1, 1, 1, 1], [1, 1, 1, 1, 1, 1, 1, 1, 1, 1, 1, 1, 1, 1, 1, 1, 1, 1, 1, 1, 1, 1, 1, 1, 1, 1, 1, 1, 1, 1, 1, 1, 1, 1, 1, 1, 1, 1, 1, 1, 1, 1, 1, 1, 1, 1, 1, 1, 1, 1], [1, 1, 1, 1, 1, 1, 1, 1, 1, 1, 1, 1, 1, 1, 1, 1, 1, 1, 1, 1, 1, 1, 1, 1, 1, 1, 1, 1, 1, 1, 1, 1, 1, 1, 1, 1, 1, 1, 1, 1, 1, 1, 1, 1, 1, 1, 1, 1, 1, 1]]

means=tensor([1.0475e-04, 1.3878e-17, 8.2707e-05, 1.3878e-17, 3.0816e-04, 2.1484e-05,
        8.1177e-05, 5.8146e-05, 5.9879e-05, 2.6792e-04, 2.4466e-05, 1.5363e-04,
        2.3721e-04, 8.2018e-05, 2.9321e-05, 4.1708e-05, 5.6151e-05, 5.1537e-06,
        2.3152e-05, 1.5704e-05, 3.4731e-05, 1.5033e-04, 4.2809e-06, 3.3972e-05,
        4.5485e-05, 6.5616e-05, 1.1497e-04, 1.1498e-04, 2.9957e-05, 2.3445e-05,
        4.6179e-05, 2.4645e-05, 8.6825e-05, 5.0747e-05, 6.6713e-05, 1.1036e-05,
        1.7632e-04, 2.1856e-05, 5.2683e-05, 9.0224e-05, 1.6959e-05, 3.1415e-05,
        1.8553e-05, 1.0632e-05, 1.2307e-05, 4.2937e-05, 1.0359e-04, 4.3205e-05,
        3.5775e-05, 2.8747e-05, 1.0869e-04, 4.0336e-05, 6.6757e-05, 1.1654e-05,
        1.9836e-05, 1.1383e-04, 3.4801e-05, 9.1788e-05, 8.0270e-05, 1.5079e-04,
        4.6377e-05, 5.2863e-05, 5.8278e-05, 3.9430e-05, 2.9696e-06, 6.9766e-05,
        9.8382e-06, 8.6020e-05, 1.2299e-05, 3.3624e-05, 2.6295e-05, 7.7808e-05,
        8.9087e-05, 3.5086e-05, 5.1518e-05, 4.2101e-05, 5.1798e-05, 2.1269e-05,
        4.9603e-05, 8.0783e-05, 1.3122e-04, 1.0179e-05, 3.0308e-06, 5.7327e-05,
        6.0546e-05, 4.3292e-05, 5.8167e-05, 1.7173e-04, 3.4428e-05, 2.3827e-05,
        5.5802e-05, 1.1152e-04, 5.6634e-05, 1.5005e-04, 4.9945e-05, 3.7003e-05,
        6.9136e-05, 6.4796e-05, 4.3649e-06, 8.5863e-07, 8.2004e-06, 1.1534e-04,
        2.8675e-05, 2.1211e-05, 4.8566e-05, 1.1715e-05, 1.9210e-05, 8.5140e-05,
        6.9733e-05, 4.6233e-05, 5.0984e-05, 5.1183e-05, 1.0030e-04],
       grad_fn=<CatBackward>)

mean_overall=tensor(5.9715e-05, grad_fn=<MeanBackward0>)

-----------------------------------------------ITERATION200-----------------------------------------------

final_causality=[[1, 1, 1, 1, 1, 1, 1, 1, 1, 1, 1, 1, 1], [1, 1, 1, 1, 1, 1, 1, 1, 1, 1, 1, 1, 1, 1, 1, 1, 1, 1, 1, 1, 1, 1, 1, 1, 1, 1, 1, 1, 1, 1, 1, 1, 1, 1, 1, 1, 1, 1, 1, 1, 1, 1, 1, 1, 1, 1, 1, 1, 1, 1], [1, 1, 1, 1, 1, 1, 1, 1, 1, 1, 1, 1, 1, 1, 1, 1, 1, 1, 1, 1, 1, 1, 1, 1, 1, 1, 1, 1, 1, 1, 1, 1, 1, 1, 1, 1, 1, 1, 1, 1, 1, 1, 1, 1, 1, 1, 1, 1, 1, 1]]

means=tensor([1.2278e-04, 0.0000e+00, 8.0939e-05, 0.0000e+00, 3.0863e-04, 2.2708e-05,
        8.1229e-05, 6.1792e-05, 5.8494e-05, 2.7257e-04, 2.4493e-05, 1.5336e-04,
        2.4516e-04, 8.1528e-05, 3.0384e-05, 4.2076e-05, 5.7045e-05, 5.5452e-06,
        2.3015e-05, 1.5330e-05, 3.5407e-05, 1.5028e-04, 4.7534e-06, 3.4166e-05,
        4.5590e-05, 6.5895e-05, 1.1558e-04, 1.1670e-04, 2.9842e-05, 2.3619e-05,
        4.7169e-05, 2.4551e-05, 8.6804e-05, 5.0565e-05, 6.6273e-05, 1.1113e-05,
        1.7626e-04, 2.1351e-05, 5.2347e-05, 9.0883e-05, 1.6845e-05, 3.2215e-05,
        1.8341e-05, 1.0284e-05, 1.2546e-05, 4.2581e-05, 1.0359e-04, 4.3525e-05,
        3.6088e-05, 2.8395e-05, 1.0974e-04, 4.0325e-05, 6.6319e-05, 1.1654e-05,
        2.0016e-05, 1.1362e-04, 3.5453e-05, 9.2620e-05, 8.0649e-05, 1.5116e-04,
        4.6212e-05, 5.3604e-05, 5.7793e-05, 3.9423e-05, 2.9864e-06, 7.0115e-05,
        9.8459e-06, 8.5327e-05, 1.2359e-05, 3.3740e-05, 2.6349e-05, 7.9740e-05,
        8.9116e-05, 3.4709e-05, 5.1532e-05, 4.2129e-05, 5.2320e-05, 2.1394e-05,
        5.0089e-05, 8.0960e-05, 1.3175e-04, 1.0113e-05, 3.0293e-06, 5.8078e-05,
        6.0565e-05, 4.3351e-05, 5.8233e-05, 1.7062e-04, 3.3887e-05, 2.3845e-05,
        5.5786e-05, 1.1152e-04, 5.6963e-05, 1.5057e-04, 5.0329e-05, 3.7034e-05,
        6.9812e-05, 6.5634e-05, 4.4983e-06, 8.6257e-07, 8.1976e-06, 1.1514e-04,
        2.8452e-05, 2.1215e-05, 4.8443e-05, 1.1718e-05, 1.9420e-05, 8.5631e-05,
        7.0014e-05, 4.6668e-05, 5.0363e-05, 5.1208e-05, 1.0081e-04],
       grad_fn=<CatBackward>)

mean_overall=tensor(6.0139e-05, grad_fn=<MeanBackward0>)

-----------------------------------------------ITERATION210-----------------------------------------------

final_causality=[[1, 1, 1, 1, 1, 1, 1, 1, 1, 1, 1, 1, 1], [1, 1, 1, 1, 1, 1, 1, 1, 1, 1, 1, 1, 1, 1, 1, 1, 1, 1, 1, 1, 1, 1, 1, 1, 1, 1, 1, 1, 1, 1, 1, 1, 1, 1, 1, 1, 1, 1, 1, 1, 1, 1, 1, 1, 1, 1, 1, 1, 1, 1], [1, 1, 1, 1, 1, 1, 1, 1, 1, 1, 1, 1, 1, 1, 1, 1, 1, 1, 1, 1, 1, 1, 1, 1, 1, 1, 1, 1, 1, 1, 1, 1, 1, 1, 1, 1, 1, 1, 1, 1, 1, 1, 1, 1, 1, 1, 1, 1, 1, 1]]

means=tensor([1.4124e-04, 0.0000e+00, 7.9121e-05, 0.0000e+00, 3.0912e-04, 2.3969e-05,
        8.1290e-05, 6.5542e-05, 5.7096e-05, 2.7735e-04, 2.4531e-05, 1.5309e-04,
        2.5336e-04, 8.1031e-05, 3.1487e-05, 4.2460e-05, 5.7970e-05, 5.9505e-06,
        2.2877e-05, 1.4950e-05, 3.6111e-05, 1.5024e-04, 5.2418e-06, 3.4369e-05,
        4.5701e-05, 6.6450e-05, 1.1621e-04, 1.1848e-04, 2.9725e-05, 2.3839e-05,
        4.8207e-05, 2.4458e-05, 8.6790e-05, 5.0382e-05, 6.5829e-05, 1.1198e-05,
        1.7622e-04, 2.0838e-05, 5.2014e-05, 9.1562e-05, 1.6731e-05, 3.3056e-05,
        1.8132e-05, 9.9312e-06, 1.2795e-05, 4.2221e-05, 1.0360e-04, 4.3853e-05,
        3.6415e-05, 2.8039e-05, 1.1082e-04, 4.0356e-05, 6.5874e-05, 1.1658e-05,
        2.0202e-05, 1.1341e-04, 3.6127e-05, 9.3478e-05, 8.1040e-05, 1.5154e-04,
        4.6049e-05, 5.4375e-05, 5.7303e-05, 3.9417e-05, 3.0041e-06, 7.0468e-05,
        9.8538e-06, 8.4625e-05, 1.2421e-05, 3.3859e-05, 2.6406e-05, 8.1714e-05,
        8.9144e-05, 3.4407e-05, 5.1547e-05, 4.2158e-05, 5.2856e-05, 2.1522e-05,
        5.0585e-05, 8.1140e-05, 1.3230e-04, 1.0049e-05, 3.0279e-06, 5.8846e-05,
        6.0584e-05, 4.3411e-05, 5.8301e-05, 1.6948e-04, 3.3336e-05, 2.3886e-05,
        5.5771e-05, 1.1152e-04, 5.7432e-05, 1.5112e-04, 5.0724e-05, 3.7066e-05,
        7.0502e-05, 6.6488e-05, 4.6349e-06, 8.6656e-07, 8.1941e-06, 1.1493e-04,
        2.8225e-05, 2.1218e-05, 4.8317e-05, 1.1722e-05, 1.9650e-05, 8.6136e-05,
        7.0305e-05, 4.7114e-05, 4.9728e-05, 5.1234e-05, 1.0134e-04],
       grad_fn=<CatBackward>)

mean_overall=tensor(6.0583e-05, grad_fn=<MeanBackward0>)

-----------------------------------------------ITERATION220-----------------------------------------------

final_causality=[[1, 1, 1, 1, 1, 1, 1, 1, 1, 1, 1, 1, 1], [1, 1, 1, 1, 1, 1, 1, 1, 1, 1, 1, 1, 1, 1, 1, 1, 1, 1, 1, 1, 1, 1, 1, 1, 1, 1, 1, 1, 1, 1, 1, 1, 1, 1, 1, 1, 1, 1, 1, 1, 1, 1, 1, 1, 1, 1, 1, 1, 1, 1], [1, 1, 1, 1, 1, 1, 1, 1, 1, 1, 1, 1, 1, 1, 1, 1, 1, 1, 1, 1, 1, 1, 1, 1, 1, 1, 1, 1, 1, 1, 1, 1, 1, 1, 1, 1, 1, 1, 1, 1, 1, 1, 1, 1, 1, 1, 1, 1, 1, 1]]

means=tensor([1.6014e-04, 0.0000e+00, 7.7247e-05, 0.0000e+00, 3.0964e-04, 2.5263e-05,
        8.1352e-05, 6.9390e-05, 5.5669e-05, 2.8227e-04, 2.4574e-05, 1.5281e-04,
        2.6180e-04, 8.0532e-05, 3.2637e-05, 4.2858e-05, 5.8933e-05, 6.3648e-06,
        2.2737e-05, 1.4567e-05, 3.6843e-05, 1.5020e-04, 5.7422e-06, 3.4580e-05,
        4.5821e-05, 6.7049e-05, 1.1686e-04, 1.2032e-04, 2.9609e-05, 2.4070e-05,
        4.9290e-05, 2.4366e-05, 8.6780e-05, 5.0196e-05, 6.5387e-05, 1.1337e-05,
        1.7617e-04, 2.0322e-05, 5.1678e-05, 9.2259e-05, 1.6617e-05, 3.3937e-05,
        1.7923e-05, 9.5729e-06, 1.3057e-05, 4.1859e-05, 1.0361e-04, 4.4190e-05,
        3.6753e-05, 2.7684e-05, 1.1193e-04, 4.0391e-05, 6.5427e-05, 1.1662e-05,
        2.0392e-05, 1.1320e-04, 3.6829e-05, 9.4361e-05, 8.1447e-05, 1.5194e-04,
        4.5885e-05, 5.5172e-05, 5.6805e-05, 3.9411e-05, 3.0223e-06, 7.0825e-05,
        9.8617e-06, 8.3913e-05, 1.2485e-05, 3.3981e-05, 2.6468e-05, 8.3734e-05,
        8.9172e-05, 3.4099e-05, 5.1563e-05, 4.2187e-05, 5.3408e-05, 2.1656e-05,
        5.1090e-05, 8.1324e-05, 1.3288e-04, 9.9922e-06, 3.0262e-06, 5.9631e-05,
        6.0603e-05, 4.3473e-05, 5.8370e-05, 1.6832e-04, 3.2774e-05, 2.3990e-05,
        5.5755e-05, 1.1152e-04, 5.7934e-05, 1.5169e-04, 5.1129e-05, 3.7098e-05,
        7.1205e-05, 6.7360e-05, 4.7750e-06, 8.7097e-07, 8.1895e-06, 1.1472e-04,
        2.7995e-05, 2.1222e-05, 4.8188e-05, 1.1726e-05, 1.9891e-05, 8.6656e-05,
        7.0606e-05, 4.7571e-05, 4.9081e-05, 5.1261e-05, 1.0189e-04],
       grad_fn=<CatBackward>)

mean_overall=tensor(6.1043e-05, grad_fn=<MeanBackward0>)

-----------------------------------------------ITERATION230-----------------------------------------------

final_causality=[[1, 1, 1, 1, 1, 1, 1, 1, 1, 1, 1, 1, 1], [1, 1, 1, 1, 1, 1, 1, 1, 1, 1, 1, 1, 1, 1, 1, 1, 1, 1, 1, 1, 1, 1, 1, 1, 1, 1, 1, 1, 1, 1, 1, 1, 1, 1, 1, 1, 1, 1, 1, 1, 1, 1, 1, 1, 1, 1, 1, 1, 1, 1], [1, 1, 1, 1, 1, 1, 1, 1, 1, 1, 1, 1, 1, 1, 1, 1, 1, 1, 1, 1, 1, 1, 1, 1, 1, 1, 1, 1, 1, 1, 1, 1, 1, 1, 1, 1, 1, 1, 1, 1, 1, 1, 1, 1, 1, 1, 1, 1, 1, 1]]

means=tensor([1.7946e-04, 0.0000e+00, 7.5319e-05, 0.0000e+00, 3.1018e-04, 2.6590e-05,
        8.1419e-05, 7.3340e-05, 5.4224e-05, 2.8734e-04, 2.4625e-05, 1.5252e-04,
        2.7050e-04, 8.0029e-05, 3.3831e-05, 4.3270e-05, 5.9929e-05, 6.7900e-06,
        2.2596e-05, 1.4181e-05, 3.7602e-05, 1.5016e-04, 6.2565e-06, 3.4801e-05,
        4.5948e-05, 6.7668e-05, 1.1754e-04, 1.2222e-04, 2.9493e-05, 2.4310e-05,
        5.0420e-05, 2.4276e-05, 8.6775e-05, 5.0008e-05, 6.4944e-05, 1.1501e-05,
        1.7614e-04, 1.9800e-05, 5.1344e-05, 9.2974e-05, 1.6504e-05, 3.4859e-05,
        1.7716e-05, 9.2101e-06, 1.3330e-05, 4.1495e-05, 1.0363e-04, 4.4535e-05,
        3.7104e-05, 2.7328e-05, 1.1308e-04, 4.0431e-05, 6.4978e-05, 1.1668e-05,
        2.0586e-05, 1.1298e-04, 3.7556e-05, 9.5270e-05, 8.1867e-05, 1.5235e-04,
        4.5721e-05, 5.5997e-05, 5.6302e-05, 3.9405e-05, 3.0412e-06, 7.1186e-05,
        9.8695e-06, 8.3192e-05, 1.2551e-05, 3.4105e-05, 2.6534e-05, 8.5796e-05,
        8.9199e-05, 3.3785e-05, 5.1578e-05, 4.2216e-05, 5.3974e-05, 2.1793e-05,
        5.1605e-05, 8.1512e-05, 1.3349e-04, 9.9338e-06, 3.0245e-06, 6.0432e-05,
        6.0623e-05, 4.3536e-05, 5.8440e-05, 1.6714e-04, 3.2227e-05, 2.4098e-05,
        5.5741e-05, 1.1152e-04, 5.8449e-05, 1.5230e-04, 5.1544e-05, 3.7131e-05,
        7.1922e-05, 6.8249e-05, 4.9183e-06, 8.7565e-07, 8.1839e-06, 1.1449e-04,
        2.7760e-05, 2.1226e-05, 4.8056e-05, 1.1730e-05, 2.0139e-05, 8.7191e-05,
        7.0916e-05, 4.8039e-05, 4.8422e-05, 5.1288e-05, 1.0247e-04],
       grad_fn=<CatBackward>)

mean_overall=tensor(6.1519e-05, grad_fn=<MeanBackward0>)

-----------------------------------------------ITERATION240-----------------------------------------------

final_causality=[[1, 1, 1, 1, 1, 1, 1, 1, 1, 1, 1, 1, 1], [1, 1, 1, 1, 1, 1, 1, 1, 1, 1, 1, 1, 1, 1, 1, 1, 1, 1, 1, 1, 1, 1, 1, 1, 1, 1, 1, 1, 1, 1, 1, 1, 1, 1, 1, 1, 1, 1, 1, 1, 1, 1, 1, 1, 1, 1, 1, 1, 1, 1], [1, 1, 1, 1, 1, 1, 1, 1, 1, 1, 1, 1, 1, 1, 1, 1, 1, 1, 1, 1, 1, 1, 1, 1, 1, 1, 1, 1, 1, 1, 1, 1, 1, 1, 1, 1, 1, 1, 1, 1, 1, 1, 1, 1, 1, 1, 1, 1, 1, 1]]

means=tensor([1.9920e-04, 1.3878e-17, 7.3337e-05, 1.3878e-17, 3.1074e-04, 2.7952e-05,
        8.1490e-05, 7.7391e-05, 5.2757e-05, 2.9254e-04, 2.4684e-05, 1.5223e-04,
        2.7945e-04, 7.9523e-05, 3.5073e-05, 4.3697e-05, 6.0962e-05, 7.2252e-06,
        2.2453e-05, 1.3791e-05, 3.8391e-05, 1.5012e-04, 6.7840e-06, 3.5030e-05,
        4.6084e-05, 6.8306e-05, 1.1823e-04, 1.2418e-04, 2.9377e-05, 2.4561e-05,
        5.1599e-05, 2.4187e-05, 8.6775e-05, 4.9819e-05, 6.4504e-05, 1.1676e-05,
        1.7611e-04, 1.9274e-05, 5.1011e-05, 9.3707e-05, 1.6391e-05, 3.5825e-05,
        1.7511e-05, 8.8428e-06, 1.3616e-05, 4.1129e-05, 1.0365e-04, 4.4889e-05,
        3.7467e-05, 2.6973e-05, 1.1427e-04, 4.0476e-05, 6.4526e-05, 1.1675e-05,
        2.0784e-05, 1.1276e-04, 3.8310e-05, 9.6205e-05, 8.2303e-05, 1.5278e-04,
        4.5558e-05, 5.6850e-05, 5.5793e-05, 3.9400e-05, 3.0607e-06, 7.1550e-05,
        9.8773e-06, 8.2463e-05, 1.2618e-05, 3.4233e-05, 2.6604e-05, 8.7901e-05,
        8.9225e-05, 3.3466e-05, 5.1594e-05, 4.2246e-05, 5.4554e-05, 2.1936e-05,
        5.2128e-05, 8.1702e-05, 1.3413e-04, 9.8743e-06, 3.0225e-06, 6.1249e-05,
        6.0643e-05, 4.3601e-05, 5.8512e-05, 1.6594e-04, 3.1830e-05, 2.4208e-05,
        5.5740e-05, 1.1152e-04, 5.8979e-05, 1.5293e-04, 5.1969e-05, 3.7163e-05,
        7.2652e-05, 6.9153e-05, 5.0650e-06, 8.8068e-07, 8.1771e-06, 1.1426e-04,
        2.7522e-05, 2.1230e-05, 4.7920e-05, 1.1734e-05, 2.0394e-05, 8.7740e-05,
        7.1235e-05, 4.8518e-05, 4.7751e-05, 5.1315e-05, 1.0307e-04],
       grad_fn=<CatBackward>)

mean_overall=tensor(6.2011e-05, grad_fn=<MeanBackward0>)

-----------------------------------------------ITERATION250-----------------------------------------------

final_causality=[[1, 1, 1, 1, 1, 1, 1, 1, 1, 1, 1, 1, 1], [1, 1, 1, 1, 1, 1, 1, 1, 1, 1, 1, 1, 1, 1, 1, 1, 1, 1, 1, 1, 1, 1, 1, 1, 1, 1, 1, 1, 1, 1, 1, 1, 1, 1, 1, 1, 1, 1, 1, 1, 1, 1, 1, 1, 1, 1, 1, 1, 1, 1], [1, 1, 1, 1, 1, 1, 1, 1, 1, 1, 1, 1, 1, 1, 1, 1, 1, 1, 1, 1, 1, 1, 1, 1, 1, 1, 1, 1, 1, 1, 1, 1, 1, 1, 1, 1, 1, 1, 1, 1, 1, 1, 1, 1, 1, 1, 1, 1, 1, 1]]

means=tensor([2.1937e-04, 1.3878e-17, 7.1299e-05, 1.3878e-17, 3.1132e-04, 2.9347e-05,
        8.1566e-05, 8.1543e-05, 5.1273e-05, 2.9789e-04, 2.4751e-05, 1.5193e-04,
        2.8865e-04, 7.9017e-05, 3.6362e-05, 4.4138e-05, 6.2031e-05, 7.6706e-06,
        2.2309e-05, 1.3398e-05, 3.9208e-05, 1.5008e-04, 7.3249e-06, 3.5269e-05,
        4.6229e-05, 6.8964e-05, 1.1918e-04, 1.2621e-04, 2.9262e-05, 2.4822e-05,
        5.2827e-05, 2.4099e-05, 8.6780e-05, 4.9627e-05, 6.4066e-05, 1.1861e-05,
        1.7609e-04, 1.8744e-05, 5.0679e-05, 9.4458e-05, 1.6280e-05, 3.6834e-05,
        1.7308e-05, 8.4714e-06, 1.3914e-05, 4.0764e-05, 1.0367e-04, 4.5251e-05,
        3.7844e-05, 2.6618e-05, 1.1549e-04, 4.0525e-05, 6.4074e-05, 1.1684e-05,
        2.0987e-05, 1.1253e-04, 3.9091e-05, 9.7165e-05, 8.2753e-05, 1.5322e-04,
        4.5396e-05, 5.7732e-05, 5.5280e-05, 3.9395e-05, 3.0809e-06, 7.1918e-05,
        9.8851e-06, 8.1725e-05, 1.2688e-05, 3.4362e-05, 2.6678e-05, 9.0048e-05,
        8.9249e-05, 3.3142e-05, 5.1611e-05, 4.2275e-05, 5.5150e-05, 2.2083e-05,
        5.2660e-05, 8.1895e-05, 1.3480e-04, 9.8136e-06, 3.0204e-06, 6.2082e-05,
        6.0662e-05, 4.3667e-05, 5.8585e-05, 1.6472e-04, 3.1426e-05, 2.4321e-05,
        5.5738e-05, 1.1152e-04, 5.9524e-05, 1.5360e-04, 5.2403e-05, 3.7195e-05,
        7.3394e-05, 7.0073e-05, 5.2149e-06, 8.8605e-07, 8.1691e-06, 1.1402e-04,
        2.7280e-05, 2.1234e-05, 4.7781e-05, 1.1738e-05, 2.0655e-05, 8.8303e-05,
        7.1565e-05, 4.9007e-05, 4.7069e-05, 5.1343e-05, 1.0369e-04],
       grad_fn=<CatBackward>)

mean_overall=tensor(6.2521e-05, grad_fn=<MeanBackward0>)

-----------------------------------------------ITERATION260-----------------------------------------------

final_causality=[[1, 1, 1, 1, 1, 1, 1, 1, 1, 1, 1, 1, 1], [1, 1, 1, 1, 1, 1, 1, 1, 1, 1, 1, 1, 1, 1, 1, 1, 1, 1, 1, 1, 1, 1, 1, 1, 1, 1, 1, 1, 1, 1, 1, 1, 1, 1, 1, 1, 1, 1, 1, 1, 1, 1, 1, 1, 1, 1, 1, 1, 1, 1], [1, 1, 1, 1, 1, 1, 1, 1, 1, 1, 1, 1, 1, 1, 1, 1, 1, 1, 1, 1, 1, 1, 1, 1, 1, 1, 1, 1, 1, 1, 1, 1, 1, 1, 1, 1, 1, 1, 1, 1, 1, 1, 1, 1, 1, 1, 1, 1, 1, 1]]

means=tensor([2.3996e-04, 1.3878e-17, 6.9205e-05, 1.3878e-17, 3.1193e-04, 3.0776e-05,
        8.1646e-05, 8.5798e-05, 4.9772e-05, 3.0339e-04, 2.4827e-05, 1.5162e-04,
        2.9811e-04, 7.8509e-05, 3.7701e-05, 4.4595e-05, 6.3136e-05, 8.1259e-06,
        2.2165e-05, 1.3003e-05, 4.0056e-05, 1.5005e-04, 7.8795e-06, 3.5517e-05,
        4.6383e-05, 6.9641e-05, 1.2036e-04, 1.2830e-04, 2.9148e-05, 2.5093e-05,
        5.4107e-05, 2.4014e-05, 8.6791e-05, 4.9463e-05, 6.3632e-05, 1.2057e-05,
        1.7608e-04, 1.8212e-05, 5.0350e-05, 9.5227e-05, 1.6169e-05, 3.7890e-05,
        1.7108e-05, 8.0961e-06, 1.4225e-05, 4.0397e-05, 1.0370e-04, 4.5622e-05,
        3.8234e-05, 2.6266e-05, 1.1675e-04, 4.0581e-05, 6.3622e-05, 1.1699e-05,
        2.1195e-05, 1.1230e-04, 3.9901e-05, 9.8152e-05, 8.3219e-05, 1.5369e-04,
        4.5235e-05, 5.8643e-05, 5.4763e-05, 3.9391e-05, 3.1018e-06, 7.2288e-05,
        9.8929e-06, 8.0979e-05, 1.2759e-05, 3.4536e-05, 2.6757e-05, 9.2236e-05,
        8.9273e-05, 3.2812e-05, 5.1627e-05, 4.2305e-05, 5.5761e-05, 2.2234e-05,
        5.3200e-05, 8.2091e-05, 1.3550e-04, 9.7518e-06, 3.0182e-06, 6.2930e-05,
        6.0682e-05, 4.3734e-05, 5.8659e-05, 1.6349e-04, 3.1015e-05, 2.4438e-05,
        5.5737e-05, 1.1152e-04, 6.0084e-05, 1.5429e-04, 5.2848e-05, 3.7227e-05,
        7.4149e-05, 7.1009e-05, 5.3680e-06, 8.9178e-07, 8.1599e-06, 1.1377e-04,
        2.7034e-05, 2.1239e-05, 4.7638e-05, 1.1742e-05, 2.0924e-05, 8.8882e-05,
        7.1904e-05, 4.9507e-05, 4.6374e-05, 5.1370e-05, 1.0434e-04],
       grad_fn=<CatBackward>)

mean_overall=tensor(6.3049e-05, grad_fn=<MeanBackward0>)

-----------------------------------------------ITERATION270-----------------------------------------------

final_causality=[[1, 1, 1, 1, 1, 1, 1, 1, 1, 1, 1, 1, 1], [1, 1, 1, 1, 1, 1, 1, 1, 1, 1, 1, 1, 1, 1, 1, 1, 1, 1, 1, 1, 1, 1, 1, 1, 1, 1, 1, 1, 1, 1, 1, 1, 1, 1, 1, 1, 1, 1, 1, 1, 1, 1, 1, 1, 1, 1, 1, 1, 1, 1], [1, 1, 1, 1, 1, 1, 1, 1, 1, 1, 1, 1, 1, 1, 1, 1, 1, 1, 1, 1, 1, 1, 1, 1, 1, 1, 1, 1, 1, 1, 1, 1, 1, 1, 1, 1, 1, 1, 1, 1, 1, 1, 1, 1, 1, 1, 1, 1, 1, 1]]

means=tensor([2.6098e-04, 0.0000e+00, 6.7055e-05, 0.0000e+00, 3.1256e-04, 3.2239e-05,
        8.1730e-05, 9.0157e-05, 4.8254e-05, 3.0902e-04, 2.4911e-05, 1.5131e-04,
        3.0782e-04, 7.8002e-05, 3.9090e-05, 4.5067e-05, 6.4279e-05, 8.5911e-06,
        2.2019e-05, 1.2606e-05, 4.0934e-05, 1.5002e-04, 8.4477e-06, 3.5775e-05,
        4.6546e-05, 7.0338e-05, 1.2158e-04, 1.3046e-04, 2.9036e-05, 2.5376e-05,
        5.5439e-05, 2.3930e-05, 8.6808e-05, 4.9554e-05, 6.3201e-05, 1.2265e-05,
        1.7608e-04, 1.7677e-05, 5.0023e-05, 9.6014e-05, 1.6059e-05, 3.8994e-05,
        1.6911e-05, 7.7170e-06, 1.4550e-05, 4.0031e-05, 1.0373e-04, 4.6001e-05,
        3.8637e-05, 2.5915e-05, 1.1805e-04, 4.0641e-05, 6.3169e-05, 1.1718e-05,
        2.1407e-05, 1.1207e-04, 4.0738e-05, 9.9164e-05, 8.3700e-05, 1.5416e-04,
        4.5075e-05, 5.9583e-05, 5.4242e-05, 3.9387e-05, 3.1234e-06, 7.2661e-05,
        9.9007e-06, 8.0226e-05, 1.2840e-05, 3.4722e-05, 2.6860e-05, 9.4465e-05,
        8.9295e-05, 3.2477e-05, 5.1644e-05, 4.2336e-05, 5.6386e-05, 2.2391e-05,
        5.3748e-05, 8.2288e-05, 1.3623e-04, 9.6889e-06, 3.0158e-06, 6.3794e-05,
        6.0701e-05, 4.3802e-05, 5.8735e-05, 1.6223e-04, 3.0597e-05, 2.4557e-05,
        5.5737e-05, 1.1153e-04, 6.0659e-05, 1.5502e-04, 5.3302e-05, 3.7259e-05,
        7.4915e-05, 7.1960e-05, 5.5243e-06, 8.9789e-07, 8.1493e-06, 1.1351e-04,
        2.6961e-05, 2.1244e-05, 4.7492e-05, 1.1747e-05, 2.1200e-05, 8.9475e-05,
        7.2253e-05, 5.0017e-05, 4.5668e-05, 5.1398e-05, 1.0502e-04],
       grad_fn=<CatBackward>)

mean_overall=tensor(6.3598e-05, grad_fn=<MeanBackward0>)

-----------------------------------------------ITERATION280-----------------------------------------------

final_causality=[[1, 1, 1, 1, 1, 1, 1, 1, 1, 1, 1, 1, 1], [1, 1, 1, 1, 1, 1, 1, 1, 1, 1, 1, 1, 1, 1, 1, 1, 1, 1, 1, 1, 1, 1, 1, 1, 1, 1, 1, 1, 1, 1, 1, 1, 1, 1, 1, 1, 1, 1, 1, 1, 1, 1, 1, 1, 1, 1, 1, 1, 1, 1], [1, 1, 1, 1, 1, 1, 1, 1, 1, 1, 1, 1, 1, 1, 1, 1, 1, 1, 1, 1, 1, 1, 1, 1, 1, 1, 1, 1, 1, 1, 1, 1, 1, 1, 1, 1, 1, 1, 1, 1, 1, 1, 1, 1, 1, 1, 1, 1, 1, 1]]

means=tensor([2.8242e-04, 0.0000e+00, 6.4847e-05, 0.0000e+00, 3.1322e-04, 3.3736e-05,
        8.1819e-05, 9.4620e-05, 4.6723e-05, 3.1481e-04, 2.5005e-05, 1.5099e-04,
        3.1780e-04, 7.7494e-05, 4.0532e-05, 4.5556e-05, 6.5461e-05, 9.0661e-06,
        2.1873e-05, 1.2208e-05, 4.1843e-05, 1.5000e-04, 9.0301e-06, 3.6043e-05,
        4.6718e-05, 7.1055e-05, 1.2283e-04, 1.3268e-04, 2.8924e-05, 2.5670e-05,
        5.6826e-05, 2.3849e-05, 8.6831e-05, 4.9650e-05, 6.2774e-05, 1.2484e-05,
        1.7609e-04, 1.7141e-05, 4.9699e-05, 9.6820e-05, 1.5951e-05, 4.0146e-05,
        1.6718e-05, 7.3345e-06, 1.4889e-05, 3.9666e-05, 1.0377e-04, 4.6389e-05,
        3.9054e-05, 2.5567e-05, 1.1938e-04, 4.0708e-05, 6.2717e-05, 1.1741e-05,
        2.1625e-05, 1.1184e-04, 4.1604e-05, 1.0020e-04, 8.4196e-05, 1.5466e-04,
        4.4917e-05, 6.0554e-05, 5.3718e-05, 3.9384e-05, 3.1457e-06, 7.3037e-05,
        9.9085e-06, 7.9466e-05, 1.2929e-05, 3.4912e-05, 2.7119e-05, 9.6734e-05,
        8.9317e-05, 3.2477e-05, 5.1661e-05, 4.2366e-05, 5.7027e-05, 2.2553e-05,
        5.4305e-05, 8.2487e-05, 1.3699e-04, 9.6248e-06, 3.0133e-06, 6.4673e-05,
        6.0721e-05, 4.3871e-05, 5.8812e-05, 1.6096e-04, 3.0173e-05, 2.4679e-05,
        5.5736e-05, 1.1153e-04, 6.1248e-05, 1.5579e-04, 5.3766e-05, 3.7291e-05,
        7.5694e-05, 7.2926e-05, 5.6838e-06, 9.0437e-07, 8.1372e-06, 1.1324e-04,
        2.6960e-05, 2.1249e-05, 4.7342e-05, 1.1752e-05, 2.1483e-05, 9.0084e-05,
        7.2613e-05, 5.0538e-05, 4.4950e-05, 5.1426e-05, 1.0572e-04],
       grad_fn=<CatBackward>)

mean_overall=tensor(6.4167e-05, grad_fn=<MeanBackward0>)

-----------------------------------------------ITERATION290-----------------------------------------------

final_causality=[[1, 1, 1, 1, 1, 1, 1, 1, 1, 1, 1, 1, 1], [1, 1, 1, 1, 1, 1, 1, 1, 1, 1, 1, 1, 1, 1, 1, 1, 1, 1, 1, 1, 1, 1, 1, 1, 1, 1, 1, 1, 1, 1, 1, 1, 1, 1, 1, 1, 1, 1, 1, 1, 1, 1, 1, 1, 1, 1, 1, 1, 1, 1], [1, 1, 1, 1, 1, 1, 1, 1, 1, 1, 1, 1, 1, 1, 1, 1, 1, 1, 1, 1, 1, 1, 1, 1, 1, 1, 1, 1, 1, 1, 1, 1, 1, 1, 1, 1, 1, 1, 1, 1, 1, 1, 1, 1, 1, 1, 1, 1, 1, 1]]

means=tensor([3.0430e-04, 1.3878e-17, 6.2580e-05, 1.3878e-17, 3.1390e-04, 3.5267e-05,
        8.1913e-05, 9.9191e-05, 4.5179e-05, 3.2074e-04, 2.5108e-05, 1.5067e-04,
        3.2805e-04, 7.6988e-05, 4.2028e-05, 4.6060e-05, 6.6681e-05, 9.5507e-06,
        2.1726e-05, 1.1808e-05, 4.2785e-05, 1.4998e-04, 9.6266e-06, 3.6321e-05,
        4.6899e-05, 7.1792e-05, 1.2412e-04, 1.3497e-04, 2.8814e-05, 2.5975e-05,
        5.8269e-05, 2.3770e-05, 8.6860e-05, 4.9751e-05, 6.2353e-05, 1.2716e-05,
        1.7611e-04, 1.6602e-05, 4.9379e-05, 9.7643e-05, 1.5844e-05, 4.1350e-05,
        1.6528e-05, 6.9487e-06, 1.5242e-05, 3.9302e-05, 1.0381e-04, 4.6785e-05,
        3.9486e-05, 2.5221e-05, 1.2074e-04, 4.0780e-05, 6.2265e-05, 1.1775e-05,
        2.1848e-05, 1.1160e-04, 4.2500e-05, 1.0127e-04, 8.4707e-05, 1.5517e-04,
        4.4761e-05, 6.1555e-05, 5.3191e-05, 3.9381e-05, 3.1689e-06, 7.3415e-05,
        9.9163e-06, 7.8700e-05, 1.3020e-05, 3.5105e-05, 2.7384e-05, 9.9043e-05,
        8.9337e-05, 3.2599e-05, 5.1678e-05, 4.2396e-05, 5.7683e-05, 2.2720e-05,
        5.4870e-05, 8.2687e-05, 1.3779e-04, 9.5596e-06, 3.0106e-06, 6.5567e-05,
        6.0740e-05, 4.3942e-05, 5.8890e-05, 1.5967e-04, 2.9741e-05, 2.4805e-05,
        5.5736e-05, 1.1154e-04, 6.1853e-05, 1.5658e-04, 5.4241e-05, 3.7322e-05,
        7.6484e-05, 7.3907e-05, 5.8465e-06, 9.1126e-07, 8.1237e-06, 1.1296e-04,
        2.6959e-05, 2.1254e-05, 4.7189e-05, 1.1757e-05, 2.1773e-05, 9.0708e-05,
        7.2983e-05, 5.1069e-05, 4.4220e-05, 5.1454e-05, 1.0645e-04],
       grad_fn=<CatBackward>)

mean_overall=tensor(6.4755e-05, grad_fn=<MeanBackward0>)

-----------------------------------------------ITERATION300-----------------------------------------------

final_causality=[[1, 1, 1, 1, 1, 1, 1, 1, 1, 1, 1, 1, 1], [1, 1, 1, 1, 1, 1, 1, 1, 1, 1, 1, 1, 1, 1, 1, 1, 1, 1, 1, 1, 1, 1, 1, 1, 1, 1, 1, 1, 1, 1, 1, 1, 1, 1, 1, 1, 1, 1, 1, 1, 1, 1, 1, 1, 1, 1, 1, 1, 1, 1], [1, 1, 1, 1, 1, 1, 1, 1, 1, 1, 1, 1, 1, 1, 1, 1, 1, 1, 1, 1, 1, 1, 1, 1, 1, 1, 1, 1, 1, 1, 1, 1, 1, 1, 1, 1, 1, 1, 1, 1, 1, 1, 1, 1, 1, 1, 1, 1, 1, 1]]

means=tensor([3.2662e-04, 0.0000e+00, 6.0253e-05, 0.0000e+00, 3.1461e-04, 3.6834e-05,
        8.2011e-05, 1.0387e-04, 4.3623e-05, 3.2682e-04, 2.5221e-05, 1.5033e-04,
        3.3857e-04, 7.6483e-05, 4.3580e-05, 4.6580e-05, 6.7941e-05, 1.0045e-05,
        2.1579e-05, 1.1406e-05, 4.3759e-05, 1.4996e-04, 1.0238e-05, 3.6610e-05,
        4.7090e-05, 7.2549e-05, 1.2545e-04, 1.3732e-04, 2.8706e-05, 2.6291e-05,
        5.9769e-05, 2.3693e-05, 8.6896e-05, 4.9858e-05, 6.1938e-05, 1.2961e-05,
        1.7614e-04, 1.6063e-05, 4.9064e-05, 9.8484e-05, 1.5740e-05, 4.2607e-05,
        1.6342e-05, 6.5596e-06, 1.5611e-05, 3.8939e-05, 1.0385e-04, 4.7190e-05,
        3.9932e-05, 2.4879e-05, 1.2215e-04, 4.0859e-05, 6.1816e-05, 1.1811e-05,
        2.2076e-05, 1.1136e-04, 4.3425e-05, 1.0236e-04, 8.5235e-05, 1.5570e-04,
        4.4607e-05, 6.2588e-05, 5.2662e-05, 3.9380e-05, 3.1929e-06, 7.3795e-05,
        9.9241e-06, 7.8442e-05, 1.3114e-05, 3.5303e-05, 2.7657e-05, 1.0139e-04,
        8.9357e-05, 3.2791e-05, 5.1696e-05, 4.2427e-05, 5.8354e-05, 2.2893e-05,
        5.5443e-05, 8.2887e-05, 1.3862e-04, 9.4933e-06, 3.0079e-06, 6.6476e-05,
        6.0759e-05, 4.4014e-05, 5.8969e-05, 1.5837e-04, 2.9303e-05, 2.4933e-05,
        5.5736e-05, 1.1155e-04, 6.2473e-05, 1.5742e-04, 5.4725e-05, 3.7353e-05,
        7.7285e-05, 7.4903e-05, 6.0124e-06, 9.1857e-07, 8.1085e-06, 1.1267e-04,
        2.6959e-05, 2.1259e-05, 4.7031e-05, 1.1762e-05, 2.2071e-05, 9.1348e-05,
        7.3363e-05, 5.1612e-05, 4.3479e-05, 5.1483e-05, 1.0721e-04],
       grad_fn=<CatBackward>)

mean_overall=tensor(6.5365e-05, grad_fn=<MeanBackward0>)

-----------------------------------------------ITERATION310-----------------------------------------------

final_causality=[[1, 1, 1, 1, 1, 1, 1, 1, 1, 1, 1, 1, 1], [1, 1, 1, 1, 1, 1, 1, 1, 1, 1, 1, 1, 1, 1, 1, 1, 1, 1, 1, 1, 1, 1, 1, 1, 1, 1, 1, 1, 1, 1, 1, 1, 1, 1, 1, 1, 1, 1, 1, 1, 1, 1, 1, 1, 1, 1, 1, 1, 1, 1], [1, 1, 1, 1, 1, 1, 1, 1, 1, 1, 1, 1, 1, 1, 1, 1, 1, 1, 1, 1, 1, 1, 1, 1, 1, 1, 1, 1, 1, 1, 1, 1, 1, 1, 1, 1, 1, 1, 1, 1, 1, 1, 1, 1, 1, 1, 1, 1, 1, 1]]

means=tensor([3.4937e-04, 1.3878e-17, 5.7864e-05, 1.3878e-17, 3.1535e-04, 3.8435e-05,
        8.2114e-05, 1.0866e-04, 4.2057e-05, 3.3305e-04, 2.5344e-05, 1.5000e-04,
        3.4937e-04, 7.5980e-05, 4.5189e-05, 4.7118e-05, 6.9241e-05, 1.0549e-05,
        2.1431e-05, 1.1004e-05, 4.4767e-05, 1.4995e-04, 1.0864e-05, 3.6909e-05,
        4.7290e-05, 7.3327e-05, 1.2682e-04, 1.3975e-04, 2.8599e-05, 2.6620e-05,
        6.1329e-05, 2.3619e-05, 8.6938e-05, 4.9970e-05, 6.1529e-05, 1.3219e-05,
        1.7617e-04, 1.5523e-05, 4.8752e-05, 9.9343e-05, 1.5665e-05, 4.3919e-05,
        1.6159e-05, 6.1675e-06, 1.5995e-05, 3.8578e-05, 1.0391e-04, 4.7604e-05,
        4.0392e-05, 2.4540e-05, 1.2359e-04, 4.0944e-05, 6.1368e-05, 1.1849e-05,
        2.2310e-05, 1.1113e-04, 4.4381e-05, 1.0348e-04, 8.5778e-05, 1.5625e-04,
        4.4456e-05, 6.3652e-05, 5.2132e-05, 3.9379e-05, 3.2178e-06, 7.4177e-05,
        9.9319e-06, 7.8797e-05, 1.3210e-05, 3.5504e-05, 2.7938e-05, 1.0378e-04,
        8.9375e-05, 3.3650e-05, 5.1713e-05, 4.2458e-05, 5.9040e-05, 2.3071e-05,
        5.6023e-05, 8.3088e-05, 1.3949e-04, 9.4258e-06, 3.0050e-06, 6.7400e-05,
        6.0778e-05, 4.4086e-05, 5.9050e-05, 1.5705e-04, 2.8858e-05, 2.5065e-05,
        5.5737e-05, 1.1157e-04, 6.3109e-05, 1.5829e-04, 5.5219e-05, 3.7384e-05,
        7.8098e-05, 7.5913e-05, 6.1814e-06, 9.2630e-07, 8.0917e-06, 1.1237e-04,
        2.6960e-05, 2.1264e-05, 4.6869e-05, 1.1767e-05, 2.2376e-05, 9.2004e-05,
        7.3754e-05, 5.2506e-05, 4.2726e-05, 5.1511e-05, 1.0800e-04],
       grad_fn=<CatBackward>)

mean_overall=tensor(6.6007e-05, grad_fn=<MeanBackward0>)

-----------------------------------------------ITERATION320-----------------------------------------------

final_causality=[[1, 1, 1, 1, 1, 1, 1, 1, 1, 1, 1, 1, 1], [1, 1, 1, 1, 1, 1, 1, 1, 1, 1, 1, 1, 1, 1, 1, 1, 1, 1, 1, 1, 1, 1, 1, 1, 1, 1, 1, 1, 1, 1, 1, 1, 1, 1, 1, 1, 1, 1, 1, 1, 1, 1, 1, 1, 1, 1, 1, 1, 1, 1], [1, 1, 1, 1, 1, 1, 1, 1, 1, 1, 1, 1, 1, 1, 1, 1, 1, 1, 1, 1, 1, 1, 1, 1, 1, 1, 1, 1, 1, 1, 1, 1, 1, 1, 1, 1, 1, 1, 1, 1, 1, 1, 1, 1, 1, 1, 1, 1, 1, 1]]

means=tensor([3.7257e-04, 1.3878e-17, 5.5413e-05, 1.3878e-17, 3.1612e-04, 4.0072e-05,
        8.2223e-05, 1.1356e-04, 4.0482e-05, 3.3943e-04, 2.5478e-05, 1.4965e-04,
        3.6046e-04, 7.5480e-05, 4.6857e-05, 4.7673e-05, 7.0582e-05, 1.1062e-05,
        2.1284e-05, 1.0601e-05, 4.5810e-05, 1.4994e-04, 1.1505e-05, 3.7219e-05,
        4.7501e-05, 7.4125e-05, 1.2822e-04, 1.4223e-04, 2.8507e-05, 2.6961e-05,
        6.2950e-05, 2.3548e-05, 8.6986e-05, 5.0088e-05, 6.1127e-05, 1.3491e-05,
        1.7622e-04, 1.4982e-05, 4.8446e-05, 1.0022e-04, 1.5683e-05, 4.5287e-05,
        1.5982e-05, 5.7724e-06, 1.6394e-05, 3.8219e-05, 1.0396e-04, 4.8026e-05,
        4.0868e-05, 2.4205e-05, 1.2506e-04, 4.1036e-05, 6.0922e-05, 1.1890e-05,
        2.2549e-05, 1.1088e-04, 4.5368e-05, 1.0462e-04, 8.6338e-05, 1.5681e-04,
        4.4307e-05, 6.4749e-05, 5.1600e-05, 3.9379e-05, 3.2436e-06, 7.4562e-05,
        9.9398e-06, 7.9155e-05, 1.3308e-05, 3.5709e-05, 2.8225e-05, 1.0621e-04,
        8.9392e-05, 3.4604e-05, 5.1731e-05, 4.2488e-05, 5.9742e-05, 2.3254e-05,
        5.6612e-05, 8.3288e-05, 1.4039e-04, 9.3583e-06, 3.0020e-06, 6.8338e-05,
        6.0797e-05, 4.4160e-05, 5.9132e-05, 1.5571e-04, 2.8407e-05, 2.5199e-05,
        5.5738e-05, 1.1158e-04, 6.3761e-05, 1.5920e-04, 5.5724e-05, 3.7414e-05,
        7.8922e-05, 7.6937e-05, 6.3537e-06, 9.3447e-07, 8.0731e-06, 1.1205e-04,
        2.6961e-05, 2.1270e-05, 4.6703e-05, 1.1772e-05, 2.2710e-05, 9.2677e-05,
        7.4155e-05, 5.3717e-05, 4.2204e-05, 5.1539e-05, 1.0882e-04],
       grad_fn=<CatBackward>)

mean_overall=tensor(6.6674e-05, grad_fn=<MeanBackward0>)

-----------------------------------------------ITERATION330-----------------------------------------------

final_causality=[[1, 1, 1, 1, 1, 1, 1, 1, 1, 1, 1, 1, 1], [1, 1, 1, 1, 1, 1, 1, 1, 1, 1, 1, 1, 1, 1, 1, 1, 1, 1, 1, 1, 1, 1, 1, 1, 1, 1, 1, 1, 1, 1, 1, 1, 1, 1, 1, 1, 1, 1, 1, 1, 1, 1, 1, 1, 1, 1, 1, 1, 1, 1], [1, 1, 1, 1, 1, 1, 1, 1, 1, 1, 1, 1, 1, 1, 1, 1, 1, 1, 1, 1, 1, 1, 1, 1, 1, 1, 1, 1, 1, 1, 1, 1, 1, 1, 1, 1, 1, 1, 1, 1, 1, 1, 1, 1, 1, 1, 1, 1, 1, 1]]

means=tensor([3.9623e-04, 1.3878e-17, 5.2897e-05, 1.3878e-17, 3.1691e-04, 4.1746e-05,
        8.2336e-05, 1.1858e-04, 3.8900e-05, 3.4597e-04, 2.5621e-05, 1.4930e-04,
        3.7183e-04, 7.4983e-05, 4.8586e-05, 4.8245e-05, 7.1965e-05, 1.1585e-05,
        2.1136e-05, 1.0197e-05, 4.6888e-05, 1.4993e-04, 1.2161e-05, 3.7541e-05,
        4.7721e-05, 7.4944e-05, 1.2966e-04, 1.4479e-04, 2.8439e-05, 2.7314e-05,
        6.4635e-05, 2.3479e-05, 8.7042e-05, 5.0212e-05, 6.0732e-05, 1.3778e-05,
        1.7628e-04, 1.4442e-05, 4.8146e-05, 1.0112e-04, 1.5703e-05, 4.6714e-05,
        1.5808e-05, 5.3744e-06, 1.6811e-05, 3.7862e-05, 1.0402e-04, 4.8457e-05,
        4.1360e-05, 2.3875e-05, 1.2658e-04, 4.1134e-05, 6.0479e-05, 1.1933e-05,
        2.2795e-05, 1.1064e-04, 4.6386e-05, 1.0580e-04, 8.6914e-05, 1.5739e-04,
        4.4162e-05, 6.5878e-05, 5.1067e-05, 3.9380e-05, 3.2703e-06, 7.4948e-05,
        9.9477e-06, 7.9516e-05, 1.3408e-05, 3.5917e-05, 2.8521e-05, 1.0868e-04,
        8.9409e-05, 3.5571e-05, 5.1749e-05, 4.2519e-05, 6.0460e-05, 2.3444e-05,
        5.7208e-05, 8.3487e-05, 1.4133e-04, 9.3646e-06, 2.9989e-06, 6.9292e-05,
        6.0816e-05, 4.4236e-05, 5.9216e-05, 1.5435e-04, 2.7948e-05, 2.5337e-05,
        5.5739e-05, 1.1160e-04, 6.4428e-05, 1.6014e-04, 5.6240e-05, 3.7444e-05,
        7.9757e-05, 7.7976e-05, 6.5292e-06, 9.4311e-07, 8.0527e-06, 1.1172e-04,
        2.6964e-05, 2.1276e-05, 4.6533e-05, 1.1777e-05, 2.3071e-05, 9.3366e-05,
        7.4568e-05, 5.4949e-05, 4.1750e-05, 5.1567e-05, 1.0967e-04],
       grad_fn=<CatBackward>)

mean_overall=tensor(6.7361e-05, grad_fn=<MeanBackward0>)

-----------------------------------------------ITERATION340-----------------------------------------------

final_causality=[[1, 1, 1, 1, 1, 1, 1, 1, 1, 1, 1, 1, 1], [1, 1, 1, 1, 1, 1, 1, 1, 1, 1, 1, 1, 1, 1, 1, 1, 1, 1, 1, 1, 1, 1, 1, 1, 1, 1, 1, 1, 1, 1, 1, 1, 1, 1, 1, 1, 1, 1, 1, 1, 1, 1, 1, 1, 1, 1, 1, 1, 1, 1], [1, 1, 1, 1, 1, 1, 1, 1, 1, 1, 1, 1, 1, 1, 1, 1, 1, 1, 1, 1, 1, 1, 1, 1, 1, 1, 1, 1, 1, 1, 1, 1, 1, 1, 1, 1, 1, 1, 1, 1, 1, 1, 1, 1, 1, 1, 1, 1, 1, 1]]

means=tensor([4.2036e-04, 1.3878e-17, 5.0315e-05, 1.3878e-17, 3.1773e-04, 4.3456e-05,
        8.2454e-05, 1.2372e-04, 3.7311e-05, 3.5266e-04, 2.5775e-05, 1.4894e-04,
        3.8350e-04, 7.4489e-05, 5.0378e-05, 4.8835e-05, 7.3390e-05, 1.2117e-05,
        2.0989e-05, 9.7929e-06, 4.8002e-05, 1.4993e-04, 1.2834e-05, 3.7873e-05,
        4.7951e-05, 7.5785e-05, 1.3114e-04, 1.4742e-04, 2.8373e-05, 2.7680e-05,
        6.6384e-05, 2.3414e-05, 8.7525e-05, 5.0342e-05, 6.0345e-05, 1.4079e-05,
        1.7635e-04, 1.3901e-05, 4.7851e-05, 1.0203e-04, 1.5725e-05, 4.8201e-05,
        1.5639e-05, 4.9735e-06, 1.7263e-05, 3.7508e-05, 1.0409e-04, 4.8897e-05,
        4.1867e-05, 2.3549e-05, 1.2813e-04, 4.1239e-05, 6.0039e-05, 1.1978e-05,
        2.3048e-05, 1.1040e-04, 4.7437e-05, 1.0700e-04, 8.7970e-05, 1.5799e-04,
        4.4019e-05, 6.7042e-05, 5.0534e-05, 3.9382e-05, 3.2981e-06, 7.5336e-05,
        9.9557e-06, 7.9880e-05, 1.3510e-05, 3.6130e-05, 2.8824e-05, 1.1119e-04,
        8.9424e-05, 3.6549e-05, 5.1767e-05, 4.2550e-05, 6.1194e-05, 2.3639e-05,
        5.7813e-05, 8.3684e-05, 1.4230e-04, 9.3717e-06, 2.9957e-06, 7.0260e-05,
        6.0834e-05, 4.4312e-05, 5.9301e-05, 1.5298e-04, 2.7532e-05, 2.5478e-05,
        5.5741e-05, 1.1162e-04, 6.5112e-05, 1.6113e-04, 5.6766e-05, 3.7473e-05,
        8.0603e-05, 7.9029e-05, 6.7079e-06, 9.5221e-07, 8.0304e-06, 1.1138e-04,
        2.6967e-05, 2.1282e-05, 4.6358e-05, 1.1783e-05, 2.3440e-05, 9.4073e-05,
        7.4992e-05, 5.6201e-05, 4.1290e-05, 5.1595e-05, 1.1055e-04],
       grad_fn=<CatBackward>)

mean_overall=tensor(6.8075e-05, grad_fn=<MeanBackward0>)

-----------------------------------------------ITERATION350-----------------------------------------------

final_causality=[[1, 1, 1, 1, 1, 1, 1, 1, 1, 1, 1, 1, 1], [1, 1, 1, 1, 1, 1, 1, 1, 1, 1, 1, 1, 1, 1, 1, 1, 1, 1, 1, 1, 1, 1, 1, 1, 1, 1, 1, 1, 1, 1, 1, 1, 1, 1, 1, 1, 1, 1, 1, 1, 1, 1, 1, 1, 1, 1, 1, 1, 1, 1], [1, 1, 1, 1, 1, 1, 1, 1, 1, 1, 1, 1, 1, 1, 1, 1, 1, 1, 1, 1, 1, 1, 1, 1, 1, 1, 1, 1, 1, 1, 1, 1, 1, 1, 1, 1, 1, 1, 1, 1, 1, 1, 1, 1, 1, 1, 1, 1, 1, 1]]

means=tensor([4.4495e-04, 1.3878e-17, 4.7665e-05, 1.3878e-17, 3.1858e-04, 4.5203e-05,
        8.2578e-05, 1.2898e-04, 3.5718e-05, 3.5952e-04, 2.5940e-05, 1.4857e-04,
        3.9547e-04, 7.3999e-05, 5.2236e-05, 4.9504e-05, 7.4859e-05, 1.2659e-05,
        2.0841e-05, 9.3884e-06, 4.9154e-05, 1.4994e-04, 1.3523e-05, 3.8218e-05,
        4.8191e-05, 7.6646e-05, 1.3266e-04, 1.5012e-04, 2.8309e-05, 2.8059e-05,
        6.8200e-05, 2.3352e-05, 8.8106e-05, 5.0478e-05, 5.9967e-05, 1.4396e-05,
        1.7643e-04, 1.3362e-05, 4.7563e-05, 1.0296e-04, 1.5748e-05, 4.9752e-05,
        1.5475e-05, 4.5699e-06, 1.7742e-05, 3.7157e-05, 1.0417e-04, 4.9346e-05,
        4.2391e-05, 2.3228e-05, 1.2972e-04, 4.1352e-05, 5.9602e-05, 1.2027e-05,
        2.3307e-05, 1.1015e-04, 4.8521e-05, 1.0823e-04, 8.9087e-05, 1.5860e-04,
        4.3879e-05, 6.8240e-05, 5.0000e-05, 3.9567e-05, 3.3269e-06, 7.5726e-05,
        9.9638e-06, 8.0247e-05, 1.3615e-05, 3.6347e-05, 2.9136e-05, 1.1373e-04,
        8.9439e-05, 3.7539e-05, 5.1785e-05, 4.2581e-05, 6.1944e-05, 2.3841e-05,
        5.8425e-05, 8.3879e-05, 1.4332e-04, 9.3797e-06, 2.9924e-06, 7.1244e-05,
        6.0851e-05, 4.4389e-05, 5.9387e-05, 1.5159e-04, 2.7121e-05, 2.5623e-05,
        5.5744e-05, 1.1164e-04, 6.5812e-05, 1.6216e-04, 5.7303e-05, 3.7501e-05,
        8.1460e-05, 8.0096e-05, 6.8899e-06, 9.6180e-07, 8.0061e-06, 1.1103e-04,
        2.6972e-05, 2.1288e-05, 4.6178e-05, 1.1789e-05, 2.3818e-05, 9.4797e-05,
        7.5427e-05, 5.7473e-05, 4.0824e-05, 5.1622e-05, 1.1146e-04],
       grad_fn=<CatBackward>)

mean_overall=tensor(6.8813e-05, grad_fn=<MeanBackward0>)

-----------------------------------------------ITERATION360-----------------------------------------------

final_causality=[[1, 1, 1, 1, 1, 1, 1, 1, 1, 1, 1, 1, 1], [1, 1, 1, 1, 1, 1, 1, 1, 1, 1, 1, 1, 1, 1, 1, 1, 1, 1, 1, 1, 1, 1, 1, 1, 1, 1, 1, 1, 1, 1, 1, 1, 1, 1, 1, 1, 1, 1, 1, 1, 1, 1, 1, 1, 1, 1, 1, 1, 1, 1], [1, 1, 1, 1, 1, 1, 1, 1, 1, 1, 1, 1, 1, 1, 1, 1, 1, 1, 1, 1, 1, 1, 1, 1, 1, 1, 1, 1, 1, 1, 1, 1, 1, 1, 1, 1, 1, 1, 1, 1, 1, 1, 1, 1, 1, 1, 1, 1, 1, 1]]

means=tensor([4.7003e-04, 1.3878e-17, 4.4945e-05, 1.3878e-17, 3.1946e-04, 4.6989e-05,
        8.2707e-05, 1.3436e-04, 3.4122e-05, 3.6654e-04, 2.6115e-05, 1.4820e-04,
        4.0775e-04, 7.3514e-05, 5.4160e-05, 5.0232e-05, 7.6372e-05, 1.3210e-05,
        2.0695e-05, 8.9838e-06, 5.0344e-05, 1.4995e-04, 1.4229e-05, 3.8574e-05,
        4.8441e-05, 7.7530e-05, 1.3423e-04, 1.5289e-04, 2.8247e-05, 2.8451e-05,
        7.0085e-05, 2.3292e-05, 8.8704e-05, 5.0621e-05, 5.9597e-05, 1.4730e-05,
        1.7653e-04, 1.2823e-05, 4.7281e-05, 1.0391e-04, 1.5773e-05, 5.1368e-05,
        1.5316e-05, 4.1634e-06, 1.8240e-05, 3.6809e-05, 1.0425e-04, 4.9805e-05,
        4.2932e-05, 2.2912e-05, 1.3134e-04, 4.1472e-05, 5.9169e-05, 1.2078e-05,
        2.3574e-05, 1.0991e-04, 4.9639e-05, 1.0948e-04, 9.0232e-05, 1.5923e-04,
        4.3743e-05, 6.9472e-05, 4.9467e-05, 4.0059e-05, 3.3569e-06, 7.6118e-05,
        9.9720e-06, 8.0617e-05, 1.3722e-05, 3.6567e-05, 2.9455e-05, 1.1632e-04,
        8.9453e-05, 3.8541e-05, 5.1803e-05, 4.2611e-05, 6.2710e-05, 2.4049e-05,
        5.9044e-05, 8.4072e-05, 1.4437e-04, 9.3886e-06, 2.9891e-06, 7.2242e-05,
        6.0869e-05, 4.4468e-05, 5.9474e-05, 1.5019e-04, 2.6705e-05, 2.5771e-05,
        5.5747e-05, 1.1167e-04, 6.6529e-05, 1.6323e-04, 5.7851e-05, 3.7529e-05,
        8.2328e-05, 8.1178e-05, 7.0752e-06, 9.7189e-07, 7.9797e-06, 1.1066e-04,
        2.6977e-05, 2.1295e-05, 4.5993e-05, 1.1794e-05, 2.4205e-05, 9.5539e-05,
        7.5874e-05, 5.8765e-05, 4.0352e-05, 5.1650e-05, 1.1240e-04],
       grad_fn=<CatBackward>)

mean_overall=tensor(6.9573e-05, grad_fn=<MeanBackward0>)

-----------------------------------------------ITERATION370-----------------------------------------------

final_causality=[[1, 1, 1, 1, 1, 1, 1, 1, 1, 1, 1, 1, 1], [1, 1, 1, 1, 1, 1, 1, 1, 1, 1, 1, 1, 1, 1, 1, 1, 1, 1, 1, 1, 1, 1, 1, 1, 1, 1, 1, 1, 1, 1, 1, 1, 1, 1, 1, 1, 1, 1, 1, 1, 1, 1, 1, 1, 1, 1, 1, 1, 1, 1], [1, 1, 1, 1, 1, 1, 1, 1, 1, 1, 1, 1, 1, 1, 1, 1, 1, 1, 1, 1, 1, 1, 1, 1, 1, 1, 1, 1, 1, 1, 1, 1, 1, 1, 1, 1, 1, 1, 1, 1, 1, 1, 1, 1, 1, 1, 1, 1, 1, 1]]

means=tensor([4.9560e-04, 1.3878e-17, 4.2152e-05, 1.3878e-17, 3.2037e-04, 4.8812e-05,
        8.2841e-05, 1.3987e-04, 3.2525e-05, 3.7372e-04, 2.6301e-05, 1.4782e-04,
        4.2035e-04, 7.3033e-05, 5.6153e-05, 5.0981e-05, 7.7930e-05, 1.3770e-05,
        2.0548e-05, 8.5790e-06, 5.1645e-05, 1.4997e-04, 1.4953e-05, 3.8943e-05,
        4.8702e-05, 7.8435e-05, 1.3593e-04, 1.5573e-04, 2.8188e-05, 2.8857e-05,
        7.2041e-05, 2.3236e-05, 8.9322e-05, 5.0770e-05, 5.9237e-05, 1.5080e-05,
        1.7663e-04, 1.2285e-05, 4.7007e-05, 1.0488e-04, 1.5800e-05, 5.3051e-05,
        1.5161e-05, 3.7541e-06, 1.8759e-05, 3.6465e-05, 1.0434e-04, 5.0272e-05,
        4.3490e-05, 2.2602e-05, 1.3301e-04, 4.1599e-05, 5.8740e-05, 1.2154e-05,
        2.3848e-05, 1.0966e-04, 5.0790e-05, 1.1077e-04, 9.1404e-05, 1.5988e-04,
        4.3611e-05, 7.0741e-05, 4.8935e-05, 4.0726e-05, 3.3880e-06, 7.6511e-05,
        9.9804e-06, 8.0990e-05, 1.3832e-05, 3.6792e-05, 3.0253e-05, 1.1895e-04,
        8.9466e-05, 3.9553e-05, 5.1822e-05, 4.2642e-05, 6.3494e-05, 2.4263e-05,
        5.9672e-05, 8.4261e-05, 1.4546e-04, 9.3985e-06, 2.9857e-06, 7.3256e-05,
        6.0886e-05, 4.4559e-05, 5.9564e-05, 1.4877e-04, 2.6283e-05, 2.5922e-05,
        5.5750e-05, 1.1170e-04, 6.7263e-05, 1.6435e-04, 5.8410e-05, 3.7555e-05,
        8.3207e-05, 8.2274e-05, 7.2637e-06, 9.8250e-07, 7.9512e-06, 1.1027e-04,
        2.6983e-05, 2.1301e-05, 4.5803e-05, 1.1800e-05, 2.4602e-05, 9.6300e-05,
        7.6333e-05, 6.0078e-05, 3.9874e-05, 5.1677e-05, 1.1338e-04],
       grad_fn=<CatBackward>)

mean_overall=tensor(7.0361e-05, grad_fn=<MeanBackward0>)

-----------------------------------------------ITERATION380-----------------------------------------------

final_causality=[[1, 1, 1, 1, 1, 1, 1, 1, 1, 1, 1, 1, 1], [1, 1, 1, 1, 1, 1, 1, 1, 1, 1, 1, 1, 1, 1, 1, 1, 1, 1, 1, 1, 1, 1, 1, 1, 1, 1, 1, 1, 1, 1, 1, 1, 1, 1, 1, 1, 1, 1, 1, 1, 1, 1, 1, 1, 1, 1, 1, 1, 1, 1], [1, 1, 1, 1, 1, 1, 1, 1, 1, 1, 1, 1, 1, 1, 1, 1, 1, 1, 1, 1, 1, 1, 1, 1, 1, 1, 1, 1, 1, 1, 1, 1, 1, 1, 1, 1, 1, 1, 1, 1, 1, 1, 1, 1, 1, 1, 1, 1, 1, 1]]

means=tensor([5.2167e-04, 0.0000e+00, 3.9285e-05, 0.0000e+00, 3.2131e-04, 5.0675e-05,
        8.2980e-05, 1.4551e-04, 3.0927e-05, 3.8107e-04, 2.6498e-05, 1.4743e-04,
        4.3327e-04, 7.2558e-05, 5.8217e-05, 5.1753e-05, 7.9533e-05, 1.4339e-05,
        2.0402e-05, 8.1743e-06, 5.3014e-05, 1.4999e-04, 1.5695e-05, 3.9508e-05,
        4.8973e-05, 7.9362e-05, 1.3827e-04, 1.5865e-04, 2.8132e-05, 2.9277e-05,
        7.4071e-05, 2.3184e-05, 8.9959e-05, 5.0926e-05, 5.8887e-05, 1.5447e-05,
        1.7675e-04, 1.1749e-05, 4.6739e-05, 1.0587e-04, 1.5830e-05, 5.4803e-05,
        1.5012e-05, 3.3419e-06, 1.9300e-05, 3.6125e-05, 1.0443e-04, 5.0749e-05,
        4.4066e-05, 2.2298e-05, 1.3471e-04, 4.1734e-05, 5.8315e-05, 1.2236e-05,
        2.4130e-05, 1.0941e-04, 5.1977e-05, 1.1208e-04, 9.2604e-05, 1.6084e-04,
        4.3483e-05, 7.2046e-05, 4.8404e-05, 4.1413e-05, 3.4204e-06, 7.6907e-05,
        9.9889e-06, 8.1365e-05, 1.3944e-05, 3.7021e-05, 3.1713e-05, 1.2161e-04,
        8.9479e-05, 4.0577e-05, 5.1840e-05, 4.2673e-05, 6.4456e-05, 2.4484e-05,
        6.0307e-05, 8.4445e-05, 1.4659e-04, 9.4094e-06, 2.9823e-06, 7.4284e-05,
        6.0902e-05, 4.4706e-05, 5.9654e-05, 1.4733e-04, 2.5855e-05, 2.6077e-05,
        5.5755e-05, 1.1173e-04, 6.8014e-05, 1.6551e-04, 5.8981e-05, 3.7581e-05,
        8.4097e-05, 8.3385e-05, 7.4556e-06, 9.9656e-07, 7.9204e-06, 1.0987e-04,
        2.6991e-05, 2.1308e-05, 4.5608e-05, 1.1806e-05, 2.5007e-05, 9.7079e-05,
        7.6804e-05, 6.1411e-05, 3.9389e-05, 5.1704e-05, 1.1439e-04],
       grad_fn=<CatBackward>)

mean_overall=tensor(7.1188e-05, grad_fn=<MeanBackward0>)

-----------------------------------------------ITERATION390-----------------------------------------------

final_causality=[[1, 1, 1, 1, 1, 1, 1, 1, 1, 1, 1, 1, 1], [1, 1, 1, 1, 1, 1, 1, 1, 1, 1, 1, 1, 1, 1, 1, 1, 1, 1, 1, 1, 1, 1, 1, 1, 1, 1, 1, 1, 1, 1, 1, 1, 1, 1, 1, 1, 1, 1, 1, 1, 1, 1, 1, 1, 1, 1, 1, 1, 1, 1], [1, 1, 1, 1, 1, 1, 1, 1, 1, 1, 1, 1, 1, 1, 1, 1, 1, 1, 1, 1, 1, 1, 1, 1, 1, 1, 1, 1, 1, 1, 1, 1, 1, 1, 1, 1, 1, 1, 1, 1, 1, 1, 1, 1, 1, 1, 1, 1, 1, 1]]

means=tensor([5.4826e-04, 1.3878e-17, 3.6342e-05, 1.3878e-17, 3.2228e-04, 5.2578e-05,
        8.3125e-05, 1.5128e-04, 2.9332e-05, 3.8860e-04, 2.6706e-05, 1.4704e-04,
        4.4654e-04, 7.2088e-05, 6.0355e-05, 5.2547e-05, 8.1184e-05, 1.4917e-05,
        2.0257e-05, 7.7697e-06, 5.4427e-05, 1.5001e-04, 1.6455e-05, 4.0194e-05,
        4.9254e-05, 8.0311e-05, 1.4068e-04, 1.6164e-04, 2.8078e-05, 2.9710e-05,
        7.6175e-05, 2.3135e-05, 9.0616e-05, 5.1089e-05, 5.8547e-05, 1.5833e-05,
        1.7688e-04, 1.1214e-05, 4.6480e-05, 1.0688e-04, 1.5861e-05, 5.6628e-05,
        1.4868e-05, 2.9268e-06, 1.9863e-05, 3.6018e-05, 1.0453e-04, 5.1235e-05,
        4.4660e-05, 2.1999e-05, 1.3645e-04, 4.1877e-05, 5.7894e-05, 1.2321e-05,
        2.4420e-05, 1.0916e-04, 5.3199e-05, 1.1343e-04, 9.3834e-05, 1.6187e-04,
        4.3358e-05, 7.3388e-05, 4.7874e-05, 4.2121e-05, 3.4541e-06, 7.7304e-05,
        9.9977e-06, 8.1743e-05, 1.4058e-05, 3.7254e-05, 3.3483e-05, 1.2432e-04,
        8.9491e-05, 4.1613e-05, 5.1858e-05, 4.2704e-05, 6.5448e-05, 2.4712e-05,
        6.0951e-05, 8.4625e-05, 1.4777e-04, 9.4214e-06, 2.9789e-06, 7.5328e-05,
        6.0918e-05, 4.4944e-05, 5.9746e-05, 1.4588e-04, 2.5421e-05, 2.6236e-05,
        5.5760e-05, 1.1177e-04, 6.8782e-05, 1.6672e-04, 5.9564e-05, 3.7605e-05,
        8.4998e-05, 8.4509e-05, 7.6509e-06, 1.0174e-06, 7.8874e-06, 1.0945e-04,
        2.6999e-05, 2.1315e-05, 4.5407e-05, 1.1813e-05, 2.5422e-05, 9.7878e-05,
        7.7287e-05, 6.2766e-05, 3.8898e-05, 5.1730e-05, 1.1544e-04],
       grad_fn=<CatBackward>)

mean_overall=tensor(7.2044e-05, grad_fn=<MeanBackward0>)

-----------------------------------------------ITERATION400-----------------------------------------------

final_causality=[[1, 1, 1, 1, 1, 1, 1, 1, 1, 1, 1, 1, 1], [1, 1, 1, 1, 1, 1, 1, 1, 1, 1, 1, 1, 1, 1, 1, 1, 1, 1, 1, 1, 1, 1, 1, 1, 1, 1, 1, 1, 1, 1, 1, 1, 1, 1, 1, 1, 1, 1, 1, 1, 1, 1, 1, 1, 1, 1, 1, 1, 1, 1], [1, 1, 1, 1, 1, 1, 1, 1, 1, 1, 1, 1, 1, 1, 1, 1, 1, 1, 1, 1, 1, 1, 1, 1, 1, 1, 1, 1, 1, 1, 1, 1, 1, 1, 1, 1, 1, 1, 1, 1, 1, 1, 1, 1, 1, 1, 1, 1, 1, 1]]

means=tensor([5.7537e-04, 0.0000e+00, 3.3319e-05, 0.0000e+00, 3.2329e-04, 5.4522e-05,
        8.3275e-05, 1.5720e-04, 2.7740e-05, 3.9630e-04, 2.6925e-05, 1.4664e-04,
        4.6014e-04, 7.1623e-05, 6.2569e-05, 5.3365e-05, 8.2882e-05, 1.5504e-05,
        2.0113e-05, 7.3652e-06, 5.5887e-05, 1.5005e-04, 1.7235e-05, 4.0900e-05,
        4.9545e-05, 8.1283e-05, 1.4314e-04, 1.6471e-04, 2.8026e-05, 3.0159e-05,
        7.8356e-05, 2.3089e-05, 9.1292e-05, 5.1260e-05, 5.8217e-05, 1.6238e-05,
        1.7702e-04, 1.0681e-05, 4.6228e-05, 1.0790e-04, 1.5895e-05, 5.8527e-05,
        1.4769e-05, 2.5088e-06, 2.0448e-05, 3.5952e-05, 1.0464e-04, 5.1730e-05,
        4.5273e-05, 2.1706e-05, 1.3823e-04, 4.2028e-05, 5.7479e-05, 1.2409e-05,
        2.4718e-05, 1.0891e-04, 5.4457e-05, 1.1480e-04, 9.5092e-05, 1.6294e-04,
        4.3238e-05, 7.4767e-05, 4.7347e-05, 4.2851e-05, 3.4892e-06, 7.7703e-05,
        1.0007e-05, 8.2124e-05, 1.4175e-05, 3.7491e-05, 3.5701e-05, 1.2707e-04,
        8.9502e-05, 4.2659e-05, 5.1877e-05, 4.2735e-05, 6.6461e-05, 2.4947e-05,
        6.1602e-05, 8.4799e-05, 1.4898e-04, 9.4345e-06, 2.9754e-06, 7.6388e-05,
        6.0934e-05, 4.5366e-05, 5.9840e-05, 1.4441e-04, 2.4980e-05, 2.6398e-05,
        5.5766e-05, 1.1181e-04, 6.9569e-05, 1.6798e-04, 6.0158e-05, 3.7629e-05,
        8.5910e-05, 8.5648e-05, 7.8496e-06, 1.0391e-06, 7.8520e-06, 1.0901e-04,
        2.7009e-05, 2.1323e-05, 4.5199e-05, 1.1819e-05, 2.5846e-05, 9.8696e-05,
        7.7783e-05, 6.4142e-05, 3.8401e-05, 5.1755e-05, 1.1653e-04],
       grad_fn=<CatBackward>)

mean_overall=tensor(7.2928e-05, grad_fn=<MeanBackward0>)

-----------------------------------------------ITERATION410-----------------------------------------------

final_causality=[[1, 1, 1, 1, 1, 1, 1, 1, 1, 1, 1, 1, 1], [1, 1, 1, 1, 1, 1, 1, 1, 1, 1, 1, 1, 1, 1, 1, 1, 1, 1, 1, 1, 1, 1, 1, 1, 1, 1, 1, 1, 1, 1, 1, 1, 1, 1, 1, 1, 1, 1, 1, 1, 1, 1, 1, 1, 1, 1, 1, 1, 1, 1], [1, 1, 1, 1, 1, 1, 1, 1, 1, 1, 1, 1, 1, 1, 1, 1, 1, 1, 1, 1, 1, 1, 1, 1, 1, 1, 1, 1, 1, 1, 1, 1, 1, 1, 1, 1, 1, 1, 1, 1, 1, 1, 1, 1, 1, 1, 1, 1, 1, 1]]

means=tensor([6.0302e-04, 0.0000e+00, 3.0214e-05, 0.0000e+00, 3.2432e-04, 5.6507e-05,
        8.3430e-05, 1.6325e-04, 2.6154e-05, 4.0418e-04, 2.7155e-05, 1.4623e-04,
        4.7410e-04, 7.1165e-05, 6.4859e-05, 5.4207e-05, 8.4628e-05, 1.6101e-05,
        1.9970e-05, 6.9608e-06, 5.7393e-05, 1.5009e-04, 1.8034e-05, 4.1626e-05,
        4.9847e-05, 8.2387e-05, 1.4567e-04, 1.6785e-04, 2.7977e-05, 3.0622e-05,
        8.0618e-05, 2.3046e-05, 9.1989e-05, 5.1437e-05, 5.7898e-05, 1.6662e-05,
        1.7718e-04, 1.0150e-05, 4.5985e-05, 1.0895e-04, 1.5932e-05, 6.0503e-05,
        1.4787e-05, 2.0877e-06, 2.1058e-05, 3.5889e-05, 1.0475e-04, 5.2236e-05,
        4.5905e-05, 2.1420e-05, 1.4004e-04, 4.2187e-05, 5.7068e-05, 1.2501e-05,
        2.5025e-05, 1.0866e-04, 5.5753e-05, 1.1621e-04, 9.6379e-05, 1.6403e-04,
        4.3122e-05, 7.6185e-05, 4.6821e-05, 4.3603e-05, 3.5258e-06, 7.8105e-05,
        1.0016e-05, 8.2507e-05, 1.4312e-05, 3.7732e-05, 3.7944e-05, 1.2985e-04,
        8.9514e-05, 4.3717e-05, 5.1895e-05, 4.2765e-05, 6.7494e-05, 2.5189e-05,
        6.2261e-05, 8.4967e-05, 1.5024e-04, 9.4488e-06, 2.9720e-06, 7.7462e-05,
        6.0948e-05, 4.5794e-05, 5.9935e-05, 1.4293e-04, 2.4534e-05, 2.6564e-05,
        5.5773e-05, 1.1186e-04, 7.0373e-05, 1.6928e-04, 6.0766e-05, 3.7651e-05,
        8.6833e-05, 8.6802e-05, 8.0517e-06, 1.0617e-06, 7.8142e-06, 1.0856e-04,
        2.7020e-05, 2.1330e-05, 4.4986e-05, 1.1825e-05, 2.6281e-05, 9.9534e-05,
        7.8292e-05, 6.5539e-05, 3.7897e-05, 5.1780e-05, 1.1765e-04],
       grad_fn=<CatBackward>)

mean_overall=tensor(7.3837e-05, grad_fn=<MeanBackward0>)

-----------------------------------------------ITERATION420-----------------------------------------------

final_causality=[[1, 1, 1, 1, 1, 1, 1, 1, 1, 1, 1, 1, 1], [1, 1, 1, 1, 1, 1, 1, 1, 1, 1, 1, 1, 1, 1, 1, 1, 1, 1, 1, 1, 1, 1, 1, 1, 1, 1, 1, 1, 1, 1, 1, 1, 1, 1, 1, 1, 1, 1, 1, 1, 1, 1, 1, 1, 1, 1, 1, 1, 1, 1], [1, 1, 1, 1, 1, 1, 1, 1, 1, 1, 1, 1, 1, 1, 1, 1, 1, 1, 1, 1, 1, 1, 1, 1, 1, 1, 1, 1, 1, 1, 1, 1, 1, 1, 1, 1, 1, 1, 1, 1, 1, 1, 1, 1, 1, 1, 1, 1, 1, 1]]

means=tensor([6.3122e-04, 1.3878e-17, 2.7024e-05, 1.3878e-17, 3.2539e-04, 5.8535e-05,
        8.3591e-05, 1.6945e-04, 2.4575e-05, 4.1224e-04, 2.7395e-05, 1.4581e-04,
        4.8842e-04, 7.0713e-05, 6.7230e-05, 5.5073e-05, 8.6424e-05, 1.6706e-05,
        1.9827e-05, 6.5566e-06, 5.8947e-05, 1.5013e-04, 1.8854e-05, 4.2374e-05,
        5.0159e-05, 8.3557e-05, 1.4825e-04, 1.7106e-04, 2.7931e-05, 3.1100e-05,
        8.2960e-05, 2.3007e-05, 9.2706e-05, 5.1622e-05, 5.7590e-05, 1.7106e-05,
        1.7735e-04, 9.6211e-06, 4.5751e-05, 1.1001e-04, 1.5971e-05, 6.2559e-05,
        1.4855e-05, 1.6634e-06, 2.1693e-05, 3.5829e-05, 1.0488e-04, 5.2751e-05,
        4.6556e-05, 2.1140e-05, 1.4189e-04, 4.2354e-05, 5.6662e-05, 1.2596e-05,
        2.5342e-05, 1.0841e-04, 5.7085e-05, 1.1764e-04, 9.7697e-05, 1.6515e-04,
        4.3011e-05, 7.7643e-05, 4.6298e-05, 4.4378e-05, 3.5639e-06, 7.8508e-05,
        1.0025e-05, 8.2893e-05, 1.4473e-05, 3.7978e-05, 4.0212e-05, 1.3268e-04,
        8.9525e-05, 4.4786e-05, 5.1913e-05, 4.2796e-05, 6.8548e-05, 2.5438e-05,
        6.2928e-05, 8.5128e-05, 1.5154e-04, 9.4642e-06, 2.9686e-06, 7.8553e-05,
        6.0962e-05, 4.6228e-05, 6.0032e-05, 1.4143e-04, 2.4081e-05, 2.6734e-05,
        5.5781e-05, 1.1191e-04, 7.1368e-05, 1.7064e-04, 6.1385e-05, 3.7673e-05,
        8.7767e-05, 8.7971e-05, 8.2573e-06, 1.0853e-06, 7.7738e-06, 1.0808e-04,
        2.7031e-05, 2.1338e-05, 4.4766e-05, 1.1832e-05, 2.6725e-05, 1.0039e-04,
        7.8814e-05, 6.6958e-05, 3.7386e-05, 5.1805e-05, 1.1881e-04],
       grad_fn=<CatBackward>)

mean_overall=tensor(7.4772e-05, grad_fn=<MeanBackward0>)

-----------------------------------------------ITERATION430-----------------------------------------------

final_causality=[[1, 1, 1, 1, 1, 1, 1, 1, 1, 1, 1, 1, 1], [1, 1, 1, 1, 1, 1, 1, 1, 1, 1, 1, 1, 1, 1, 1, 1, 1, 1, 1, 1, 1, 1, 1, 1, 1, 1, 1, 1, 1, 1, 1, 1, 1, 1, 1, 1, 1, 1, 1, 1, 1, 1, 1, 1, 1, 1, 1, 1, 1, 1], [1, 1, 1, 1, 1, 1, 1, 1, 1, 1, 1, 1, 1, 1, 1, 1, 1, 1, 1, 1, 1, 1, 1, 1, 1, 1, 1, 1, 1, 1, 1, 1, 1, 1, 1, 1, 1, 1, 1, 1, 1, 1, 1, 1, 1, 1, 1, 1, 1, 1]]

means=tensor([6.5998e-04, 0.0000e+00, 2.3747e-05, 0.0000e+00, 3.2650e-04, 6.0605e-05,
        8.3758e-05, 1.7581e-04, 2.3006e-05, 4.2048e-04, 2.7645e-05, 1.4539e-04,
        5.0312e-04, 7.0268e-05, 6.9683e-05, 5.5964e-05, 8.8270e-05, 1.7320e-05,
        1.9686e-05, 6.1526e-06, 6.0551e-05, 1.5018e-04, 1.9695e-05, 4.3142e-05,
        5.0482e-05, 8.4753e-05, 1.5089e-04, 1.7436e-04, 2.7888e-05, 3.1594e-05,
        8.5387e-05, 2.2972e-05, 9.3444e-05, 5.1815e-05, 5.7294e-05, 1.7571e-05,
        1.7753e-04, 9.0945e-06, 4.5525e-05, 1.1110e-04, 1.6013e-05, 6.4696e-05,
        1.4931e-05, 1.2359e-06, 2.2353e-05, 3.5772e-05, 1.0501e-04, 5.3275e-05,
        4.7227e-05, 2.0867e-05, 1.4378e-04, 4.2529e-05, 5.6262e-05, 1.2694e-05,
        2.5668e-05, 1.0816e-04, 5.8456e-05, 1.1910e-04, 9.9044e-05, 1.6629e-04,
        4.2905e-05, 7.9140e-05, 4.5777e-05, 4.5176e-05, 3.6036e-06, 7.8914e-05,
        1.0035e-05, 8.3281e-05, 1.4636e-05, 3.8229e-05, 4.2505e-05, 1.3555e-04,
        8.9537e-05, 4.5867e-05, 5.1932e-05, 4.2826e-05, 6.9623e-05, 2.5695e-05,
        6.3603e-05, 8.5280e-05, 1.5289e-04, 9.4810e-06, 2.9652e-06, 7.9660e-05,
        6.0976e-05, 4.6668e-05, 6.0130e-05, 1.3992e-04, 2.3621e-05, 2.6908e-05,
        5.5790e-05, 1.1197e-04, 7.2400e-05, 1.7205e-04, 6.2018e-05, 3.7692e-05,
        8.8713e-05, 8.9154e-05, 8.4664e-06, 1.1098e-06, 7.7309e-06, 1.0759e-04,
        2.7045e-05, 2.1346e-05, 4.4539e-05, 1.1838e-05, 2.7179e-05, 1.0127e-04,
        7.9349e-05, 6.8398e-05, 3.6869e-05, 5.1828e-05, 1.2001e-04],
       grad_fn=<CatBackward>)

mean_overall=tensor(7.5732e-05, grad_fn=<MeanBackward0>)

-----------------------------------------------ITERATION440-----------------------------------------------

final_causality=[[1, 1, 1, 1, 1, 1, 1, 1, 1, 1, 1, 1, 1], [1, 1, 1, 1, 1, 1, 1, 1, 1, 1, 1, 1, 1, 1, 1, 1, 1, 1, 1, 1, 1, 1, 1, 1, 1, 1, 1, 1, 1, 1, 1, 1, 1, 1, 1, 1, 1, 1, 1, 1, 1, 1, 1, 1, 1, 1, 1, 1, 1, 1], [1, 1, 1, 1, 1, 1, 1, 1, 1, 1, 1, 1, 1, 1, 1, 1, 1, 1, 1, 1, 1, 1, 1, 1, 1, 1, 1, 1, 1, 1, 1, 1, 1, 1, 1, 1, 1, 1, 1, 1, 1, 1, 1, 1, 1, 1, 1, 1, 1, 1]]

means=tensor([6.8932e-04, 0.0000e+00, 2.0380e-05, 0.0000e+00, 3.2764e-04, 6.2719e-05,
        8.3930e-05, 1.8231e-04, 2.1449e-05, 4.2892e-04, 2.7906e-05, 1.4495e-04,
        5.1819e-04, 6.9830e-05, 7.2220e-05, 5.6881e-05, 9.0166e-05, 1.7943e-05,
        1.9545e-05, 5.7488e-06, 6.2206e-05, 1.5024e-04, 2.0558e-05, 4.3933e-05,
        5.0815e-05, 8.5976e-05, 1.5360e-04, 1.7773e-04, 2.7847e-05, 3.2111e-05,
        8.7899e-05, 2.2968e-05, 9.4203e-05, 5.2015e-05, 5.7010e-05, 1.8059e-05,
        1.7773e-04, 8.5704e-06, 4.5308e-05, 1.1220e-04, 1.6058e-05, 6.6917e-05,
        1.5016e-05, 8.0488e-07, 2.3039e-05, 3.5718e-05, 1.0514e-04, 5.3810e-05,
        4.7919e-05, 2.0601e-05, 1.4571e-04, 4.2713e-05, 5.5868e-05, 1.2796e-05,
        2.6004e-05, 1.0792e-04, 5.9866e-05, 1.2060e-04, 1.0042e-04, 1.6746e-04,
        4.2803e-05, 8.0677e-05, 4.5260e-05, 4.5998e-05, 3.6450e-06, 7.9322e-05,
        1.0045e-05, 8.3671e-05, 1.4803e-05, 3.8484e-05, 4.4823e-05, 1.3846e-04,
        8.9548e-05, 4.6958e-05, 5.1950e-05, 4.2857e-05, 7.0720e-05, 2.5960e-05,
        6.4286e-05, 8.5424e-05, 1.5429e-04, 9.4990e-06, 2.9619e-06, 8.0782e-05,
        6.0988e-05, 4.7114e-05, 6.0230e-05, 1.3839e-04, 2.3155e-05, 2.7086e-05,
        5.5801e-05, 1.1203e-04, 7.3455e-05, 1.7351e-04, 6.2664e-05, 3.7711e-05,
        8.9670e-05, 9.0972e-05, 8.6792e-06, 1.1353e-06, 7.6853e-06, 1.0707e-04,
        2.7059e-05, 2.1355e-05, 4.4305e-05, 1.1845e-05, 2.7644e-05, 1.0218e-04,
        7.9897e-05, 6.9861e-05, 3.6345e-05, 5.1851e-05, 1.2125e-04],
       grad_fn=<CatBackward>)

mean_overall=tensor(7.6722e-05, grad_fn=<MeanBackward0>)

