loss_training=[0.15375648531258337, 0.02995181955270029, 0.0016028875716552705, 0.005512369548158016, 0.0028255192155138935, 0.0016328238023698986, 0.001835567987806196, 0.0015986566104206484, 0.001604707861623466, 0.0015817705475918114, 0.0015724671565361431, 0.0015652418968237283, 0.0015577316725369236, 0.0015506405884580582, 0.001543149235228653, 0.0015353823384853804, 0.0015271415458003412, 0.0015185118252794708, 0.001509559896668821, 0.001500279106625092, 0.0014906138783173169, 0.0014804077235714924, 0.0014697637618874065, 0.0014587420097774814, 0.0014473337834174473, 0.0014355395056543905, 0.0014233599899828619, 0.0014107473705071945, 0.0013977081882808342, 0.001384226416185513, 0.0013702588257525883, 0.0013558624024479927, 0.001341020865686503, 0.0013256618576332185, 0.0013098309751746469, 0.0012935407330843538, 0.0012767719961712086, 0.0012594525317568379, 0.0012415993408265399, 0.0012232084353620463, 0.001204277704369676, 0.001184812415718769, 0.0011647151971270742, 0.001144039683926857, 0.001122703082702062]

test_loss_training=[0.03878258420871351, 0.06379361421946665, 0.14220880425187052, 0.17735481015043503, 0.15420752131907167, 0.12906580431711737, 0.1252404104999695, 0.1329541118964775, 0.13716446469813404, 0.13514341102267874, 0.1330280918845488, 0.13333559042449222, 0.1340208220967259, 0.13379819864237655, 0.13339232006132287, 0.13332505570931746, 0.1333014923992343, 0.13314064786230886, 0.13297516805034618, 0.13285398777281704, 0.1327183383425071, 0.13255633023464353, 0.1324044924270672, 0.1322518311082776, 0.13208770812567275, 0.1319198192257603, 0.13174907115223988, 0.13157217194208107, 0.13139007636660763, 0.13120340178156045, 0.1310113441223402, 0.13081390941031892, 0.13061117941064365, 0.13040290441332214, 0.1301889723421421, 0.1299692913183735, 0.129743703748446, 0.12951208220449972, 0.12927432941426295, 0.12903026340301124, 0.12877969532982791, 0.12852248980846648, 0.12825846643873132, 0.12798744700545547, 0.1277092689045052]

loss_control_training_MSE=[0.1369426405549117, 0.024071283115194207, 0.002319923727056023, 0.006109062742193643, 0.0030915483690101943, 0.002237762455807916, 0.0023824144371713575, 0.002165215008770965, 0.002183662437118017, 0.0021606400476032917, 0.002156821427344545, 0.0021529774354640038, 0.002150174689424471, 0.0021473427060384365, 0.0021444433106716913, 0.00214154600065998, 0.0021385753424022617, 0.0021354690194064717, 0.002132265691503263, 0.0021289719030060943, 0.002125578220361504, 0.002122053565748322, 0.0021184231262937054, 0.00211468987391787, 0.002110853074005825, 0.002106914946297606, 0.002102875488766068, 0.002098733344288201, 0.0020944880083286887, 0.0020901387596090272, 0.0020856843825694605, 0.0020811237735229348, 0.0020764557519322635, 0.002071678931403128, 0.0020667918928163388, 0.002061793172497775, 0.002056681234089786, 0.002051454505055567, 0.0020461114060433784, 0.0020406502999295324, 0.0020350695134543594, 0.002029367406619196, 0.0020235423465319352, 0.0020175927272051454, 0.0020115169841032213]

variances=[2.0899316033913956e-09, 2.0033459401611036e-09, 2.400809992799548e-09, 2.620557627659244e-09, 2.538663913204725e-09, 2.4235471403898916e-09, 2.424985459440613e-09, 2.5114772155255457e-09, 2.5918737835218848e-09, 2.636883670026332e-09, 2.68354084566299e-09, 2.7531595796756247e-09, 2.8344551942702418e-09, 2.9172959676088627e-09, 3.0062353281188294e-09, 3.1063021986636663e-09, 3.2166859460513486e-09, 3.3354117448010626e-09, 3.4642883956502833e-09, 3.604478496522245e-09, 3.755827241306212e-09, 3.9186348712011086e-09, 4.095090076500345e-09, 4.285570097211593e-09, 4.490707474947908e-09, 4.711370922560256e-09, 4.9484063344661804e-09, 5.202882786763592e-09, 5.475952302477228e-09, 5.768463660161757e-09, 6.08122088431635e-09, 6.416216302351571e-09, 6.774453205159422e-09, 7.156756442964181e-09, 7.565203589635184e-09, 8.001462156710944e-09, 8.467561769041713e-09, 8.965597766873969e-09, 9.496813433631532e-09, 1.0063591975498717e-08, 1.0668487311593176e-08, 1.131374492433204e-08, 1.200279234186743e-08, 1.2737326843344708e-08, 1.352013457111259e-08]

ACE_values=[5.543377490080921e-05, 5.491846851782794e-05, 5.6539807531488817e-05, 5.7948329933862574e-05, 5.738736476923995e-05, 5.6773585252649444e-05, 5.687839357132021e-05, 5.735404571755768e-05, 5.7798479344164294e-05, 5.810835221839683e-05, 5.8424148812944526e-05, 5.88250785438131e-05, 5.9264091714660694e-05, 5.9702024955741844e-05, 6.015728013918922e-05, 6.064585057703656e-05, 6.117359858942708e-05, 6.172730520599457e-05, 6.230300100914179e-05, 6.290265324100628e-05, 6.353102609488378e-05, 6.420032416428096e-05, 6.490270024672544e-05, 6.563258723610262e-05, 6.639075615352573e-05, 6.717737894854057e-05, 6.799240494279721e-05, 6.884048269002396e-05, 6.972090113038185e-05, 7.063519791270214e-05, 7.15875757547297e-05, 7.257222439782245e-05, 7.35906560821183e-05, 7.464996921821417e-05, 7.574546223415936e-05, 7.687573805410576e-05, 7.804255711447748e-05, 7.925298569407692e-05, 8.050516575873443e-05, 8.179933335086463e-05, 8.31355320178649e-05, 8.45130707598248e-05, 8.594152345381288e-05, 8.741536548748539e-05, 8.894271961761345e-05]

-------------------------------CAUSAL NEURAL NET-------------------------------

loss_test_causal=tensor(0.1275, grad_fn=<MseLossBackward>)

