-----------------------------------------------ITERATION0-----------------------------------------------

final_causality=[[1, 1, 1, 1, 1, 1, 1, 1, 1, 1, 1, 1, 1], [1, 1, 1, 1, 1, 1, 1, 1, 1, 1, 1, 1, 1, 1, 1, 1, 1, 1, 1, 1, 1, 1, 1, 1, 1, 1, 1, 1, 1, 1, 1, 1, 1, 1, 1, 1, 1, 1, 1, 1, 1, 1, 1, 1, 1, 1, 1, 1, 1, 1], [1, 1, 1, 1, 1, 1, 1, 1, 1, 1, 1, 1, 1, 1, 1, 1, 1, 1, 1, 1, 1, 1, 1, 1, 1, 1, 1, 1, 1, 1, 1, 1, 1, 1, 1, 1, 1, 1, 1, 1, 1, 1, 1, 1, 1, 1, 1, 1, 1, 1]]

means=tensor([8.6028e-05, 0.0000e+00, 0.0000e+00, 0.0000e+00, 4.7539e-06, 4.3574e-05,
        8.6567e-05, 2.4065e-05, 0.0000e+00, 0.0000e+00, 0.0000e+00, 2.1367e-04,
        2.3966e-04, 2.5312e-05, 2.3760e-05, 7.6627e-05, 6.1205e-05, 1.7542e-05,
        2.3071e-05, 1.3080e-05, 5.6123e-05, 4.8418e-06, 2.1131e-05, 7.9850e-06,
        7.6963e-05, 8.3136e-06, 9.5339e-06, 2.4269e-05, 1.2469e-05, 1.0175e-05,
        3.6864e-05, 7.7667e-05, 1.1267e-05, 1.0329e-05, 1.1596e-06, 9.0821e-05,
        2.7531e-05, 9.4843e-05, 5.3499e-05, 1.1820e-05, 3.8207e-05, 1.9572e-05,
        1.0166e-04, 8.3029e-06, 4.1816e-05, 5.7983e-06, 9.1444e-07, 4.1782e-05,
        1.6472e-05, 4.3931e-05, 2.6307e-05, 4.6814e-05, 1.5481e-05, 3.4003e-05,
        2.3486e-05, 4.0292e-05, 8.1627e-06, 2.0900e-05, 2.2177e-05, 2.8881e-05,
        4.8827e-06, 6.8328e-05, 1.0051e-04, 2.1268e-05, 1.1578e-04, 2.3249e-05,
        7.9303e-06, 4.4017e-05, 6.7514e-05, 7.7790e-06, 3.3431e-05, 7.9313e-07,
        4.3450e-05, 1.2787e-06, 7.3237e-05, 3.4903e-05, 2.6972e-05, 4.7603e-05,
        3.3289e-05, 2.0692e-05, 1.0901e-05, 5.9120e-05, 2.0162e-06, 4.5515e-05,
        7.9730e-05, 3.4764e-05, 4.9551e-05, 5.6972e-05, 1.0741e-05, 7.3968e-05,
        8.9933e-06, 2.9942e-05, 6.1962e-05, 6.5778e-05, 8.4866e-05, 9.0289e-06,
        7.3911e-06, 2.6032e-05, 4.8900e-05, 2.2386e-05, 9.6879e-05, 5.5281e-05,
        3.5503e-05, 1.9144e-05, 6.3031e-05, 5.3054e-05, 9.5096e-06, 3.7354e-05,
        3.1227e-05, 2.2954e-05, 4.8973e-05, 2.9319e-06, 4.0223e-05],
       grad_fn=<CatBackward>)

mean_overall=tensor(3.7637e-05, grad_fn=<MeanBackward0>)

-----------------------------------------------ITERATION10-----------------------------------------------

final_causality=[[1, 1, 1, 1, 1, 1, 1, 1, 1, 1, 1, 1, 1], [1, 1, 1, 1, 1, 1, 1, 1, 1, 1, 1, 1, 1, 1, 1, 1, 1, 1, 1, 1, 1, 1, 1, 1, 1, 1, 1, 1, 1, 1, 1, 1, 1, 1, 1, 1, 1, 1, 1, 1, 1, 1, 1, 1, 1, 1, 1, 1, 1, 1], [1, 1, 1, 1, 1, 1, 1, 1, 1, 1, 1, 1, 1, 1, 1, 1, 1, 1, 1, 1, 1, 1, 1, 1, 1, 1, 1, 1, 1, 1, 1, 1, 1, 1, 1, 1, 1, 1, 1, 1, 1, 1, 1, 1, 1, 1, 1, 1, 1, 1]]

means=tensor([6.3474e-05, 0.0000e+00, 0.0000e+00, 0.0000e+00, 2.6422e-07, 4.6911e-05,
        8.2452e-05, 2.4036e-05, 0.0000e+00, 0.0000e+00, 0.0000e+00, 2.0074e-04,
        2.2961e-04, 2.4050e-05, 2.5593e-05, 7.7279e-05, 6.1938e-05, 1.9173e-05,
        2.1877e-05, 1.1505e-05, 5.4018e-05, 5.7554e-06, 2.3543e-05, 6.2990e-06,
        7.6973e-05, 9.4540e-06, 1.2814e-05, 2.3165e-05, 1.1980e-05, 1.2306e-05,
        3.8250e-05, 7.6562e-05, 1.2504e-05, 7.9876e-06, 2.5791e-06, 9.0851e-05,
        2.7687e-05, 9.5584e-05, 5.2419e-05, 1.3241e-05, 3.7357e-05, 1.9966e-05,
        1.0429e-04, 9.2077e-06, 4.2505e-05, 6.4639e-06, 1.1512e-06, 4.1353e-05,
        1.4549e-05, 4.6071e-05, 2.5013e-05, 4.7841e-05, 1.4405e-05, 3.2882e-05,
        2.0290e-05, 3.9965e-05, 1.0014e-05, 2.3041e-05, 2.1611e-05, 2.8534e-05,
        6.0369e-06, 6.5983e-05, 9.6548e-05, 2.1482e-05, 1.1597e-04, 2.3475e-05,
        7.6892e-06, 4.4356e-05, 6.5550e-05, 7.5491e-06, 3.3201e-05, 9.9578e-07,
        4.2536e-05, 1.4873e-06, 7.3676e-05, 3.4432e-05, 2.7533e-05, 4.8933e-05,
        3.3586e-05, 2.0349e-05, 1.0809e-05, 5.8258e-05, 2.1439e-06, 4.4579e-05,
        7.9888e-05, 3.4496e-05, 4.9667e-05, 5.7527e-05, 1.0963e-05, 7.3353e-05,
        8.8514e-06, 2.9498e-05, 6.1395e-05, 6.5752e-05, 8.4102e-05, 9.0914e-06,
        7.1785e-06, 2.6087e-05, 4.8571e-05, 2.2224e-05, 9.4278e-05, 5.5308e-05,
        3.5211e-05, 1.9445e-05, 6.3484e-05, 5.2974e-05, 9.4024e-06, 3.7150e-05,
        3.0961e-05, 2.2831e-05, 4.9050e-05, 2.8878e-06, 4.0506e-05],
       grad_fn=<CatBackward>)

mean_overall=tensor(3.7156e-05, grad_fn=<MeanBackward0>)

-----------------------------------------------ITERATION20-----------------------------------------------

final_causality=[[1, 1, 1, 1, 1, 1, 1, 1, 1, 1, 1, 1, 1], [1, 1, 1, 1, 1, 1, 1, 1, 1, 1, 1, 1, 1, 1, 1, 1, 1, 1, 1, 1, 1, 1, 1, 1, 1, 1, 1, 1, 1, 1, 1, 1, 1, 1, 1, 1, 1, 1, 1, 1, 1, 1, 1, 1, 1, 1, 1, 1, 1, 1], [1, 1, 1, 1, 1, 1, 1, 1, 1, 1, 1, 1, 1, 1, 1, 1, 1, 1, 1, 1, 1, 1, 1, 1, 1, 1, 1, 1, 1, 1, 1, 1, 1, 1, 1, 1, 1, 1, 1, 1, 1, 1, 1, 1, 1, 1, 1, 1, 1, 1]]

means=tensor([3.3941e-05, 0.0000e+00, 0.0000e+00, 0.0000e+00, 7.0976e-06, 5.0103e-05,
        7.6678e-05, 2.3806e-05, 0.0000e+00, 0.0000e+00, 0.0000e+00, 1.8470e-04,
        2.0506e-04, 2.3419e-05, 2.6759e-05, 7.6395e-05, 6.2189e-05, 2.0477e-05,
        2.0995e-05, 1.0734e-05, 5.1782e-05, 6.2923e-06, 2.5840e-05, 5.1414e-06,
        7.6472e-05, 1.0502e-05, 1.6664e-05, 2.2419e-05, 1.2010e-05, 1.4393e-05,
        3.9281e-05, 7.3366e-05, 1.3179e-05, 5.3850e-06, 3.1215e-06, 8.9620e-05,
        2.6420e-05, 9.5283e-05, 5.2262e-05, 1.4377e-05, 3.6921e-05, 1.9736e-05,
        1.0706e-04, 9.6383e-06, 4.2486e-05, 8.8711e-06, 3.7176e-07, 4.1595e-05,
        1.2302e-05, 4.7879e-05, 2.4652e-05, 4.8228e-05, 1.3329e-05, 3.1847e-05,
        1.6693e-05, 3.8910e-05, 1.1558e-05, 2.4900e-05, 2.1443e-05, 2.8822e-05,
        6.8859e-06, 6.4321e-05, 9.2160e-05, 2.1849e-05, 1.1602e-04, 2.3598e-05,
        7.4909e-06, 4.5118e-05, 6.2931e-05, 7.2698e-06, 3.2993e-05, 1.1314e-06,
        4.1603e-05, 1.6146e-06, 7.4558e-05, 3.4125e-05, 2.8123e-05, 5.0939e-05,
        3.3912e-05, 2.0046e-05, 1.0751e-05, 5.7393e-05, 2.2210e-06, 4.3333e-05,
        8.0637e-05, 3.4094e-05, 4.9520e-05, 5.8091e-05, 1.1123e-05, 7.3063e-05,
        8.7286e-06, 2.9030e-05, 6.0796e-05, 6.6174e-05, 8.3011e-05, 9.2309e-06,
        7.0639e-06, 2.6160e-05, 4.8099e-05, 2.2084e-05, 9.0797e-05, 5.5342e-05,
        3.4769e-05, 1.9716e-05, 6.4223e-05, 5.2736e-05, 9.1262e-06, 3.6821e-05,
        3.0625e-05, 2.2648e-05, 4.9504e-05, 2.9551e-06, 4.0609e-05],
       grad_fn=<CatBackward>)

mean_overall=tensor(3.6465e-05, grad_fn=<MeanBackward0>)

-----------------------------------------------ITERATION30-----------------------------------------------

final_causality=[[1, 1, 1, 1, 1, 1, 1, 1, 1, 1, 1, 1, 1], [1, 1, 1, 1, 1, 1, 1, 1, 1, 1, 1, 1, 1, 1, 1, 1, 1, 1, 1, 1, 1, 1, 1, 1, 1, 1, 1, 1, 1, 1, 1, 1, 1, 1, 1, 1, 1, 1, 1, 1, 1, 1, 1, 1, 1, 1, 1, 1, 1, 1], [1, 1, 1, 1, 1, 1, 1, 1, 1, 1, 1, 1, 1, 1, 1, 1, 1, 1, 1, 1, 1, 1, 1, 1, 1, 1, 1, 1, 1, 1, 1, 1, 1, 1, 1, 1, 1, 1, 1, 1, 1, 1, 1, 1, 1, 1, 1, 1, 1, 1]]

means=tensor([8.7892e-06, 0.0000e+00, 0.0000e+00, 0.0000e+00, 1.6051e-05, 5.3193e-05,
        7.0049e-05, 2.3462e-05, 0.0000e+00, 0.0000e+00, 0.0000e+00, 1.6747e-04,
        1.7354e-04, 2.3273e-05, 2.7471e-05, 7.4567e-05, 6.2181e-05, 2.1524e-05,
        2.0382e-05, 1.0578e-05, 4.9648e-05, 6.6166e-06, 2.8037e-05, 4.4292e-06,
        7.5690e-05, 1.1464e-05, 2.0897e-05, 2.1964e-05, 1.2720e-05, 1.6430e-05,
        4.0090e-05, 6.9169e-05, 1.3461e-05, 2.7392e-06, 3.0928e-06, 8.7743e-05,
        2.4336e-05, 9.4316e-05, 5.2765e-05, 1.5294e-05, 3.6756e-05, 1.9124e-05,
        1.0983e-04, 9.7637e-06, 4.2051e-05, 1.2498e-05, 1.1006e-06, 4.2232e-05,
        9.9264e-06, 4.9426e-05, 2.4968e-05, 4.8270e-05, 1.2337e-05, 3.0938e-05,
        1.3069e-05, 3.7477e-05, 1.2863e-05, 2.6537e-05, 2.1564e-05, 2.9576e-05,
        7.5363e-06, 6.3345e-05, 8.7767e-05, 2.2287e-05, 1.1597e-04, 2.3666e-05,
        7.3165e-06, 4.6214e-05, 6.0093e-05, 6.9983e-06, 3.2817e-05, 1.2178e-06,
        4.1299e-05, 1.6851e-06, 7.5538e-05, 3.3885e-05, 2.8693e-05, 5.3302e-05,
        3.4247e-05, 1.9823e-05, 1.0711e-05, 5.6621e-05, 2.2597e-06, 4.2033e-05,
        8.1576e-05, 3.3665e-05, 4.9241e-05, 5.8625e-05, 1.1233e-05, 7.3011e-05,
        8.6099e-06, 2.8593e-05, 6.0215e-05, 6.6762e-05, 8.1826e-05, 9.4348e-06,
        6.9049e-06, 2.6259e-05, 4.7556e-05, 2.2015e-05, 8.7118e-05, 5.5435e-05,
        3.4488e-05, 1.9977e-05, 6.4991e-05, 5.2455e-05, 8.9507e-06, 3.6443e-05,
        3.0358e-05, 2.2453e-05, 5.0286e-05, 3.0890e-06, 4.0588e-05],
       grad_fn=<CatBackward>)

mean_overall=tensor(3.5763e-05, grad_fn=<MeanBackward0>)

-----------------------------------------------ITERATION40-----------------------------------------------

final_causality=[[1, 1, 1, 1, 1, 1, 1, 1, 1, 1, 1, 1, 1], [1, 1, 1, 1, 1, 1, 1, 1, 1, 1, 1, 1, 1, 1, 1, 1, 1, 1, 1, 1, 1, 1, 1, 1, 1, 1, 1, 1, 1, 1, 1, 1, 1, 1, 1, 1, 1, 1, 1, 1, 1, 1, 1, 1, 1, 1, 1, 1, 1, 1], [1, 1, 1, 1, 1, 1, 1, 1, 1, 1, 1, 1, 1, 1, 1, 1, 1, 1, 1, 1, 1, 1, 1, 1, 1, 1, 1, 1, 1, 1, 1, 1, 1, 1, 1, 1, 1, 1, 1, 1, 1, 1, 1, 1, 1, 1, 1, 1, 1, 1]]

means=tensor([4.2304e-05, 0.0000e+00, 0.0000e+00, 0.0000e+00, 2.6112e-05, 5.5622e-05,
        6.2991e-05, 2.2982e-05, 0.0000e+00, 0.0000e+00, 0.0000e+00, 1.5062e-04,
        1.3376e-04, 2.3949e-05, 2.7302e-05, 7.1433e-05, 6.1715e-05, 2.1970e-05,
        2.0322e-05, 1.1467e-05, 4.7868e-05, 6.4387e-06, 2.9729e-05, 4.5648e-06,
        7.4774e-05, 1.2139e-05, 2.5080e-05, 2.2107e-05, 1.4214e-05, 1.8036e-05,
        4.0350e-05, 6.3992e-05, 1.3004e-05, 3.9071e-07, 2.0951e-06, 8.4930e-05,
        2.1202e-05, 9.2427e-05, 5.4434e-05, 1.5705e-05, 3.7119e-05, 1.7963e-05,
        1.1226e-04, 9.3358e-06, 4.0925e-05, 1.7686e-05, 3.7351e-06, 4.3530e-05,
        7.7283e-06, 5.0278e-05, 2.6413e-05, 4.7620e-05, 1.1645e-05, 3.0355e-05,
        9.8565e-06, 3.5576e-05, 1.3562e-05, 2.7540e-05, 2.2206e-05, 3.1025e-05,
        7.7290e-06, 6.3627e-05, 8.3911e-05, 2.2770e-05, 1.1571e-04, 2.3608e-05,
        7.2047e-06, 4.7747e-05, 5.7011e-05, 6.7709e-06, 3.2742e-05, 1.2040e-06,
        4.0957e-05, 1.6525e-06, 7.6722e-05, 3.3773e-05, 2.9269e-05, 5.6059e-05,
        3.4518e-05, 1.9754e-05, 1.0707e-05, 5.6014e-05, 2.2306e-06, 4.0774e-05,
        8.2852e-05, 3.3233e-05, 4.8755e-05, 5.9127e-05, 1.1233e-05, 7.3302e-05,
        8.5358e-06, 2.8281e-05, 5.9760e-05, 6.7717e-05, 8.0573e-05, 9.7369e-06,
        6.6909e-06, 2.6352e-05, 4.7022e-05, 2.2220e-05, 8.3359e-05, 5.5628e-05,
        3.4079e-05, 2.0181e-05, 6.5650e-05, 5.2148e-05, 8.7003e-06, 3.6019e-05,
        3.0029e-05, 2.2420e-05, 5.1517e-05, 3.3354e-06, 4.0377e-05],
       grad_fn=<CatBackward>)

mean_overall=tensor(3.5519e-05, grad_fn=<MeanBackward0>)

-----------------------------------------------ITERATION50-----------------------------------------------

final_causality=[[1, 1, 1, 1, 1, 1, 1, 1, 1, 1, 1, 1, 1], [1, 1, 1, 1, 1, 1, 1, 1, 1, 1, 1, 1, 1, 1, 1, 1, 1, 1, 1, 1, 1, 1, 1, 1, 1, 1, 1, 1, 1, 1, 1, 1, 1, 1, 1, 1, 1, 1, 1, 1, 1, 1, 1, 1, 1, 1, 1, 1, 1, 1], [1, 1, 1, 1, 1, 1, 1, 1, 1, 1, 1, 1, 1, 1, 1, 1, 1, 1, 1, 1, 1, 1, 1, 1, 1, 1, 1, 1, 1, 1, 1, 1, 1, 1, 1, 1, 1, 1, 1, 1, 1, 1, 1, 1, 1, 1, 1, 1, 1, 1]]

means=tensor([7.7910e-05, 0.0000e+00, 0.0000e+00, 0.0000e+00, 3.7222e-05, 5.8629e-05,
        5.5128e-05, 2.2470e-05, 0.0000e+00, 0.0000e+00, 0.0000e+00, 1.3272e-04,
        9.0722e-05, 2.4804e-05, 2.7275e-05, 6.7964e-05, 6.1313e-05, 2.2529e-05,
        2.0322e-05, 1.2573e-05, 4.6070e-05, 6.2770e-06, 3.1798e-05, 4.8298e-06,
        7.4231e-05, 1.3152e-05, 3.0072e-05, 2.2338e-05, 1.6008e-05, 1.9973e-05,
        4.0709e-05, 5.8801e-05, 1.2523e-05, 2.7943e-06, 1.0648e-06, 8.2001e-05,
        1.7880e-05, 9.0415e-05, 5.6357e-05, 1.6225e-05, 3.7524e-05, 1.6708e-05,
        1.1500e-04, 8.9291e-06, 3.9766e-05, 2.3979e-05, 6.8890e-06, 4.4976e-05,
        5.2992e-06, 5.1353e-05, 2.8144e-05, 4.7045e-05, 1.0951e-05, 2.9787e-05,
        6.4602e-06, 3.3821e-05, 1.4425e-05, 2.8784e-05, 2.2956e-05, 3.2752e-05,
        8.0341e-06, 6.4050e-05, 7.9861e-05, 2.3763e-05, 1.1543e-04, 2.3588e-05,
        7.0835e-06, 4.9593e-05, 5.3716e-05, 6.5600e-06, 3.2654e-05, 1.1913e-06,
        4.0628e-05, 1.6233e-06, 7.7911e-05, 3.3631e-05, 2.9892e-05, 5.9130e-05,
        3.4845e-05, 1.9727e-05, 1.0687e-05, 5.5441e-05, 2.2017e-06, 3.9566e-05,
        8.4172e-05, 3.2834e-05, 4.8248e-05, 5.9661e-05, 1.1230e-05, 7.3674e-05,
        8.4338e-06, 2.8012e-05, 5.9235e-05, 6.8701e-05, 7.9333e-05, 1.0102e-05,
        6.4806e-06, 2.6441e-05, 4.6569e-05, 2.2448e-05, 8.0187e-05, 5.5895e-05,
        3.3656e-05, 2.0446e-05, 6.6462e-05, 5.2097e-05, 8.3903e-06, 3.5721e-05,
        2.9700e-05, 2.2419e-05, 5.3073e-05, 3.6294e-06, 4.0151e-05],
       grad_fn=<CatBackward>)

mean_overall=tensor(3.5388e-05, grad_fn=<MeanBackward0>)

-----------------------------------------------ITERATION60-----------------------------------------------

final_causality=[[1, 1, 1, 1, 1, 1, 1, 1, 1, 1, 1, 1, 1], [1, 1, 1, 1, 1, 1, 1, 1, 1, 1, 1, 1, 1, 1, 1, 1, 1, 1, 1, 1, 1, 1, 1, 1, 1, 1, 1, 1, 1, 1, 1, 1, 1, 1, 1, 1, 1, 1, 1, 1, 1, 1, 1, 1, 1, 1, 1, 1, 1, 1], [1, 1, 1, 1, 1, 1, 1, 1, 1, 1, 1, 1, 1, 1, 1, 1, 1, 1, 1, 1, 1, 1, 1, 1, 1, 1, 1, 1, 1, 1, 1, 1, 1, 1, 1, 1, 1, 1, 1, 1, 1, 1, 1, 1, 1, 1, 1, 1, 1, 1]]

means=tensor([1.1607e-04, 0.0000e+00, 0.0000e+00, 0.0000e+00, 4.9417e-05, 6.2602e-05,
        4.6364e-05, 2.1953e-05, 0.0000e+00, 0.0000e+00, 0.0000e+00, 1.1344e-04,
        4.5320e-05, 2.5724e-05, 2.7608e-05, 6.4392e-05, 6.1098e-05, 2.3351e-05,
        2.0297e-05, 1.3778e-05, 4.4214e-05, 6.2511e-06, 3.4445e-05, 5.1047e-06,
        7.3767e-05, 1.4611e-05, 3.6096e-05, 2.2570e-05, 1.8046e-05, 2.2415e-05,
        4.1314e-05, 5.3641e-05, 1.2176e-05, 6.5645e-06, 1.9405e-07, 7.9147e-05,
        1.4584e-05, 8.8490e-05, 5.8354e-05, 1.6992e-05, 3.7878e-05, 1.5465e-05,
        1.1822e-04, 8.6774e-06, 3.8729e-05, 3.1321e-05, 1.0614e-05, 4.6971e-05,
        2.5835e-06, 5.2846e-05, 3.0003e-05, 4.6709e-05, 1.0215e-05, 2.9193e-05,
        2.7945e-06, 3.2267e-05, 1.5619e-05, 3.0468e-05, 2.3801e-05, 3.5068e-05,
        8.5881e-06, 6.4441e-05, 7.5548e-05, 2.5209e-05, 1.1517e-04, 2.3633e-05,
        6.9413e-06, 5.1707e-05, 5.0328e-05, 6.3484e-06, 3.2532e-05, 1.2000e-06,
        4.0329e-05, 1.6188e-06, 7.9068e-05, 3.3428e-05, 3.0605e-05, 6.2469e-05,
        3.5252e-05, 1.9679e-05, 1.0642e-05, 5.4886e-05, 2.2045e-06, 3.8377e-05,
        8.5469e-05, 3.2469e-05, 4.7761e-05, 6.0271e-05, 1.1249e-05, 7.4046e-05,
        8.2918e-06, 2.7814e-05, 5.8623e-05, 6.9664e-05, 7.8131e-05, 1.0517e-05,
        6.2895e-06, 2.6521e-05, 4.6050e-05, 2.2686e-05, 7.6939e-05, 5.6238e-05,
        3.3245e-05, 2.0791e-05, 6.7458e-05, 5.2026e-05, 8.0249e-06, 3.5422e-05,
        2.9366e-05, 2.2382e-05, 5.4919e-05, 3.9527e-06, 3.9935e-05],
       grad_fn=<CatBackward>)

mean_overall=tensor(3.5368e-05, grad_fn=<MeanBackward0>)

-----------------------------------------------ITERATION70-----------------------------------------------

final_causality=[[1, 1, 1, 1, 1, 1, 1, 1, 1, 1, 1, 1, 1], [1, 1, 1, 1, 1, 1, 1, 1, 1, 1, 1, 1, 1, 1, 1, 1, 1, 1, 1, 1, 1, 1, 1, 1, 1, 1, 1, 1, 1, 1, 1, 1, 1, 1, 1, 1, 1, 1, 1, 1, 1, 1, 1, 1, 1, 1, 1, 1, 1, 1], [1, 1, 1, 1, 1, 1, 1, 1, 1, 1, 1, 1, 1, 1, 1, 1, 1, 1, 1, 1, 1, 1, 1, 1, 1, 1, 1, 1, 1, 1, 1, 1, 1, 1, 1, 1, 1, 1, 1, 1, 1, 1, 1, 1, 1, 1, 1, 1, 1, 1]]

means=tensor([1.5712e-04, 0.0000e+00, 0.0000e+00, 0.0000e+00, 6.2792e-05, 6.7612e-05,
        3.6670e-05, 2.1423e-05, 0.0000e+00, 0.0000e+00, 0.0000e+00, 9.2839e-05,
        6.6134e-06, 2.6801e-05, 2.8201e-05, 6.0653e-05, 6.1035e-05, 2.4364e-05,
        2.0323e-05, 1.5229e-05, 4.2886e-05, 6.3161e-06, 3.7606e-05, 5.5043e-06,
        7.3369e-05, 1.6465e-05, 4.3127e-05, 2.2886e-05, 2.0418e-05, 2.5305e-05,
        4.2105e-05, 4.8499e-05, 1.1895e-05, 1.0748e-05, 3.5538e-07, 7.6314e-05,
        1.1267e-05, 8.6618e-05, 6.0549e-05, 1.7949e-05, 3.8247e-05, 1.4206e-05,
        1.2184e-04, 8.5359e-06, 3.7768e-05, 3.9867e-05, 1.5145e-05, 4.9434e-05,
        3.3887e-07, 5.4671e-05, 3.2110e-05, 4.6543e-05, 9.4967e-06, 2.8631e-05,
        1.0605e-06, 3.0693e-05, 1.7070e-05, 3.2522e-05, 2.4844e-05, 3.7844e-05,
        9.3750e-06, 6.4947e-05, 7.1133e-05, 2.6809e-05, 1.1491e-04, 2.3718e-05,
        6.7870e-06, 5.4126e-05, 4.6958e-05, 6.1228e-06, 3.2389e-05, 1.2186e-06,
        4.0064e-05, 1.6330e-06, 8.0224e-05, 3.3967e-05, 3.1425e-05, 6.6058e-05,
        3.5730e-05, 1.9582e-05, 1.0575e-05, 5.4377e-05, 2.2290e-06, 3.7404e-05,
        8.6783e-05, 3.2128e-05, 4.7272e-05, 6.0964e-05, 1.1279e-05, 7.4424e-05,
        8.1226e-06, 2.7602e-05, 5.7954e-05, 7.0663e-05, 7.6958e-05, 1.0983e-05,
        6.1152e-06, 2.6585e-05, 4.5473e-05, 2.2950e-05, 7.4143e-05, 5.6656e-05,
        3.2837e-05, 2.1200e-05, 6.8647e-05, 5.1885e-05, 7.6077e-06, 3.5062e-05,
        2.9013e-05, 2.2285e-05, 5.7056e-05, 4.3122e-06, 3.9703e-05],
       grad_fn=<CatBackward>)

mean_overall=tensor(3.5585e-05, grad_fn=<MeanBackward0>)

-----------------------------------------------ITERATION80-----------------------------------------------

final_causality=[[1, 1, 1, 1, 1, 1, 1, 1, 1, 1, 1, 1, 1], [1, 1, 1, 1, 1, 1, 1, 1, 1, 1, 1, 1, 1, 1, 1, 1, 1, 1, 1, 1, 1, 1, 1, 1, 1, 1, 1, 1, 1, 1, 1, 1, 1, 1, 1, 1, 1, 1, 1, 1, 1, 1, 1, 1, 1, 1, 1, 1, 1, 1], [1, 1, 1, 1, 1, 1, 1, 1, 1, 1, 1, 1, 1, 1, 1, 1, 1, 1, 1, 1, 1, 1, 1, 1, 1, 1, 1, 1, 1, 1, 1, 1, 1, 1, 1, 1, 1, 1, 1, 1, 1, 1, 1, 1, 1, 1, 1, 1, 1, 1]]

means=tensor([2.0155e-04, 0.0000e+00, 0.0000e+00, 0.0000e+00, 7.7512e-05, 7.3795e-05,
        2.5931e-05, 2.0871e-05, 0.0000e+00, 0.0000e+00, 0.0000e+00, 7.0767e-05,
        5.9888e-05, 2.8101e-05, 2.9016e-05, 5.6712e-05, 6.1106e-05, 2.5532e-05,
        2.0452e-05, 1.6973e-05, 4.1761e-05, 6.4466e-06, 4.1257e-05, 6.1114e-06,
        7.3034e-05, 1.8649e-05, 5.1185e-05, 2.3341e-05, 2.3206e-05, 2.8630e-05,
        4.3054e-05, 4.3371e-05, 1.1641e-05, 1.5374e-05, 1.1649e-06, 7.3478e-05,
        7.8909e-06, 8.4787e-05, 6.3031e-05, 1.9072e-05, 3.8677e-05, 1.2913e-05,
        1.2585e-04, 8.4792e-06, 3.6857e-05, 4.9761e-05, 2.0683e-05, 5.2646e-05,
        3.8568e-06, 5.6784e-05, 3.4555e-05, 4.6512e-05, 8.8310e-06, 2.8140e-05,
        5.1305e-06, 2.9095e-05, 1.8742e-05, 3.4913e-05, 2.6041e-05, 4.1040e-05,
        1.0381e-05, 6.5673e-05, 6.6723e-05, 2.8571e-05, 1.1463e-04, 2.3828e-05,
        6.6239e-06, 5.6835e-05, 4.3642e-05, 5.8708e-06, 3.2237e-05, 1.2401e-06,
        3.9839e-05, 1.6836e-06, 8.1389e-05, 3.7668e-05, 3.2359e-05, 6.9934e-05,
        3.6284e-05, 1.9411e-05, 1.0484e-05, 5.3943e-05, 2.2569e-06, 3.6738e-05,
        8.8148e-05, 3.1797e-05, 4.6765e-05, 6.1732e-05, 1.1315e-05, 7.4814e-05,
        7.9343e-06, 2.7382e-05, 5.7331e-05, 7.1733e-05, 7.5794e-05, 1.1538e-05,
        5.9550e-06, 2.6622e-05, 4.5372e-05, 2.3250e-05, 7.1723e-05, 5.7140e-05,
        3.2418e-05, 2.1775e-05, 7.0074e-05, 5.1669e-05, 7.2757e-06, 3.4651e-05,
        2.8635e-05, 2.2103e-05, 5.9488e-05, 4.7171e-06, 3.9440e-05],
       grad_fn=<CatBackward>)

mean_overall=tensor(3.6912e-05, grad_fn=<MeanBackward0>)

-----------------------------------------------ITERATION90-----------------------------------------------

final_causality=[[1, 1, 1, 1, 1, 1, 1, 1, 1, 1, 1, 1, 1], [1, 1, 1, 1, 1, 1, 1, 1, 1, 1, 1, 1, 1, 1, 1, 1, 1, 1, 1, 1, 1, 1, 1, 1, 1, 1, 1, 1, 1, 1, 1, 1, 1, 1, 1, 1, 1, 1, 1, 1, 1, 1, 1, 1, 1, 1, 1, 1, 1, 1], [1, 1, 1, 1, 1, 1, 1, 1, 1, 1, 1, 1, 1, 1, 1, 1, 1, 1, 1, 1, 1, 1, 1, 1, 1, 1, 1, 1, 1, 1, 1, 1, 1, 1, 1, 1, 1, 1, 1, 1, 1, 1, 1, 1, 1, 1, 1, 1, 1, 1]]

means=tensor([2.5004e-04, 0.0000e+00, 0.0000e+00, 0.0000e+00, 9.3796e-05, 8.1380e-05,
        1.3980e-05, 2.0282e-05, 0.0000e+00, 0.0000e+00, 0.0000e+00, 4.6864e-05,
        1.1804e-04, 2.9654e-05, 3.0064e-05, 5.2577e-05, 6.1317e-05, 2.6855e-05,
        2.0706e-05, 1.9057e-05, 4.0704e-05, 6.6436e-06, 4.5420e-05, 6.9704e-06,
        7.2771e-05, 2.1183e-05, 6.0338e-05, 2.3965e-05, 2.6477e-05, 3.2419e-05,
        4.4162e-05, 3.8281e-05, 1.1408e-05, 2.0495e-05, 2.0766e-06, 7.0648e-05,
        4.4469e-06, 8.3016e-05, 6.5839e-05, 2.0367e-05, 3.9189e-05, 1.1589e-05,
        1.3026e-04, 8.5097e-06, 3.6000e-05, 6.1110e-05, 2.7392e-05, 5.6202e-05,
        7.5611e-06, 5.9189e-05, 3.7378e-05, 4.6614e-05, 8.2389e-06, 2.7738e-05,
        9.4819e-06, 2.7481e-05, 2.0699e-05, 3.7654e-05, 2.7427e-05, 4.4712e-05,
        1.1611e-05, 6.6668e-05, 6.2372e-05, 3.0511e-05, 1.1432e-04, 2.3960e-05,
        6.4582e-06, 5.9799e-05, 4.0363e-05, 5.5809e-06, 3.2080e-05, 1.2632e-06,
        3.9661e-05, 1.7421e-06, 8.2564e-05, 4.2469e-05, 3.3407e-05, 7.4364e-05,
        3.6926e-05, 1.9141e-05, 1.0365e-05, 5.3609e-05, 2.2887e-06, 3.6480e-05,
        8.9584e-05, 3.1454e-05, 4.6231e-05, 6.2568e-05, 1.1356e-05, 7.5214e-05,
        7.7311e-06, 2.7156e-05, 5.6736e-05, 7.2890e-05, 7.4610e-05, 1.2256e-05,
        5.9164e-06, 2.6623e-05, 4.5849e-05, 2.3592e-05, 6.9200e-05, 5.7676e-05,
        3.1979e-05, 2.2739e-05, 7.1786e-05, 5.1379e-05, 7.6473e-06, 3.4198e-05,
        2.8230e-05, 2.1806e-05, 6.2220e-05, 5.1768e-06, 3.9147e-05],
       grad_fn=<CatBackward>)

mean_overall=tensor(3.8475e-05, grad_fn=<MeanBackward0>)

-----------------------------------------------ITERATION100-----------------------------------------------

final_causality=[[1, 1, 1, 1, 1, 1, 1, 1, 1, 1, 1, 1, 1], [1, 1, 1, 1, 1, 1, 1, 1, 1, 1, 1, 1, 1, 1, 1, 1, 1, 1, 1, 1, 1, 1, 1, 1, 1, 1, 1, 1, 1, 1, 1, 1, 1, 1, 1, 1, 1, 1, 1, 1, 1, 1, 1, 1, 1, 1, 1, 1, 1, 1], [1, 1, 1, 1, 1, 1, 1, 1, 1, 1, 1, 1, 1, 1, 1, 1, 1, 1, 1, 1, 1, 1, 1, 1, 1, 1, 1, 1, 1, 1, 1, 1, 1, 1, 1, 1, 1, 1, 1, 1, 1, 1, 1, 1, 1, 1, 1, 1, 1, 1]]

means=tensor([3.0339e-04, 0.0000e+00, 0.0000e+00, 0.0000e+00, 1.1192e-04, 9.0656e-05,
        8.7065e-07, 1.9635e-05, 0.0000e+00, 0.0000e+00, 0.0000e+00, 2.0623e-05,
        1.8182e-04, 3.1473e-05, 3.1376e-05, 4.8272e-05, 6.1747e-05, 2.8338e-05,
        2.1095e-05, 2.1511e-05, 3.9727e-05, 6.9182e-06, 5.0130e-05, 8.1141e-06,
        7.2594e-05, 2.4107e-05, 7.0661e-05, 2.4774e-05, 3.0296e-05, 3.6704e-05,
        4.5443e-05, 3.3258e-05, 1.1201e-05, 2.6163e-05, 3.1250e-06, 6.7841e-05,
        9.3030e-07, 8.1340e-05, 6.9000e-05, 2.1845e-05, 3.9798e-05, 1.0241e-05,
        1.3509e-04, 8.6400e-06, 3.5213e-05, 7.3997e-05, 3.5417e-05, 6.0131e-05,
        1.1451e-05, 6.1897e-05, 4.0604e-05, 4.7026e-05, 7.7715e-06, 2.7438e-05,
        1.4237e-05, 2.5862e-05, 2.2957e-05, 4.0770e-05, 2.9028e-05, 4.8913e-05,
        1.3094e-05, 6.7952e-05, 5.8115e-05, 3.3173e-05, 1.1400e-04, 2.4116e-05,
        6.2887e-06, 6.3021e-05, 3.7083e-05, 5.3182e-06, 3.1918e-05, 1.2883e-06,
        3.9527e-05, 1.8097e-06, 8.3756e-05, 4.7782e-05, 3.5135e-05, 7.9339e-05,
        3.7683e-05, 1.8748e-05, 1.0214e-05, 5.3405e-05, 2.3260e-06, 3.6570e-05,
        9.1110e-05, 3.1077e-05, 4.5666e-05, 6.3469e-05, 1.1401e-05, 7.5618e-05,
        7.5172e-06, 2.6925e-05, 5.6069e-05, 7.4142e-05, 7.3375e-05, 1.3061e-05,
        6.0343e-06, 2.6771e-05, 4.6395e-05, 2.3982e-05, 6.7402e-05, 5.8252e-05,
        3.1512e-05, 2.3986e-05, 7.3833e-05, 5.1018e-05, 8.0548e-06, 3.3712e-05,
        2.7792e-05, 2.1958e-05, 6.5260e-05, 5.7019e-06, 3.8827e-05],
       grad_fn=<CatBackward>)

mean_overall=tensor(4.0309e-05, grad_fn=<MeanBackward0>)

-----------------------------------------------ITERATION110-----------------------------------------------

final_causality=[[1, 1, 1, 1, 1, 1, 1, 1, 1, 1, 1, 1, 1], [1, 1, 1, 1, 1, 1, 1, 1, 1, 1, 1, 1, 1, 1, 1, 1, 1, 1, 1, 1, 1, 1, 1, 1, 1, 1, 1, 1, 1, 1, 1, 1, 1, 1, 1, 1, 1, 1, 1, 1, 1, 1, 1, 1, 1, 1, 1, 1, 1, 1], [1, 1, 1, 1, 1, 1, 1, 1, 1, 1, 1, 1, 1, 1, 1, 1, 1, 1, 1, 1, 1, 1, 1, 1, 1, 1, 1, 1, 1, 1, 1, 1, 1, 1, 1, 1, 1, 1, 1, 1, 1, 1, 1, 1, 1, 1, 1, 1, 1, 1]]

means=tensor([3.6247e-04, 0.0000e+00, 0.0000e+00, 0.0000e+00, 1.3222e-04, 1.0195e-04,
        1.6276e-05, 1.8891e-05, 0.0000e+00, 0.0000e+00, 0.0000e+00, 7.9741e-07,
        2.5216e-04, 3.3581e-05, 3.2987e-05, 4.3807e-05, 6.3504e-05, 2.9996e-05,
        2.1631e-05, 2.4370e-05, 3.8837e-05, 7.2821e-06, 5.5415e-05, 9.5829e-06,
        7.2518e-05, 2.7468e-05, 8.2242e-05, 2.5875e-05, 3.4733e-05, 4.1527e-05,
        4.6913e-05, 2.8314e-05, 1.1021e-05, 3.2425e-05, 4.3775e-06, 6.5074e-05,
        1.8149e-06, 7.9785e-05, 7.2534e-05, 2.3521e-05, 4.0513e-05, 8.8748e-06,
        1.4036e-04, 8.8773e-06, 3.4509e-05, 8.8654e-05, 4.4908e-05, 6.4464e-05,
        1.5548e-05, 6.4928e-05, 4.4252e-05, 4.7895e-05, 7.3864e-06, 2.7267e-05,
        1.9551e-05, 2.4248e-05, 2.5505e-05, 4.4279e-05, 3.0867e-05, 5.3704e-05,
        1.4862e-05, 6.9571e-05, 5.3980e-05, 3.6177e-05, 1.1367e-04, 2.4302e-05,
        6.1738e-06, 6.6514e-05, 3.4445e-05, 5.0521e-06, 3.1750e-05, 1.3158e-06,
        3.9747e-05, 1.8879e-06, 8.4980e-05, 5.3665e-05, 3.7352e-05, 8.5464e-05,
        3.9011e-05, 1.8218e-05, 1.0024e-05, 5.3360e-05, 2.3713e-06, 3.6694e-05,
        9.2739e-05, 3.0645e-05, 4.5063e-05, 6.4437e-05, 1.1451e-05, 7.6029e-05,
        7.5247e-06, 2.6913e-05, 5.5324e-05, 7.6701e-05, 7.2061e-05, 1.3967e-05,
        6.1706e-06, 2.8651e-05, 4.7028e-05, 2.4425e-05, 6.7349e-05, 5.8859e-05,
        3.1010e-05, 2.5943e-05, 7.6256e-05, 5.0589e-05, 8.5056e-06, 3.3203e-05,
        2.7318e-05, 2.2304e-05, 6.8626e-05, 6.3061e-06, 3.8483e-05],
       grad_fn=<CatBackward>)

mean_overall=tensor(4.2893e-05, grad_fn=<MeanBackward0>)

-----------------------------------------------ITERATION120-----------------------------------------------

final_causality=[[1, 1, 1, 1, 1, 1, 1, 1, 1, 1, 1, 1, 1], [1, 1, 1, 1, 1, 1, 1, 1, 1, 1, 1, 1, 1, 1, 1, 1, 1, 1, 1, 1, 1, 1, 1, 1, 1, 1, 1, 1, 1, 1, 1, 1, 1, 1, 1, 1, 1, 1, 1, 1, 1, 1, 1, 1, 1, 1, 1, 1, 1, 1], [1, 1, 1, 1, 1, 1, 1, 1, 1, 1, 1, 1, 1, 1, 1, 1, 1, 1, 1, 1, 1, 1, 1, 1, 1, 1, 1, 1, 1, 1, 1, 1, 1, 1, 1, 1, 1, 1, 1, 1, 1, 1, 1, 1, 1, 1, 1, 1, 1, 1]]

means=tensor([4.2823e-04, 0.0000e+00, 0.0000e+00, 0.0000e+00, 1.5507e-04, 1.1559e-04,
        3.3521e-05, 1.8005e-05, 0.0000e+00, 0.0000e+00, 0.0000e+00, 3.1539e-05,
        3.3010e-04, 3.5987e-05, 3.4917e-05, 3.9202e-05, 6.6085e-05, 3.1834e-05,
        2.2318e-05, 2.7664e-05, 3.8038e-05, 7.7464e-06, 6.1307e-05, 1.1412e-05,
        7.2550e-05, 3.1313e-05, 9.5175e-05, 2.7246e-05, 3.9871e-05, 4.6932e-05,
        4.8593e-05, 2.3453e-05, 1.0876e-05, 3.9441e-05, 5.9018e-06, 6.2361e-05,
        4.5509e-06, 7.8368e-05, 7.6480e-05, 2.5405e-05, 4.1349e-05, 7.4913e-06,
        1.4612e-04, 9.2363e-06, 3.3905e-05, 1.0530e-04, 5.6001e-05, 6.9239e-05,
        1.9874e-05, 6.8289e-05, 4.8344e-05, 4.8948e-05, 7.0906e-06, 2.7417e-05,
        2.5581e-05, 2.2643e-05, 2.8355e-05, 4.8206e-05, 3.2981e-05, 5.9161e-05,
        1.6960e-05, 7.1783e-05, 4.9977e-05, 3.9503e-05, 1.1331e-04, 2.4525e-05,
        6.2332e-06, 7.0313e-05, 3.2807e-05, 4.7550e-06, 3.1571e-05, 1.3468e-06,
        4.0503e-05, 1.9791e-06, 8.6261e-05, 6.0176e-05, 3.9865e-05, 9.2137e-05,
        4.0531e-05, 1.7768e-05, 9.7919e-06, 5.3511e-05, 2.4275e-06, 3.6851e-05,
        9.4476e-05, 3.0138e-05, 4.4413e-05, 6.5475e-05, 1.1505e-05, 7.6440e-05,
        7.5576e-06, 2.7149e-05, 5.4505e-05, 8.1958e-05, 7.0633e-05, 1.4990e-05,
        6.3267e-06, 3.0871e-05, 4.7849e-05, 2.4930e-05, 6.7328e-05, 5.9488e-05,
        3.0461e-05, 2.8131e-05, 7.9226e-05, 5.0098e-05, 9.0076e-06, 3.2686e-05,
        2.7474e-05, 2.2659e-05, 7.2353e-05, 7.0071e-06, 3.8120e-05],
       grad_fn=<CatBackward>)

mean_overall=tensor(4.6378e-05, grad_fn=<MeanBackward0>)

-----------------------------------------------ITERATION130-----------------------------------------------

final_causality=[[1, 1, 1, 1, 1, 1, 1, 1, 1, 1, 1, 1, 1], [1, 1, 1, 1, 1, 1, 1, 1, 1, 1, 1, 1, 1, 1, 1, 1, 1, 1, 1, 1, 1, 1, 1, 1, 1, 1, 1, 1, 1, 1, 1, 1, 1, 1, 1, 1, 1, 1, 1, 1, 1, 1, 1, 1, 1, 1, 1, 1, 1, 1], [1, 1, 1, 1, 1, 1, 1, 1, 1, 1, 1, 1, 1, 1, 1, 1, 1, 1, 1, 1, 1, 1, 1, 1, 1, 1, 1, 1, 1, 1, 1, 1, 1, 1, 1, 1, 1, 1, 1, 1, 1, 1, 1, 1, 1, 1, 1, 1, 1, 1]]

means=tensor([5.0167e-04, 0.0000e+00, 0.0000e+00, 0.0000e+00, 1.8091e-04, 1.3200e-04,
        5.3167e-05, 1.6905e-05, 0.0000e+00, 0.0000e+00, 0.0000e+00, 6.8277e-05,
        4.1679e-04, 3.8707e-05, 3.7199e-05, 3.4465e-05, 6.8959e-05, 3.3864e-05,
        2.3198e-05, 3.1429e-05, 3.7338e-05, 8.3231e-06, 6.7842e-05, 1.3644e-05,
        7.2700e-05, 3.6043e-05, 1.0955e-04, 2.8870e-05, 4.5793e-05, 5.2967e-05,
        5.0499e-05, 1.8672e-05, 1.0770e-05, 4.8545e-05, 7.7882e-06, 5.9711e-05,
        7.4369e-06, 7.7108e-05, 8.0868e-05, 2.7513e-05, 4.2324e-05, 6.0902e-06,
        1.5239e-04, 9.7278e-06, 3.3411e-05, 1.2386e-04, 6.8816e-05, 7.4497e-05,
        2.4465e-05, 7.1995e-05, 5.2908e-05, 5.0197e-05, 6.9229e-06, 2.7696e-05,
        3.2483e-05, 2.1052e-05, 3.1526e-05, 5.2580e-05, 3.5403e-05, 6.5359e-05,
        1.9514e-05, 7.4365e-05, 4.6121e-05, 4.3191e-05, 1.1414e-04, 2.4797e-05,
        6.3123e-06, 7.4461e-05, 3.2408e-05, 4.4216e-06, 3.1380e-05, 1.3821e-06,
        4.1762e-05, 2.0860e-06, 8.9367e-05, 6.7372e-05, 4.2698e-05, 9.9454e-05,
        4.2259e-05, 1.8073e-05, 9.5143e-06, 5.3893e-05, 2.4985e-06, 3.7044e-05,
        9.6336e-05, 2.9537e-05, 4.3706e-05, 6.6593e-05, 1.1563e-05, 7.6854e-05,
        7.5797e-06, 2.7412e-05, 5.3709e-05, 8.7689e-05, 6.9178e-05, 1.6148e-05,
        6.5049e-06, 3.3462e-05, 4.9130e-05, 2.5507e-05, 6.7351e-05, 6.0128e-05,
        2.9855e-05, 3.0578e-05, 8.2842e-05, 4.9550e-05, 1.0666e-05, 3.2179e-05,
        2.7895e-05, 2.3032e-05, 7.6483e-05, 7.8260e-06, 3.7739e-05],
       grad_fn=<CatBackward>)

mean_overall=tensor(5.0432e-05, grad_fn=<MeanBackward0>)

-----------------------------------------------ITERATION140-----------------------------------------------

final_causality=[[1, 1, 1, 1, 1, 1, 1, 1, 1, 1, 1, 1, 1], [1, 1, 1, 1, 1, 1, 1, 1, 1, 1, 1, 1, 1, 1, 1, 1, 1, 1, 1, 1, 1, 1, 1, 1, 1, 1, 1, 1, 1, 1, 1, 1, 1, 1, 1, 1, 1, 1, 1, 1, 1, 1, 1, 1, 1, 1, 1, 1, 1, 1], [1, 1, 1, 1, 1, 1, 1, 1, 1, 1, 1, 1, 1, 1, 1, 1, 1, 1, 1, 1, 1, 1, 1, 1, 1, 1, 1, 1, 1, 1, 1, 1, 1, 1, 1, 1, 1, 1, 1, 1, 1, 1, 1, 1, 1, 1, 1, 1, 1, 1]]

means=tensor([5.8387e-04, 0.0000e+00, 0.0000e+00, 0.0000e+00, 2.1022e-04, 1.5162e-04,
        7.5639e-05, 1.5503e-05, 0.0000e+00, 0.0000e+00, 0.0000e+00, 1.0988e-04,
        5.1348e-04, 4.1765e-05, 3.9880e-05, 2.9595e-05, 7.2150e-05, 3.6108e-05,
        2.4409e-05, 3.5715e-05, 3.6746e-05, 9.0256e-06, 7.5075e-05, 1.6330e-05,
        7.2989e-05, 4.1579e-05, 1.2542e-04, 3.0773e-05, 5.2578e-05, 5.9681e-05,
        5.2637e-05, 1.3971e-05, 1.0694e-05, 5.9746e-05, 1.0143e-05, 5.7120e-05,
        1.0510e-05, 7.6035e-05, 8.5719e-05, 2.9872e-05, 4.3449e-05, 4.6687e-06,
        1.5920e-04, 1.0359e-05, 3.3027e-05, 1.4440e-04, 8.3444e-05, 8.0274e-05,
        2.9364e-05, 7.6078e-05, 5.7980e-05, 5.1650e-05, 6.8489e-06, 2.8117e-05,
        4.0400e-05, 1.9479e-05, 3.5052e-05, 5.7437e-05, 3.8167e-05, 7.2365e-05,
        2.2880e-05, 7.7358e-05, 4.2432e-05, 4.7284e-05, 1.1614e-04, 2.5129e-05,
        6.4147e-06, 7.9008e-05, 3.2026e-05, 4.0462e-06, 3.1374e-05, 1.4408e-06,
        4.4130e-05, 2.2127e-06, 9.2967e-05, 7.5306e-05, 4.5879e-05, 1.0752e-04,
        4.4215e-05, 1.8372e-05, 9.1870e-06, 5.4546e-05, 2.6110e-06, 3.7286e-05,
        9.8346e-05, 2.8826e-05, 4.2927e-05, 6.7805e-05, 1.1627e-05, 7.8756e-05,
        7.5892e-06, 2.7707e-05, 5.3181e-05, 9.3978e-05, 6.8030e-05, 1.7459e-05,
        6.7094e-06, 3.7218e-05, 5.0613e-05, 2.6168e-05, 6.7448e-05, 6.0773e-05,
        2.9179e-05, 3.3312e-05, 8.6982e-05, 4.8942e-05, 1.2831e-05, 3.1696e-05,
        2.8396e-05, 2.3439e-05, 8.1064e-05, 8.7871e-06, 3.7381e-05],
       grad_fn=<CatBackward>)

mean_overall=tensor(5.5090e-05, grad_fn=<MeanBackward0>)

-----------------------------------------------ITERATION150-----------------------------------------------

final_causality=[[1, 1, 1, 1, 1, 1, 1, 1, 1, 1, 1, 1, 1], [1, 1, 1, 1, 1, 1, 1, 1, 1, 1, 1, 1, 1, 1, 1, 1, 1, 1, 1, 1, 1, 1, 1, 1, 1, 1, 1, 1, 1, 1, 1, 1, 1, 1, 1, 1, 1, 1, 1, 1, 1, 1, 1, 1, 1, 1, 1, 1, 1, 1], [1, 1, 1, 1, 1, 1, 1, 1, 1, 1, 1, 1, 1, 1, 1, 1, 1, 1, 1, 1, 1, 1, 1, 1, 1, 1, 1, 1, 1, 1, 1, 1, 1, 1, 1, 1, 1, 1, 1, 1, 1, 1, 1, 1, 1, 1, 1, 1, 1, 1]]

means=tensor([6.7593e-04, 0.0000e+00, 0.0000e+00, 0.0000e+00, 2.4351e-04, 1.7494e-04,
        1.0142e-04, 1.3690e-05, 0.0000e+00, 0.0000e+00, 0.0000e+00, 1.5692e-04,
        6.2151e-04, 4.5186e-05, 4.3010e-05, 2.4587e-05, 7.5684e-05, 3.8590e-05,
        2.5831e-05, 4.0571e-05, 3.6268e-05, 1.0087e-05, 8.3056e-05, 1.9515e-05,
        7.3436e-05, 4.7895e-05, 1.4288e-04, 3.2981e-05, 6.0305e-05, 6.7697e-05,
        5.5019e-05, 9.3390e-06, 1.0646e-05, 7.2812e-05, 1.3068e-05, 5.4590e-05,
        1.3824e-05, 7.5171e-05, 9.1049e-05, 3.2510e-05, 4.4737e-05, 3.2225e-06,
        1.6655e-04, 1.1140e-05, 3.2758e-05, 1.6700e-04, 9.9958e-05, 8.6612e-05,
        3.4615e-05, 8.0567e-05, 6.3593e-05, 5.3314e-05, 6.8703e-06, 2.8711e-05,
        4.9469e-05, 1.7926e-05, 3.8966e-05, 6.2816e-05, 4.1419e-05, 8.0254e-05,
        2.6848e-05, 8.0794e-05, 3.8921e-05, 5.1831e-05, 1.1834e-04, 2.5536e-05,
        6.5853e-06, 8.4013e-05, 3.2730e-05, 3.6480e-06, 3.1556e-05, 1.5537e-06,
        4.7106e-05, 2.3644e-06, 9.9955e-05, 8.4032e-05, 4.9443e-05, 1.1643e-04,
        4.6426e-05, 1.8727e-05, 9.0258e-06, 5.5512e-05, 2.7788e-06, 3.7592e-05,
        1.0313e-04, 2.7987e-05, 4.2061e-05, 6.9124e-05, 1.1711e-05, 8.1757e-05,
        7.5845e-06, 2.8038e-05, 5.2649e-05, 1.0092e-04, 6.6768e-05, 1.8945e-05,
        6.9457e-06, 4.1576e-05, 5.2320e-05, 2.6926e-05, 6.7646e-05, 6.1416e-05,
        2.8746e-05, 3.6368e-05, 9.1680e-05, 4.8272e-05, 1.5241e-05, 3.1250e-05,
        2.9734e-05, 2.4158e-05, 8.6156e-05, 9.9199e-06, 3.7781e-05],
       grad_fn=<CatBackward>)

mean_overall=tensor(6.0465e-05, grad_fn=<MeanBackward0>)

-----------------------------------------------ITERATION160-----------------------------------------------

final_causality=[[1, 1, 1, 1, 1, 1, 1, 1, 1, 1, 1, 1, 1], [1, 1, 1, 1, 1, 1, 1, 1, 1, 1, 1, 1, 1, 1, 1, 1, 1, 1, 1, 1, 1, 1, 1, 1, 1, 1, 1, 1, 1, 1, 1, 1, 1, 1, 1, 1, 1, 1, 1, 1, 1, 1, 1, 1, 1, 1, 1, 1, 1, 1], [1, 1, 1, 1, 1, 1, 1, 1, 1, 1, 1, 1, 1, 1, 1, 1, 1, 1, 1, 1, 1, 1, 1, 1, 1, 1, 1, 1, 1, 1, 1, 1, 1, 1, 1, 1, 1, 1, 1, 1, 1, 1, 1, 1, 1, 1, 1, 1, 1, 1]]

means=tensor([7.7905e-04, 0.0000e+00, 0.0000e+00, 0.0000e+00, 2.8137e-04, 2.0250e-04,
        1.3107e-04, 1.1337e-05, 0.0000e+00, 0.0000e+00, 0.0000e+00, 2.0998e-04,
        7.4226e-04, 4.8995e-05, 4.6643e-05, 1.9435e-05, 7.9591e-05, 4.1338e-05,
        2.7814e-05, 4.6050e-05, 3.6050e-05, 1.1380e-05, 9.1834e-05, 2.3248e-05,
        7.4060e-05, 5.5145e-05, 1.6197e-04, 3.5521e-05, 6.9054e-05, 7.6774e-05,
        5.7655e-05, 4.7640e-06, 1.0629e-05, 8.7962e-05, 1.6659e-05, 5.2121e-05,
        1.7444e-05, 7.4541e-05, 9.6876e-05, 3.5460e-05, 4.6202e-05, 1.7452e-06,
        1.7480e-04, 1.2118e-05, 3.2607e-05, 1.9174e-04, 1.1841e-04, 9.3551e-05,
        4.0265e-05, 8.5500e-05, 6.9780e-05, 5.5200e-05, 6.9884e-06, 2.9747e-05,
        5.9817e-05, 1.6394e-05, 4.3301e-05, 6.8754e-05, 4.5086e-05, 8.9105e-05,
        3.1474e-05, 8.4708e-05, 3.5594e-05, 5.6888e-05, 1.2075e-04, 2.6032e-05,
        6.8048e-06, 8.9542e-05, 3.4659e-05, 3.6720e-06, 3.1791e-05, 1.6946e-06,
        5.0453e-05, 2.5473e-06, 1.0825e-04, 9.3606e-05, 5.3427e-05, 1.2632e-04,
        4.8924e-05, 2.0452e-05, 9.1340e-06, 5.6833e-05, 3.2930e-06, 3.8117e-05,
        1.1013e-04, 2.8464e-05, 4.1093e-05, 7.1565e-05, 1.1935e-05, 8.5159e-05,
        7.5639e-06, 2.8412e-05, 5.2117e-05, 1.0861e-04, 6.5674e-05, 2.0768e-05,
        7.9753e-06, 4.7575e-05, 5.4271e-05, 2.7795e-05, 7.0256e-05, 6.2304e-05,
        2.9147e-05, 3.9787e-05, 9.6979e-05, 4.7541e-05, 1.7924e-05, 3.0852e-05,
        3.3147e-05, 2.5650e-05, 9.1823e-05, 1.1260e-05, 3.8288e-05],
       grad_fn=<CatBackward>)

mean_overall=tensor(6.6697e-05, grad_fn=<MeanBackward0>)

-----------------------------------------------ITERATION170-----------------------------------------------

final_causality=[[1, 1, 1, 1, 1, 1, 1, 1, 1, 1, 1, 1, 1], [1, 1, 1, 1, 1, 1, 1, 1, 1, 1, 1, 1, 1, 1, 1, 1, 1, 1, 1, 1, 1, 1, 1, 1, 1, 1, 1, 1, 1, 1, 1, 1, 1, 1, 1, 1, 1, 1, 1, 1, 1, 1, 1, 1, 1, 1, 1, 1, 1, 1], [1, 1, 1, 1, 1, 1, 1, 1, 1, 1, 1, 1, 1, 1, 1, 1, 1, 1, 1, 1, 1, 1, 1, 1, 1, 1, 1, 1, 1, 1, 1, 1, 1, 1, 1, 1, 1, 1, 1, 1, 1, 1, 1, 1, 1, 1, 1, 1, 1, 1]]

means=tensor([8.9448e-04, 0.0000e+00, 0.0000e+00, 0.0000e+00, 3.2439e-04, 2.3486e-04,
        1.6517e-04, 8.2988e-06, 0.0000e+00, 0.0000e+00, 0.0000e+00, 2.6952e-04,
        8.7722e-04, 5.3222e-05, 5.0836e-05, 1.4126e-05, 8.3897e-05, 4.4385e-05,
        3.0397e-05, 5.2216e-05, 3.6320e-05, 1.2917e-05, 1.0146e-04, 2.7576e-05,
        7.4880e-05, 6.3392e-05, 1.8276e-04, 3.8424e-05, 7.8899e-05, 8.6876e-05,
        6.1010e-05, 2.2808e-07, 1.0648e-05, 1.0540e-04, 2.1008e-05, 4.9707e-05,
        2.1448e-05, 7.4165e-05, 1.0364e-04, 3.8758e-05, 4.7856e-05, 2.2732e-07,
        1.8425e-04, 1.3381e-05, 3.2576e-05, 2.1870e-04, 1.3883e-04, 1.0140e-04,
        4.6360e-05, 9.0914e-05, 7.6577e-05, 5.7311e-05, 7.2042e-06, 3.0987e-05,
        7.1561e-05, 1.4880e-05, 4.8097e-05, 7.5290e-05, 4.9200e-05, 9.9001e-05,
        3.6820e-05, 8.9137e-05, 3.2459e-05, 6.2514e-05, 1.2340e-04, 2.6632e-05,
        7.0687e-06, 9.5662e-05, 3.6825e-05, 4.0881e-06, 3.2084e-05, 1.8719e-06,
        5.4231e-05, 2.7690e-06, 1.1734e-04, 1.0409e-04, 6.0221e-05, 1.3729e-04,
        5.1748e-05, 2.2351e-05, 9.4876e-06, 5.8552e-05, 3.9547e-06, 4.1718e-05,
        1.1941e-04, 2.9171e-05, 4.1280e-05, 7.4640e-05, 1.2831e-05, 8.9010e-05,
        7.5259e-06, 2.8832e-05, 5.1590e-05, 1.1716e-04, 6.6377e-05, 2.2835e-05,
        9.2227e-06, 5.4628e-05, 5.6487e-05, 2.8789e-05, 7.7048e-05, 6.4048e-05,
        2.9590e-05, 4.3612e-05, 1.0292e-04, 4.6748e-05, 2.0911e-05, 3.0509e-05,
        3.7315e-05, 2.7834e-05, 9.8132e-05, 1.2848e-05, 3.9328e-05],
       grad_fn=<CatBackward>)

mean_overall=tensor(7.3895e-05, grad_fn=<MeanBackward0>)

-----------------------------------------------ITERATION180-----------------------------------------------

final_causality=[[1, 1, 1, 1, 1, 1, 1, 1, 1, 1, 1, 1, 1], [1, 1, 1, 1, 1, 1, 1, 1, 1, 1, 1, 1, 1, 1, 1, 1, 1, 1, 1, 1, 1, 1, 1, 1, 1, 1, 1, 1, 1, 1, 1, 1, 1, 1, 1, 1, 1, 1, 1, 1, 1, 1, 1, 1, 1, 1, 1, 1, 1, 1], [1, 1, 1, 1, 1, 1, 1, 1, 1, 1, 1, 1, 1, 1, 1, 1, 1, 1, 1, 1, 1, 1, 1, 1, 1, 1, 1, 1, 1, 1, 1, 1, 1, 1, 1, 1, 1, 1, 1, 1, 1, 1, 1, 1, 1, 1, 1, 1, 1, 1]]

means=tensor([1.0235e-03, 0.0000e+00, 0.0000e+00, 0.0000e+00, 3.7320e-04, 2.7257e-04,
        2.0441e-04, 4.4051e-06, 0.0000e+00, 0.0000e+00, 0.0000e+00, 3.3582e-04,
        1.0279e-03, 5.7906e-05, 5.5652e-05, 8.6439e-06, 8.8627e-05, 4.7768e-05,
        3.3354e-05, 6.0244e-05, 3.6739e-05, 1.4734e-05, 1.1199e-04, 3.2553e-05,
        7.5918e-05, 7.2652e-05, 2.0527e-04, 4.1723e-05, 8.9907e-05, 9.8077e-05,
        6.4826e-05, 3.5227e-06, 1.0667e-05, 1.2530e-04, 2.6198e-05, 4.7344e-05,
        2.5920e-05, 7.4065e-05, 1.1155e-04, 4.2448e-05, 4.9714e-05, 1.4865e-06,
        1.9441e-04, 1.4858e-05, 3.2666e-05, 2.4797e-04, 1.6124e-04, 1.1023e-04,
        5.3521e-05, 9.6856e-05, 8.4025e-05, 5.9651e-05, 7.5182e-06, 3.2452e-05,
        8.4811e-05, 1.3382e-05, 5.3707e-05, 8.2714e-05, 5.3790e-05, 1.1002e-04,
        4.2938e-05, 9.4121e-05, 2.9519e-05, 6.8769e-05, 1.2629e-04, 2.7351e-05,
        7.3829e-06, 1.0244e-04, 4.1293e-05, 4.5892e-06, 3.2443e-05, 2.1134e-06,
        5.8503e-05, 3.0389e-06, 1.2729e-04, 1.1554e-04, 6.8279e-05, 1.4945e-04,
        5.6147e-05, 2.4445e-05, 1.0017e-05, 6.0712e-05, 4.7852e-06, 4.7354e-05,
        1.2939e-04, 2.9996e-05, 4.2272e-05, 7.8072e-05, 1.4019e-05, 9.3363e-05,
        7.4691e-06, 2.9810e-05, 5.1066e-05, 1.2665e-04, 6.7203e-05, 2.5178e-05,
        1.0674e-05, 6.2594e-05, 6.0981e-05, 2.9922e-05, 8.4574e-05, 6.5944e-05,
        3.1068e-05, 4.7891e-05, 1.0956e-04, 4.6888e-05, 2.4235e-05, 3.0225e-05,
        4.2320e-05, 3.0289e-05, 1.0515e-04, 1.4737e-05, 4.1628e-05],
       grad_fn=<CatBackward>)

mean_overall=tensor(8.2199e-05, grad_fn=<MeanBackward0>)

-----------------------------------------------ITERATION190-----------------------------------------------

final_causality=[[1, 1, 1, 1, 1, 1, 1, 1, 1, 1, 1, 1, 1], [1, 1, 1, 1, 1, 1, 1, 1, 1, 1, 1, 1, 1, 1, 1, 1, 1, 1, 1, 1, 1, 1, 1, 1, 1, 1, 1, 1, 1, 1, 1, 1, 1, 1, 1, 1, 1, 1, 1, 1, 1, 1, 1, 1, 1, 1, 1, 1, 1, 1], [1, 1, 1, 1, 1, 1, 1, 1, 1, 1, 1, 1, 1, 1, 1, 1, 1, 1, 1, 1, 1, 1, 1, 1, 1, 1, 1, 1, 1, 1, 1, 1, 1, 1, 1, 1, 1, 1, 1, 1, 1, 1, 1, 1, 1, 1, 1, 1, 1, 1]]

means=tensor([1.1675e-03, 0.0000e+00, 0.0000e+00, 0.0000e+00, 4.2850e-04, 3.1621e-04,
        2.4950e-04, 6.4553e-07, 0.0000e+00, 0.0000e+00, 0.0000e+00, 4.0885e-04,
        1.1959e-03, 6.3090e-05, 6.1164e-05, 2.9653e-06, 9.3805e-05, 5.1538e-05,
        3.6761e-05, 6.9981e-05, 3.7322e-05, 1.6868e-05, 1.2348e-04, 3.8234e-05,
        7.7200e-05, 8.2984e-05, 2.2951e-04, 4.5457e-05, 1.0213e-04, 1.1045e-04,
        6.8984e-05, 7.2556e-06, 1.0679e-05, 1.4781e-04, 3.2313e-05, 4.5025e-05,
        3.0950e-05, 7.4264e-05, 1.2012e-04, 4.6584e-05, 5.1788e-05, 3.3018e-06,
        2.0575e-04, 1.6618e-05, 3.2875e-05, 2.7961e-04, 1.8563e-04, 1.1988e-04,
        6.2449e-05, 1.0338e-04, 9.2170e-05, 6.2218e-05, 7.9294e-06, 3.4163e-05,
        9.9667e-05, 1.1895e-05, 6.0104e-05, 9.1562e-05, 5.8877e-05, 1.2224e-04,
        4.9868e-05, 9.9703e-05, 2.6778e-05, 7.5715e-05, 1.2947e-04, 2.8203e-05,
        7.7540e-06, 1.0994e-04, 4.6661e-05, 5.7433e-06, 3.3038e-05, 2.4890e-06,
        6.4478e-05, 3.3697e-06, 1.3819e-04, 1.2802e-04, 7.7223e-05, 1.6289e-04,
        6.2041e-05, 2.6763e-05, 1.1007e-05, 6.3349e-05, 5.8205e-06, 5.4557e-05,
        1.4010e-04, 3.0958e-05, 4.3403e-05, 8.1899e-05, 1.5511e-05, 1.0177e-04,
        7.5335e-06, 3.1500e-05, 5.0544e-05, 1.3718e-04, 6.8184e-05, 2.7826e-05,
        1.2357e-05, 7.1537e-05, 6.6419e-05, 3.1411e-05, 9.3129e-05, 6.8011e-05,
        3.3286e-05, 5.2936e-05, 1.1693e-04, 4.7503e-05, 2.7928e-05, 3.0705e-05,
        4.8056e-05, 3.3038e-05, 1.1293e-04, 1.6984e-05, 4.4267e-05],
       grad_fn=<CatBackward>)

mean_overall=tensor(9.1620e-05, grad_fn=<MeanBackward0>)

-----------------------------------------------ITERATION200-----------------------------------------------

final_causality=[[1, 1, 1, 1, 1, 1, 1, 1, 1, 1, 1, 1, 1], [1, 1, 1, 1, 1, 1, 1, 1, 1, 1, 1, 1, 1, 1, 1, 1, 1, 1, 1, 1, 1, 1, 1, 1, 1, 1, 1, 1, 1, 1, 1, 1, 1, 1, 1, 1, 1, 1, 1, 1, 1, 1, 1, 1, 1, 1, 1, 1, 1, 1], [1, 1, 1, 1, 1, 1, 1, 1, 1, 1, 1, 1, 1, 1, 1, 1, 1, 1, 1, 1, 1, 1, 1, 1, 1, 1, 1, 1, 1, 1, 1, 1, 1, 1, 1, 1, 1, 1, 1, 1, 1, 1, 1, 1, 1, 1, 1, 1, 1, 1]]

means=tensor([1.3277e-03, 0.0000e+00, 0.0000e+00, 0.0000e+00, 4.9098e-04, 3.6632e-04,
        3.0121e-04, 7.0191e-06, 0.0000e+00, 0.0000e+00, 0.0000e+00, 4.8808e-04,
        1.3828e-03, 6.8832e-05, 6.7459e-05, 2.4950e-06, 9.9451e-05, 5.5757e-05,
        4.0857e-05, 8.1123e-05, 3.8085e-05, 1.9359e-05, 1.3601e-04, 4.4687e-05,
        7.8755e-05, 9.4429e-05, 2.5545e-04, 4.9673e-05, 1.1559e-04, 1.2408e-04,
        7.3493e-05, 1.1004e-05, 1.0658e-05, 1.7302e-04, 3.9445e-05, 4.2743e-05,
        3.6625e-05, 7.4788e-05, 1.2935e-04, 5.1233e-05, 5.4088e-05, 5.2128e-06,
        2.1802e-04, 1.8723e-05, 3.3203e-05, 3.1367e-04, 2.1197e-04, 1.3042e-04,
        7.2473e-05, 1.1057e-04, 1.0106e-04, 6.5025e-05, 8.4348e-06, 3.6339e-05,
        1.1622e-04, 1.0413e-05, 6.7265e-05, 1.0135e-04, 6.4472e-05, 1.3571e-04,
        5.7637e-05, 1.0593e-04, 2.4237e-05, 8.3415e-05, 1.3296e-04, 2.9200e-05,
        8.1892e-06, 1.1821e-04, 5.4166e-05, 7.2995e-06, 3.4363e-05, 2.9732e-06,
        7.1949e-05, 3.8516e-06, 1.5010e-04, 1.4158e-04, 8.7096e-05, 1.7767e-04,
        6.8716e-05, 3.0416e-05, 1.2312e-05, 6.6489e-05, 7.1052e-06, 6.2581e-05,
        1.5157e-04, 3.2075e-05, 4.4678e-05, 8.6887e-05, 1.7270e-05, 1.1245e-04,
        8.0029e-06, 3.4803e-05, 5.0014e-05, 1.4882e-04, 6.9360e-05, 3.0816e-05,
        1.4303e-05, 8.1514e-05, 7.2415e-05, 3.3680e-05, 1.0630e-04, 7.0272e-05,
        3.5749e-05, 5.9711e-05, 1.2506e-04, 4.8210e-05, 3.2021e-05, 3.2626e-05,
        5.6222e-05, 3.9298e-05, 1.2174e-04, 1.9656e-05, 4.7259e-05],
       grad_fn=<CatBackward>)

mean_overall=tensor(0.0001, grad_fn=<MeanBackward0>)

-----------------------------------------------ITERATION210-----------------------------------------------

final_causality=[[1, 1, 1, 1, 1, 1, 1, 1, 1, 1, 1, 1, 1], [1, 1, 1, 1, 1, 1, 1, 1, 1, 1, 1, 1, 1, 1, 1, 1, 1, 1, 1, 1, 1, 1, 1, 1, 1, 1, 1, 1, 1, 1, 1, 1, 1, 1, 1, 1, 1, 1, 1, 1, 1, 1, 1, 1, 1, 1, 1, 1, 1, 1], [1, 1, 1, 1, 1, 1, 1, 1, 1, 1, 1, 1, 1, 1, 1, 1, 1, 1, 1, 1, 1, 1, 1, 1, 1, 1, 1, 1, 1, 1, 1, 1, 1, 1, 1, 1, 1, 1, 1, 1, 1, 1, 1, 1, 1, 1, 1, 1, 1, 1]]

means=tensor([1.5055e-03, 0.0000e+00, 0.0000e+00, 0.0000e+00, 5.6139e-04, 4.2337e-04,
        3.6038e-04, 1.5079e-05, 0.0000e+00, 0.0000e+00, 0.0000e+00, 5.7230e-04,
        1.5900e-03, 7.5203e-05, 7.4631e-05, 8.2613e-06, 1.0558e-04, 6.0661e-05,
        4.5477e-05, 9.3815e-05, 3.9044e-05, 2.2246e-05, 1.4966e-04, 5.2659e-05,
        8.0613e-05, 1.0706e-04, 2.8301e-04, 5.4425e-05, 1.3031e-04, 1.3903e-04,
        7.8357e-05, 1.4776e-05, 1.0582e-05, 2.0097e-04, 4.7705e-05, 4.0490e-05,
        4.3037e-05, 7.5666e-05, 1.3921e-04, 5.6483e-05, 5.6624e-05, 7.2410e-06,
        2.3099e-04, 2.1113e-05, 3.3651e-05, 3.5012e-04, 2.4022e-04, 1.4250e-04,
        8.3700e-05, 1.1850e-04, 1.1077e-04, 6.8180e-05, 9.0311e-06, 3.8979e-05,
        1.3454e-04, 8.9308e-06, 7.5297e-05, 1.1218e-04, 7.0576e-05, 1.5047e-04,
        6.6247e-05, 1.1284e-04, 2.1896e-05, 9.1923e-05, 1.3981e-04, 3.0352e-05,
        9.0532e-06, 1.2728e-04, 6.3387e-05, 9.3485e-06, 3.7081e-05, 3.6000e-06,
        8.0335e-05, 4.5114e-06, 1.6308e-04, 1.5629e-04, 9.7922e-05, 1.9385e-04,
        7.6246e-05, 3.5367e-05, 1.3860e-05, 7.0149e-05, 8.6939e-06, 7.1461e-05,
        1.6585e-04, 3.3372e-05, 4.6091e-05, 9.3675e-05, 1.9319e-05, 1.2730e-04,
        8.5506e-06, 3.8664e-05, 4.9463e-05, 1.6167e-04, 7.0783e-05, 3.4846e-05,
        1.6540e-05, 9.2822e-05, 7.8972e-05, 3.6968e-05, 1.2062e-04, 7.2767e-05,
        3.8463e-05, 6.7267e-05, 1.3512e-04, 4.9008e-05, 3.6548e-05, 3.5744e-05,
        6.5210e-05, 4.6224e-05, 1.3152e-04, 2.2831e-05, 5.0608e-05],
       grad_fn=<CatBackward>)

mean_overall=tensor(0.0001, grad_fn=<MeanBackward0>)

-----------------------------------------------ITERATION220-----------------------------------------------

final_causality=[[1, 1, 1, 1, 1, 1, 1, 1, 1, 1, 1, 1, 1], [1, 1, 1, 1, 1, 1, 1, 1, 1, 1, 1, 1, 1, 1, 1, 1, 1, 1, 1, 1, 1, 1, 1, 1, 1, 1, 1, 1, 1, 1, 1, 1, 1, 1, 1, 1, 1, 1, 1, 1, 1, 1, 1, 1, 1, 1, 1, 1, 1, 1], [1, 1, 1, 1, 1, 1, 1, 1, 1, 1, 1, 1, 1, 1, 1, 1, 1, 1, 1, 1, 1, 1, 1, 1, 1, 1, 1, 1, 1, 1, 1, 1, 1, 1, 1, 1, 1, 1, 1, 1, 1, 1, 1, 1, 1, 1, 1, 1, 1, 1]]

means=tensor([1.7022e-03, 0.0000e+00, 0.0000e+00, 0.0000e+00, 6.4046e-04, 4.8771e-04,
        4.2788e-04, 2.5073e-05, 0.0000e+00, 0.0000e+00, 0.0000e+00, 6.5940e-04,
        1.8192e-03, 8.2295e-05, 8.2787e-05, 1.4317e-05, 1.1221e-04, 6.7132e-05,
        5.0660e-05, 1.0884e-04, 4.0218e-05, 2.5567e-05, 1.6532e-04, 6.2199e-05,
        8.2810e-05, 1.2103e-04, 3.1206e-04, 5.9776e-05, 1.4624e-04, 1.5539e-04,
        8.3574e-05, 1.8576e-05, 1.0429e-05, 2.3168e-04, 5.7238e-05, 3.8258e-05,
        5.0270e-05, 7.6928e-05, 1.4967e-04, 6.2443e-05, 5.9406e-05, 9.4118e-06,
        2.4464e-04, 2.3795e-05, 3.4218e-05, 3.8887e-04, 2.7032e-04, 1.5576e-04,
        9.6232e-05, 1.2728e-04, 1.2138e-04, 7.1574e-05, 9.7134e-06, 4.2002e-05,
        1.5467e-04, 7.4410e-06, 8.4334e-05, 1.2465e-04, 7.7178e-05, 1.6652e-04,
        7.5675e-05, 1.2050e-04, 1.9756e-05, 1.0129e-04, 1.4779e-04, 3.1665e-05,
        1.0592e-05, 1.3718e-04, 7.3548e-05, 1.1622e-05, 4.0161e-05, 4.4133e-06,
        8.9689e-05, 5.5399e-06, 1.7719e-04, 1.7217e-04, 1.0971e-04, 2.1143e-04,
        8.4706e-05, 4.0843e-05, 1.6956e-05, 7.4325e-05, 1.0652e-05, 8.1221e-05,
        1.8237e-04, 3.7742e-05, 4.7629e-05, 1.0424e-04, 2.1700e-05, 1.4392e-04,
        9.1867e-06, 4.2980e-05, 4.8866e-05, 1.7576e-04, 7.2526e-05, 3.9375e-05,
        1.9097e-05, 1.0584e-04, 8.6072e-05, 4.2629e-05, 1.3614e-04, 7.6401e-05,
        4.1427e-05, 7.5665e-05, 1.4764e-04, 5.2149e-05, 4.1537e-05, 3.9292e-05,
        7.5022e-05, 5.3767e-05, 1.4219e-04, 2.6593e-05, 5.4304e-05],
       grad_fn=<CatBackward>)

mean_overall=tensor(0.0001, grad_fn=<MeanBackward0>)

-----------------------------------------------ITERATION230-----------------------------------------------

final_causality=[[1, 1, 1, 1, 1, 1, 1, 1, 1, 1, 1, 1, 1], [1, 1, 1, 1, 1, 1, 1, 1, 1, 1, 1, 1, 1, 1, 1, 1, 1, 1, 1, 1, 1, 1, 1, 1, 1, 1, 1, 1, 1, 1, 1, 1, 1, 1, 1, 1, 1, 1, 1, 1, 1, 1, 1, 1, 1, 1, 1, 1, 1, 1], [1, 1, 1, 1, 1, 1, 1, 1, 1, 1, 1, 1, 1, 1, 1, 1, 1, 1, 1, 1, 1, 1, 1, 1, 1, 1, 1, 1, 1, 1, 1, 1, 1, 1, 1, 1, 1, 1, 1, 1, 1, 1, 1, 1, 1, 1, 1, 1, 1, 1]]

means=tensor([1.9189e-03, 0.0000e+00, 0.0000e+00, 0.0000e+00, 7.2894e-04, 5.5950e-04,
        5.0463e-04, 3.7303e-05, 0.0000e+00, 0.0000e+00, 0.0000e+00, 7.4611e-04,
        2.0717e-03, 9.0453e-05, 9.2051e-05, 2.0697e-05, 1.1934e-04, 7.4380e-05,
        5.6436e-05, 1.2620e-04, 4.1625e-05, 2.9352e-05, 1.8309e-04, 7.3080e-05,
        8.5383e-05, 1.3613e-04, 3.4239e-04, 6.5805e-05, 1.6332e-04, 1.7325e-04,
        8.9141e-05, 2.2407e-05, 1.0176e-05, 2.6664e-04, 6.8241e-05, 3.6042e-05,
        5.8404e-05, 7.8606e-05, 1.6067e-04, 6.9251e-05, 6.2439e-05, 1.1754e-05,
        2.5891e-04, 2.6766e-05, 3.4909e-05, 4.2976e-04, 3.0217e-04, 1.7000e-04,
        1.1017e-04, 1.3704e-04, 1.3300e-04, 7.5196e-05, 1.0475e-05, 4.5453e-05,
        1.7664e-04, 5.9362e-06, 9.4544e-05, 1.4004e-04, 8.4249e-05, 1.8384e-04,
        8.5867e-05, 1.2896e-04, 1.7812e-05, 1.1154e-04, 1.5661e-04, 3.3718e-05,
        1.2345e-05, 1.4817e-04, 8.5544e-05, 1.4130e-05, 4.3580e-05, 5.4699e-06,
        1.0005e-04, 6.9500e-06, 1.9246e-04, 1.8926e-04, 1.2243e-04, 2.3038e-04,
        9.4168e-05, 4.6871e-05, 2.0508e-05, 7.8993e-05, 1.3055e-05, 9.1869e-05,
        2.0008e-04, 4.3356e-05, 5.0660e-05, 1.1680e-04, 2.4458e-05, 1.6183e-04,
        1.0549e-05, 4.7777e-05, 4.8186e-05, 1.9116e-04, 7.4679e-05, 4.4436e-05,
        2.2001e-05, 1.2000e-04, 9.3665e-05, 4.8916e-05, 1.5287e-04, 8.2899e-05,
        4.4630e-05, 8.4955e-05, 1.6126e-04, 5.5920e-05, 4.7014e-05, 4.3244e-05,
        8.5637e-05, 6.1914e-05, 1.5374e-04, 3.1031e-05, 5.8316e-05],
       grad_fn=<CatBackward>)

mean_overall=tensor(0.0001, grad_fn=<MeanBackward0>)

-----------------------------------------------ITERATION240-----------------------------------------------

final_causality=[[1, 1, 1, 1, 1, 1, 1, 1, 1, 1, 1, 1, 1], [1, 1, 1, 1, 1, 1, 1, 1, 1, 1, 1, 1, 1, 1, 1, 1, 1, 1, 1, 1, 1, 1, 1, 1, 1, 1, 1, 1, 1, 1, 1, 1, 1, 1, 1, 1, 1, 1, 1, 1, 1, 1, 1, 1, 1, 1, 1, 1, 1, 1], [1, 1, 1, 1, 1, 1, 1, 1, 1, 1, 1, 1, 1, 1, 1, 1, 1, 1, 1, 1, 1, 1, 1, 1, 1, 1, 1, 1, 1, 1, 1, 1, 1, 1, 1, 1, 1, 1, 1, 1, 1, 1, 1, 1, 1, 1, 1, 1, 1, 1]]

means=tensor([2.1566e-03, 0.0000e+00, 0.0000e+00, 0.0000e+00, 8.2755e-04, 6.3863e-04,
        5.9161e-04, 5.2097e-05, 0.0000e+00, 0.0000e+00, 0.0000e+00, 8.2784e-04,
        2.3489e-03, 1.0157e-04, 1.0255e-04, 2.7448e-05, 1.2699e-04, 8.2490e-05,
        6.2828e-05, 1.4561e-04, 4.3285e-05, 3.3627e-05, 2.0260e-04, 8.5432e-05,
        8.8366e-05, 1.5229e-04, 3.7372e-04, 7.2603e-05, 1.8143e-04, 1.9268e-04,
        9.5055e-05, 2.6270e-05, 9.7998e-06, 3.0490e-04, 8.0991e-05, 3.3840e-05,
        6.7507e-05, 8.0730e-05, 1.7216e-04, 7.7068e-05, 6.5728e-05, 1.4298e-05,
        2.7373e-04, 3.0011e-05, 3.5730e-05, 4.7255e-04, 3.3562e-04, 1.8519e-04,
        1.2620e-04, 1.4793e-04, 1.4694e-04, 7.9034e-05, 1.1309e-05, 4.9619e-05,
        2.0045e-04, 4.4084e-06, 1.0613e-04, 1.5694e-04, 9.1745e-05, 2.0234e-04,
        9.6739e-05, 1.3828e-04, 1.6058e-05, 1.2270e-04, 1.6640e-04, 3.6500e-05,
        1.4335e-05, 1.6035e-04, 9.8750e-05, 1.6875e-05, 4.7324e-05, 6.8412e-06,
        1.1144e-04, 8.7633e-06, 2.0891e-04, 2.0756e-04, 1.3604e-04, 2.5063e-04,
        1.0470e-04, 5.3473e-05, 2.4477e-05, 8.4103e-05, 1.5990e-05, 1.0339e-04,
        2.1897e-04, 4.9566e-05, 5.4506e-05, 1.3052e-04, 2.7642e-05, 1.8092e-04,
        1.2103e-05, 5.3075e-05, 4.7365e-05, 2.0787e-04, 7.7812e-05, 5.0053e-05,
        2.5278e-05, 1.3525e-04, 1.0262e-04, 5.5845e-05, 1.7083e-04, 9.0991e-05,
        4.8048e-05, 9.5170e-05, 1.7592e-04, 5.9981e-05, 5.3001e-05, 4.7553e-05,
        9.7004e-05, 7.0629e-05, 1.6612e-04, 3.6237e-05, 6.2590e-05],
       grad_fn=<CatBackward>)

mean_overall=tensor(0.0002, grad_fn=<MeanBackward0>)

-----------------------------------------------ITERATION250-----------------------------------------------

final_causality=[[1, 1, 1, 1, 1, 1, 1, 1, 1, 1, 1, 1, 1], [1, 1, 1, 1, 1, 1, 1, 1, 1, 1, 1, 1, 1, 1, 1, 1, 1, 1, 1, 1, 1, 1, 1, 1, 1, 1, 1, 1, 1, 1, 1, 1, 1, 1, 1, 1, 1, 1, 1, 1, 1, 1, 1, 1, 1, 1, 1, 1, 1, 1], [1, 1, 1, 1, 1, 1, 1, 1, 1, 1, 1, 1, 1, 1, 1, 1, 1, 1, 1, 1, 1, 1, 1, 1, 1, 1, 1, 1, 1, 1, 1, 1, 1, 1, 1, 1, 1, 1, 1, 1, 1, 1, 1, 1, 1, 1, 1, 1, 1, 1]]

means=tensor([2.4165e-03, 0.0000e+00, 0.0000e+00, 0.0000e+00, 9.3700e-04, 7.2457e-04,
        6.8987e-04, 6.9807e-05, 0.0000e+00, 0.0000e+00, 0.0000e+00, 8.9888e-04,
        2.6520e-03, 1.1390e-04, 1.1444e-04, 3.4621e-05, 1.3515e-04, 9.1538e-05,
        6.9848e-05, 1.6710e-04, 4.5212e-05, 3.8406e-05, 2.2401e-04, 9.9391e-05,
        9.1795e-05, 1.6938e-04, 4.0576e-04, 8.0481e-05, 2.0045e-04, 2.1378e-04,
        1.0132e-04, 3.0162e-05, 9.2840e-06, 3.4612e-04, 9.5874e-05, 3.1659e-05,
        7.7639e-05, 8.3331e-05, 1.8404e-04, 8.6068e-05, 6.9276e-05, 1.7081e-05,
        2.8903e-04, 3.3507e-05, 3.6854e-05, 5.1693e-04, 3.7050e-04, 2.0132e-04,
        1.4647e-04, 1.6012e-04, 1.6287e-04, 8.3079e-05, 1.2225e-05, 5.4663e-05,
        2.2605e-04, 2.8493e-06, 1.1933e-04, 1.7538e-04, 9.9610e-05, 2.2194e-04,
        1.0819e-04, 1.4849e-04, 1.4478e-05, 1.3477e-04, 1.7729e-04, 3.9562e-05,
        1.6585e-05, 1.7340e-04, 1.1301e-04, 1.9856e-05, 5.1369e-05, 8.6156e-06,
        1.2387e-04, 1.1092e-05, 2.2654e-04, 2.2703e-04, 1.5046e-04, 2.7205e-04,
        1.1635e-04, 6.0663e-05, 2.8870e-05, 8.9575e-05, 1.9555e-05, 1.1575e-04,
        2.3903e-04, 5.6367e-05, 5.8548e-05, 1.4539e-04, 3.1303e-05, 2.0106e-04,
        1.3863e-05, 5.8883e-05, 4.8973e-05, 2.2591e-04, 8.3536e-05, 5.6238e-05,
        2.8949e-05, 1.5150e-04, 1.1483e-04, 6.3424e-05, 1.8999e-04, 1.0001e-04,
        5.1649e-05, 1.0632e-04, 1.9155e-04, 6.5457e-05, 5.9510e-05, 5.2155e-05,
        1.0905e-04, 7.9850e-05, 1.7924e-04, 4.2307e-05, 6.7143e-05],
       grad_fn=<CatBackward>)

mean_overall=tensor(0.0002, grad_fn=<MeanBackward0>)

-----------------------------------------------ITERATION260-----------------------------------------------

final_causality=[[1, 1, 1, 1, 1, 1, 1, 1, 1, 1, 1, 1, 1], [1, 1, 1, 1, 1, 1, 1, 1, 1, 1, 1, 1, 1, 1, 1, 1, 1, 1, 1, 1, 1, 1, 1, 1, 1, 1, 1, 1, 1, 1, 1, 1, 1, 1, 1, 1, 1, 1, 1, 1, 1, 1, 1, 1, 1, 1, 1, 1, 1, 1], [1, 1, 1, 1, 1, 1, 1, 1, 1, 1, 1, 1, 1, 1, 1, 1, 1, 1, 1, 1, 1, 1, 1, 1, 1, 1, 1, 1, 1, 1, 1, 1, 1, 1, 1, 1, 1, 1, 1, 1, 1, 1, 1, 1, 1, 1, 1, 1, 1, 1]]

means=tensor([2.6991e-03, 0.0000e+00, 0.0000e+00, 0.0000e+00, 1.0579e-03, 8.1620e-04,
        8.0050e-04, 9.0815e-05, 0.0000e+00, 0.0000e+00, 0.0000e+00, 9.5323e-04,
        2.9821e-03, 1.2752e-04, 1.2783e-04, 4.2271e-05, 1.4385e-04, 1.0159e-04,
        7.7492e-05, 1.9065e-04, 4.7417e-05, 4.3697e-05, 2.4747e-04, 1.1510e-04,
        9.5781e-05, 1.8724e-04, 4.3818e-04, 8.9389e-05, 2.2022e-04, 2.3662e-04,
        1.0796e-04, 3.4082e-05, 8.6165e-06, 3.9212e-04, 1.1336e-04, 2.9510e-05,
        8.8852e-05, 8.6429e-05, 1.9624e-04, 9.6401e-05, 7.3085e-05, 2.0138e-05,
        3.0475e-04, 3.7220e-05, 3.8208e-05, 5.6260e-04, 4.0658e-04, 2.1833e-04,
        1.6846e-04, 1.7376e-04, 1.8040e-04, 8.7329e-05, 1.3311e-05, 6.0207e-05,
        2.5335e-04, 1.2500e-06, 1.3435e-04, 1.9536e-04, 1.0778e-04, 2.4253e-04,
        1.2010e-04, 1.5995e-04, 1.3050e-05, 1.4773e-04, 1.8943e-04, 4.2893e-05,
        1.9116e-05, 1.8728e-04, 1.2829e-04, 2.3067e-05, 5.5688e-05, 1.0989e-05,
        1.3731e-04, 1.4070e-05, 2.4530e-04, 2.4762e-04, 1.6562e-04, 2.9452e-04,
        1.2917e-04, 6.8437e-05, 3.3687e-05, 9.5312e-05, 2.3857e-05, 1.2890e-04,
        2.6020e-04, 6.3738e-05, 6.2726e-05, 1.6133e-04, 3.5493e-05, 2.2207e-04,
        1.5841e-05, 6.5202e-05, 5.2869e-05, 2.4523e-04, 9.2064e-05, 6.2998e-05,
        3.3031e-05, 1.6862e-04, 1.2917e-04, 7.1644e-05, 2.1030e-04, 1.1004e-04,
        5.5394e-05, 1.1841e-04, 2.0802e-04, 7.1841e-05, 6.6545e-05, 5.6970e-05,
        1.2168e-04, 8.9506e-05, 1.9301e-04, 4.9331e-05, 7.2013e-05],
       grad_fn=<CatBackward>)

mean_overall=tensor(0.0002, grad_fn=<MeanBackward0>)

-----------------------------------------------ITERATION270-----------------------------------------------

final_causality=[[1, 1, 1, 1, 1, 1, 1, 1, 1, 1, 1, 1, 1], [1, 1, 1, 1, 1, 1, 1, 1, 1, 1, 1, 1, 1, 1, 1, 1, 1, 1, 1, 1, 1, 1, 1, 1, 1, 1, 1, 1, 1, 1, 1, 1, 1, 1, 1, 1, 1, 1, 1, 1, 1, 1, 1, 1, 1, 1, 1, 1, 1, 1], [1, 1, 1, 1, 1, 1, 1, 1, 1, 1, 1, 1, 1, 1, 1, 1, 1, 1, 1, 1, 1, 1, 1, 1, 1, 1, 1, 1, 1, 1, 1, 1, 1, 1, 1, 1, 1, 1, 1, 1, 1, 1, 1, 1, 1, 1, 1, 1, 1, 1]]

means=tensor([3.0050e-03, 0.0000e+00, 0.0000e+00, 0.0000e+00, 1.1909e-03, 9.1154e-04,
        9.2466e-04, 1.1553e-04, 0.0000e+00, 0.0000e+00, 0.0000e+00, 9.8614e-04,
        3.3400e-03, 1.4246e-04, 1.4282e-04, 5.0448e-05, 1.5312e-04, 1.1269e-04,
        8.5740e-05, 2.1617e-04, 4.9898e-05, 4.9504e-05, 2.7307e-04, 1.3266e-04,
        1.0018e-04, 2.0572e-04, 4.7077e-04, 9.9304e-05, 2.4061e-04, 2.6124e-04,
        1.1501e-04, 3.8035e-05, 7.7932e-06, 4.4081e-04, 1.3385e-04, 2.7413e-05,
        1.0120e-04, 9.0035e-05, 2.0873e-04, 1.0815e-04, 7.7157e-05, 2.3509e-05,
        3.2084e-04, 4.1115e-05, 3.9803e-05, 6.0934e-04, 4.4365e-04, 2.3621e-04,
        1.9204e-04, 1.8901e-04, 1.9962e-04, 9.1795e-05, 1.4477e-05, 6.6250e-05,
        2.8225e-04, 4.2977e-07, 1.5137e-04, 2.1684e-04, 1.1619e-04, 2.6404e-04,
        1.3242e-04, 1.7293e-04, 1.1741e-05, 1.6157e-04, 2.0306e-04, 4.6479e-05,
        2.1949e-05, 2.0194e-04, 1.4452e-04, 2.6509e-05, 6.0264e-05, 1.4084e-05,
        1.5172e-04, 1.7857e-05, 2.6510e-04, 2.6922e-04, 1.8141e-04, 3.1791e-04,
        1.4316e-04, 7.6782e-05, 3.8928e-05, 1.0301e-04, 2.9015e-05, 1.4276e-04,
        2.8238e-04, 7.1645e-05, 6.6983e-05, 1.7827e-04, 4.0519e-05, 2.4377e-04,
        1.8387e-05, 7.2021e-05, 5.7205e-05, 2.6577e-04, 1.0137e-04, 7.0342e-05,
        3.7535e-05, 1.8647e-04, 1.4432e-04, 8.0485e-05, 2.3166e-04, 1.2517e-04,
        5.9253e-05, 1.3144e-04, 2.2523e-04, 7.8753e-05, 7.4097e-05, 6.1918e-05,
        1.3482e-04, 9.9536e-05, 2.0729e-04, 5.7411e-05, 7.8079e-05],
       grad_fn=<CatBackward>)

mean_overall=tensor(0.0002, grad_fn=<MeanBackward0>)

-----------------------------------------------ITERATION280-----------------------------------------------

final_causality=[[1, 1, 1, 1, 1, 1, 1, 1, 1, 1, 1, 1, 1], [1, 1, 1, 1, 1, 1, 1, 1, 1, 1, 1, 1, 1, 1, 1, 1, 1, 1, 1, 1, 1, 1, 1, 1, 1, 1, 1, 1, 1, 1, 1, 1, 1, 1, 1, 1, 1, 1, 1, 1, 1, 1, 1, 1, 1, 1, 1, 1, 1, 1], [1, 1, 1, 1, 1, 1, 1, 1, 1, 1, 1, 1, 1, 1, 1, 1, 1, 1, 1, 1, 1, 1, 1, 1, 1, 1, 1, 1, 1, 1, 1, 1, 1, 1, 1, 1, 1, 1, 1, 1, 1, 1, 1, 1, 1, 1, 1, 1, 1, 1]]

means=tensor([3.3346e-03, 0.0000e+00, 0.0000e+00, 0.0000e+00, 1.3364e-03, 1.0075e-03,
        1.0635e-03, 1.4436e-04, 0.0000e+00, 0.0000e+00, 0.0000e+00, 9.9576e-04,
        3.7263e-03, 1.5873e-04, 1.5945e-04, 5.9202e-05, 1.6302e-04, 1.2483e-04,
        9.4551e-05, 2.4347e-04, 5.2643e-05, 5.5837e-05, 3.0078e-04, 1.5216e-04,
        1.0496e-04, 2.2469e-04, 5.0348e-04, 1.1024e-04, 2.6151e-04, 2.8765e-04,
        1.2255e-04, 4.2029e-05, 6.8161e-06, 4.9158e-04, 1.5750e-04, 2.5395e-05,
        1.1476e-04, 9.4145e-05, 2.2147e-04, 1.2129e-04, 8.2036e-05, 2.7234e-05,
        3.3728e-04, 4.5160e-05, 4.1698e-05, 6.5699e-04, 4.8156e-04, 2.5494e-04,
        2.1710e-04, 2.0593e-04, 2.2053e-04, 9.6506e-05, 1.5727e-05, 7.2774e-05,
        3.1260e-04, 2.3308e-06, 1.7039e-04, 2.3972e-04, 1.2481e-04, 2.8649e-04,
        1.4512e-04, 1.8684e-04, 1.0512e-05, 1.7629e-04, 2.1896e-04, 5.0318e-05,
        2.5103e-05, 2.1733e-04, 1.6161e-04, 3.0194e-05, 6.5108e-05, 1.8051e-05,
        1.6699e-04, 2.2630e-05, 2.8582e-04, 2.9168e-04, 1.9779e-04, 3.4211e-04,
        1.5830e-04, 8.5663e-05, 4.4597e-05, 1.1149e-04, 3.5167e-05, 1.5723e-04,
        3.0543e-04, 8.0040e-05, 7.1828e-05, 1.9607e-04, 4.6178e-05, 2.6601e-04,
        2.1358e-05, 7.9312e-05, 6.2001e-05, 2.8739e-04, 1.1143e-04, 7.8283e-05,
        4.2460e-05, 2.0496e-04, 1.6018e-04, 8.9903e-05, 2.5391e-04, 1.4186e-04,
        6.4703e-05, 1.4542e-04, 2.4309e-04, 8.6056e-05, 8.2141e-05, 6.6923e-05,
        1.4842e-04, 1.0991e-04, 2.2324e-04, 6.6654e-05, 8.5120e-05],
       grad_fn=<CatBackward>)

mean_overall=tensor(0.0002, grad_fn=<MeanBackward0>)

-----------------------------------------------ITERATION290-----------------------------------------------

final_causality=[[1, 1, 1, 1, 1, 1, 1, 1, 1, 1, 1, 1, 1], [1, 1, 1, 1, 1, 1, 1, 1, 1, 1, 1, 1, 1, 1, 1, 1, 1, 1, 1, 1, 1, 1, 1, 1, 1, 1, 1, 1, 1, 1, 1, 1, 1, 1, 1, 1, 1, 1, 1, 1, 1, 1, 1, 1, 1, 1, 1, 1, 1, 1], [1, 1, 1, 1, 1, 1, 1, 1, 1, 1, 1, 1, 1, 1, 1, 1, 1, 1, 1, 1, 1, 1, 1, 1, 1, 1, 1, 1, 1, 1, 1, 1, 1, 1, 1, 1, 1, 1, 1, 1, 1, 1, 1, 1, 1, 1, 1, 1, 1, 1]]

means=tensor([3.6875e-03, 0.0000e+00, 0.0000e+00, 0.0000e+00, 1.4948e-03, 1.0993e-03,
        1.2182e-03, 1.7772e-04, 0.0000e+00, 0.0000e+00, 0.0000e+00, 9.8375e-04,
        4.1412e-03, 1.7627e-04, 1.7765e-04, 6.8567e-05, 1.7361e-04, 1.3796e-04,
        1.0386e-04, 2.7224e-04, 5.5626e-05, 6.2719e-05, 3.3043e-04, 1.7361e-04,
        1.1015e-04, 2.4403e-04, 5.3804e-04, 1.2215e-04, 2.8290e-04, 3.1574e-04,
        1.3068e-04, 4.6081e-05, 5.6904e-06, 5.4416e-04, 1.8422e-04, 2.3485e-05,
        1.2963e-04, 9.8736e-05, 2.3450e-04, 1.3571e-04, 8.7304e-05, 3.1351e-05,
        3.5408e-04, 4.9329e-05, 4.3960e-05, 7.0553e-04, 5.2021e-04, 2.7451e-04,
        2.4360e-04, 2.2453e-04, 2.4302e-04, 1.0151e-04, 1.7064e-05, 7.9740e-05,
        3.4419e-04, 4.3165e-06, 1.9130e-04, 2.6382e-04, 1.3358e-04, 3.0995e-04,
        1.5829e-04, 2.0153e-04, 9.3169e-06, 1.9190e-04, 2.3989e-04, 5.4646e-05,
        2.8594e-05, 2.3343e-04, 1.7940e-04, 3.4139e-05, 7.0956e-05, 2.3091e-05,
        1.8299e-04, 2.8579e-05, 3.0725e-04, 3.1478e-04, 2.1471e-04, 3.6705e-04,
        1.7452e-04, 9.5020e-05, 5.0710e-05, 1.2136e-04, 4.2464e-05, 1.7219e-04,
        3.2914e-04, 8.8858e-05, 7.7549e-05, 2.1455e-04, 5.2483e-05, 2.8871e-04,
        2.4533e-05, 8.7031e-05, 6.7270e-05, 3.0993e-04, 1.2219e-04, 8.6845e-05,
        4.7983e-05, 2.2398e-04, 1.7661e-04, 9.9834e-05, 2.7684e-04, 1.5922e-04,
        7.0775e-05, 1.6039e-04, 2.6155e-04, 9.3582e-05, 9.0627e-05, 7.4372e-05,
        1.6247e-04, 1.2062e-04, 2.4009e-04, 7.7176e-05, 9.2298e-05],
       grad_fn=<CatBackward>)

mean_overall=tensor(0.0003, grad_fn=<MeanBackward0>)

-----------------------------------------------ITERATION300-----------------------------------------------

final_causality=[[1, 1, 1, 1, 1, 1, 1, 1, 1, 1, 1, 1, 1], [1, 1, 1, 1, 1, 1, 1, 1, 1, 1, 1, 1, 1, 1, 1, 1, 1, 1, 1, 1, 1, 1, 1, 1, 1, 1, 1, 1, 1, 1, 1, 1, 1, 1, 1, 1, 1, 1, 1, 1, 1, 1, 1, 1, 1, 1, 1, 1, 1, 1], [1, 1, 1, 1, 1, 1, 1, 1, 1, 1, 1, 1, 1, 1, 1, 1, 1, 1, 1, 1, 1, 1, 1, 1, 1, 1, 1, 1, 1, 1, 1, 1, 1, 1, 1, 1, 1, 1, 1, 1, 1, 1, 1, 1, 1, 1, 1, 1, 1, 1]]

means=tensor([4.0630e-03, 0.0000e+00, 0.0000e+00, 0.0000e+00, 1.6661e-03, 1.1807e-03,
        1.3898e-03, 2.1593e-04, 0.0000e+00, 0.0000e+00, 0.0000e+00, 9.5454e-04,
        4.5842e-03, 1.9498e-04, 1.9728e-04, 7.8565e-05, 1.8497e-04, 1.5200e-04,
        1.1357e-04, 3.0206e-04, 5.8811e-05, 7.0190e-05, 3.6170e-04, 1.9695e-04,
        1.1696e-04, 2.6365e-04, 5.7382e-04, 1.3493e-04, 3.0473e-04, 3.4535e-04,
        1.3951e-04, 5.0290e-05, 4.4209e-06, 5.9830e-04, 2.1374e-04, 2.1711e-05,
        1.4593e-04, 1.0378e-04, 2.4783e-04, 1.5121e-04, 9.2900e-05, 3.5895e-05,
        3.7126e-04, 5.3596e-05, 4.6662e-05, 7.5496e-04, 5.5952e-04, 2.9491e-04,
        2.7158e-04, 2.4475e-04, 2.6686e-04, 1.0685e-04, 1.8493e-05, 8.7089e-05,
        3.7679e-04, 6.3979e-06, 2.1381e-04, 2.8891e-04, 1.4248e-04, 3.3454e-04,
        1.7204e-04, 2.1684e-04, 8.1098e-06, 2.0842e-04, 2.6139e-04, 6.0290e-05,
        3.2428e-05, 2.5021e-04, 1.9767e-04, 3.8358e-05, 7.7935e-05, 2.9428e-05,
        1.9956e-04, 3.5891e-05, 3.2912e-04, 3.3824e-04, 2.3215e-04, 3.9269e-04,
        1.9169e-04, 1.0476e-04, 5.7281e-05, 1.3220e-04, 5.1063e-05, 1.8748e-04,
        3.5323e-04, 9.8009e-05, 8.3483e-05, 2.3348e-04, 5.9428e-05, 3.1179e-04,
        2.7903e-05, 9.5107e-05, 7.3015e-05, 3.3314e-04, 1.3353e-04, 9.6050e-05,
        5.4007e-05, 2.4345e-04, 1.9346e-04, 1.1019e-04, 3.0016e-04, 1.7706e-04,
        7.7099e-05, 1.7636e-04, 2.8057e-04, 1.0128e-04, 9.9478e-05, 8.3500e-05,
        1.7694e-04, 1.3166e-04, 2.5752e-04, 8.9089e-05, 9.9574e-05],
       grad_fn=<CatBackward>)

mean_overall=tensor(0.0003, grad_fn=<MeanBackward0>)

-----------------------------------------------ITERATION310-----------------------------------------------

final_causality=[[1, 1, 1, 1, 1, 1, 1, 1, 1, 1, 1, 1, 1], [1, 1, 1, 1, 1, 1, 1, 1, 1, 1, 1, 1, 1, 1, 1, 1, 1, 1, 1, 1, 1, 1, 1, 1, 1, 1, 1, 1, 1, 1, 1, 1, 1, 1, 1, 1, 1, 1, 1, 1, 1, 1, 1, 1, 1, 1, 1, 1, 1, 1], [1, 1, 1, 1, 1, 1, 1, 1, 1, 1, 1, 1, 1, 1, 1, 1, 1, 1, 1, 1, 1, 1, 1, 1, 1, 1, 1, 1, 1, 1, 1, 1, 1, 1, 1, 1, 1, 1, 1, 1, 1, 1, 1, 1, 1, 1, 1, 1, 1, 1]]

means=tensor([4.4595e-03, 0.0000e+00, 0.0000e+00, 0.0000e+00, 1.8504e-03, 1.2438e-03,
        1.5791e-03, 2.5924e-04, 0.0000e+00, 0.0000e+00, 0.0000e+00, 9.1403e-04,
        5.0543e-03, 2.1468e-04, 2.1810e-04, 8.9199e-05, 1.9717e-04, 1.6683e-04,
        1.2355e-04, 3.3240e-04, 6.2153e-05, 7.8295e-05, 3.9418e-04, 2.2213e-04,
        1.2407e-04, 2.8342e-04, 6.0985e-04, 1.4843e-04, 3.2696e-04, 3.7622e-04,
        1.4914e-04, 5.4916e-05, 3.0071e-06, 6.5373e-04, 2.4577e-04, 2.0101e-05,
        1.6550e-04, 1.0923e-04, 2.6149e-04, 1.6755e-04, 9.8802e-05, 4.0894e-05,
        3.8880e-04, 5.7934e-05, 4.9876e-05, 8.0523e-04, 5.9935e-04, 3.1610e-04,
        3.0112e-04, 2.6647e-04, 2.9175e-04, 1.1259e-04, 2.0012e-05, 9.4740e-05,
        4.1004e-04, 8.5864e-06, 2.3754e-04, 3.1469e-04, 1.5145e-04, 3.6034e-04,
        1.8648e-04, 2.3253e-04, 6.8503e-06, 2.2583e-04, 2.8314e-04, 6.6313e-05,
        3.6596e-05, 2.6764e-04, 2.1614e-04, 4.2856e-05, 8.5249e-05, 3.7294e-05,
        2.1644e-04, 4.4734e-05, 3.5112e-04, 3.6170e-04, 2.5009e-04, 4.1893e-04,
        2.0963e-04, 1.1476e-04, 6.4317e-05, 1.4340e-04, 6.1107e-05, 2.0318e-04,
        3.7732e-04, 1.0738e-04, 8.9592e-05, 2.5260e-04, 6.6979e-05, 3.3517e-04,
        3.1456e-05, 1.0344e-04, 7.9230e-05, 3.5670e-04, 1.4531e-04, 1.0590e-04,
        6.0429e-05, 2.6329e-04, 2.1049e-04, 1.2084e-04, 3.2352e-04, 1.9510e-04,
        8.4035e-05, 1.9334e-04, 3.0007e-04, 1.0910e-04, 1.0859e-04, 9.2864e-05,
        1.9180e-04, 1.4300e-04, 2.7545e-04, 1.0248e-04, 1.0690e-04],
       grad_fn=<CatBackward>)

mean_overall=tensor(0.0003, grad_fn=<MeanBackward0>)

-----------------------------------------------ITERATION320-----------------------------------------------

final_causality=[[1, 1, 1, 1, 1, 1, 1, 1, 1, 1, 1, 1, 1], [1, 1, 1, 1, 1, 1, 1, 1, 1, 1, 1, 1, 1, 1, 1, 1, 1, 1, 1, 1, 1, 1, 1, 1, 1, 1, 1, 1, 1, 1, 1, 1, 1, 1, 1, 1, 1, 1, 1, 1, 1, 1, 1, 1, 1, 1, 1, 1, 1, 1], [1, 1, 1, 1, 1, 1, 1, 1, 1, 1, 1, 1, 1, 1, 1, 1, 1, 1, 1, 1, 1, 1, 1, 1, 1, 1, 1, 1, 1, 1, 1, 1, 1, 1, 1, 1, 1, 1, 1, 1, 1, 1, 1, 1, 1, 1, 1, 1, 1, 1]]

means=tensor([4.8748e-03, 0.0000e+00, 0.0000e+00, 0.0000e+00, 2.0471e-03, 1.2805e-03,
        1.7864e-03, 3.0773e-04, 0.0000e+00, 0.0000e+00, 0.0000e+00, 8.6783e-04,
        5.5496e-03, 2.3517e-04, 2.3983e-04, 1.0046e-04, 2.1026e-04, 1.8230e-04,
        1.3365e-04, 3.6273e-04, 6.5609e-05, 8.7074e-05, 4.2738e-04, 2.4901e-04,
        1.3140e-04, 3.0318e-04, 6.4598e-04, 1.6245e-04, 3.4947e-04, 4.0805e-04,
        1.5968e-04, 5.9674e-05, 1.4398e-06, 7.1012e-04, 2.7999e-04, 1.8672e-05,
        1.8912e-04, 1.1504e-04, 2.7544e-04, 1.8445e-04, 1.0498e-04, 4.6370e-05,
        4.0667e-04, 6.2307e-05, 5.3662e-05, 8.5615e-04, 6.3950e-04, 3.3798e-04,
        3.3233e-04, 2.8954e-04, 3.1731e-04, 1.1878e-04, 2.1613e-05, 1.0259e-04,
        4.4355e-04, 1.0892e-05, 2.6209e-04, 3.4078e-04, 1.6041e-04, 3.8957e-04,
        2.0169e-04, 2.4838e-04, 5.5096e-06, 2.4406e-04, 3.0480e-04, 7.2698e-05,
        4.1074e-05, 2.8563e-04, 2.3453e-04, 4.7627e-05, 9.2871e-05, 4.6910e-05,
        2.3337e-04, 5.5236e-05, 3.7285e-04, 3.8477e-04, 2.6845e-04, 4.4564e-04,
        2.2810e-04, 1.2488e-04, 7.1805e-05, 1.5488e-04, 7.2714e-05, 2.1979e-04,
        4.0102e-04, 1.1682e-04, 9.5825e-05, 2.7161e-04, 7.5073e-05, 3.5871e-04,
        3.5174e-05, 1.1192e-04, 8.5899e-05, 3.8026e-04, 1.5738e-04, 1.1639e-04,
        6.7233e-05, 2.8339e-04, 2.2746e-04, 1.3163e-04, 3.4653e-04, 2.1305e-04,
        9.2825e-05, 2.1128e-04, 3.1993e-04, 1.1694e-04, 1.1782e-04, 1.0240e-04,
        2.0698e-04, 1.5458e-04, 2.9377e-04, 1.1739e-04, 1.1448e-04],
       grad_fn=<CatBackward>)

mean_overall=tensor(0.0003, grad_fn=<MeanBackward0>)

-----------------------------------------------ITERATION330-----------------------------------------------

final_causality=[[1, 1, 1, 1, 1, 1, 1, 1, 1, 1, 1, 1, 1], [1, 1, 1, 1, 1, 1, 1, 1, 1, 1, 1, 1, 1, 1, 1, 1, 1, 1, 1, 1, 1, 1, 1, 1, 1, 1, 1, 1, 1, 1, 1, 1, 1, 1, 1, 1, 1, 1, 1, 1, 1, 1, 1, 1, 1, 1, 1, 1, 1, 1], [1, 1, 1, 1, 1, 1, 1, 1, 1, 1, 1, 1, 1, 1, 1, 1, 1, 1, 1, 1, 1, 1, 1, 1, 1, 1, 1, 1, 1, 1, 1, 1, 1, 1, 1, 1, 1, 1, 1, 1, 1, 1, 1, 1, 1, 1, 1, 1, 1, 1]]

means=tensor([5.3056e-03, 0.0000e+00, 0.0000e+00, 0.0000e+00, 2.2557e-03, 1.2842e-03,
        2.0119e-03, 3.6138e-04, 0.0000e+00, 0.0000e+00, 0.0000e+00, 8.1978e-04,
        6.0671e-03, 2.5621e-04, 2.6220e-04, 1.1231e-04, 2.2423e-04, 1.9827e-04,
        1.4372e-04, 3.9396e-04, 6.9138e-05, 9.6541e-05, 4.6086e-04, 2.7745e-04,
        1.3902e-04, 3.2275e-04, 6.8196e-04, 1.7679e-04, 3.7204e-04, 4.4049e-04,
        1.7114e-04, 6.4530e-05, 3.6393e-07, 7.6698e-04, 3.1611e-04, 1.7437e-05,
        2.1537e-04, 1.2119e-04, 2.8959e-04, 2.0189e-04, 1.1144e-04, 5.2331e-05,
        4.2475e-04, 6.6663e-05, 5.8063e-05, 9.0746e-04, 6.8244e-04, 3.6039e-04,
        3.6521e-04, 3.1384e-04, 3.4321e-04, 1.2543e-04, 2.3277e-05, 1.1053e-04,
        4.7690e-04, 1.3324e-05, 2.8710e-04, 3.6680e-04, 1.6924e-04, 4.2118e-04,
        2.1763e-04, 2.6414e-04, 4.0738e-06, 2.6299e-04, 3.2602e-04, 7.9410e-05,
        4.5830e-05, 3.0402e-04, 2.5255e-04, 5.2648e-05, 1.0075e-04, 5.8468e-05,
        2.5008e-04, 6.7471e-05, 3.9397e-04, 4.0710e-04, 2.8708e-04, 4.7260e-04,
        2.4684e-04, 1.3497e-04, 7.9707e-05, 1.6653e-04, 8.5958e-05, 2.3607e-04,
        4.2399e-04, 1.2623e-04, 1.0212e-04, 2.9023e-04, 8.3634e-05, 3.8222e-04,
        3.9035e-05, 1.2039e-04, 9.3148e-05, 4.0344e-04, 1.6959e-04, 1.2744e-04,
        7.4378e-05, 3.0356e-04, 2.4413e-04, 1.4241e-04, 3.6887e-04, 2.3063e-04,
        1.0159e-04, 2.3006e-04, 3.3999e-04, 1.2474e-04, 1.2707e-04, 1.1203e-04,
        2.2237e-04, 1.6632e-04, 3.1232e-04, 1.3380e-04, 1.2366e-04],
       grad_fn=<CatBackward>)

mean_overall=tensor(0.0004, grad_fn=<MeanBackward0>)

-----------------------------------------------ITERATION340-----------------------------------------------

final_causality=[[1, 1, 1, 1, 1, 1, 1, 1, 1, 1, 1, 1, 1], [1, 1, 1, 1, 1, 1, 1, 1, 1, 1, 1, 1, 1, 1, 1, 1, 1, 1, 1, 1, 1, 1, 1, 1, 1, 1, 1, 1, 1, 1, 1, 1, 1, 1, 1, 1, 1, 1, 1, 1, 1, 1, 1, 1, 1, 1, 1, 1, 1, 1], [1, 1, 1, 1, 1, 1, 1, 1, 1, 1, 1, 1, 1, 1, 1, 1, 1, 1, 1, 1, 1, 1, 1, 1, 1, 1, 1, 1, 1, 1, 1, 1, 1, 1, 1, 1, 1, 1, 1, 1, 1, 1, 1, 1, 1, 1, 1, 1, 1, 1]]

means=tensor([5.7477e-03, 0.0000e+00, 0.0000e+00, 0.0000e+00, 2.4750e-03, 1.2514e-03,
        2.2551e-03, 4.2000e-04, 0.0000e+00, 0.0000e+00, 0.0000e+00, 7.7097e-04,
        6.6031e-03, 2.7760e-04, 2.8497e-04, 1.2474e-04, 2.3902e-04, 2.1549e-04,
        1.5357e-04, 4.2645e-04, 7.2705e-05, 1.0666e-04, 4.9423e-04, 3.0887e-04,
        1.4675e-04, 3.4194e-04, 7.1746e-04, 1.9127e-04, 3.9443e-04, 4.7324e-04,
        1.8353e-04, 6.9423e-05, 2.5988e-06, 8.2370e-04, 3.5393e-04, 1.6401e-05,
        2.4417e-04, 1.2763e-04, 3.0379e-04, 2.2124e-04, 1.1853e-04, 5.8779e-05,
        4.4286e-04, 7.0935e-05, 6.3106e-05, 9.5876e-04, 7.2646e-04, 3.8311e-04,
        3.9963e-04, 3.3924e-04, 3.6911e-04, 1.3254e-04, 2.4980e-05, 1.1844e-04,
        5.0973e-04, 1.5885e-05, 3.1230e-04, 3.9237e-04, 1.7779e-04, 4.5424e-04,
        2.3589e-04, 2.7960e-04, 2.5446e-06, 2.8242e-04, 3.4650e-04, 8.6395e-05,
        5.0824e-05, 3.2262e-04, 2.7000e-04, 5.7881e-05, 1.0883e-04, 7.2094e-05,
        2.6629e-04, 8.1443e-05, 4.1420e-04, 4.2840e-04, 3.0579e-04, 4.9951e-04,
        2.6560e-04, 1.4490e-04, 8.7960e-05, 1.7822e-04, 1.0085e-04, 2.5180e-04,
        4.4593e-04, 1.3546e-04, 1.0982e-04, 3.0819e-04, 9.2578e-05, 4.0545e-04,
        4.3002e-05, 1.2872e-04, 1.0103e-04, 4.2587e-04, 1.8183e-04, 1.3896e-04,
        8.1802e-05, 3.2360e-04, 2.6100e-04, 1.5299e-04, 3.9028e-04, 2.4756e-04,
        1.1023e-04, 2.4952e-04, 3.6005e-04, 1.3237e-04, 1.3621e-04, 1.2164e-04,
        2.3783e-04, 1.7810e-04, 3.3088e-04, 1.5163e-04, 1.3290e-04],
       grad_fn=<CatBackward>)

mean_overall=tensor(0.0004, grad_fn=<MeanBackward0>)

-----------------------------------------------ITERATION350-----------------------------------------------

final_causality=[[1, 1, 1, 1, 1, 1, 1, 1, 1, 1, 1, 1, 1], [1, 1, 1, 1, 1, 1, 1, 1, 1, 1, 1, 1, 1, 1, 1, 1, 1, 1, 1, 1, 1, 1, 1, 1, 1, 1, 1, 1, 1, 1, 1, 1, 1, 1, 1, 1, 1, 1, 1, 1, 1, 1, 1, 1, 1, 1, 1, 1, 1, 1], [1, 1, 1, 1, 1, 1, 1, 1, 1, 1, 1, 1, 1, 1, 1, 1, 1, 1, 1, 1, 1, 1, 1, 1, 1, 1, 1, 1, 1, 1, 1, 1, 1, 1, 1, 1, 1, 1, 1, 1, 1, 1, 1, 1, 1, 1, 1, 1, 1, 1]]

means=tensor([6.1961e-03, 0.0000e+00, 0.0000e+00, 0.0000e+00, 2.7035e-03, 1.1815e-03,
        2.5151e-03, 4.8328e-04, 0.0000e+00, 0.0000e+00, 0.0000e+00, 7.2017e-04,
        7.1528e-03, 2.9914e-04, 3.0792e-04, 1.3770e-04, 2.5451e-04, 2.3490e-04,
        1.6305e-04, 4.5866e-04, 7.6280e-05, 1.1735e-04, 5.2716e-04, 3.4190e-04,
        1.5452e-04, 3.6225e-04, 7.5216e-04, 2.0574e-04, 4.1818e-04, 5.0605e-04,
        1.9675e-04, 7.4281e-05, 5.1295e-06, 8.7957e-04, 3.9335e-04, 1.5565e-05,
        2.7534e-04, 1.3434e-04, 3.1783e-04, 2.4094e-04, 1.2573e-04, 6.5699e-05,
        4.6075e-04, 7.5044e-05, 6.8794e-05, 1.0096e-03, 7.7042e-04, 4.0583e-04,
        4.3528e-04, 3.6562e-04, 3.9475e-04, 1.4007e-04, 2.6689e-05, 1.2617e-04,
        5.4176e-04, 1.8579e-05, 3.3751e-04, 4.1717e-04, 1.8588e-04, 4.8834e-04,
        2.5526e-04, 2.9456e-04, 9.3568e-07, 3.0213e-04, 3.6598e-04, 9.3580e-05,
        5.6007e-05, 3.4118e-04, 2.8668e-04, 6.3270e-05, 1.1701e-04, 8.7837e-05,
        2.8179e-04, 9.7081e-05, 4.3330e-04, 4.4846e-04, 3.2437e-04, 5.2603e-04,
        2.8411e-04, 1.5457e-04, 9.6477e-05, 1.8980e-04, 1.1733e-04, 2.6684e-04,
        4.6664e-04, 1.4441e-04, 1.1730e-04, 3.2529e-04, 1.0180e-04, 4.2812e-04,
        4.7033e-05, 1.3678e-04, 1.0921e-04, 4.4726e-04, 1.9401e-04, 1.5082e-04,
        8.9420e-05, 3.4324e-04, 2.7901e-04, 1.6323e-04, 4.1054e-04, 2.6364e-04,
        1.1909e-04, 2.6941e-04, 3.7986e-04, 1.4021e-04, 1.4513e-04, 1.3112e-04,
        2.5316e-04, 1.8980e-04, 3.4921e-04, 1.7071e-04, 1.4209e-04],
       grad_fn=<CatBackward>)

mean_overall=tensor(0.0004, grad_fn=<MeanBackward0>)

-----------------------------------------------ITERATION360-----------------------------------------------

final_causality=[[1, 1, 1, 1, 1, 1, 1, 1, 1, 1, 1, 1, 1], [1, 1, 1, 1, 1, 1, 1, 1, 1, 1, 1, 1, 1, 1, 1, 1, 1, 1, 1, 1, 1, 1, 1, 1, 1, 1, 1, 1, 1, 1, 1, 1, 1, 1, 1, 1, 1, 1, 1, 1, 1, 1, 1, 1, 1, 1, 1, 1, 1, 1], [1, 1, 1, 1, 1, 1, 1, 1, 1, 1, 1, 1, 1, 1, 1, 1, 1, 1, 1, 1, 1, 1, 1, 1, 1, 1, 1, 1, 1, 1, 1, 1, 1, 1, 1, 1, 1, 1, 1, 1, 1, 1, 1, 1, 1, 1, 1, 1, 1, 1]]

means=tensor([6.6450e-03, 0.0000e+00, 0.0000e+00, 0.0000e+00, 2.9395e-03, 1.0764e-03,
        2.7906e-03, 5.5080e-04, 0.0000e+00, 0.0000e+00, 0.0000e+00, 6.6541e-04,
        7.7107e-03, 3.2066e-04, 3.3086e-04, 1.5112e-04, 2.7054e-04, 2.5491e-04,
        1.7201e-04, 4.9038e-04, 7.9831e-05, 1.2847e-04, 5.5934e-04, 3.7605e-04,
        1.6227e-04, 3.8176e-04, 7.8575e-04, 2.2157e-04, 4.4275e-04, 5.3864e-04,
        2.1071e-04, 7.9021e-05, 7.9748e-06, 9.3391e-04, 4.3433e-04, 1.4930e-05,
        3.0856e-04, 1.4126e-04, 3.3147e-04, 2.6079e-04, 1.3294e-04, 7.3064e-05,
        4.7818e-04, 7.8905e-05, 7.5121e-05, 1.0596e-03, 8.1388e-04, 4.2825e-04,
        4.7178e-04, 3.9285e-04, 4.1988e-04, 1.4848e-04, 2.8372e-05, 1.3361e-04,
        5.7277e-04, 2.1404e-05, 3.6259e-04, 4.4089e-04, 1.9336e-04, 5.2304e-04,
        2.7511e-04, 3.0884e-04, 7.4654e-07, 3.2184e-04, 3.8425e-04, 1.0088e-04,
        6.1316e-05, 3.5947e-04, 3.0243e-04, 6.8746e-05, 1.2518e-04, 1.0565e-04,
        2.9638e-04, 1.1422e-04, 4.5108e-04, 4.6821e-04, 3.4257e-04, 5.5181e-04,
        3.0216e-04, 1.6383e-04, 1.0515e-04, 2.0112e-04, 1.3525e-04, 2.8147e-04,
        4.8594e-04, 1.5299e-04, 1.2442e-04, 3.4132e-04, 1.1119e-04, 4.4993e-04,
        5.1074e-05, 1.4448e-04, 1.1760e-04, 4.6736e-04, 2.0602e-04, 1.6286e-04,
        9.7134e-05, 3.6223e-04, 2.9657e-04, 1.7299e-04, 4.2945e-04, 2.7868e-04,
        1.2802e-04, 2.8947e-04, 3.9915e-04, 1.4832e-04, 1.5375e-04, 1.4036e-04,
        2.6817e-04, 2.0126e-04, 3.6708e-04, 1.9081e-04, 1.5113e-04],
       grad_fn=<CatBackward>)

mean_overall=tensor(0.0004, grad_fn=<MeanBackward0>)

-----------------------------------------------ITERATION370-----------------------------------------------

final_causality=[[1, 1, 1, 1, 1, 1, 1, 1, 1, 1, 1, 1, 1], [1, 1, 1, 1, 1, 1, 1, 1, 1, 1, 1, 1, 1, 1, 1, 1, 1, 1, 1, 1, 1, 1, 1, 1, 1, 1, 1, 1, 1, 1, 1, 1, 1, 1, 1, 1, 1, 1, 1, 1, 1, 1, 1, 1, 1, 1, 1, 1, 1, 1], [1, 1, 1, 1, 1, 1, 1, 1, 1, 1, 1, 1, 1, 1, 1, 1, 1, 1, 1, 1, 1, 1, 1, 1, 1, 1, 1, 1, 1, 1, 1, 1, 1, 1, 1, 1, 1, 1, 1, 1, 1, 1, 1, 1, 1, 1, 1, 1, 1, 1]]

means=tensor([7.0879e-03, 0.0000e+00, 0.0000e+00, 0.0000e+00, 3.1808e-03, 9.3892e-04,
        3.0796e-03, 6.2206e-04, 0.0000e+00, 0.0000e+00, 0.0000e+00, 6.0574e-04,
        8.2702e-03, 3.4197e-04, 3.5356e-04, 1.6492e-04, 2.8695e-04, 2.7534e-04,
        1.8064e-04, 5.2132e-04, 8.3318e-05, 1.3988e-04, 5.9042e-04, 4.1117e-04,
        1.6991e-04, 4.0034e-04, 8.1794e-04, 2.3730e-04, 4.6676e-04, 5.7076e-04,
        2.2524e-04, 8.3560e-05, 1.1159e-05, 9.8610e-04, 4.7671e-04, 1.4499e-05,
        3.4342e-04, 1.4835e-04, 3.4451e-04, 2.8060e-04, 1.4018e-04, 8.0826e-05,
        4.9621e-04, 8.2443e-05, 8.2066e-05, 1.1084e-03, 8.5647e-04, 4.5005e-04,
        5.0868e-04, 4.2074e-04, 4.4422e-04, 1.5773e-04, 3.0001e-05, 1.4062e-04,
        6.0255e-04, 2.4355e-05, 3.8735e-04, 4.6326e-04, 2.0008e-04, 5.5784e-04,
        2.9515e-04, 3.2224e-04, 2.5842e-06, 3.4128e-04, 4.0112e-04, 1.0819e-04,
        6.6749e-05, 3.7723e-04, 3.1707e-04, 7.4230e-05, 1.3321e-04, 1.2537e-04,
        3.1120e-04, 1.3262e-04, 4.6737e-04, 4.8839e-04, 3.6015e-04, 5.7651e-04,
        3.1948e-04, 1.7259e-04, 1.1387e-04, 2.1204e-04, 1.5440e-04, 2.9672e-04,
        5.0364e-04, 1.6110e-04, 1.3110e-04, 3.5611e-04, 1.2060e-04, 4.7062e-04,
        5.5070e-05, 1.5171e-04, 1.2608e-04, 4.8594e-04, 2.1775e-04, 1.7490e-04,
        1.0484e-04, 3.8037e-04, 3.1344e-04, 1.8214e-04, 4.4681e-04, 2.9254e-04,
        1.3672e-04, 3.0942e-04, 4.1769e-04, 1.5650e-04, 1.6268e-04, 1.4923e-04,
        2.8265e-04, 2.1235e-04, 3.8424e-04, 2.1165e-04, 1.5990e-04],
       grad_fn=<CatBackward>)

mean_overall=tensor(0.0005, grad_fn=<MeanBackward0>)

-----------------------------------------------ITERATION380-----------------------------------------------

final_causality=[[1, 1, 1, 1, 1, 1, 1, 1, 1, 1, 1, 1, 1], [1, 1, 1, 1, 1, 1, 1, 1, 1, 1, 1, 1, 1, 1, 1, 1, 1, 1, 1, 1, 1, 1, 1, 1, 1, 1, 1, 1, 1, 1, 1, 1, 1, 1, 1, 1, 1, 1, 1, 1, 1, 1, 1, 1, 1, 1, 1, 1, 1, 1], [1, 1, 1, 1, 1, 1, 1, 1, 1, 1, 1, 1, 1, 1, 1, 1, 1, 1, 1, 1, 1, 1, 1, 1, 1, 1, 1, 1, 1, 1, 1, 1, 1, 1, 1, 1, 1, 1, 1, 1, 1, 1, 1, 1, 1, 1, 1, 1, 1, 1]]

means=tensor([7.5181e-03, 0.0000e+00, 0.0000e+00, 0.0000e+00, 3.4247e-03, 7.7285e-04,
        3.3799e-03, 6.9643e-04, 0.0000e+00, 0.0000e+00, 0.0000e+00, 5.4188e-04,
        8.8244e-03, 3.6286e-04, 3.7576e-04, 1.7899e-04, 3.0356e-04, 2.9598e-04,
        1.8900e-04, 5.5119e-04, 8.6696e-05, 1.5143e-04, 6.1997e-04, 4.4701e-04,
        1.7737e-04, 4.1786e-04, 8.4851e-04, 2.5267e-04, 4.8997e-04, 6.0210e-04,
        2.4020e-04, 8.7825e-05, 1.4700e-05, 1.0356e-03, 5.2017e-04, 1.4275e-05,
        3.8073e-04, 1.5553e-04, 3.5676e-04, 3.0013e-04, 1.4762e-04, 8.8921e-05,
        5.1389e-04, 8.5596e-05, 8.9598e-05, 1.1557e-03, 8.9784e-04, 4.7095e-04,
        5.4556e-04, 4.4902e-04, 4.6745e-04, 1.6863e-04, 3.1552e-05, 1.4707e-04,
        6.3088e-04, 2.7427e-05, 4.1154e-04, 4.8401e-04, 2.0592e-04, 5.9231e-04,
        3.1510e-04, 3.3455e-04, 4.4657e-06, 3.6019e-04, 4.1642e-04, 1.1543e-04,
        7.2880e-05, 3.9424e-04, 3.3043e-04, 7.9642e-05, 1.4101e-04, 1.4676e-04,
        3.2611e-04, 1.5193e-04, 4.8200e-04, 5.0731e-04, 3.7693e-04, 5.9984e-04,
        3.3662e-04, 1.8070e-04, 1.2250e-04, 2.2241e-04, 1.7451e-04, 3.1118e-04,
        5.1957e-04, 1.6866e-04, 1.3727e-04, 3.6951e-04, 1.2986e-04, 4.8997e-04,
        5.8964e-05, 1.5839e-04, 1.3455e-04, 5.0279e-04, 2.2910e-04, 1.8676e-04,
        1.1243e-04, 3.9745e-04, 3.2943e-04, 1.9056e-04, 4.6335e-04, 3.0507e-04,
        1.4507e-04, 3.2898e-04, 4.3526e-04, 1.6509e-04, 1.7156e-04, 1.5763e-04,
        2.9644e-04, 2.2294e-04, 4.0051e-04, 2.3288e-04, 1.6829e-04],
       grad_fn=<CatBackward>)

mean_overall=tensor(0.0005, grad_fn=<MeanBackward0>)

-----------------------------------------------ITERATION390-----------------------------------------------

final_causality=[[1, 1, 1, 1, 1, 1, 1, 1, 1, 1, 1, 1, 1], [1, 1, 1, 1, 1, 1, 1, 1, 1, 1, 1, 1, 1, 1, 1, 1, 1, 1, 1, 1, 1, 1, 1, 1, 1, 1, 1, 1, 1, 1, 1, 1, 1, 1, 1, 1, 1, 1, 1, 1, 1, 1, 1, 1, 1, 1, 1, 1, 1, 1], [1, 1, 1, 1, 1, 1, 1, 1, 1, 1, 1, 1, 1, 1, 1, 1, 1, 1, 1, 1, 1, 1, 1, 1, 1, 1, 1, 1, 1, 1, 1, 1, 1, 1, 1, 1, 1, 1, 1, 1, 1, 1, 1, 1, 1, 1, 1, 1, 1, 1]]

means=tensor([7.9289e-03, 0.0000e+00, 0.0000e+00, 0.0000e+00, 3.6685e-03, 5.8217e-04,
        3.6889e-03, 7.7319e-04, 0.0000e+00, 0.0000e+00, 0.0000e+00, 4.7540e-04,
        9.3659e-03, 3.8606e-04, 3.9717e-04, 1.9319e-04, 3.2016e-04, 3.1658e-04,
        1.9647e-04, 5.8012e-04, 8.9918e-05, 1.6295e-04, 6.4759e-04, 4.8322e-04,
        1.8455e-04, 4.3416e-04, 8.7882e-04, 2.6749e-04, 5.1215e-04, 6.3234e-04,
        2.5540e-04, 9.1750e-05, 1.8611e-05, 1.0820e-03, 5.6425e-04, 1.4260e-05,
        4.2106e-04, 1.6273e-04, 3.6808e-04, 3.1910e-04, 1.5493e-04, 9.7264e-05,
        5.3070e-04, 8.8317e-05, 9.7671e-05, 1.2011e-03, 9.3769e-04, 4.9068e-04,
        5.8201e-04, 4.7741e-04, 4.8922e-04, 1.7967e-04, 3.3009e-05, 1.5285e-04,
        6.5753e-04, 3.0607e-05, 4.3491e-04, 5.0291e-04, 2.1082e-04, 6.2600e-04,
        3.3470e-04, 3.4560e-04, 6.3538e-06, 3.7831e-04, 4.3001e-04, 1.2249e-04,
        7.8978e-05, 4.1028e-04, 3.4235e-04, 8.4898e-05, 1.4845e-04, 1.6948e-04,
        3.4003e-04, 1.7176e-04, 4.9607e-04, 5.2477e-04, 3.9269e-04, 6.2154e-04,
        3.5486e-04, 1.8806e-04, 1.3091e-04, 2.3213e-04, 1.9525e-04, 3.2470e-04,
        5.3759e-04, 1.7560e-04, 1.4285e-04, 3.8138e-04, 1.3909e-04, 5.0780e-04,
        6.2703e-05, 1.6443e-04, 1.4292e-04, 5.1771e-04, 2.3992e-04, 1.9826e-04,
        1.1981e-04, 4.1332e-04, 3.4434e-04, 1.9921e-04, 4.8112e-04, 3.1615e-04,
        1.5298e-04, 3.4788e-04, 4.5169e-04, 1.7316e-04, 1.8001e-04, 1.6546e-04,
        3.0936e-04, 2.3291e-04, 4.1570e-04, 2.5414e-04, 1.7622e-04],
       grad_fn=<CatBackward>)

mean_overall=tensor(0.0005, grad_fn=<MeanBackward0>)

-----------------------------------------------ITERATION400-----------------------------------------------

final_causality=[[1, 1, 1, 1, 1, 1, 1, 1, 1, 1, 1, 1, 1], [1, 1, 1, 1, 1, 1, 1, 1, 1, 1, 1, 1, 1, 1, 1, 1, 1, 1, 1, 1, 1, 1, 1, 1, 1, 1, 1, 1, 1, 1, 1, 1, 1, 1, 1, 1, 1, 1, 1, 1, 1, 1, 1, 1, 1, 1, 1, 1, 1, 1], [1, 1, 1, 1, 1, 1, 1, 1, 1, 1, 1, 1, 1, 1, 1, 1, 1, 1, 1, 1, 1, 1, 1, 1, 1, 1, 1, 1, 1, 1, 1, 1, 1, 1, 1, 1, 1, 1, 1, 1, 1, 1, 1, 1, 1, 1, 1, 1, 1, 1]]

means=tensor([8.3141e-03, 0.0000e+00, 0.0000e+00, 0.0000e+00, 3.9094e-03, 3.7119e-04,
        4.0037e-03, 8.5156e-04, 0.0000e+00, 0.0000e+00, 0.0000e+00, 4.0756e-04,
        9.8874e-03, 4.1062e-04, 4.1755e-04, 2.0736e-04, 3.3656e-04, 3.3691e-04,
        2.0298e-04, 6.1158e-04, 9.2940e-05, 1.7427e-04, 6.7294e-04, 5.1947e-04,
        1.9136e-04, 4.4914e-04, 9.1186e-04, 2.8157e-04, 5.3307e-04, 6.6117e-04,
        2.7066e-04, 9.5283e-05, 2.2895e-05, 1.1249e-03, 6.0849e-04, 1.4452e-05,
        4.6219e-04, 1.6987e-04, 3.7833e-04, 3.3730e-04, 1.6200e-04, 1.0576e-04,
        5.4647e-04, 9.0572e-05, 1.0622e-04, 1.2443e-03, 9.7570e-04, 5.0902e-04,
        6.1760e-04, 5.0561e-04, 5.0926e-04, 1.9074e-04, 3.4367e-05, 1.5789e-04,
        6.8229e-04, 3.3881e-05, 4.5720e-04, 5.1974e-04, 2.1473e-04, 6.5849e-04,
        3.5370e-04, 3.5524e-04, 8.2159e-06, 3.9540e-04, 4.4177e-04, 1.2927e-04,
        8.4935e-05, 4.2517e-04, 3.5268e-04, 8.9915e-05, 1.5542e-04, 1.9310e-04,
        3.5282e-04, 1.9211e-04, 5.1138e-04, 5.4058e-04, 4.0726e-04, 6.4137e-04,
        3.7205e-04, 1.9455e-04, 1.3898e-04, 2.4108e-04, 2.1624e-04, 3.3710e-04,
        5.5417e-04, 1.8185e-04, 1.4868e-04, 3.9163e-04, 1.4898e-04, 5.2393e-04,
        6.6232e-05, 1.6976e-04, 1.5108e-04, 5.3054e-04, 2.5010e-04, 2.0921e-04,
        1.2685e-04, 4.2783e-04, 3.5803e-04, 2.0786e-04, 4.9729e-04, 3.2636e-04,
        1.6035e-04, 3.6586e-04, 4.6680e-04, 1.8062e-04, 1.8791e-04, 1.7265e-04,
        3.2126e-04, 2.4214e-04, 4.2964e-04, 2.7507e-04, 1.8358e-04],
       grad_fn=<CatBackward>)

mean_overall=tensor(0.0005, grad_fn=<MeanBackward0>)

-----------------------------------------------ITERATION410-----------------------------------------------

final_causality=[[1, 1, 1, 1, 1, 1, 1, 1, 1, 1, 1, 1, 1], [1, 1, 1, 1, 1, 1, 1, 1, 1, 1, 1, 1, 1, 1, 1, 1, 1, 1, 1, 1, 1, 1, 1, 1, 1, 1, 1, 1, 1, 1, 1, 1, 1, 1, 1, 1, 1, 1, 1, 1, 1, 1, 1, 1, 1, 1, 1, 1, 1, 1], [1, 1, 1, 1, 1, 1, 1, 1, 1, 1, 1, 1, 1, 1, 1, 1, 1, 1, 1, 1, 1, 1, 1, 1, 1, 1, 1, 1, 1, 1, 1, 1, 1, 1, 1, 1, 1, 1, 1, 1, 1, 1, 1, 1, 1, 1, 1, 1, 1, 1]]

means=tensor([8.6686e-03, 0.0000e+00, 0.0000e+00, 0.0000e+00, 4.1446e-03, 1.4448e-04,
        4.3213e-03, 9.3069e-04, 0.0000e+00, 0.0000e+00, 0.0000e+00, 3.3896e-04,
        1.0382e-02, 4.3472e-04, 4.3670e-04, 2.2137e-04, 3.5258e-04, 3.5675e-04,
        2.0846e-04, 6.4131e-04, 9.5728e-05, 1.8525e-04, 6.9575e-04, 5.5539e-04,
        1.9775e-04, 4.6269e-04, 9.4464e-04, 2.9480e-04, 5.5254e-04, 6.8834e-04,
        2.8577e-04, 9.8391e-05, 2.7546e-05, 1.1639e-03, 6.5242e-04, 1.4843e-05,
        5.0353e-04, 1.7688e-04, 3.8743e-04, 3.5452e-04, 1.6875e-04, 1.1430e-04,
        5.6106e-04, 9.2569e-05, 1.1515e-04, 1.2852e-03, 1.0116e-03, 5.2579e-04,
        6.5191e-04, 5.3336e-04, 5.2735e-04, 2.0169e-04, 3.5630e-05, 1.6212e-04,
        7.0500e-04, 3.7229e-05, 4.7826e-04, 5.3434e-04, 2.1763e-04, 6.8940e-04,
        3.7183e-04, 3.6339e-04, 1.0020e-05, 4.1124e-04, 4.5165e-04, 1.3567e-04,
        9.0646e-05, 4.3873e-04, 3.6428e-04, 9.4611e-05, 1.6184e-04, 2.1718e-04,
        3.6435e-04, 2.1397e-04, 5.2500e-04, 5.5462e-04, 4.2048e-04, 6.5912e-04,
        3.8798e-04, 2.0012e-04, 1.4657e-04, 2.4916e-04, 2.3709e-04, 3.4827e-04,
        5.6895e-04, 1.8736e-04, 1.5443e-04, 4.0250e-04, 1.5846e-04, 5.3822e-04,
        6.9505e-05, 1.7432e-04, 1.5893e-04, 5.4576e-04, 2.5954e-04, 2.1944e-04,
        1.3347e-04, 4.4087e-04, 3.7033e-04, 2.1570e-04, 5.1172e-04, 3.3752e-04,
        1.6708e-04, 3.8265e-04, 4.8045e-04, 1.8738e-04, 1.9519e-04, 1.7912e-04,
        3.3202e-04, 2.5055e-04, 4.4219e-04, 2.9527e-04, 1.9030e-04],
       grad_fn=<CatBackward>)

mean_overall=tensor(0.0006, grad_fn=<MeanBackward0>)

-----------------------------------------------ITERATION420-----------------------------------------------

final_causality=[[1, 1, 1, 1, 1, 1, 1, 1, 1, 1, 1, 1, 1], [1, 1, 1, 1, 1, 1, 1, 1, 1, 1, 1, 1, 1, 1, 1, 1, 1, 1, 1, 1, 1, 1, 1, 1, 1, 1, 1, 1, 1, 1, 1, 1, 1, 1, 1, 1, 1, 1, 1, 1, 1, 1, 1, 1, 1, 1, 1, 1, 1, 1], [1, 1, 1, 1, 1, 1, 1, 1, 1, 1, 1, 1, 1, 1, 1, 1, 1, 1, 1, 1, 1, 1, 1, 1, 1, 1, 1, 1, 1, 1, 1, 1, 1, 1, 1, 1, 1, 1, 1, 1, 1, 1, 1, 1, 1, 1, 1, 1, 1, 1]]

means=tensor([8.9891e-03, 0.0000e+00, 0.0000e+00, 0.0000e+00, 4.3715e-03, 1.1075e-04,
        4.6387e-03, 1.0097e-03, 0.0000e+00, 0.0000e+00, 0.0000e+00, 2.7008e-04,
        1.0844e-02, 4.5813e-04, 4.5448e-04, 2.3507e-04, 3.6804e-04, 3.7591e-04,
        2.1291e-04, 6.6908e-04, 9.8254e-05, 1.9574e-04, 7.1589e-04, 5.9065e-04,
        2.0367e-04, 4.7475e-04, 9.7539e-04, 3.0709e-04, 5.7040e-04, 7.1361e-04,
        3.0056e-04, 1.0106e-04, 3.2549e-05, 1.1989e-03, 6.9562e-04, 1.5420e-05,
        5.4449e-04, 1.8372e-04, 3.9641e-04, 3.7064e-04, 1.7507e-04, 1.2277e-04,
        5.7441e-04, 9.4049e-05, 1.2449e-04, 1.3234e-03, 1.0451e-03, 5.4087e-04,
        6.8457e-04, 5.6039e-04, 5.4336e-04, 2.1239e-04, 3.6810e-05, 1.6551e-04,
        7.2551e-04, 4.0627e-05, 4.9795e-04, 5.4663e-04, 2.1955e-04, 7.1844e-04,
        3.8891e-04, 3.7128e-04, 1.1740e-05, 4.2566e-04, 4.5960e-04, 1.4162e-04,
        9.6012e-05, 4.5084e-04, 3.7500e-04, 9.8919e-05, 1.6761e-04, 2.4126e-04,
        3.7453e-04, 2.3552e-04, 5.3682e-04, 5.6677e-04, 4.3222e-04, 6.7466e-04,
        4.0249e-04, 2.0471e-04, 1.5357e-04, 2.5630e-04, 2.5744e-04, 3.5811e-04,
        5.8180e-04, 1.9264e-04, 1.5955e-04, 4.1316e-04, 1.6738e-04, 5.5059e-04,
        7.2480e-05, 1.7810e-04, 1.6636e-04, 5.5929e-04, 2.6815e-04, 2.2882e-04,
        1.3958e-04, 4.5235e-04, 3.8114e-04, 2.2268e-04, 5.2430e-04, 3.4724e-04,
        1.7312e-04, 3.9807e-04, 4.9254e-04, 1.9339e-04, 2.0177e-04, 1.8482e-04,
        3.4154e-04, 2.5805e-04, 4.5326e-04, 3.1443e-04, 1.9633e-04],
       grad_fn=<CatBackward>)

mean_overall=tensor(0.0006, grad_fn=<MeanBackward0>)

-----------------------------------------------ITERATION430-----------------------------------------------

final_causality=[[1, 1, 1, 1, 1, 1, 1, 1, 1, 1, 1, 1, 1], [1, 1, 1, 1, 1, 1, 1, 1, 1, 1, 1, 1, 1, 1, 1, 1, 1, 1, 1, 1, 1, 1, 1, 1, 1, 1, 1, 1, 1, 1, 1, 1, 1, 1, 1, 1, 1, 1, 1, 1, 1, 1, 1, 1, 1, 1, 1, 1, 1, 1], [1, 1, 1, 1, 1, 1, 1, 1, 1, 1, 1, 1, 1, 1, 1, 1, 1, 1, 1, 1, 1, 1, 1, 1, 1, 1, 1, 1, 1, 1, 1, 1, 1, 1, 1, 1, 1, 1, 1, 1, 1, 1, 1, 1, 1, 1, 1, 1, 1, 1]]

means=tensor([9.2739e-03, 0.0000e+00, 0.0000e+00, 0.0000e+00, 4.5878e-03, 3.5897e-04,
        4.9531e-03, 1.0879e-03, 0.0000e+00, 0.0000e+00, 0.0000e+00, 2.0159e-04,
        1.1270e-02, 4.8067e-04, 4.7079e-04, 2.4831e-04, 3.8285e-04, 3.9423e-04,
        2.1630e-04, 6.9473e-04, 1.0050e-04, 2.0565e-04, 7.3327e-04, 6.2493e-04,
        2.0908e-04, 4.8526e-04, 1.0040e-03, 3.1838e-04, 5.8654e-04, 7.3678e-04,
        3.1491e-04, 1.0330e-04, 3.7886e-05, 1.2297e-03, 7.3769e-04, 1.6162e-05,
        5.8457e-04, 1.9036e-04, 4.0520e-04, 3.8554e-04, 1.8090e-04, 1.3108e-04,
        5.8647e-04, 9.4996e-05, 1.3440e-04, 1.3588e-03, 1.0762e-03, 5.5420e-04,
        7.1531e-04, 5.8649e-04, 5.5722e-04, 2.2272e-04, 3.7915e-05, 1.6806e-04,
        7.4372e-04, 4.4060e-05, 5.1619e-04, 5.5656e-04, 2.2056e-04, 7.4545e-04,
        4.0483e-04, 3.7891e-04, 1.3367e-05, 4.3854e-04, 4.6565e-04, 1.4705e-04,
        1.0095e-04, 4.6142e-04, 3.8420e-04, 1.0279e-04, 1.7267e-04, 2.6490e-04,
        3.8331e-04, 2.5637e-04, 5.4680e-04, 5.7698e-04, 4.4242e-04, 6.8791e-04,
        4.1544e-04, 2.0882e-04, 1.5990e-04, 2.6247e-04, 2.7696e-04, 3.6656e-04,
        5.9266e-04, 1.9824e-04, 1.6403e-04, 4.2232e-04, 1.7563e-04, 5.6098e-04,
        7.5129e-05, 1.8163e-04, 1.7378e-04, 5.7082e-04, 2.7588e-04, 2.3724e-04,
        1.4511e-04, 4.6224e-04, 3.9041e-04, 2.2875e-04, 5.3497e-04, 3.5551e-04,
        1.7841e-04, 4.1196e-04, 5.0304e-04, 1.9863e-04, 2.0759e-04, 1.8973e-04,
        3.4975e-04, 2.6460e-04, 4.6278e-04, 3.3225e-04, 2.0162e-04],
       grad_fn=<CatBackward>)

mean_overall=tensor(0.0006, grad_fn=<MeanBackward0>)

-----------------------------------------------ITERATION440-----------------------------------------------

final_causality=[[1, 1, 1, 1, 1, 1, 1, 1, 1, 1, 1, 1, 1], [1, 1, 1, 1, 1, 1, 1, 1, 1, 1, 1, 1, 1, 1, 1, 1, 1, 1, 1, 1, 1, 1, 1, 1, 1, 1, 1, 1, 1, 1, 1, 1, 1, 1, 1, 1, 1, 1, 1, 1, 1, 1, 1, 1, 1, 1, 1, 1, 1, 1], [1, 1, 1, 1, 1, 1, 1, 1, 1, 1, 1, 1, 1, 1, 1, 1, 1, 1, 1, 1, 1, 1, 1, 1, 1, 1, 1, 1, 1, 1, 1, 1, 1, 1, 1, 1, 1, 1, 1, 1, 1, 1, 1, 1, 1, 1, 1, 1, 1, 1]]

means=tensor([9.5234e-03, 0.0000e+00, 0.0000e+00, 0.0000e+00, 4.7918e-03, 6.0990e-04,
        5.2621e-03, 1.1645e-03, 0.0000e+00, 0.0000e+00, 0.0000e+00, 1.3380e-04,
        1.1656e-02, 5.0217e-04, 4.8566e-04, 2.6100e-04, 3.9687e-04, 4.1160e-04,
        2.1875e-04, 7.1822e-04, 1.0246e-04, 2.1490e-04, 7.4799e-04, 6.5794e-04,
        2.1400e-04, 4.9513e-04, 1.0305e-03, 3.2873e-04, 6.0097e-04, 7.5783e-04,
        3.2867e-04, 1.0515e-04, 4.3507e-05, 1.2565e-03, 7.7832e-04, 1.7049e-05,
        6.2322e-04, 1.9676e-04, 4.1283e-04, 3.9920e-04, 1.8619e-04, 1.3910e-04,
        5.9730e-04, 9.5491e-05, 1.4445e-04, 1.3914e-03, 1.1047e-03, 5.6583e-04,
        7.4389e-04, 6.1146e-04, 5.6899e-04, 2.3259e-04, 3.9003e-05, 1.7024e-04,
        7.5976e-04, 4.7493e-05, 5.3300e-04, 5.6495e-04, 2.2077e-04, 7.7031e-04,
        4.1947e-04, 3.8521e-04, 1.4864e-05, 4.4988e-04, 4.7345e-04, 1.5194e-04,
        1.0542e-04, 4.7051e-04, 3.9193e-04, 1.0619e-04, 1.7703e-04, 2.8780e-04,
        3.9073e-04, 2.7627e-04, 5.5501e-04, 5.8534e-04, 4.5111e-04, 6.9893e-04,
        4.2684e-04, 2.1372e-04, 1.6551e-04, 2.6769e-04, 2.9542e-04, 3.7367e-04,
        6.0163e-04, 2.0304e-04, 1.6787e-04, 4.3003e-04, 1.8315e-04, 5.6950e-04,
        7.7447e-05, 1.8569e-04, 1.8094e-04, 5.8043e-04, 2.8273e-04, 2.4466e-04,
        1.5006e-04, 4.7062e-04, 3.9818e-04, 2.3393e-04, 5.4381e-04, 3.6239e-04,
        1.8297e-04, 4.2428e-04, 5.1197e-04, 2.0310e-04, 2.1267e-04, 1.9386e-04,
        3.5668e-04, 2.7023e-04, 4.7081e-04, 3.4858e-04, 2.0618e-04],
       grad_fn=<CatBackward>)

mean_overall=tensor(0.0006, grad_fn=<MeanBackward0>)

