loss_training=[0.04189344543744762, 0.01314175000578158, 0.013051216510649914, 0.012659171983377137, 0.012005431899937873, 0.012054788982549332, 0.012020306022129456, 0.011978100251957122, 0.011961852760809204, 0.011950456668156756, 0.01193785479477369, 0.011924501112330184, 0.011910748298602858, 0.011896575284372322, 0.011881915253553232, 0.011866730744468588, 0.011850996472520444, 0.011834687485018529, 0.011817774503059493, 0.011800222808714756, 0.011781992211776228, 0.011763037022316474, 0.011743306157930759, 0.011722743185703871, 0.011701286365449754, 0.011678868714641773, 0.011655418049049175, 0.011630857078797043, 0.01160510350079097, 0.011578070155538765, 0.011549665215951885, 0.011519792446353221, 0.011488351525935147, 0.011455238452742727, 0.011420346035505138, 0.011383564480073388, 0.011344782079190934, 0.011303886009957125, 0.011260763243942776, 0.011215301572247545, 0.011167390745842776, 0.011116923729496388, 0.011063798064656367, 0.011007917333506343, 0.010949192712172859]

test_loss_training=[0.20484132146119974, 0.0859086249109432, 0.09466911254874236, 0.12031193500885287, 0.1039113287341807, 0.10322002132026316, 0.10908431729189937, 0.10456419198237456, 0.1060516585154539, 0.10588609442879358, 0.10522620846259896, 0.10557873654718215, 0.10505940551322879, 0.10510452075339438, 0.10481419497363946, 0.1046955471543338, 0.10447895254650065, 0.10430413486091404, 0.10409747724960011, 0.10389875169349636, 0.10368419621763718, 0.10346792607224481, 0.10323983343321755, 0.10300577721363852, 0.10276075815868672, 0.1025068829916552, 0.10224159932706244, 0.10196505840833484, 0.10167583304687039, 0.10137314871858098, 0.10105593597443209, 0.10072307865164461, 0.10037350275164782, 0.10000600917176074, 0.09961943822248653, 0.09921258820149492, 0.09878426855080354, 0.09833331256628927, 0.09785858673485898, 0.09735902141020633, 0.09683362788756067, 0.0962815231339611, 0.09570195524729191, 0.0950943272660838, 0.09445822235852842]

loss_control_training_MSE=[0.03410106813202905, 0.013958904066264289, 0.012602222241911773, 0.012674211344311643, 0.012024614272064804, 0.012027439479405582, 0.012016544269600976, 0.011979461296247655, 0.011960903005396943, 0.011948838798514947, 0.011936383866130615, 0.011923126004077229, 0.011909360835937239, 0.011895138903490577, 0.011880423656487709, 0.011865183421553533, 0.011849392171130926, 0.011833024001109471, 0.01181604872417672, 0.011798431026489288, 0.011780130102988326, 0.011761099733893747, 0.011741288282721148, 0.011720638791795896, 0.011699088988074847, 0.011676571369374986, 0.01165301323486499, 0.01162833678891825, 0.011602459235149663, 0.011575292937568664, 0.01154674561584472, 0.011516720609738856, 0.011485117210927633, 0.01145183107480927, 0.01141675472180213, 0.011379778133681864, 0.011340789453890665, 0.011299675796151397, 0.011256324165948059, 0.011210622497155156, 0.01116246080385669, 0.011111732445414073, 0.011058335499885831, 0.011002174237616437, 0.010943160682496006]

variances=[1.0573820799593028e-09, 9.550293002809125e-10, 9.421890732890782e-10, 9.407535496721999e-10, 9.192142403676023e-10, 9.10507992336076e-10, 9.050663699313926e-10, 8.855579762581203e-10, 8.633432786519888e-10, 8.480118198716052e-10, 8.41020890954419e-10, 8.4397374557326e-10, 8.57128434192968e-10, 8.830870253564581e-10, 9.224777210311865e-10, 9.743946899856447e-10, 1.041625627421989e-09, 1.1268527012711064e-09, 1.231928450121899e-09, 1.359070938937496e-09, 1.5106923371610417e-09, 1.6898296476240108e-09, 1.8992754259663983e-09, 2.1424344034793795e-09, 2.4236240641997906e-09, 2.747045962799342e-09, 3.1180043513210884e-09, 3.5425599493358676e-09, 4.027794894751253e-09, 4.5811853822509575e-09, 5.212022294872345e-09, 5.930791737503183e-09, 6.748780844431444e-09, 7.672539131152494e-09, 8.691987826763667e-09, 9.851017557100076e-09, 1.1168113008616771e-08, 1.2663744774613233e-08, 1.4361095415765211e-08, 1.6286310077352125e-08, 1.8468050119468154e-08, 2.0938480348005924e-08, 2.3734310919913256e-08, 2.689440368492909e-08, 3.046311410797323e-08]

ACE_values=[3.314858493324519e-05, 3.302029010378895e-05, 3.2735543642853015e-05, 3.244263884218592e-05, 3.224072843584925e-05, 3.199476863055526e-05, 3.182494994990621e-05, 3.1831010669727994e-05, 3.205636904395746e-05, 3.229968867419156e-05, 3.256985313211239e-05, 3.287455783226302e-05, 3.321894939755399e-05, 3.3603619713428845e-05, 3.401680179121311e-05, 3.450976088703324e-05, 3.5078686912901036e-05, 3.5693967015145556e-05, 3.634981988314876e-05, 3.7054780578615005e-05, 3.780343739492065e-05, 3.860632231243611e-05, 3.946409520991381e-05, 4.038862506478961e-05, 4.138453473218455e-05, 4.2445659274366515e-05, 4.3578649382071094e-05, 4.47878775571768e-05, 4.6079022199641584e-05, 4.747473555600834e-05, 4.8973673374106075e-05, 5.0580908036494e-05, 5.2292760250499964e-05, 5.430577247481476e-05, 5.641005199429098e-05, 5.8795898247710366e-05, 6.133697450946264e-05, 6.404395814845695e-05, 6.694151586931758e-05, 7.003521793205073e-05, 7.333160233047579e-05, 7.683671629263163e-05, 8.05742142472504e-05, 8.456015416303263e-05, 8.879563833296974e-05]

------------------------------CONTROL NEURAL NET-------------------------------

loss_test_control=tensor(0.0939, grad_fn=<MseLossBackward>)

