-----------------------------------------------ITERATION0-----------------------------------------------

final_causality=[[1, 1, 1, 1, 1, 1, 1, 1, 1, 1, 1, 1, 1], [1, 1, 1, 1, 1, 1, 1, 1, 1, 1, 1, 1, 1, 1, 1, 1, 1, 1, 1, 1, 1, 1, 1, 1, 1, 1, 1, 1, 1, 1, 1, 1, 1, 1, 1, 1, 1, 1, 1, 1, 1, 1, 1, 1, 1, 1, 1, 1, 1, 1], [1, 1, 1, 1, 1, 1, 1, 1, 1, 1, 1, 1, 1, 1, 1, 1, 1, 1, 1, 1, 1, 1, 1, 1, 1, 1, 1, 1, 1, 1, 1, 1, 1, 1, 1, 1, 1, 1, 1, 1, 1, 1, 1, 1, 1, 1, 1, 1, 1, 1]]

means=tensor([2.6605e-06, 6.3560e-05, 2.8321e-04, 1.9033e-04, 5.9621e-06, 1.3969e-04,
        1.0442e-04, 2.5875e-04, 1.9596e-04, 3.4400e-04, 2.6413e-05, 5.4913e-06,
        5.2694e-05, 1.2085e-04, 5.3487e-05, 1.5049e-04, 7.2926e-05, 8.2334e-05,
        1.8178e-04, 9.3143e-06, 3.3341e-05, 1.1192e-04, 3.8579e-05, 1.6161e-04,
        4.8093e-05, 4.0018e-05, 6.5822e-05, 4.1757e-05, 1.2237e-04, 2.9090e-05,
        1.8953e-04, 2.6436e-05, 2.2661e-04, 1.0435e-04, 3.0019e-05, 4.3566e-05,
        5.7250e-06, 4.1259e-05, 1.4115e-04, 5.5532e-05, 9.9262e-05, 1.7162e-04,
        7.4284e-06, 1.5373e-04, 7.2999e-06, 5.8508e-05, 1.0227e-04, 1.9848e-04,
        7.0372e-05, 7.8739e-06, 7.4718e-05, 1.3080e-04, 1.0439e-05, 5.4739e-05,
        2.8245e-05, 4.7589e-05, 8.3958e-05, 1.0919e-04, 2.9602e-05, 1.1827e-05,
        4.8243e-05, 4.8447e-05, 5.3003e-05, 3.9962e-05, 9.6263e-05, 5.4665e-05,
        1.3543e-04, 4.1032e-05, 1.4576e-04, 5.9638e-05, 4.6840e-05, 2.5505e-06,
        4.4417e-05, 4.0918e-05, 5.1648e-05, 9.9074e-05, 2.5004e-05, 1.6510e-04,
        6.7164e-05, 2.8801e-05, 4.0369e-05, 4.6875e-05, 3.2840e-05, 7.9715e-05,
        1.0216e-06, 4.7313e-05, 3.0209e-05, 3.5020e-06, 5.3986e-05, 6.0273e-05,
        9.6240e-05, 1.1860e-04, 1.4930e-04, 1.6709e-04, 3.1158e-05, 1.6482e-05,
        5.6451e-05, 4.2286e-05, 1.1529e-04, 8.9935e-05, 2.6658e-05, 8.5435e-05,
        2.0473e-06, 1.0370e-04, 1.1822e-04, 3.6830e-05, 1.1783e-04, 1.3351e-04,
        6.9584e-05, 4.8325e-05, 4.6238e-05, 1.0589e-04, 1.1186e-04],
       grad_fn=<CatBackward>)

mean_overall=tensor(7.9098e-05, grad_fn=<MeanBackward0>)

-----------------------------------------------ITERATION10-----------------------------------------------

final_causality=[[1, 1, 1, 1, 1, 1, 1, 1, 1, 1, 1, 1, 1], [1, 1, 1, 1, 1, 1, 1, 1, 1, 1, 1, 1, 1, 1, 1, 1, 1, 1, 1, 1, 1, 1, 1, 1, 1, 1, 1, 1, 1, 1, 1, 1, 1, 1, 1, 1, 1, 1, 1, 1, 1, 1, 1, 1, 1, 1, 1, 1, 1, 1], [1, 1, 1, 1, 1, 1, 1, 1, 1, 1, 1, 1, 1, 1, 1, 1, 1, 1, 1, 1, 1, 1, 1, 1, 1, 1, 1, 1, 1, 1, 1, 1, 1, 1, 1, 1, 1, 1, 1, 1, 1, 1, 1, 1, 1, 1, 1, 1, 1, 1]]

means=tensor([1.7850e-05, 1.7427e-04, 2.6990e-04, 1.6053e-04, 1.4128e-05, 1.6832e-04,
        2.0650e-04, 2.6084e-04, 1.4066e-04, 2.2454e-04, 1.2769e-05, 1.1609e-05,
        5.7280e-05, 1.0109e-04, 7.6838e-05, 1.7017e-04, 3.5776e-05, 1.0515e-04,
        1.3712e-04, 2.8134e-05, 1.5239e-05, 7.6631e-05, 6.1476e-05, 1.2788e-04,
        2.4891e-05, 1.5109e-05, 1.7674e-05, 6.2438e-05, 8.2080e-05, 1.1111e-08,
        2.1116e-04, 2.9225e-05, 1.8807e-04, 1.4911e-04, 1.4415e-05, 6.5526e-05,
        2.7863e-05, 1.9530e-05, 1.7349e-04, 3.4406e-05, 1.1940e-04, 1.4718e-04,
        1.1070e-05, 1.3374e-04, 4.3405e-05, 3.3157e-05, 1.3172e-04, 1.6155e-04,
        9.9963e-05, 3.3238e-05, 5.2020e-05, 1.7196e-04, 1.5221e-05, 1.8795e-07,
        5.2151e-05, 2.8181e-05, 1.2043e-04, 7.1460e-05, 1.3330e-05, 1.3580e-05,
        6.8643e-05, 5.9574e-05, 8.3803e-05, 3.3865e-05, 8.9829e-05, 6.0673e-05,
        1.3148e-04, 5.0307e-05, 1.4996e-04, 7.1031e-05, 4.2342e-05, 1.1965e-06,
        5.3014e-05, 4.1428e-05, 4.6649e-05, 1.0320e-04, 1.9004e-05, 1.4996e-04,
        6.9831e-05, 3.3087e-05, 4.3924e-05, 4.9343e-05, 3.6519e-05, 7.3485e-05,
        2.8584e-06, 5.1420e-05, 2.6363e-05, 6.6372e-06, 5.8507e-05, 6.9765e-05,
        1.0181e-04, 1.1837e-04, 1.3961e-04, 1.7276e-04, 3.2344e-05, 2.1231e-05,
        5.1514e-05, 5.3440e-05, 1.1470e-04, 8.3802e-05, 2.4660e-05, 8.9648e-05,
        3.0219e-06, 1.0306e-04, 1.1142e-04, 3.4659e-05, 1.0728e-04, 1.2770e-04,
        7.3755e-05, 4.4913e-05, 4.1509e-05, 9.1733e-05, 1.1177e-04],
       grad_fn=<CatBackward>)

mean_overall=tensor(7.8363e-05, grad_fn=<MeanBackward0>)

-----------------------------------------------ITERATION20-----------------------------------------------

final_causality=[[1, 1, 1, 1, 1, 1, 1, 1, 1, 1, 1, 1, 1], [1, 1, 1, 1, 1, 1, 1, 1, 1, 1, 1, 1, 1, 1, 1, 1, 1, 1, 1, 1, 1, 1, 1, 1, 1, 1, 1, 1, 1, 1, 1, 1, 1, 1, 1, 1, 1, 1, 1, 1, 1, 1, 1, 1, 1, 1, 1, 1, 1, 1], [1, 1, 1, 1, 1, 1, 1, 1, 1, 1, 1, 1, 1, 1, 1, 1, 1, 1, 1, 1, 1, 1, 1, 1, 1, 1, 1, 1, 1, 1, 1, 1, 1, 1, 1, 1, 1, 1, 1, 1, 1, 1, 1, 1, 1, 1, 1, 1, 1, 1]]

means=tensor([3.2071e-05, 2.7550e-04, 2.5889e-04, 1.2882e-04, 2.1629e-05, 1.9422e-04,
        3.0225e-04, 2.5934e-04, 8.6068e-05, 1.1161e-04, 2.4724e-06, 1.7506e-05,
        6.1781e-05, 8.2657e-05, 1.0072e-04, 1.8749e-04, 3.9347e-06, 1.2664e-04,
        9.6801e-05, 4.5347e-05, 8.3157e-08, 4.5950e-05, 8.2983e-05, 9.7628e-05,
        4.1256e-06, 4.9455e-06, 3.1963e-05, 8.1464e-05, 4.6639e-05, 2.8068e-05,
        2.2883e-04, 9.8030e-05, 1.5134e-04, 1.8592e-04, 5.6778e-05, 8.7751e-05,
        4.7180e-05, 2.0731e-07, 2.0176e-04, 1.5672e-05, 1.3812e-04, 1.2363e-04,
        2.8082e-05, 1.1248e-04, 7.4550e-05, 9.6887e-06, 1.5929e-04, 1.2742e-04,
        1.2710e-04, 5.8286e-05, 3.2945e-05, 2.0924e-04, 3.8593e-05, 6.3406e-05,
        7.5377e-05, 9.3325e-06, 1.5055e-04, 3.7668e-05, 1.2270e-06, 3.8529e-05,
        8.7070e-05, 6.9277e-05, 1.1106e-04, 2.8027e-05, 8.5820e-05, 6.5466e-05,
        1.2717e-04, 5.8951e-05, 1.5253e-04, 8.0036e-05, 3.8459e-05, 1.5039e-07,
        5.9713e-05, 4.8007e-05, 4.2150e-05, 1.1230e-04, 1.3993e-05, 1.3442e-04,
        7.1591e-05, 3.6768e-05, 4.7015e-05, 5.1266e-05, 3.9594e-05, 6.7842e-05,
        4.5204e-06, 5.3392e-05, 2.2803e-05, 8.9469e-06, 6.2461e-05, 7.8448e-05,
        1.0758e-04, 1.1662e-04, 1.3037e-04, 1.7324e-04, 3.4770e-05, 2.5501e-05,
        4.6702e-05, 6.3899e-05, 1.1055e-04, 7.8829e-05, 2.2601e-05, 9.1223e-05,
        7.4271e-06, 1.0263e-04, 1.0715e-04, 3.2552e-05, 9.7019e-05, 1.2049e-04,
        7.8560e-05, 4.1440e-05, 3.7077e-05, 7.8808e-05, 1.1056e-04],
       grad_fn=<CatBackward>)

mean_overall=tensor(8.1269e-05, grad_fn=<MeanBackward0>)

-----------------------------------------------ITERATION30-----------------------------------------------

final_causality=[[1, 1, 1, 1, 1, 1, 1, 1, 1, 1, 1, 1, 1], [1, 1, 1, 1, 1, 1, 1, 1, 1, 1, 1, 1, 1, 1, 1, 1, 1, 1, 1, 1, 1, 1, 1, 1, 1, 1, 1, 1, 1, 1, 1, 1, 1, 1, 1, 1, 1, 1, 1, 1, 1, 1, 1, 1, 1, 1, 1, 1, 1, 1], [1, 1, 1, 1, 1, 1, 1, 1, 1, 1, 1, 1, 1, 1, 1, 1, 1, 1, 1, 1, 1, 1, 1, 1, 1, 1, 1, 1, 1, 1, 1, 1, 1, 1, 1, 1, 1, 1, 1, 1, 1, 1, 1, 1, 1, 1, 1, 1, 1, 1]]

means=tensor([4.4150e-05, 3.5821e-04, 2.5617e-04, 9.3240e-05, 3.1122e-05, 2.1831e-04,
        3.8359e-04, 2.5246e-04, 3.3656e-05, 1.5343e-05, 2.1700e-07, 2.3013e-05,
        6.6687e-05, 6.7563e-05, 1.2105e-04, 2.0080e-04, 1.7495e-05, 1.4428e-04,
        6.5912e-05, 5.8781e-05, 1.1084e-05, 2.3219e-05, 1.0038e-04, 7.4498e-05,
        1.3020e-05, 1.9927e-05, 7.5064e-05, 9.6428e-05, 2.0135e-05, 4.8612e-05,
        2.4098e-04, 1.4883e-04, 1.2218e-04, 2.1114e-04, 8.7048e-05, 1.0635e-04,
        6.1359e-05, 1.7988e-05, 2.2444e-04, 1.5486e-06, 1.5223e-04, 1.0474e-04,
        4.1625e-05, 9.4287e-05, 9.6901e-05, 7.8402e-06, 1.8094e-04, 1.0085e-04,
        1.4812e-04, 7.9399e-05, 1.8546e-05, 2.3817e-04, 5.6063e-05, 1.1149e-04,
        9.4608e-05, 5.2792e-06, 1.7110e-04, 1.1895e-05, 1.0450e-05, 5.9740e-05,
        1.0137e-04, 7.6287e-05, 1.3153e-04, 2.3482e-05, 8.1839e-05, 7.0179e-05,
        1.2314e-04, 6.5297e-05, 1.5351e-04, 8.6114e-05, 3.5232e-05, 1.2789e-06,
        6.3814e-05, 5.4662e-05, 3.8752e-05, 1.2016e-04, 1.0422e-05, 1.2122e-04,
        7.3280e-05, 3.9754e-05, 4.8545e-05, 5.2663e-05, 4.1888e-05, 6.3190e-05,
        5.9257e-06, 5.3499e-05, 2.0125e-05, 9.9750e-06, 6.5569e-05, 8.6430e-05,
        1.1272e-04, 1.1352e-04, 1.2311e-04, 1.7181e-04, 3.7768e-05, 2.8750e-05,
        4.2856e-05, 7.2217e-05, 1.0609e-04, 7.5147e-05, 2.1538e-05, 9.1402e-05,
        1.0863e-05, 1.0112e-04, 1.0482e-04, 3.0847e-05, 8.8456e-05, 1.1512e-04,
        8.1976e-05, 3.8620e-05, 3.3811e-05, 7.2631e-05, 1.0811e-04],
       grad_fn=<CatBackward>)

mean_overall=tensor(8.5336e-05, grad_fn=<MeanBackward0>)

-----------------------------------------------ITERATION40-----------------------------------------------

final_causality=[[1, 1, 1, 1, 1, 1, 1, 1, 1, 1, 1, 1, 1], [1, 1, 1, 1, 1, 1, 1, 1, 1, 1, 1, 1, 1, 1, 1, 1, 1, 1, 1, 1, 1, 1, 1, 1, 1, 1, 1, 1, 1, 1, 1, 1, 1, 1, 1, 1, 1, 1, 1, 1, 1, 1, 1, 1, 1, 1, 1, 1, 1, 1], [1, 1, 1, 1, 1, 1, 1, 1, 1, 1, 1, 1, 1, 1, 1, 1, 1, 1, 1, 1, 1, 1, 1, 1, 1, 1, 1, 1, 1, 1, 1, 1, 1, 1, 1, 1, 1, 1, 1, 1, 1, 1, 1, 1, 1, 1, 1, 1, 1, 1]]

means=tensor([5.2523e-05, 4.0768e-04, 2.6130e-04, 5.9561e-05, 4.0850e-05, 2.3587e-04,
        4.3787e-04, 2.4690e-04, 7.6013e-06, 1.2515e-05, 1.3602e-06, 2.6892e-05,
        7.0288e-05, 5.8521e-05, 1.3442e-04, 2.0900e-04, 3.0201e-05, 1.5538e-04,
        4.7751e-05, 6.7030e-05, 1.7752e-05, 1.0235e-05, 1.1137e-04, 6.0811e-05,
        2.4230e-05, 2.8849e-05, 9.8934e-05, 1.0498e-04, 4.9116e-06, 5.9215e-05,
        2.4687e-04, 1.7674e-04, 1.0500e-04, 2.2355e-04, 1.0265e-04, 1.1813e-04,
        7.0189e-05, 2.8514e-05, 2.3836e-04, 6.6077e-06, 1.6012e-04, 9.3533e-05,
        5.0127e-05, 8.3198e-05, 1.0842e-04, 1.8106e-05, 1.9423e-04, 8.5106e-05,
        1.6077e-04, 9.3129e-05, 1.0242e-05, 2.5554e-04, 6.7566e-05, 1.3801e-04,
        1.0673e-04, 1.4228e-05, 1.8103e-04, 1.1796e-06, 1.5937e-05, 7.3790e-05,
        1.0989e-04, 8.0008e-05, 1.4339e-04, 2.0913e-05, 7.8226e-05, 7.3794e-05,
        1.2105e-04, 6.8660e-05, 1.5343e-04, 8.9123e-05, 3.3095e-05, 1.9526e-06,
        6.5297e-05, 6.0368e-05, 3.8060e-05, 1.2567e-04, 8.3952e-06, 1.1195e-04,
        7.4132e-05, 4.1771e-05, 4.8625e-05, 5.3623e-05, 4.3406e-05, 6.0264e-05,
        6.9044e-06, 5.2348e-05, 1.8613e-05, 9.9314e-06, 6.7487e-05, 9.2482e-05,
        1.1696e-04, 1.1028e-04, 1.1910e-04, 1.7088e-04, 3.9585e-05, 3.0495e-05,
        4.0597e-05, 7.7311e-05, 1.0092e-04, 7.2990e-05, 2.0859e-05, 9.1154e-05,
        1.2987e-05, 9.9006e-05, 1.0478e-04, 2.9836e-05, 8.3020e-05, 1.1264e-04,
        8.3862e-05, 3.6907e-05, 3.2123e-05, 6.9726e-05, 1.0551e-04],
       grad_fn=<CatBackward>)

mean_overall=tensor(8.8733e-05, grad_fn=<MeanBackward0>)

-----------------------------------------------ITERATION50-----------------------------------------------

final_causality=[[1, 1, 1, 1, 1, 1, 1, 1, 1, 1, 1, 1, 1], [1, 1, 1, 1, 1, 1, 1, 1, 1, 1, 1, 1, 1, 1, 1, 1, 1, 1, 1, 1, 1, 1, 1, 1, 1, 1, 1, 1, 1, 1, 1, 1, 1, 1, 1, 1, 1, 1, 1, 1, 1, 1, 1, 1, 1, 1, 1, 1, 1, 1], [1, 1, 1, 1, 1, 1, 1, 1, 1, 1, 1, 1, 1, 1, 1, 1, 1, 1, 1, 1, 1, 1, 1, 1, 1, 1, 1, 1, 1, 1, 1, 1, 1, 1, 1, 1, 1, 1, 1, 1, 1, 1, 1, 1, 1, 1, 1, 1, 1, 1]]

means=tensor([5.6587e-05, 4.1702e-04, 2.6928e-04, 3.5200e-05, 4.7045e-05, 2.4177e-04,
        4.5881e-04, 2.5074e-04, 1.5902e-05, 3.8531e-05, 3.5374e-07, 2.8056e-05,
        7.0550e-05, 5.5843e-05, 1.3997e-04, 2.1242e-04, 3.4403e-05, 1.5977e-04,
        4.1694e-05, 7.0411e-05, 1.9914e-05, 6.1068e-06, 1.1580e-04, 5.5991e-05,
        2.7957e-05, 3.1870e-05, 1.0491e-04, 1.0764e-04, 4.4341e-08, 6.2064e-05,
        2.4729e-04, 1.8346e-04, 9.9921e-05, 2.2534e-04, 1.0626e-04, 1.2276e-04,
        7.3245e-05, 3.1636e-05, 2.4349e-04, 9.3879e-06, 1.6205e-04, 9.0129e-05,
        5.3577e-05, 8.0059e-05, 1.1068e-04, 2.1287e-05, 1.9950e-04, 7.9749e-05,
        1.6550e-04, 9.8677e-05, 7.6593e-06, 2.6179e-04, 7.2932e-05, 1.4500e-04,
        1.1114e-04, 1.7040e-05, 1.8232e-04, 4.8400e-06, 1.7528e-05, 7.9796e-05,
        1.1279e-04, 8.0763e-05, 1.4758e-04, 2.0160e-05, 7.5476e-05, 7.5757e-05,
        1.2079e-04, 6.9559e-05, 1.5299e-04, 8.9530e-05, 3.2256e-05, 2.1813e-06,
        6.5007e-05, 6.4651e-05, 3.8552e-05, 1.2855e-04, 7.5747e-06, 1.0695e-04,
        7.3994e-05, 4.2719e-05, 4.7979e-05, 5.4292e-05, 4.4362e-05, 5.9116e-05,
        7.4675e-06, 5.0716e-05, 1.8030e-05, 9.4656e-06, 6.8101e-05, 9.5840e-05,
        1.2041e-04, 1.0799e-04, 1.1791e-04, 1.7071e-04, 4.0146e-05, 3.0838e-05,
        3.9885e-05, 7.9182e-05, 9.6363e-05, 7.2001e-05, 2.0620e-05, 9.0542e-05,
        1.3772e-05, 9.7176e-05, 1.0649e-04, 2.9553e-05, 8.0751e-05, 1.1238e-04,
        8.4464e-05, 3.6360e-05, 3.1788e-05, 6.8997e-05, 1.0386e-04],
       grad_fn=<CatBackward>)

mean_overall=tensor(9.0231e-05, grad_fn=<MeanBackward0>)

-----------------------------------------------ITERATION60-----------------------------------------------

final_causality=[[1, 1, 1, 1, 1, 1, 1, 1, 1, 1, 1, 1, 1], [1, 1, 1, 1, 1, 1, 1, 1, 1, 1, 1, 1, 1, 1, 1, 1, 1, 1, 1, 1, 1, 1, 1, 1, 1, 1, 1, 1, 1, 1, 1, 1, 1, 1, 1, 1, 1, 1, 1, 1, 1, 1, 1, 1, 1, 1, 1, 1, 1, 1], [1, 1, 1, 1, 1, 1, 1, 1, 1, 1, 1, 1, 1, 1, 1, 1, 1, 1, 1, 1, 1, 1, 1, 1, 1, 1, 1, 1, 1, 1, 1, 1, 1, 1, 1, 1, 1, 1, 1, 1, 1, 1, 1, 1, 1, 1, 1, 1, 1, 1]]

means=tensor([5.7697e-05, 3.9958e-04, 2.7732e-04, 1.9323e-05, 4.9695e-05, 2.3873e-04,
        4.5667e-04, 2.6194e-04, 1.0159e-05, 4.2649e-05, 2.5201e-06, 2.7202e-05,
        6.8218e-05, 5.7259e-05, 1.4035e-04, 2.1290e-04, 3.3321e-05, 1.5987e-04,
        4.3104e-05, 7.0718e-05, 1.9222e-05, 7.3682e-06, 1.1601e-04, 5.6592e-05,
        2.6948e-05, 3.1207e-05, 1.0014e-04, 1.0647e-04, 1.5046e-06, 6.0292e-05,
        2.4441e-04, 1.7752e-04, 1.0249e-04, 2.2097e-04, 1.0315e-04, 1.2275e-04,
        7.2665e-05, 3.0109e-05, 2.4324e-04, 8.3847e-06, 1.6028e-04, 9.1670e-05,
        5.3102e-05, 8.2120e-05, 1.0759e-04, 2.0038e-05, 1.9979e-04, 8.0790e-05,
        1.6536e-04, 9.8775e-05, 8.6007e-06, 2.6110e-04, 7.3404e-05, 1.4035e-04,
        1.1050e-04, 1.5931e-05, 1.7865e-04, 3.6902e-06, 1.6665e-05, 8.0303e-05,
        1.1217e-04, 7.9724e-05, 1.4714e-04, 2.0512e-05, 7.3438e-05, 7.6540e-05,
        1.2107e-04, 6.9097e-05, 1.5248e-04, 8.8361e-05, 3.2304e-05, 2.1481e-06,
        6.3886e-05, 6.7804e-05, 3.9185e-05, 1.2953e-04, 7.4133e-06, 1.0474e-04,
        7.3385e-05, 4.2910e-05, 4.7120e-05, 5.4796e-05, 4.4959e-05, 5.9114e-05,
        7.6079e-06, 4.9740e-05, 1.7999e-05, 8.9535e-06, 6.7754e-05, 9.7271e-05,
        1.2325e-04, 1.0662e-04, 1.1835e-04, 1.7117e-04, 3.9895e-05, 3.0362e-05,
        4.0138e-05, 7.8988e-05, 9.2693e-05, 7.1682e-05, 2.0688e-05, 8.9584e-05,
        1.3649e-05, 9.5820e-05, 1.0914e-04, 2.9724e-05, 8.0499e-05, 1.1335e-04,
        8.4302e-05, 3.6566e-05, 3.2253e-05, 6.9333e-05, 1.0311e-04],
       grad_fn=<CatBackward>)

mean_overall=tensor(8.9732e-05, grad_fn=<MeanBackward0>)

-----------------------------------------------ITERATION70-----------------------------------------------

final_causality=[[1, 1, 1, 1, 1, 1, 1, 1, 1, 1, 1, 1, 1], [1, 1, 1, 1, 1, 1, 1, 1, 1, 1, 1, 1, 1, 1, 1, 1, 1, 1, 1, 1, 1, 1, 1, 1, 1, 1, 1, 1, 1, 1, 1, 1, 1, 1, 1, 1, 1, 1, 1, 1, 1, 1, 1, 1, 1, 1, 1, 1, 1, 1], [1, 1, 1, 1, 1, 1, 1, 1, 1, 1, 1, 1, 1, 1, 1, 1, 1, 1, 1, 1, 1, 1, 1, 1, 1, 1, 1, 1, 1, 1, 1, 1, 1, 1, 1, 1, 1, 1, 1, 1, 1, 1, 1, 1, 1, 1, 1, 1, 1, 1]]

means=tensor([5.8062e-05, 3.7573e-04, 2.8584e-04, 5.1036e-06, 5.1746e-05, 2.3377e-04,
        4.4896e-04, 2.7434e-04, 4.2137e-06, 4.1400e-05, 2.8430e-06, 2.5900e-05,
        6.5386e-05, 5.9825e-05, 1.3941e-04, 2.1266e-04, 3.0808e-05, 1.5886e-04,
        4.6478e-05, 7.0350e-05, 1.7765e-05, 1.0077e-05, 1.1514e-04, 5.8605e-05,
        2.4689e-05, 2.9617e-05, 9.2425e-05, 1.0426e-04, 4.6670e-06, 5.7231e-05,
        2.4059e-04, 1.6809e-04, 1.0718e-04, 2.1485e-04, 9.8152e-05, 1.2152e-04,
        7.1083e-05, 2.7336e-05, 2.4159e-04, 6.3446e-06, 1.5751e-04, 9.4584e-05,
        5.1617e-05, 8.5649e-05, 1.0302e-04, 1.7590e-05, 1.9879e-04, 8.3519e-05,
        1.6396e-04, 9.7444e-05, 1.0487e-05, 2.5862e-04, 7.2553e-05, 1.3251e-04,
        1.0856e-04, 1.3770e-05, 1.7355e-04, 1.2519e-06, 1.5147e-05, 7.9333e-05,
        1.1063e-04, 7.8189e-05, 1.4546e-04, 2.1187e-05, 7.1575e-05, 7.7043e-05,
        1.2145e-04, 6.8271e-05, 1.5193e-04, 8.6680e-05, 3.2605e-05, 2.0364e-06,
        6.2523e-05, 7.0791e-05, 4.0114e-05, 1.3006e-04, 7.3977e-06, 1.0313e-04,
        7.2692e-05, 4.2890e-05, 4.6188e-05, 5.5273e-05, 4.5444e-05, 5.9432e-05,
        7.5900e-06, 4.8646e-05, 1.8248e-05, 8.4080e-06, 6.7086e-05, 9.8322e-05,
        1.2599e-04, 1.0551e-04, 1.1925e-04, 1.7175e-04, 3.9437e-05, 2.9685e-05,
        4.0670e-05, 7.8239e-05, 8.9160e-05, 7.1582e-05, 2.0842e-05, 8.8419e-05,
        1.3255e-05, 9.4613e-05, 1.1225e-04, 3.0022e-05, 8.0764e-05, 1.1470e-04,
        8.3928e-05, 3.6993e-05, 3.2971e-05, 6.9975e-05, 1.0253e-04],
       grad_fn=<CatBackward>)

mean_overall=tensor(8.8727e-05, grad_fn=<MeanBackward0>)

-----------------------------------------------ITERATION80-----------------------------------------------

final_causality=[[1, 1, 1, 1, 1, 1, 1, 1, 1, 1, 1, 1, 1], [1, 1, 1, 1, 1, 1, 1, 1, 1, 1, 1, 1, 1, 1, 1, 1, 1, 1, 1, 1, 1, 1, 1, 1, 1, 1, 1, 1, 1, 1, 1, 1, 1, 1, 1, 1, 1, 1, 1, 1, 1, 1, 1, 1, 1, 1, 1, 1, 1, 1], [1, 1, 1, 1, 1, 1, 1, 1, 1, 1, 1, 1, 1, 1, 1, 1, 1, 1, 1, 1, 1, 1, 1, 1, 1, 1, 1, 1, 1, 1, 1, 1, 1, 1, 1, 1, 1, 1, 1, 1, 1, 1, 1, 1, 1, 1, 1, 1, 1, 1]]

means=tensor([5.9165e-05, 3.5726e-04, 2.9560e-04, 4.2160e-06, 5.5243e-05, 2.3124e-04,
        4.4685e-04, 2.8517e-04, 5.2944e-06, 4.5587e-05, 6.8079e-06, 2.5094e-05,
        6.3192e-05, 6.1692e-05, 1.3969e-04, 2.1314e-04, 2.9297e-05, 1.5884e-04,
        4.8445e-05, 7.0926e-05, 1.6865e-05, 1.1806e-05, 1.1523e-04, 5.9581e-05,
        2.3363e-05, 2.8879e-05, 8.6510e-05, 1.0280e-04, 6.6664e-06, 5.4894e-05,
        2.3728e-04, 1.6080e-04, 1.1057e-04, 2.0965e-04, 9.4171e-05, 1.2133e-04,
        7.0229e-05, 2.5410e-05, 2.4109e-04, 4.9838e-06, 1.5540e-04, 9.6634e-05,
        5.1016e-05, 8.8305e-05, 9.9285e-05, 1.5952e-05, 1.9891e-04, 8.5054e-05,
        1.6360e-04, 9.7338e-05, 1.1732e-05, 2.5761e-04, 7.2844e-05, 1.2661e-04,
        1.0771e-04, 1.2339e-05, 1.6916e-04, 2.7994e-07, 1.4074e-05, 7.9662e-05,
        1.0982e-04, 7.6957e-05, 1.4470e-04, 2.1701e-05, 6.9479e-05, 7.7894e-05,
        1.2177e-04, 6.7688e-05, 1.5138e-04, 8.5170e-05, 3.2740e-05, 1.9617e-06,
        6.1229e-05, 7.4375e-05, 4.1445e-05, 1.3118e-04, 7.2259e-06, 1.0067e-04,
        7.2104e-05, 4.3067e-05, 4.5208e-05, 5.5836e-05, 4.6044e-05, 5.9543e-05,
        7.7520e-06, 4.7509e-05, 1.8458e-05, 7.7844e-06, 6.6576e-05, 1.0005e-04,
        1.2917e-04, 1.0738e-04, 1.1991e-04, 1.7214e-04, 3.9151e-05, 2.9177e-05,
        4.1042e-05, 7.7938e-05, 8.5082e-05, 7.1395e-05, 2.0936e-05, 8.7193e-05,
        1.3051e-05, 9.3273e-05, 1.1556e-04, 3.0253e-05, 8.0585e-05, 1.1598e-04,
        8.3709e-05, 3.7310e-05, 3.3612e-05, 7.0526e-05, 1.0163e-04],
       grad_fn=<CatBackward>)

mean_overall=tensor(8.8422e-05, grad_fn=<MeanBackward0>)

-----------------------------------------------ITERATION90-----------------------------------------------

final_causality=[[1, 1, 1, 1, 1, 1, 1, 1, 1, 1, 1, 1, 1], [1, 1, 1, 1, 1, 1, 1, 1, 1, 1, 1, 1, 1, 1, 1, 1, 1, 1, 1, 1, 1, 1, 1, 1, 1, 1, 1, 1, 1, 1, 1, 1, 1, 1, 1, 1, 1, 1, 1, 1, 1, 1, 1, 1, 1, 1, 1, 1, 1, 1], [1, 1, 1, 1, 1, 1, 1, 1, 1, 1, 1, 1, 1, 1, 1, 1, 1, 1, 1, 1, 1, 1, 1, 1, 1, 1, 1, 1, 1, 1, 1, 1, 1, 1, 1, 1, 1, 1, 1, 1, 1, 1, 1, 1, 1, 1, 1, 1, 1, 1]]

means=tensor([6.1311e-05, 3.4579e-04, 3.0669e-04, 2.5857e-05, 6.0469e-05, 2.3167e-04,
        4.5226e-04, 2.9464e-04, 1.9443e-05, 5.7273e-05, 9.4942e-06, 2.4900e-05,
        6.1690e-05, 6.2483e-05, 1.4168e-04, 2.1464e-04, 2.9292e-05, 1.6022e-04,
        4.8360e-05, 7.2613e-05, 1.6787e-05, 1.2079e-05, 1.1672e-04, 5.9057e-05,
        2.3396e-05, 2.9255e-05, 8.3336e-05, 1.0246e-04, 6.9326e-06, 5.3708e-05,
        2.3477e-04, 1.5681e-04, 1.1196e-04, 2.0594e-04, 9.2627e-05, 1.2263e-04,
        7.0479e-05, 2.4748e-05, 2.4226e-04, 4.6481e-06, 1.5430e-04, 9.7375e-05,
        5.1657e-05, 8.9622e-05, 9.6888e-05, 1.5518e-05, 2.0062e-04, 8.4842e-05,
        1.6476e-04, 9.8992e-05, 1.2028e-05, 2.5876e-04, 7.4804e-05, 1.2370e-04,
        1.0843e-04, 1.1979e-05, 1.6593e-04, 4.7593e-07, 1.3648e-05, 8.1885e-05,
        1.1008e-04, 7.6185e-05, 1.4532e-04, 2.1951e-05, 6.7013e-05, 7.9227e-05,
        1.2201e-04, 6.7470e-05, 1.5085e-04, 8.4018e-05, 3.2613e-05, 1.9521e-06,
        6.0069e-05, 7.8688e-05, 4.2986e-05, 1.3311e-04, 6.8510e-06, 9.7119e-05,
        7.1631e-05, 4.3540e-05, 4.4183e-05, 5.6514e-05, 4.6837e-05, 5.9331e-05,
        8.1610e-06, 4.6350e-05, 1.8531e-05, 7.7097e-06, 6.6358e-05, 1.0263e-04,
        1.3289e-04, 1.1021e-04, 1.2022e-04, 1.7237e-04, 3.9103e-05, 2.8897e-05,
        4.1159e-05, 7.8301e-05, 8.0323e-05, 7.1037e-05, 2.0940e-05, 8.5996e-05,
        1.3145e-05, 9.1687e-05, 1.1896e-04, 3.0384e-05, 7.9778e-05, 1.1709e-04,
        8.3729e-05, 3.7443e-05, 3.4098e-05, 7.0764e-05, 1.0032e-04],
       grad_fn=<CatBackward>)

mean_overall=tensor(8.9077e-05, grad_fn=<MeanBackward0>)

-----------------------------------------------ITERATION100-----------------------------------------------

final_causality=[[1, 1, 1, 1, 1, 1, 1, 1, 1, 1, 1, 1, 1], [1, 1, 1, 1, 1, 1, 1, 1, 1, 1, 1, 1, 1, 1, 1, 1, 1, 1, 1, 1, 1, 1, 1, 1, 1, 1, 1, 1, 1, 1, 1, 1, 1, 1, 1, 1, 1, 1, 1, 1, 1, 1, 1, 1, 1, 1, 1, 1, 1, 1], [1, 1, 1, 1, 1, 1, 1, 1, 1, 1, 1, 1, 1, 1, 1, 1, 1, 1, 1, 1, 1, 1, 1, 1, 1, 1, 1, 1, 1, 1, 1, 1, 1, 1, 1, 1, 1, 1, 1, 1, 1, 1, 1, 1, 1, 1, 1, 1, 1, 1]]

means=tensor([6.4079e-05, 3.3773e-04, 3.1880e-04, 5.0077e-05, 6.6780e-05, 2.3371e-04,
        4.6192e-04, 3.0379e-04, 3.6496e-05, 7.3379e-05, 1.1673e-05, 2.5025e-05,
        6.0486e-05, 6.2695e-05, 1.4467e-04, 2.1675e-04, 3.0129e-05, 1.6241e-04,
        4.7158e-05, 7.4965e-05, 1.7167e-05, 1.1560e-05, 1.1903e-04, 5.7711e-05,
        2.4182e-05, 3.0271e-05, 8.1612e-05, 1.0274e-04, 6.2529e-06, 5.3138e-05,
        2.3264e-04, 1.5458e-04, 1.1229e-04, 2.0300e-04, 9.2835e-05, 1.2479e-04,
        7.1358e-05, 2.4748e-05, 2.4438e-04, 4.8694e-06, 1.5372e-04, 9.7408e-05,
        5.3325e-05, 9.0231e-05, 9.5197e-05, 1.5737e-05, 2.0326e-04, 8.3678e-05,
        1.6678e-04, 1.0165e-04, 1.1811e-05, 2.6112e-04, 7.7749e-05, 1.2239e-04,
        1.1002e-04, 1.2198e-05, 1.6329e-04, 5.8017e-08, 1.3567e-05, 8.5234e-05,
        1.1094e-04, 7.5649e-05, 1.4670e-04, 2.2057e-05, 6.4252e-05, 8.0861e-05,
        1.2222e-04, 6.7440e-05, 1.5117e-04, 8.3072e-05, 3.2327e-05, 1.9779e-06,
        5.8952e-05, 8.3467e-05, 4.4650e-05, 1.3552e-04, 6.3673e-06, 9.2930e-05,
        7.1192e-05, 4.4200e-05, 4.3107e-05, 5.8060e-05, 4.7764e-05, 5.8931e-05,
        8.7203e-06, 4.5169e-05, 1.8526e-05, 7.7820e-06, 6.6323e-05, 1.0572e-04,
        1.3698e-04, 1.1467e-04, 1.2037e-04, 1.7258e-04, 3.9182e-05, 2.8727e-05,
        4.1135e-05, 7.9049e-05, 7.5860e-05, 7.0569e-05, 2.0892e-05, 8.4834e-05,
        1.3417e-05, 8.9886e-05, 1.2244e-04, 3.0465e-05, 7.8614e-05, 1.1816e-04,
        8.3886e-05, 3.7473e-05, 3.4503e-05, 7.0848e-05, 9.8752e-05],
       grad_fn=<CatBackward>)

mean_overall=tensor(9.0174e-05, grad_fn=<MeanBackward0>)

-----------------------------------------------ITERATION110-----------------------------------------------

final_causality=[[1, 1, 1, 1, 1, 1, 1, 1, 1, 1, 1, 1, 1], [1, 1, 1, 1, 1, 1, 1, 1, 1, 1, 1, 1, 1, 1, 1, 1, 1, 1, 1, 1, 1, 1, 1, 1, 1, 1, 1, 1, 1, 1, 1, 1, 1, 1, 1, 1, 1, 1, 1, 1, 1, 1, 1, 1, 1, 1, 1, 1, 1, 1], [1, 1, 1, 1, 1, 1, 1, 1, 1, 1, 1, 1, 1, 1, 1, 1, 1, 1, 1, 1, 1, 1, 1, 1, 1, 1, 1, 1, 1, 1, 1, 1, 1, 1, 1, 1, 1, 1, 1, 1, 1, 1, 1, 1, 1, 1, 1, 1, 1, 1]]

means=tensor([6.6950e-05, 3.2941e-04, 3.3146e-04, 7.5192e-05, 7.3423e-05, 2.3592e-04,
        4.7210e-04, 3.1339e-04, 5.4334e-05, 9.0243e-05, 1.3997e-05, 2.5162e-05,
        5.9221e-05, 6.2915e-05, 1.4780e-04, 2.1896e-04, 3.1022e-05, 1.6471e-04,
        4.5908e-05, 7.7424e-05, 1.7573e-05, 1.1020e-05, 1.2146e-04, 5.6318e-05,
        2.5020e-05, 3.1362e-05, 7.9876e-05, 1.0306e-04, 5.5411e-06, 5.2573e-05,
        2.3045e-04, 1.5234e-04, 1.1263e-04, 1.9998e-04, 9.3101e-05, 1.2706e-04,
        7.2300e-05, 2.4757e-05, 2.4660e-04, 5.1027e-06, 1.5312e-04, 9.7442e-05,
        5.5178e-05, 9.0873e-05, 9.3491e-05, 1.5971e-05, 2.0601e-04, 8.2472e-05,
        1.6890e-04, 1.0442e-04, 1.1585e-05, 2.6362e-04, 8.0840e-05, 1.2106e-04,
        1.1170e-04, 1.2430e-05, 1.6057e-04, 6.2072e-07, 1.3488e-05, 8.8771e-05,
        1.1185e-04, 7.5094e-05, 1.4814e-04, 2.2169e-05, 6.1347e-05, 8.2566e-05,
        1.2246e-04, 6.7403e-05, 1.5156e-04, 8.2116e-05, 3.2020e-05, 2.0039e-06,
        5.7791e-05, 8.8405e-05, 4.6365e-05, 1.3803e-04, 5.8703e-06, 8.8602e-05,
        7.0726e-05, 4.4897e-05, 4.1985e-05, 6.0127e-05, 4.8733e-05, 5.8508e-05,
        9.3069e-06, 4.3959e-05, 1.8520e-05, 7.8607e-06, 6.6306e-05, 1.0892e-04,
        1.4122e-04, 1.1934e-04, 1.2053e-04, 1.7286e-04, 3.9264e-05, 2.8547e-05,
        4.1107e-05, 7.9840e-05, 7.1234e-05, 7.0080e-05, 2.0840e-05, 8.3659e-05,
        1.3708e-05, 8.7977e-05, 1.2604e-04, 3.0553e-05, 7.7604e-05, 1.1929e-04,
        8.4057e-05, 3.7501e-05, 3.4924e-05, 7.1766e-05, 9.7113e-05],
       grad_fn=<CatBackward>)

mean_overall=tensor(9.1353e-05, grad_fn=<MeanBackward0>)

-----------------------------------------------ITERATION120-----------------------------------------------

final_causality=[[1, 1, 1, 1, 1, 1, 1, 1, 1, 1, 1, 1, 1], [1, 1, 1, 1, 1, 1, 1, 1, 1, 1, 1, 1, 1, 1, 1, 1, 1, 1, 1, 1, 1, 1, 1, 1, 1, 1, 1, 1, 1, 1, 1, 1, 1, 1, 1, 1, 1, 1, 1, 1, 1, 1, 1, 1, 1, 1, 1, 1, 1, 1], [1, 1, 1, 1, 1, 1, 1, 1, 1, 1, 1, 1, 1, 1, 1, 1, 1, 1, 1, 1, 1, 1, 1, 1, 1, 1, 1, 1, 1, 1, 1, 1, 1, 1, 1, 1, 1, 1, 1, 1, 1, 1, 1, 1, 1, 1, 1, 1, 1, 1]]

means=tensor([6.9680e-05, 3.1932e-04, 3.4436e-04, 1.0026e-04, 8.0014e-05, 2.3769e-04,
        4.8113e-04, 3.2368e-04, 7.1901e-05, 1.0617e-04, 1.6731e-05, 2.5179e-05,
        5.7755e-05, 6.3401e-05, 1.5068e-04, 2.2107e-04, 3.1627e-05, 1.6680e-04,
        4.5062e-05, 7.9729e-05, 1.7815e-05, 1.0785e-05, 1.2372e-04, 5.5206e-05,
        2.5605e-05, 3.2278e-05, 7.7539e-05, 1.0316e-04, 5.1860e-06, 5.1770e-05,
        2.2799e-04, 1.4936e-04, 1.1346e-04, 1.9657e-04, 9.3004e-05, 1.2911e-04,
        7.3054e-05, 2.4501e-05, 2.4855e-04, 5.1165e-06, 1.5228e-04, 9.7782e-05,
        5.6812e-05, 9.1868e-05, 9.1486e-05, 1.5948e-05, 2.0851e-04, 8.1606e-05,
        1.7077e-04, 1.0689e-04, 1.1564e-05, 2.6627e-04, 8.3689e-05, 1.1908e-04,
        1.1310e-04, 1.2436e-05, 1.5752e-04, 9.1264e-07, 1.3270e-05, 9.2062e-05,
        1.1258e-04, 7.4418e-05, 1.4940e-04, 2.2349e-05, 6.0506e-05, 8.4229e-05,
        1.2272e-04, 6.7289e-05, 1.5197e-04, 8.1047e-05, 3.1789e-05, 2.0157e-06,
        5.6566e-05, 9.3353e-05, 4.8101e-05, 1.4047e-04, 5.3949e-06, 8.4355e-05,
        7.0225e-05, 4.5555e-05, 4.0838e-05, 6.2184e-05, 4.9698e-05, 5.8140e-05,
        9.8582e-06, 4.2727e-05, 1.8544e-05, 7.9257e-06, 6.6219e-05, 1.1207e-04,
        1.4550e-04, 1.2392e-04, 1.2079e-04, 1.7323e-04, 3.9296e-05, 2.8313e-05,
        4.1138e-05, 8.0521e-05, 6.7621e-05, 6.9609e-05, 2.0807e-05, 8.2428e-05,
        1.3941e-05, 8.6046e-05, 1.2977e-04, 3.0672e-05, 7.6862e-05, 1.2053e-04,
        8.4186e-05, 3.7573e-05, 3.5400e-05, 7.3017e-05, 9.5493e-05],
       grad_fn=<CatBackward>)

mean_overall=tensor(9.2470e-05, grad_fn=<MeanBackward0>)

-----------------------------------------------ITERATION130-----------------------------------------------

final_causality=[[1, 1, 1, 1, 1, 1, 1, 1, 1, 1, 1, 1, 1], [1, 1, 1, 1, 1, 1, 1, 1, 1, 1, 1, 1, 1, 1, 1, 1, 1, 1, 1, 1, 1, 1, 1, 1, 1, 1, 1, 1, 1, 1, 1, 1, 1, 1, 1, 1, 1, 1, 1, 1, 1, 1, 1, 1, 1, 1, 1, 1, 1, 1], [1, 1, 1, 1, 1, 1, 1, 1, 1, 1, 1, 1, 1, 1, 1, 1, 1, 1, 1, 1, 1, 1, 1, 1, 1, 1, 1, 1, 1, 1, 1, 1, 1, 1, 1, 1, 1, 1, 1, 1, 1, 1, 1, 1, 1, 1, 1, 1, 1, 1]]

means=tensor([7.2304e-05, 3.0792e-04, 3.5748e-04, 1.2531e-04, 8.6583e-05, 2.3914e-04,
        4.8935e-04, 3.3450e-04, 8.9301e-05, 1.2144e-04, 1.9811e-05, 2.5106e-05,
        5.6130e-05, 6.4094e-05, 1.5339e-04, 2.2312e-04, 3.2018e-05, 1.6874e-04,
        4.4513e-05, 8.1924e-05, 1.7933e-05, 1.0776e-05, 1.2587e-04, 5.4297e-05,
        2.6005e-05, 3.3070e-05, 7.4778e-05, 1.0310e-04, 5.0948e-06, 5.0803e-05,
        2.2533e-04, 1.4586e-04, 1.1466e-04, 1.9286e-04, 9.2651e-05, 1.3100e-04,
        7.3673e-05, 2.4052e-05, 2.5031e-04, 4.9669e-06, 1.5125e-04, 9.8356e-05,
        5.8281e-05, 9.3144e-05, 8.9279e-05, 1.5736e-05, 2.1085e-04, 8.0988e-05,
        1.7258e-04, 1.0914e-04, 1.1708e-05, 2.6877e-04, 8.6366e-05, 1.1661e-04,
        1.1432e-04, 1.2274e-05, 1.5423e-04, 1.0044e-06, 1.2951e-05, 9.5186e-05,
        1.1317e-04, 7.3649e-05, 1.5063e-04, 2.2583e-05, 5.9861e-05, 8.5863e-05,
        1.2301e-04, 6.7120e-05, 1.5240e-04, 7.9888e-05, 3.1635e-05, 2.0174e-06,
        5.5297e-05, 9.8319e-05, 4.9858e-05, 1.4352e-04, 5.0629e-06, 8.0155e-05,
        6.9898e-05, 4.6183e-05, 3.9675e-05, 6.4237e-05, 5.0661e-05, 5.7813e-05,
        1.0530e-05, 4.1479e-05, 1.8592e-05, 7.9808e-06, 6.6073e-05, 1.1518e-04,
        1.4983e-04, 1.2846e-04, 1.2113e-04, 1.7365e-04, 3.9291e-05, 2.8041e-05,
        4.1212e-05, 8.1121e-05, 6.4116e-05, 6.9692e-05, 2.0789e-05, 8.1142e-05,
        1.4126e-05, 8.4101e-05, 1.3361e-04, 3.0817e-05, 7.6180e-05, 1.2185e-04,
        8.4284e-05, 3.7680e-05, 3.5919e-05, 7.4345e-05, 9.3885e-05],
       grad_fn=<CatBackward>)

mean_overall=tensor(9.3539e-05, grad_fn=<MeanBackward0>)

-----------------------------------------------ITERATION140-----------------------------------------------

final_causality=[[1, 1, 1, 1, 1, 1, 1, 1, 1, 1, 1, 1, 1], [1, 1, 1, 1, 1, 1, 1, 1, 1, 1, 1, 1, 1, 1, 1, 1, 1, 1, 1, 1, 1, 1, 1, 1, 1, 1, 1, 1, 1, 1, 1, 1, 1, 1, 1, 1, 1, 1, 1, 1, 1, 1, 1, 1, 1, 1, 1, 1, 1, 1], [1, 1, 1, 1, 1, 1, 1, 1, 1, 1, 1, 1, 1, 1, 1, 1, 1, 1, 1, 1, 1, 1, 1, 1, 1, 1, 1, 1, 1, 1, 1, 1, 1, 1, 1, 1, 1, 1, 1, 1, 1, 1, 1, 1, 1, 1, 1, 1, 1, 1]]

means=tensor([7.4955e-05, 2.9613e-04, 3.7091e-04, 1.5073e-04, 9.3317e-05, 2.4063e-04,
        4.9766e-04, 3.4568e-04, 1.0705e-04, 1.3695e-04, 2.3091e-05, 2.5017e-05,
        5.4432e-05, 6.4844e-05, 1.5614e-04, 2.2522e-04, 3.2396e-05, 1.7072e-04,
        4.3999e-05, 8.4147e-05, 1.8036e-05, 1.0804e-05, 1.2808e-04, 5.3404e-05,
        2.6398e-05, 3.3884e-05, 7.1964e-05, 1.0303e-04, 5.0408e-06, 4.9825e-05,
        2.2260e-04, 1.4228e-04, 1.1597e-04, 1.8908e-04, 9.2293e-05, 1.3291e-04,
        7.4300e-05, 2.3573e-05, 2.5209e-04, 4.7953e-06, 1.5235e-04, 9.8986e-05,
        5.9752e-05, 9.4511e-05, 8.7572e-05, 1.5493e-05, 2.1322e-04, 8.0397e-05,
        1.7448e-04, 1.1139e-04, 1.1878e-05, 2.7134e-04, 8.9088e-05, 1.1408e-04,
        1.1554e-04, 1.2085e-05, 1.5087e-04, 1.0703e-06, 1.2617e-05, 9.8390e-05,
        1.1377e-04, 7.3536e-05, 1.5185e-04, 2.2832e-05, 6.0559e-05, 8.7523e-05,
        1.2331e-04, 6.6940e-05, 1.5425e-04, 7.8703e-05, 3.1480e-05, 2.0175e-06,
        5.4004e-05, 1.0336e-04, 5.1647e-05, 1.4816e-04, 4.9565e-06, 7.5891e-05,
        6.9565e-05, 4.6821e-05, 3.8494e-05, 6.6317e-05, 5.1645e-05, 5.7483e-05,
        1.1217e-05, 4.0292e-05, 1.8644e-05, 8.0375e-06, 6.5918e-05, 1.1834e-04,
        1.5425e-04, 1.3309e-04, 1.2149e-04, 1.7413e-04, 3.9280e-05, 2.7759e-05,
        4.1295e-05, 8.1727e-05, 6.0558e-05, 7.3301e-05, 2.0772e-05, 7.9826e-05,
        1.4307e-05, 8.2108e-05, 1.3755e-04, 3.1028e-05, 7.5492e-05, 1.2323e-04,
        8.4385e-05, 3.7795e-05, 3.6456e-05, 7.5715e-05, 9.2243e-05],
       grad_fn=<CatBackward>)

mean_overall=tensor(9.4733e-05, grad_fn=<MeanBackward0>)

-----------------------------------------------ITERATION150-----------------------------------------------

final_causality=[[1, 1, 1, 1, 1, 1, 1, 1, 1, 1, 1, 1, 1], [1, 1, 1, 1, 1, 1, 1, 1, 1, 1, 1, 1, 1, 1, 1, 1, 1, 1, 1, 1, 1, 1, 1, 1, 1, 1, 1, 1, 1, 1, 1, 1, 1, 1, 1, 1, 1, 1, 1, 1, 1, 1, 1, 1, 1, 1, 1, 1, 1, 1], [1, 1, 1, 1, 1, 1, 1, 1, 1, 1, 1, 1, 1, 1, 1, 1, 1, 1, 1, 1, 1, 1, 1, 1, 1, 1, 1, 1, 1, 1, 1, 1, 1, 1, 1, 1, 1, 1, 1, 1, 1, 1, 1, 1, 1, 1, 1, 1, 1, 1]]

means=tensor([7.7702e-05, 2.8440e-04, 3.8473e-04, 1.7679e-04, 1.0032e-04, 2.4234e-04,
        5.0654e-04, 3.5717e-04, 1.2544e-04, 1.5318e-04, 2.6507e-05, 2.4952e-05,
        5.2699e-05, 6.5574e-05, 1.5903e-04, 2.2743e-04, 3.2864e-05, 1.7281e-04,
        4.3388e-05, 8.6476e-05, 1.8181e-05, 1.0772e-05, 1.3043e-04, 5.2437e-05,
        2.6875e-05, 3.4798e-05, 6.9281e-05, 1.0303e-04, 4.9099e-06, 4.8908e-05,
        2.1997e-04, 1.3887e-04, 1.1723e-04, 1.8535e-04, 9.2056e-05, 1.3495e-04,
        7.5011e-05, 2.3146e-05, 2.5400e-04, 4.6659e-06, 1.5426e-04, 9.9579e-05,
        6.1310e-05, 9.5872e-05, 8.5929e-05, 1.5300e-05, 2.1570e-04, 7.9723e-05,
        1.7650e-04, 1.1376e-04, 1.2014e-05, 2.7440e-04, 9.1971e-05, 1.1169e-04,
        1.1686e-04, 1.1941e-05, 1.4754e-04, 1.1987e-06, 1.2311e-05, 1.0181e-04,
        1.1444e-04, 7.3841e-05, 1.5315e-04, 2.3077e-05, 6.3476e-05, 8.9240e-05,
        1.2362e-04, 6.6770e-05, 1.5624e-04, 7.7529e-05, 3.1304e-05, 2.0202e-06,
        5.2694e-05, 1.0852e-04, 5.3468e-05, 1.5291e-04, 4.8434e-06, 7.1512e-05,
        6.9221e-05, 4.7492e-05, 3.7289e-05, 6.8442e-05, 5.2663e-05, 5.7128e-05,
        1.1928e-05, 4.1319e-05, 1.8690e-05, 8.1018e-06, 6.5789e-05, 1.2159e-04,
        1.5877e-04, 1.3788e-04, 1.2185e-04, 1.7467e-04, 3.9277e-05, 2.7477e-05,
        4.1368e-05, 8.2383e-05, 5.6913e-05, 7.6988e-05, 2.0750e-05, 7.8501e-05,
        1.4507e-05, 8.0042e-05, 1.4155e-04, 3.2143e-05, 7.4764e-05, 1.2464e-04,
        8.4503e-05, 3.7900e-05, 3.6996e-05, 7.7109e-05, 9.0544e-05],
       grad_fn=<CatBackward>)

mean_overall=tensor(9.6059e-05, grad_fn=<MeanBackward0>)

-----------------------------------------------ITERATION160-----------------------------------------------

final_causality=[[1, 1, 1, 1, 1, 1, 1, 1, 1, 1, 1, 1, 1], [1, 1, 1, 1, 1, 1, 1, 1, 1, 1, 1, 1, 1, 1, 1, 1, 1, 1, 1, 1, 1, 1, 1, 1, 1, 1, 1, 1, 1, 1, 1, 1, 1, 1, 1, 1, 1, 1, 1, 1, 1, 1, 1, 1, 1, 1, 1, 1, 1, 1], [1, 1, 1, 1, 1, 1, 1, 1, 1, 1, 1, 1, 1, 1, 1, 1, 1, 1, 1, 1, 1, 1, 1, 1, 1, 1, 1, 1, 1, 1, 1, 1, 1, 1, 1, 1, 1, 1, 1, 1, 1, 1, 1, 1, 1, 1, 1, 1, 1, 1]]

means=tensor([8.0533e-05, 2.7268e-04, 3.9892e-04, 2.0342e-04, 1.0758e-04, 2.4425e-04,
        5.1590e-04, 3.6897e-04, 1.4441e-04, 1.7004e-04, 3.0081e-05, 2.4903e-05,
        5.0923e-05, 6.6294e-05, 1.6205e-04, 2.2975e-04, 3.3406e-05, 1.7499e-04,
        4.2706e-05, 8.8897e-05, 1.8361e-05, 1.0697e-05, 1.3292e-04, 5.1414e-05,
        2.7421e-05, 3.5801e-05, 6.6707e-05, 1.0308e-04, 4.7210e-06, 4.8042e-05,
        2.1797e-04, 1.3560e-04, 1.1847e-04, 1.8164e-04, 9.1922e-05, 1.3710e-04,
        7.5793e-05, 2.2759e-05, 2.5600e-04, 4.5671e-06, 1.5624e-04, 1.0015e-04,
        6.2943e-05, 9.7242e-05, 8.4339e-05, 1.5145e-05, 2.1828e-04, 7.8987e-05,
        1.7861e-04, 1.1623e-04, 1.2123e-05, 2.7763e-04, 9.5002e-05, 1.0940e-04,
        1.1828e-04, 1.1830e-05, 1.4422e-04, 1.3752e-06, 1.2026e-05, 1.0542e-04,
        1.1517e-04, 7.4262e-05, 1.5452e-04, 2.3321e-05, 6.6494e-05, 9.1008e-05,
        1.2394e-04, 6.6604e-05, 1.5829e-04, 7.6363e-05, 3.1111e-05, 2.0246e-06,
        5.1367e-05, 1.1376e-04, 5.5315e-05, 1.5778e-04, 4.7252e-06, 6.7033e-05,
        6.8864e-05, 4.8191e-05, 3.6064e-05, 7.0604e-05, 5.3712e-05, 5.6751e-05,
        1.2660e-05, 4.2376e-05, 1.8732e-05, 8.1726e-06, 6.5684e-05, 1.2509e-04,
        1.6340e-04, 1.4281e-04, 1.2223e-04, 1.7527e-04, 3.9280e-05, 2.7195e-05,
        4.1432e-05, 8.3081e-05, 5.3190e-05, 8.0740e-05, 2.0725e-05, 7.7170e-05,
        1.4723e-05, 7.7905e-05, 1.4562e-04, 3.3475e-05, 7.4004e-05, 1.2609e-04,
        8.4637e-05, 3.8000e-05, 3.7540e-05, 7.8528e-05, 8.8793e-05],
       grad_fn=<CatBackward>)

mean_overall=tensor(9.7460e-05, grad_fn=<MeanBackward0>)

-----------------------------------------------ITERATION170-----------------------------------------------

final_causality=[[1, 1, 1, 1, 1, 1, 1, 1, 1, 1, 1, 1, 1], [1, 1, 1, 1, 1, 1, 1, 1, 1, 1, 1, 1, 1, 1, 1, 1, 1, 1, 1, 1, 1, 1, 1, 1, 1, 1, 1, 1, 1, 1, 1, 1, 1, 1, 1, 1, 1, 1, 1, 1, 1, 1, 1, 1, 1, 1, 1, 1, 1, 1], [1, 1, 1, 1, 1, 1, 1, 1, 1, 1, 1, 1, 1, 1, 1, 1, 1, 1, 1, 1, 1, 1, 1, 1, 1, 1, 1, 1, 1, 1, 1, 1, 1, 1, 1, 1, 1, 1, 1, 1, 1, 1, 1, 1, 1, 1, 1, 1, 1, 1]]

means=tensor([8.3410e-05, 2.6077e-04, 4.1343e-04, 2.3044e-04, 1.1501e-04, 2.4628e-04,
        5.2550e-04, 3.8110e-04, 1.6376e-04, 1.8727e-04, 3.3848e-05, 2.4852e-05,
        4.9085e-05, 6.7044e-05, 1.6512e-04, 2.3214e-04, 3.3972e-05, 1.7723e-04,
        4.2018e-05, 9.1369e-05, 1.8547e-05, 1.0626e-05, 1.3550e-04, 5.0384e-05,
        2.7992e-05, 3.6857e-05, 6.4163e-05, 1.0315e-04, 4.5316e-06, 4.7192e-05,
        2.1593e-04, 1.3236e-04, 1.1976e-04, 1.7793e-04, 9.1830e-05, 1.3930e-04,
        7.7068e-05, 2.2374e-05, 2.5805e-04, 4.4646e-06, 1.5824e-04, 1.0075e-04,
        6.4609e-05, 9.8667e-05, 8.2763e-05, 1.4989e-05, 2.2091e-04, 7.8247e-05,
        1.8077e-04, 1.1873e-04, 1.2239e-05, 2.8095e-04, 9.8120e-05, 1.0713e-04,
        1.1972e-04, 1.1717e-05, 1.4088e-04, 1.5555e-06, 1.1742e-05, 1.0917e-04,
        1.1593e-04, 7.4689e-05, 1.5591e-04, 2.3572e-05, 6.9584e-05, 9.2807e-05,
        1.2428e-04, 6.6432e-05, 1.6040e-04, 7.5194e-05, 3.0910e-05, 2.0287e-06,
        5.0023e-05, 1.1907e-04, 5.7184e-05, 1.6272e-04, 4.9123e-06, 6.2597e-05,
        6.8498e-05, 4.8908e-05, 3.4823e-05, 7.3655e-05, 5.5146e-05, 5.6364e-05,
        1.3403e-05, 4.3986e-05, 1.8775e-05, 8.3065e-06, 6.5590e-05, 1.2869e-04,
        1.6810e-04, 1.4783e-04, 1.2264e-04, 1.7593e-04, 3.9283e-05, 2.6905e-05,
        4.1498e-05, 8.3800e-05, 4.9417e-05, 8.4536e-05, 2.0699e-05, 7.5827e-05,
        1.4943e-05, 7.5717e-05, 1.4975e-04, 3.4839e-05, 7.3230e-05, 1.2758e-04,
        8.4778e-05, 3.8099e-05, 3.8094e-05, 7.9978e-05, 8.8382e-05],
       grad_fn=<CatBackward>)

mean_overall=tensor(9.8936e-05, grad_fn=<MeanBackward0>)

-----------------------------------------------ITERATION180-----------------------------------------------

final_causality=[[1, 1, 1, 1, 1, 1, 1, 1, 1, 1, 1, 1, 1], [1, 1, 1, 1, 1, 1, 1, 1, 1, 1, 1, 1, 1, 1, 1, 1, 1, 1, 1, 1, 1, 1, 1, 1, 1, 1, 1, 1, 1, 1, 1, 1, 1, 1, 1, 1, 1, 1, 1, 1, 1, 1, 1, 1, 1, 1, 1, 1, 1, 1], [1, 1, 1, 1, 1, 1, 1, 1, 1, 1, 1, 1, 1, 1, 1, 1, 1, 1, 1, 1, 1, 1, 1, 1, 1, 1, 1, 1, 1, 1, 1, 1, 1, 1, 1, 1, 1, 1, 1, 1, 1, 1, 1, 1, 1, 1, 1, 1, 1, 1]]

means=tensor([8.6313e-05, 2.4861e-04, 4.2819e-04, 2.5774e-04, 1.2260e-04, 2.4837e-04,
        5.3520e-04, 3.9356e-04, 1.8340e-04, 2.0470e-04, 3.7828e-05, 2.4789e-05,
        4.7178e-05, 6.7840e-05, 1.6822e-04, 2.3458e-04, 3.4537e-05, 1.7949e-04,
        4.1357e-05, 9.3870e-05, 1.8725e-05, 1.0583e-05, 1.3814e-04, 4.9371e-05,
        2.8567e-05, 3.7947e-05, 6.1618e-05, 1.0323e-04, 4.3678e-06, 4.6345e-05,
        2.1387e-04, 1.2913e-04, 1.2112e-04, 1.7420e-04, 9.1942e-05, 1.4154e-04,
        7.8541e-05, 2.1974e-05, 2.6012e-04, 4.3433e-06, 1.6022e-04, 1.0138e-04,
        6.6286e-05, 1.0017e-04, 8.1185e-05, 1.4815e-05, 2.2355e-04, 7.7528e-05,
        1.8295e-04, 1.2123e-04, 1.2374e-05, 2.8434e-04, 1.0130e-04, 1.0485e-04,
        1.2118e-04, 1.1586e-05, 1.3752e-04, 1.7196e-06, 1.1452e-05, 1.1301e-04,
        1.1670e-04, 7.5109e-05, 1.5729e-04, 2.3835e-05, 7.2728e-05, 9.4627e-05,
        1.2463e-04, 6.6250e-05, 1.6256e-04, 7.4015e-05, 3.0704e-05, 2.0314e-06,
        4.8663e-05, 1.2442e-04, 5.9068e-05, 1.6770e-04, 5.2747e-06, 6.2220e-05,
        6.8123e-05, 4.9635e-05, 3.3633e-05, 7.7343e-05, 5.7246e-05, 5.5973e-05,
        1.4151e-05, 4.6111e-05, 1.8820e-05, 8.6610e-06, 6.5502e-05, 1.3233e-04,
        1.7286e-04, 1.5292e-04, 1.2307e-04, 1.7665e-04, 3.9281e-05, 2.6607e-05,
        4.1568e-05, 8.4526e-05, 4.5610e-05, 8.8362e-05, 2.0673e-05, 7.4471e-05,
        1.5161e-05, 7.3489e-05, 1.5393e-04, 3.6230e-05, 7.2451e-05, 1.2912e-04,
        8.4923e-05, 3.8201e-05, 3.8659e-05, 8.1459e-05, 8.8443e-05],
       grad_fn=<CatBackward>)

mean_overall=tensor(0.0001, grad_fn=<MeanBackward0>)

-----------------------------------------------ITERATION190-----------------------------------------------

final_causality=[[1, 1, 1, 1, 1, 1, 1, 1, 1, 1, 1, 1, 1], [1, 1, 1, 1, 1, 1, 1, 1, 1, 1, 1, 1, 1, 1, 1, 1, 1, 1, 1, 1, 1, 1, 1, 1, 1, 1, 1, 1, 1, 1, 1, 1, 1, 1, 1, 1, 1, 1, 1, 1, 1, 1, 1, 1, 1, 1, 1, 1, 1, 1], [1, 1, 1, 1, 1, 1, 1, 1, 1, 1, 1, 1, 1, 1, 1, 1, 1, 1, 1, 1, 1, 1, 1, 1, 1, 1, 1, 1, 1, 1, 1, 1, 1, 1, 1, 1, 1, 1, 1, 1, 1, 1, 1, 1, 1, 1, 1, 1, 1, 1]]

means=tensor([8.9244e-05, 2.3625e-04, 4.4322e-04, 2.8532e-04, 1.3033e-04, 2.5055e-04,
        5.4502e-04, 4.0633e-04, 2.0334e-04, 2.2238e-04, 4.2020e-05, 2.4717e-05,
        4.5206e-05, 6.8677e-05, 1.7136e-04, 2.3707e-04, 3.5108e-05, 1.8178e-04,
        4.0714e-05, 9.6404e-05, 1.8900e-05, 1.0560e-05, 1.4085e-04, 4.8370e-05,
        2.9153e-05, 3.9080e-05, 5.9089e-05, 1.0331e-04, 4.2221e-06, 4.5507e-05,
        2.1178e-04, 1.2592e-04, 1.2256e-04, 1.7046e-04, 9.3146e-05, 1.4382e-04,
        8.0034e-05, 2.1565e-05, 2.6221e-04, 4.2078e-06, 1.6221e-04, 1.0206e-04,
        6.7980e-05, 1.0174e-04, 7.9616e-05, 1.4627e-05, 2.2621e-04, 7.6825e-05,
        1.8515e-04, 1.2374e-04, 1.2524e-05, 2.8779e-04, 1.0454e-04, 1.0258e-04,
        1.2265e-04, 1.1464e-05, 1.3414e-04, 1.8734e-06, 1.1160e-05, 1.1697e-04,
        1.1748e-04, 7.5527e-05, 1.5866e-04, 2.4109e-05, 7.5926e-05, 9.6467e-05,
        1.2500e-04, 6.6060e-05, 1.6528e-04, 7.2832e-05, 3.0494e-05, 2.0330e-06,
        4.7290e-05, 1.2981e-04, 6.0967e-05, 1.7273e-04, 5.6430e-06, 6.3402e-05,
        6.7740e-05, 5.0373e-05, 3.2580e-05, 8.1066e-05, 5.9370e-05, 5.5577e-05,
        1.4906e-05, 4.8250e-05, 1.8868e-05, 9.0199e-06, 6.5423e-05, 1.3600e-04,
        1.7768e-04, 1.5808e-04, 1.2353e-04, 1.7743e-04, 3.9276e-05, 2.6301e-05,
        4.1642e-05, 8.5263e-05, 4.1770e-05, 9.2217e-05, 2.0649e-05, 7.3103e-05,
        1.5380e-05, 7.1222e-05, 1.5817e-04, 3.7649e-05, 7.1666e-05, 1.3069e-04,
        8.5072e-05, 3.8305e-05, 3.9234e-05, 8.2970e-05, 8.8503e-05],
       grad_fn=<CatBackward>)

mean_overall=tensor(0.0001, grad_fn=<MeanBackward0>)

-----------------------------------------------ITERATION200-----------------------------------------------

final_causality=[[1, 1, 1, 1, 1, 1, 1, 1, 1, 1, 1, 1, 1], [1, 1, 1, 1, 1, 1, 1, 1, 1, 1, 1, 1, 1, 1, 1, 1, 1, 1, 1, 1, 1, 1, 1, 1, 1, 1, 1, 1, 1, 1, 1, 1, 1, 1, 1, 1, 1, 1, 1, 1, 1, 1, 1, 1, 1, 1, 1, 1, 1, 1], [1, 1, 1, 1, 1, 1, 1, 1, 1, 1, 1, 1, 1, 1, 1, 1, 1, 1, 1, 1, 1, 1, 1, 1, 1, 1, 1, 1, 1, 1, 1, 1, 1, 1, 1, 1, 1, 1, 1, 1, 1, 1, 1, 1, 1, 1, 1, 1, 1, 1]]

means=tensor([9.2212e-05, 2.2375e-04, 4.5851e-04, 3.1321e-04, 1.3822e-04, 2.5284e-04,
        5.5503e-04, 4.1940e-04, 2.2359e-04, 2.4034e-04, 4.6422e-05, 2.4641e-05,
        4.3171e-05, 6.9547e-05, 1.7454e-04, 2.3962e-04, 3.5698e-05, 1.8410e-04,
        4.0075e-05, 9.8979e-05, 1.9184e-05, 1.0547e-05, 1.4392e-04, 4.7373e-05,
        2.9762e-05, 4.0265e-05, 5.6603e-05, 1.0341e-04, 4.0812e-06, 4.4686e-05,
        2.0967e-04, 1.2277e-04, 1.2405e-04, 1.6674e-04, 9.4404e-05, 1.4614e-04,
        8.1559e-05, 2.1159e-05, 2.6433e-04, 4.0666e-06, 1.6419e-04, 1.0276e-04,
        6.9704e-05, 1.0338e-04, 7.8068e-05, 1.4436e-05, 2.2890e-04, 7.6126e-05,
        1.8739e-04, 1.2627e-04, 1.2682e-05, 2.9132e-04, 1.0787e-04, 1.0033e-04,
        1.2415e-04, 1.1371e-05, 1.3105e-04, 2.0273e-06, 1.0869e-05, 1.2106e-04,
        1.1829e-04, 7.5946e-05, 1.6004e-04, 2.4390e-05, 7.9355e-05, 9.8331e-05,
        1.2537e-04, 6.5863e-05, 1.6979e-04, 7.1650e-05, 3.0275e-05, 2.0339e-06,
        4.5906e-05, 1.3524e-04, 6.2878e-05, 1.7782e-04, 6.0165e-06, 6.4602e-05,
        6.7348e-05, 5.1126e-05, 3.1519e-05, 8.4823e-05, 6.1519e-05, 5.5172e-05,
        1.5668e-05, 5.0403e-05, 1.9034e-05, 9.3841e-06, 6.5360e-05, 1.3970e-04,
        1.8256e-04, 1.6331e-04, 1.2401e-04, 1.7827e-04, 3.9269e-05, 2.5989e-05,
        4.1716e-05, 8.6015e-05, 3.7897e-05, 9.6101e-05, 2.0624e-05, 7.1731e-05,
        1.5601e-05, 6.8913e-05, 1.6245e-04, 3.9095e-05, 7.0872e-05, 1.3230e-04,
        8.5228e-05, 3.8408e-05, 3.9818e-05, 8.4508e-05, 8.8561e-05],
       grad_fn=<CatBackward>)

mean_overall=tensor(0.0001, grad_fn=<MeanBackward0>)

-----------------------------------------------ITERATION210-----------------------------------------------

final_causality=[[1, 1, 1, 1, 1, 1, 1, 1, 1, 1, 1, 1, 1], [1, 1, 1, 1, 1, 1, 1, 1, 1, 1, 1, 1, 1, 1, 1, 1, 1, 1, 1, 1, 1, 1, 1, 1, 1, 1, 1, 1, 1, 1, 1, 1, 1, 1, 1, 1, 1, 1, 1, 1, 1, 1, 1, 1, 1, 1, 1, 1, 1, 1], [1, 1, 1, 1, 1, 1, 1, 1, 1, 1, 1, 1, 1, 1, 1, 1, 1, 1, 1, 1, 1, 1, 1, 1, 1, 1, 1, 1, 1, 1, 1, 1, 1, 1, 1, 1, 1, 1, 1, 1, 1, 1, 1, 1, 1, 1, 1, 1, 1, 1]]

means=tensor([9.5220e-05, 2.1114e-04, 4.7406e-04, 3.4139e-04, 1.4626e-04, 2.5525e-04,
        5.6522e-04, 4.3277e-04, 2.4415e-04, 2.5859e-04, 5.1038e-05, 2.4561e-05,
        4.1074e-05, 7.0445e-05, 1.7776e-04, 2.4222e-04, 3.6310e-05, 1.8649e-04,
        3.9438e-05, 1.0160e-04, 1.9520e-05, 1.0540e-05, 1.4712e-04, 4.6377e-05,
        3.0396e-05, 4.1505e-05, 5.4169e-05, 1.0353e-04, 3.9419e-06, 4.4379e-05,
        2.0755e-04, 1.1970e-04, 1.2559e-04, 1.6304e-04, 9.5723e-05, 1.4851e-04,
        8.3117e-05, 2.0758e-05, 2.6648e-04, 3.9218e-06, 1.6617e-04, 1.0348e-04,
        7.1462e-05, 1.0507e-04, 7.6547e-05, 1.4245e-05, 2.3161e-04, 7.5429e-05,
        1.8966e-04, 1.2882e-04, 1.2846e-05, 2.9524e-04, 1.1129e-04, 9.8133e-05,
        1.2568e-04, 1.1277e-05, 1.3030e-04, 2.1839e-06, 1.0584e-05, 1.2529e-04,
        1.1912e-04, 7.6367e-05, 1.6143e-04, 2.4680e-05, 8.2950e-05, 1.0022e-04,
        1.2576e-04, 6.5660e-05, 1.7436e-04, 7.0474e-05, 3.0047e-05, 2.0342e-06,
        4.4822e-05, 1.4070e-04, 6.4799e-05, 1.8296e-04, 6.3950e-06, 6.5818e-05,
        6.6946e-05, 5.2109e-05, 3.0451e-05, 8.8610e-05, 6.3694e-05, 5.4759e-05,
        1.6438e-05, 5.2571e-05, 1.9787e-05, 9.7539e-06, 6.5316e-05, 1.4344e-04,
        1.8749e-04, 1.6860e-04, 1.2452e-04, 1.7917e-04, 3.9262e-05, 2.5672e-05,
        4.1791e-05, 8.6784e-05, 3.5309e-05, 1.0001e-04, 2.0599e-05, 7.0356e-05,
        1.5827e-05, 6.6563e-05, 1.6677e-04, 4.0569e-05, 7.0069e-05, 1.3394e-04,
        8.5391e-05, 3.8509e-05, 4.0408e-05, 8.6069e-05, 8.8619e-05],
       grad_fn=<CatBackward>)

mean_overall=tensor(0.0001, grad_fn=<MeanBackward0>)

-----------------------------------------------ITERATION220-----------------------------------------------

final_causality=[[1, 1, 1, 1, 1, 1, 1, 1, 1, 1, 1, 1, 1], [1, 1, 1, 1, 1, 1, 1, 1, 1, 1, 1, 1, 1, 1, 1, 1, 1, 1, 1, 1, 1, 1, 1, 1, 1, 1, 1, 1, 1, 1, 1, 1, 1, 1, 1, 1, 1, 1, 1, 1, 1, 1, 1, 1, 1, 1, 1, 1, 1, 1], [1, 1, 1, 1, 1, 1, 1, 1, 1, 1, 1, 1, 1, 1, 1, 1, 1, 1, 1, 1, 1, 1, 1, 1, 1, 1, 1, 1, 1, 1, 1, 1, 1, 1, 1, 1, 1, 1, 1, 1, 1, 1, 1, 1, 1, 1, 1, 1, 1, 1]]

means=tensor([9.8264e-05, 1.9843e-04, 4.8987e-04, 3.6984e-04, 1.5446e-04, 2.5777e-04,
        5.7558e-04, 4.4644e-04, 2.6501e-04, 2.7710e-04, 5.5877e-05, 2.4475e-05,
        3.8913e-05, 7.1376e-05, 1.8103e-04, 2.4489e-04, 3.6942e-05, 1.8901e-04,
        3.8807e-05, 1.0425e-04, 1.9860e-05, 1.0545e-05, 1.5040e-04, 4.5389e-05,
        3.1052e-05, 4.2800e-05, 5.1783e-05, 1.0367e-04, 3.8084e-06, 4.5213e-05,
        2.0543e-04, 1.1669e-04, 1.2718e-04, 1.5936e-04, 9.7099e-05, 1.5093e-04,
        8.4704e-05, 2.0361e-05, 2.6867e-04, 3.7712e-06, 1.6815e-04, 1.0423e-04,
        7.3250e-05, 1.0682e-04, 7.5051e-05, 1.4051e-05, 2.3435e-04, 7.4739e-05,
        1.9196e-04, 1.3138e-04, 1.3018e-05, 2.9931e-04, 1.1480e-04, 9.5973e-05,
        1.2723e-04, 1.1180e-05, 1.2955e-04, 2.3400e-06, 1.0301e-05, 1.2966e-04,
        1.1997e-04, 7.6789e-05, 1.6282e-04, 2.4977e-05, 8.6600e-05, 1.0212e-04,
        1.2616e-04, 6.5448e-05, 1.7900e-04, 6.9305e-05, 2.9811e-05, 2.0336e-06,
        4.3772e-05, 1.4619e-04, 6.6727e-05, 1.8815e-04, 6.7801e-06, 6.7050e-05,
        6.6535e-05, 5.3126e-05, 2.9378e-05, 9.2423e-05, 6.5893e-05, 5.4338e-05,
        1.7215e-05, 5.4749e-05, 2.0549e-05, 1.0129e-05, 6.5291e-05, 1.4721e-04,
        1.9247e-04, 1.7396e-04, 1.2506e-04, 1.8014e-04, 3.9915e-05, 2.5349e-05,
        4.1866e-05, 8.7568e-05, 3.7344e-05, 1.0394e-04, 2.0573e-05, 6.8981e-05,
        1.6056e-05, 6.4175e-05, 1.7113e-04, 4.2070e-05, 6.9258e-05, 1.3561e-04,
        8.5561e-05, 3.8610e-05, 4.1044e-05, 8.7655e-05, 9.0530e-05],
       grad_fn=<CatBackward>)

mean_overall=tensor(0.0001, grad_fn=<MeanBackward0>)

-----------------------------------------------ITERATION230-----------------------------------------------

final_causality=[[1, 1, 1, 1, 1, 1, 1, 1, 1, 1, 1, 1, 1], [1, 1, 1, 1, 1, 1, 1, 1, 1, 1, 1, 1, 1, 1, 1, 1, 1, 1, 1, 1, 1, 1, 1, 1, 1, 1, 1, 1, 1, 1, 1, 1, 1, 1, 1, 1, 1, 1, 1, 1, 1, 1, 1, 1, 1, 1, 1, 1, 1, 1], [1, 1, 1, 1, 1, 1, 1, 1, 1, 1, 1, 1, 1, 1, 1, 1, 1, 1, 1, 1, 1, 1, 1, 1, 1, 1, 1, 1, 1, 1, 1, 1, 1, 1, 1, 1, 1, 1, 1, 1, 1, 1, 1, 1, 1, 1, 1, 1, 1, 1]]

means=tensor([1.0134e-04, 1.8561e-04, 5.0591e-04, 3.9853e-04, 1.6280e-04, 2.6041e-04,
        5.8608e-04, 4.6041e-04, 2.8613e-04, 2.9585e-04, 6.0945e-05, 2.4384e-05,
        3.6687e-05, 7.2341e-05, 1.8431e-04, 2.4760e-04, 3.7588e-05, 1.9155e-04,
        3.8188e-05, 1.0695e-04, 2.0204e-05, 1.0563e-05, 1.5377e-04, 4.4412e-05,
        3.1729e-05, 4.4147e-05, 4.9444e-05, 1.0382e-04, 3.6845e-06, 4.6080e-05,
        2.0330e-04, 1.1375e-04, 1.2882e-04, 1.5572e-04, 9.8530e-05, 1.5339e-04,
        8.6318e-05, 1.9967e-05, 2.7088e-04, 3.6127e-06, 1.7012e-04, 1.0500e-04,
        7.5069e-05, 1.0863e-04, 7.3582e-05, 1.3853e-05, 2.3710e-04, 7.4059e-05,
        1.9428e-04, 1.3396e-04, 1.3200e-05, 3.0345e-04, 1.1839e-04, 9.3853e-05,
        1.2881e-04, 1.1076e-05, 1.2880e-04, 2.4929e-06, 1.0022e-05, 1.3416e-04,
        1.2083e-04, 7.7209e-05, 1.6420e-04, 2.5283e-05, 9.0303e-05, 1.0405e-04,
        1.2658e-04, 6.5228e-05, 1.8369e-04, 6.8143e-05, 2.9566e-05, 2.0321e-06,
        4.2714e-05, 1.5170e-04, 6.8662e-05, 1.9338e-04, 7.1731e-06, 6.8297e-05,
        6.6114e-05, 5.4158e-05, 2.8300e-05, 9.6257e-05, 6.8112e-05, 5.3909e-05,
        1.7997e-05, 5.6937e-05, 2.1326e-05, 1.0508e-05, 6.5287e-05, 1.5099e-04,
        1.9809e-04, 1.7937e-04, 1.2563e-04, 1.8117e-04, 4.0973e-05, 2.5019e-05,
        4.1942e-05, 8.8364e-05, 3.9403e-05, 1.0789e-04, 2.0547e-05, 6.7608e-05,
        1.6287e-05, 6.1957e-05, 1.7552e-04, 4.3595e-05, 6.8441e-05, 1.3732e-04,
        8.5737e-05, 3.8708e-05, 4.1819e-05, 8.9264e-05, 9.3584e-05],
       grad_fn=<CatBackward>)

mean_overall=tensor(0.0001, grad_fn=<MeanBackward0>)

-----------------------------------------------ITERATION240-----------------------------------------------

final_causality=[[1, 1, 1, 1, 1, 1, 1, 1, 1, 1, 1, 1, 1], [1, 1, 1, 1, 1, 1, 1, 1, 1, 1, 1, 1, 1, 1, 1, 1, 1, 1, 1, 1, 1, 1, 1, 1, 1, 1, 1, 1, 1, 1, 1, 1, 1, 1, 1, 1, 1, 1, 1, 1, 1, 1, 1, 1, 1, 1, 1, 1, 1, 1], [1, 1, 1, 1, 1, 1, 1, 1, 1, 1, 1, 1, 1, 1, 1, 1, 1, 1, 1, 1, 1, 1, 1, 1, 1, 1, 1, 1, 1, 1, 1, 1, 1, 1, 1, 1, 1, 1, 1, 1, 1, 1, 1, 1, 1, 1, 1, 1, 1, 1]]

means=tensor([1.0445e-04, 1.7270e-04, 5.2219e-04, 4.2747e-04, 1.7128e-04, 2.6316e-04,
        5.9671e-04, 4.7467e-04, 3.0751e-04, 3.1483e-04, 6.6249e-05, 2.4285e-05,
        3.4392e-05, 7.3341e-05, 1.8763e-04, 2.5036e-04, 3.8250e-05, 1.9412e-04,
        3.7582e-05, 1.0967e-04, 2.0550e-05, 1.0595e-05, 1.5723e-04, 4.3447e-05,
        3.2427e-05, 4.5548e-05, 4.7155e-05, 1.0400e-04, 3.5704e-06, 4.6979e-05,
        2.0117e-04, 1.1089e-04, 1.3052e-04, 1.5210e-04, 1.0002e-04, 1.5590e-04,
        8.7957e-05, 1.9575e-05, 2.7310e-04, 3.4464e-06, 1.7207e-04, 1.0581e-04,
        7.6917e-05, 1.1050e-04, 7.2140e-05, 1.3650e-05, 2.3986e-04, 7.3391e-05,
        1.9662e-04, 1.3654e-04, 1.3392e-05, 3.0768e-04, 1.2206e-04, 9.1775e-05,
        1.3040e-04, 1.0966e-05, 1.2804e-04, 2.6423e-06, 9.7455e-06, 1.3879e-04,
        1.2172e-04, 7.7627e-05, 1.6594e-04, 2.5598e-05, 9.4056e-05, 1.0599e-04,
        1.2701e-04, 6.4998e-05, 1.8845e-04, 6.6991e-05, 2.9313e-05, 2.0294e-06,
        4.1650e-05, 1.5722e-04, 7.0600e-05, 1.9866e-04, 7.5710e-06, 6.9558e-05,
        6.5683e-05, 5.5207e-05, 2.7219e-05, 1.0011e-04, 7.0352e-05, 5.3474e-05,
        1.8784e-05, 5.9131e-05, 2.2114e-05, 1.0891e-05, 6.5304e-05, 1.5480e-04,
        2.0470e-04, 1.8483e-04, 1.2622e-04, 1.8227e-04, 4.2039e-05, 2.4684e-05,
        4.2019e-05, 8.9173e-05, 4.1484e-05, 1.1186e-04, 2.0522e-05, 6.6238e-05,
        1.6522e-05, 6.0164e-05, 1.7994e-04, 4.5146e-05, 6.7619e-05, 1.3905e-04,
        8.5919e-05, 3.8806e-05, 4.2601e-05, 9.0896e-05, 9.6678e-05],
       grad_fn=<CatBackward>)

mean_overall=tensor(0.0001, grad_fn=<MeanBackward0>)

-----------------------------------------------ITERATION250-----------------------------------------------

final_causality=[[1, 1, 1, 1, 1, 1, 1, 1, 1, 1, 1, 1, 1], [1, 1, 1, 1, 1, 1, 1, 1, 1, 1, 1, 1, 1, 1, 1, 1, 1, 1, 1, 1, 1, 1, 1, 1, 1, 1, 1, 1, 1, 1, 1, 1, 1, 1, 1, 1, 1, 1, 1, 1, 1, 1, 1, 1, 1, 1, 1, 1, 1, 1], [1, 1, 1, 1, 1, 1, 1, 1, 1, 1, 1, 1, 1, 1, 1, 1, 1, 1, 1, 1, 1, 1, 1, 1, 1, 1, 1, 1, 1, 1, 1, 1, 1, 1, 1, 1, 1, 1, 1, 1, 1, 1, 1, 1, 1, 1, 1, 1, 1, 1]]

means=tensor([1.0759e-04, 1.5972e-04, 5.3871e-04, 4.5663e-04, 1.7990e-04, 2.6602e-04,
        6.0748e-04, 4.8922e-04, 3.2915e-04, 3.3404e-04, 7.1796e-05, 2.4179e-05,
        3.2030e-05, 7.4375e-05, 1.9097e-04, 2.5317e-04, 3.8929e-05, 1.9672e-04,
        3.7018e-05, 1.1244e-04, 2.0899e-05, 1.0641e-05, 1.6078e-04, 4.2495e-05,
        3.3146e-05, 4.7005e-05, 4.4919e-05, 1.0419e-04, 3.4655e-06, 4.7913e-05,
        1.9903e-04, 1.0810e-04, 1.3227e-04, 1.4852e-04, 1.0157e-04, 1.5844e-04,
        8.9623e-05, 1.9188e-05, 2.7535e-04, 3.2730e-06, 1.7401e-04, 1.0664e-04,
        7.8797e-05, 1.1244e-04, 7.0727e-05, 1.3444e-05, 2.4263e-04, 7.2736e-05,
        1.9898e-04, 1.3928e-04, 1.3593e-05, 3.1197e-04, 1.2582e-04, 8.9742e-05,
        1.3202e-04, 1.0851e-05, 1.2729e-04, 2.7890e-06, 9.4732e-06, 1.4357e-04,
        1.2262e-04, 7.8044e-05, 1.6783e-04, 2.5959e-05, 9.7858e-05, 1.0795e-04,
        1.2745e-04, 6.4759e-05, 1.9326e-04, 6.5851e-05, 2.9050e-05, 2.0256e-06,
        4.0580e-05, 1.6276e-04, 7.2542e-05, 2.0398e-04, 7.9739e-06, 7.0832e-05,
        6.5241e-05, 5.6273e-05, 2.6135e-05, 1.0398e-04, 7.2610e-05, 5.3031e-05,
        1.9576e-05, 6.1332e-05, 2.2910e-05, 1.1335e-05, 6.5347e-05, 1.5862e-04,
        2.1136e-04, 1.9034e-04, 1.2685e-04, 1.8343e-04, 4.3115e-05, 2.4343e-05,
        4.2095e-05, 8.9994e-05, 4.3587e-05, 1.1584e-04, 2.0495e-05, 6.4875e-05,
        1.6759e-05, 5.9770e-05, 1.8438e-04, 4.6722e-05, 6.6792e-05, 1.4082e-04,
        8.6107e-05, 3.8900e-05, 4.3391e-05, 9.2550e-05, 9.9811e-05],
       grad_fn=<CatBackward>)

mean_overall=tensor(0.0001, grad_fn=<MeanBackward0>)

-----------------------------------------------ITERATION260-----------------------------------------------

final_causality=[[1, 1, 1, 1, 1, 1, 1, 1, 1, 1, 1, 1, 1], [1, 1, 1, 1, 1, 1, 1, 1, 1, 1, 1, 1, 1, 1, 1, 1, 1, 1, 1, 1, 1, 1, 1, 1, 1, 1, 1, 1, 1, 1, 1, 1, 1, 1, 1, 1, 1, 1, 1, 1, 1, 1, 1, 1, 1, 1, 1, 1, 1, 1], [1, 1, 1, 1, 1, 1, 1, 1, 1, 1, 1, 1, 1, 1, 1, 1, 1, 1, 1, 1, 1, 1, 1, 1, 1, 1, 1, 1, 1, 1, 1, 1, 1, 1, 1, 1, 1, 1, 1, 1, 1, 1, 1, 1, 1, 1, 1, 1, 1, 1]]

means=tensor([1.1077e-04, 1.4667e-04, 5.5545e-04, 4.8601e-04, 1.8866e-04, 2.6901e-04,
        6.1838e-04, 5.0407e-04, 3.5104e-04, 3.5348e-04, 7.7593e-05, 2.4067e-05,
        2.9597e-05, 7.5444e-05, 1.9433e-04, 2.5603e-04, 3.9624e-05, 1.9934e-04,
        3.6468e-05, 1.1523e-04, 2.1251e-05, 1.0701e-05, 1.6441e-04, 4.1557e-05,
        3.3888e-05, 4.8519e-05, 4.2736e-05, 1.0476e-04, 3.3698e-06, 4.8885e-05,
        1.9690e-04, 1.0539e-04, 1.3408e-04, 1.4498e-04, 1.0318e-04, 1.6103e-04,
        9.1316e-05, 1.8806e-05, 2.7762e-04, 3.0925e-06, 1.7593e-04, 1.0750e-04,
        8.0711e-05, 1.1443e-04, 6.9344e-05, 1.3235e-05, 2.4540e-04, 7.2093e-05,
        2.0136e-04, 1.4204e-04, 1.3804e-05, 3.1634e-04, 1.2967e-04, 8.7758e-05,
        1.3366e-04, 1.0730e-05, 1.2680e-04, 2.9329e-06, 9.2052e-06, 1.4848e-04,
        1.2354e-04, 7.8460e-05, 1.6972e-04, 2.6337e-05, 1.0171e-04, 1.1011e-04,
        1.2790e-04, 6.4511e-05, 1.9812e-04, 6.4725e-05, 2.8778e-05, 2.0207e-06,
        3.9506e-05, 1.6830e-04, 7.4484e-05, 2.0934e-04, 8.3818e-06, 7.2361e-05,
        6.4789e-05, 5.7355e-05, 2.5048e-05, 1.0850e-04, 7.4887e-05, 5.2580e-05,
        2.0373e-05, 6.3539e-05, 2.3714e-05, 1.1968e-05, 6.5415e-05, 1.6245e-04,
        2.1805e-04, 1.9589e-04, 1.2750e-04, 1.8466e-04, 4.4199e-05, 2.3996e-05,
        4.2172e-05, 9.0827e-05, 4.5710e-05, 1.1983e-04, 2.0469e-05, 6.3520e-05,
        1.7000e-05, 5.9584e-05, 1.8885e-04, 4.8322e-05, 6.5961e-05, 1.4261e-04,
        8.6303e-05, 3.8993e-05, 4.4187e-05, 9.4224e-05, 1.0298e-04],
       grad_fn=<CatBackward>)

mean_overall=tensor(0.0001, grad_fn=<MeanBackward0>)

-----------------------------------------------ITERATION270-----------------------------------------------

final_causality=[[1, 1, 1, 1, 1, 1, 1, 1, 1, 1, 1, 1, 1], [1, 1, 1, 1, 1, 1, 1, 1, 1, 1, 1, 1, 1, 1, 1, 1, 1, 1, 1, 1, 1, 1, 1, 1, 1, 1, 1, 1, 1, 1, 1, 1, 1, 1, 1, 1, 1, 1, 1, 1, 1, 1, 1, 1, 1, 1, 1, 1, 1, 1], [1, 1, 1, 1, 1, 1, 1, 1, 1, 1, 1, 1, 1, 1, 1, 1, 1, 1, 1, 1, 1, 1, 1, 1, 1, 1, 1, 1, 1, 1, 1, 1, 1, 1, 1, 1, 1, 1, 1, 1, 1, 1, 1, 1, 1, 1, 1, 1, 1, 1]]

means=tensor([1.1398e-04, 1.3357e-04, 5.7243e-04, 5.1562e-04, 1.9756e-04, 2.7213e-04,
        6.2941e-04, 5.1921e-04, 3.7317e-04, 3.7313e-04, 8.3646e-05, 2.3946e-05,
        2.7092e-05, 7.6547e-05, 1.9772e-04, 2.5893e-04, 4.0334e-05, 2.0199e-04,
        3.5932e-05, 1.1806e-04, 2.1606e-05, 1.0774e-05, 1.6813e-04, 4.0634e-05,
        3.4653e-05, 5.0090e-05, 4.0608e-05, 1.0622e-04, 3.2841e-06, 4.9894e-05,
        1.9478e-04, 1.0277e-04, 1.3594e-04, 1.4149e-04, 1.0485e-04, 1.6366e-04,
        9.3034e-05, 1.8429e-05, 2.7991e-04, 2.9048e-06, 1.7783e-04, 1.0839e-04,
        8.2659e-05, 1.1649e-04, 6.7992e-05, 1.3023e-05, 2.4819e-04, 7.1464e-05,
        2.0375e-04, 1.4489e-04, 1.4024e-05, 3.2077e-04, 1.3361e-04, 8.5824e-05,
        1.3531e-04, 1.0604e-05, 1.2648e-04, 3.0737e-06, 8.9415e-06, 1.5354e-04,
        1.2448e-04, 7.8873e-05, 1.7160e-04, 2.6725e-05, 1.0560e-04, 1.1239e-04,
        1.2836e-04, 6.4252e-05, 2.0303e-04, 6.3616e-05, 2.8496e-05, 2.0146e-06,
        3.8426e-05, 1.7384e-04, 7.6426e-05, 2.1474e-04, 8.7946e-06, 7.4418e-05,
        6.4326e-05, 5.8454e-05, 2.4093e-05, 1.1352e-04, 7.7182e-05, 5.2122e-05,
        2.1173e-05, 6.5749e-05, 2.4526e-05, 1.2793e-05, 6.5511e-05, 1.6630e-04,
        2.2476e-04, 2.0148e-04, 1.2819e-04, 1.8595e-04, 4.5290e-05, 2.3846e-05,
        4.2248e-05, 9.1672e-05, 4.7852e-05, 1.2383e-04, 2.0442e-05, 6.2176e-05,
        1.7244e-05, 5.9399e-05, 1.9334e-04, 4.9947e-05, 6.5126e-05, 1.4442e-04,
        8.6504e-05, 3.9082e-05, 4.4990e-05, 9.5919e-05, 1.0619e-04],
       grad_fn=<CatBackward>)

mean_overall=tensor(0.0001, grad_fn=<MeanBackward0>)

-----------------------------------------------ITERATION280-----------------------------------------------

final_causality=[[1, 1, 1, 1, 1, 1, 1, 1, 1, 1, 1, 1, 1], [1, 1, 1, 1, 1, 1, 1, 1, 1, 1, 1, 1, 1, 1, 1, 1, 1, 1, 1, 1, 1, 1, 1, 1, 1, 1, 1, 1, 1, 1, 1, 1, 1, 1, 1, 1, 1, 1, 1, 1, 1, 1, 1, 1, 1, 1, 1, 1, 1, 1], [1, 1, 1, 1, 1, 1, 1, 1, 1, 1, 1, 1, 1, 1, 1, 1, 1, 1, 1, 1, 1, 1, 1, 1, 1, 1, 1, 1, 1, 1, 1, 1, 1, 1, 1, 1, 1, 1, 1, 1, 1, 1, 1, 1, 1, 1, 1, 1, 1, 1]]

means=tensor([1.1723e-04, 1.2042e-04, 5.8964e-04, 5.4543e-04, 2.0659e-04, 2.7537e-04,
        6.4055e-04, 5.3464e-04, 3.9554e-04, 3.9301e-04, 8.9964e-05, 2.3818e-05,
        2.4513e-05, 7.7686e-05, 2.0111e-04, 2.6246e-04, 4.1061e-05, 2.0466e-04,
        3.5410e-05, 1.2092e-04, 2.1962e-05, 1.0863e-05, 1.7194e-04, 3.9727e-05,
        3.5440e-05, 5.1720e-05, 3.8534e-05, 1.0770e-04, 3.2089e-06, 5.0943e-05,
        1.9266e-04, 1.0023e-04, 1.3786e-04, 1.3804e-04, 1.0659e-04, 1.6632e-04,
        9.4777e-05, 1.8057e-05, 2.8221e-04, 2.7096e-06, 1.7971e-04, 1.0930e-04,
        8.4642e-05, 1.1862e-04, 6.6672e-05, 1.2808e-05, 2.5097e-04, 7.0849e-05,
        2.0615e-04, 1.4787e-04, 1.4253e-05, 3.2527e-04, 1.3764e-04, 8.3940e-05,
        1.3699e-04, 1.0472e-05, 1.2616e-04, 3.2107e-06, 8.6822e-06, 1.5874e-04,
        1.2543e-04, 7.9283e-05, 1.7346e-04, 2.7123e-05, 1.0954e-04, 1.1468e-04,
        1.2884e-04, 6.3983e-05, 2.0799e-04, 6.2523e-05, 2.8203e-05, 2.0071e-06,
        3.7343e-05, 1.7938e-04, 7.8366e-05, 2.2019e-04, 9.2124e-06, 7.6497e-05,
        6.3851e-05, 5.9570e-05, 2.3295e-05, 1.1855e-04, 7.9494e-05, 5.1655e-05,
        2.1978e-05, 6.7963e-05, 2.5346e-05, 1.3627e-05, 6.5637e-05, 1.7016e-04,
        2.3149e-04, 2.0712e-04, 1.2891e-04, 1.8731e-04, 4.6389e-05, 2.3952e-05,
        4.2324e-05, 9.2528e-05, 5.3090e-05, 1.2784e-04, 2.0415e-05, 6.0845e-05,
        1.7492e-05, 5.9216e-05, 1.9785e-04, 5.1596e-05, 6.4287e-05, 1.4627e-04,
        8.6712e-05, 3.9168e-05, 4.5799e-05, 9.7813e-05, 1.0944e-04],
       grad_fn=<CatBackward>)

mean_overall=tensor(0.0001, grad_fn=<MeanBackward0>)

-----------------------------------------------ITERATION290-----------------------------------------------

final_causality=[[1, 1, 1, 1, 1, 1, 1, 1, 1, 1, 1, 1, 1], [1, 1, 1, 1, 1, 1, 1, 1, 1, 1, 1, 1, 1, 1, 1, 1, 1, 1, 1, 1, 1, 1, 1, 1, 1, 1, 1, 1, 1, 1, 1, 1, 1, 1, 1, 1, 1, 1, 1, 1, 1, 1, 1, 1, 1, 1, 1, 1, 1, 1], [1, 1, 1, 1, 1, 1, 1, 1, 1, 1, 1, 1, 1, 1, 1, 1, 1, 1, 1, 1, 1, 1, 1, 1, 1, 1, 1, 1, 1, 1, 1, 1, 1, 1, 1, 1, 1, 1, 1, 1, 1, 1, 1, 1, 1, 1, 1, 1, 1, 1]]

means=tensor([1.2051e-04, 1.0724e-04, 6.0707e-04, 5.7546e-04, 2.1576e-04, 2.7873e-04,
        6.5181e-04, 5.5037e-04, 4.1815e-04, 4.1309e-04, 9.6553e-05, 2.3681e-05,
        2.1857e-05, 7.8860e-05, 2.0452e-04, 2.6646e-04, 4.1802e-05, 2.0735e-04,
        3.4903e-05, 1.2382e-04, 2.2321e-05, 1.0966e-05, 1.7584e-04, 3.8837e-05,
        3.6250e-05, 5.3408e-05, 3.6514e-05, 1.0919e-04, 3.1447e-06, 5.2033e-05,
        1.9055e-04, 9.7779e-05, 1.3983e-04, 1.3463e-04, 1.0839e-04, 1.6903e-04,
        9.6545e-05, 1.7691e-05, 2.8452e-04, 2.5068e-06, 1.8156e-04, 1.1024e-04,
        8.6660e-05, 1.2080e-04, 6.5384e-05, 1.2590e-05, 2.5375e-04, 7.0250e-05,
        2.0857e-04, 1.5084e-04, 1.4492e-05, 3.2983e-04, 1.4176e-04, 8.2107e-05,
        1.3868e-04, 1.0333e-05, 1.2585e-04, 3.3439e-06, 8.4275e-06, 1.6409e-04,
        1.2640e-04, 7.9691e-05, 1.7532e-04, 2.7530e-05, 1.1352e-04, 1.1698e-04,
        1.2933e-04, 6.3702e-05, 2.1300e-04, 6.1451e-05, 2.7901e-05, 1.9983e-06,
        3.6256e-05, 1.8492e-04, 8.0304e-05, 2.2567e-04, 9.6354e-06, 7.9266e-05,
        6.3363e-05, 6.0702e-05, 2.2493e-05, 1.2392e-04, 8.1822e-05, 5.1182e-05,
        2.2786e-05, 7.0180e-05, 2.6173e-05, 1.4464e-05, 6.5794e-05, 1.7402e-04,
        2.3823e-04, 2.1278e-04, 1.2966e-04, 1.8875e-04, 4.7494e-05, 2.4456e-05,
        4.2399e-05, 9.3395e-05, 5.9172e-05, 1.3186e-04, 2.0388e-05, 5.9530e-05,
        1.7743e-05, 5.9035e-05, 2.0237e-04, 5.3268e-05, 6.3445e-05, 1.4813e-04,
        8.6990e-05, 3.9251e-05, 4.6614e-05, 1.0056e-04, 1.1272e-04],
       grad_fn=<CatBackward>)

mean_overall=tensor(0.0001, grad_fn=<MeanBackward0>)

-----------------------------------------------ITERATION300-----------------------------------------------

final_causality=[[1, 1, 1, 1, 1, 1, 1, 1, 1, 1, 1, 1, 1], [1, 1, 1, 1, 1, 1, 1, 1, 1, 1, 1, 1, 1, 1, 1, 1, 1, 1, 1, 1, 1, 1, 1, 1, 1, 1, 1, 1, 1, 1, 1, 1, 1, 1, 1, 1, 1, 1, 1, 1, 1, 1, 1, 1, 1, 1, 1, 1, 1, 1], [1, 1, 1, 1, 1, 1, 1, 1, 1, 1, 1, 1, 1, 1, 1, 1, 1, 1, 1, 1, 1, 1, 1, 1, 1, 1, 1, 1, 1, 1, 1, 1, 1, 1, 1, 1, 1, 1, 1, 1, 1, 1, 1, 1, 1, 1, 1, 1, 1, 1]]

means=tensor([1.2382e-04, 9.4032e-05, 6.2473e-04, 6.0569e-04, 2.2506e-04, 2.8223e-04,
        6.6318e-04, 5.6640e-04, 4.4099e-04, 4.3338e-04, 1.0342e-04, 2.3536e-05,
        1.9123e-05, 8.0070e-05, 2.0794e-04, 2.7051e-04, 4.2559e-05, 2.1006e-04,
        3.4411e-05, 1.2675e-04, 2.2680e-05, 1.1085e-05, 1.7982e-04, 3.7966e-05,
        3.7082e-05, 5.5156e-05, 3.4549e-05, 1.1071e-04, 3.0916e-06, 5.3166e-05,
        1.8845e-04, 9.5413e-05, 1.4186e-04, 1.3128e-04, 1.1027e-04, 1.7178e-04,
        9.8337e-05, 1.7331e-05, 2.8685e-04, 2.2965e-06, 1.8339e-04, 1.1121e-04,
        8.8714e-05, 1.2305e-04, 6.4127e-05, 1.2368e-05, 2.5653e-04, 6.9666e-05,
        2.1099e-04, 1.5383e-04, 1.4741e-05, 3.3445e-04, 1.4598e-04, 8.0327e-05,
        1.4039e-04, 1.0189e-05, 1.2553e-04, 3.4732e-06, 8.1776e-06, 1.6958e-04,
        1.2739e-04, 8.0096e-05, 1.7716e-04, 2.7947e-05, 1.1754e-04, 1.1931e-04,
        1.2983e-04, 6.3410e-05, 2.1806e-04, 6.0399e-05, 2.7587e-05, 1.9881e-06,
        3.5166e-05, 1.9045e-04, 8.2238e-05, 2.3119e-04, 1.0064e-05, 8.2625e-05,
        6.2863e-05, 6.1852e-05, 2.1687e-05, 1.2956e-04, 8.4166e-05, 5.0700e-05,
        2.3597e-05, 7.2399e-05, 2.7008e-05, 1.5312e-05, 6.5983e-05, 1.7789e-04,
        2.4500e-04, 2.1848e-04, 1.3044e-04, 1.9025e-04, 4.8852e-05, 2.4972e-05,
        4.2473e-05, 9.4272e-05, 6.5267e-05, 1.3613e-04, 2.0360e-05, 5.8232e-05,
        1.7998e-05, 5.8856e-05, 2.0691e-04, 5.5369e-05, 6.2600e-05, 1.5002e-04,
        8.7884e-05, 3.9330e-05, 4.7442e-05, 1.0333e-04, 1.1653e-04],
       grad_fn=<CatBackward>)

mean_overall=tensor(0.0001, grad_fn=<MeanBackward0>)

-----------------------------------------------ITERATION310-----------------------------------------------

final_causality=[[1, 1, 1, 1, 1, 1, 1, 1, 1, 1, 1, 1, 1], [1, 1, 1, 1, 1, 1, 1, 1, 1, 1, 1, 1, 1, 1, 1, 1, 1, 1, 1, 1, 1, 1, 1, 1, 1, 1, 1, 1, 1, 1, 1, 1, 1, 1, 1, 1, 1, 1, 1, 1, 1, 1, 1, 1, 1, 1, 1, 1, 1, 1], [1, 1, 1, 1, 1, 1, 1, 1, 1, 1, 1, 1, 1, 1, 1, 1, 1, 1, 1, 1, 1, 1, 1, 1, 1, 1, 1, 1, 1, 1, 1, 1, 1, 1, 1, 1, 1, 1, 1, 1, 1, 1, 1, 1, 1, 1, 1, 1, 1, 1]]

means=tensor([1.2717e-04, 8.0813e-05, 6.4262e-04, 6.3613e-04, 2.3450e-04, 2.8586e-04,
        6.7466e-04, 5.8272e-04, 4.6406e-04, 4.5388e-04, 1.1058e-04, 2.3381e-05,
        1.6307e-05, 8.1315e-05, 2.1137e-04, 2.7459e-04, 4.3330e-05, 2.1278e-04,
        3.3936e-05, 1.2970e-04, 2.3042e-05, 1.1219e-05, 1.8388e-04, 3.7112e-05,
        3.7939e-05, 5.6965e-05, 3.2636e-05, 1.1224e-04, 3.0500e-06, 5.4342e-05,
        1.8637e-04, 9.3134e-05, 1.4394e-04, 1.2798e-04, 1.1221e-04, 1.7456e-04,
        1.0015e-04, 1.6977e-05, 2.8919e-04, 2.0786e-06, 1.8520e-04, 1.1221e-04,
        9.0805e-05, 1.2537e-04, 6.2903e-05, 1.2144e-05, 2.5931e-04, 6.9099e-05,
        2.1342e-04, 1.5681e-04, 1.5000e-05, 3.3913e-04, 1.5028e-04, 7.8599e-05,
        1.4211e-04, 1.0039e-05, 1.2522e-04, 3.5984e-06, 7.9324e-06, 1.7522e-04,
        1.2839e-04, 8.0497e-05, 1.7899e-04, 2.8373e-05, 1.2161e-04, 1.2165e-04,
        1.3035e-04, 6.3106e-05, 2.2315e-04, 5.9370e-05, 2.7263e-05, 1.9765e-06,
        3.4088e-05, 1.9597e-04, 8.4166e-05, 2.3675e-04, 1.0523e-05, 8.6003e-05,
        6.2350e-05, 6.3018e-05, 2.0878e-05, 1.3519e-04, 8.6525e-05, 5.0209e-05,
        2.4411e-05, 7.4620e-05, 2.7850e-05, 1.6160e-05, 6.6207e-05, 1.8177e-04,
        2.5177e-04, 2.2422e-04, 1.3126e-04, 1.9182e-04, 5.0251e-05, 2.5499e-05,
        4.2546e-05, 9.5159e-05, 7.1371e-05, 1.4045e-04, 2.0331e-05, 5.6954e-05,
        1.8258e-05, 5.8680e-05, 2.1145e-04, 5.7650e-05, 6.1753e-05, 1.5194e-04,
        8.8791e-05, 3.9405e-05, 4.8289e-05, 1.0611e-04, 1.2070e-04],
       grad_fn=<CatBackward>)

mean_overall=tensor(0.0001, grad_fn=<MeanBackward0>)

-----------------------------------------------ITERATION320-----------------------------------------------

final_causality=[[1, 1, 1, 1, 1, 1, 1, 1, 1, 1, 1, 1, 1], [1, 1, 1, 1, 1, 1, 1, 1, 1, 1, 1, 1, 1, 1, 1, 1, 1, 1, 1, 1, 1, 1, 1, 1, 1, 1, 1, 1, 1, 1, 1, 1, 1, 1, 1, 1, 1, 1, 1, 1, 1, 1, 1, 1, 1, 1, 1, 1, 1, 1], [1, 1, 1, 1, 1, 1, 1, 1, 1, 1, 1, 1, 1, 1, 1, 1, 1, 1, 1, 1, 1, 1, 1, 1, 1, 1, 1, 1, 1, 1, 1, 1, 1, 1, 1, 1, 1, 1, 1, 1, 1, 1, 1, 1, 1, 1, 1, 1, 1, 1]]

means=tensor([1.3056e-04, 6.7588e-05, 6.6074e-04, 6.6678e-04, 2.4406e-04, 2.8963e-04,
        6.8624e-04, 5.9935e-04, 4.8736e-04, 4.7459e-04, 1.1804e-04, 2.3216e-05,
        1.3407e-05, 8.2597e-05, 2.1481e-04, 2.7870e-04, 4.4116e-05, 2.1552e-04,
        3.3478e-05, 1.3269e-04, 2.3404e-05, 1.1369e-05, 1.8804e-04, 3.6278e-05,
        3.8819e-05, 5.8836e-05, 3.0776e-05, 1.1379e-04, 3.0201e-06, 5.5565e-05,
        1.8495e-04, 9.0943e-05, 1.4607e-04, 1.2473e-04, 1.1422e-04, 1.7738e-04,
        1.0200e-04, 1.6630e-05, 2.9194e-04, 1.8530e-06, 1.8697e-04, 1.1324e-04,
        9.2935e-05, 1.2775e-04, 6.1711e-05, 1.1917e-05, 2.6208e-04, 6.8549e-05,
        2.1585e-04, 1.5979e-04, 1.5289e-05, 3.4387e-04, 1.5468e-04, 7.6924e-05,
        1.4386e-04, 9.8820e-06, 1.2491e-04, 3.7193e-06, 7.6921e-06, 1.8100e-04,
        1.2941e-04, 8.0896e-05, 1.8080e-04, 2.8809e-05, 1.2571e-04, 1.2400e-04,
        1.3088e-04, 6.2789e-05, 2.2830e-04, 5.8365e-05, 2.6926e-05, 1.9635e-06,
        3.3477e-05, 2.0148e-04, 8.6646e-05, 2.4235e-04, 1.1056e-05, 8.9399e-05,
        6.1823e-05, 6.4202e-05, 2.0377e-05, 1.4082e-04, 8.8899e-05, 4.9711e-05,
        2.5228e-05, 7.7173e-05, 2.8748e-05, 1.7060e-05, 6.6466e-05, 1.8564e-04,
        2.5855e-04, 2.2998e-04, 1.3211e-04, 1.9346e-04, 5.1658e-05, 2.6037e-05,
        4.2617e-05, 9.6056e-05, 7.7482e-05, 1.4478e-04, 2.0301e-05, 5.5698e-05,
        1.8521e-05, 5.8506e-05, 2.1601e-04, 5.9958e-05, 6.0903e-05, 1.5388e-04,
        8.9710e-05, 3.9475e-05, 4.9141e-05, 1.0891e-04, 1.2491e-04],
       grad_fn=<CatBackward>)

mean_overall=tensor(0.0001, grad_fn=<MeanBackward0>)

-----------------------------------------------ITERATION330-----------------------------------------------

final_causality=[[1, 1, 1, 1, 1, 1, 1, 1, 1, 1, 1, 1, 1], [1, 1, 1, 1, 1, 1, 1, 1, 1, 1, 1, 1, 1, 1, 1, 1, 1, 1, 1, 1, 1, 1, 1, 1, 1, 1, 1, 1, 1, 1, 1, 1, 1, 1, 1, 1, 1, 1, 1, 1, 1, 1, 1, 1, 1, 1, 1, 1, 1, 1], [1, 1, 1, 1, 1, 1, 1, 1, 1, 1, 1, 1, 1, 1, 1, 1, 1, 1, 1, 1, 1, 1, 1, 1, 1, 1, 1, 1, 1, 1, 1, 1, 1, 1, 1, 1, 1, 1, 1, 1, 1, 1, 1, 1, 1, 1, 1, 1, 1, 1]]

means=tensor([1.3398e-04, 5.4369e-05, 6.7909e-04, 6.9763e-04, 2.5377e-04, 2.9354e-04,
        6.9793e-04, 6.1628e-04, 5.1089e-04, 4.9550e-04, 1.2579e-04, 2.3041e-05,
        1.0421e-05, 8.3916e-05, 2.1825e-04, 2.8284e-04, 4.4916e-05, 2.1828e-04,
        3.3037e-05, 1.3571e-04, 2.3768e-05, 1.1535e-05, 1.9227e-04, 3.5464e-05,
        3.9723e-05, 6.0768e-05, 2.8967e-05, 1.1535e-04, 3.0022e-06, 5.6834e-05,
        1.8500e-04, 8.8839e-05, 1.4825e-04, 1.2154e-04, 1.1630e-04, 1.8024e-04,
        1.0386e-04, 1.6289e-05, 2.9500e-04, 1.6198e-06, 1.8871e-04, 1.1429e-04,
        9.5103e-05, 1.3019e-04, 6.0551e-05, 1.1688e-05, 2.6484e-04, 6.8016e-05,
        2.1829e-04, 1.6277e-04, 1.5616e-05, 3.4865e-04, 1.5917e-04, 7.5302e-05,
        1.4562e-04, 9.7186e-06, 1.2460e-04, 3.8358e-06, 7.4567e-06, 1.8694e-04,
        1.3044e-04, 8.1290e-05, 1.8259e-04, 2.9255e-05, 1.2985e-04, 1.2638e-04,
        1.3142e-04, 6.2460e-05, 2.3348e-04, 5.7387e-05, 2.6578e-05, 1.9489e-06,
        3.2865e-05, 2.0698e-04, 8.9505e-05, 2.4798e-04, 1.1595e-05, 9.2814e-05,
        6.1281e-05, 6.5403e-05, 2.0079e-05, 1.4645e-04, 9.1287e-05, 4.9203e-05,
        2.6048e-05, 8.0211e-05, 2.9657e-05, 1.8087e-05, 6.6762e-05, 1.8952e-04,
        2.6534e-04, 2.3576e-04, 1.3300e-04, 1.9517e-04, 5.3074e-05, 2.6587e-05,
        4.2687e-05, 9.6961e-05, 8.3596e-05, 1.4912e-04, 2.0271e-05, 5.4465e-05,
        1.8789e-05, 5.8336e-05, 2.2057e-04, 6.2292e-05, 6.0052e-05, 1.5583e-04,
        9.1630e-05, 3.9540e-05, 5.0000e-05, 1.1233e-04, 1.2916e-04],
       grad_fn=<CatBackward>)

mean_overall=tensor(0.0001, grad_fn=<MeanBackward0>)

-----------------------------------------------ITERATION340-----------------------------------------------

final_causality=[[1, 1, 1, 1, 1, 1, 1, 1, 1, 1, 1, 1, 1], [1, 1, 1, 1, 1, 1, 1, 1, 1, 1, 1, 1, 1, 1, 1, 1, 1, 1, 1, 1, 1, 1, 1, 1, 1, 1, 1, 1, 1, 1, 1, 1, 1, 1, 1, 1, 1, 1, 1, 1, 1, 1, 1, 1, 1, 1, 1, 1, 1, 1], [1, 1, 1, 1, 1, 1, 1, 1, 1, 1, 1, 1, 1, 1, 1, 1, 1, 1, 1, 1, 1, 1, 1, 1, 1, 1, 1, 1, 1, 1, 1, 1, 1, 1, 1, 1, 1, 1, 1, 1, 1, 1, 1, 1, 1, 1, 1, 1, 1, 1]]

means=tensor([1.3744e-04, 4.1165e-05, 6.9766e-04, 7.2868e-04, 2.6360e-04, 2.9760e-04,
        7.0971e-04, 6.3352e-04, 5.3464e-04, 5.1662e-04, 1.3387e-04, 2.2856e-05,
        7.3456e-06, 8.5270e-05, 2.2169e-04, 2.8700e-04, 4.5731e-05, 2.2104e-04,
        3.2614e-05, 1.3876e-04, 2.4132e-05, 1.1717e-05, 1.9660e-04, 3.4670e-05,
        4.0650e-05, 6.2763e-05, 2.7208e-05, 1.1693e-04, 2.9966e-06, 5.8152e-05,
        1.8507e-04, 8.6822e-05, 1.5049e-04, 1.1840e-04, 1.1846e-04, 1.8314e-04,
        1.0641e-04, 1.5956e-05, 2.9804e-04, 1.3789e-06, 1.9042e-04, 1.1537e-04,
        9.7310e-05, 1.3270e-04, 5.9423e-05, 1.1456e-05, 2.6760e-04, 6.7501e-05,
        2.2072e-04, 1.6575e-04, 1.5956e-05, 3.5352e-04, 1.6376e-04, 7.3732e-05,
        1.4739e-04, 9.5486e-06, 1.2429e-04, 3.9477e-06, 7.2262e-06, 1.9302e-04,
        1.3148e-04, 8.1681e-05, 1.8437e-04, 2.9711e-05, 1.3475e-04, 1.2876e-04,
        1.3198e-04, 6.2118e-05, 2.4005e-04, 5.6435e-05, 2.6218e-05, 1.9329e-06,
        3.2255e-05, 2.1245e-04, 9.2360e-05, 2.5365e-04, 1.2140e-05, 9.6248e-05,
        6.0724e-05, 6.6622e-05, 1.9777e-05, 1.5206e-04, 9.3689e-05, 4.8688e-05,
        2.6870e-05, 8.3242e-05, 3.0575e-05, 1.9111e-05, 6.7097e-05, 1.9340e-04,
        2.7213e-04, 2.4157e-04, 1.3393e-04, 1.9696e-04, 5.4497e-05, 2.7150e-05,
        4.2754e-05, 9.7876e-05, 8.9713e-05, 1.5346e-04, 2.0240e-05, 5.4136e-05,
        1.9061e-05, 5.8168e-05, 2.2514e-04, 6.4653e-05, 5.9199e-05, 1.5781e-04,
        9.3736e-05, 3.9601e-05, 5.0864e-05, 1.1581e-04, 1.3345e-04],
       grad_fn=<CatBackward>)

mean_overall=tensor(0.0001, grad_fn=<MeanBackward0>)

-----------------------------------------------ITERATION350-----------------------------------------------

final_causality=[[1, 1, 1, 1, 1, 1, 1, 1, 1, 1, 1, 1, 1], [1, 1, 1, 1, 1, 1, 1, 1, 1, 1, 1, 1, 1, 1, 1, 1, 1, 1, 1, 1, 1, 1, 1, 1, 1, 1, 1, 1, 1, 1, 1, 1, 1, 1, 1, 1, 1, 1, 1, 1, 1, 1, 1, 1, 1, 1, 1, 1, 1, 1], [1, 1, 1, 1, 1, 1, 1, 1, 1, 1, 1, 1, 1, 1, 1, 1, 1, 1, 1, 1, 1, 1, 1, 1, 1, 1, 1, 1, 1, 1, 1, 1, 1, 1, 1, 1, 1, 1, 1, 1, 1, 1, 1, 1, 1, 1, 1, 1, 1, 1]]

means=tensor([1.4093e-04, 2.7988e-05, 7.1647e-04, 7.5994e-04, 2.7358e-04, 3.0179e-04,
        7.2159e-04, 6.5106e-04, 5.5863e-04, 5.3794e-04, 1.4226e-04, 2.2659e-05,
        4.1775e-06, 8.6662e-05, 2.2512e-04, 2.9119e-04, 4.6559e-05, 2.2381e-04,
        3.2209e-05, 1.4184e-04, 2.4497e-05, 1.1914e-05, 2.0100e-04, 3.3896e-05,
        4.1603e-05, 6.4821e-05, 2.5497e-05, 1.1852e-04, 3.0035e-06, 5.9520e-05,
        1.8516e-04, 8.4892e-05, 1.5278e-04, 1.1531e-04, 1.2070e-04, 1.8607e-04,
        1.0930e-04, 1.5629e-05, 3.0107e-04, 1.1302e-06, 1.9210e-04, 1.1648e-04,
        9.9557e-05, 1.3527e-04, 5.8327e-05, 1.1221e-05, 2.7034e-04, 6.7003e-05,
        2.2316e-04, 1.6872e-04, 1.6309e-05, 3.5945e-04, 1.6844e-04, 7.2216e-05,
        1.4970e-04, 9.3717e-06, 1.2398e-04, 4.0549e-06, 7.0006e-06, 1.9926e-04,
        1.3253e-04, 8.2068e-05, 1.8612e-04, 3.0176e-05, 1.4028e-04, 1.3116e-04,
        1.3255e-04, 6.1762e-05, 2.4690e-04, 5.5512e-05, 2.5845e-05, 1.9153e-06,
        3.1646e-05, 2.1791e-04, 9.5210e-05, 2.5936e-04, 1.2690e-05, 9.9699e-05,
        6.0152e-05, 6.7857e-05, 2.0040e-05, 1.5767e-04, 9.6105e-05, 4.8163e-05,
        2.7695e-05, 8.6268e-05, 3.1500e-05, 2.0134e-05, 6.7470e-05, 1.9728e-04,
        2.7893e-04, 2.4741e-04, 1.3489e-04, 1.9881e-04, 5.5929e-05, 2.7725e-05,
        4.2820e-05, 9.9547e-05, 9.5830e-05, 1.5781e-04, 2.0208e-05, 5.4202e-05,
        1.9338e-05, 5.8003e-05, 2.2972e-04, 6.7040e-05, 5.8344e-05, 1.5981e-04,
        9.5869e-05, 3.9656e-05, 5.1734e-05, 1.1931e-04, 1.3777e-04],
       grad_fn=<CatBackward>)

mean_overall=tensor(0.0001, grad_fn=<MeanBackward0>)

-----------------------------------------------ITERATION360-----------------------------------------------

final_causality=[[1, 1, 1, 1, 1, 1, 1, 1, 1, 1, 1, 1, 1], [1, 1, 1, 1, 1, 1, 1, 1, 1, 1, 1, 1, 1, 1, 1, 1, 1, 1, 1, 1, 1, 1, 1, 1, 1, 1, 1, 1, 1, 1, 1, 1, 1, 1, 1, 1, 1, 1, 1, 1, 1, 1, 1, 1, 1, 1, 1, 1, 1, 1], [1, 1, 1, 1, 1, 1, 1, 1, 1, 1, 1, 1, 1, 1, 1, 1, 1, 1, 1, 1, 1, 1, 1, 1, 1, 1, 1, 1, 1, 1, 1, 1, 1, 1, 1, 1, 1, 1, 1, 1, 1, 1, 1, 1, 1, 1, 1, 1, 1, 1]]

means=tensor([1.4447e-04, 1.4848e-05, 7.3551e-04, 7.9140e-04, 2.8368e-04, 3.0614e-04,
        7.3356e-04, 6.6892e-04, 5.8284e-04, 5.5947e-04, 1.5099e-04, 2.2451e-05,
        9.1406e-07, 8.8090e-05, 2.2856e-04, 2.9541e-04, 4.7401e-05, 2.2660e-04,
        3.1822e-05, 1.4495e-04, 2.4862e-05, 1.2128e-05, 2.0549e-04, 3.3143e-05,
        4.2580e-05, 6.6943e-05, 2.3834e-05, 1.2013e-04, 3.0230e-06, 6.0940e-05,
        1.8526e-04, 8.3049e-05, 1.5513e-04, 1.1229e-04, 1.2301e-04, 1.8904e-04,
        1.1223e-04, 1.5309e-05, 3.0409e-04, 8.7380e-07, 1.9375e-04, 1.1761e-04,
        1.0184e-04, 1.3790e-04, 5.7262e-05, 1.0984e-05, 2.7307e-04, 6.6524e-05,
        2.2560e-04, 1.7169e-04, 1.6675e-05, 3.6542e-04, 1.7321e-04, 7.0752e-05,
        1.5207e-04, 9.1879e-06, 1.2368e-04, 4.1574e-06, 6.7798e-06, 2.0564e-04,
        1.3360e-04, 8.2450e-05, 1.8786e-04, 3.0652e-05, 1.4586e-04, 1.3358e-04,
        1.3313e-04, 6.1393e-05, 2.5379e-04, 5.4620e-05, 2.5459e-05, 1.8962e-06,
        3.1038e-05, 2.2335e-04, 9.8054e-05, 2.6510e-04, 1.3247e-05, 1.0317e-04,
        5.9682e-05, 6.9111e-05, 2.0469e-05, 1.6326e-04, 9.8653e-05, 4.7629e-05,
        2.8521e-05, 8.9287e-05, 3.2434e-05, 2.1153e-05, 6.7885e-05, 2.0115e-04,
        2.8572e-04, 2.5326e-04, 1.3588e-04, 2.0074e-04, 5.7369e-05, 2.8313e-05,
        4.2883e-05, 1.0159e-04, 1.0194e-04, 1.6217e-04, 2.0175e-05, 5.4261e-05,
        1.9619e-05, 5.7842e-05, 2.3429e-04, 6.9453e-05, 5.7487e-05, 1.6183e-04,
        9.8029e-05, 3.9706e-05, 5.2608e-05, 1.2281e-04, 1.4213e-04],
       grad_fn=<CatBackward>)

mean_overall=tensor(0.0001, grad_fn=<MeanBackward0>)

-----------------------------------------------ITERATION370-----------------------------------------------

final_causality=[[1, 1, 1, 1, 1, 1, 1, 1, 1, 1, 1, 1, 1], [1, 1, 1, 1, 1, 1, 1, 1, 1, 1, 1, 1, 1, 1, 1, 1, 1, 1, 1, 1, 1, 1, 1, 1, 1, 1, 1, 1, 1, 1, 1, 1, 1, 1, 1, 1, 1, 1, 1, 1, 1, 1, 1, 1, 1, 1, 1, 1, 1, 1], [1, 1, 1, 1, 1, 1, 1, 1, 1, 1, 1, 1, 1, 1, 1, 1, 1, 1, 1, 1, 1, 1, 1, 1, 1, 1, 1, 1, 1, 1, 1, 1, 1, 1, 1, 1, 1, 1, 1, 1, 1, 1, 1, 1, 1, 1, 1, 1, 1, 1]]

means=tensor([1.4804e-04, 1.7569e-06, 7.5479e-04, 8.2306e-04, 2.9392e-04, 3.1064e-04,
        7.4562e-04, 6.8709e-04, 6.0728e-04, 5.8120e-04, 1.6005e-04, 2.2232e-05,
        6.6074e-07, 8.9556e-05, 2.3199e-04, 2.9964e-04, 4.8256e-05, 2.2939e-04,
        3.1455e-05, 1.4809e-04, 2.5227e-05, 1.2358e-05, 2.1067e-04, 3.2411e-05,
        4.3581e-05, 6.9129e-05, 2.2216e-05, 1.2175e-04, 3.0553e-06, 6.2413e-05,
        1.8537e-04, 8.1291e-05, 1.5752e-04, 1.0932e-04, 1.2539e-04, 1.9205e-04,
        1.1520e-04, 1.4996e-05, 3.0708e-04, 6.0963e-07, 1.9536e-04, 1.1877e-04,
        1.0417e-04, 1.4060e-04, 5.6228e-05, 1.0744e-05, 2.7579e-04, 6.6062e-05,
        2.2803e-04, 1.7465e-04, 1.7054e-05, 3.7141e-04, 1.7808e-04, 6.9339e-05,
        1.5447e-04, 8.9969e-06, 1.2337e-04, 4.2549e-06, 6.5639e-06, 2.1217e-04,
        1.3468e-04, 8.2828e-05, 1.8958e-04, 3.1137e-05, 1.5148e-04, 1.3601e-04,
        1.3373e-04, 6.1010e-05, 2.6073e-04, 5.3758e-05, 2.5061e-05, 1.8756e-06,
        3.0432e-05, 2.2876e-04, 1.0089e-04, 2.7088e-04, 1.3810e-05, 1.0665e-04,
        5.9401e-05, 7.0382e-05, 2.0891e-05, 1.6883e-04, 1.0126e-04, 4.7086e-05,
        2.9350e-05, 9.2299e-05, 3.3376e-05, 2.2170e-05, 6.8340e-05, 2.0503e-04,
        2.9251e-04, 2.5913e-04, 1.3691e-04, 2.0274e-04, 5.8816e-05, 2.8914e-05,
        4.2944e-05, 1.0365e-04, 1.0805e-04, 1.6653e-04, 2.0140e-05, 5.4314e-05,
        1.9905e-05, 5.7685e-05, 2.3887e-04, 7.1892e-05, 5.6630e-05, 1.6387e-04,
        1.0022e-04, 3.9750e-05, 5.3489e-05, 1.2632e-04, 1.4653e-04],
       grad_fn=<CatBackward>)

mean_overall=tensor(0.0001, grad_fn=<MeanBackward0>)

-----------------------------------------------ITERATION380-----------------------------------------------

final_causality=[[1, 1, 1, 1, 1, 1, 1, 1, 1, 1, 1, 1, 1], [1, 1, 1, 1, 1, 1, 1, 1, 1, 1, 1, 1, 1, 1, 1, 1, 1, 1, 1, 1, 1, 1, 1, 1, 1, 1, 1, 1, 1, 1, 1, 1, 1, 1, 1, 1, 1, 1, 1, 1, 1, 1, 1, 1, 1, 1, 1, 1, 1, 1], [1, 1, 1, 1, 1, 1, 1, 1, 1, 1, 1, 1, 1, 1, 1, 1, 1, 1, 1, 1, 1, 1, 1, 1, 1, 1, 1, 1, 1, 1, 1, 1, 1, 1, 1, 1, 1, 1, 1, 1, 1, 1, 1, 1, 1, 1, 1, 1, 1, 1]]

means=tensor([1.5165e-04, 1.1274e-05, 7.7430e-04, 8.5494e-04, 3.0429e-04, 3.1530e-04,
        7.5776e-04, 7.0557e-04, 6.3195e-04, 6.0314e-04, 1.6947e-04, 2.2000e-05,
        4.0875e-06, 9.1058e-05, 2.3541e-04, 3.0389e-04, 4.9123e-05, 2.3218e-04,
        3.1107e-05, 1.5126e-04, 2.5593e-05, 1.2604e-05, 2.1605e-04, 3.1701e-05,
        4.4607e-05, 7.1379e-05, 2.0642e-05, 1.2338e-04, 3.1006e-06, 6.3941e-05,
        1.8551e-04, 7.9618e-05, 1.5997e-04, 1.0641e-04, 1.2786e-04, 1.9509e-04,
        1.1820e-04, 1.4691e-05, 3.1006e-04, 3.3771e-07, 1.9694e-04, 1.1996e-04,
        1.0654e-04, 1.4336e-04, 5.5225e-05, 1.0502e-05, 2.7850e-04, 6.5619e-05,
        2.3046e-04, 1.7760e-04, 1.7446e-05, 3.7743e-04, 1.8304e-04, 6.7978e-05,
        1.5688e-04, 8.7987e-06, 1.2307e-04, 4.3475e-06, 6.3528e-06, 2.1884e-04,
        1.3577e-04, 8.3202e-05, 1.9127e-04, 3.1633e-05, 1.5715e-04, 1.3846e-04,
        1.3434e-04, 6.0614e-05, 2.6771e-04, 5.2929e-05, 2.4648e-05, 1.8534e-06,
        2.9827e-05, 2.3414e-04, 1.0372e-04, 2.7669e-04, 1.4379e-05, 1.1016e-04,
        5.9108e-05, 7.1670e-05, 2.1308e-05, 1.7439e-04, 1.0388e-04, 4.6533e-05,
        3.0180e-05, 9.5303e-05, 3.4327e-05, 2.3183e-05, 6.8838e-05, 2.0889e-04,
        2.9929e-04, 2.6502e-04, 1.3798e-04, 2.0482e-04, 6.0271e-05, 2.9528e-05,
        4.3002e-05, 1.0574e-04, 1.1416e-04, 1.7089e-04, 2.0104e-05, 5.4360e-05,
        2.0197e-05, 5.7531e-05, 2.4345e-04, 7.4356e-05, 5.5771e-05, 1.6592e-04,
        1.0243e-04, 3.9787e-05, 5.4374e-05, 1.2985e-04, 1.5095e-04],
       grad_fn=<CatBackward>)

mean_overall=tensor(0.0001, grad_fn=<MeanBackward0>)

-----------------------------------------------ITERATION390-----------------------------------------------

final_causality=[[1, 1, 1, 1, 1, 1, 1, 1, 1, 1, 1, 1, 1], [1, 1, 1, 1, 1, 1, 1, 1, 1, 1, 1, 1, 1, 1, 1, 1, 1, 1, 1, 1, 1, 1, 1, 1, 1, 1, 1, 1, 1, 1, 1, 1, 1, 1, 1, 1, 1, 1, 1, 1, 1, 1, 1, 1, 1, 1, 1, 1, 1, 1], [1, 1, 1, 1, 1, 1, 1, 1, 1, 1, 1, 1, 1, 1, 1, 1, 1, 1, 1, 1, 1, 1, 1, 1, 1, 1, 1, 1, 1, 1, 1, 1, 1, 1, 1, 1, 1, 1, 1, 1, 1, 1, 1, 1, 1, 1, 1, 1, 1, 1]]

means=tensor([1.5530e-04, 8.2320e-06, 7.9405e-04, 8.8701e-04, 3.1480e-04, 3.2011e-04,
        7.6998e-04, 7.2437e-04, 6.5685e-04, 6.2529e-04, 1.7924e-04, 2.1755e-05,
        7.6181e-06, 9.2597e-05, 2.3881e-04, 3.0816e-04, 5.0003e-05, 2.3498e-04,
        3.0778e-05, 1.5446e-04, 2.5958e-05, 1.2866e-05, 2.2150e-04, 3.1011e-05,
        4.5658e-05, 7.3694e-05, 1.9109e-05, 1.2503e-04, 3.1590e-06, 6.5525e-05,
        1.8566e-04, 7.8028e-05, 1.6247e-04, 1.0355e-04, 1.3040e-04, 1.9853e-04,
        1.2125e-04, 1.4393e-05, 3.1303e-04, 5.8045e-08, 1.9848e-04, 1.2118e-04,
        1.0895e-04, 1.4619e-04, 5.4251e-05, 1.0258e-05, 2.8119e-04, 6.5194e-05,
        2.3289e-04, 1.8055e-04, 1.7852e-05, 3.8347e-04, 1.8809e-04, 6.6667e-05,
        1.5932e-04, 8.5931e-06, 1.2276e-04, 4.4351e-06, 6.1464e-06, 2.2567e-04,
        1.3687e-04, 8.3571e-05, 1.9295e-04, 3.2138e-05, 1.6286e-04, 1.4091e-04,
        1.3496e-04, 6.0203e-05, 2.7473e-04, 5.2133e-05, 2.4222e-05, 1.8298e-06,
        2.9224e-05, 2.3950e-04, 1.0654e-04, 2.8253e-04, 1.4955e-05, 1.1367e-04,
        5.8805e-05, 7.2976e-05, 2.1719e-05, 1.7992e-04, 1.0652e-04, 4.5971e-05,
        3.1012e-05, 9.8301e-05, 3.5285e-05, 2.4193e-05, 6.9380e-05, 2.1276e-04,
        3.0606e-04, 2.7092e-04, 1.3909e-04, 2.0696e-04, 6.1733e-05, 3.0157e-05,
        4.3057e-05, 1.0785e-04, 1.2025e-04, 1.7526e-04, 2.0067e-05, 5.4398e-05,
        2.0493e-05, 5.7382e-05, 2.4802e-04, 7.6844e-05, 5.4912e-05, 1.6799e-04,
        1.0467e-04, 3.9819e-05, 5.5264e-05, 1.3338e-04, 1.5541e-04],
       grad_fn=<CatBackward>)

mean_overall=tensor(0.0001, grad_fn=<MeanBackward0>)

-----------------------------------------------ITERATION400-----------------------------------------------

final_causality=[[1, 1, 1, 1, 1, 1, 1, 1, 1, 1, 1, 1, 1], [1, 1, 1, 1, 1, 1, 1, 1, 1, 1, 1, 1, 1, 1, 1, 1, 1, 1, 1, 1, 1, 1, 1, 1, 1, 1, 1, 1, 1, 1, 1, 1, 1, 1, 1, 1, 1, 1, 1, 1, 1, 1, 1, 1, 1, 1, 1, 1, 1, 1], [1, 1, 1, 1, 1, 1, 1, 1, 1, 1, 1, 1, 1, 1, 1, 1, 1, 1, 1, 1, 1, 1, 1, 1, 1, 1, 1, 1, 1, 1, 1, 1, 1, 1, 1, 1, 1, 1, 1, 1, 1, 1, 1, 1, 1, 1, 1, 1, 1, 1]]

means=tensor([1.5899e-04, 4.5301e-06, 8.1403e-04, 9.1929e-04, 3.2544e-04, 3.2509e-04,
        7.8229e-04, 7.4349e-04, 6.8198e-04, 6.4764e-04, 1.8938e-04, 2.1497e-05,
        1.1256e-05, 9.4173e-05, 2.4221e-04, 3.1243e-04, 5.0895e-05, 2.3778e-04,
        3.0469e-05, 1.5769e-04, 2.6323e-05, 1.3144e-05, 2.2703e-04, 3.0344e-05,
        4.6735e-05, 7.6073e-05, 1.7616e-05, 1.2669e-04, 3.2307e-06, 6.7469e-05,
        1.8582e-04, 7.6522e-05, 1.6501e-04, 1.0075e-04, 1.3303e-04, 2.0224e-04,
        1.2433e-04, 1.4102e-05, 3.1597e-04, 2.2935e-07, 1.9998e-04, 1.2242e-04,
        1.1140e-04, 1.4908e-04, 5.3308e-05, 1.0012e-05, 2.8386e-04, 6.4788e-05,
        2.3531e-04, 1.8348e-04, 1.8272e-05, 3.8953e-04, 1.9323e-04, 6.5407e-05,
        1.6176e-04, 8.3799e-06, 1.2246e-04, 4.5177e-06, 5.9448e-06, 2.3264e-04,
        1.3799e-04, 8.3935e-05, 1.9460e-04, 3.2653e-05, 1.6862e-04, 1.4339e-04,
        1.3570e-04, 5.9777e-05, 2.8179e-04, 5.1372e-05, 2.3795e-05, 1.8046e-06,
        2.8623e-05, 2.4483e-04, 1.0934e-04, 2.8841e-04, 1.5537e-05, 1.1721e-04,
        5.8491e-05, 7.4299e-05, 2.2124e-05, 1.8544e-04, 1.0916e-04, 4.5399e-05,
        3.1845e-05, 1.0129e-04, 3.6252e-05, 2.5198e-05, 6.9965e-05, 2.1661e-04,
        3.1282e-04, 2.7684e-04, 1.4023e-04, 2.0918e-04, 6.3203e-05, 3.0799e-05,
        4.3108e-05, 1.0998e-04, 1.2633e-04, 1.7964e-04, 2.0028e-05, 5.4429e-05,
        2.0794e-05, 5.7236e-05, 2.5259e-04, 7.9358e-05, 5.4052e-05, 1.7008e-04,
        1.0694e-04, 3.9844e-05, 5.6159e-05, 1.3692e-04, 1.5990e-04],
       grad_fn=<CatBackward>)

mean_overall=tensor(0.0002, grad_fn=<MeanBackward0>)

-----------------------------------------------ITERATION410-----------------------------------------------

final_causality=[[1, 1, 1, 1, 1, 1, 1, 1, 1, 1, 1, 1, 1], [1, 1, 1, 1, 1, 1, 1, 1, 1, 1, 1, 1, 1, 1, 1, 1, 1, 1, 1, 1, 1, 1, 1, 1, 1, 1, 1, 1, 1, 1, 1, 1, 1, 1, 1, 1, 1, 1, 1, 1, 1, 1, 1, 1, 1, 1, 1, 1, 1, 1], [1, 1, 1, 1, 1, 1, 1, 1, 1, 1, 1, 1, 1, 1, 1, 1, 1, 1, 1, 1, 1, 1, 1, 1, 1, 1, 1, 1, 1, 1, 1, 1, 1, 1, 1, 1, 1, 1, 1, 1, 1, 1, 1, 1, 1, 1, 1, 1, 1, 1]]

means=tensor([1.6272e-04, 1.7185e-05, 8.3425e-04, 9.5178e-04, 3.3621e-04, 3.3024e-04,
        7.9466e-04, 7.6293e-04, 7.0734e-04, 6.7020e-04, 1.9990e-04, 2.1225e-05,
        1.5004e-05, 9.5785e-05, 2.4559e-04, 3.1672e-04, 5.1799e-05, 2.4058e-04,
        3.0179e-05, 1.6094e-04, 2.6688e-05, 1.3437e-05, 2.3263e-04, 2.9698e-05,
        4.7836e-05, 7.8516e-05, 1.6160e-05, 1.2836e-04, 3.3156e-06, 6.9620e-05,
        1.8601e-04, 7.5097e-05, 1.6761e-04, 9.8013e-05, 1.3573e-04, 2.0598e-04,
        1.2745e-04, 1.3818e-05, 3.1889e-04, 1.5152e-07, 2.0145e-04, 1.2368e-04,
        1.1390e-04, 1.5203e-04, 5.2394e-05, 9.7635e-06, 2.8652e-04, 6.4399e-05,
        2.3772e-04, 1.8640e-04, 1.8706e-05, 3.9559e-04, 1.9846e-04, 6.4195e-05,
        1.6423e-04, 8.1590e-06, 1.2216e-04, 4.5951e-06, 5.7595e-06, 2.3975e-04,
        1.3911e-04, 8.4305e-05, 1.9623e-04, 3.3178e-05, 1.7441e-04, 1.4587e-04,
        1.3670e-04, 5.9338e-05, 2.8889e-04, 5.0647e-05, 2.3406e-05, 1.7780e-06,
        2.8025e-05, 2.5013e-04, 1.1214e-04, 2.9432e-04, 1.6125e-05, 1.2076e-04,
        5.8164e-05, 7.5639e-05, 2.2523e-05, 1.9093e-04, 1.1182e-04, 4.4818e-05,
        3.2679e-05, 1.0427e-04, 3.7228e-05, 2.6200e-05, 7.0594e-05, 2.2047e-04,
        3.1957e-04, 2.8276e-04, 1.4141e-04, 2.1147e-04, 6.4679e-05, 3.1457e-05,
        4.3156e-05, 1.1214e-04, 1.3241e-04, 1.8402e-04, 1.9988e-05, 5.4452e-05,
        2.1100e-05, 5.7668e-05, 2.5715e-04, 8.1896e-05, 5.3222e-05, 1.7219e-04,
        1.0923e-04, 3.9863e-05, 5.7059e-05, 1.4047e-04, 1.6443e-04],
       grad_fn=<CatBackward>)

mean_overall=tensor(0.0002, grad_fn=<MeanBackward0>)

-----------------------------------------------ITERATION420-----------------------------------------------

final_causality=[[1, 1, 1, 1, 1, 1, 1, 1, 1, 1, 1, 1, 1], [1, 1, 1, 1, 1, 1, 1, 1, 1, 1, 1, 1, 1, 1, 1, 1, 1, 1, 1, 1, 1, 1, 1, 1, 1, 1, 1, 1, 1, 1, 1, 1, 1, 1, 1, 1, 1, 1, 1, 1, 1, 1, 1, 1, 1, 1, 1, 1, 1, 1], [1, 1, 1, 1, 1, 1, 1, 1, 1, 1, 1, 1, 1, 1, 1, 1, 1, 1, 1, 1, 1, 1, 1, 1, 1, 1, 1, 1, 1, 1, 1, 1, 1, 1, 1, 1, 1, 1, 1, 1, 1, 1, 1, 1, 1, 1, 1, 1, 1, 1]]

means=tensor([1.6650e-04, 2.9717e-05, 8.5471e-04, 9.8446e-04, 3.4712e-04, 3.3555e-04,
        8.0711e-04, 7.8269e-04, 7.3293e-04, 6.9297e-04, 2.1080e-04, 2.0940e-05,
        1.8865e-05, 9.7434e-05, 2.4895e-04, 3.2142e-04, 5.2714e-05, 2.4337e-04,
        2.9910e-05, 1.6422e-04, 2.7052e-05, 1.3747e-05, 2.3830e-04, 2.9074e-05,
        4.8962e-05, 8.1024e-05, 1.4741e-05, 1.3004e-04, 3.4138e-06, 7.1835e-05,
        1.8621e-04, 7.3752e-05, 1.7025e-04, 9.5330e-05, 1.3852e-04, 2.0976e-04,
        1.3060e-04, 1.3542e-05, 3.2179e-04, 1.2169e-07, 2.0288e-04, 1.2497e-04,
        1.1643e-04, 1.5505e-04, 5.1584e-05, 9.5130e-06, 2.8916e-04, 6.4029e-05,
        2.4012e-04, 1.8931e-04, 1.9153e-05, 4.0167e-04, 2.0378e-04, 6.3032e-05,
        1.6684e-04, 7.9302e-06, 1.2186e-04, 4.6674e-06, 5.5934e-06, 2.4700e-04,
        1.4023e-04, 8.5270e-05, 1.9784e-04, 3.3713e-05, 1.8025e-04, 1.4837e-04,
        1.3772e-04, 5.8884e-05, 2.9602e-04, 4.9958e-05, 2.3004e-05, 1.7500e-06,
        2.7428e-05, 2.5539e-04, 1.1492e-04, 3.0026e-04, 1.6720e-05, 1.2433e-04,
        5.7826e-05, 7.6996e-05, 2.2916e-05, 1.9639e-04, 1.1450e-04, 4.4227e-05,
        3.3514e-05, 1.0725e-04, 3.8212e-05, 2.7197e-05, 7.1269e-05, 2.2431e-04,
        3.2630e-04, 2.8870e-04, 1.4263e-04, 2.1384e-04, 6.6163e-05, 3.2129e-05,
        4.3200e-05, 1.1431e-04, 1.3846e-04, 1.8840e-04, 1.9946e-05, 5.4467e-05,
        2.1411e-05, 5.9686e-05, 2.6171e-04, 8.4457e-05, 5.3512e-05, 1.7431e-04,
        1.1155e-04, 3.9874e-05, 5.7963e-05, 1.4402e-04, 1.6898e-04],
       grad_fn=<CatBackward>)

mean_overall=tensor(0.0002, grad_fn=<MeanBackward0>)

-----------------------------------------------ITERATION430-----------------------------------------------

final_causality=[[1, 1, 1, 1, 1, 1, 1, 1, 1, 1, 1, 1, 1], [1, 1, 1, 1, 1, 1, 1, 1, 1, 1, 1, 1, 1, 1, 1, 1, 1, 1, 1, 1, 1, 1, 1, 1, 1, 1, 1, 1, 1, 1, 1, 1, 1, 1, 1, 1, 1, 1, 1, 1, 1, 1, 1, 1, 1, 1, 1, 1, 1, 1], [1, 1, 1, 1, 1, 1, 1, 1, 1, 1, 1, 1, 1, 1, 1, 1, 1, 1, 1, 1, 1, 1, 1, 1, 1, 1, 1, 1, 1, 1, 1, 1, 1, 1, 1, 1, 1, 1, 1, 1, 1, 1, 1, 1, 1, 1, 1, 1, 1, 1]]

means=tensor([1.7031e-04, 4.2111e-05, 8.7541e-04, 1.0174e-03, 3.5816e-04, 3.4104e-04,
        8.1962e-04, 8.0277e-04, 7.5876e-04, 7.1594e-04, 2.2210e-04, 2.0640e-05,
        2.2844e-05, 9.9120e-05, 2.5229e-04, 3.2702e-04, 5.3639e-05, 2.4617e-04,
        2.9661e-05, 1.6752e-04, 2.7415e-05, 1.4072e-05, 2.4403e-04, 2.8471e-05,
        5.0269e-05, 8.3597e-05, 1.3355e-05, 1.3173e-04, 3.5255e-06, 7.4116e-05,
        1.8643e-04, 7.2487e-05, 1.7295e-04, 9.2705e-05, 1.4139e-04, 2.1357e-04,
        1.3421e-04, 1.3273e-05, 3.2467e-04, 4.0187e-07, 2.0427e-04, 1.2629e-04,
        1.1901e-04, 1.5813e-04, 5.0915e-05, 9.2605e-06, 2.9178e-04, 6.3677e-05,
        2.4251e-04, 1.9220e-04, 1.9614e-05, 4.0775e-04, 2.0919e-04, 6.1917e-05,
        1.7002e-04, 7.6934e-06, 1.2155e-04, 4.7345e-06, 5.4295e-06, 2.5440e-04,
        1.4137e-04, 8.6219e-05, 1.9943e-04, 3.4258e-05, 1.8613e-04, 1.5088e-04,
        1.3876e-04, 5.8416e-05, 3.0319e-04, 4.9306e-05, 2.2592e-05, 1.7207e-06,
        2.7486e-05, 2.6062e-04, 1.1769e-04, 3.0623e-04, 1.7322e-05, 1.2791e-04,
        5.7476e-05, 7.8369e-05, 2.3303e-05, 2.0183e-04, 1.1718e-04, 4.3626e-05,
        3.4350e-05, 1.1021e-04, 3.9204e-05, 2.8190e-05, 7.1989e-05, 2.2814e-04,
        3.3302e-04, 2.9464e-04, 1.4389e-04, 2.1628e-04, 6.7654e-05, 3.2816e-05,
        4.3240e-05, 1.1651e-04, 1.4450e-04, 1.9279e-04, 1.9901e-05, 5.4474e-05,
        2.1727e-05, 6.1729e-05, 2.6626e-04, 8.7041e-05, 5.3810e-05, 1.7644e-04,
        1.1390e-04, 3.9879e-05, 5.8873e-05, 1.4757e-04, 1.7466e-04],
       grad_fn=<CatBackward>)

mean_overall=tensor(0.0002, grad_fn=<MeanBackward0>)

-----------------------------------------------ITERATION440-----------------------------------------------

final_causality=[[1, 1, 1, 1, 1, 1, 1, 1, 1, 1, 1, 1, 1], [1, 1, 1, 1, 1, 1, 1, 1, 1, 1, 1, 1, 1, 1, 1, 1, 1, 1, 1, 1, 1, 1, 1, 1, 1, 1, 1, 1, 1, 1, 1, 1, 1, 1, 1, 1, 1, 1, 1, 1, 1, 1, 1, 1, 1, 1, 1, 1, 1, 1], [1, 1, 1, 1, 1, 1, 1, 1, 1, 1, 1, 1, 1, 1, 1, 1, 1, 1, 1, 1, 1, 1, 1, 1, 1, 1, 1, 1, 1, 1, 1, 1, 1, 1, 1, 1, 1, 1, 1, 1, 1, 1, 1, 1, 1, 1, 1, 1, 1, 1]]

means=tensor([1.7417e-04, 5.4350e-05, 8.9634e-04, 1.0504e-03, 3.6933e-04, 3.4671e-04,
        8.3219e-04, 8.2317e-04, 7.8481e-04, 7.3911e-04, 2.3380e-04, 2.0325e-05,
        2.6943e-05, 1.0084e-04, 2.5561e-04, 3.3261e-04, 5.4575e-05, 2.4896e-04,
        2.9432e-05, 1.7086e-04, 2.7777e-05, 1.4412e-05, 2.4982e-04, 2.7891e-05,
        5.1642e-05, 8.6233e-05, 1.2021e-05, 1.3343e-04, 3.6505e-06, 7.6464e-05,
        1.8667e-04, 7.1300e-05, 1.7568e-04, 9.0137e-05, 1.4435e-04, 2.1741e-04,
        1.3809e-04, 1.3012e-05, 3.2753e-04, 6.8895e-07, 2.0562e-04, 1.2763e-04,
        1.2163e-04, 1.6127e-04, 5.0273e-05, 9.0062e-06, 2.9438e-04, 6.3343e-05,
        2.4489e-04, 1.9508e-04, 2.0089e-05, 4.1384e-04, 2.1469e-04, 6.0848e-05,
        1.7319e-04, 7.4485e-06, 1.2125e-04, 4.7965e-06, 5.2678e-06, 2.6193e-04,
        1.4252e-04, 8.7152e-05, 2.0099e-04, 3.4812e-05, 1.9204e-04, 1.5340e-04,
        1.3981e-04, 5.7933e-05, 3.1040e-04, 4.8692e-05, 2.2167e-05, 1.6900e-06,
        2.7940e-05, 2.6581e-04, 1.2044e-04, 3.1223e-04, 1.8007e-05, 1.3151e-04,
        5.7113e-05, 7.9758e-05, 2.3683e-05, 2.0724e-04, 1.1988e-04, 4.3254e-05,
        3.5186e-05, 1.1326e-04, 4.0205e-05, 2.9177e-05, 7.2754e-05, 2.3197e-04,
        3.3971e-04, 3.0059e-04, 1.4518e-04, 2.1879e-04, 6.9152e-05, 3.3519e-05,
        4.3276e-05, 1.1872e-04, 1.5052e-04, 1.9718e-04, 1.9855e-05, 5.4472e-05,
        2.2048e-05, 6.3797e-05, 2.7079e-04, 8.9648e-05, 5.4118e-05, 1.7859e-04,
        1.1627e-04, 3.9877e-05, 5.9786e-05, 1.5114e-04, 1.8045e-04],
       grad_fn=<CatBackward>)

mean_overall=tensor(0.0002, grad_fn=<MeanBackward0>)

