loss_training=[0.5500295361550518, 0.2543864658293111, 0.08682833560078403, 0.024699709780223504, 0.016943882322662043, 0.019033907492484438, 0.017942944136504196, 0.01672280426887678, 0.016556784100765033, 0.016544157206872873, 0.016450660914601758, 0.016382610411076148, 0.016329470564495734, 0.016271553585693217, 0.016213242041439244, 0.01615480335135213, 0.01609535635431918, 0.01603522999557112, 0.015974490595015614, 0.01591317827857467, 0.015851376591668027, 0.015789142563986874, 0.01572652998558016, 0.015663587117725773, 0.01560035608722484, 0.015536874693629969, 0.015473176529487582, 0.015409291636925547, 0.015345247010656572, 0.015281067098243837, 0.015216774200616179, 0.015152388856135825, 0.015087930127862638, 0.01502341595746216, 0.014958863457985038, 0.014894289127171213, 0.01482970911308097, 0.014765139290027462, 0.014700595287638682, 0.014636093505662499, 0.014571650192648772, 0.014507281690948393, 0.0144430051834298, 0.014378838216007658, 0.014314798869545679]

test_loss_training=[0.05598631549262712, 0.021192475744171456, 0.09096196964150642, 0.2108002624930897, 0.30568654343371077, 0.3356654874142066, 0.3191186103152007, 0.29316369385580865, 0.2782693517872177, 0.27624306983093627, 0.28050952128344436, 0.28456715422067075, 0.2859004849708823, 0.28541366247664085, 0.28480097198552295, 0.28481834162866, 0.28526462487610904, 0.2857174151065318, 0.2860134866950903, 0.28622952410677444, 0.28646819294937037, 0.28674957168830684, 0.28704317507884214, 0.2873277457070781, 0.28760587934174486, 0.28788640771787444, 0.2881713500455122, 0.2884578539602383, 0.288744032309421, 0.28903018048925333, 0.2893168846464322, 0.28960398867209525, 0.28989104072584226, 0.29017780249026137, 0.2904641947087378, 0.29075008911388556, 0.2910352874046066, 0.2913195931076099, 0.2916028342213452, 0.29188483804337084, 0.2921654108322678, 0.2924443497629027, 0.2927214544560608, 0.29299651196359633, 0.2932692977597366]

loss_control_training_MSE=[0.5148039771295948, 0.23194680589417518, 0.07656592996830856, 0.022407973123122028, 0.017174819800376585, 0.01905271004119161, 0.01777137255971928, 0.01667241422262988, 0.016559773372031895, 0.01653638749623751, 0.016442152884791887, 0.01637737907895704, 0.016323958210492137, 0.01626577627494683, 0.016207530099307196, 0.016148996397185873, 0.016089468146159018, 0.016029283105977683, 0.015968484230580726, 0.01590712136172142, 0.01584527574134423, 0.01578300324717318, 0.015720357490321014, 0.01565738592593289, 0.015594130223854509, 0.015530627748318593, 0.015466911708815523, 0.015403011828684024, 0.01533895483860634, 0.01527476494647289, 0.015210464252940694, 0.015146073118224928, 0.01508161049951637, 0.015017094256290662, 0.014952541423854694, 0.014887968456388321, 0.014823391442801486, 0.014758826271115662, 0.014694288770091784, 0.014629795047100247, 0.014565361466339218, 0.014501004559239652, 0.014436741446173866, 0.014372589722383183, 0.01430856749423479]

variances=[4.096423154717302e-09, 3.650889891633723e-09, 4.049126500497586e-09, 5.06063040553108e-09, 5.975024765824649e-09, 6.301084455190586e-09, 6.2095367298388625e-09, 6.02539765494006e-09, 5.927514768899478e-09, 5.925141433635886e-09, 6.009270092705109e-09, 6.131395471456448e-09, 6.268976477138378e-09, 6.427673601183745e-09, 6.62587515086848e-09, 6.869428860920705e-09, 7.163332301870017e-09, 7.501630946381152e-09, 7.880667455909312e-09, 8.306015672964996e-09, 8.783039176077863e-09, 9.310088302461738e-09, 9.880821008844164e-09, 1.0503733531453573e-08, 1.1181809885510776e-08, 1.1913639575556609e-08, 1.2700781826617531e-08, 1.35437543882002e-08, 1.4442159890070278e-08, 1.5398988607098266e-08, 1.6415312180573136e-08, 1.7493740926929883e-08, 1.863518457787447e-08, 1.9841280928638257e-08, 2.1114189949936783e-08, 2.2456604957009005e-08, 2.386687750362094e-08, 2.5339617885090082e-08, 2.6873758152186074e-08, 2.843279531103103e-08, 3.0033873066430635e-08, 3.170441053963999e-08, 3.3442966145616564e-08, 3.5256489339042766e-08, 3.71436430030203e-08]

ACE_values=[7.909822590816131e-05, 7.83630953633182e-05, 8.1269136950918e-05, 8.533625681479535e-05, 8.87327097094627e-05, 9.02309957777566e-05, 8.973202780565422e-05, 8.872731468707026e-05, 8.842204348383403e-05, 8.907703202623746e-05, 9.017363658286133e-05, 9.135323256763478e-05, 9.24699012991672e-05, 9.353911353944865e-05, 9.473292639685404e-05, 9.605937790669449e-05, 9.746015969285928e-05, 9.89361501869443e-05, 0.00010050193905722051, 0.00010212661976405357, 0.00010381113460139528, 0.00010558382111276976, 0.00010746703082710559, 0.0001094056691494664, 0.00011139338819292023, 0.0001134313677562705, 0.0001155215631697679, 0.00011766949125892408, 0.00011988921244341622, 0.00012217335951775554, 0.00012451541988890688, 0.0001268955756245515, 0.00012933400023528487, 0.00013184543882367568, 0.00013442315114835395, 0.00013707154905945172, 0.00013975902417479182, 0.00014251333693929158, 0.0001455334210129787, 0.00014847821219352437, 0.00015145929114318508, 0.00015462456132802433, 0.00015785570559425486, 0.0001611543949370871, 0.00016449303083754252]

-------------------------------CAUSAL NEURAL NET-------------------------------

loss_test_causal=tensor(0.2935, grad_fn=<MseLossBackward>)

