loss_training=[0.5384332608312675, 0.24164398394291817, 0.05351041088446498, -0.04102976471619281, -0.07577673067818999, -0.08824789914792043, -0.09978627295387171, -0.1146648802696896, -0.13163637457606092, -0.15073388191085896, -0.17298432018673363, -0.19901681403711785, -0.2295582205199461, -0.2653136573436818, -0.30691374606410765, -0.3558044436493541, -0.4133294941005923, -0.48117288024684757, -0.5612892755449139, -0.6563586776043232, -0.7697749717853473, -0.9052009521336121, -1.0671431120282733, -1.260911080272324, -1.4926924071288683, -1.769922486530506, -2.0994733790617905, -2.489933660202122, -2.9482445342703625, -3.4817559074356077, -4.095405254934125, -4.792097616371627, -5.572782246391539, -6.435358759266238, -7.374092378781773, -8.379852668233475, -9.440409299242011, -10.54269193352516, -11.671972188628345, -12.818273712247862, -13.97841338532048, -15.155977897308494, -16.35462821540432, -17.582553375616513, -18.833373842120064]

test_loss_training=[0.06925121658157804, 0.018334065501060356, 0.06134650786775028, 0.16082732668059788, 0.2629197882944152, 0.3255457659353439, 0.34181524009962994, 0.3317005688956102, 0.3170570898498165, 0.30891772131236367, 0.3081509767619507, 0.3114387031091847, 0.3153848645088803, 0.3184651584572415, 0.3208438113740555, 0.3227514336125201, 0.3251831288880743, 0.3283869360900311, 0.332102033583392, 0.33613514609759915, 0.34058530538086107, 0.34575811070012474, 0.3520045354077894, 0.3596756757238596, 0.36853095976656375, 0.37892920826348536, 0.3939815101759242, 0.41327350673049745, 0.44029368563612575, 0.47707312360413884, 0.5256632101305276, 0.5896924084200938, 0.6734887149210848, 0.7815474703345042, 0.9187187503637355, 1.090064157060041, 1.30033677085629, 1.553666764105022, 1.8535988533296006, 2.203335886557131, 2.6059864777298514, 3.0648847965322163, 3.583187754972226, 4.163464785453884, 4.807139289129885]

loss_control_training_MSE=[0.5599460301601802, 0.278292977801212, 0.10938787245685988, 0.0349253968539152, 0.017358691173157758, 0.018977474451784417, 0.02043695538032464, 0.01945510137406535, 0.018304889468913496, 0.017800843501816474, 0.017743887691230385, 0.017909845817425395, 0.018145196630456547, 0.018365284814913556, 0.01858069117868421, 0.01881753342309906, 0.019170260915460643, 0.019696556849815815, 0.02043262273829094, 0.021439941519005697, 0.022836251451610484, 0.02480739147978789, 0.027615599869813448, 0.03162298020511959, 0.037272395695694675, 0.04525539634523525, 0.056763199342076805, 0.07298499703306505, 0.09579627995477806, 0.127326935951947, 0.17008047590346645, 0.2269565265631585, 0.3009787202957821, 0.3949652844982557, 0.5111466037416466, 0.6506383984914614, 0.8128235218340859, 0.9949538756092715, 1.192547354032108, 1.4010078638574357, 1.6177488832670344, 1.8432089208446287, 2.0801880866615265, 2.3324544929495334, 2.6035514946734093]

variances=[2.499621145371221e-09, 3.1269651041841696e-09, 4.241847785498321e-09, 5.830784791420679e-09, 8.2195811007882e-09, 1.1723645073399037e-08, 1.6588333154069995e-08, 2.3187033816898445e-08, 3.2238059866677464e-08, 4.481162670368699e-08, 6.228448708543423e-08, 8.651940145749729e-08, 1.1974241484169162e-07, 1.650506416150332e-07, 2.2692586863980957e-07, 3.116918542205723e-07, 4.2835956065818764e-07, 5.897970077109951e-07, 8.145601283234841e-07, 1.1292134118474154e-06, 1.5721452918537705e-06, 2.199338493016427e-06, 3.091399948523971e-06, 4.36379726937282e-06, 6.180549546801467e-06, 8.774889834354429e-06, 1.2474709689828126e-05, 1.7727350155963827e-05, 2.5135210449408546e-05, 3.547739116924026e-05, 4.973851455344676e-05, 6.911745363734115e-05, 9.501091513400017e-05, 0.00012897679161522345, 0.000172668243331079, 0.00022773496850753223, 0.0002957057874609495, 0.00037789020381852144, 0.00047543524507590387, 0.0005895377288269859, 0.0007218000690480841, 0.0008744713134729833, 0.0010504811557687167, 0.0012532240720696355, 0.001486475760823273]

ACE_values=[5.584374522735474e-05, 5.9663290573567535e-05, 6.802878542887653e-05, 8.014156238256691e-05, 9.351454841944068e-05, 0.00010692428627218235, 0.00012022265888667551, 0.00013425600103919504, 0.00015002777853366818, 0.00016855961211915849, 0.00019072146066589912, 0.0002169040427133015, 0.0002476807418256755, 0.0002836572950125076, 0.00032547338950708284, 0.0003745944484770878, 0.0004324572980774464, 0.0005008080252556246, 0.0005816374692092134, 0.0006776828429906875, 0.0007924493546875796, 0.0009297785463266512, 0.0010944308975993167, 0.0012920662130825715, 0.001529314541103295, 0.001814239389430442, 0.002154900123251364, 0.0025610332310121975, 0.0030414046341074846, 0.0036054697166890202, 0.0042606248137343275, 0.005012644296579702, 0.005865503692155568, 0.006819956699746711, 0.007872578711120794, 0.00901549432840197, 0.01023605468029522, 0.011518654865429783, 0.012844204807583904, 0.014198043538547148, 0.015574125886660094, 0.01697618094444225, 0.018410494098342656, 0.019888986506812357, 0.021408884418310112]

-------------------------------CAUSAL NEURAL NET-------------------------------

loss_test_causal=tensor(5.4407, grad_fn=<MseLossBackward>)

