-----------------------------------------------ITERATION0-----------------------------------------------

final_causality=[[1, 1, 1, 1, 1, 1, 1, 1, 1, 1, 1, 1, 1], [1, 1, 1, 1, 1, 1, 1, 1, 1, 1, 1, 1, 1, 1, 1, 1, 1, 1, 1, 1, 1, 1, 1, 1, 1, 1, 1, 1, 1, 1, 1, 1, 1, 1, 1, 1, 1, 1, 1, 1, 1, 1, 1, 1, 1, 1, 1, 1, 1, 1], [1, 1, 1, 1, 1, 1, 1, 1, 1, 1, 1, 1, 1, 1, 1, 1, 1, 1, 1, 1, 1, 1, 1, 1, 1, 1, 1, 1, 1, 1, 1, 1, 1, 1, 1, 1, 1, 1, 1, 1, 1, 1, 1, 1, 1, 1, 1, 1, 1, 1]]

means=tensor([1.0655e-06, 3.1852e-05, 7.7497e-05, 5.4669e-06, 9.1727e-06, 6.6481e-06,
        2.6459e-05, 9.8884e-06, 6.0393e-05, 1.3679e-04, 1.1121e-07, 8.0973e-06,
        4.3931e-05, 2.9606e-06, 3.5954e-04, 1.3131e-05, 1.6825e-05, 1.6669e-05,
        4.6165e-05, 1.8602e-05, 6.6424e-06, 4.5732e-05, 5.2051e-05, 3.2029e-05,
        3.0852e-05, 6.3501e-05, 1.0892e-04, 3.9321e-05, 8.8314e-05, 7.9476e-05,
        3.4624e-05, 3.0786e-05, 1.9850e-05, 1.9172e-05, 1.4678e-05, 4.5319e-05,
        3.6705e-05, 2.2288e-05, 6.5914e-05, 7.2057e-05, 2.0973e-05, 7.1107e-05,
        3.2929e-05, 1.7387e-04, 9.8173e-05, 8.3385e-05, 1.3277e-06, 5.8840e-05,
        3.5332e-05, 8.5360e-05, 4.9275e-05, 5.6579e-05, 7.4556e-06, 6.0302e-06,
        3.3763e-05, 4.1042e-05, 6.1772e-06, 6.5212e-05, 1.5032e-04, 3.3857e-05,
        1.9676e-05, 5.1525e-05, 9.6694e-05, 1.3330e-04, 5.2829e-05, 1.2295e-04,
        9.4852e-05, 4.4484e-05, 2.8735e-05, 4.8453e-05, 4.1779e-05, 3.1561e-06,
        9.0450e-05, 5.8037e-05, 9.2862e-05, 3.9543e-05, 9.4544e-05, 4.3258e-05,
        8.0166e-05, 1.8678e-05, 2.0306e-04, 3.6826e-05, 1.5084e-04, 3.4716e-05,
        1.6350e-05, 6.9443e-05, 3.8631e-05, 8.0422e-05, 1.1532e-04, 8.0342e-05,
        1.3285e-04, 1.2633e-04, 2.9485e-05, 8.5884e-05, 2.0649e-05, 1.0897e-06,
        9.7899e-06, 3.7766e-05, 3.7218e-05, 1.2544e-04, 8.2948e-05, 6.3573e-05,
        6.0834e-05, 4.9347e-05, 3.2505e-05, 7.4806e-05, 4.9135e-05, 9.6077e-05,
        6.9975e-06, 8.0116e-05, 3.5292e-05, 5.9532e-05, 2.0267e-05],
       grad_fn=<CatBackward>)

mean_overall=tensor(5.5844e-05, grad_fn=<MeanBackward0>)

-----------------------------------------------ITERATION10-----------------------------------------------

final_causality=[[1, 1, 1, 1, 1, 1, 1, 1, 1, 1, 1, 1, 1], [1, 1, 1, 1, 1, 1, 1, 1, 1, 1, 1, 1, 1, 1, 1, 1, 1, 1, 1, 1, 1, 1, 1, 1, 1, 1, 1, 1, 1, 1, 1, 1, 1, 1, 1, 1, 1, 1, 1, 1, 1, 1, 1, 1, 1, 1, 1, 1, 1, 1], [1, 1, 1, 1, 1, 1, 1, 1, 1, 1, 1, 1, 1, 1, 1, 1, 1, 1, 1, 1, 1, 1, 1, 1, 1, 1, 1, 1, 1, 1, 1, 1, 1, 1, 1, 1, 1, 1, 1, 1, 1, 1, 1, 1, 1, 1, 1, 1, 1, 1]]

means=tensor([3.8050e-07, 1.1049e-04, 7.1669e-05, 7.3690e-05, 1.5006e-05, 1.2024e-05,
        1.0337e-04, 3.5878e-05, 1.7752e-05, 2.1348e-04, 5.4994e-05, 8.7412e-06,
        4.5690e-05, 1.8781e-05, 3.9243e-04, 3.5254e-06, 1.7516e-06, 3.3571e-05,
        5.5544e-05, 5.4053e-05, 1.4220e-05, 1.9868e-05, 1.6506e-05, 3.3857e-06,
        1.4159e-05, 7.6695e-05, 8.5858e-05, 2.6216e-05, 1.1376e-04, 1.1118e-04,
        2.2814e-05, 1.6016e-05, 1.3685e-05, 4.7985e-06, 1.7400e-05, 5.7044e-05,
        1.2452e-05, 5.5910e-05, 9.1324e-05, 4.0729e-05, 7.1421e-06, 4.7304e-05,
        4.7053e-05, 2.1084e-04, 7.4750e-05, 7.1308e-05, 3.7439e-05, 9.7570e-05,
        3.0146e-05, 1.0892e-04, 2.8459e-05, 3.4602e-05, 6.7411e-06, 3.6795e-05,
        1.9306e-05, 1.8101e-05, 2.4180e-05, 3.3451e-05, 1.7533e-04, 2.0282e-05,
        4.0814e-05, 8.6516e-05, 6.3160e-05, 1.4141e-04, 5.1652e-05, 1.2272e-04,
        1.1884e-04, 4.0455e-05, 3.3887e-05, 4.4298e-05, 4.8834e-05, 2.0357e-06,
        9.6022e-05, 5.0652e-05, 8.9338e-05, 3.4781e-05, 8.9437e-05, 4.6640e-05,
        7.4894e-05, 1.3118e-05, 2.1579e-04, 3.1451e-05, 1.3707e-04, 4.0980e-05,
        2.0875e-05, 7.6035e-05, 4.0587e-05, 8.6753e-05, 1.2212e-04, 8.6525e-05,
        1.3098e-04, 1.2704e-04, 3.0654e-05, 8.9597e-05, 1.6185e-05, 3.2328e-06,
        5.6245e-06, 4.1527e-05, 3.3211e-05, 1.2358e-04, 9.8539e-05, 5.6496e-05,
        5.5921e-05, 5.4699e-05, 3.7514e-05, 8.8511e-05, 5.1504e-05, 9.9454e-05,
        4.8133e-06, 7.8194e-05, 2.8329e-05, 5.1132e-05, 2.0954e-05],
       grad_fn=<CatBackward>)

mean_overall=tensor(5.9663e-05, grad_fn=<MeanBackward0>)

-----------------------------------------------ITERATION20-----------------------------------------------

final_causality=[[1, 1, 1, 1, 1, 1, 1, 1, 1, 1, 1, 1, 1], [1, 1, 1, 1, 1, 1, 1, 1, 1, 1, 1, 1, 1, 1, 1, 1, 1, 1, 1, 1, 1, 1, 1, 1, 1, 1, 1, 1, 1, 1, 1, 1, 1, 1, 1, 1, 1, 1, 1, 1, 1, 1, 1, 1, 1, 1, 1, 1, 1, 1], [1, 1, 1, 1, 1, 1, 1, 1, 1, 1, 1, 1, 1, 1, 1, 1, 1, 1, 1, 1, 1, 1, 1, 1, 1, 1, 1, 1, 1, 1, 1, 1, 1, 1, 1, 1, 1, 1, 1, 1, 1, 1, 1, 1, 1, 1, 1, 1, 1, 1]]

means=tensor([4.8316e-06, 1.9132e-04, 6.6669e-05, 1.4276e-04, 3.2753e-05, 3.5434e-05,
        1.7666e-04, 6.7052e-05, 2.7749e-05, 2.9063e-04, 1.1177e-04, 9.2946e-06,
        5.3808e-05, 3.2888e-05, 4.2224e-04, 1.8310e-05, 1.9113e-05, 4.9108e-05,
        6.4728e-05, 8.9687e-05, 3.4765e-05, 2.2835e-06, 1.6907e-05, 4.2449e-05,
        2.0591e-06, 8.7509e-05, 6.4872e-05, 1.5501e-05, 1.3646e-04, 1.4125e-04,
        1.1631e-05, 1.5661e-06, 4.5350e-05, 1.1133e-05, 4.6786e-05, 6.7738e-05,
        9.5156e-06, 8.7257e-05, 1.1450e-04, 1.1085e-05, 5.5580e-06, 2.5318e-05,
        5.9873e-05, 2.4770e-04, 5.4587e-05, 5.9683e-05, 7.2342e-05, 1.3559e-04,
        1.1066e-04, 1.3017e-04, 8.7247e-06, 1.6307e-05, 2.1564e-05, 6.6319e-05,
        6.7334e-06, 2.4589e-06, 5.6182e-05, 5.0019e-06, 1.9729e-04, 6.4084e-06,
        6.1233e-05, 1.1823e-04, 3.1214e-05, 1.4873e-04, 5.0789e-05, 1.2183e-04,
        1.3754e-04, 3.6167e-05, 3.8531e-05, 3.9314e-05, 5.5589e-05, 7.0025e-06,
        1.0012e-04, 4.4315e-05, 8.5389e-05, 3.0296e-05, 8.4793e-05, 5.0999e-05,
        7.0070e-05, 8.3763e-06, 2.2379e-04, 2.6653e-05, 1.2473e-04, 4.6610e-05,
        2.4877e-05, 8.3041e-05, 4.1577e-05, 9.1247e-05, 1.2677e-04, 9.0334e-05,
        1.2751e-04, 1.2708e-04, 3.0777e-05, 9.3018e-05, 1.2243e-05, 5.5381e-06,
        1.9085e-06, 4.4144e-05, 2.9330e-05, 1.2317e-04, 1.1768e-04, 4.9397e-05,
        5.0867e-05, 5.8687e-05, 4.4460e-05, 1.0155e-04, 5.3094e-05, 1.0291e-04,
        2.9763e-06, 7.3900e-05, 2.2644e-05, 4.6479e-05, 2.1814e-05],
       grad_fn=<CatBackward>)

mean_overall=tensor(6.8029e-05, grad_fn=<MeanBackward0>)

-----------------------------------------------ITERATION30-----------------------------------------------

final_causality=[[1, 1, 1, 1, 1, 1, 1, 1, 1, 1, 1, 1, 1], [1, 1, 1, 1, 1, 1, 1, 1, 1, 1, 1, 1, 1, 1, 1, 1, 1, 1, 1, 1, 1, 1, 1, 1, 1, 1, 1, 1, 1, 1, 1, 1, 1, 1, 1, 1, 1, 1, 1, 1, 1, 1, 1, 1, 1, 1, 1, 1, 1, 1], [1, 1, 1, 1, 1, 1, 1, 1, 1, 1, 1, 1, 1, 1, 1, 1, 1, 1, 1, 1, 1, 1, 1, 1, 1, 1, 1, 1, 1, 1, 1, 1, 1, 1, 1, 1, 1, 1, 1, 1, 1, 1, 1, 1, 1, 1, 1, 1, 1, 1]]

means=tensor([9.2814e-06, 2.8387e-04, 7.3143e-05, 2.2164e-04, 6.7643e-05, 6.1788e-05,
        2.5217e-04, 1.0760e-04, 1.0590e-04, 3.7569e-04, 1.6971e-04, 1.0208e-05,
        6.4586e-05, 4.4278e-05, 4.5092e-04, 3.1244e-05, 3.4599e-05, 6.2547e-05,
        7.2696e-05, 1.2343e-04, 5.3696e-05, 2.9004e-05, 4.8983e-05, 7.8417e-05,
        2.4988e-05, 9.6674e-05, 4.6967e-05, 7.7359e-06, 1.5390e-04, 1.6786e-04,
        3.7174e-06, 1.1532e-05, 7.4232e-05, 2.6787e-05, 7.0827e-05, 7.6547e-05,
        3.0510e-05, 1.1609e-04, 1.3253e-04, 1.1030e-05, 1.7877e-05, 1.1005e-05,
        7.3100e-05, 2.8329e-04, 4.1204e-05, 4.9946e-05, 1.0006e-04, 1.7032e-04,
        1.8071e-04, 1.4559e-04, 6.2714e-06, 3.2892e-06, 3.5704e-05, 9.2752e-05,
        2.6414e-06, 2.2432e-05, 8.6689e-05, 2.0109e-05, 2.1735e-04, 4.5618e-06,
        7.9010e-05, 1.4267e-04, 4.9379e-06, 1.5470e-04, 5.1378e-05, 1.2010e-04,
        1.4987e-04, 3.2944e-05, 4.2683e-05, 3.5233e-05, 6.2613e-05, 1.0899e-05,
        1.0348e-04, 3.9516e-05, 8.0773e-05, 2.7364e-05, 8.2091e-05, 5.6550e-05,
        6.5778e-05, 4.8491e-06, 2.2674e-04, 2.3581e-05, 1.1488e-04, 5.1356e-05,
        2.8402e-05, 8.9368e-05, 4.2810e-05, 9.5404e-05, 1.2988e-04, 9.2305e-05,
        1.2277e-04, 1.2441e-04, 3.4376e-05, 9.6968e-05, 9.3478e-06, 7.9963e-06,
        1.0094e-06, 4.5831e-05, 2.6476e-05, 1.2549e-04, 1.3475e-04, 4.3420e-05,
        4.7006e-05, 6.0655e-05, 5.2141e-05, 1.1414e-04, 5.3440e-05, 1.0608e-04,
        1.5737e-06, 7.0058e-05, 1.8457e-05, 4.2991e-05, 2.4579e-05],
       grad_fn=<CatBackward>)

mean_overall=tensor(8.0142e-05, grad_fn=<MeanBackward0>)

-----------------------------------------------ITERATION40-----------------------------------------------

final_causality=[[1, 1, 1, 1, 1, 1, 1, 1, 1, 1, 1, 1, 1], [1, 1, 1, 1, 1, 1, 1, 1, 1, 1, 1, 1, 1, 1, 1, 1, 1, 1, 1, 1, 1, 1, 1, 1, 1, 1, 1, 1, 1, 1, 1, 1, 1, 1, 1, 1, 1, 1, 1, 1, 1, 1, 1, 1, 1, 1, 1, 1, 1, 1], [1, 1, 1, 1, 1, 1, 1, 1, 1, 1, 1, 1, 1, 1, 1, 1, 1, 1, 1, 1, 1, 1, 1, 1, 1, 1, 1, 1, 1, 1, 1, 1, 1, 1, 1, 1, 1, 1, 1, 1, 1, 1, 1, 1, 1, 1, 1, 1, 1, 1]]

means=tensor([1.3808e-05, 3.9140e-04, 9.5312e-05, 3.1074e-04, 1.1270e-04, 1.0310e-04,
        3.3076e-04, 1.6383e-04, 2.0368e-04, 4.7302e-04, 2.2868e-04, 1.1699e-05,
        7.9068e-05, 5.1988e-05, 4.7560e-04, 4.1739e-05, 4.7204e-05, 7.2874e-05,
        7.8986e-05, 1.5334e-04, 6.9146e-05, 5.4133e-05, 7.1797e-05, 1.0878e-04,
        4.5851e-05, 1.0475e-04, 3.3951e-05, 3.2119e-06, 1.6625e-04, 1.9142e-04,
        2.0513e-06, 2.2069e-05, 9.8927e-05, 3.8676e-05, 8.7906e-05, 8.3517e-05,
        4.8130e-05, 1.3982e-04, 1.4534e-04, 2.7039e-05, 2.7347e-05, 9.9066e-06,
        8.4587e-05, 3.1687e-04, 3.6649e-05, 4.4519e-05, 1.2056e-04, 2.0086e-04,
        2.3412e-04, 1.5737e-04, 1.6900e-05, 2.8420e-06, 4.8854e-05, 1.1516e-04,
        1.0229e-05, 3.9352e-05, 1.1400e-04, 4.1822e-05, 2.3368e-04, 1.2643e-05,
        9.3051e-05, 1.5940e-04, 1.3908e-05, 1.5860e-04, 5.3601e-05, 1.1968e-04,
        1.5890e-04, 3.1394e-05, 4.6433e-05, 3.2916e-05, 7.0271e-05, 1.2914e-05,
        1.0830e-04, 3.6553e-05, 7.7355e-05, 2.6623e-05, 8.2394e-05, 6.0548e-05,
        6.2750e-05, 2.7256e-06, 2.2570e-04, 2.1628e-05, 1.0815e-04, 5.5226e-05,
        3.1302e-05, 9.5222e-05, 4.2783e-05, 1.0010e-04, 1.3106e-04, 9.2356e-05,
        1.1925e-04, 1.1888e-04, 3.8697e-05, 1.0208e-04, 7.5796e-06, 1.0568e-05,
        2.9909e-06, 4.6771e-05, 2.4960e-05, 1.3212e-04, 1.4837e-04, 3.9624e-05,
        4.5236e-05, 6.1222e-05, 6.0283e-05, 1.2746e-04, 5.2580e-05, 1.1097e-04,
        6.8261e-07, 6.8420e-05, 1.5998e-05, 4.0362e-05, 2.9591e-05],
       grad_fn=<CatBackward>)

mean_overall=tensor(9.3515e-05, grad_fn=<MeanBackward0>)

-----------------------------------------------ITERATION50-----------------------------------------------

final_causality=[[1, 1, 1, 1, 1, 1, 1, 1, 1, 1, 1, 1, 1], [1, 1, 1, 1, 1, 1, 1, 1, 1, 1, 1, 1, 1, 1, 1, 1, 1, 1, 1, 1, 1, 1, 1, 1, 1, 1, 1, 1, 1, 1, 1, 1, 1, 1, 1, 1, 1, 1, 1, 1, 1, 1, 1, 1, 1, 1, 1, 1, 1, 1], [1, 1, 1, 1, 1, 1, 1, 1, 1, 1, 1, 1, 1, 1, 1, 1, 1, 1, 1, 1, 1, 1, 1, 1, 1, 1, 1, 1, 1, 1, 1, 1, 1, 1, 1, 1, 1, 1, 1, 1, 1, 1, 1, 1, 1, 1, 1, 1, 1, 1]]

means=tensor([1.8181e-05, 5.1134e-04, 1.3522e-04, 4.0803e-04, 1.6510e-04, 1.5901e-04,
        4.1228e-04, 2.3611e-04, 3.1268e-04, 5.8318e-04, 2.8731e-04, 1.2305e-05,
        9.6719e-05, 5.5825e-05, 4.9567e-04, 4.9753e-05, 5.6641e-05, 8.0073e-05,
        8.3560e-05, 1.7915e-04, 8.0452e-05, 7.7626e-05, 8.3565e-05, 1.3318e-04,
        6.3971e-05, 1.1249e-04, 2.6830e-05, 1.9184e-06, 1.7414e-04, 2.1266e-04,
        7.7983e-06, 2.8550e-05, 1.1956e-04, 4.6416e-05, 9.7911e-05, 8.8791e-05,
        6.1674e-05, 1.5783e-04, 1.5333e-04, 3.6086e-05, 3.3957e-05, 2.2962e-05,
        9.3758e-05, 3.4887e-04, 4.1782e-05, 4.4448e-05, 1.3440e-04, 2.2766e-04,
        2.7110e-04, 1.6552e-04, 2.1866e-05, 6.0991e-06, 6.0967e-05, 1.3350e-04,
        1.4324e-05, 5.1939e-05, 1.3818e-04, 5.4943e-05, 2.4568e-04, 1.5303e-05,
        1.0322e-04, 1.6916e-04, 2.9743e-05, 1.6073e-04, 5.6692e-05, 1.1820e-04,
        1.6652e-04, 3.1649e-05, 5.1000e-05, 3.2631e-05, 7.8225e-05, 1.3002e-05,
        1.1553e-04, 3.5592e-05, 7.5855e-05, 2.7942e-05, 8.5956e-05, 6.3101e-05,
        6.1562e-05, 1.9526e-06, 2.2172e-04, 2.0672e-05, 1.0324e-04, 5.8227e-05,
        3.4212e-05, 1.0416e-04, 4.2086e-05, 1.0537e-04, 1.3061e-04, 9.0791e-05,
        1.1800e-04, 1.1123e-04, 4.3498e-05, 1.0825e-04, 6.9492e-06, 1.3062e-05,
        4.0754e-06, 4.7028e-05, 2.4650e-05, 1.4305e-04, 1.5978e-04, 3.8121e-05,
        4.5880e-05, 6.1948e-05, 6.8514e-05, 1.4065e-04, 5.0685e-05, 1.1898e-04,
        2.9130e-07, 6.9210e-05, 1.5458e-05, 3.8497e-05, 3.5087e-05],
       grad_fn=<CatBackward>)

mean_overall=tensor(0.0001, grad_fn=<MeanBackward0>)

-----------------------------------------------ITERATION60-----------------------------------------------

final_causality=[[1, 1, 1, 1, 1, 1, 1, 1, 1, 1, 1, 1, 1], [1, 1, 1, 1, 1, 1, 1, 1, 1, 1, 1, 1, 1, 1, 1, 1, 1, 1, 1, 1, 1, 1, 1, 1, 1, 1, 1, 1, 1, 1, 1, 1, 1, 1, 1, 1, 1, 1, 1, 1, 1, 1, 1, 1, 1, 1, 1, 1, 1, 1], [1, 1, 1, 1, 1, 1, 1, 1, 1, 1, 1, 1, 1, 1, 1, 1, 1, 1, 1, 1, 1, 1, 1, 1, 1, 1, 1, 1, 1, 1, 1, 1, 1, 1, 1, 1, 1, 1, 1, 1, 1, 1, 1, 1, 1, 1, 1, 1, 1, 1]]

means=tensor([2.2331e-05, 6.4101e-04, 1.8843e-04, 5.1241e-04, 2.2102e-04, 2.2468e-04,
        4.9456e-04, 3.2004e-04, 4.2719e-04, 7.0332e-04, 3.4412e-04, 1.1170e-05,
        1.1659e-04, 5.6636e-05, 5.1236e-04, 5.5924e-05, 6.3484e-05, 8.4893e-05,
        8.6770e-05, 2.0245e-04, 8.8474e-05, 1.0070e-04, 8.6773e-05, 1.5346e-04,
        8.0265e-05, 1.1908e-04, 2.5037e-05, 3.3659e-06, 1.7875e-04, 2.3282e-04,
        1.9491e-05, 3.1922e-05, 1.3759e-04, 5.2660e-05, 1.0245e-04, 9.2799e-05,
        7.2086e-05, 1.7170e-04, 1.5774e-04, 3.8934e-05, 3.8817e-05, 4.6394e-05,
        1.0107e-04, 3.8059e-04, 5.4991e-05, 4.9578e-05, 1.4310e-04, 2.5270e-04,
        2.9630e-04, 1.7058e-04, 2.1924e-05, 6.6593e-06, 7.3447e-05, 1.4904e-04,
        1.5483e-05, 6.1107e-05, 1.6024e-04, 6.0512e-05, 2.5438e-04, 1.3439e-05,
        1.1049e-04, 1.7386e-04, 3.8435e-05, 1.6170e-04, 6.0796e-05, 1.1550e-04,
        1.7296e-04, 3.3417e-05, 5.5486e-05, 3.4115e-05, 8.6245e-05, 1.1771e-05,
        1.2307e-04, 3.6180e-05, 7.6155e-05, 3.0672e-05, 9.3071e-05, 6.4578e-05,
        6.3794e-05, 2.2333e-06, 2.1598e-04, 2.0477e-05, 9.9747e-05, 6.0562e-05,
        3.6787e-05, 1.1526e-04, 4.0942e-05, 1.1083e-04, 1.2910e-04, 8.8251e-05,
        1.1883e-04, 1.0221e-04, 4.8461e-05, 1.1519e-04, 7.1995e-06, 1.5277e-05,
        4.4519e-06, 4.6880e-05, 2.5272e-05, 1.5741e-04, 1.7051e-04, 3.8526e-05,
        4.8128e-05, 6.1724e-05, 7.6896e-05, 1.5392e-04, 4.9195e-05, 1.2945e-04,
        2.7363e-07, 7.2058e-05, 1.6122e-05, 3.8030e-05, 4.0842e-05],
       grad_fn=<CatBackward>)

mean_overall=tensor(0.0001, grad_fn=<MeanBackward0>)

-----------------------------------------------ITERATION70-----------------------------------------------

final_causality=[[1, 1, 1, 1, 1, 1, 1, 1, 1, 1, 1, 1, 1], [1, 1, 1, 1, 1, 1, 1, 1, 1, 1, 1, 1, 1, 1, 1, 1, 1, 1, 1, 1, 1, 1, 1, 1, 1, 1, 1, 1, 1, 1, 1, 1, 1, 1, 1, 1, 1, 1, 1, 1, 1, 1, 1, 1, 1, 1, 1, 1, 1, 1], [1, 1, 1, 1, 1, 1, 1, 1, 1, 1, 1, 1, 1, 1, 1, 1, 1, 1, 1, 1, 1, 1, 1, 1, 1, 1, 1, 1, 1, 1, 1, 1, 1, 1, 1, 1, 1, 1, 1, 1, 1, 1, 1, 1, 1, 1, 1, 1, 1, 1]]

means=tensor([2.6556e-05, 7.8073e-04, 2.5080e-04, 6.2519e-04, 2.7976e-04, 2.9731e-04,
        5.8071e-04, 4.1268e-04, 5.4832e-04, 8.3327e-04, 4.0231e-04, 8.5163e-06,
        1.3822e-04, 5.5816e-05, 5.2783e-04, 6.1384e-05, 6.9512e-05, 8.9175e-05,
        8.9367e-05, 2.2586e-04, 9.5136e-05, 1.2561e-04, 8.5648e-05, 1.7276e-04,
        9.6251e-05, 1.2477e-04, 2.6696e-05, 6.5028e-06, 1.8177e-04, 2.5359e-04,
        3.4876e-05, 3.3894e-05, 1.5524e-04, 5.8989e-05, 1.0476e-04, 9.6293e-05,
        8.1324e-05, 1.8403e-04, 1.6044e-04, 3.8276e-05, 4.2730e-05, 7.6125e-05,
        1.0755e-04, 4.1393e-04, 7.3524e-05, 5.7605e-05, 1.4942e-04, 2.7811e-04,
        3.1619e-04, 1.7421e-04, 1.9288e-05, 5.5789e-06, 8.6794e-05, 1.6391e-04,
        1.5164e-05, 6.8870e-05, 1.8216e-04, 6.2121e-05, 2.6167e-04, 9.2770e-06,
        1.1799e-04, 1.7622e-04, 4.2848e-05, 1.6871e-04, 6.5930e-05, 1.1413e-04,
        1.7910e-04, 3.6241e-05, 5.9904e-05, 3.6810e-05, 9.4603e-05, 9.9897e-06,
        1.3098e-04, 3.7679e-05, 7.9188e-05, 3.5082e-05, 1.0346e-04, 6.7308e-05,
        6.9579e-05, 3.1235e-06, 2.0931e-04, 2.0693e-05, 9.8828e-05, 6.2670e-05,
        4.0365e-05, 1.2672e-04, 4.1641e-05, 1.1694e-04, 1.2697e-04, 8.7424e-05,
        1.2096e-04, 9.2725e-05, 5.3428e-05, 1.2269e-04, 7.9869e-06, 1.7441e-05,
        4.4243e-06, 4.6510e-05, 2.6484e-05, 1.7462e-04, 1.8198e-04, 4.0174e-05,
        5.1474e-05, 6.0979e-05, 8.5602e-05, 1.6757e-04, 4.8782e-05, 1.4205e-04,
        4.6280e-07, 7.6303e-05, 1.7432e-05, 3.9163e-05, 4.6825e-05],
       grad_fn=<CatBackward>)

mean_overall=tensor(0.0001, grad_fn=<MeanBackward0>)

-----------------------------------------------ITERATION80-----------------------------------------------

final_causality=[[1, 1, 1, 1, 1, 1, 1, 1, 1, 1, 1, 1, 1], [1, 1, 1, 1, 1, 1, 1, 1, 1, 1, 1, 1, 1, 1, 1, 1, 1, 1, 1, 1, 1, 1, 1, 1, 1, 1, 1, 1, 1, 1, 1, 1, 1, 1, 1, 1, 1, 1, 1, 1, 1, 1, 1, 1, 1, 1, 1, 1, 1, 1], [1, 1, 1, 1, 1, 1, 1, 1, 1, 1, 1, 1, 1, 1, 1, 1, 1, 1, 1, 1, 1, 1, 1, 1, 1, 1, 1, 1, 1, 1, 1, 1, 1, 1, 1, 1, 1, 1, 1, 1, 1, 1, 1, 1, 1, 1, 1, 1, 1, 1]]

means=tensor([3.1418e-05, 9.3515e-04, 3.2142e-04, 7.5142e-04, 3.4370e-04, 3.7823e-04,
        6.7754e-04, 5.1477e-04, 6.8224e-04, 9.7705e-04, 4.6806e-04, 5.0461e-06,
        1.6214e-04, 5.4636e-05, 5.4421e-04, 6.7259e-05, 7.6165e-05, 9.3707e-05,
        9.2126e-05, 2.5196e-04, 1.0240e-04, 1.5474e-04, 8.4357e-05, 1.9418e-04,
        1.1327e-04, 1.3050e-04, 2.9922e-05, 1.0413e-05, 1.8479e-04, 2.7798e-04,
        5.2660e-05, 3.5849e-05, 1.7464e-04, 6.6088e-05, 1.0743e-04, 1.0005e-04,
        9.1343e-05, 1.9729e-04, 1.6316e-04, 3.6826e-05, 4.7048e-05, 1.0989e-04,
        1.1431e-04, 4.5078e-04, 9.5273e-05, 6.7252e-05, 1.5589e-04, 3.0613e-04,
        3.3624e-04, 1.7799e-04, 1.6001e-05, 4.0189e-06, 1.0230e-04, 1.8024e-04,
        1.4793e-05, 7.7185e-05, 2.0582e-04, 6.3298e-05, 2.6945e-04, 4.6574e-06,
        1.2622e-04, 1.7859e-04, 4.6724e-05, 1.7849e-04, 7.2159e-05, 1.1283e-04,
        1.8594e-04, 3.9849e-05, 6.4611e-05, 4.0244e-05, 1.0394e-04, 8.8486e-06,
        1.3955e-04, 3.9593e-05, 8.2900e-05, 4.0334e-05, 1.1562e-04, 7.1411e-05,
        7.8130e-05, 4.2395e-06, 2.0551e-04, 2.1729e-05, 9.9058e-05, 6.5106e-05,
        4.4002e-05, 1.3923e-04, 4.2354e-05, 1.2370e-04, 1.2445e-04, 8.7436e-05,
        1.2370e-04, 8.4545e-05, 5.8471e-05, 1.3143e-04, 9.2205e-06, 1.9883e-05,
        4.2923e-06, 4.7244e-05, 2.8025e-05, 1.9387e-04, 1.9568e-04, 4.3417e-05,
        5.5528e-05, 6.0091e-05, 9.5056e-05, 1.8215e-04, 4.8274e-05, 1.5709e-04,
        7.1765e-07, 8.1417e-05, 1.9030e-05, 4.1604e-05, 5.4895e-05],
       grad_fn=<CatBackward>)

mean_overall=tensor(0.0002, grad_fn=<MeanBackward0>)

-----------------------------------------------ITERATION90-----------------------------------------------

final_causality=[[1, 1, 1, 1, 1, 1, 1, 1, 1, 1, 1, 1, 1], [1, 1, 1, 1, 1, 1, 1, 1, 1, 1, 1, 1, 1, 1, 1, 1, 1, 1, 1, 1, 1, 1, 1, 1, 1, 1, 1, 1, 1, 1, 1, 1, 1, 1, 1, 1, 1, 1, 1, 1, 1, 1, 1, 1, 1, 1, 1, 1, 1, 1], [1, 1, 1, 1, 1, 1, 1, 1, 1, 1, 1, 1, 1, 1, 1, 1, 1, 1, 1, 1, 1, 1, 1, 1, 1, 1, 1, 1, 1, 1, 1, 1, 1, 1, 1, 1, 1, 1, 1, 1, 1, 1, 1, 1, 1, 1, 1, 1, 1, 1]]

means=tensor([3.7493e-05, 1.1105e-03, 4.0200e-04, 8.9715e-04, 4.1633e-04, 4.7092e-04,
        7.9164e-04, 6.2952e-04, 8.3591e-04, 1.1405e-03, 5.4707e-04, 1.2300e-06,
        1.8940e-04, 5.3821e-05, 5.6287e-04, 7.4271e-05, 8.4262e-05, 9.9332e-05,
        9.5528e-05, 2.8299e-04, 1.1151e-04, 1.8935e-04, 8.5036e-05, 2.1971e-04,
        1.3209e-04, 1.3695e-04, 3.3728e-05, 1.4663e-05, 1.8879e-04, 3.0608e-04,
        7.2684e-05, 3.8838e-05, 1.9722e-04, 7.5011e-05, 1.1139e-04, 1.0454e-04,
        1.0338e-04, 2.1301e-04, 1.6734e-04, 3.6166e-05, 5.2689e-05, 1.4720e-04,
        1.2215e-04, 4.9242e-04, 1.1946e-04, 7.7971e-05, 1.6409e-04, 3.3826e-04,
        3.5938e-04, 1.8286e-04, 1.3140e-05, 2.6534e-06, 1.2099e-04, 1.9947e-04,
        1.4859e-05, 8.7218e-05, 2.3233e-04, 6.6049e-05, 2.7888e-04, 3.9487e-07,
        1.3622e-04, 1.8222e-04, 5.2308e-05, 1.9032e-04, 7.9665e-05, 1.1163e-04,
        1.9426e-04, 4.4116e-05, 7.0219e-05, 4.4225e-05, 1.1489e-04, 8.4236e-06,
        1.4913e-04, 4.1657e-05, 8.7171e-05, 4.6730e-05, 1.2932e-04, 7.7108e-05,
        8.7514e-05, 5.3856e-06, 2.0167e-04, 2.3018e-05, 1.0066e-04, 6.8563e-05,
        4.8037e-05, 1.5419e-04, 4.3324e-05, 1.3137e-04, 1.2692e-04, 8.7590e-05,
        1.2670e-04, 7.7059e-05, 6.4923e-05, 1.4697e-04, 1.0626e-05, 2.2648e-05,
        4.2465e-06, 5.0389e-05, 2.9764e-05, 2.1516e-04, 2.1275e-04, 4.7875e-05,
        6.0154e-05, 5.9318e-05, 1.0573e-04, 1.9824e-04, 4.8698e-05, 1.7404e-04,
        9.6149e-07, 8.7177e-05, 2.0883e-05, 4.8117e-05, 6.4321e-05],
       grad_fn=<CatBackward>)

mean_overall=tensor(0.0002, grad_fn=<MeanBackward0>)

-----------------------------------------------ITERATION100-----------------------------------------------

final_causality=[[1, 1, 1, 1, 1, 1, 1, 1, 1, 1, 1, 1, 1], [1, 1, 1, 1, 1, 1, 1, 1, 1, 1, 1, 1, 1, 1, 1, 1, 1, 1, 1, 1, 1, 1, 1, 1, 1, 1, 1, 1, 1, 1, 1, 1, 1, 1, 1, 1, 1, 1, 1, 1, 1, 1, 1, 1, 1, 1, 1, 1, 1, 1], [1, 1, 1, 1, 1, 1, 1, 1, 1, 1, 1, 1, 1, 1, 1, 1, 1, 1, 1, 1, 1, 1, 1, 1, 1, 1, 1, 1, 1, 1, 1, 1, 1, 1, 1, 1, 1, 1, 1, 1, 1, 1, 1, 1, 1, 1, 1, 1, 1, 1]]

means=tensor([4.5028e-05, 1.3128e-03, 4.9556e-04, 1.0677e-03, 5.0064e-04, 5.7871e-04,
        9.2707e-04, 7.6051e-04, 1.0160e-03, 1.3282e-03, 6.4366e-04, 4.3634e-06,
        2.2100e-04, 5.4751e-05, 5.8452e-04, 8.2620e-05, 9.4183e-05, 1.0622e-04,
        9.9619e-05, 3.1988e-04, 1.2272e-04, 2.3062e-04, 8.7419e-05, 2.5048e-04,
        1.5302e-04, 1.4445e-04, 3.7826e-05, 1.9453e-05, 1.9391e-04, 3.3846e-04,
        9.6484e-05, 4.3081e-05, 2.2353e-04, 8.6285e-05, 1.1712e-04, 1.1001e-04,
        1.1796e-04, 2.3152e-04, 1.7296e-04, 3.6499e-05, 6.0061e-05, 1.8875e-04,
        1.3132e-04, 5.3967e-04, 1.4672e-04, 9.0242e-05, 1.7536e-04, 3.7518e-04,
        3.8642e-04, 1.8928e-04, 1.0708e-05, 1.5370e-06, 1.4357e-04, 2.2340e-04,
        1.5516e-05, 9.9482e-05, 2.6200e-04, 7.0875e-05, 2.9095e-04, 4.0780e-06,
        1.4857e-04, 1.8758e-04, 6.0344e-05, 2.0452e-04, 8.8713e-05, 1.1057e-04,
        2.0448e-04, 4.9001e-05, 7.6886e-05, 4.8857e-05, 1.2779e-04, 8.5342e-06,
        1.6003e-04, 4.3797e-05, 9.2058e-05, 5.4082e-05, 1.4471e-04, 8.4184e-05,
        9.7901e-05, 6.6235e-06, 1.9758e-04, 2.5460e-05, 1.0230e-04, 7.3699e-05,
        5.2702e-05, 1.7134e-04, 5.0736e-05, 1.4026e-04, 1.2970e-04, 8.7972e-05,
        1.2999e-04, 8.1846e-05, 7.3321e-05, 1.6506e-04, 1.2237e-05, 2.5935e-05,
        4.3595e-06, 5.6137e-05, 3.1909e-05, 2.3893e-04, 2.3373e-04, 5.3044e-05,
        6.5456e-05, 5.8752e-05, 1.1835e-04, 2.1629e-04, 5.1109e-05, 1.9316e-04,
        1.1808e-06, 9.3682e-05, 2.3236e-05, 5.5596e-05, 7.5231e-05],
       grad_fn=<CatBackward>)

mean_overall=tensor(0.0002, grad_fn=<MeanBackward0>)

-----------------------------------------------ITERATION110-----------------------------------------------

final_causality=[[1, 1, 1, 1, 1, 1, 1, 1, 1, 1, 1, 1, 1], [1, 1, 1, 1, 1, 1, 1, 1, 1, 1, 1, 1, 1, 1, 1, 1, 1, 1, 1, 1, 1, 1, 1, 1, 1, 1, 1, 1, 1, 1, 1, 1, 1, 1, 1, 1, 1, 1, 1, 1, 1, 1, 1, 1, 1, 1, 1, 1, 1, 1], [1, 1, 1, 1, 1, 1, 1, 1, 1, 1, 1, 1, 1, 1, 1, 1, 1, 1, 1, 1, 1, 1, 1, 1, 1, 1, 1, 1, 1, 1, 1, 1, 1, 1, 1, 1, 1, 1, 1, 1, 1, 1, 1, 1, 1, 1, 1, 1, 1, 1]]

means=tensor([5.4156e-05, 1.5464e-03, 6.0501e-04, 1.2672e-03, 5.9905e-04, 7.0476e-04,
        1.0863e-03, 9.1103e-04, 1.2272e-03, 1.5442e-03, 7.6024e-04, 1.3428e-05,
        2.5774e-04, 5.6002e-05, 6.0948e-04, 9.2225e-05, 1.0588e-04, 1.1417e-04,
        1.0495e-04, 3.6276e-04, 1.3584e-04, 2.7955e-04, 9.0934e-05, 2.8843e-04,
        1.8012e-04, 1.5304e-04, 4.2433e-05, 2.5135e-05, 1.9991e-04, 3.7548e-04,
        1.2514e-04, 4.8328e-05, 2.5532e-04, 1.0011e-04, 1.2446e-04, 1.1650e-04,
        1.3523e-04, 2.5259e-04, 1.7958e-04, 3.7277e-05, 6.9259e-05, 2.3586e-04,
        1.4182e-04, 5.9311e-04, 1.7763e-04, 1.0485e-04, 1.8912e-04, 4.1724e-04,
        4.1704e-04, 1.9738e-04, 8.1727e-06, 3.6771e-07, 1.7063e-04, 2.5107e-04,
        1.6591e-05, 1.1446e-04, 2.9468e-04, 7.7462e-05, 3.0548e-04, 1.1268e-05,
        1.6432e-04, 1.9463e-04, 7.0629e-05, 2.2114e-04, 9.9613e-05, 1.0958e-04,
        2.2212e-04, 5.4721e-05, 8.4576e-05, 5.4405e-05, 1.4266e-04, 8.8327e-06,
        1.7313e-04, 4.6057e-05, 9.7724e-05, 6.2627e-05, 1.6219e-04, 9.3757e-05,
        1.0950e-04, 7.9908e-06, 1.9513e-04, 2.8893e-05, 1.0981e-04, 8.0994e-05,
        5.8093e-05, 1.9090e-04, 5.9632e-05, 1.5049e-04, 1.3277e-04, 8.8607e-05,
        1.3377e-04, 8.9790e-05, 8.3558e-05, 1.8495e-04, 1.4177e-05, 2.9837e-05,
        4.6460e-06, 6.2894e-05, 3.5138e-05, 2.6803e-04, 2.5875e-04, 5.9100e-05,
        7.1662e-05, 5.8395e-05, 1.3309e-04, 2.3647e-04, 5.3939e-05, 2.1495e-04,
        1.3832e-06, 1.0121e-04, 2.5948e-05, 6.4250e-05, 8.7703e-05],
       grad_fn=<CatBackward>)

mean_overall=tensor(0.0002, grad_fn=<MeanBackward0>)

-----------------------------------------------ITERATION120-----------------------------------------------

final_causality=[[1, 1, 1, 1, 1, 1, 1, 1, 1, 1, 1, 1, 1], [1, 1, 1, 1, 1, 1, 1, 1, 1, 1, 1, 1, 1, 1, 1, 1, 1, 1, 1, 1, 1, 1, 1, 1, 1, 1, 1, 1, 1, 1, 1, 1, 1, 1, 1, 1, 1, 1, 1, 1, 1, 1, 1, 1, 1, 1, 1, 1, 1, 1], [1, 1, 1, 1, 1, 1, 1, 1, 1, 1, 1, 1, 1, 1, 1, 1, 1, 1, 1, 1, 1, 1, 1, 1, 1, 1, 1, 1, 1, 1, 1, 1, 1, 1, 1, 1, 1, 1, 1, 1, 1, 1, 1, 1, 1, 1, 1, 1, 1, 1]]

means=tensor([6.5328e-05, 1.8154e-03, 7.3324e-04, 1.4978e-03, 7.1325e-04, 8.5339e-04,
        1.2704e-03, 1.0840e-03, 1.4726e-03, 1.7929e-03, 8.9758e-04, 2.5551e-05,
        3.0052e-04, 5.7397e-05, 6.3748e-04, 1.0335e-04, 1.1974e-04, 1.2322e-04,
        1.1139e-04, 4.1186e-04, 1.5092e-04, 3.3647e-04, 9.5484e-05, 3.3331e-04,
        2.1506e-04, 1.6270e-04, 4.8666e-05, 3.2061e-05, 2.0673e-04, 4.1753e-04,
        1.5931e-04, 5.4553e-05, 2.9183e-04, 1.1640e-04, 1.3310e-04, 1.2390e-04,
        1.5502e-04, 2.7632e-04, 1.8710e-04, 3.8135e-05, 8.0245e-05, 2.9001e-04,
        1.5362e-04, 6.5311e-04, 2.1313e-04, 1.2206e-04, 2.0514e-04, 4.6483e-04,
        4.5007e-04, 2.0682e-04, 5.2741e-06, 2.6610e-06, 2.0245e-04, 2.8282e-04,
        1.7902e-05, 1.3171e-04, 3.3243e-04, 8.5206e-05, 3.2211e-04, 2.0460e-05,
        1.8419e-04, 2.0278e-04, 8.1964e-05, 2.4600e-04, 1.1269e-04, 1.1177e-04,
        2.4290e-04, 6.1487e-05, 9.3312e-05, 6.1181e-05, 1.5954e-04, 9.6733e-06,
        1.9152e-04, 4.9357e-05, 1.0841e-04, 7.2654e-05, 1.8228e-04, 1.0842e-04,
        1.2252e-04, 9.6150e-06, 1.9560e-04, 3.3104e-05, 1.1945e-04, 8.9484e-05,
        6.4242e-05, 2.1307e-04, 6.9730e-05, 1.6204e-04, 1.4459e-04, 9.2611e-05,
        1.3821e-04, 9.8935e-05, 9.4801e-05, 2.0680e-04, 1.6580e-05, 3.4383e-05,
        5.0783e-06, 7.0693e-05, 3.9481e-05, 3.0248e-04, 2.8778e-04, 6.6321e-05,
        7.9056e-05, 5.8266e-05, 1.4973e-04, 2.5891e-04, 6.4368e-05, 2.3986e-04,
        1.5923e-06, 1.1003e-04, 2.9353e-05, 7.4272e-05, 1.0171e-04],
       grad_fn=<CatBackward>)

mean_overall=tensor(0.0002, grad_fn=<MeanBackward0>)

-----------------------------------------------ITERATION130-----------------------------------------------

final_causality=[[1, 1, 1, 1, 1, 1, 1, 1, 1, 1, 1, 1, 1], [1, 1, 1, 1, 1, 1, 1, 1, 1, 1, 1, 1, 1, 1, 1, 1, 1, 1, 1, 1, 1, 1, 1, 1, 1, 1, 1, 1, 1, 1, 1, 1, 1, 1, 1, 1, 1, 1, 1, 1, 1, 1, 1, 1, 1, 1, 1, 1, 1, 1], [1, 1, 1, 1, 1, 1, 1, 1, 1, 1, 1, 1, 1, 1, 1, 1, 1, 1, 1, 1, 1, 1, 1, 1, 1, 1, 1, 1, 1, 1, 1, 1, 1, 1, 1, 1, 1, 1, 1, 1, 1, 1, 1, 1, 1, 1, 1, 1, 1, 1]]

means=tensor([7.8957e-05, 2.1254e-03, 8.8364e-04, 1.7638e-03, 8.4570e-04, 1.0290e-03,
        1.4821e-03, 1.2829e-03, 1.7574e-03, 2.0799e-03, 1.0580e-03, 4.0834e-05,
        3.5041e-04, 5.8823e-05, 6.6868e-04, 1.1635e-04, 1.3603e-04, 1.3346e-04,
        1.1930e-04, 4.6786e-04, 1.6815e-04, 4.0227e-04, 1.0146e-04, 3.8496e-04,
        2.5529e-04, 1.7349e-04, 5.7361e-05, 4.0614e-05, 2.1436e-04, 4.6530e-04,
        2.0013e-04, 6.1803e-05, 3.3343e-04, 1.3530e-04, 1.4299e-04, 1.3221e-04,
        1.7742e-04, 3.0299e-04, 1.9553e-04, 3.8833e-05, 9.3154e-05, 3.5261e-04,
        1.6685e-04, 7.2045e-04, 2.5414e-04, 1.4263e-04, 2.2360e-04, 5.1872e-04,
        4.8515e-04, 2.1753e-04, 1.7707e-06, 1.2140e-05, 2.3961e-04, 3.1924e-04,
        1.9341e-05, 1.5114e-04, 3.7598e-04, 9.3867e-05, 3.4083e-04, 3.2319e-05,
        2.0717e-04, 2.1182e-04, 9.3828e-05, 2.8221e-04, 1.2831e-04, 1.2241e-04,
        2.6658e-04, 7.1035e-05, 1.0386e-04, 6.9877e-05, 1.7862e-04, 1.2165e-05,
        2.1212e-04, 5.5797e-05, 1.2214e-04, 8.4479e-05, 2.0564e-04, 1.2519e-04,
        1.3722e-04, 1.1623e-05, 1.9647e-04, 3.9366e-05, 1.3078e-04, 1.0315e-04,
        7.1227e-05, 2.3828e-04, 8.3061e-05, 1.7490e-04, 1.6569e-04, 9.8313e-05,
        1.4348e-04, 1.0934e-04, 1.0707e-04, 2.3084e-04, 1.9597e-05, 3.9664e-05,
        5.7304e-06, 7.9515e-05, 4.5143e-05, 3.4219e-04, 3.2089e-04, 7.5013e-05,
        8.7959e-05, 6.0638e-05, 1.6837e-04, 2.8397e-04, 7.8504e-05, 2.6827e-04,
        1.9360e-06, 1.2045e-04, 3.3630e-05, 8.6882e-05, 1.1730e-04],
       grad_fn=<CatBackward>)

mean_overall=tensor(0.0003, grad_fn=<MeanBackward0>)

-----------------------------------------------ITERATION140-----------------------------------------------

final_causality=[[1, 1, 1, 1, 1, 1, 1, 1, 1, 1, 1, 1, 1], [1, 1, 1, 1, 1, 1, 1, 1, 1, 1, 1, 1, 1, 1, 1, 1, 1, 1, 1, 1, 1, 1, 1, 1, 1, 1, 1, 1, 1, 1, 1, 1, 1, 1, 1, 1, 1, 1, 1, 1, 1, 1, 1, 1, 1, 1, 1, 1, 1, 1], [1, 1, 1, 1, 1, 1, 1, 1, 1, 1, 1, 1, 1, 1, 1, 1, 1, 1, 1, 1, 1, 1, 1, 1, 1, 1, 1, 1, 1, 1, 1, 1, 1, 1, 1, 1, 1, 1, 1, 1, 1, 1, 1, 1, 1, 1, 1, 1, 1, 1]]

means=tensor([9.5330e-05, 2.4838e-03, 1.0593e-03, 2.0715e-03, 1.0006e-03, 1.2353e-03,
        1.7284e-03, 1.5134e-03, 2.0863e-03, 2.4131e-03, 1.2456e-03, 5.9641e-05,
        4.0885e-04, 6.0220e-05, 7.0344e-04, 1.3330e-04, 1.5493e-04, 1.4511e-04,
        1.2808e-04, 5.3192e-04, 1.8788e-04, 4.7828e-04, 1.0828e-04, 4.4444e-04,
        3.0162e-04, 1.8560e-04, 6.9140e-05, 5.1215e-05, 2.2287e-04, 5.1977e-04,
        2.4876e-04, 7.0263e-05, 3.8100e-04, 1.5720e-04, 1.5429e-04, 1.4146e-04,
        2.0284e-04, 3.3303e-04, 2.0496e-04, 3.9324e-05, 1.0829e-04, 4.2506e-04,
        1.8183e-04, 7.9638e-04, 3.0525e-04, 1.6728e-04, 2.4477e-04, 5.7997e-04,
        5.2247e-04, 2.2962e-04, 2.6369e-06, 2.3502e-05, 2.8300e-04, 3.6114e-04,
        2.0897e-05, 1.7305e-04, 4.2444e-04, 1.0351e-04, 3.6190e-04, 4.7899e-05,
        2.3369e-04, 2.2175e-04, 1.0625e-04, 3.2350e-04, 1.4693e-04, 1.3466e-04,
        2.9355e-04, 8.2985e-05, 1.1638e-04, 8.2585e-05, 2.0036e-04, 1.5609e-05,
        2.3560e-04, 6.3626e-05, 1.3830e-04, 9.8534e-05, 2.3295e-04, 1.4441e-04,
        1.5396e-04, 1.4134e-05, 1.9820e-04, 4.8043e-05, 1.4513e-04, 1.1863e-04,
        7.9232e-05, 2.6709e-04, 9.8505e-05, 1.8923e-04, 1.8935e-04, 1.0659e-04,
        1.5092e-04, 1.2114e-04, 1.2050e-04, 2.5737e-04, 2.3407e-05, 4.5916e-05,
        6.7697e-06, 8.9345e-05, 5.2505e-05, 3.8813e-04, 3.5856e-04, 8.5515e-05,
        9.8712e-05, 6.6742e-05, 1.8931e-04, 3.1222e-04, 9.4343e-05, 3.0066e-04,
        2.4280e-06, 1.3593e-04, 3.8855e-05, 1.0165e-04, 1.3476e-04],
       grad_fn=<CatBackward>)

mean_overall=tensor(0.0003, grad_fn=<MeanBackward0>)

-----------------------------------------------ITERATION150-----------------------------------------------

final_causality=[[1, 1, 1, 1, 1, 1, 1, 1, 1, 1, 1, 1, 1], [1, 1, 1, 1, 1, 1, 1, 1, 1, 1, 1, 1, 1, 1, 1, 1, 1, 1, 1, 1, 1, 1, 1, 1, 1, 1, 1, 1, 1, 1, 1, 1, 1, 1, 1, 1, 1, 1, 1, 1, 1, 1, 1, 1, 1, 1, 1, 1, 1, 1], [1, 1, 1, 1, 1, 1, 1, 1, 1, 1, 1, 1, 1, 1, 1, 1, 1, 1, 1, 1, 1, 1, 1, 1, 1, 1, 1, 1, 1, 1, 1, 1, 1, 1, 1, 1, 1, 1, 1, 1, 1, 1, 1, 1, 1, 1, 1, 1, 1, 1]]

means=tensor([1.1486e-04, 2.9022e-03, 1.2642e-03, 2.4281e-03, 1.1840e-03, 1.4794e-03,
        2.0189e-03, 1.7809e-03, 2.4661e-03, 2.8033e-03, 1.4647e-03, 8.2966e-05,
        4.7727e-04, 6.1558e-05, 7.4252e-04, 1.5459e-04, 1.7702e-04, 1.5849e-04,
        1.3790e-04, 6.0569e-04, 2.1065e-04, 5.6633e-04, 1.1623e-04, 5.1334e-04,
        3.5660e-04, 1.9934e-04, 8.4677e-05, 6.5635e-05, 2.3244e-04, 5.8233e-04,
        3.0658e-04, 8.0236e-05, 4.3575e-04, 1.8272e-04, 1.6738e-04, 1.5179e-04,
        2.3188e-04, 3.6711e-04, 2.1562e-04, 3.9641e-05, 1.2698e-04, 5.1157e-04,
        1.9904e-04, 8.8265e-04, 3.6597e-04, 1.9723e-04, 2.6927e-04, 6.5019e-04,
        5.6259e-04, 2.4335e-04, 1.4381e-05, 3.6428e-05, 3.3389e-04, 4.0970e-04,
        2.2608e-05, 2.0010e-04, 4.7879e-04, 1.1438e-04, 3.8581e-04, 6.8487e-05,
        2.6443e-04, 2.3473e-04, 1.2163e-04, 3.7049e-04, 1.6916e-04, 1.4854e-04,
        3.2417e-04, 9.7370e-05, 1.3075e-04, 9.8517e-05, 2.2760e-04, 2.0164e-05,
        2.6348e-04, 7.3304e-05, 1.5741e-04, 1.1534e-04, 2.6505e-04, 1.6876e-04,
        1.7393e-04, 1.7325e-05, 2.0799e-04, 5.9114e-05, 1.6860e-04, 1.3640e-04,
        8.8544e-05, 3.0030e-04, 1.1613e-04, 2.0543e-04, 2.1634e-04, 1.1596e-04,
        1.5992e-04, 1.4046e-04, 1.3535e-04, 2.8672e-04, 2.8185e-05, 5.3545e-05,
        8.3413e-06, 1.0028e-04, 6.3126e-05, 4.4155e-04, 4.0157e-04, 9.8285e-05,
        1.1176e-04, 7.3856e-05, 2.1303e-04, 3.4424e-04, 1.1295e-04, 3.3784e-04,
        3.0755e-06, 1.5519e-04, 4.5182e-05, 1.1883e-04, 1.5456e-04],
       grad_fn=<CatBackward>)

mean_overall=tensor(0.0004, grad_fn=<MeanBackward0>)

-----------------------------------------------ITERATION160-----------------------------------------------

final_causality=[[1, 1, 1, 1, 1, 1, 1, 1, 1, 1, 1, 1, 1], [1, 1, 1, 1, 1, 1, 1, 1, 1, 1, 1, 1, 1, 1, 1, 1, 1, 1, 1, 1, 1, 1, 1, 1, 1, 1, 1, 1, 1, 1, 1, 1, 1, 1, 1, 1, 1, 1, 1, 1, 1, 1, 1, 1, 1, 1, 1, 1, 1, 1], [1, 1, 1, 1, 1, 1, 1, 1, 1, 1, 1, 1, 1, 1, 1, 1, 1, 1, 1, 1, 1, 1, 1, 1, 1, 1, 1, 1, 1, 1, 1, 1, 1, 1, 1, 1, 1, 1, 1, 1, 1, 1, 1, 1, 1, 1, 1, 1, 1, 1]]

means=tensor([1.3840e-04, 3.3917e-03, 1.5053e-03, 2.8447e-03, 1.4011e-03, 1.7685e-03,
        2.3610e-03, 2.0939e-03, 2.9096e-03, 3.2618e-03, 1.7233e-03, 1.1154e-04,
        5.5809e-04, 6.2814e-05, 7.8666e-04, 1.7990e-04, 2.0306e-04, 1.7393e-04,
        1.4890e-04, 6.9104e-04, 2.3707e-04, 6.6864e-04, 1.2558e-04, 5.9351e-04,
        4.2071e-04, 2.1505e-04, 1.0476e-04, 8.6860e-05, 2.4321e-04, 6.5454e-04,
        3.7526e-04, 9.2075e-05, 4.9920e-04, 2.1256e-04, 1.8262e-04, 1.6337e-04,
        2.6838e-04, 4.0607e-04, 2.2770e-04, 3.9754e-05, 1.5035e-04, 6.1366e-04,
        2.1876e-04, 9.8125e-04, 4.3786e-04, 2.3415e-04, 2.9784e-04, 7.3115e-04,
        6.0618e-04, 2.5904e-04, 3.0643e-05, 5.0805e-05, 3.9374e-04, 4.6637e-04,
        2.4516e-05, 2.3476e-04, 5.4012e-04, 1.2681e-04, 4.1407e-04, 9.5600e-05,
        3.0188e-04, 2.5436e-04, 1.3957e-04, 4.2384e-04, 1.9574e-04, 1.6419e-04,
        3.5880e-04, 1.1476e-04, 1.4739e-04, 1.1845e-04, 2.6112e-04, 2.6632e-05,
        2.9450e-04, 8.5316e-05, 1.8004e-04, 1.3553e-04, 3.0279e-04, 1.9830e-04,
        1.9798e-04, 2.1510e-05, 2.1943e-04, 7.2564e-05, 2.0515e-04, 1.5704e-04,
        9.9507e-05, 3.3870e-04, 1.3637e-04, 2.2401e-04, 2.4742e-04, 1.2795e-04,
        1.7230e-04, 1.6681e-04, 1.5214e-04, 3.1919e-04, 3.4260e-05, 6.3026e-05,
        1.0507e-05, 1.1356e-04, 7.5942e-05, 5.0367e-04, 4.5096e-04, 1.1380e-04,
        1.2758e-04, 8.4314e-05, 2.4010e-04, 3.8058e-04, 1.3648e-04, 3.8074e-04,
        4.1224e-06, 1.7791e-04, 5.2873e-05, 1.3878e-04, 1.7728e-04],
       grad_fn=<CatBackward>)

mean_overall=tensor(0.0004, grad_fn=<MeanBackward0>)

-----------------------------------------------ITERATION170-----------------------------------------------

final_causality=[[1, 1, 1, 1, 1, 1, 1, 1, 1, 1, 1, 1, 1], [1, 1, 1, 1, 1, 1, 1, 1, 1, 1, 1, 1, 1, 1, 1, 1, 1, 1, 1, 1, 1, 1, 1, 1, 1, 1, 1, 1, 1, 1, 1, 1, 1, 1, 1, 1, 1, 1, 1, 1, 1, 1, 1, 1, 1, 1, 1, 1, 1, 1], [1, 1, 1, 1, 1, 1, 1, 1, 1, 1, 1, 1, 1, 1, 1, 1, 1, 1, 1, 1, 1, 1, 1, 1, 1, 1, 1, 1, 1, 1, 1, 1, 1, 1, 1, 1, 1, 1, 1, 1, 1, 1, 1, 1, 1, 1, 1, 1, 1, 1]]

means=tensor([1.6699e-04, 3.9661e-03, 1.7909e-03, 3.3347e-03, 1.6591e-03, 2.1119e-03,
        2.7646e-03, 2.4625e-03, 3.4316e-03, 3.8029e-03, 2.0300e-03, 1.4655e-04,
        6.5422e-04, 6.3881e-05, 8.3676e-04, 2.0997e-04, 2.3392e-04, 1.9183e-04,
        1.6119e-04, 7.9028e-04, 2.6784e-04, 7.8792e-04, 1.3655e-04, 6.8717e-04,
        4.9560e-04, 2.3310e-04, 1.3041e-04, 1.1586e-04, 2.5532e-04, 7.3829e-04,
        4.5796e-04, 1.0616e-04, 5.7313e-04, 2.4826e-04, 2.0040e-04, 1.7637e-04,
        3.1402e-04, 4.5084e-04, 2.4138e-04, 3.9509e-05, 1.7848e-04, 7.3334e-04,
        2.4148e-04, 1.0946e-03, 5.2322e-04, 2.7880e-04, 3.3134e-04, 8.2504e-04,
        6.5392e-04, 2.7703e-04, 5.1491e-05, 6.6569e-05, 4.6434e-04, 5.3287e-04,
        2.6653e-05, 2.7570e-04, 6.0970e-04, 1.4107e-04, 4.4921e-04, 1.3106e-04,
        3.4737e-04, 2.7699e-04, 1.6029e-04, 4.8434e-04, 2.2749e-04, 1.8185e-04,
        3.9793e-04, 1.3586e-04, 1.6684e-04, 1.4335e-04, 2.9969e-04, 3.5574e-05,
        3.2986e-04, 1.0023e-04, 2.0688e-04, 1.5990e-04, 3.4723e-04, 2.3276e-04,
        2.2590e-04, 2.7548e-05, 2.3273e-04, 8.8941e-05, 2.4780e-04, 1.8123e-04,
        1.1254e-04, 3.8324e-04, 1.5978e-04, 2.4544e-04, 2.8771e-04, 1.4955e-04,
        1.9347e-04, 1.9704e-04, 1.7179e-04, 3.5525e-04, 4.4550e-05, 7.5444e-05,
        1.3554e-05, 1.2864e-04, 9.1453e-05, 5.7593e-04, 5.0780e-04, 1.3268e-04,
        1.4676e-04, 1.0213e-04, 2.7125e-04, 4.2187e-04, 1.6277e-04, 4.3046e-04,
        5.8699e-06, 2.0544e-04, 6.2894e-05, 1.6193e-04, 2.0360e-04],
       grad_fn=<CatBackward>)

mean_overall=tensor(0.0005, grad_fn=<MeanBackward0>)

-----------------------------------------------ITERATION180-----------------------------------------------

final_causality=[[1, 1, 1, 1, 1, 1, 1, 1, 1, 1, 1, 1, 1], [1, 1, 1, 1, 1, 1, 1, 1, 1, 1, 1, 1, 1, 1, 1, 1, 1, 1, 1, 1, 1, 1, 1, 1, 1, 1, 1, 1, 1, 1, 1, 1, 1, 1, 1, 1, 1, 1, 1, 1, 1, 1, 1, 1, 1, 1, 1, 1, 1, 1], [1, 1, 1, 1, 1, 1, 1, 1, 1, 1, 1, 1, 1, 1, 1, 1, 1, 1, 1, 1, 1, 1, 1, 1, 1, 1, 1, 1, 1, 1, 1, 1, 1, 1, 1, 1, 1, 1, 1, 1, 1, 1, 1, 1, 1, 1, 1, 1, 1, 1]]

means=tensor([2.0181e-04, 4.6434e-03, 2.1307e-03, 3.9138e-03, 1.9667e-03, 2.5217e-03,
        3.2422e-03, 2.8984e-03, 4.0491e-03, 4.4445e-03, 2.3951e-03, 1.8966e-04,
        7.6902e-04, 6.4557e-05, 8.9388e-04, 2.4586e-04, 2.7062e-04, 2.1263e-04,
        1.7486e-04, 9.0618e-04, 3.0378e-04, 9.2752e-04, 1.4936e-04, 7.9705e-04,
        5.8332e-04, 2.5395e-04, 1.6283e-04, 1.5377e-04, 2.6882e-04, 8.3591e-04,
        5.5680e-04, 1.2295e-04, 6.5980e-04, 2.9248e-04, 2.2112e-04, 1.9097e-04,
        3.6817e-04, 5.0255e-04, 2.5681e-04, 3.8615e-05, 2.1266e-04, 8.7420e-04,
        2.6781e-04, 1.2257e-03, 6.2491e-04, 3.3296e-04, 3.7076e-04, 9.3457e-04,
        7.0659e-04, 2.9769e-04, 7.8070e-05, 8.3650e-05, 5.4789e-04, 6.1135e-04,
        2.9013e-05, 3.2427e-04, 6.8911e-04, 1.6050e-04, 4.8960e-04, 1.7704e-04,
        4.0134e-04, 3.0320e-04, 1.8438e-04, 5.5297e-04, 2.6532e-04, 2.0187e-04,
        4.4226e-04, 1.6157e-04, 1.8978e-04, 1.7434e-04, 3.4431e-04, 4.9064e-05,
        3.7026e-04, 1.1872e-04, 2.3872e-04, 1.8941e-04, 3.9964e-04, 2.7321e-04,
        2.5850e-04, 3.7834e-05, 2.4819e-04, 1.0895e-04, 2.9737e-04, 2.0971e-04,
        1.2816e-04, 4.3496e-04, 1.8712e-04, 2.7019e-04, 3.3641e-04, 1.7382e-04,
        2.1830e-04, 2.3438e-04, 1.9406e-04, 3.9556e-04, 5.7928e-05, 9.1180e-05,
        1.7886e-05, 1.4560e-04, 1.1030e-04, 6.5995e-04, 5.7321e-04, 1.5871e-04,
        1.6999e-04, 1.2252e-04, 3.0727e-04, 4.6890e-04, 1.9240e-04, 4.8821e-04,
        8.4611e-06, 2.3968e-04, 7.6072e-05, 1.8892e-04, 2.3426e-04],
       grad_fn=<CatBackward>)

mean_overall=tensor(0.0006, grad_fn=<MeanBackward0>)

-----------------------------------------------ITERATION190-----------------------------------------------

final_causality=[[1, 1, 1, 1, 1, 1, 1, 1, 1, 1, 1, 1, 1], [1, 1, 1, 1, 1, 1, 1, 1, 1, 1, 1, 1, 1, 1, 1, 1, 1, 1, 1, 1, 1, 1, 1, 1, 1, 1, 1, 1, 1, 1, 1, 1, 1, 1, 1, 1, 1, 1, 1, 1, 1, 1, 1, 1, 1, 1, 1, 1, 1, 1], [1, 1, 1, 1, 1, 1, 1, 1, 1, 1, 1, 1, 1, 1, 1, 1, 1, 1, 1, 1, 1, 1, 1, 1, 1, 1, 1, 1, 1, 1, 1, 1, 1, 1, 1, 1, 1, 1, 1, 1, 1, 1, 1, 1, 1, 1, 1, 1, 1, 1]]

means=tensor([2.4432e-04, 5.4456e-03, 2.5364e-03, 4.6011e-03, 2.3349e-03, 3.0127e-03,
        3.8096e-03, 3.4164e-03, 4.7830e-03, 5.2084e-03, 2.8312e-03, 2.4299e-04,
        9.0651e-04, 6.4545e-05, 9.5928e-04, 2.8891e-04, 3.1449e-04, 2.3975e-04,
        1.8999e-04, 1.0422e-03, 3.4595e-04, 1.0916e-03, 1.6429e-04, 9.2652e-04,
        6.8641e-04, 2.8102e-04, 2.0333e-04, 2.0302e-04, 2.8373e-04, 9.5030e-04,
        6.7725e-04, 1.4366e-04, 7.6198e-04, 3.4511e-04, 2.4531e-04, 2.0737e-04,
        4.3275e-04, 5.6259e-04, 2.7417e-04, 3.6684e-05, 2.5520e-04, 1.0406e-03,
        2.9846e-04, 1.3783e-03, 7.4645e-04, 3.9879e-04, 4.1734e-04, 1.0631e-03,
        7.6509e-04, 3.2146e-04, 1.1222e-04, 1.0193e-04, 6.4716e-04, 7.0449e-04,
        3.1528e-05, 3.8211e-04, 7.8026e-04, 1.8431e-04, 5.3618e-04, 2.3614e-04,
        4.6570e-04, 3.3366e-04, 2.1257e-04, 6.3095e-04, 3.1028e-04, 2.2892e-04,
        4.9271e-04, 1.9299e-04, 2.1708e-04, 2.1277e-04, 3.9621e-04, 6.8086e-05,
        4.1547e-04, 1.4155e-04, 2.7650e-04, 2.2522e-04, 4.6147e-04, 3.2095e-04,
        2.9672e-04, 5.2774e-05, 2.6613e-04, 1.3347e-04, 3.5476e-04, 2.4343e-04,
        1.4703e-04, 4.9515e-04, 2.1934e-04, 2.9880e-04, 3.9291e-04, 2.0117e-04,
        2.4809e-04, 2.7717e-04, 2.2031e-04, 4.4097e-04, 7.5305e-05, 1.1123e-04,
        2.4092e-05, 1.6479e-04, 1.3326e-04, 7.5750e-04, 6.4847e-04, 1.9323e-04,
        1.9915e-04, 1.4611e-04, 3.4917e-04, 5.2263e-04, 2.2609e-04, 5.5532e-04,
        1.2807e-05, 2.8126e-04, 9.7098e-05, 2.2268e-04, 2.7020e-04],
       grad_fn=<CatBackward>)

mean_overall=tensor(0.0007, grad_fn=<MeanBackward0>)

-----------------------------------------------ITERATION200-----------------------------------------------

final_causality=[[1, 1, 1, 1, 1, 1, 1, 1, 1, 1, 1, 1, 1], [1, 1, 1, 1, 1, 1, 1, 1, 1, 1, 1, 1, 1, 1, 1, 1, 1, 1, 1, 1, 1, 1, 1, 1, 1, 1, 1, 1, 1, 1, 1, 1, 1, 1, 1, 1, 1, 1, 1, 1, 1, 1, 1, 1, 1, 1, 1, 1, 1, 1], [1, 1, 1, 1, 1, 1, 1, 1, 1, 1, 1, 1, 1, 1, 1, 1, 1, 1, 1, 1, 1, 1, 1, 1, 1, 1, 1, 1, 1, 1, 1, 1, 1, 1, 1, 1, 1, 1, 1, 1, 1, 1, 1, 1, 1, 1, 1, 1, 1, 1]]

means=tensor([2.9639e-04, 6.3995e-03, 3.0222e-03, 5.4203e-03, 2.7772e-03, 3.6031e-03,
        4.4861e-03, 4.0342e-03, 5.6587e-03, 6.1215e-03, 3.3540e-03, 3.0914e-04,
        1.0716e-03, 6.3449e-05, 1.0345e-03, 3.4085e-04, 3.6724e-04, 2.7325e-04,
        2.0660e-04, 1.2027e-03, 3.9565e-04, 1.2852e-03, 1.8179e-04, 1.0797e-03,
        8.0795e-04, 3.1279e-04, 2.5325e-04, 2.6652e-04, 3.0002e-04, 1.0850e-03,
        8.2496e-04, 1.7225e-04, 8.8317e-04, 4.0795e-04, 2.7365e-04, 2.2579e-04,
        5.1018e-04, 6.3272e-04, 2.9362e-04, 3.3225e-05, 3.0717e-04, 1.2379e-03,
        3.3436e-04, 1.5568e-03, 8.9621e-04, 4.7890e-04, 4.7268e-04, 1.2149e-03,
        8.3052e-04, 3.4891e-04, 1.5618e-04, 1.2927e-04, 7.6556e-04, 8.1567e-04,
        3.4778e-05, 4.5129e-04, 8.8549e-04, 2.1306e-04, 5.9583e-04, 3.1138e-04,
        5.4282e-04, 3.6920e-04, 2.4582e-04, 7.1980e-04, 3.6356e-04, 2.7258e-04,
        5.5039e-04, 2.3140e-04, 2.4982e-04, 2.6018e-04, 4.5689e-04, 9.4578e-05,
        4.6636e-04, 1.6971e-04, 3.2133e-04, 2.6866e-04, 5.3440e-04, 3.7760e-04,
        3.4230e-04, 7.2982e-05, 2.8918e-04, 1.6353e-04, 4.2110e-04, 2.8359e-04,
        1.6999e-04, 5.6538e-04, 2.5766e-04, 3.3194e-04, 4.5869e-04, 2.3293e-04,
        2.8685e-04, 3.2776e-04, 2.5138e-04, 4.9249e-04, 9.8349e-05, 1.3691e-04,
        3.3032e-05, 1.8698e-04, 1.6130e-04, 8.7057e-04, 7.3518e-04, 2.3702e-04,
        2.3628e-04, 1.7371e-04, 3.9815e-04, 5.8423e-04, 2.6479e-04, 6.3330e-04,
        1.9595e-05, 3.3074e-04, 1.2364e-04, 2.6292e-04, 3.1254e-04],
       grad_fn=<CatBackward>)

mean_overall=tensor(0.0008, grad_fn=<MeanBackward0>)

-----------------------------------------------ITERATION210-----------------------------------------------

final_causality=[[1, 1, 1, 1, 1, 1, 1, 1, 1, 1, 1, 1, 1], [1, 1, 1, 1, 1, 1, 1, 1, 1, 1, 1, 1, 1, 1, 1, 1, 1, 1, 1, 1, 1, 1, 1, 1, 1, 1, 1, 1, 1, 1, 1, 1, 1, 1, 1, 1, 1, 1, 1, 1, 1, 1, 1, 1, 1, 1, 1, 1, 1, 1], [1, 1, 1, 1, 1, 1, 1, 1, 1, 1, 1, 1, 1, 1, 1, 1, 1, 1, 1, 1, 1, 1, 1, 1, 1, 1, 1, 1, 1, 1, 1, 1, 1, 1, 1, 1, 1, 1, 1, 1, 1, 1, 1, 1, 1, 1, 1, 1, 1, 1]]

means=tensor([3.6033e-04, 7.5379e-03, 3.6054e-03, 6.4004e-03, 3.3100e-03, 4.3153e-03,
        5.2954e-03, 4.7734e-03, 6.7075e-03, 7.2166e-03, 3.9825e-03, 3.9123e-04,
        1.2704e-03, 6.0729e-05, 1.1213e-03, 4.0385e-04, 4.3102e-04, 3.1337e-04,
        2.2463e-04, 1.3926e-03, 4.6233e-04, 1.5144e-03, 2.0244e-04, 1.2617e-03,
        9.5158e-04, 3.5007e-04, 3.1379e-04, 3.4772e-04, 3.1758e-04, 1.2441e-03,
        1.0030e-03, 2.0777e-04, 1.0277e-03, 4.8320e-04, 3.0704e-04, 2.4647e-04,
        6.0359e-04, 7.1506e-04, 3.1534e-04, 2.7554e-05, 3.7095e-04, 1.4722e-03,
        3.7662e-04, 1.7666e-03, 1.0770e-03, 5.7635e-04, 5.3881e-04, 1.3948e-03,
        9.0413e-04, 3.8069e-04, 2.1242e-04, 1.6263e-04, 9.0726e-04, 9.4909e-04,
        3.8832e-05, 5.3438e-04, 1.0076e-03, 2.4802e-04, 6.7000e-04, 4.0672e-04,
        6.3562e-04, 4.1086e-04, 2.8531e-04, 8.2135e-04, 4.2660e-04, 3.2257e-04,
        6.1668e-04, 2.7831e-04, 2.8933e-04, 3.1837e-04, 5.2815e-04, 1.3116e-04,
        5.2396e-04, 2.0506e-04, 3.7449e-04, 3.2129e-04, 6.2030e-04, 4.4636e-04,
        3.9746e-04, 1.0002e-04, 3.2118e-04, 2.0037e-04, 4.9777e-04, 3.3172e-04,
        1.9813e-04, 6.4757e-04, 3.0357e-04, 3.7049e-04, 5.3557e-04, 2.7032e-04,
        3.3725e-04, 3.8578e-04, 2.8730e-04, 5.5127e-04, 1.2829e-04, 1.6992e-04,
        4.5928e-05, 2.1325e-04, 1.9594e-04, 1.0014e-03, 8.3525e-04, 2.9060e-04,
        2.8112e-04, 2.0641e-04, 4.5570e-04, 6.5510e-04, 3.0964e-04, 7.2384e-04,
        2.9643e-05, 3.8963e-04, 1.5707e-04, 3.1078e-04, 3.6270e-04],
       grad_fn=<CatBackward>)

mean_overall=tensor(0.0009, grad_fn=<MeanBackward0>)

-----------------------------------------------ITERATION220-----------------------------------------------

final_causality=[[1, 1, 1, 1, 1, 1, 1, 1, 1, 1, 1, 1, 1], [1, 1, 1, 1, 1, 1, 1, 1, 1, 1, 1, 1, 1, 1, 1, 1, 1, 1, 1, 1, 1, 1, 1, 1, 1, 1, 1, 1, 1, 1, 1, 1, 1, 1, 1, 1, 1, 1, 1, 1, 1, 1, 1, 1, 1, 1, 1, 1, 1, 1], [1, 1, 1, 1, 1, 1, 1, 1, 1, 1, 1, 1, 1, 1, 1, 1, 1, 1, 1, 1, 1, 1, 1, 1, 1, 1, 1, 1, 1, 1, 1, 1, 1, 1, 1, 1, 1, 1, 1, 1, 1, 1, 1, 1, 1, 1, 1, 1, 1, 1]]

means=tensor([4.3895e-04, 8.8995e-03, 4.3068e-03, 7.5760e-03, 3.9529e-03, 5.1758e-03,
        6.2653e-03, 5.6596e-03, 7.9666e-03, 8.5322e-03, 4.7396e-03, 4.9298e-04,
        1.5100e-03, 5.5729e-05, 1.2217e-03, 4.8066e-04, 5.0849e-04, 3.6174e-04,
        2.4391e-04, 1.6181e-03, 5.4475e-04, 1.7864e-03, 2.2698e-04, 1.4784e-03,
        1.1216e-03, 3.9403e-04, 3.8966e-04, 4.5062e-04, 3.3613e-04, 1.4326e-03,
        1.2176e-03, 2.5225e-04, 1.2007e-03, 5.7344e-04, 3.4659e-04, 2.6964e-04,
        7.2024e-04, 8.1217e-04, 3.3941e-04, 1.8688e-05, 4.4948e-04, 1.7509e-03,
        4.2662e-04, 2.0138e-03, 1.2945e-03, 6.9469e-04, 6.1821e-04, 1.6089e-03,
        9.8979e-04, 4.1754e-04, 2.9086e-04, 2.0249e-04, 1.0772e-03, 1.1098e-03,
        4.3341e-05, 6.3444e-04, 1.1496e-03, 2.9076e-04, 7.5755e-04, 5.2771e-04,
        7.4767e-04, 4.5980e-04, 3.3249e-04, 9.3773e-04, 5.0106e-04, 3.8029e-04,
        6.9317e-04, 3.3547e-04, 3.3721e-04, 3.8939e-04, 6.1207e-04, 1.8101e-04,
        5.8951e-04, 2.5223e-04, 4.3749e-04, 3.8489e-04, 7.2129e-04, 5.3045e-04,
        4.6252e-04, 1.3667e-04, 3.5923e-04, 2.4546e-04, 5.8642e-04, 3.8968e-04,
        2.3280e-04, 7.4400e-04, 3.5886e-04, 4.1554e-04, 6.2566e-04, 3.1309e-04,
        3.9758e-04, 4.5281e-04, 3.2909e-04, 6.1865e-04, 1.6661e-04, 2.1238e-04,
        6.4438e-05, 2.4455e-04, 2.3909e-04, 1.1523e-03, 9.5096e-04, 3.5591e-04,
        3.3514e-04, 2.4552e-04, 5.2354e-04, 7.3691e-04, 3.6205e-04, 8.2883e-04,
        4.4251e-05, 4.5965e-04, 1.9902e-04, 3.6917e-04, 4.2237e-04],
       grad_fn=<CatBackward>)

mean_overall=tensor(0.0011, grad_fn=<MeanBackward0>)

-----------------------------------------------ITERATION230-----------------------------------------------

final_causality=[[1, 1, 1, 1, 1, 1, 1, 1, 1, 1, 1, 1, 1], [1, 1, 1, 1, 1, 1, 1, 1, 1, 1, 1, 1, 1, 1, 1, 1, 1, 1, 1, 1, 1, 1, 1, 1, 1, 1, 1, 1, 1, 1, 1, 1, 1, 1, 1, 1, 1, 1, 1, 1, 1, 1, 1, 1, 1, 1, 1, 1, 1, 1], [1, 1, 1, 1, 1, 1, 1, 1, 1, 1, 1, 1, 1, 1, 1, 1, 1, 1, 1, 1, 1, 1, 1, 1, 1, 1, 1, 1, 1, 1, 1, 1, 1, 1, 1, 1, 1, 1, 1, 1, 1, 1, 1, 1, 1, 1, 1, 1, 1, 1]]

means=tensor([5.3562e-04, 1.0529e-02, 5.1501e-03, 8.9878e-03, 4.7291e-03, 6.2161e-03,
        7.4280e-03, 6.7229e-03, 9.4802e-03, 1.0114e-02, 5.6525e-03, 6.1874e-04,
        1.7987e-03, 4.7523e-05, 1.3381e-03, 5.7463e-04, 6.0283e-04, 4.2037e-04,
        2.6409e-04, 1.8860e-03, 6.4502e-04, 2.1096e-03, 2.5635e-04, 1.7366e-03,
        1.3229e-03, 4.4601e-04, 4.8212e-04, 5.7987e-04, 3.5516e-04, 1.6563e-03,
        1.4757e-03, 3.0820e-04, 1.4083e-03, 6.8164e-04, 3.9367e-04, 2.9550e-04,
        8.6225e-04, 9.2705e-04, 3.6581e-04, 5.3077e-06, 5.4807e-04, 2.0825e-03,
        4.8595e-04, 2.3054e-03, 1.5560e-03, 8.3799e-04, 7.1392e-04, 1.8641e-03,
        1.0929e-03, 4.6029e-04, 3.9759e-04, 2.4984e-04, 1.2811e-03, 1.3040e-03,
        4.8348e-05, 7.5510e-04, 1.3153e-03, 3.4319e-04, 8.6122e-04, 6.7839e-04,
        8.8316e-04, 5.1744e-04, 3.8899e-04, 1.0713e-03, 5.8879e-04, 4.4739e-04,
        7.8172e-04, 4.0490e-04, 3.9534e-04, 4.7553e-04, 7.1107e-04, 2.4787e-04,
        6.6445e-04, 3.0994e-04, 5.1205e-04, 4.6144e-04, 8.3967e-04, 6.3069e-04,
        5.3928e-04, 1.8415e-04, 4.2718e-04, 3.0046e-04, 6.8896e-04, 4.5969e-04,
        2.7568e-04, 8.5728e-04, 4.2567e-04, 4.6840e-04, 7.3137e-04, 3.6236e-04,
        4.7111e-04, 5.3073e-04, 3.7800e-04, 6.9621e-04, 2.1525e-04, 2.6684e-04,
        9.0706e-05, 2.8167e-04, 2.9168e-04, 1.3259e-03, 1.0849e-03, 4.3517e-04,
        3.9999e-04, 2.9270e-04, 6.0368e-04, 8.3156e-04, 4.2367e-04, 9.5036e-04,
        6.5034e-05, 5.4272e-04, 2.5138e-04, 4.3779e-04, 4.9356e-04],
       grad_fn=<CatBackward>)

mean_overall=tensor(0.0013, grad_fn=<MeanBackward0>)

-----------------------------------------------ITERATION240-----------------------------------------------

final_causality=[[1, 1, 1, 1, 1, 1, 1, 1, 1, 1, 1, 1, 1], [1, 1, 1, 1, 1, 1, 1, 1, 1, 1, 1, 1, 1, 1, 1, 1, 1, 1, 1, 1, 1, 1, 1, 1, 1, 1, 1, 1, 1, 1, 1, 1, 1, 1, 1, 1, 1, 1, 1, 1, 1, 1, 1, 1, 1, 1, 1, 1, 1, 1], [1, 1, 1, 1, 1, 1, 1, 1, 1, 1, 1, 1, 1, 1, 1, 1, 1, 1, 1, 1, 1, 1, 1, 1, 1, 1, 1, 1, 1, 1, 1, 1, 1, 1, 1, 1, 1, 1, 1, 1, 1, 1, 1, 1, 1, 1, 1, 1, 1, 1]]

means=tensor([6.5397e-04, 1.2478e-02, 6.1621e-03, 1.0685e-02, 5.6651e-03, 7.4740e-03,
        8.8196e-03, 7.9986e-03, 1.1296e-02, 1.2015e-02, 6.7527e-03, 7.7375e-04,
        2.1455e-03, 3.4560e-05, 1.4733e-03, 6.8998e-04, 7.1794e-04, 4.9186e-04,
        2.8467e-04, 2.2044e-03, 7.6736e-04, 2.4934e-03, 2.9183e-04, 2.0442e-03,
        1.5611e-03, 5.0766e-04, 5.9244e-04, 7.4070e-04, 3.7399e-04, 1.9215e-03,
        1.7854e-03, 3.7886e-04, 1.6578e-03, 8.1125e-04, 4.5004e-04, 3.2425e-04,
        1.0354e-03, 1.0757e-03, 3.9444e-04, 1.9493e-05, 6.7099e-04, 2.4763e-03,
        5.5659e-04, 2.6492e-03, 1.8693e-03, 1.0108e-03, 8.2960e-04, 2.1683e-03,
        1.2170e-03, 5.0990e-04, 5.3398e-04, 3.0568e-04, 1.5258e-03, 1.5388e-03,
        5.3906e-05, 9.0066e-04, 1.5087e-03, 4.0775e-04, 9.8423e-04, 8.6451e-04,
        1.0470e-03, 5.8543e-04, 4.5675e-04, 1.2247e-03, 6.9197e-04, 5.2599e-04,
        8.8457e-04, 4.8905e-04, 4.6595e-04, 5.7936e-04, 8.2799e-04, 3.3587e-04,
        7.5068e-04, 3.8034e-04, 6.0017e-04, 5.5322e-04, 9.7824e-04, 7.5002e-04,
        6.2995e-04, 2.4482e-04, 5.0644e-04, 3.6724e-04, 8.1348e-04, 5.4442e-04,
        3.2888e-04, 9.9060e-04, 5.0667e-04, 5.3062e-04, 8.5547e-04, 4.1955e-04,
        5.5842e-04, 6.2183e-04, 4.3559e-04, 7.8582e-04, 2.7657e-04, 3.3639e-04,
        1.2730e-04, 3.2504e-04, 3.5566e-04, 1.5253e-03, 1.2402e-03, 5.3079e-04,
        4.7758e-04, 3.4996e-04, 6.9845e-04, 9.4140e-04, 4.9652e-04, 1.0907e-03,
        9.3877e-05, 6.4107e-04, 3.1646e-04, 5.1852e-04, 5.7871e-04],
       grad_fn=<CatBackward>)

mean_overall=tensor(0.0015, grad_fn=<MeanBackward0>)

-----------------------------------------------ITERATION250-----------------------------------------------

final_causality=[[1, 1, 1, 1, 1, 1, 1, 1, 1, 1, 1, 1, 1], [1, 1, 1, 1, 1, 1, 1, 1, 1, 1, 1, 1, 1, 1, 1, 1, 1, 1, 1, 1, 1, 1, 1, 1, 1, 1, 1, 1, 1, 1, 1, 1, 1, 1, 1, 1, 1, 1, 1, 1, 1, 1, 1, 1, 1, 1, 1, 1, 1, 1], [1, 1, 1, 1, 1, 1, 1, 1, 1, 1, 1, 1, 1, 1, 1, 1, 1, 1, 1, 1, 1, 1, 1, 1, 1, 1, 1, 1, 1, 1, 1, 1, 1, 1, 1, 1, 1, 1, 1, 1, 1, 1, 1, 1, 1, 1, 1, 1, 1, 1]]

means=tensor([7.9779e-04, 1.4805e-02, 7.3726e-03, 1.2732e-02, 6.7917e-03, 8.9967e-03,
        1.0481e-02, 9.5287e-03, 1.3465e-02, 1.4299e-02, 8.0789e-03, 9.6448e-04,
        2.5603e-03, 1.5466e-05, 1.6311e-03, 8.3208e-04, 8.5864e-04, 5.7977e-04,
        3.0522e-04, 2.5825e-03, 9.1704e-04, 2.9486e-03, 3.3555e-04, 2.4101e-03,
        1.8428e-03, 5.8125e-04, 7.2977e-04, 9.3881e-04, 3.9208e-04, 2.2358e-03,
        2.1555e-03, 4.6854e-04, 1.9578e-03, 9.6632e-04, 5.1833e-04, 3.5634e-04,
        1.2466e-03, 1.2657e-03, 4.2535e-04, 8.2947e-05, 8.2323e-04, 2.9426e-03,
        6.4128e-04, 3.0545e-03, 2.2431e-03, 1.2181e-03, 9.7007e-04, 2.5307e-03,
        1.3737e-03, 5.6778e-04, 7.0535e-04, 3.7091e-04, 1.8189e-03, 1.8229e-03,
        6.0650e-05, 1.0763e-03, 1.7344e-03, 4.8782e-04, 1.1308e-03, 1.0976e-03,
        1.2453e-03, 6.6594e-04, 5.3950e-04, 1.4008e-03, 8.1321e-04, 6.1895e-04,
        1.0046e-03, 5.9101e-04, 5.5171e-04, 7.0377e-04, 9.6671e-04, 4.4931e-04,
        8.5095e-04, 4.6618e-04, 7.0425e-04, 6.6276e-04, 1.1407e-03, 8.9185e-04,
        7.3748e-04, 3.2140e-04, 5.9966e-04, 4.4776e-04, 9.5785e-04, 6.4741e-04,
        3.9515e-04, 1.1483e-03, 6.0546e-04, 6.0395e-04, 1.0012e-03, 4.8648e-04,
        6.6591e-04, 7.2905e-04, 5.0392e-04, 8.9000e-04, 3.5579e-04, 4.2469e-04,
        1.7721e-04, 3.7630e-04, 4.3344e-04, 1.7544e-03, 1.4214e-03, 6.4537e-04,
        5.6998e-04, 4.1974e-04, 8.1051e-04, 1.0696e-03, 5.8313e-04, 1.2525e-03,
        1.3283e-04, 7.5727e-04, 3.9707e-04, 6.1363e-04, 6.8101e-04],
       grad_fn=<CatBackward>)

mean_overall=tensor(0.0018, grad_fn=<MeanBackward0>)

-----------------------------------------------ITERATION260-----------------------------------------------

final_causality=[[1, 1, 1, 1, 1, 1, 1, 1, 1, 1, 1, 1, 1], [1, 1, 1, 1, 1, 1, 1, 1, 1, 1, 1, 1, 1, 1, 1, 1, 1, 1, 1, 1, 1, 1, 1, 1, 1, 1, 1, 1, 1, 1, 1, 1, 1, 1, 1, 1, 1, 1, 1, 1, 1, 1, 1, 1, 1, 1, 1, 1, 1, 1], [1, 1, 1, 1, 1, 1, 1, 1, 1, 1, 1, 1, 1, 1, 1, 1, 1, 1, 1, 1, 1, 1, 1, 1, 1, 1, 1, 1, 1, 1, 1, 1, 1, 1, 1, 1, 1, 1, 1, 1, 1, 1, 1, 1, 1, 1, 1, 1, 1, 1]]

means=tensor([9.7358e-04, 1.7577e-02, 8.8192e-03, 1.5183e-02, 8.1473e-03, 1.0830e-02,
        1.2462e-02, 1.1356e-02, 1.6062e-02, 1.7036e-02, 9.6754e-03, 1.1966e-03,
        3.0566e-03, 1.3827e-05, 1.8148e-03, 1.0071e-03, 1.0304e-03, 6.8843e-04,
        3.2527e-04, 3.0290e-03, 1.0999e-03, 3.4855e-03, 3.9048e-04, 2.8513e-03,
        2.1744e-03, 6.6934e-04, 8.9086e-04, 1.1799e-03, 4.0873e-04, 2.6062e-03,
        2.5940e-03, 5.8243e-04, 2.3171e-03, 1.1510e-03, 6.0195e-04, 3.9226e-04,
        1.5034e-03, 1.4952e-03, 4.5862e-04, 1.7066e-04, 1.0111e-03, 3.4907e-03,
        7.4326e-04, 3.5293e-03, 2.6851e-03, 1.4644e-03, 1.1411e-03, 2.9605e-03,
        1.5569e-03, 6.3546e-04, 9.1695e-04, 4.4616e-04, 2.1683e-03, 2.1656e-03,
        6.9030e-05, 1.2875e-03, 1.9969e-03, 5.8758e-04, 1.3055e-03, 1.3837e-03,
        1.4841e-03, 7.6120e-04, 6.4342e-04, 1.6026e-03, 9.5498e-04, 7.2924e-04,
        1.1446e-03, 7.1341e-04, 6.5539e-04, 8.5149e-04, 1.1307e-03, 5.9243e-04,
        9.6782e-04, 5.7013e-04, 8.2655e-04, 7.9222e-04, 1.3293e-03, 1.0597e-03,
        8.6454e-04, 4.1678e-04, 7.0973e-04, 5.4405e-04, 1.1251e-03, 7.7206e-04,
        4.7747e-04, 1.3342e-03, 7.2540e-04, 6.9055e-04, 1.1719e-03, 5.6530e-04,
        7.9289e-04, 8.5544e-04, 5.8519e-04, 1.0111e-03, 4.5437e-04, 5.3538e-04,
        2.4404e-04, 4.3735e-04, 5.2744e-04, 2.0157e-03, 1.6323e-03, 7.8134e-04,
        6.7921e-04, 5.0492e-04, 9.4258e-04, 1.2188e-03, 6.8621e-04, 1.4377e-03,
        1.8415e-04, 8.9369e-04, 4.9592e-04, 7.2535e-04, 8.0366e-04],
       grad_fn=<CatBackward>)

mean_overall=tensor(0.0022, grad_fn=<MeanBackward0>)

-----------------------------------------------ITERATION270-----------------------------------------------

final_causality=[[1, 1, 1, 1, 1, 1, 1, 1, 1, 1, 1, 1, 1], [1, 1, 1, 1, 1, 1, 1, 1, 1, 1, 1, 1, 1, 1, 1, 1, 1, 1, 1, 1, 1, 1, 1, 1, 1, 1, 1, 1, 1, 1, 1, 1, 1, 1, 1, 1, 1, 1, 1, 1, 1, 1, 1, 1, 1, 1, 1, 1, 1, 1], [1, 1, 1, 1, 1, 1, 1, 1, 1, 1, 1, 1, 1, 1, 1, 1, 1, 1, 1, 1, 1, 1, 1, 1, 1, 1, 1, 1, 1, 1, 1, 1, 1, 1, 1, 1, 1, 1, 1, 1, 1, 1, 1, 1, 1, 1, 1, 1, 1, 1]]

means=tensor([1.1886e-03, 2.0870e-02, 1.0541e-02, 1.8108e-02, 9.7757e-03, 1.3033e-02,
        1.4802e-02, 1.3526e-02, 1.9154e-02, 2.0306e-02, 1.1588e-02, 1.4775e-03,
        3.6491e-03, 8.3832e-05, 2.0288e-03, 1.2221e-03, 1.2392e-03, 8.2309e-04,
        3.4421e-04, 3.5536e-03, 1.3223e-03, 4.1154e-03, 4.6019e-04, 3.3732e-03,
        2.5628e-03, 7.7499e-04, 1.0774e-03, 1.4700e-03, 4.2303e-04, 3.0404e-03,
        3.1096e-03, 7.2644e-04, 2.7452e-03, 1.3696e-03, 7.0482e-04, 4.3253e-04,
        1.8141e-03, 1.7718e-03, 4.9424e-04, 2.7994e-04, 1.2468e-03, 4.1307e-03,
        8.6642e-04, 4.0829e-03, 3.2042e-03, 1.7548e-03, 1.3490e-03, 3.4678e-03,
        1.7707e-03, 7.1783e-04, 1.1745e-03, 5.4472e-04, 2.5821e-03, 2.5767e-03,
        7.9891e-05, 1.5400e-03, 2.3013e-03, 7.1159e-04, 1.5138e-03, 1.7281e-03,
        1.7701e-03, 8.7360e-04, 7.6915e-04, 1.8339e-03, 1.1204e-03, 8.5999e-04,
        1.3077e-03, 8.5946e-04, 7.8007e-04, 1.0267e-03, 1.3242e-03, 7.6962e-04,
        1.1040e-03, 6.9547e-04, 9.7003e-04, 9.4430e-04, 1.5471e-03, 1.2579e-03,
        1.0183e-03, 5.3480e-04, 8.4039e-04, 6.5845e-04, 1.3186e-03, 9.2182e-04,
        5.8009e-04, 1.5526e-03, 8.7001e-04, 7.9360e-04, 1.3712e-03, 6.5841e-04,
        9.4194e-04, 1.0092e-03, 6.8206e-04, 1.1520e-03, 5.7616e-04, 6.7254e-04,
        3.3150e-04, 5.1070e-04, 6.4086e-04, 2.3128e-03, 1.8774e-03, 9.4191e-04,
        8.0788e-04, 6.0874e-04, 1.0981e-03, 1.3924e-03, 8.0845e-04, 1.6492e-03,
        2.5029e-04, 1.0536e-03, 6.1615e-04, 8.5595e-04, 9.5050e-04],
       grad_fn=<CatBackward>)

mean_overall=tensor(0.0026, grad_fn=<MeanBackward0>)

-----------------------------------------------ITERATION280-----------------------------------------------

final_causality=[[1, 1, 1, 1, 1, 1, 1, 1, 1, 1, 1, 1, 1], [1, 1, 1, 1, 1, 1, 1, 1, 1, 1, 1, 1, 1, 1, 1, 1, 1, 1, 1, 1, 1, 1, 1, 1, 1, 1, 1, 1, 1, 1, 1, 1, 1, 1, 1, 1, 1, 1, 1, 1, 1, 1, 1, 1, 1, 1, 1, 1, 1, 1], [1, 1, 1, 1, 1, 1, 1, 1, 1, 1, 1, 1, 1, 1, 1, 1, 1, 1, 1, 1, 1, 1, 1, 1, 1, 1, 1, 1, 1, 1, 1, 1, 1, 1, 1, 1, 1, 1, 1, 1, 1, 1, 1, 1, 1, 1, 1, 1, 1, 1]]

means=tensor([1.4495e-03, 2.4751e-02, 1.2578e-02, 2.1569e-02, 1.1719e-02, 1.5657e-02,
        1.7553e-02, 1.6087e-02, 2.2825e-02, 2.4183e-02, 1.3869e-02, 1.8140e-03,
        4.3518e-03, 1.7961e-04, 2.2775e-03, 1.4845e-03, 1.4913e-03, 9.8985e-04,
        3.6224e-04, 4.1641e-03, 1.5910e-03, 4.8474e-03, 5.4946e-04, 3.9832e-03,
        3.0141e-03, 9.0176e-04, 1.2906e-03, 1.8144e-03, 4.3694e-04, 3.5442e-03,
        3.7093e-03, 9.0702e-04, 3.2509e-03, 1.6260e-03, 8.3162e-04, 4.7785e-04,
        2.1868e-03, 2.1032e-03, 5.3230e-04, 4.1285e-04, 1.5346e-03, 4.8701e-03,
        1.0154e-03, 4.7221e-03, 3.8070e-03, 2.0930e-03, 1.6008e-03, 4.0611e-03,
        2.0459e-03, 8.1947e-04, 1.4828e-03, 6.6909e-04, 3.0675e-03, 3.0659e-03,
        9.4741e-05, 1.8397e-03, 2.6518e-03, 8.6503e-04, 1.7613e-03, 2.1367e-03,
        2.1096e-03, 1.0054e-03, 9.2003e-04, 2.0983e-03, 1.3126e-03, 1.0145e-03,
        1.4970e-03, 1.0318e-03, 9.2901e-04, 1.2327e-03, 1.5506e-03, 9.8492e-04,
        1.2620e-03, 8.4515e-04, 1.1374e-03, 1.1214e-03, 1.7960e-03, 1.4908e-03,
        1.1974e-03, 6.7892e-04, 9.9548e-04, 7.9362e-04, 1.5415e-03, 1.1003e-03,
        7.0671e-04, 1.8071e-03, 1.0427e-03, 9.1638e-04, 1.6029e-03, 7.6879e-04,
        1.1155e-03, 1.1898e-03, 7.9738e-04, 1.3156e-03, 7.2459e-04, 8.4021e-04,
        4.4390e-04, 5.9916e-04, 7.7656e-04, 2.6477e-03, 2.1604e-03, 1.1301e-03,
        9.5862e-04, 7.3491e-04, 1.2805e-03, 1.5930e-03, 9.5311e-04, 1.8897e-03,
        3.3402e-04, 1.2399e-03, 7.6062e-04, 1.0078e-03, 1.1251e-03],
       grad_fn=<CatBackward>)

mean_overall=tensor(0.0030, grad_fn=<MeanBackward0>)

-----------------------------------------------ITERATION290-----------------------------------------------

final_causality=[[1, 1, 1, 1, 1, 1, 1, 1, 1, 1, 1, 1, 1], [1, 1, 1, 1, 1, 1, 1, 1, 1, 1, 1, 1, 1, 1, 1, 1, 1, 1, 1, 1, 1, 1, 1, 1, 1, 1, 1, 1, 1, 1, 1, 1, 1, 1, 1, 1, 1, 1, 1, 1, 1, 1, 1, 1, 1, 1, 1, 1, 1, 1], [1, 1, 1, 1, 1, 1, 1, 1, 1, 1, 1, 1, 1, 1, 1, 1, 1, 1, 1, 1, 1, 1, 1, 1, 1, 1, 1, 1, 1, 1, 1, 1, 1, 1, 1, 1, 1, 1, 1, 1, 1, 1, 1, 1, 1, 1, 1, 1, 1, 1]]

means=tensor([0.0018, 0.0293, 0.0150, 0.0256, 0.0140, 0.0188, 0.0208, 0.0191, 0.0272,
        0.0287, 0.0166, 0.0022, 0.0052, 0.0003, 0.0026, 0.0018, 0.0018, 0.0012,
        0.0004, 0.0049, 0.0019, 0.0057, 0.0007, 0.0047, 0.0035, 0.0011, 0.0015,
        0.0022, 0.0004, 0.0041, 0.0044, 0.0011, 0.0038, 0.0019, 0.0010, 0.0005,
        0.0026, 0.0025, 0.0006, 0.0006, 0.0019, 0.0057, 0.0012, 0.0055, 0.0045,
        0.0025, 0.0019, 0.0047, 0.0024, 0.0009, 0.0018, 0.0008, 0.0036, 0.0036,
        0.0001, 0.0022, 0.0031, 0.0011, 0.0021, 0.0026, 0.0025, 0.0012, 0.0011,
        0.0024, 0.0015, 0.0012, 0.0017, 0.0012, 0.0011, 0.0015, 0.0018, 0.0012,
        0.0014, 0.0010, 0.0013, 0.0013, 0.0021, 0.0018, 0.0014, 0.0009, 0.0012,
        0.0010, 0.0018, 0.0013, 0.0009, 0.0021, 0.0012, 0.0011, 0.0019, 0.0009,
        0.0013, 0.0014, 0.0009, 0.0015, 0.0009, 0.0010, 0.0006, 0.0007, 0.0009,
        0.0030, 0.0025, 0.0013, 0.0011, 0.0009, 0.0015, 0.0018, 0.0011, 0.0022,
        0.0004, 0.0015, 0.0009, 0.0012, 0.0013], grad_fn=<CatBackward>)

mean_overall=tensor(0.0036, grad_fn=<MeanBackward0>)

-----------------------------------------------ITERATION300-----------------------------------------------

final_causality=[[1, 1, 1, 1, 1, 1, 1, 1, 1, 1, 1, 1, 1], [1, 1, 1, 1, 1, 1, 1, 1, 1, 1, 1, 1, 1, 1, 1, 1, 1, 1, 1, 1, 1, 1, 1, 1, 1, 1, 1, 1, 1, 1, 1, 1, 1, 1, 1, 1, 1, 1, 1, 1, 1, 1, 1, 1, 1, 1, 1, 1, 1, 1], [1, 1, 1, 1, 1, 1, 1, 1, 1, 1, 1, 1, 1, 1, 1, 1, 1, 1, 1, 1, 1, 1, 1, 1, 1, 1, 1, 1, 1, 1, 1, 1, 1, 1, 1, 1, 1, 1, 1, 1, 1, 1, 1, 1, 1, 1, 1, 1, 1, 1]]

means=tensor([0.0021, 0.0345, 0.0178, 0.0303, 0.0167, 0.0224, 0.0244, 0.0226, 0.0322,
        0.0341, 0.0197, 0.0027, 0.0061, 0.0004, 0.0029, 0.0022, 0.0022, 0.0014,
        0.0004, 0.0057, 0.0023, 0.0066, 0.0008, 0.0055, 0.0041, 0.0012, 0.0018,
        0.0027, 0.0005, 0.0048, 0.0052, 0.0014, 0.0045, 0.0023, 0.0012, 0.0006,
        0.0031, 0.0030, 0.0006, 0.0008, 0.0023, 0.0067, 0.0014, 0.0063, 0.0053,
        0.0030, 0.0023, 0.0055, 0.0028, 0.0011, 0.0023, 0.0010, 0.0043, 0.0043,
        0.0001, 0.0026, 0.0036, 0.0013, 0.0024, 0.0032, 0.0030, 0.0013, 0.0013,
        0.0027, 0.0018, 0.0014, 0.0020, 0.0015, 0.0013, 0.0018, 0.0021, 0.0015,
        0.0017, 0.0012, 0.0016, 0.0016, 0.0024, 0.0021, 0.0016, 0.0011, 0.0014,
        0.0011, 0.0021, 0.0016, 0.0010, 0.0024, 0.0015, 0.0012, 0.0022, 0.0011,
        0.0015, 0.0016, 0.0011, 0.0017, 0.0011, 0.0013, 0.0008, 0.0008, 0.0011,
        0.0034, 0.0029, 0.0016, 0.0013, 0.0011, 0.0017, 0.0021, 0.0013, 0.0025,
        0.0006, 0.0017, 0.0011, 0.0014, 0.0016], grad_fn=<CatBackward>)

mean_overall=tensor(0.0043, grad_fn=<MeanBackward0>)

-----------------------------------------------ITERATION310-----------------------------------------------

final_causality=[[1, 1, 1, 1, 1, 1, 1, 1, 1, 1, 1, 1, 1], [1, 1, 1, 1, 1, 1, 1, 1, 1, 1, 1, 1, 1, 1, 1, 1, 1, 1, 1, 1, 1, 1, 1, 1, 1, 1, 1, 1, 1, 1, 1, 1, 1, 1, 1, 1, 1, 1, 1, 1, 1, 1, 1, 1, 1, 1, 1, 1, 1, 1], [1, 1, 1, 1, 1, 1, 1, 1, 1, 1, 1, 1, 1, 1, 1, 1, 1, 1, 1, 1, 1, 1, 1, 1, 1, 1, 1, 1, 1, 1, 1, 1, 1, 1, 1, 1, 1, 1, 1, 1, 1, 1, 1, 1, 1, 1, 1, 1, 1, 1]]

means=tensor([0.0026, 0.0405, 0.0210, 0.0357, 0.0199, 0.0266, 0.0286, 0.0266, 0.0381,
        0.0402, 0.0234, 0.0032, 0.0073, 0.0006, 0.0033, 0.0026, 0.0026, 0.0018,
        0.0004, 0.0066, 0.0027, 0.0077, 0.0011, 0.0064, 0.0048, 0.0014, 0.0021,
        0.0032, 0.0005, 0.0055, 0.0061, 0.0018, 0.0053, 0.0027, 0.0014, 0.0007,
        0.0037, 0.0035, 0.0007, 0.0010, 0.0028, 0.0077, 0.0017, 0.0072, 0.0062,
        0.0035, 0.0027, 0.0064, 0.0033, 0.0012, 0.0028, 0.0012, 0.0050, 0.0051,
        0.0002, 0.0031, 0.0042, 0.0016, 0.0028, 0.0038, 0.0035, 0.0015, 0.0016,
        0.0031, 0.0021, 0.0017, 0.0023, 0.0017, 0.0016, 0.0021, 0.0025, 0.0019,
        0.0019, 0.0015, 0.0018, 0.0018, 0.0027, 0.0024, 0.0019, 0.0013, 0.0016,
        0.0014, 0.0024, 0.0018, 0.0013, 0.0028, 0.0018, 0.0014, 0.0025, 0.0012,
        0.0018, 0.0019, 0.0013, 0.0020, 0.0014, 0.0016, 0.0010, 0.0010, 0.0013,
        0.0039, 0.0033, 0.0019, 0.0016, 0.0013, 0.0020, 0.0024, 0.0016, 0.0028,
        0.0007, 0.0020, 0.0014, 0.0016, 0.0018], grad_fn=<CatBackward>)

mean_overall=tensor(0.0050, grad_fn=<MeanBackward0>)

-----------------------------------------------ITERATION320-----------------------------------------------

final_causality=[[1, 1, 1, 1, 1, 1, 1, 1, 1, 1, 1, 1, 1], [1, 1, 1, 1, 1, 1, 1, 1, 1, 1, 1, 1, 1, 1, 1, 1, 1, 1, 1, 1, 1, 1, 1, 1, 1, 1, 1, 1, 1, 1, 1, 1, 1, 1, 1, 1, 1, 1, 1, 1, 1, 1, 1, 1, 1, 1, 1, 1, 1, 1], [1, 1, 1, 1, 1, 1, 1, 1, 1, 1, 1, 1, 1, 1, 1, 1, 1, 1, 1, 1, 1, 1, 1, 1, 1, 1, 1, 1, 1, 1, 1, 1, 1, 1, 1, 1, 1, 1, 1, 1, 1, 1, 1, 1, 1, 1, 1, 1, 1, 1]]

means=tensor([0.0031, 0.0472, 0.0246, 0.0418, 0.0235, 0.0314, 0.0331, 0.0311, 0.0449,
        0.0473, 0.0277, 0.0038, 0.0085, 0.0008, 0.0037, 0.0031, 0.0031, 0.0021,
        0.0004, 0.0076, 0.0032, 0.0089, 0.0014, 0.0074, 0.0055, 0.0017, 0.0025,
        0.0038, 0.0005, 0.0063, 0.0070, 0.0022, 0.0062, 0.0032, 0.0017, 0.0008,
        0.0044, 0.0041, 0.0008, 0.0012, 0.0033, 0.0089, 0.0020, 0.0082, 0.0071,
        0.0041, 0.0032, 0.0074, 0.0038, 0.0014, 0.0033, 0.0015, 0.0058, 0.0059,
        0.0003, 0.0036, 0.0048, 0.0019, 0.0032, 0.0044, 0.0041, 0.0018, 0.0018,
        0.0035, 0.0024, 0.0019, 0.0026, 0.0020, 0.0018, 0.0024, 0.0028, 0.0023,
        0.0022, 0.0017, 0.0021, 0.0021, 0.0031, 0.0028, 0.0022, 0.0016, 0.0019,
        0.0016, 0.0028, 0.0022, 0.0015, 0.0032, 0.0021, 0.0017, 0.0029, 0.0014,
        0.0021, 0.0022, 0.0015, 0.0022, 0.0016, 0.0019, 0.0012, 0.0012, 0.0016,
        0.0044, 0.0037, 0.0022, 0.0018, 0.0015, 0.0023, 0.0027, 0.0018, 0.0032,
        0.0009, 0.0023, 0.0016, 0.0019, 0.0022], grad_fn=<CatBackward>)

mean_overall=tensor(0.0059, grad_fn=<MeanBackward0>)

-----------------------------------------------ITERATION330-----------------------------------------------

final_causality=[[1, 1, 1, 1, 1, 1, 1, 1, 1, 1, 1, 1, 1], [1, 1, 1, 1, 1, 1, 1, 1, 1, 1, 1, 1, 1, 1, 1, 1, 1, 1, 1, 1, 1, 1, 1, 1, 1, 1, 1, 1, 1, 1, 1, 1, 1, 1, 1, 1, 1, 1, 1, 1, 1, 1, 1, 1, 1, 1, 1, 1, 1, 1], [1, 1, 1, 1, 1, 1, 1, 1, 1, 1, 1, 1, 1, 1, 1, 1, 1, 1, 1, 1, 1, 1, 1, 1, 1, 1, 1, 1, 1, 1, 1, 1, 1, 1, 1, 1, 1, 1, 1, 1, 1, 1, 1, 1, 1, 1, 1, 1, 1, 1]]

means=tensor([0.0037, 0.0547, 0.0287, 0.0485, 0.0276, 0.0368, 0.0381, 0.0363, 0.0526,
        0.0553, 0.0325, 0.0045, 0.0100, 0.0010, 0.0043, 0.0037, 0.0037, 0.0025,
        0.0004, 0.0086, 0.0038, 0.0102, 0.0017, 0.0085, 0.0064, 0.0020, 0.0028,
        0.0044, 0.0005, 0.0072, 0.0081, 0.0027, 0.0071, 0.0038, 0.0020, 0.0009,
        0.0052, 0.0048, 0.0008, 0.0015, 0.0039, 0.0101, 0.0023, 0.0093, 0.0082,
        0.0047, 0.0037, 0.0085, 0.0044, 0.0016, 0.0039, 0.0018, 0.0067, 0.0069,
        0.0004, 0.0042, 0.0056, 0.0023, 0.0038, 0.0051, 0.0048, 0.0020, 0.0021,
        0.0040, 0.0027, 0.0023, 0.0029, 0.0024, 0.0021, 0.0028, 0.0033, 0.0028,
        0.0025, 0.0020, 0.0024, 0.0025, 0.0036, 0.0033, 0.0025, 0.0019, 0.0023,
        0.0019, 0.0032, 0.0025, 0.0018, 0.0037, 0.0024, 0.0019, 0.0033, 0.0017,
        0.0024, 0.0026, 0.0017, 0.0026, 0.0020, 0.0023, 0.0015, 0.0014, 0.0019,
        0.0049, 0.0042, 0.0026, 0.0021, 0.0018, 0.0027, 0.0031, 0.0021, 0.0036,
        0.0011, 0.0026, 0.0019, 0.0022, 0.0025], grad_fn=<CatBackward>)

mean_overall=tensor(0.0068, grad_fn=<MeanBackward0>)

-----------------------------------------------ITERATION340-----------------------------------------------

final_causality=[[1, 1, 1, 1, 1, 1, 1, 1, 1, 1, 1, 1, 1], [1, 1, 1, 1, 1, 1, 1, 1, 1, 1, 1, 1, 1, 1, 1, 1, 1, 1, 1, 1, 1, 1, 1, 1, 1, 1, 1, 1, 1, 1, 1, 1, 1, 1, 1, 1, 1, 1, 1, 1, 1, 1, 1, 1, 1, 1, 1, 1, 1, 1], [1, 1, 1, 1, 1, 1, 1, 1, 1, 1, 1, 1, 1, 1, 1, 1, 1, 1, 1, 1, 1, 1, 1, 1, 1, 1, 1, 1, 1, 1, 1, 1, 1, 1, 1, 1, 1, 1, 1, 1, 1, 1, 1, 1, 1, 1, 1, 1, 1, 1]]

means=tensor([0.0043, 0.0628, 0.0333, 0.0559, 0.0323, 0.0429, 0.0434, 0.0420, 0.0612,
        0.0642, 0.0380, 0.0053, 0.0116, 0.0012, 0.0049, 0.0044, 0.0043, 0.0030,
        0.0004, 0.0098, 0.0045, 0.0116, 0.0021, 0.0097, 0.0072, 0.0024, 0.0033,
        0.0051, 0.0004, 0.0081, 0.0092, 0.0033, 0.0082, 0.0044, 0.0023, 0.0010,
        0.0060, 0.0055, 0.0009, 0.0017, 0.0046, 0.0113, 0.0028, 0.0105, 0.0093,
        0.0054, 0.0043, 0.0096, 0.0051, 0.0019, 0.0045, 0.0022, 0.0077, 0.0079,
        0.0005, 0.0049, 0.0064, 0.0028, 0.0043, 0.0058, 0.0055, 0.0023, 0.0025,
        0.0045, 0.0031, 0.0026, 0.0033, 0.0027, 0.0025, 0.0032, 0.0037, 0.0033,
        0.0028, 0.0024, 0.0028, 0.0028, 0.0040, 0.0037, 0.0029, 0.0022, 0.0026,
        0.0022, 0.0036, 0.0029, 0.0022, 0.0042, 0.0028, 0.0022, 0.0038, 0.0019,
        0.0028, 0.0030, 0.0020, 0.0029, 0.0023, 0.0027, 0.0019, 0.0016, 0.0022,
        0.0055, 0.0047, 0.0030, 0.0024, 0.0021, 0.0031, 0.0035, 0.0024, 0.0040,
        0.0014, 0.0030, 0.0022, 0.0025, 0.0029], grad_fn=<CatBackward>)

mean_overall=tensor(0.0079, grad_fn=<MeanBackward0>)

-----------------------------------------------ITERATION350-----------------------------------------------

final_causality=[[1, 1, 1, 1, 1, 1, 1, 1, 1, 1, 1, 1, 1], [1, 1, 1, 1, 1, 1, 1, 1, 1, 1, 1, 1, 1, 1, 1, 1, 1, 1, 1, 1, 1, 1, 1, 1, 1, 1, 1, 1, 1, 1, 1, 1, 1, 1, 1, 1, 1, 1, 1, 1, 1, 1, 1, 1, 1, 1, 1, 1, 1, 1], [1, 1, 1, 1, 1, 1, 1, 1, 1, 1, 1, 1, 1, 1, 1, 1, 1, 1, 1, 1, 1, 1, 1, 1, 1, 1, 1, 1, 1, 1, 1, 1, 1, 1, 1, 1, 1, 1, 1, 1, 1, 1, 1, 1, 1, 1, 1, 1, 1, 1]]

means=tensor([0.0051, 0.0714, 0.0383, 0.0638, 0.0375, 0.0497, 0.0488, 0.0482, 0.0709,
        0.0742, 0.0441, 0.0062, 0.0134, 0.0014, 0.0056, 0.0051, 0.0050, 0.0036,
        0.0004, 0.0111, 0.0052, 0.0130, 0.0027, 0.0109, 0.0082, 0.0028, 0.0038,
        0.0058, 0.0005, 0.0090, 0.0103, 0.0039, 0.0093, 0.0050, 0.0027, 0.0012,
        0.0069, 0.0064, 0.0010, 0.0020, 0.0054, 0.0125, 0.0032, 0.0117, 0.0105,
        0.0061, 0.0050, 0.0108, 0.0059, 0.0022, 0.0052, 0.0025, 0.0087, 0.0090,
        0.0007, 0.0056, 0.0072, 0.0033, 0.0049, 0.0065, 0.0063, 0.0026, 0.0029,
        0.0050, 0.0035, 0.0030, 0.0037, 0.0031, 0.0029, 0.0037, 0.0042, 0.0038,
        0.0031, 0.0027, 0.0031, 0.0032, 0.0045, 0.0043, 0.0033, 0.0026, 0.0030,
        0.0025, 0.0040, 0.0033, 0.0025, 0.0047, 0.0032, 0.0025, 0.0043, 0.0022,
        0.0031, 0.0034, 0.0023, 0.0033, 0.0027, 0.0032, 0.0023, 0.0019, 0.0025,
        0.0061, 0.0053, 0.0034, 0.0028, 0.0025, 0.0035, 0.0039, 0.0028, 0.0045,
        0.0016, 0.0034, 0.0026, 0.0028, 0.0033], grad_fn=<CatBackward>)

mean_overall=tensor(0.0090, grad_fn=<MeanBackward0>)

-----------------------------------------------ITERATION360-----------------------------------------------

final_causality=[[1, 1, 1, 1, 1, 1, 1, 1, 1, 1, 1, 1, 1], [1, 1, 1, 1, 1, 1, 1, 1, 1, 1, 1, 1, 1, 1, 1, 1, 1, 1, 1, 1, 1, 1, 1, 1, 1, 1, 1, 1, 1, 1, 1, 1, 1, 1, 1, 1, 1, 1, 1, 1, 1, 1, 1, 1, 1, 1, 1, 1, 1, 1], [1, 1, 1, 1, 1, 1, 1, 1, 1, 1, 1, 1, 1, 1, 1, 1, 1, 1, 1, 1, 1, 1, 1, 1, 1, 1, 1, 1, 1, 1, 1, 1, 1, 1, 1, 1, 1, 1, 1, 1, 1, 1, 1, 1, 1, 1, 1, 1, 1, 1]]

means=tensor([0.0059, 0.0803, 0.0437, 0.0720, 0.0433, 0.0572, 0.0543, 0.0550, 0.0816,
        0.0853, 0.0509, 0.0071, 0.0154, 0.0017, 0.0064, 0.0059, 0.0057, 0.0042,
        0.0005, 0.0123, 0.0059, 0.0145, 0.0033, 0.0122, 0.0092, 0.0032, 0.0044,
        0.0066, 0.0005, 0.0099, 0.0114, 0.0045, 0.0105, 0.0057, 0.0031, 0.0015,
        0.0079, 0.0072, 0.0011, 0.0023, 0.0062, 0.0137, 0.0038, 0.0129, 0.0117,
        0.0068, 0.0057, 0.0121, 0.0068, 0.0026, 0.0060, 0.0029, 0.0097, 0.0102,
        0.0009, 0.0064, 0.0082, 0.0039, 0.0056, 0.0072, 0.0071, 0.0029, 0.0034,
        0.0055, 0.0040, 0.0034, 0.0041, 0.0035, 0.0033, 0.0042, 0.0047, 0.0044,
        0.0035, 0.0031, 0.0035, 0.0036, 0.0050, 0.0048, 0.0037, 0.0030, 0.0034,
        0.0028, 0.0045, 0.0038, 0.0029, 0.0053, 0.0037, 0.0029, 0.0048, 0.0026,
        0.0035, 0.0038, 0.0027, 0.0036, 0.0031, 0.0037, 0.0027, 0.0021, 0.0029,
        0.0067, 0.0058, 0.0038, 0.0031, 0.0029, 0.0039, 0.0043, 0.0032, 0.0049,
        0.0019, 0.0038, 0.0030, 0.0031, 0.0037], grad_fn=<CatBackward>)

mean_overall=tensor(0.0102, grad_fn=<MeanBackward0>)

-----------------------------------------------ITERATION370-----------------------------------------------

final_causality=[[1, 1, 1, 1, 1, 1, 1, 1, 1, 1, 1, 1, 1], [1, 1, 1, 1, 1, 1, 1, 1, 1, 1, 1, 1, 1, 1, 1, 1, 1, 1, 1, 1, 1, 1, 1, 1, 1, 1, 1, 1, 1, 1, 1, 1, 1, 1, 1, 1, 1, 1, 1, 1, 1, 1, 1, 1, 1, 1, 1, 1, 1, 1], [1, 1, 1, 1, 1, 1, 1, 1, 1, 1, 1, 1, 1, 1, 1, 1, 1, 1, 1, 1, 1, 1, 1, 1, 1, 1, 1, 1, 1, 1, 1, 1, 1, 1, 1, 1, 1, 1, 1, 1, 1, 1, 1, 1, 1, 1, 1, 1, 1, 1]]

means=tensor([0.0069, 0.0890, 0.0496, 0.0802, 0.0497, 0.0653, 0.0598, 0.0624, 0.0934,
        0.0974, 0.0584, 0.0081, 0.0175, 0.0019, 0.0073, 0.0066, 0.0064, 0.0049,
        0.0005, 0.0137, 0.0067, 0.0161, 0.0039, 0.0135, 0.0102, 0.0037, 0.0051,
        0.0073, 0.0005, 0.0108, 0.0125, 0.0052, 0.0116, 0.0065, 0.0035, 0.0018,
        0.0089, 0.0081, 0.0013, 0.0025, 0.0070, 0.0148, 0.0043, 0.0142, 0.0129,
        0.0075, 0.0063, 0.0133, 0.0077, 0.0030, 0.0067, 0.0033, 0.0108, 0.0113,
        0.0013, 0.0073, 0.0091, 0.0046, 0.0063, 0.0080, 0.0080, 0.0033, 0.0039,
        0.0060, 0.0044, 0.0038, 0.0046, 0.0039, 0.0037, 0.0047, 0.0052, 0.0050,
        0.0039, 0.0035, 0.0039, 0.0040, 0.0055, 0.0053, 0.0041, 0.0034, 0.0038,
        0.0032, 0.0049, 0.0043, 0.0033, 0.0058, 0.0041, 0.0032, 0.0053, 0.0029,
        0.0039, 0.0043, 0.0030, 0.0040, 0.0035, 0.0042, 0.0031, 0.0024, 0.0032,
        0.0072, 0.0064, 0.0043, 0.0035, 0.0033, 0.0044, 0.0048, 0.0035, 0.0054,
        0.0023, 0.0042, 0.0034, 0.0035, 0.0042], grad_fn=<CatBackward>)

mean_overall=tensor(0.0115, grad_fn=<MeanBackward0>)

-----------------------------------------------ITERATION380-----------------------------------------------

final_causality=[[1, 1, 1, 1, 1, 1, 1, 1, 1, 1, 1, 1, 1], [1, 1, 1, 1, 1, 1, 1, 1, 1, 1, 1, 1, 1, 1, 1, 1, 1, 1, 1, 1, 1, 1, 1, 1, 1, 1, 1, 1, 1, 1, 1, 1, 1, 1, 1, 1, 1, 1, 1, 1, 1, 1, 1, 1, 1, 1, 1, 1, 1, 1], [1, 1, 1, 1, 1, 1, 1, 1, 1, 1, 1, 1, 1, 1, 1, 1, 1, 1, 1, 1, 1, 1, 1, 1, 1, 1, 1, 1, 1, 1, 1, 1, 1, 1, 1, 1, 1, 1, 1, 1, 1, 1, 1, 1, 1, 1, 1, 1, 1, 1]]

means=tensor([0.0079, 0.0972, 0.0558, 0.0883, 0.0567, 0.0741, 0.0653, 0.0702, 0.1063,
        0.1106, 0.0665, 0.0092, 0.0198, 0.0022, 0.0083, 0.0074, 0.0071, 0.0056,
        0.0006, 0.0150, 0.0076, 0.0176, 0.0047, 0.0148, 0.0113, 0.0042, 0.0058,
        0.0080, 0.0005, 0.0116, 0.0136, 0.0059, 0.0128, 0.0073, 0.0039, 0.0021,
        0.0099, 0.0090, 0.0014, 0.0028, 0.0078, 0.0159, 0.0049, 0.0154, 0.0141,
        0.0082, 0.0070, 0.0145, 0.0087, 0.0034, 0.0075, 0.0038, 0.0119, 0.0123,
        0.0016, 0.0081, 0.0102, 0.0052, 0.0070, 0.0087, 0.0089, 0.0036, 0.0045,
        0.0065, 0.0048, 0.0042, 0.0050, 0.0044, 0.0041, 0.0052, 0.0057, 0.0056,
        0.0043, 0.0039, 0.0043, 0.0044, 0.0060, 0.0059, 0.0045, 0.0039, 0.0043,
        0.0035, 0.0053, 0.0047, 0.0038, 0.0064, 0.0046, 0.0036, 0.0058, 0.0032,
        0.0043, 0.0047, 0.0033, 0.0044, 0.0040, 0.0047, 0.0036, 0.0028, 0.0036,
        0.0078, 0.0069, 0.0047, 0.0039, 0.0037, 0.0048, 0.0052, 0.0039, 0.0058,
        0.0026, 0.0047, 0.0037, 0.0039, 0.0046], grad_fn=<CatBackward>)

mean_overall=tensor(0.0128, grad_fn=<MeanBackward0>)

-----------------------------------------------ITERATION390-----------------------------------------------

final_causality=[[1, 1, 1, 1, 1, 1, 1, 1, 1, 1, 1, 1, 1], [1, 1, 1, 1, 1, 1, 1, 1, 1, 1, 1, 1, 1, 1, 1, 1, 1, 1, 1, 1, 1, 1, 1, 1, 1, 1, 1, 1, 1, 1, 1, 1, 1, 1, 1, 1, 1, 1, 1, 1, 1, 1, 1, 1, 1, 1, 1, 1, 1, 1], [1, 1, 1, 1, 1, 1, 1, 1, 1, 1, 1, 1, 1, 1, 1, 1, 1, 1, 1, 1, 1, 1, 1, 1, 1, 1, 1, 1, 1, 1, 1, 1, 1, 1, 1, 1, 1, 1, 1, 1, 1, 1, 1, 1, 1, 1, 1, 1, 1, 1]]

means=tensor([0.0090, 0.1044, 0.0625, 0.0958, 0.0642, 0.0835, 0.0706, 0.0786, 0.1203,
        0.1249, 0.0753, 0.0103, 0.0224, 0.0026, 0.0093, 0.0081, 0.0077, 0.0063,
        0.0007, 0.0163, 0.0084, 0.0192, 0.0056, 0.0161, 0.0124, 0.0047, 0.0065,
        0.0086, 0.0006, 0.0123, 0.0145, 0.0065, 0.0139, 0.0081, 0.0042, 0.0026,
        0.0110, 0.0099, 0.0016, 0.0030, 0.0086, 0.0167, 0.0055, 0.0166, 0.0153,
        0.0088, 0.0076, 0.0157, 0.0098, 0.0039, 0.0082, 0.0042, 0.0129, 0.0133,
        0.0020, 0.0091, 0.0112, 0.0059, 0.0077, 0.0093, 0.0098, 0.0040, 0.0053,
        0.0070, 0.0052, 0.0046, 0.0054, 0.0048, 0.0045, 0.0056, 0.0062, 0.0062,
        0.0046, 0.0043, 0.0046, 0.0048, 0.0064, 0.0064, 0.0049, 0.0043, 0.0047,
        0.0039, 0.0058, 0.0052, 0.0042, 0.0069, 0.0051, 0.0040, 0.0063, 0.0036,
        0.0047, 0.0051, 0.0037, 0.0048, 0.0044, 0.0052, 0.0041, 0.0031, 0.0039,
        0.0082, 0.0074, 0.0052, 0.0043, 0.0041, 0.0053, 0.0056, 0.0043, 0.0062,
        0.0030, 0.0051, 0.0041, 0.0042, 0.0051], grad_fn=<CatBackward>)

mean_overall=tensor(0.0142, grad_fn=<MeanBackward0>)

-----------------------------------------------ITERATION400-----------------------------------------------

final_causality=[[1, 1, 1, 1, 1, 1, 1, 1, 1, 1, 1, 1, 1], [1, 1, 1, 1, 1, 1, 1, 1, 1, 1, 1, 1, 1, 1, 1, 1, 1, 1, 1, 1, 1, 1, 1, 1, 1, 1, 1, 1, 1, 1, 1, 1, 1, 1, 1, 1, 1, 1, 1, 1, 1, 1, 1, 1, 1, 1, 1, 1, 1, 1], [1, 1, 1, 1, 1, 1, 1, 1, 1, 1, 1, 1, 1, 1, 1, 1, 1, 1, 1, 1, 1, 1, 1, 1, 1, 1, 1, 1, 1, 1, 1, 1, 1, 1, 1, 1, 1, 1, 1, 1, 1, 1, 1, 1, 1, 1, 1, 1, 1, 1]]

means=tensor([0.0101, 0.1102, 0.0698, 0.1027, 0.0723, 0.0937, 0.0759, 0.0874, 0.1355,
        0.1404, 0.0847, 0.0115, 0.0251, 0.0031, 0.0104, 0.0088, 0.0083, 0.0070,
        0.0008, 0.0177, 0.0093, 0.0207, 0.0065, 0.0174, 0.0134, 0.0052, 0.0073,
        0.0092, 0.0007, 0.0130, 0.0154, 0.0071, 0.0150, 0.0088, 0.0045, 0.0030,
        0.0120, 0.0109, 0.0018, 0.0031, 0.0094, 0.0175, 0.0060, 0.0177, 0.0164,
        0.0094, 0.0082, 0.0167, 0.0110, 0.0045, 0.0090, 0.0046, 0.0139, 0.0142,
        0.0024, 0.0100, 0.0122, 0.0066, 0.0085, 0.0098, 0.0107, 0.0044, 0.0061,
        0.0074, 0.0056, 0.0050, 0.0058, 0.0052, 0.0049, 0.0061, 0.0067, 0.0068,
        0.0050, 0.0046, 0.0050, 0.0052, 0.0068, 0.0069, 0.0052, 0.0047, 0.0051,
        0.0042, 0.0061, 0.0056, 0.0047, 0.0074, 0.0055, 0.0043, 0.0067, 0.0039,
        0.0051, 0.0056, 0.0041, 0.0051, 0.0048, 0.0058, 0.0045, 0.0034, 0.0043,
        0.0087, 0.0079, 0.0056, 0.0046, 0.0045, 0.0057, 0.0060, 0.0047, 0.0066,
        0.0033, 0.0054, 0.0045, 0.0046, 0.0055], grad_fn=<CatBackward>)

mean_overall=tensor(0.0156, grad_fn=<MeanBackward0>)

-----------------------------------------------ITERATION410-----------------------------------------------

final_causality=[[1, 1, 1, 1, 1, 1, 1, 1, 1, 1, 1, 1, 1], [1, 1, 1, 1, 1, 1, 1, 1, 1, 1, 1, 1, 1, 1, 1, 1, 1, 1, 1, 1, 1, 1, 1, 1, 1, 1, 1, 1, 1, 1, 1, 1, 1, 1, 1, 1, 1, 1, 1, 1, 1, 1, 1, 1, 1, 1, 1, 1, 1, 1], [1, 1, 1, 1, 1, 1, 1, 1, 1, 1, 1, 1, 1, 1, 1, 1, 1, 1, 1, 1, 1, 1, 1, 1, 1, 1, 1, 1, 1, 1, 1, 1, 1, 1, 1, 1, 1, 1, 1, 1, 1, 1, 1, 1, 1, 1, 1, 1, 1, 1]]

means=tensor([0.0114, 0.1147, 0.0776, 0.1089, 0.0811, 0.1045, 0.0813, 0.0968, 0.1519,
        0.1570, 0.0949, 0.0128, 0.0280, 0.0036, 0.0115, 0.0094, 0.0090, 0.0077,
        0.0009, 0.0190, 0.0102, 0.0221, 0.0074, 0.0187, 0.0145, 0.0059, 0.0083,
        0.0097, 0.0009, 0.0136, 0.0161, 0.0076, 0.0160, 0.0096, 0.0049, 0.0036,
        0.0130, 0.0121, 0.0021, 0.0033, 0.0102, 0.0181, 0.0065, 0.0187, 0.0175,
        0.0099, 0.0087, 0.0177, 0.0122, 0.0051, 0.0097, 0.0051, 0.0148, 0.0149,
        0.0028, 0.0110, 0.0132, 0.0073, 0.0092, 0.0103, 0.0116, 0.0049, 0.0070,
        0.0078, 0.0060, 0.0054, 0.0062, 0.0055, 0.0054, 0.0065, 0.0072, 0.0074,
        0.0053, 0.0050, 0.0053, 0.0056, 0.0072, 0.0074, 0.0056, 0.0051, 0.0055,
        0.0046, 0.0065, 0.0061, 0.0051, 0.0078, 0.0059, 0.0047, 0.0072, 0.0042,
        0.0054, 0.0060, 0.0044, 0.0055, 0.0052, 0.0063, 0.0050, 0.0037, 0.0046,
        0.0091, 0.0083, 0.0060, 0.0050, 0.0049, 0.0061, 0.0064, 0.0051, 0.0070,
        0.0036, 0.0058, 0.0049, 0.0049, 0.0059], grad_fn=<CatBackward>)

mean_overall=tensor(0.0170, grad_fn=<MeanBackward0>)

-----------------------------------------------ITERATION420-----------------------------------------------

final_causality=[[1, 1, 1, 1, 1, 1, 1, 1, 1, 1, 1, 1, 1], [1, 1, 1, 1, 1, 1, 1, 1, 1, 1, 1, 1, 1, 1, 1, 1, 1, 1, 1, 1, 1, 1, 1, 1, 1, 1, 1, 1, 1, 1, 1, 1, 1, 1, 1, 1, 1, 1, 1, 1, 1, 1, 1, 1, 1, 1, 1, 1, 1, 1], [1, 1, 1, 1, 1, 1, 1, 1, 1, 1, 1, 1, 1, 1, 1, 1, 1, 1, 1, 1, 1, 1, 1, 1, 1, 1, 1, 1, 1, 1, 1, 1, 1, 1, 1, 1, 1, 1, 1, 1, 1, 1, 1, 1, 1, 1, 1, 1, 1, 1]]

means=tensor([0.0127, 0.1178, 0.0861, 0.1143, 0.0903, 0.1160, 0.0868, 0.1068, 0.1694,
        0.1747, 0.1056, 0.0141, 0.0311, 0.0043, 0.0127, 0.0100, 0.0097, 0.0085,
        0.0010, 0.0203, 0.0111, 0.0236, 0.0084, 0.0199, 0.0155, 0.0067, 0.0093,
        0.0102, 0.0011, 0.0142, 0.0169, 0.0081, 0.0170, 0.0103, 0.0054, 0.0042,
        0.0140, 0.0134, 0.0023, 0.0036, 0.0111, 0.0186, 0.0072, 0.0197, 0.0186,
        0.0105, 0.0091, 0.0186, 0.0134, 0.0058, 0.0104, 0.0056, 0.0157, 0.0157,
        0.0032, 0.0120, 0.0143, 0.0081, 0.0099, 0.0108, 0.0125, 0.0055, 0.0081,
        0.0082, 0.0063, 0.0058, 0.0065, 0.0059, 0.0058, 0.0069, 0.0076, 0.0079,
        0.0057, 0.0054, 0.0056, 0.0059, 0.0076, 0.0078, 0.0059, 0.0055, 0.0058,
        0.0049, 0.0068, 0.0065, 0.0055, 0.0082, 0.0064, 0.0050, 0.0076, 0.0046,
        0.0058, 0.0063, 0.0047, 0.0059, 0.0056, 0.0067, 0.0054, 0.0040, 0.0050,
        0.0095, 0.0087, 0.0064, 0.0053, 0.0052, 0.0065, 0.0067, 0.0055, 0.0073,
        0.0040, 0.0062, 0.0052, 0.0052, 0.0063], grad_fn=<CatBackward>)

mean_overall=tensor(0.0184, grad_fn=<MeanBackward0>)

-----------------------------------------------ITERATION430-----------------------------------------------

final_causality=[[1, 1, 1, 1, 1, 1, 1, 1, 1, 1, 1, 1, 1], [1, 1, 1, 1, 1, 1, 1, 1, 1, 1, 1, 1, 1, 1, 1, 1, 1, 1, 1, 1, 1, 1, 1, 1, 1, 1, 1, 1, 1, 1, 1, 1, 1, 1, 1, 1, 1, 1, 1, 1, 1, 1, 1, 1, 1, 1, 1, 1, 1, 1], [1, 1, 1, 1, 1, 1, 1, 1, 1, 1, 1, 1, 1, 1, 1, 1, 1, 1, 1, 1, 1, 1, 1, 1, 1, 1, 1, 1, 1, 1, 1, 1, 1, 1, 1, 1, 1, 1, 1, 1, 1, 1, 1, 1, 1, 1, 1, 1, 1, 1]]

means=tensor([0.0141, 0.1196, 0.0954, 0.1190, 0.1001, 0.1281, 0.0928, 0.1174, 0.1880,
        0.1934, 0.1170, 0.0154, 0.0343, 0.0051, 0.0138, 0.0109, 0.0105, 0.0092,
        0.0012, 0.0216, 0.0120, 0.0250, 0.0093, 0.0211, 0.0165, 0.0074, 0.0103,
        0.0107, 0.0013, 0.0151, 0.0176, 0.0086, 0.0180, 0.0110, 0.0060, 0.0048,
        0.0150, 0.0147, 0.0025, 0.0040, 0.0119, 0.0191, 0.0080, 0.0207, 0.0196,
        0.0111, 0.0096, 0.0194, 0.0146, 0.0064, 0.0112, 0.0061, 0.0166, 0.0163,
        0.0036, 0.0130, 0.0156, 0.0090, 0.0107, 0.0112, 0.0137, 0.0062, 0.0092,
        0.0086, 0.0066, 0.0061, 0.0069, 0.0063, 0.0062, 0.0073, 0.0080, 0.0084,
        0.0060, 0.0057, 0.0059, 0.0063, 0.0080, 0.0082, 0.0062, 0.0059, 0.0062,
        0.0052, 0.0071, 0.0069, 0.0059, 0.0086, 0.0068, 0.0054, 0.0080, 0.0049,
        0.0061, 0.0067, 0.0051, 0.0062, 0.0059, 0.0072, 0.0059, 0.0044, 0.0053,
        0.0099, 0.0091, 0.0067, 0.0056, 0.0056, 0.0069, 0.0071, 0.0058, 0.0077,
        0.0043, 0.0065, 0.0056, 0.0055, 0.0067], grad_fn=<CatBackward>)

mean_overall=tensor(0.0199, grad_fn=<MeanBackward0>)

-----------------------------------------------ITERATION440-----------------------------------------------

final_causality=[[1, 1, 1, 1, 1, 1, 1, 1, 1, 1, 1, 1, 1], [1, 1, 1, 1, 1, 1, 1, 1, 1, 1, 1, 1, 1, 1, 1, 1, 1, 1, 1, 1, 1, 1, 1, 1, 1, 1, 1, 1, 1, 1, 1, 1, 1, 1, 1, 1, 1, 1, 1, 1, 1, 1, 1, 1, 1, 1, 1, 1, 1, 1], [1, 1, 1, 1, 1, 1, 1, 1, 1, 1, 1, 1, 1, 1, 1, 1, 1, 1, 1, 1, 1, 1, 1, 1, 1, 1, 1, 1, 1, 1, 1, 1, 1, 1, 1, 1, 1, 1, 1, 1, 1, 1, 1, 1, 1, 1, 1, 1, 1, 1]]

means=tensor([0.0155, 0.1202, 0.1056, 0.1231, 0.1104, 0.1409, 0.0993, 0.1286, 0.2076,
        0.2132, 0.1289, 0.0168, 0.0378, 0.0059, 0.0150, 0.0118, 0.0112, 0.0100,
        0.0014, 0.0228, 0.0129, 0.0264, 0.0103, 0.0223, 0.0175, 0.0082, 0.0114,
        0.0112, 0.0015, 0.0159, 0.0183, 0.0090, 0.0190, 0.0117, 0.0065, 0.0055,
        0.0160, 0.0160, 0.0029, 0.0044, 0.0128, 0.0194, 0.0088, 0.0215, 0.0205,
        0.0119, 0.0099, 0.0202, 0.0158, 0.0071, 0.0119, 0.0066, 0.0174, 0.0170,
        0.0041, 0.0139, 0.0169, 0.0100, 0.0115, 0.0116, 0.0150, 0.0069, 0.0104,
        0.0089, 0.0070, 0.0064, 0.0072, 0.0066, 0.0065, 0.0077, 0.0084, 0.0089,
        0.0063, 0.0060, 0.0063, 0.0066, 0.0083, 0.0086, 0.0065, 0.0062, 0.0065,
        0.0055, 0.0074, 0.0073, 0.0063, 0.0090, 0.0072, 0.0057, 0.0083, 0.0052,
        0.0064, 0.0070, 0.0054, 0.0065, 0.0063, 0.0077, 0.0063, 0.0047, 0.0056,
        0.0102, 0.0095, 0.0071, 0.0060, 0.0060, 0.0072, 0.0074, 0.0062, 0.0080,
        0.0047, 0.0068, 0.0059, 0.0058, 0.0071], grad_fn=<CatBackward>)

mean_overall=tensor(0.0214, grad_fn=<MeanBackward0>)

