loss_training=[0.5330559923545691, 0.2354288692677221, 0.08155254465518676, 0.03364519814907705, 0.030865917701873535, 0.03219715348574194, 0.030433719480131786, 0.029235371913471173, 0.028958661089144123, 0.028698222291098415, 0.028372377740344706, 0.028074464810079115, 0.02777848928074005, 0.02747256549080958, 0.0271617381312939, 0.02684537164176239, 0.026523057140683724, 0.026195228161313155, 0.0258619786724082, 0.025523415578464315, 0.025179656241192686, 0.024830803291835356, 0.02447697734754428, 0.024118318556817838, 0.023754993662891365, 0.02338720452378922, 0.02301519566183565, 0.022639261131352527, 0.022259749953489213, 0.021877070636116082, 0.02149169481298065, 0.021104159760267787, 0.020715069560556083, 0.020325094797941947, 0.01993497071685363, 0.0195454937531774, 0.019157516349237097, 0.0187719400092399, 0.018389706607201902, 0.01801178800970352, 0.01763917413014123, 0.017272859595202618, 0.016913829272698105, 0.01656304297603395, 0.016221419721384585]

test_loss_training=[0.5534082402880576, 0.25442050298727126, 0.09958641224142877, 0.04903122940566071, 0.04288404212684446, 0.04298435913562194, 0.0424220020294147, 0.04285973238085891, 0.043382962962050395, 0.043153515008976746, 0.042586538752994306, 0.04212466502306133, 0.041833445619045805, 0.041622265303556394, 0.04139879846750471, 0.04113106426885729, 0.04083824722370836, 0.0405447655834681, 0.04025674587033599, 0.03996819025603817, 0.03967371887023036, 0.03937311564642871, 0.03906847994761588, 0.038760962117905265, 0.03845040907529116, 0.03813651858217704, 0.03781946867626804, 0.03749971557280281, 0.0371776748686674, 0.036853692560924654, 0.03652816302047938, 0.03620157901686841, 0.035874501375587495, 0.03554753088179789, 0.03522131088573053, 0.034896535088242114, 0.03457394283283852, 0.03425430797750615, 0.03393842961274176, 0.03362712386563567, 0.033321213533727315, 0.03302151554093361, 0.03272882775729239, 0.032443915710286715, 0.03216749905455909]

loss_control_training_MSE=[0.4966445704561478, 0.2138638340821015, 0.07294757919340582, 0.032301392229395064, 0.031149343351569048, 0.032098574058061276, 0.030251097408959503, 0.029185564980312523, 0.0289389614899991, 0.028665841196961077, 0.028341316445973853, 0.028045324723410908, 0.027748238296309246, 0.027441680031872147, 0.027130375861713196, 0.026813398631145832, 0.02649051921262993, 0.02616214612535873, 0.02582835922599566, 0.02548927184819517, 0.02514499832736194, 0.024795642330961005, 0.024441326436552665, 0.024082193010898326, 0.023718411964860343, 0.02335018908122131, 0.02297777355192344, 0.022601464702077943, 0.02222161731108109, 0.021838646052085863, 0.021453029030649225, 0.021065310174918573, 0.02067610025611036, 0.020286076433273362, 0.0198959802538039, 0.01950661401643949, 0.019118835411296938, 0.018733550399165175, 0.018351704347283976, 0.017974271489012955, 0.017602242830051063, 0.017236612688712207, 0.01687836412618168, 0.016528453588392358, 0.016187795141267017]

variances=[4.426283530829021e-09, 3.984569117057205e-09, 5.6174651222448505e-09, 7.671038543085759e-09, 9.215519338767277e-09, 9.725933636286515e-09, 9.758556660157952e-09, 9.860417141651425e-09, 1.0214260734380265e-08, 1.0807323073407314e-08, 1.1628316565180757e-08, 1.2619342363745419e-08, 1.3757999033466175e-08, 1.507666170386754e-08, 1.6627324281724073e-08, 1.8411941042423262e-08, 2.027481743499998e-08, 2.2297910932645704e-08, 2.4414067277033515e-08, 2.6773802925449188e-08, 2.94284742811461e-08, 3.2382681491409507e-08, 3.5666907984285125e-08, 3.929751246987731e-08, 4.3290278386608146e-08, 4.7692743514948456e-08, 5.252457078105791e-08, 5.780677092438653e-08, 6.356759202839145e-08, 6.98214758340141e-08, 7.66026185784927e-08, 8.394767241200574e-08, 9.188519456958125e-08, 1.0044334387997776e-07, 1.096453709131526e-07, 1.1951821184042667e-07, 1.3008107806765028e-07, 1.4134871272844774e-07, 1.5332787415415462e-07, 1.6603484891729835e-07, 1.794804354075807e-07, 1.9367231268542426e-07, 2.0859705097768153e-07, 2.2423849343327134e-07, 2.4057714658438616e-07]

ACE_values=[8.643507943076899e-05, 8.95039933569482e-05, 9.468081823500079e-05, 0.00010077040488408425, 0.0001041231011154923, 0.00010462310427361713, 0.00010387514170086794, 0.00010356552876297063, 0.00010441166090892093, 0.00010630857945001294, 0.00010896387248191344, 0.00011191529201183388, 0.00011507712350666439, 0.00011848527957788988, 0.00012213592489309486, 0.00012629534313130455, 0.00013111381822842534, 0.0001366699630151949, 0.00014297094412541245, 0.00014980400284106532, 0.00015700267145659188, 0.00016458339484991271, 0.00017244822090364058, 0.00018063204173760023, 0.00018919911683181931, 0.00019814756220159406, 0.00020745378880209495, 0.00021716276622245014, 0.0002272081591535113, 0.0002377076620851006, 0.00024858039261910604, 0.0002598123942359049, 0.0002713849558539932, 0.0002832936248015631, 0.00029555002095872873, 0.0003081626186270426, 0.00032114276283099104, 0.00033443135339733434, 0.0003480214871605088, 0.0003619123056493177, 0.0003760787019251551, 0.0003904731511718192, 0.00040508277050300956, 0.00041988680432642953, 0.0004348546875044528]

-------------------------------CAUSAL NEURAL NET-------------------------------

loss_test_causal=tensor(0.0319, grad_fn=<MseLossBackward>)

