-----------------------------------------------ITERATION0-----------------------------------------------

final_causality=[[1, 1, 1, 1, 1, 1, 1, 1, 1, 1, 1, 1, 1], [1, 1, 1, 1, 1, 1, 1, 1, 1, 1, 1, 1, 1, 1, 1, 1, 1, 1, 1, 1, 1, 1, 1, 1, 1, 1, 1, 1, 1, 1, 1, 1, 1, 1, 1, 1, 1, 1, 1, 1, 1, 1, 1, 1, 1, 1, 1, 1, 1, 1], [1, 1, 1, 1, 1, 1, 1, 1, 1, 1, 1, 1, 1, 1, 1, 1, 1, 1, 1, 1, 1, 1, 1, 1, 1, 1, 1, 1, 1, 1, 1, 1, 1, 1, 1, 1, 1, 1, 1, 1, 1, 1, 1, 1, 1, 1, 1, 1, 1, 1]]

means=tensor([4.0199e-05, 1.8721e-06, 3.5736e-04, 1.8352e-04, 2.1865e-04, 1.5891e-04,
        5.8338e-05, 1.4449e-05, 3.1144e-04, 1.6156e-04, 1.3041e-04, 1.9376e-04,
        1.0621e-04, 7.0254e-05, 1.5126e-04, 2.2705e-05, 1.1210e-05, 1.0596e-04,
        1.1119e-04, 2.6555e-04, 1.1954e-08, 2.0784e-04, 4.9104e-05, 2.4777e-05,
        2.1635e-04, 2.0864e-06, 1.2181e-04, 5.3479e-06, 7.3332e-05, 8.5862e-05,
        6.6087e-05, 7.4619e-05, 1.8014e-04, 1.3852e-04, 1.1653e-04, 6.1540e-05,
        3.1345e-05, 2.2738e-06, 1.4746e-04, 5.8562e-05, 1.0559e-04, 1.5907e-04,
        1.0719e-04, 8.6801e-05, 1.2494e-04, 4.5518e-05, 1.4488e-04, 2.5630e-05,
        2.7800e-05, 4.4618e-05, 1.5038e-04, 4.3136e-05, 5.9347e-05, 1.0890e-04,
        1.0130e-04, 1.2103e-04, 1.3003e-05, 5.1486e-05, 1.9895e-05, 6.6213e-05,
        2.7173e-05, 5.8887e-05, 1.9454e-05, 4.7346e-05, 8.4765e-05, 1.1038e-04,
        3.5093e-05, 1.7091e-05, 8.2986e-05, 1.3631e-04, 2.3257e-05, 1.3308e-04,
        6.0952e-05, 5.0136e-05, 1.6717e-04, 1.5266e-04, 7.0620e-06, 9.8541e-05,
        9.2929e-06, 2.6265e-06, 5.7388e-05, 8.0239e-05, 1.2593e-04, 6.9211e-05,
        7.0948e-05, 1.6511e-04, 5.8583e-05, 3.6588e-05, 8.2528e-05, 4.6329e-05,
        5.8493e-05, 1.3607e-05, 7.5587e-05, 7.7140e-05, 1.8821e-04, 1.0540e-04,
        1.5155e-04, 8.8573e-07, 6.5355e-05, 1.2967e-04, 3.8306e-05, 1.0319e-04,
        7.4165e-05, 6.1697e-06, 3.1291e-05, 2.8216e-05, 8.1979e-05, 1.1121e-04,
        1.9799e-05, 1.2144e-04, 1.0609e-04, 4.6178e-05, 7.0982e-05],
       grad_fn=<CatBackward>)

mean_overall=tensor(8.6435e-05, grad_fn=<MeanBackward0>)

-----------------------------------------------ITERATION10-----------------------------------------------

final_causality=[[1, 1, 1, 1, 1, 1, 1, 1, 1, 1, 1, 1, 1], [1, 1, 1, 1, 1, 1, 1, 1, 1, 1, 1, 1, 1, 1, 1, 1, 1, 1, 1, 1, 1, 1, 1, 1, 1, 1, 1, 1, 1, 1, 1, 1, 1, 1, 1, 1, 1, 1, 1, 1, 1, 1, 1, 1, 1, 1, 1, 1, 1, 1], [1, 1, 1, 1, 1, 1, 1, 1, 1, 1, 1, 1, 1, 1, 1, 1, 1, 1, 1, 1, 1, 1, 1, 1, 1, 1, 1, 1, 1, 1, 1, 1, 1, 1, 1, 1, 1, 1, 1, 1, 1, 1, 1, 1, 1, 1, 1, 1, 1, 1]]

means=tensor([3.7160e-05, 1.6377e-04, 2.6730e-04, 3.1041e-04, 2.6041e-04, 1.9564e-04,
        6.1178e-05, 5.6002e-05, 1.4035e-04, 1.1735e-04, 6.1298e-05, 1.6864e-04,
        1.6880e-04, 4.8592e-05, 1.8995e-04, 6.6614e-07, 3.3161e-05, 7.3468e-05,
        1.3396e-04, 2.9352e-04, 2.7275e-05, 2.5144e-04, 6.9161e-05, 6.9324e-05,
        1.6124e-04, 3.2153e-05, 1.4502e-04, 3.4857e-05, 5.2236e-05, 6.6285e-05,
        9.1068e-05, 9.5457e-05, 1.0934e-04, 1.7764e-04, 9.6221e-05, 9.6089e-05,
        6.2279e-05, 4.4280e-05, 1.0147e-04, 1.0930e-04, 1.3252e-04, 1.8401e-04,
        8.0794e-05, 1.2177e-04, 9.6456e-05, 7.0267e-05, 1.1433e-04, 5.0322e-05,
        4.1889e-06, 1.8217e-05, 1.0239e-04, 7.0238e-05, 8.5535e-05, 6.6682e-05,
        1.2838e-04, 1.4186e-04, 3.0361e-05, 2.8752e-05, 4.5944e-05, 4.0538e-05,
        7.6798e-05, 1.0847e-04, 3.3245e-06, 4.4628e-05, 7.5017e-05, 1.1118e-04,
        3.1524e-05, 2.0522e-05, 8.4342e-05, 1.2516e-04, 2.9784e-05, 1.3154e-04,
        5.4761e-05, 4.1907e-05, 1.5052e-04, 1.6001e-04, 3.5101e-06, 1.0698e-04,
        5.5384e-06, 5.1540e-06, 5.0640e-05, 7.3566e-05, 1.2787e-04, 6.2132e-05,
        6.4480e-05, 1.6293e-04, 6.4326e-05, 3.5366e-05, 9.1660e-05, 3.7800e-05,
        6.6613e-05, 8.7585e-06, 8.2619e-05, 7.8024e-05, 1.7812e-04, 1.0696e-04,
        1.4792e-04, 5.7119e-06, 5.9527e-05, 1.1783e-04, 4.3588e-05, 9.9934e-05,
        7.9964e-05, 7.4203e-06, 2.8926e-05, 2.9408e-05, 8.6068e-05, 1.0780e-04,
        1.3171e-05, 1.1412e-04, 1.0614e-04, 3.9595e-05, 7.6976e-05],
       grad_fn=<CatBackward>)

mean_overall=tensor(8.9504e-05, grad_fn=<MeanBackward0>)

-----------------------------------------------ITERATION20-----------------------------------------------

final_causality=[[1, 1, 1, 1, 1, 1, 1, 1, 1, 1, 1, 1, 1], [1, 1, 1, 1, 1, 1, 1, 1, 1, 1, 1, 1, 1, 1, 1, 1, 1, 1, 1, 1, 1, 1, 1, 1, 1, 1, 1, 1, 1, 1, 1, 1, 1, 1, 1, 1, 1, 1, 1, 1, 1, 1, 1, 1, 1, 1, 1, 1, 1, 1], [1, 1, 1, 1, 1, 1, 1, 1, 1, 1, 1, 1, 1, 1, 1, 1, 1, 1, 1, 1, 1, 1, 1, 1, 1, 1, 1, 1, 1, 1, 1, 1, 1, 1, 1, 1, 1, 1, 1, 1, 1, 1, 1, 1, 1, 1, 1, 1, 1, 1]]

means=tensor([3.6214e-05, 3.1581e-04, 1.8015e-04, 4.2356e-04, 2.9990e-04, 2.3019e-04,
        1.7123e-04, 9.5427e-05, 2.4702e-06, 8.5113e-05, 5.7744e-06, 1.5497e-04,
        2.2564e-04, 3.1831e-05, 2.2328e-04, 1.5624e-05, 5.0586e-05, 4.6299e-05,
        1.5359e-04, 3.1366e-04, 4.9998e-05, 2.8413e-04, 8.7215e-05, 1.0574e-04,
        1.1248e-04, 6.0604e-05, 1.6385e-04, 5.7980e-05, 3.4910e-05, 4.9929e-05,
        1.1150e-04, 1.1254e-04, 5.1615e-05, 2.0954e-04, 7.9073e-05, 1.2275e-04,
        8.8722e-05, 7.9594e-05, 6.2779e-05, 1.4881e-04, 1.5321e-04, 2.0299e-04,
        5.7910e-05, 1.5048e-04, 7.2634e-05, 8.9015e-05, 8.6990e-05, 7.1423e-05,
        3.4664e-05, 4.4318e-06, 6.2620e-05, 9.2616e-05, 1.0664e-04, 3.2320e-05,
        1.5003e-04, 1.5829e-04, 4.5315e-05, 1.1205e-05, 1.0041e-04, 1.9555e-05,
        1.1818e-04, 1.4959e-04, 2.1408e-05, 4.1569e-05, 6.6594e-05, 1.1081e-04,
        2.7914e-05, 2.2479e-05, 8.8835e-05, 1.1511e-04, 3.4973e-05, 1.2929e-04,
        4.9375e-05, 3.4997e-05, 1.3619e-04, 1.6385e-04, 5.2397e-07, 1.1428e-04,
        2.0266e-06, 7.2553e-06, 4.4582e-05, 6.9058e-05, 1.2934e-04, 5.8856e-05,
        6.2630e-05, 1.5925e-04, 6.9374e-05, 3.3729e-05, 9.9240e-05, 3.0642e-05,
        7.3471e-05, 4.4310e-06, 8.8174e-05, 7.7175e-05, 1.6808e-04, 1.0681e-04,
        1.4373e-04, 1.0225e-05, 5.4906e-05, 1.0837e-04, 4.8144e-05, 9.6436e-05,
        9.0409e-05, 1.0947e-05, 2.6987e-05, 3.0179e-05, 8.8927e-05, 1.0557e-04,
        7.3867e-06, 1.0734e-04, 1.0604e-04, 3.3599e-05, 8.1809e-05],
       grad_fn=<CatBackward>)

mean_overall=tensor(9.4681e-05, grad_fn=<MeanBackward0>)

-----------------------------------------------ITERATION30-----------------------------------------------

final_causality=[[1, 1, 1, 1, 1, 1, 1, 1, 1, 1, 1, 1, 1], [1, 1, 1, 1, 1, 1, 1, 1, 1, 1, 1, 1, 1, 1, 1, 1, 1, 1, 1, 1, 1, 1, 1, 1, 1, 1, 1, 1, 1, 1, 1, 1, 1, 1, 1, 1, 1, 1, 1, 1, 1, 1, 1, 1, 1, 1, 1, 1, 1, 1], [1, 1, 1, 1, 1, 1, 1, 1, 1, 1, 1, 1, 1, 1, 1, 1, 1, 1, 1, 1, 1, 1, 1, 1, 1, 1, 1, 1, 1, 1, 1, 1, 1, 1, 1, 1, 1, 1, 1, 1, 1, 1, 1, 1, 1, 1, 1, 1, 1, 1]]

means=tensor([2.9116e-05, 4.3170e-04, 1.1453e-04, 5.1198e-04, 3.2930e-04, 2.5947e-04,
        2.5217e-04, 1.2898e-04, 8.3581e-05, 6.5161e-05, 2.6899e-05, 1.5486e-04,
        2.6606e-04, 1.9924e-05, 2.4581e-04, 2.7153e-05, 6.2067e-05, 2.7630e-05,
        1.6710e-04, 3.2667e-04, 6.5593e-05, 3.0536e-04, 9.9783e-05, 1.2959e-04,
        7.7221e-05, 8.0321e-05, 1.7585e-04, 7.3033e-05, 2.3188e-05, 3.8664e-05,
        1.2496e-04, 1.2444e-04, 1.2996e-05, 2.3057e-04, 6.7220e-05, 1.4015e-04,
        1.0680e-04, 1.0336e-04, 3.6229e-05, 1.7490e-04, 1.6663e-04, 2.1460e-04,
        4.1744e-05, 1.6956e-04, 5.6351e-05, 1.0096e-04, 6.7041e-05, 8.6005e-05,
        5.5840e-05, 2.1155e-05, 3.5642e-05, 1.0816e-04, 1.2081e-04, 9.2959e-06,
        1.6511e-04, 1.6881e-04, 5.5832e-05, 3.9051e-08, 1.3719e-04, 5.3498e-06,
        1.4574e-04, 1.7667e-04, 3.3699e-05, 3.9135e-05, 6.1427e-05, 1.1056e-04,
        2.5136e-05, 2.3325e-05, 9.0913e-05, 1.0835e-04, 3.8296e-05, 1.2743e-04,
        4.5423e-05, 3.0724e-05, 1.2655e-04, 1.6563e-04, 1.6053e-06, 1.1983e-04,
        5.4774e-07, 8.6640e-06, 4.0364e-05, 6.6514e-05, 1.3014e-04, 5.8265e-05,
        6.1172e-05, 1.5729e-04, 7.2621e-05, 3.2266e-05, 1.0402e-04, 2.7252e-05,
        7.7876e-05, 1.2867e-06, 9.1774e-05, 7.5663e-05, 1.5973e-04, 1.0590e-04,
        1.3999e-04, 1.3640e-05, 5.1443e-05, 1.0201e-04, 5.1538e-05, 9.2687e-05,
        9.7923e-05, 1.4005e-05, 2.5317e-05, 3.1445e-05, 8.9968e-05, 1.0305e-04,
        3.3811e-06, 1.0238e-04, 1.0551e-04, 2.9209e-05, 8.5235e-05],
       grad_fn=<CatBackward>)

mean_overall=tensor(0.0001, grad_fn=<MeanBackward0>)

-----------------------------------------------ITERATION40-----------------------------------------------

final_causality=[[1, 1, 1, 1, 1, 1, 1, 1, 1, 1, 1, 1, 1], [1, 1, 1, 1, 1, 1, 1, 1, 1, 1, 1, 1, 1, 1, 1, 1, 1, 1, 1, 1, 1, 1, 1, 1, 1, 1, 1, 1, 1, 1, 1, 1, 1, 1, 1, 1, 1, 1, 1, 1, 1, 1, 1, 1, 1, 1, 1, 1, 1, 1], [1, 1, 1, 1, 1, 1, 1, 1, 1, 1, 1, 1, 1, 1, 1, 1, 1, 1, 1, 1, 1, 1, 1, 1, 1, 1, 1, 1, 1, 1, 1, 1, 1, 1, 1, 1, 1, 1, 1, 1, 1, 1, 1, 1, 1, 1, 1, 1, 1, 1]]

means=tensor([8.2713e-06, 5.0452e-04, 9.3324e-05, 5.6809e-04, 3.3470e-04, 2.7872e-04,
        2.8766e-04, 1.5195e-04, 1.2260e-04, 4.5823e-05, 4.7321e-05, 1.6094e-04,
        2.7619e-04, 1.3830e-05, 2.5436e-04, 3.2541e-05, 6.8739e-05, 1.8341e-05,
        1.7279e-04, 3.3516e-04, 7.3636e-05, 3.1798e-04, 1.0517e-04, 1.3928e-04,
        5.8603e-05, 9.1964e-05, 1.8002e-04, 8.1268e-05, 1.7418e-05, 3.2977e-05,
        1.3079e-04, 1.3111e-04, 1.5784e-06, 2.3963e-04, 6.1318e-05, 1.5004e-04,
        1.1425e-04, 1.1333e-04, 2.3383e-05, 1.9018e-04, 1.7370e-04, 2.1930e-04,
        3.3501e-05, 1.7807e-04, 4.8437e-05, 1.0748e-04, 5.6526e-05, 9.2271e-05,
        6.7751e-05, 3.0201e-05, 2.2775e-05, 1.1542e-04, 1.2813e-04, 6.6818e-07,
        1.7446e-04, 1.7341e-04, 6.1103e-05, 5.4499e-06, 1.5783e-04, 5.1721e-07,
        1.5734e-04, 1.8749e-04, 3.8607e-05, 3.7836e-05, 6.1036e-05, 1.1226e-04,
        2.3769e-05, 2.4351e-05, 8.9594e-05, 1.0735e-04, 3.9626e-05, 1.2625e-04,
        4.3333e-05, 3.0032e-05, 1.2344e-04, 1.6865e-04, 2.6726e-06, 1.2165e-04,
        1.8597e-06, 9.3064e-06, 3.8811e-05, 6.5859e-05, 1.3000e-04, 5.8920e-05,
        6.0946e-05, 1.6069e-04, 7.4476e-05, 3.1437e-05, 1.0516e-04, 2.6744e-05,
        7.8814e-05, 3.1388e-07, 9.4736e-05, 7.5300e-05, 1.5345e-04, 1.0439e-04,
        1.3670e-04, 1.5148e-05, 5.0321e-05, 9.8981e-05, 5.3776e-05, 9.0046e-05,
        1.0157e-04, 1.4741e-05, 2.3875e-05, 3.0932e-05, 8.8604e-05, 9.8875e-05,
        1.3661e-06, 9.9397e-05, 1.0370e-04, 2.6849e-05, 8.7710e-05],
       grad_fn=<CatBackward>)

mean_overall=tensor(0.0001, grad_fn=<MeanBackward0>)

-----------------------------------------------ITERATION50-----------------------------------------------

final_causality=[[1, 1, 1, 1, 1, 1, 1, 1, 1, 1, 1, 1, 1], [1, 1, 1, 1, 1, 1, 1, 1, 1, 1, 1, 1, 1, 1, 1, 1, 1, 1, 1, 1, 1, 1, 1, 1, 1, 1, 1, 1, 1, 1, 1, 1, 1, 1, 1, 1, 1, 1, 1, 1, 1, 1, 1, 1, 1, 1, 1, 1, 1, 1], [1, 1, 1, 1, 1, 1, 1, 1, 1, 1, 1, 1, 1, 1, 1, 1, 1, 1, 1, 1, 1, 1, 1, 1, 1, 1, 1, 1, 1, 1, 1, 1, 1, 1, 1, 1, 1, 1, 1, 1, 1, 1, 1, 1, 1, 1, 1, 1, 1, 1]]

means=tensor([5.5518e-06, 5.4087e-04, 1.1633e-04, 5.9459e-04, 3.1464e-04, 2.8662e-04,
        2.7967e-04, 1.6352e-04, 1.0605e-04, 2.0794e-05, 4.0628e-05, 1.6517e-04,
        2.5784e-04, 1.2508e-05, 2.5111e-04, 3.2840e-05, 7.1742e-05, 1.6471e-05,
        1.7218e-04, 3.4136e-04, 7.5752e-05, 3.2548e-04, 1.0461e-04, 1.3789e-04,
        5.3638e-05, 9.7671e-05, 1.7787e-04, 8.4963e-05, 1.6281e-05, 3.1671e-05,
        1.3064e-04, 1.3381e-04, 3.5681e-06, 2.3937e-04, 6.0152e-05, 1.5493e-04,
        1.1278e-04, 1.1225e-04, 2.1533e-05, 1.9869e-04, 1.7643e-04, 2.1903e-04,
        3.1649e-05, 1.7830e-04, 4.7187e-05, 1.1055e-04, 5.3881e-05, 9.1522e-05,
        7.3090e-05, 3.3088e-05, 2.1183e-05, 1.1601e-04, 1.3043e-04, 5.7912e-07,
        1.7986e-04, 1.7360e-04, 6.2019e-05, 6.5059e-06, 1.6727e-04, 1.7237e-06,
        1.5648e-04, 1.8539e-04, 3.7302e-05, 3.7561e-05, 6.4823e-05, 1.1604e-04,
        2.3663e-05, 2.6173e-05, 8.5421e-05, 1.0987e-04, 3.9449e-05, 1.2561e-04,
        4.2854e-05, 3.2234e-05, 1.2602e-04, 1.7410e-04, 2.8677e-06, 1.1932e-04,
        2.1235e-06, 9.3917e-06, 3.9269e-05, 6.7100e-05, 1.2969e-04, 6.0042e-05,
        6.1912e-05, 1.6944e-04, 7.5589e-05, 3.1375e-05, 1.0344e-04, 2.8096e-05,
        7.6789e-05, 6.2031e-07, 9.7929e-05, 7.6654e-05, 1.4896e-04, 1.0234e-04,
        1.3362e-04, 1.4890e-05, 5.1415e-05, 9.8766e-05, 5.5155e-05, 8.4498e-05,
        1.0186e-04, 1.3156e-05, 2.2593e-05, 2.9037e-05, 8.5359e-05, 9.3122e-05,
        9.4478e-07, 9.7841e-05, 1.0049e-04, 2.6152e-05, 8.9588e-05],
       grad_fn=<CatBackward>)

mean_overall=tensor(0.0001, grad_fn=<MeanBackward0>)

-----------------------------------------------ITERATION60-----------------------------------------------

final_causality=[[1, 1, 1, 1, 1, 1, 1, 1, 1, 1, 1, 1, 1], [1, 1, 1, 1, 1, 1, 1, 1, 1, 1, 1, 1, 1, 1, 1, 1, 1, 1, 1, 1, 1, 1, 1, 1, 1, 1, 1, 1, 1, 1, 1, 1, 1, 1, 1, 1, 1, 1, 1, 1, 1, 1, 1, 1, 1, 1, 1, 1, 1, 1], [1, 1, 1, 1, 1, 1, 1, 1, 1, 1, 1, 1, 1, 1, 1, 1, 1, 1, 1, 1, 1, 1, 1, 1, 1, 1, 1, 1, 1, 1, 1, 1, 1, 1, 1, 1, 1, 1, 1, 1, 1, 1, 1, 1, 1, 1, 1, 1, 1, 1]]

means=tensor([3.1630e-05, 5.5814e-04, 1.6002e-04, 6.0517e-04, 2.8303e-04, 2.8820e-04,
        2.4979e-04, 1.6882e-04, 6.3010e-05, 5.6236e-06, 1.9628e-05, 1.6734e-04,
        2.2704e-04, 1.3600e-05, 2.4193e-04, 3.0620e-05, 7.2610e-05, 1.8353e-05,
        1.6877e-04, 3.4655e-04, 7.5235e-05, 3.3066e-04, 1.0299e-04, 1.3119e-04,
        5.5547e-05, 9.9929e-05, 1.7255e-04, 8.6208e-05, 1.7496e-05, 3.2551e-05,
        1.2744e-04, 1.3452e-04, 3.5288e-07, 2.3441e-04, 6.1381e-05, 1.5710e-04,
        1.0701e-04, 1.0593e-04, 2.5330e-05, 2.0375e-04, 1.7702e-04, 2.1628e-04,
        3.3006e-05, 1.7437e-04, 4.9348e-05, 1.1183e-04, 5.5194e-05, 8.7395e-05,
        7.4842e-05, 3.2846e-05, 2.5368e-05, 1.1391e-04, 1.3023e-04, 4.5615e-07,
        1.8327e-04, 1.7155e-04, 6.3171e-05, 5.3290e-06, 1.7065e-04, 1.1706e-07,
        1.4943e-04, 1.7701e-04, 3.3247e-05, 3.7802e-05, 7.0697e-05, 1.2064e-04,
        2.4193e-05, 2.8307e-05, 8.0244e-05, 1.1502e-04, 3.8562e-05, 1.2530e-04,
        4.3196e-05, 3.5988e-05, 1.3153e-04, 1.8027e-04, 2.6250e-06, 1.1482e-04,
        1.8450e-06, 9.2409e-06, 4.0416e-05, 6.9189e-05, 1.2983e-04, 6.1391e-05,
        6.3422e-05, 1.8054e-04, 7.6139e-05, 3.1900e-05, 1.0207e-04, 3.1083e-05,
        7.3463e-05, 2.5653e-07, 1.0113e-04, 7.8672e-05, 1.4564e-04, 1.0007e-04,
        1.3087e-04, 1.3818e-05, 5.3543e-05, 1.0012e-04, 5.6065e-05, 7.7667e-05,
        1.0045e-04, 1.2605e-05, 2.1863e-05, 2.7587e-05, 8.1570e-05, 8.6575e-05,
        1.3344e-06, 9.6991e-05, 9.6715e-05, 2.6304e-05, 9.0997e-05],
       grad_fn=<CatBackward>)

mean_overall=tensor(0.0001, grad_fn=<MeanBackward0>)

-----------------------------------------------ITERATION70-----------------------------------------------

final_causality=[[1, 1, 1, 1, 1, 1, 1, 1, 1, 1, 1, 1, 1], [1, 1, 1, 1, 1, 1, 1, 1, 1, 1, 1, 1, 1, 1, 1, 1, 1, 1, 1, 1, 1, 1, 1, 1, 1, 1, 1, 1, 1, 1, 1, 1, 1, 1, 1, 1, 1, 1, 1, 1, 1, 1, 1, 1, 1, 1, 1, 1, 1, 1], [1, 1, 1, 1, 1, 1, 1, 1, 1, 1, 1, 1, 1, 1, 1, 1, 1, 1, 1, 1, 1, 1, 1, 1, 1, 1, 1, 1, 1, 1, 1, 1, 1, 1, 1, 1, 1, 1, 1, 1, 1, 1, 1, 1, 1, 1, 1, 1, 1, 1]]

means=tensor([5.5584e-05, 5.7427e-04, 2.0464e-04, 6.1522e-04, 2.5118e-04, 2.8983e-04,
        2.1825e-04, 1.7428e-04, 1.8287e-05, 8.8379e-06, 2.5094e-06, 1.7035e-04,
        1.9613e-04, 1.4938e-05, 2.3212e-04, 2.8221e-05, 7.3143e-05, 2.0662e-05,
        1.6728e-04, 3.5187e-04, 7.6047e-05, 3.3589e-04, 1.0333e-04, 1.2400e-04,
        5.8070e-05, 1.0178e-04, 1.6682e-04, 8.7104e-05, 1.9001e-05, 3.3658e-05,
        1.2384e-04, 1.3511e-04, 5.2835e-06, 2.2895e-04, 6.2890e-05, 1.5883e-04,
        1.0091e-04, 1.0018e-04, 2.9863e-05, 2.0853e-04, 1.7805e-04, 2.1315e-04,
        3.4688e-05, 1.6995e-04, 5.1949e-05, 1.1285e-04, 5.6844e-05, 8.3059e-05,
        7.6074e-05, 3.2304e-05, 3.0306e-05, 1.1149e-04, 1.2977e-04, 4.5149e-06,
        1.8666e-04, 1.6920e-04, 6.5025e-05, 3.9062e-06, 1.7335e-04, 7.9150e-07,
        1.4167e-04, 1.6801e-04, 2.9252e-05, 3.8086e-05, 7.6917e-05, 1.2529e-04,
        2.4787e-05, 3.0363e-05, 7.5018e-05, 1.2055e-04, 3.7606e-05, 1.2509e-04,
        4.3622e-05, 3.9990e-05, 1.3744e-04, 1.8618e-04, 2.3344e-06, 1.1018e-04,
        1.5005e-06, 9.0809e-06, 4.1700e-05, 7.1330e-05, 1.2996e-04, 6.3533e-05,
        6.4988e-05, 1.9192e-04, 7.6500e-05, 3.2465e-05, 1.0688e-04, 3.4948e-05,
        7.0082e-05, 1.8852e-07, 1.0424e-04, 8.1387e-05, 1.4248e-04, 9.7763e-05,
        1.2829e-04, 1.2733e-05, 5.5743e-05, 1.0183e-04, 5.6937e-05, 7.0654e-05,
        9.8871e-05, 1.3082e-05, 2.3437e-05, 2.7600e-05, 7.7885e-05, 7.9811e-05,
        1.8169e-06, 9.6215e-05, 9.2958e-05, 2.6551e-05, 9.3541e-05],
       grad_fn=<CatBackward>)

mean_overall=tensor(0.0001, grad_fn=<MeanBackward0>)

-----------------------------------------------ITERATION80-----------------------------------------------

final_causality=[[1, 1, 1, 1, 1, 1, 1, 1, 1, 1, 1, 1, 1], [1, 1, 1, 1, 1, 1, 1, 1, 1, 1, 1, 1, 1, 1, 1, 1, 1, 1, 1, 1, 1, 1, 1, 1, 1, 1, 1, 1, 1, 1, 1, 1, 1, 1, 1, 1, 1, 1, 1, 1, 1, 1, 1, 1, 1, 1, 1, 1, 1, 1], [1, 1, 1, 1, 1, 1, 1, 1, 1, 1, 1, 1, 1, 1, 1, 1, 1, 1, 1, 1, 1, 1, 1, 1, 1, 1, 1, 1, 1, 1, 1, 1, 1, 1, 1, 1, 1, 1, 1, 1, 1, 1, 1, 1, 1, 1, 1, 1, 1, 1]]

means=tensor([7.8487e-05, 5.9893e-04, 2.4308e-04, 6.3297e-04, 2.2257e-04, 2.9475e-04,
        1.9363e-04, 1.8324e-04, 2.5529e-06, 1.8455e-05, 8.8536e-06, 1.7536e-04,
        1.6920e-04, 1.5462e-05, 2.2413e-04, 2.6720e-05, 7.4468e-05, 2.1733e-05,
        1.6665e-04, 3.5809e-04, 7.7715e-05, 3.4263e-04, 1.0447e-04, 1.1859e-04,
        5.8128e-05, 1.0514e-04, 1.6195e-04, 8.8940e-05, 1.9750e-05, 3.4035e-05,
        1.2116e-04, 1.3659e-04, 9.6575e-06, 2.2507e-04, 6.3632e-05, 1.6272e-04,
        9.6274e-05, 9.6425e-05, 3.2648e-05, 2.1510e-04, 1.8019e-04, 2.1077e-04,
        3.5291e-05, 1.6687e-04, 5.3489e-05, 1.1461e-04, 5.7081e-05, 7.9918e-05,
        7.8749e-05, 3.2998e-05, 3.3476e-05, 1.1016e-04, 1.3027e-04, 7.0544e-06,
        1.9124e-04, 1.6757e-04, 6.7460e-05, 3.2286e-06, 1.7861e-04, 1.8210e-06,
        1.3585e-04, 1.6105e-04, 2.6939e-05, 3.8196e-05, 8.2697e-05, 1.2984e-04,
        2.5179e-05, 3.2335e-05, 7.6506e-05, 1.2563e-04, 3.6868e-05, 1.2482e-04,
        4.3822e-05, 4.3646e-05, 1.4268e-04, 1.9191e-04, 2.1823e-06, 1.0617e-04,
        1.3298e-06, 8.9977e-06, 4.2864e-05, 7.3269e-05, 1.3022e-04, 6.7765e-05,
        6.6442e-05, 2.0302e-04, 7.7161e-05, 3.2854e-05, 1.1188e-04, 3.8445e-05,
        6.7082e-05, 4.2022e-07, 1.0746e-04, 8.4238e-05, 1.3988e-04, 9.5360e-05,
        1.2545e-04, 1.1942e-05, 5.7614e-05, 1.0348e-04, 5.8045e-05, 6.4092e-05,
        9.7839e-05, 1.3962e-05, 2.5264e-05, 2.7614e-05, 7.4242e-05, 7.3335e-05,
        2.0374e-06, 9.5163e-05, 8.9389e-05, 2.6518e-05, 9.6696e-05],
       grad_fn=<CatBackward>)

mean_overall=tensor(0.0001, grad_fn=<MeanBackward0>)

-----------------------------------------------ITERATION90-----------------------------------------------

final_causality=[[1, 1, 1, 1, 1, 1, 1, 1, 1, 1, 1, 1, 1], [1, 1, 1, 1, 1, 1, 1, 1, 1, 1, 1, 1, 1, 1, 1, 1, 1, 1, 1, 1, 1, 1, 1, 1, 1, 1, 1, 1, 1, 1, 1, 1, 1, 1, 1, 1, 1, 1, 1, 1, 1, 1, 1, 1, 1, 1, 1, 1, 1, 1], [1, 1, 1, 1, 1, 1, 1, 1, 1, 1, 1, 1, 1, 1, 1, 1, 1, 1, 1, 1, 1, 1, 1, 1, 1, 1, 1, 1, 1, 1, 1, 1, 1, 1, 1, 1, 1, 1, 1, 1, 1, 1, 1, 1, 1, 1, 1, 1, 1, 1]]

means=tensor([1.0149e-04, 6.3238e-04, 2.7682e-04, 6.5852e-04, 1.9601e-04, 3.0284e-04,
        1.7501e-04, 1.9563e-04, 1.3743e-05, 4.6367e-05, 6.1620e-06, 1.8204e-04,
        1.4514e-04, 1.5188e-05, 2.1785e-04, 2.6063e-05, 7.6703e-05, 2.1560e-05,
        1.6688e-04, 3.6531e-04, 8.0450e-05, 3.5098e-04, 1.0643e-04, 1.1487e-04,
        5.5777e-05, 1.1020e-04, 1.6028e-04, 9.1844e-05, 1.9726e-05, 3.3904e-05,
        1.1940e-04, 1.3900e-04, 1.1498e-05, 2.2274e-04, 6.3606e-05, 1.7000e-04,
        9.3724e-05, 9.4324e-05, 3.3659e-05, 2.2370e-04, 1.8329e-04, 2.0915e-04,
        3.4840e-05, 1.6513e-04, 5.3952e-05, 1.1720e-04, 5.5958e-05, 7.7865e-05,
        8.3128e-05, 3.5013e-05, 3.4858e-05, 1.0992e-04, 1.3175e-04, 8.0722e-06,
        1.9710e-04, 1.6666e-04, 7.0631e-05, 3.2954e-06, 1.8672e-04, 1.8979e-06,
        1.3196e-04, 1.5604e-04, 2.5506e-05, 3.8144e-05, 8.8050e-05, 1.3440e-04,
        2.5374e-05, 3.4330e-05, 8.0929e-05, 1.3037e-04, 3.6322e-05, 1.2447e-04,
        4.3823e-05, 4.6957e-05, 1.4733e-04, 1.9774e-04, 2.1870e-06, 1.0263e-04,
        1.3351e-06, 8.9734e-06, 4.3820e-05, 7.5079e-05, 1.3060e-04, 7.2080e-05,
        6.7811e-05, 2.1403e-04, 7.8280e-05, 3.3057e-05, 1.1725e-04, 4.1583e-05,
        6.4356e-05, 4.3690e-07, 1.1095e-04, 8.7314e-05, 1.3776e-04, 9.2805e-05,
        1.2220e-04, 1.2066e-05, 5.9200e-05, 1.0516e-04, 5.9410e-05, 6.5629e-05,
        9.7317e-05, 1.5424e-05, 2.6880e-05, 2.9428e-05, 7.1442e-05, 6.8111e-05,
        1.9956e-06, 9.3802e-05, 9.0163e-05, 2.6201e-05, 1.0013e-04],
       grad_fn=<CatBackward>)

mean_overall=tensor(0.0001, grad_fn=<MeanBackward0>)

-----------------------------------------------ITERATION100-----------------------------------------------

final_causality=[[1, 1, 1, 1, 1, 1, 1, 1, 1, 1, 1, 1, 1], [1, 1, 1, 1, 1, 1, 1, 1, 1, 1, 1, 1, 1, 1, 1, 1, 1, 1, 1, 1, 1, 1, 1, 1, 1, 1, 1, 1, 1, 1, 1, 1, 1, 1, 1, 1, 1, 1, 1, 1, 1, 1, 1, 1, 1, 1, 1, 1, 1, 1], [1, 1, 1, 1, 1, 1, 1, 1, 1, 1, 1, 1, 1, 1, 1, 1, 1, 1, 1, 1, 1, 1, 1, 1, 1, 1, 1, 1, 1, 1, 1, 1, 1, 1, 1, 1, 1, 1, 1, 1, 1, 1, 1, 1, 1, 1, 1, 1, 1, 1]]

means=tensor([1.2493e-04, 6.7010e-04, 3.0993e-04, 6.8794e-04, 1.6924e-04, 3.1248e-04,
        1.5797e-04, 2.0982e-04, 4.2842e-05, 7.5497e-05, 2.0092e-05, 1.8963e-04,
        1.2141e-04, 1.4610e-05, 2.1408e-04, 2.5734e-05, 7.9396e-05, 2.0904e-05,
        1.6748e-04, 3.7316e-04, 8.4513e-05, 3.6032e-04, 1.0880e-04, 1.1177e-04,
        5.2468e-05, 1.1624e-04, 1.6067e-04, 9.5319e-05, 1.9402e-05, 3.3842e-05,
        1.1794e-04, 1.4187e-04, 1.2419e-05, 2.2099e-04, 6.3291e-05, 1.7812e-04,
        9.2253e-05, 9.2840e-05, 3.4020e-05, 2.3353e-04, 1.8690e-04, 2.0780e-04,
        3.3987e-05, 1.6385e-04, 5.4375e-05, 1.2127e-04, 5.4308e-05, 7.6200e-05,
        8.8484e-05, 3.7695e-05, 3.5597e-05, 1.1011e-04, 1.3368e-04, 8.5355e-06,
        2.0374e-04, 1.6599e-04, 7.4233e-05, 3.6523e-06, 1.9641e-04, 1.6092e-06,
        1.2875e-04, 1.5175e-04, 2.4487e-05, 3.8035e-05, 9.3345e-05, 1.3909e-04,
        2.5498e-05, 3.6462e-05, 8.5486e-05, 1.3514e-04, 3.5824e-05, 1.2407e-04,
        4.3770e-05, 5.0200e-05, 1.5188e-04, 2.0382e-04, 2.3857e-06, 9.9101e-05,
        1.4092e-06, 8.9569e-06, 4.4741e-05, 7.6915e-05, 1.3104e-04, 7.6450e-05,
        6.9182e-05, 2.2530e-04, 7.9693e-05, 3.3180e-05, 1.2368e-04, 4.4625e-05,
        6.1646e-05, 3.6985e-07, 1.1468e-04, 9.0617e-05, 1.3535e-04, 9.0093e-05,
        1.1864e-04, 1.2447e-05, 6.0838e-05, 1.0702e-04, 6.0907e-05, 6.7024e-05,
        9.6970e-05, 1.6959e-05, 2.8435e-05, 3.2938e-05, 6.9071e-05, 6.8049e-05,
        1.8508e-06, 9.2267e-05, 9.6663e-05, 2.5767e-05, 1.0379e-04],
       grad_fn=<CatBackward>)

mean_overall=tensor(0.0001, grad_fn=<MeanBackward0>)

-----------------------------------------------ITERATION110-----------------------------------------------

final_causality=[[1, 1, 1, 1, 1, 1, 1, 1, 1, 1, 1, 1, 1], [1, 1, 1, 1, 1, 1, 1, 1, 1, 1, 1, 1, 1, 1, 1, 1, 1, 1, 1, 1, 1, 1, 1, 1, 1, 1, 1, 1, 1, 1, 1, 1, 1, 1, 1, 1, 1, 1, 1, 1, 1, 1, 1, 1, 1, 1, 1, 1, 1, 1], [1, 1, 1, 1, 1, 1, 1, 1, 1, 1, 1, 1, 1, 1, 1, 1, 1, 1, 1, 1, 1, 1, 1, 1, 1, 1, 1, 1, 1, 1, 1, 1, 1, 1, 1, 1, 1, 1, 1, 1, 1, 1, 1, 1, 1, 1, 1, 1, 1, 1]]

means=tensor([1.4859e-04, 7.0811e-04, 3.4511e-04, 7.1777e-04, 1.4093e-04, 3.2234e-04,
        1.3921e-04, 2.2438e-04, 7.4170e-05, 1.0578e-04, 3.5444e-05, 1.9750e-04,
        9.6464e-05, 1.4130e-05, 2.1387e-04, 2.5539e-05, 8.2121e-05, 2.0397e-05,
        1.6803e-04, 3.8133e-04, 8.9337e-05, 3.7011e-04, 1.1121e-04, 1.0850e-04,
        4.9379e-05, 1.2256e-04, 1.6102e-04, 9.8914e-05, 1.9177e-05, 3.3879e-05,
        1.1628e-04, 1.4479e-04, 1.3757e-05, 2.2146e-04, 6.3083e-05, 1.8653e-04,
        9.0612e-05, 9.1153e-05, 3.4679e-05, 2.4385e-04, 1.9061e-04, 2.0630e-04,
        3.3260e-05, 1.6236e-04, 5.5123e-05, 1.2636e-04, 5.2799e-05, 7.4399e-05,
        9.4116e-05, 4.0476e-05, 3.6660e-05, 1.1020e-04, 1.3739e-04, 9.2468e-06,
        2.1067e-04, 1.6519e-04, 7.7946e-05, 3.9244e-06, 2.0751e-04, 1.4412e-06,
        1.2526e-04, 1.4722e-04, 2.5348e-05, 3.7948e-05, 9.9043e-05, 1.4395e-04,
        2.5649e-05, 3.8709e-05, 9.0300e-05, 1.4018e-04, 3.5272e-05, 1.2563e-04,
        4.3763e-05, 5.3609e-05, 1.5673e-04, 2.1012e-04, 2.6133e-06, 9.5330e-05,
        1.4624e-06, 8.9180e-06, 4.5750e-05, 7.8872e-05, 1.3412e-04, 8.1027e-05,
        7.0609e-05, 2.3701e-04, 8.1192e-05, 3.3314e-05, 1.3052e-04, 4.7797e-05,
        5.9887e-05, 3.2904e-07, 1.1855e-04, 9.4034e-05, 1.3295e-04, 8.7256e-05,
        1.1495e-04, 1.2819e-05, 6.2616e-05, 1.0912e-04, 6.2422e-05, 6.8488e-05,
        9.7115e-05, 1.8537e-05, 3.0057e-05, 3.6570e-05, 6.6572e-05, 7.0734e-05,
        1.7346e-06, 9.0685e-05, 1.0336e-04, 2.5353e-05, 1.0754e-04],
       grad_fn=<CatBackward>)

mean_overall=tensor(0.0001, grad_fn=<MeanBackward0>)

-----------------------------------------------ITERATION120-----------------------------------------------

final_causality=[[1, 1, 1, 1, 1, 1, 1, 1, 1, 1, 1, 1, 1], [1, 1, 1, 1, 1, 1, 1, 1, 1, 1, 1, 1, 1, 1, 1, 1, 1, 1, 1, 1, 1, 1, 1, 1, 1, 1, 1, 1, 1, 1, 1, 1, 1, 1, 1, 1, 1, 1, 1, 1, 1, 1, 1, 1, 1, 1, 1, 1, 1, 1], [1, 1, 1, 1, 1, 1, 1, 1, 1, 1, 1, 1, 1, 1, 1, 1, 1, 1, 1, 1, 1, 1, 1, 1, 1, 1, 1, 1, 1, 1, 1, 1, 1, 1, 1, 1, 1, 1, 1, 1, 1, 1, 1, 1, 1, 1, 1, 1, 1, 1]]

means=tensor([1.7230e-04, 7.4524e-04, 3.8282e-04, 7.4696e-04, 1.1095e-04, 3.3199e-04,
        1.1800e-04, 2.3887e-04, 1.0858e-04, 1.3697e-04, 5.2794e-05, 2.0540e-04,
        7.0100e-05, 1.3852e-05, 2.1334e-04, 2.5696e-05, 8.5082e-05, 2.0206e-05,
        1.6842e-04, 3.8973e-04, 9.4096e-05, 3.8019e-04, 1.1354e-04, 1.0488e-04,
        4.6818e-05, 1.2898e-04, 1.6124e-04, 1.0251e-04, 1.9161e-05, 3.4119e-05,
        1.1429e-04, 1.4765e-04, 1.5866e-05, 2.2366e-04, 6.3087e-05, 1.9505e-04,
        8.8656e-05, 8.9075e-05, 3.5894e-05, 2.5447e-04, 1.9431e-04, 2.0456e-04,
        3.2794e-05, 1.6079e-04, 5.6232e-05, 1.3152e-04, 5.1602e-05, 7.2349e-05,
        9.9822e-05, 4.3203e-05, 3.8308e-05, 1.1282e-04, 1.4251e-04, 1.0417e-05,
        2.1778e-04, 1.6414e-04, 8.1662e-05, 4.0138e-06, 2.1986e-04, 1.5219e-06,
        1.2127e-04, 1.4227e-04, 2.7123e-05, 3.7902e-05, 1.0506e-04, 1.4992e-04,
        2.5853e-05, 4.1003e-05, 9.5358e-05, 1.4555e-04, 3.4645e-05, 1.2792e-04,
        4.3826e-05, 5.7245e-05, 1.6194e-04, 2.1661e-04, 2.8100e-06, 9.1274e-05,
        1.4710e-06, 8.8543e-06, 4.6868e-05, 8.0963e-05, 1.3903e-04, 8.5822e-05,
        7.2098e-05, 2.4913e-04, 8.2692e-05, 3.3489e-05, 1.3757e-04, 5.1156e-05,
        5.9446e-05, 3.4398e-07, 1.2251e-04, 9.7491e-05, 1.3064e-04, 8.4312e-05,
        1.1123e-04, 1.3617e-05, 6.4534e-05, 1.1145e-04, 6.3917e-05, 7.0069e-05,
        9.9076e-05, 2.0636e-05, 3.1780e-05, 4.0337e-05, 6.3935e-05, 7.3524e-05,
        1.6813e-06, 8.9096e-05, 1.1029e-04, 2.4998e-05, 1.1134e-04],
       grad_fn=<CatBackward>)

mean_overall=tensor(0.0001, grad_fn=<MeanBackward0>)

-----------------------------------------------ITERATION130-----------------------------------------------

final_causality=[[1, 1, 1, 1, 1, 1, 1, 1, 1, 1, 1, 1, 1], [1, 1, 1, 1, 1, 1, 1, 1, 1, 1, 1, 1, 1, 1, 1, 1, 1, 1, 1, 1, 1, 1, 1, 1, 1, 1, 1, 1, 1, 1, 1, 1, 1, 1, 1, 1, 1, 1, 1, 1, 1, 1, 1, 1, 1, 1, 1, 1, 1, 1], [1, 1, 1, 1, 1, 1, 1, 1, 1, 1, 1, 1, 1, 1, 1, 1, 1, 1, 1, 1, 1, 1, 1, 1, 1, 1, 1, 1, 1, 1, 1, 1, 1, 1, 1, 1, 1, 1, 1, 1, 1, 1, 1, 1, 1, 1, 1, 1, 1, 1]]

means=tensor([1.9609e-04, 7.8232e-04, 4.2230e-04, 7.7623e-04, 7.9694e-05, 3.4174e-04,
        9.5157e-05, 2.5357e-04, 1.4500e-04, 1.6898e-04, 7.1537e-05, 2.1345e-04,
        4.2765e-05, 1.3688e-05, 2.1267e-04, 2.5790e-05, 8.8849e-05, 2.0192e-05,
        1.6875e-04, 3.9840e-04, 9.8880e-05, 3.9069e-04, 1.1588e-04, 1.0112e-04,
        4.4529e-05, 1.3566e-04, 1.6140e-04, 1.0621e-04, 1.9265e-05, 3.4481e-05,
        1.1211e-04, 1.5054e-04, 1.8442e-05, 2.2579e-04, 6.4320e-05, 2.0379e-04,
        8.7754e-05, 8.6807e-05, 3.7457e-05, 2.6554e-04, 1.9810e-04, 2.0268e-04,
        3.2472e-05, 1.6087e-04, 5.7575e-05, 1.3681e-04, 5.0570e-05, 7.1058e-05,
        1.0578e-04, 4.6020e-05, 4.0328e-05, 1.1690e-04, 1.4772e-04, 1.1867e-05,
        2.2517e-04, 1.6293e-04, 8.5454e-05, 4.0052e-06, 2.3287e-04, 1.7420e-06,
        1.1703e-04, 1.3714e-04, 2.8891e-05, 3.7878e-05, 1.1130e-04, 1.5815e-04,
        2.6087e-05, 4.3338e-05, 1.0061e-04, 1.5117e-04, 3.3972e-05, 1.3048e-04,
        4.3934e-05, 6.1397e-05, 1.6743e-04, 2.2325e-04, 2.9840e-06, 8.7010e-05,
        1.4552e-06, 8.7730e-06, 4.8066e-05, 8.3162e-05, 1.4409e-04, 9.0785e-05,
        7.3966e-05, 2.6160e-04, 8.4236e-05, 3.3684e-05, 1.4480e-04, 5.4647e-05,
        5.8954e-05, 3.9008e-07, 1.2656e-04, 1.0100e-04, 1.2836e-04, 8.1260e-05,
        1.0744e-04, 1.4416e-05, 6.6550e-05, 1.1399e-04, 6.5413e-05, 7.7827e-05,
        1.0122e-04, 2.3642e-05, 3.3575e-05, 4.4214e-05, 6.1201e-05, 7.6398e-05,
        1.6614e-06, 8.7472e-05, 1.1738e-04, 2.4668e-05, 1.1518e-04],
       grad_fn=<CatBackward>)

mean_overall=tensor(0.0001, grad_fn=<MeanBackward0>)

-----------------------------------------------ITERATION140-----------------------------------------------

final_causality=[[1, 1, 1, 1, 1, 1, 1, 1, 1, 1, 1, 1, 1], [1, 1, 1, 1, 1, 1, 1, 1, 1, 1, 1, 1, 1, 1, 1, 1, 1, 1, 1, 1, 1, 1, 1, 1, 1, 1, 1, 1, 1, 1, 1, 1, 1, 1, 1, 1, 1, 1, 1, 1, 1, 1, 1, 1, 1, 1, 1, 1, 1, 1], [1, 1, 1, 1, 1, 1, 1, 1, 1, 1, 1, 1, 1, 1, 1, 1, 1, 1, 1, 1, 1, 1, 1, 1, 1, 1, 1, 1, 1, 1, 1, 1, 1, 1, 1, 1, 1, 1, 1, 1, 1, 1, 1, 1, 1, 1, 1, 1, 1, 1]]

means=tensor([2.2012e-04, 8.2047e-04, 4.6290e-04, 8.0656e-04, 4.7476e-05, 3.5194e-04,
        7.1513e-05, 2.6888e-04, 1.8234e-04, 2.0186e-04, 9.1030e-05, 2.2184e-04,
        1.4815e-05, 1.3533e-05, 2.1203e-04, 2.5920e-05, 9.2751e-05, 2.0187e-05,
        1.7292e-04, 4.0742e-04, 1.0384e-04, 4.0176e-04, 1.1833e-04, 9.7441e-05,
        4.2214e-05, 1.4284e-04, 1.6158e-04, 1.1016e-04, 1.9384e-05, 3.4868e-05,
        1.1049e-04, 1.5357e-04, 2.1129e-05, 2.2802e-04, 6.6231e-05, 2.1293e-04,
        8.8558e-05, 8.4568e-05, 3.9114e-05, 2.7730e-04, 2.0208e-04, 2.0078e-04,
        3.2157e-05, 1.6097e-04, 5.8995e-05, 1.4233e-04, 4.9536e-05, 7.0651e-05,
        1.1222e-04, 4.9104e-05, 4.2464e-05, 1.2113e-04, 1.5309e-04, 1.3382e-05,
        2.3296e-04, 1.6166e-04, 8.9429e-05, 3.9978e-06, 2.4685e-04, 1.9722e-06,
        1.1282e-04, 1.3209e-04, 3.0723e-05, 3.7858e-05, 1.1770e-04, 1.6654e-04,
        2.6325e-05, 4.5724e-05, 1.0604e-04, 1.5698e-04, 3.3275e-05, 1.3311e-04,
        4.4068e-05, 6.5847e-05, 1.7308e-04, 2.3012e-04, 3.1525e-06, 8.2599e-05,
        1.4389e-06, 8.6774e-06, 4.9316e-05, 8.5452e-05, 1.4931e-04, 9.5879e-05,
        7.6888e-05, 2.7433e-04, 8.5904e-05, 3.3870e-05, 1.5224e-04, 5.8205e-05,
        5.8448e-05, 4.3785e-07, 1.3102e-04, 1.0462e-04, 1.2605e-04, 7.8636e-05,
        1.0352e-04, 1.5242e-05, 6.8620e-05, 1.1674e-04, 6.6942e-05, 8.7989e-05,
        1.0345e-04, 2.6692e-05, 3.5403e-05, 4.8203e-05, 5.8401e-05, 7.9335e-05,
        1.6400e-06, 8.5779e-05, 1.2457e-04, 2.4327e-05, 1.1912e-04],
       grad_fn=<CatBackward>)

mean_overall=tensor(0.0001, grad_fn=<MeanBackward0>)

-----------------------------------------------ITERATION150-----------------------------------------------

final_causality=[[1, 1, 1, 1, 1, 1, 1, 1, 1, 1, 1, 1, 1], [1, 1, 1, 1, 1, 1, 1, 1, 1, 1, 1, 1, 1, 1, 1, 1, 1, 1, 1, 1, 1, 1, 1, 1, 1, 1, 1, 1, 1, 1, 1, 1, 1, 1, 1, 1, 1, 1, 1, 1, 1, 1, 1, 1, 1, 1, 1, 1, 1, 1], [1, 1, 1, 1, 1, 1, 1, 1, 1, 1, 1, 1, 1, 1, 1, 1, 1, 1, 1, 1, 1, 1, 1, 1, 1, 1, 1, 1, 1, 1, 1, 1, 1, 1, 1, 1, 1, 1, 1, 1, 1, 1, 1, 1, 1, 1, 1, 1, 1, 1]]

means=tensor([2.4452e-04, 8.6009e-04, 5.0448e-04, 8.3828e-04, 1.4346e-05, 3.6275e-04,
        4.7293e-05, 2.8493e-04, 2.2033e-04, 2.3569e-04, 1.1109e-04, 2.3062e-04,
        7.2530e-06, 1.3357e-05, 2.1149e-04, 2.6125e-05, 9.6838e-05, 2.0139e-05,
        1.7789e-04, 4.1683e-04, 1.0905e-04, 4.1345e-04, 1.2093e-04, 9.3906e-05,
        3.9788e-05, 1.5060e-04, 1.6183e-04, 1.1441e-04, 1.9484e-05, 3.5246e-05,
        1.0937e-04, 1.5678e-04, 2.3815e-05, 2.3040e-04, 6.8181e-05, 2.2254e-04,
        8.9443e-05, 8.2428e-05, 4.0786e-05, 2.8985e-04, 2.0628e-04, 1.9889e-04,
        3.1810e-05, 1.6115e-04, 6.0441e-05, 1.4813e-04, 4.8453e-05, 7.2484e-05,
        1.1927e-04, 5.2530e-05, 4.4635e-05, 1.2554e-04, 1.5868e-04, 1.4895e-05,
        2.4123e-04, 1.6038e-04, 9.3638e-05, 4.0229e-06, 2.6196e-04, 2.1718e-06,
        1.0873e-04, 1.2722e-04, 3.2653e-05, 3.7837e-05, 1.2421e-04, 1.7507e-04,
        2.6560e-05, 4.8166e-05, 1.1164e-04, 1.6297e-04, 3.2575e-05, 1.3580e-04,
        4.4226e-05, 7.0370e-05, 1.7887e-04, 2.3727e-04, 3.3219e-06, 8.1134e-05,
        1.4296e-06, 8.5660e-06, 5.0612e-05, 8.7833e-05, 1.5471e-04, 1.0110e-04,
        7.9867e-05, 2.8733e-04, 8.7736e-05, 3.4037e-05, 1.5992e-04, 6.1805e-05,
        5.7936e-05, 4.7787e-07, 1.3587e-04, 1.0838e-04, 1.2366e-04, 8.0793e-05,
        9.9438e-05, 1.6111e-05, 7.0732e-05, 1.1971e-04, 7.2300e-05, 9.8322e-05,
        1.0579e-04, 2.9786e-05, 3.7252e-05, 5.2443e-05, 5.5535e-05, 8.2326e-05,
        1.6064e-06, 8.4434e-05, 1.3456e-04, 2.3963e-05, 1.2316e-04],
       grad_fn=<CatBackward>)

mean_overall=tensor(0.0001, grad_fn=<MeanBackward0>)

-----------------------------------------------ITERATION160-----------------------------------------------

final_causality=[[1, 1, 1, 1, 1, 1, 1, 1, 1, 1, 1, 1, 1], [1, 1, 1, 1, 1, 1, 1, 1, 1, 1, 1, 1, 1, 1, 1, 1, 1, 1, 1, 1, 1, 1, 1, 1, 1, 1, 1, 1, 1, 1, 1, 1, 1, 1, 1, 1, 1, 1, 1, 1, 1, 1, 1, 1, 1, 1, 1, 1, 1, 1], [1, 1, 1, 1, 1, 1, 1, 1, 1, 1, 1, 1, 1, 1, 1, 1, 1, 1, 1, 1, 1, 1, 1, 1, 1, 1, 1, 1, 1, 1, 1, 1, 1, 1, 1, 1, 1, 1, 1, 1, 1, 1, 1, 1, 1, 1, 1, 1, 1, 1]]

means=tensor([2.6930e-04, 9.0101e-04, 5.4717e-04, 8.7123e-04, 9.1895e-07, 3.7409e-04,
        2.2317e-05, 3.0165e-04, 2.5919e-04, 2.7046e-04, 1.3187e-04, 2.3978e-04,
        2.2894e-05, 1.3245e-05, 2.1102e-04, 2.6389e-05, 1.0110e-04, 2.0084e-05,
        1.8306e-04, 4.2659e-04, 1.1448e-04, 4.2574e-04, 1.2366e-04, 9.0481e-05,
        3.7319e-05, 1.5894e-04, 1.6212e-04, 1.1896e-04, 1.9589e-05, 3.5640e-05,
        1.0823e-04, 1.6014e-04, 2.6576e-05, 2.3289e-04, 7.0192e-05, 2.3260e-04,
        9.0388e-05, 8.0348e-05, 4.2531e-05, 3.0318e-04, 2.1070e-04, 1.9700e-04,
        3.1461e-05, 1.6139e-04, 6.1947e-05, 1.5418e-04, 4.7360e-05, 7.5165e-05,
        1.2691e-04, 5.6288e-05, 4.6898e-05, 1.3013e-04, 1.6447e-04, 1.6452e-05,
        2.4994e-04, 1.5906e-04, 9.8075e-05, 4.0600e-06, 2.7819e-04, 2.3678e-06,
        1.0471e-04, 1.2248e-04, 3.4679e-05, 3.7821e-05, 1.3084e-04, 1.8375e-04,
        2.6798e-05, 5.0663e-05, 1.1744e-04, 1.6915e-04, 3.2015e-05, 1.3900e-04,
        4.4417e-05, 7.4979e-05, 1.8481e-04, 2.4461e-04, 3.4868e-06, 8.2978e-05,
        1.4224e-06, 8.6511e-06, 5.1965e-05, 9.0311e-05, 1.6030e-04, 1.0646e-04,
        8.2907e-05, 3.0059e-04, 8.9726e-05, 3.4189e-05, 1.6784e-04, 6.5462e-05,
        5.7413e-05, 5.1756e-07, 1.4087e-04, 1.1227e-04, 1.2121e-04, 8.3484e-05,
        9.5196e-05, 1.7018e-05, 7.3107e-05, 1.2292e-04, 7.8094e-05, 1.0884e-04,
        1.0823e-04, 3.2923e-05, 3.9137e-05, 5.6764e-05, 5.2600e-05, 8.7592e-05,
        1.5678e-06, 8.5640e-05, 1.4569e-04, 2.3583e-05, 1.2732e-04],
       grad_fn=<CatBackward>)

mean_overall=tensor(0.0001, grad_fn=<MeanBackward0>)

-----------------------------------------------ITERATION170-----------------------------------------------

final_causality=[[1, 1, 1, 1, 1, 1, 1, 1, 1, 1, 1, 1, 1], [1, 1, 1, 1, 1, 1, 1, 1, 1, 1, 1, 1, 1, 1, 1, 1, 1, 1, 1, 1, 1, 1, 1, 1, 1, 1, 1, 1, 1, 1, 1, 1, 1, 1, 1, 1, 1, 1, 1, 1, 1, 1, 1, 1, 1, 1, 1, 1, 1, 1], [1, 1, 1, 1, 1, 1, 1, 1, 1, 1, 1, 1, 1, 1, 1, 1, 1, 1, 1, 1, 1, 1, 1, 1, 1, 1, 1, 1, 1, 1, 1, 1, 1, 1, 1, 1, 1, 1, 1, 1, 1, 1, 1, 1, 1, 1, 1, 1, 1, 1]]

means=tensor([2.9446e-04, 9.4294e-04, 5.9111e-04, 9.0518e-04, 2.0752e-05, 3.8587e-04,
        3.6130e-06, 3.1894e-04, 2.9916e-04, 3.0612e-04, 1.5351e-04, 2.4925e-04,
        5.3747e-05, 1.3184e-05, 2.1058e-04, 2.6690e-05, 1.0551e-04, 2.0067e-05,
        1.8844e-04, 4.3669e-04, 1.2012e-04, 4.3861e-04, 1.2650e-04, 8.7126e-05,
        3.4890e-05, 1.6783e-04, 1.6242e-04, 1.2378e-04, 1.9729e-05, 3.6078e-05,
        1.0706e-04, 1.6364e-04, 2.9507e-05, 2.3546e-04, 7.2299e-05, 2.4309e-04,
        9.1368e-05, 7.8283e-05, 4.4419e-05, 3.1725e-04, 2.1530e-04, 1.9508e-04,
        3.1144e-05, 1.6163e-04, 6.3561e-05, 1.6047e-04, 4.6325e-05, 7.7958e-05,
        1.3524e-04, 6.0357e-05, 4.9327e-05, 1.3486e-04, 1.7043e-04, 1.8111e-05,
        2.5909e-04, 1.5767e-04, 1.0273e-04, 4.0841e-06, 2.9553e-04, 2.5932e-06,
        1.0072e-04, 1.1782e-04, 3.6793e-05, 3.7814e-05, 1.3763e-04, 1.9257e-04,
        2.7046e-05, 5.3299e-05, 1.2342e-04, 1.7555e-04, 3.2355e-05, 1.4360e-04,
        4.4647e-05, 7.9692e-05, 1.9092e-04, 2.5215e-04, 3.6389e-06, 8.4882e-05,
        1.4113e-06, 8.8249e-06, 5.3381e-05, 9.2894e-05, 1.6606e-04, 1.1196e-04,
        8.6011e-05, 3.1410e-04, 9.1862e-05, 3.4332e-05, 1.7596e-04, 6.9191e-05,
        5.6870e-05, 5.6354e-07, 1.4601e-04, 1.1629e-04, 1.1873e-04, 8.6360e-05,
        9.0817e-05, 1.7954e-05, 7.6009e-05, 1.2636e-04, 8.3982e-05, 1.1955e-04,
        1.1076e-04, 3.6099e-05, 4.1773e-05, 6.1176e-05, 4.9589e-05, 9.4722e-05,
        1.5332e-06, 8.8657e-05, 1.5699e-04, 2.3197e-05, 1.3241e-04],
       grad_fn=<CatBackward>)

mean_overall=tensor(0.0001, grad_fn=<MeanBackward0>)

-----------------------------------------------ITERATION180-----------------------------------------------

final_causality=[[1, 1, 1, 1, 1, 1, 1, 1, 1, 1, 1, 1, 1], [1, 1, 1, 1, 1, 1, 1, 1, 1, 1, 1, 1, 1, 1, 1, 1, 1, 1, 1, 1, 1, 1, 1, 1, 1, 1, 1, 1, 1, 1, 1, 1, 1, 1, 1, 1, 1, 1, 1, 1, 1, 1, 1, 1, 1, 1, 1, 1, 1, 1], [1, 1, 1, 1, 1, 1, 1, 1, 1, 1, 1, 1, 1, 1, 1, 1, 1, 1, 1, 1, 1, 1, 1, 1, 1, 1, 1, 1, 1, 1, 1, 1, 1, 1, 1, 1, 1, 1, 1, 1, 1, 1, 1, 1, 1, 1, 1, 1, 1, 1]]

means=tensor([3.2001e-04, 9.8584e-04, 6.3635e-04, 9.4007e-04, 5.9799e-05, 3.9808e-04,
        1.4163e-05, 3.3676e-04, 3.4029e-04, 3.4266e-04, 1.7606e-04, 2.5902e-04,
        8.5334e-05, 1.3160e-05, 2.1015e-04, 2.7026e-05, 1.1007e-04, 2.0100e-05,
        1.9400e-04, 4.4712e-04, 1.2596e-04, 4.5206e-04, 1.2944e-04, 8.3834e-05,
        3.2524e-05, 1.7776e-04, 1.6274e-04, 1.2890e-04, 1.9912e-05, 3.6569e-05,
        1.0585e-04, 1.6775e-04, 3.2637e-05, 2.3810e-04, 7.4512e-05, 2.5399e-04,
        9.2375e-05, 7.6862e-05, 4.6473e-05, 3.3206e-04, 2.2168e-04, 1.9314e-04,
        3.0869e-05, 1.6188e-04, 6.5299e-05, 1.6700e-04, 4.5430e-05, 8.0861e-05,
        1.4421e-04, 6.4749e-05, 5.1944e-05, 1.3973e-04, 1.7655e-04, 1.9889e-05,
        2.6867e-04, 1.5620e-04, 1.0760e-04, 4.0887e-06, 3.1400e-04, 2.8570e-06,
        9.6768e-05, 1.1325e-04, 3.8998e-05, 3.7820e-05, 1.4456e-04, 2.0154e-04,
        2.7306e-05, 5.6199e-05, 1.2959e-04, 1.8217e-04, 3.3543e-05, 1.4832e-04,
        4.4922e-05, 8.4515e-05, 1.9722e-04, 2.5988e-04, 3.7740e-06, 8.6942e-05,
        1.3947e-06, 9.0186e-06, 5.4864e-05, 9.5585e-05, 1.7199e-04, 1.1760e-04,
        8.9181e-05, 3.2785e-04, 9.4146e-05, 3.4467e-05, 1.8430e-04, 7.2998e-05,
        5.7308e-05, 6.1808e-07, 1.5129e-04, 1.2044e-04, 1.1753e-04, 9.0340e-05,
        8.6302e-05, 1.8917e-05, 7.8993e-05, 1.3022e-04, 8.9961e-05, 1.3115e-04,
        1.1337e-04, 3.9311e-05, 4.4458e-05, 6.5682e-05, 5.1145e-05, 1.0197e-04,
        1.5049e-06, 9.1771e-05, 1.6845e-04, 2.2805e-05, 1.3843e-04],
       grad_fn=<CatBackward>)

mean_overall=tensor(0.0001, grad_fn=<MeanBackward0>)

-----------------------------------------------ITERATION190-----------------------------------------------

final_causality=[[1, 1, 1, 1, 1, 1, 1, 1, 1, 1, 1, 1, 1], [1, 1, 1, 1, 1, 1, 1, 1, 1, 1, 1, 1, 1, 1, 1, 1, 1, 1, 1, 1, 1, 1, 1, 1, 1, 1, 1, 1, 1, 1, 1, 1, 1, 1, 1, 1, 1, 1, 1, 1, 1, 1, 1, 1, 1, 1, 1, 1, 1, 1], [1, 1, 1, 1, 1, 1, 1, 1, 1, 1, 1, 1, 1, 1, 1, 1, 1, 1, 1, 1, 1, 1, 1, 1, 1, 1, 1, 1, 1, 1, 1, 1, 1, 1, 1, 1, 1, 1, 1, 1, 1, 1, 1, 1, 1, 1, 1, 1, 1, 1]]

means=tensor([3.4601e-04, 1.0298e-03, 6.8287e-04, 9.7600e-04, 9.9963e-05, 4.1076e-04,
        4.4026e-05, 3.5515e-04, 3.8254e-04, 3.8011e-04, 1.9950e-04, 2.6912e-04,
        1.1766e-04, 1.3169e-05, 2.0975e-04, 2.7407e-05, 1.1480e-04, 2.0174e-05,
        1.9977e-04, 4.5789e-04, 1.3202e-04, 4.6610e-04, 1.3250e-04, 8.0621e-05,
        3.0206e-05, 1.8868e-04, 1.6309e-04, 1.3433e-04, 2.0134e-05, 3.7110e-05,
        1.0460e-04, 1.7535e-04, 3.5950e-05, 2.4082e-04, 7.6827e-05, 2.6534e-04,
        9.3421e-05, 7.6416e-05, 4.8683e-05, 3.4775e-04, 2.3305e-04, 1.9119e-04,
        3.0629e-05, 1.6215e-04, 6.7154e-05, 1.7378e-04, 4.4572e-05, 8.3890e-05,
        1.5384e-04, 6.9500e-05, 5.4741e-05, 1.4475e-04, 1.8284e-04, 2.1776e-05,
        2.7870e-04, 1.5467e-04, 1.1271e-04, 4.0800e-06, 3.3367e-04, 3.1517e-06,
        9.2868e-05, 1.0879e-04, 4.1311e-05, 3.7837e-05, 1.5164e-04, 2.1065e-04,
        2.7578e-05, 5.9145e-05, 1.3595e-04, 1.8902e-04, 3.4751e-05, 1.5317e-04,
        4.5332e-05, 8.9444e-05, 2.0368e-04, 2.6781e-04, 3.8967e-06, 8.9323e-05,
        1.3740e-06, 9.2356e-06, 5.6415e-05, 9.8388e-05, 1.7810e-04, 1.2339e-04,
        9.2529e-05, 3.4183e-04, 9.6591e-05, 3.4590e-05, 1.9284e-04, 7.6880e-05,
        6.0012e-05, 6.7954e-07, 1.5671e-04, 1.2472e-04, 1.1770e-04, 9.6487e-05,
        8.2219e-05, 1.9909e-05, 8.2059e-05, 1.3436e-04, 9.6030e-05, 1.4321e-04,
        1.1607e-04, 4.2558e-05, 4.7193e-05, 7.0282e-05, 5.3110e-05, 1.0933e-04,
        1.4809e-06, 9.4983e-05, 1.8007e-04, 2.2404e-05, 1.4457e-04],
       grad_fn=<CatBackward>)

mean_overall=tensor(0.0001, grad_fn=<MeanBackward0>)

-----------------------------------------------ITERATION200-----------------------------------------------

final_causality=[[1, 1, 1, 1, 1, 1, 1, 1, 1, 1, 1, 1, 1], [1, 1, 1, 1, 1, 1, 1, 1, 1, 1, 1, 1, 1, 1, 1, 1, 1, 1, 1, 1, 1, 1, 1, 1, 1, 1, 1, 1, 1, 1, 1, 1, 1, 1, 1, 1, 1, 1, 1, 1, 1, 1, 1, 1, 1, 1, 1, 1, 1, 1], [1, 1, 1, 1, 1, 1, 1, 1, 1, 1, 1, 1, 1, 1, 1, 1, 1, 1, 1, 1, 1, 1, 1, 1, 1, 1, 1, 1, 1, 1, 1, 1, 1, 1, 1, 1, 1, 1, 1, 1, 1, 1, 1, 1, 1, 1, 1, 1, 1, 1]]

means=tensor([3.7251e-04, 1.0750e-03, 7.3067e-04, 1.0131e-03, 1.4125e-04, 4.2395e-04,
        7.4888e-05, 3.7416e-04, 4.2588e-04, 4.1849e-04, 2.2381e-04, 2.7957e-04,
        1.5075e-04, 1.3206e-05, 2.0940e-04, 2.7843e-05, 1.1972e-04, 2.0281e-05,
        2.0576e-04, 4.6899e-04, 1.3834e-04, 4.8076e-04, 1.3569e-04, 7.7496e-05,
        2.7925e-05, 2.0035e-04, 1.6585e-04, 1.4011e-04, 2.0391e-05, 3.7697e-05,
        1.0332e-04, 1.8322e-04, 3.9432e-05, 2.4362e-04, 7.9242e-05, 2.7715e-04,
        9.4515e-05, 7.6006e-05, 5.1041e-05, 3.6588e-04, 2.4485e-04, 1.8923e-04,
        3.0416e-05, 1.6244e-04, 6.9121e-05, 1.8083e-04, 4.3746e-05, 8.7056e-05,
        1.6419e-04, 7.4647e-05, 5.7708e-05, 1.4994e-04, 1.8932e-04, 2.3764e-05,
        2.8922e-04, 1.5491e-04, 1.1809e-04, 4.0633e-06, 3.5461e-04, 3.4707e-06,
        8.9044e-05, 1.0445e-04, 4.3748e-05, 3.7867e-05, 1.5886e-04, 2.1989e-04,
        2.7862e-05, 6.2136e-05, 1.4290e-04, 1.9610e-04, 3.5981e-05, 1.5815e-04,
        4.5938e-05, 9.4475e-05, 2.1032e-04, 2.7594e-04, 4.0129e-06, 9.2452e-05,
        1.3506e-06, 9.4794e-06, 5.8037e-05, 1.0131e-04, 1.8787e-04, 1.2932e-04,
        9.7037e-05, 3.5605e-04, 9.9215e-05, 3.4700e-05, 2.0160e-04, 8.0835e-05,
        6.2749e-05, 7.4645e-07, 1.6228e-04, 1.2914e-04, 1.1789e-04, 1.0285e-04,
        7.9380e-05, 2.0936e-05, 8.5207e-05, 1.3878e-04, 1.0219e-04, 1.5549e-04,
        1.1887e-04, 4.5839e-05, 4.9974e-05, 7.4975e-05, 5.6921e-05, 1.1680e-04,
        1.4595e-06, 9.8291e-05, 1.9185e-04, 2.1993e-05, 1.5086e-04],
       grad_fn=<CatBackward>)

mean_overall=tensor(0.0002, grad_fn=<MeanBackward0>)

-----------------------------------------------ITERATION210-----------------------------------------------

final_causality=[[1, 1, 1, 1, 1, 1, 1, 1, 1, 1, 1, 1, 1], [1, 1, 1, 1, 1, 1, 1, 1, 1, 1, 1, 1, 1, 1, 1, 1, 1, 1, 1, 1, 1, 1, 1, 1, 1, 1, 1, 1, 1, 1, 1, 1, 1, 1, 1, 1, 1, 1, 1, 1, 1, 1, 1, 1, 1, 1, 1, 1, 1, 1], [1, 1, 1, 1, 1, 1, 1, 1, 1, 1, 1, 1, 1, 1, 1, 1, 1, 1, 1, 1, 1, 1, 1, 1, 1, 1, 1, 1, 1, 1, 1, 1, 1, 1, 1, 1, 1, 1, 1, 1, 1, 1, 1, 1, 1, 1, 1, 1, 1, 1]]

means=tensor([3.9955e-04, 1.1215e-03, 7.7979e-04, 1.0513e-03, 1.8369e-04, 4.3767e-04,
        1.0678e-04, 3.9378e-04, 4.7033e-04, 4.5783e-04, 2.4902e-04, 2.9037e-04,
        1.8464e-04, 1.3273e-05, 2.0910e-04, 2.8337e-05, 1.2484e-04, 2.0422e-05,
        2.1197e-04, 4.8043e-04, 1.4492e-04, 4.9604e-04, 1.3900e-04, 7.4461e-05,
        2.5683e-05, 2.1279e-04, 1.6919e-04, 1.4626e-04, 2.0683e-05, 3.8333e-05,
        1.0440e-04, 1.9136e-04, 4.3090e-05, 2.4651e-04, 8.1760e-05, 2.8945e-04,
        9.5660e-05, 7.5636e-05, 5.3553e-05, 3.8499e-04, 2.5710e-04, 1.8727e-04,
        3.0232e-05, 1.6276e-04, 7.1205e-05, 1.8814e-04, 4.2951e-05, 9.0368e-05,
        1.7530e-04, 8.0219e-05, 6.0853e-05, 1.5531e-04, 1.9600e-04, 2.5857e-05,
        3.0022e-04, 1.5717e-04, 1.2376e-04, 4.0388e-06, 3.7686e-04, 3.8142e-06,
        8.5422e-05, 1.0023e-04, 4.6322e-05, 3.7910e-05, 1.6622e-04, 2.2927e-04,
        2.8158e-05, 6.5174e-05, 1.5260e-04, 2.0341e-04, 3.7233e-05, 1.6327e-04,
        4.6632e-05, 9.9689e-05, 2.1713e-04, 2.8429e-04, 4.1085e-06, 9.5902e-05,
        1.3246e-06, 9.7521e-06, 5.9731e-05, 1.0434e-04, 1.9842e-04, 1.3541e-04,
        1.0163e-04, 3.7048e-04, 1.0203e-04, 3.4793e-05, 2.1058e-04, 8.4863e-05,
        6.5519e-05, 8.1898e-07, 1.6800e-04, 1.3372e-04, 1.1808e-04, 1.0943e-04,
        8.0842e-05, 2.1999e-05, 8.8440e-05, 1.4347e-04, 1.0844e-04, 1.6798e-04,
        1.2178e-04, 4.9154e-05, 5.2804e-05, 7.9765e-05, 6.3320e-05, 1.2438e-04,
        1.4405e-06, 1.0170e-04, 2.0378e-04, 2.1569e-05, 1.5729e-04],
       grad_fn=<CatBackward>)

mean_overall=tensor(0.0002, grad_fn=<MeanBackward0>)

-----------------------------------------------ITERATION220-----------------------------------------------

final_causality=[[1, 1, 1, 1, 1, 1, 1, 1, 1, 1, 1, 1, 1], [1, 1, 1, 1, 1, 1, 1, 1, 1, 1, 1, 1, 1, 1, 1, 1, 1, 1, 1, 1, 1, 1, 1, 1, 1, 1, 1, 1, 1, 1, 1, 1, 1, 1, 1, 1, 1, 1, 1, 1, 1, 1, 1, 1, 1, 1, 1, 1, 1, 1], [1, 1, 1, 1, 1, 1, 1, 1, 1, 1, 1, 1, 1, 1, 1, 1, 1, 1, 1, 1, 1, 1, 1, 1, 1, 1, 1, 1, 1, 1, 1, 1, 1, 1, 1, 1, 1, 1, 1, 1, 1, 1, 1, 1, 1, 1, 1, 1, 1, 1]]

means=tensor([4.2718e-04, 1.1692e-03, 8.3027e-04, 1.0908e-03, 2.2731e-04, 4.5193e-04,
        1.3974e-04, 4.1402e-04, 5.1593e-04, 4.9815e-04, 2.7514e-04, 3.0154e-04,
        2.1937e-04, 1.3373e-05, 2.0885e-04, 2.8891e-05, 1.3017e-04, 2.0601e-05,
        2.1840e-04, 4.9221e-04, 1.5177e-04, 5.1195e-04, 1.4245e-04, 7.1511e-05,
        2.3489e-05, 2.2604e-04, 1.7261e-04, 1.5278e-04, 2.1015e-05, 3.9023e-05,
        1.0554e-04, 1.9977e-04, 4.6942e-05, 2.4949e-04, 8.4387e-05, 3.0225e-04,
        9.7354e-05, 7.5304e-05, 5.6231e-05, 4.0509e-04, 2.6980e-04, 1.8532e-04,
        3.0079e-05, 1.6310e-04, 7.3414e-05, 1.9574e-04, 4.2193e-05, 9.4013e-05,
        1.8721e-04, 8.6242e-05, 6.4188e-05, 1.6086e-04, 2.0286e-04, 2.8066e-05,
        3.1172e-04, 1.6010e-04, 1.2973e-04, 4.0043e-06, 4.0048e-04, 4.1856e-06,
        8.1883e-05, 9.6145e-05, 4.9045e-05, 3.7968e-05, 1.7435e-04, 2.3878e-04,
        2.8468e-05, 6.8258e-05, 1.6261e-04, 2.1097e-04, 3.8506e-05, 1.6853e-04,
        4.7420e-05, 1.0501e-04, 2.2410e-04, 2.9285e-04, 4.1805e-06, 9.9461e-05,
        1.2955e-06, 1.0055e-05, 6.1503e-05, 1.0750e-04, 2.0928e-04, 1.4165e-04,
        1.0632e-04, 3.8513e-04, 1.0504e-04, 3.4869e-05, 2.1978e-04, 8.8967e-05,
        6.8324e-05, 8.9802e-07, 1.7387e-04, 1.3846e-04, 1.1828e-04, 1.1623e-04,
        8.3390e-05, 2.3098e-05, 9.1763e-05, 1.4845e-04, 1.1478e-04, 1.8069e-04,
        1.2479e-04, 5.2502e-05, 5.5686e-05, 8.4655e-05, 6.9858e-05, 1.3207e-04,
        1.4249e-06, 1.0520e-04, 2.1588e-04, 2.1133e-05, 1.6387e-04],
       grad_fn=<CatBackward>)

mean_overall=tensor(0.0002, grad_fn=<MeanBackward0>)

-----------------------------------------------ITERATION230-----------------------------------------------

final_causality=[[1, 1, 1, 1, 1, 1, 1, 1, 1, 1, 1, 1, 1], [1, 1, 1, 1, 1, 1, 1, 1, 1, 1, 1, 1, 1, 1, 1, 1, 1, 1, 1, 1, 1, 1, 1, 1, 1, 1, 1, 1, 1, 1, 1, 1, 1, 1, 1, 1, 1, 1, 1, 1, 1, 1, 1, 1, 1, 1, 1, 1, 1, 1], [1, 1, 1, 1, 1, 1, 1, 1, 1, 1, 1, 1, 1, 1, 1, 1, 1, 1, 1, 1, 1, 1, 1, 1, 1, 1, 1, 1, 1, 1, 1, 1, 1, 1, 1, 1, 1, 1, 1, 1, 1, 1, 1, 1, 1, 1, 1, 1, 1, 1]]

means=tensor([4.5542e-04, 1.2183e-03, 8.8214e-04, 1.1315e-03, 2.7214e-04, 4.6674e-04,
        1.7380e-04, 4.3489e-04, 5.6271e-04, 5.3946e-04, 3.0222e-04, 3.1307e-04,
        2.5497e-04, 1.3509e-05, 2.0864e-04, 2.9997e-05, 1.3571e-04, 2.0821e-05,
        2.2506e-04, 5.0433e-04, 1.5891e-04, 5.2851e-04, 1.4668e-04, 6.8645e-05,
        2.1348e-05, 2.4013e-04, 1.7609e-04, 1.5972e-04, 2.1390e-05, 3.9771e-05,
        1.0669e-04, 2.0847e-04, 5.0998e-05, 2.5255e-04, 8.7130e-05, 3.1555e-04,
        1.0113e-04, 7.5011e-05, 5.9086e-05, 4.2621e-04, 2.8298e-04, 1.8336e-04,
        2.9958e-05, 1.6348e-04, 7.5756e-05, 2.0362e-04, 4.1474e-05, 9.9022e-05,
        1.9994e-04, 9.2743e-05, 6.7726e-05, 1.6659e-04, 2.0992e-04, 3.0398e-05,
        3.2374e-04, 1.6306e-04, 1.3601e-04, 3.9589e-06, 4.2550e-04, 4.5869e-06,
        7.8430e-05, 9.2181e-05, 5.1928e-05, 3.8042e-05, 1.8310e-04, 2.4842e-04,
        2.8794e-05, 7.1388e-05, 1.7292e-04, 2.1878e-04, 3.9800e-05, 1.7394e-04,
        4.8309e-05, 1.1044e-04, 2.3125e-04, 3.0163e-04, 4.2262e-06, 1.0372e-04,
        1.2631e-06, 1.0400e-05, 6.3355e-05, 1.1079e-04, 2.2047e-04, 1.4805e-04,
        1.1111e-04, 4.0000e-04, 1.0826e-04, 3.4927e-05, 2.2919e-04, 9.3152e-05,
        7.1163e-05, 9.8420e-07, 1.8002e-04, 1.4337e-04, 1.1849e-04, 1.2328e-04,
        8.6003e-05, 2.4235e-05, 9.5179e-05, 1.5374e-04, 1.2121e-04, 1.9362e-04,
        1.2792e-04, 5.5881e-05, 5.8621e-05, 8.9649e-05, 7.6540e-05, 1.3986e-04,
        1.4131e-06, 1.0880e-04, 2.2815e-04, 2.1201e-05, 1.7061e-04],
       grad_fn=<CatBackward>)

mean_overall=tensor(0.0002, grad_fn=<MeanBackward0>)

-----------------------------------------------ITERATION240-----------------------------------------------

final_causality=[[1, 1, 1, 1, 1, 1, 1, 1, 1, 1, 1, 1, 1], [1, 1, 1, 1, 1, 1, 1, 1, 1, 1, 1, 1, 1, 1, 1, 1, 1, 1, 1, 1, 1, 1, 1, 1, 1, 1, 1, 1, 1, 1, 1, 1, 1, 1, 1, 1, 1, 1, 1, 1, 1, 1, 1, 1, 1, 1, 1, 1, 1, 1], [1, 1, 1, 1, 1, 1, 1, 1, 1, 1, 1, 1, 1, 1, 1, 1, 1, 1, 1, 1, 1, 1, 1, 1, 1, 1, 1, 1, 1, 1, 1, 1, 1, 1, 1, 1, 1, 1, 1, 1, 1, 1, 1, 1, 1, 1, 1, 1, 1, 1]]

means=tensor([4.8431e-04, 1.2687e-03, 9.3543e-04, 1.1734e-03, 3.1819e-04, 4.8213e-04,
        2.0900e-04, 4.5639e-04, 6.1068e-04, 5.8178e-04, 3.3026e-04, 3.2499e-04,
        2.9150e-04, 1.3682e-05, 2.0848e-04, 3.1218e-05, 1.4149e-04, 2.1083e-05,
        2.3196e-04, 5.1678e-04, 1.6635e-04, 5.4572e-04, 1.5276e-04, 6.6833e-05,
        1.9262e-05, 2.5511e-04, 1.7964e-04, 1.6708e-04, 2.1809e-05, 4.0580e-05,
        1.0786e-04, 2.1746e-04, 5.5270e-05, 2.5569e-04, 8.9993e-05, 3.2938e-04,
        1.0501e-04, 7.4758e-05, 6.2124e-05, 4.4838e-04, 2.9664e-04, 1.8142e-04,
        2.9868e-05, 1.6388e-04, 7.8235e-05, 2.1179e-04, 4.0795e-05, 1.0425e-04,
        2.1356e-04, 9.9757e-05, 7.1473e-05, 1.7251e-04, 2.1718e-04, 3.2858e-05,
        3.3628e-04, 1.6606e-04, 1.4262e-04, 3.9029e-06, 4.5196e-04, 5.0184e-06,
        7.5070e-05, 8.8345e-05, 5.4985e-05, 3.8134e-05, 1.9201e-04, 2.5819e-04,
        2.9135e-05, 7.4563e-05, 1.8355e-04, 2.2685e-04, 4.1115e-05, 1.7950e-04,
        4.9304e-05, 1.1597e-04, 2.3858e-04, 3.1063e-04, 4.2436e-06, 1.1220e-04,
        1.2276e-06, 1.0843e-05, 6.5289e-05, 1.1421e-04, 2.3197e-04, 1.5462e-04,
        1.1600e-04, 4.1507e-04, 1.1169e-04, 3.4966e-05, 2.3884e-04, 9.7417e-05,
        7.4037e-05, 1.0777e-06, 1.8644e-04, 1.4845e-04, 1.2371e-04, 1.3057e-04,
        8.8686e-05, 2.5411e-05, 9.8690e-05, 1.5932e-04, 1.2774e-04, 2.0677e-04,
        1.3115e-04, 5.9290e-05, 6.1612e-05, 9.4750e-05, 8.3369e-05, 1.4775e-04,
        1.4050e-06, 1.1250e-04, 2.4058e-04, 2.1614e-05, 1.7749e-04],
       grad_fn=<CatBackward>)

mean_overall=tensor(0.0002, grad_fn=<MeanBackward0>)

-----------------------------------------------ITERATION250-----------------------------------------------

final_causality=[[1, 1, 1, 1, 1, 1, 1, 1, 1, 1, 1, 1, 1], [1, 1, 1, 1, 1, 1, 1, 1, 1, 1, 1, 1, 1, 1, 1, 1, 1, 1, 1, 1, 1, 1, 1, 1, 1, 1, 1, 1, 1, 1, 1, 1, 1, 1, 1, 1, 1, 1, 1, 1, 1, 1, 1, 1, 1, 1, 1, 1, 1, 1], [1, 1, 1, 1, 1, 1, 1, 1, 1, 1, 1, 1, 1, 1, 1, 1, 1, 1, 1, 1, 1, 1, 1, 1, 1, 1, 1, 1, 1, 1, 1, 1, 1, 1, 1, 1, 1, 1, 1, 1, 1, 1, 1, 1, 1, 1, 1, 1, 1, 1]]

means=tensor([5.1389e-04, 1.3205e-03, 9.9017e-04, 1.2167e-03, 3.6549e-04, 4.9812e-04,
        2.4535e-04, 4.7853e-04, 6.5985e-04, 6.2513e-04, 3.5929e-04, 3.3729e-04,
        3.2900e-04, 1.3892e-05, 2.0837e-04, 3.2533e-05, 1.4751e-04, 2.1432e-05,
        2.3909e-04, 5.2957e-04, 1.7411e-04, 5.6580e-04, 1.5905e-04, 6.5169e-05,
        1.7230e-05, 2.7100e-04, 1.8325e-04, 1.7490e-04, 2.2275e-05, 4.1453e-05,
        1.0906e-04, 2.2675e-04, 5.9764e-05, 2.5892e-04, 9.2980e-05, 3.4373e-04,
        1.0901e-04, 7.4548e-05, 6.5353e-05, 4.7162e-04, 3.1078e-04, 1.7948e-04,
        2.9809e-05, 1.6430e-04, 8.0855e-05, 2.2083e-04, 4.0156e-05, 1.0970e-04,
        2.2809e-04, 1.0731e-04, 7.5436e-05, 1.7864e-04, 2.2465e-04, 3.5453e-05,
        3.4936e-04, 1.6910e-04, 1.4959e-04, 3.8450e-06, 4.7990e-04, 5.4801e-06,
        7.1805e-05, 8.5416e-05, 5.8231e-05, 3.8632e-05, 2.0106e-04, 2.6809e-04,
        2.9493e-05, 7.7785e-05, 1.9449e-04, 2.3519e-04, 4.2452e-05, 1.8522e-04,
        5.0412e-05, 1.2162e-04, 2.4607e-04, 3.1986e-04, 4.2310e-06, 1.2222e-04,
        1.1891e-06, 1.1326e-05, 6.7309e-05, 1.1776e-04, 2.4381e-04, 1.6135e-04,
        1.2100e-04, 4.3140e-04, 1.1534e-04, 3.4982e-05, 2.4870e-04, 1.0177e-04,
        7.6949e-05, 1.1786e-06, 1.9303e-04, 1.5370e-04, 1.3185e-04, 1.3810e-04,
        9.2893e-05, 2.6840e-05, 1.0230e-04, 1.6522e-04, 1.3435e-04, 2.2013e-04,
        1.3451e-04, 6.2785e-05, 6.4659e-05, 9.9961e-05, 9.0352e-05, 1.5575e-04,
        1.4005e-06, 1.1629e-04, 2.5319e-04, 2.2047e-05, 1.8453e-04],
       grad_fn=<CatBackward>)

mean_overall=tensor(0.0002, grad_fn=<MeanBackward0>)

-----------------------------------------------ITERATION260-----------------------------------------------

final_causality=[[1, 1, 1, 1, 1, 1, 1, 1, 1, 1, 1, 1, 1], [1, 1, 1, 1, 1, 1, 1, 1, 1, 1, 1, 1, 1, 1, 1, 1, 1, 1, 1, 1, 1, 1, 1, 1, 1, 1, 1, 1, 1, 1, 1, 1, 1, 1, 1, 1, 1, 1, 1, 1, 1, 1, 1, 1, 1, 1, 1, 1, 1, 1], [1, 1, 1, 1, 1, 1, 1, 1, 1, 1, 1, 1, 1, 1, 1, 1, 1, 1, 1, 1, 1, 1, 1, 1, 1, 1, 1, 1, 1, 1, 1, 1, 1, 1, 1, 1, 1, 1, 1, 1, 1, 1, 1, 1, 1, 1, 1, 1, 1, 1]]

means=tensor([5.4418e-04, 1.3738e-03, 1.0464e-03, 1.2612e-03, 4.1406e-04, 5.1472e-04,
        2.8290e-04, 5.0132e-04, 7.1024e-04, 6.6954e-04, 3.8933e-04, 3.5000e-04,
        3.6749e-04, 1.4141e-05, 2.0857e-04, 3.3951e-05, 1.5378e-04, 2.1831e-05,
        2.4660e-04, 5.4269e-04, 1.8219e-04, 5.8705e-04, 1.6555e-04, 6.3565e-05,
        1.5254e-05, 2.8784e-04, 1.8693e-04, 1.8319e-04, 2.2787e-05, 4.2391e-05,
        1.1029e-04, 2.3634e-04, 6.4490e-05, 2.6223e-04, 9.6095e-05, 3.5864e-04,
        1.1312e-04, 7.4382e-05, 6.8779e-05, 4.9596e-04, 3.2542e-04, 1.7756e-04,
        2.9780e-05, 1.6476e-04, 8.3621e-05, 2.3039e-04, 3.9555e-05, 1.1540e-04,
        2.4357e-04, 1.1545e-04, 7.9623e-05, 1.8496e-04, 2.3233e-04, 3.8187e-05,
        3.6299e-04, 1.7318e-04, 1.5693e-04, 3.7767e-06, 5.0935e-04, 5.9724e-06,
        6.8640e-05, 8.3044e-05, 6.1680e-05, 3.9201e-05, 2.1027e-04, 2.7811e-04,
        2.9868e-05, 8.1054e-05, 2.0577e-04, 2.4380e-04, 4.3809e-05, 1.9109e-04,
        5.1637e-05, 1.2738e-04, 2.5374e-04, 3.2933e-04, 4.1864e-06, 1.3246e-04,
        1.1479e-06, 1.1850e-05, 6.9419e-05, 1.2167e-04, 2.5598e-04, 1.6826e-04,
        1.2610e-04, 4.4906e-04, 1.1923e-04, 3.4975e-05, 2.5879e-04, 1.0620e-04,
        7.9900e-05, 1.2871e-06, 1.9977e-04, 1.5914e-04, 1.4023e-04, 1.4714e-04,
        9.8880e-05, 2.8591e-05, 1.0601e-04, 1.7144e-04, 1.4105e-04, 2.3372e-04,
        1.3799e-04, 6.6330e-05, 6.7766e-05, 1.0529e-04, 9.7491e-05, 1.6385e-04,
        1.3996e-06, 1.2019e-04, 2.6597e-04, 2.2660e-05, 1.9173e-04],
       grad_fn=<CatBackward>)

mean_overall=tensor(0.0002, grad_fn=<MeanBackward0>)

-----------------------------------------------ITERATION270-----------------------------------------------

final_causality=[[1, 1, 1, 1, 1, 1, 1, 1, 1, 1, 1, 1, 1], [1, 1, 1, 1, 1, 1, 1, 1, 1, 1, 1, 1, 1, 1, 1, 1, 1, 1, 1, 1, 1, 1, 1, 1, 1, 1, 1, 1, 1, 1, 1, 1, 1, 1, 1, 1, 1, 1, 1, 1, 1, 1, 1, 1, 1, 1, 1, 1, 1, 1], [1, 1, 1, 1, 1, 1, 1, 1, 1, 1, 1, 1, 1, 1, 1, 1, 1, 1, 1, 1, 1, 1, 1, 1, 1, 1, 1, 1, 1, 1, 1, 1, 1, 1, 1, 1, 1, 1, 1, 1, 1, 1, 1, 1, 1, 1, 1, 1, 1, 1]]

means=tensor([5.7523e-04, 1.4286e-03, 1.1041e-03, 1.3071e-03, 4.6391e-04, 5.3197e-04,
        3.2166e-04, 5.2475e-04, 7.6184e-04, 7.1501e-04, 4.2040e-04, 3.6313e-04,
        4.0704e-04, 1.4429e-05, 2.1568e-04, 3.5478e-05, 1.6032e-04, 2.2277e-05,
        2.5446e-04, 5.5613e-04, 1.9062e-04, 6.0911e-04, 1.7228e-04, 6.2019e-05,
        1.3335e-05, 3.0566e-04, 1.9067e-04, 1.9197e-04, 2.3348e-05, 4.3398e-05,
        1.1154e-04, 2.4623e-04, 6.9461e-05, 2.6562e-04, 9.9342e-05, 3.7410e-04,
        1.1736e-04, 7.4260e-05, 7.2411e-05, 5.2141e-04, 3.4056e-04, 1.7565e-04,
        3.0017e-05, 1.6525e-04, 8.6537e-05, 2.4031e-04, 3.8995e-05, 1.2135e-04,
        2.6005e-04, 1.2420e-04, 8.4043e-05, 1.9151e-04, 2.4023e-04, 4.1069e-05,
        3.7719e-04, 1.7812e-04, 1.6466e-04, 3.6977e-06, 5.4035e-04, 6.4964e-06,
        6.5577e-05, 8.0761e-05, 6.5346e-05, 3.9831e-05, 2.1963e-04, 2.8825e-04,
        3.0262e-05, 8.4369e-05, 2.1737e-04, 2.5269e-04, 4.5188e-05, 1.9713e-04,
        5.2986e-05, 1.3325e-04, 2.6159e-04, 3.3902e-04, 4.1080e-06, 1.4295e-04,
        1.1040e-06, 1.2417e-05, 7.1620e-05, 1.2607e-04, 2.6847e-04, 1.7535e-04,
        1.3133e-04, 4.6694e-04, 1.2337e-04, 3.4943e-05, 2.6911e-04, 1.1072e-04,
        8.2891e-05, 1.4036e-06, 2.0667e-04, 1.6477e-04, 1.4884e-04, 1.5709e-04,
        1.0504e-04, 3.0400e-05, 1.0982e-04, 1.7799e-04, 1.4785e-04, 2.4754e-04,
        1.4377e-04, 6.9904e-05, 7.0932e-05, 1.1073e-04, 1.0479e-04, 1.7206e-04,
        1.4024e-06, 1.2418e-04, 2.7893e-04, 2.3550e-05, 1.9909e-04],
       grad_fn=<CatBackward>)

mean_overall=tensor(0.0002, grad_fn=<MeanBackward0>)

-----------------------------------------------ITERATION280-----------------------------------------------

final_causality=[[1, 1, 1, 1, 1, 1, 1, 1, 1, 1, 1, 1, 1], [1, 1, 1, 1, 1, 1, 1, 1, 1, 1, 1, 1, 1, 1, 1, 1, 1, 1, 1, 1, 1, 1, 1, 1, 1, 1, 1, 1, 1, 1, 1, 1, 1, 1, 1, 1, 1, 1, 1, 1, 1, 1, 1, 1, 1, 1, 1, 1, 1, 1], [1, 1, 1, 1, 1, 1, 1, 1, 1, 1, 1, 1, 1, 1, 1, 1, 1, 1, 1, 1, 1, 1, 1, 1, 1, 1, 1, 1, 1, 1, 1, 1, 1, 1, 1, 1, 1, 1, 1, 1, 1, 1, 1, 1, 1, 1, 1, 1, 1, 1]]

means=tensor([6.0705e-04, 1.4850e-03, 1.1634e-03, 1.3544e-03, 5.1506e-04, 5.4988e-04,
        3.6166e-04, 5.4884e-04, 8.1467e-04, 7.6155e-04, 4.5251e-04, 3.7667e-04,
        4.4767e-04, 1.4759e-05, 2.2287e-04, 3.7122e-05, 1.6713e-04, 2.2769e-05,
        2.6259e-04, 5.6990e-04, 1.9940e-04, 6.3197e-04, 1.7924e-04, 6.1672e-05,
        1.1474e-05, 3.2448e-04, 1.9447e-04, 2.0128e-04, 2.3959e-05, 4.4477e-05,
        1.1282e-04, 2.5644e-04, 7.4731e-05, 2.6909e-04, 1.0273e-04, 3.9011e-04,
        1.2173e-04, 7.4183e-05, 7.6256e-05, 5.4799e-04, 3.5621e-04, 1.7441e-04,
        3.0511e-05, 1.6671e-04, 8.9609e-05, 2.5057e-04, 3.8475e-05, 1.2756e-04,
        2.7756e-04, 1.3359e-04, 8.8702e-05, 1.9827e-04, 2.4834e-04, 4.4105e-05,
        3.9195e-04, 1.8312e-04, 1.7279e-04, 3.6080e-06, 5.7306e-04, 7.0526e-06,
        6.2618e-05, 7.8564e-05, 6.9243e-05, 4.0525e-05, 2.2913e-04, 2.9852e-04,
        3.0675e-05, 8.7730e-05, 2.2931e-04, 2.6186e-04, 4.6587e-05, 2.0334e-04,
        5.4463e-05, 1.3924e-04, 2.6960e-04, 3.4895e-04, 3.9941e-06, 1.5366e-04,
        1.0575e-06, 1.3027e-05, 7.3915e-05, 1.3063e-04, 2.8130e-04, 1.8261e-04,
        1.3667e-04, 4.8501e-04, 1.2776e-04, 3.4885e-05, 2.7965e-04, 1.1532e-04,
        8.5923e-05, 1.5283e-06, 2.1374e-04, 1.7059e-04, 1.5761e-04, 1.6736e-04,
        1.1138e-04, 3.2268e-05, 1.1374e-04, 1.8488e-04, 1.5474e-04, 2.6157e-04,
        1.4982e-04, 7.3507e-05, 7.4161e-05, 1.1629e-04, 1.1225e-04, 1.8036e-04,
        1.4087e-06, 1.2827e-04, 2.9207e-04, 2.4479e-05, 2.0661e-04],
       grad_fn=<CatBackward>)

mean_overall=tensor(0.0002, grad_fn=<MeanBackward0>)

-----------------------------------------------ITERATION290-----------------------------------------------

final_causality=[[1, 1, 1, 1, 1, 1, 1, 1, 1, 1, 1, 1, 1], [1, 1, 1, 1, 1, 1, 1, 1, 1, 1, 1, 1, 1, 1, 1, 1, 1, 1, 1, 1, 1, 1, 1, 1, 1, 1, 1, 1, 1, 1, 1, 1, 1, 1, 1, 1, 1, 1, 1, 1, 1, 1, 1, 1, 1, 1, 1, 1, 1, 1], [1, 1, 1, 1, 1, 1, 1, 1, 1, 1, 1, 1, 1, 1, 1, 1, 1, 1, 1, 1, 1, 1, 1, 1, 1, 1, 1, 1, 1, 1, 1, 1, 1, 1, 1, 1, 1, 1, 1, 1, 1, 1, 1, 1, 1, 1, 1, 1, 1, 1]]

means=tensor([6.3968e-04, 1.5428e-03, 1.2242e-03, 1.4030e-03, 5.6752e-04, 5.6847e-04,
        4.0292e-04, 5.7356e-04, 8.6870e-04, 8.0916e-04, 4.8569e-04, 3.9065e-04,
        4.8944e-04, 1.5130e-05, 2.3015e-04, 3.9421e-05, 1.7422e-04, 2.3309e-05,
        2.7099e-04, 5.8399e-04, 2.0854e-04, 6.5566e-04, 1.8644e-04, 6.4147e-05,
        9.6731e-06, 3.4434e-04, 1.9996e-04, 2.1112e-04, 2.4622e-05, 4.5630e-05,
        1.1413e-04, 2.6697e-04, 8.0549e-05, 2.7263e-04, 1.0625e-04, 4.0670e-04,
        1.2623e-04, 7.4791e-05, 8.0323e-05, 5.7570e-04, 3.7238e-04, 1.7771e-04,
        3.1049e-05, 1.7170e-04, 9.2840e-05, 2.6142e-04, 3.7993e-05, 1.3406e-04,
        2.9614e-04, 1.4366e-04, 9.3610e-05, 2.0525e-04, 2.5668e-04, 4.7302e-05,
        4.0728e-04, 1.8816e-04, 1.8218e-04, 3.5077e-06, 6.0821e-04, 7.6416e-06,
        5.9823e-05, 7.6453e-05, 7.3384e-05, 4.1285e-05, 2.3878e-04, 3.0890e-04,
        3.1108e-05, 9.1137e-05, 2.4158e-04, 2.7132e-04, 4.8007e-05, 2.0972e-04,
        5.6074e-05, 1.4534e-04, 2.7778e-04, 3.5911e-04, 3.8434e-06, 1.6474e-04,
        1.0086e-06, 1.3681e-05, 7.6306e-05, 1.3534e-04, 2.9445e-04, 1.9006e-04,
        1.4213e-04, 5.0328e-04, 1.3240e-04, 3.4798e-05, 2.9042e-04, 1.2001e-04,
        8.8997e-05, 1.6614e-06, 2.2096e-04, 1.7660e-04, 1.6655e-04, 1.7796e-04,
        1.1790e-04, 3.4195e-05, 1.1776e-04, 1.9210e-04, 1.6171e-04, 2.7582e-04,
        1.5609e-04, 7.7139e-05, 7.7452e-05, 1.2197e-04, 1.1988e-04, 1.8876e-04,
        1.4187e-06, 1.3246e-04, 3.0538e-04, 2.5447e-05, 2.1429e-04],
       grad_fn=<CatBackward>)

mean_overall=tensor(0.0002, grad_fn=<MeanBackward0>)

-----------------------------------------------ITERATION300-----------------------------------------------

final_causality=[[1, 1, 1, 1, 1, 1, 1, 1, 1, 1, 1, 1, 1], [1, 1, 1, 1, 1, 1, 1, 1, 1, 1, 1, 1, 1, 1, 1, 1, 1, 1, 1, 1, 1, 1, 1, 1, 1, 1, 1, 1, 1, 1, 1, 1, 1, 1, 1, 1, 1, 1, 1, 1, 1, 1, 1, 1, 1, 1, 1, 1, 1, 1], [1, 1, 1, 1, 1, 1, 1, 1, 1, 1, 1, 1, 1, 1, 1, 1, 1, 1, 1, 1, 1, 1, 1, 1, 1, 1, 1, 1, 1, 1, 1, 1, 1, 1, 1, 1, 1, 1, 1, 1, 1, 1, 1, 1, 1, 1, 1, 1, 1, 1]]

means=tensor([6.7311e-04, 1.6023e-03, 1.2865e-03, 1.4530e-03, 6.2128e-04, 5.8775e-04,
        4.4545e-04, 5.9893e-04, 9.2392e-04, 8.5784e-04, 5.1995e-04, 4.0507e-04,
        5.3236e-04, 1.5544e-05, 2.3751e-04, 4.1906e-05, 1.8160e-04, 2.3896e-05,
        2.7966e-04, 5.9839e-04, 2.1806e-04, 6.8016e-04, 1.9389e-04, 6.7321e-05,
        7.9312e-06, 3.6525e-04, 2.0659e-04, 2.2152e-04, 2.5338e-05, 4.6859e-05,
        1.1547e-04, 2.7781e-04, 8.6703e-05, 2.7625e-04, 1.0992e-04, 4.2385e-04,
        1.3086e-04, 7.6898e-05, 8.4618e-05, 6.0456e-04, 3.8906e-04, 1.8107e-04,
        3.1630e-05, 1.7678e-04, 9.6235e-05, 2.7346e-04, 3.7551e-05, 1.4084e-04,
        3.1580e-04, 1.5443e-04, 9.8771e-05, 2.1246e-04, 2.6525e-04, 5.0668e-05,
        4.2320e-04, 1.9326e-04, 1.9233e-04, 3.3970e-06, 6.4502e-04, 8.2639e-06,
        5.8169e-05, 7.4427e-05, 7.7784e-05, 4.2112e-05, 2.4857e-04, 3.1939e-04,
        3.1562e-05, 9.4589e-05, 2.5447e-04, 2.8106e-04, 4.9447e-05, 2.1626e-04,
        5.7821e-05, 1.5156e-04, 2.8613e-04, 3.6951e-04, 3.6546e-06, 1.7615e-04,
        9.5753e-07, 1.4381e-05, 7.8796e-05, 1.4021e-04, 3.0793e-04, 1.9769e-04,
        1.4771e-04, 5.2173e-04, 1.3745e-04, 3.4681e-05, 3.0171e-04, 1.2479e-04,
        9.2113e-05, 1.8030e-06, 2.2834e-04, 1.8281e-04, 1.7566e-04, 1.8888e-04,
        1.2461e-04, 3.6184e-05, 1.2190e-04, 1.9966e-04, 1.6878e-04, 2.9029e-04,
        1.6260e-04, 8.0799e-05, 8.0807e-05, 1.2777e-04, 1.2767e-04, 1.9726e-04,
        1.4322e-06, 1.3674e-04, 3.1888e-04, 2.6456e-05, 2.2213e-04],
       grad_fn=<CatBackward>)

mean_overall=tensor(0.0002, grad_fn=<MeanBackward0>)

-----------------------------------------------ITERATION310-----------------------------------------------

final_causality=[[1, 1, 1, 1, 1, 1, 1, 1, 1, 1, 1, 1, 1], [1, 1, 1, 1, 1, 1, 1, 1, 1, 1, 1, 1, 1, 1, 1, 1, 1, 1, 1, 1, 1, 1, 1, 1, 1, 1, 1, 1, 1, 1, 1, 1, 1, 1, 1, 1, 1, 1, 1, 1, 1, 1, 1, 1, 1, 1, 1, 1, 1, 1], [1, 1, 1, 1, 1, 1, 1, 1, 1, 1, 1, 1, 1, 1, 1, 1, 1, 1, 1, 1, 1, 1, 1, 1, 1, 1, 1, 1, 1, 1, 1, 1, 1, 1, 1, 1, 1, 1, 1, 1, 1, 1, 1, 1, 1, 1, 1, 1, 1, 1]]

means=tensor([7.0738e-04, 1.6634e-03, 1.3504e-03, 1.5044e-03, 6.7633e-04, 6.0776e-04,
        4.8928e-04, 6.2492e-04, 9.8030e-04, 9.0757e-04, 5.5529e-04, 4.1992e-04,
        5.7648e-04, 1.6002e-05, 2.4496e-04, 4.4568e-05, 1.8928e-04, 2.4532e-05,
        2.8860e-04, 6.1309e-04, 2.2795e-04, 7.0547e-04, 2.0158e-04, 7.0523e-05,
        6.2493e-06, 3.8723e-04, 2.1329e-04, 2.3250e-04, 2.6107e-05, 4.8166e-05,
        1.1684e-04, 2.8897e-04, 9.3206e-05, 2.7993e-04, 1.1374e-04, 4.4158e-04,
        1.3563e-04, 7.9076e-05, 8.9147e-05, 6.3455e-04, 4.0625e-04, 1.8449e-04,
        3.2256e-05, 1.8197e-04, 9.9796e-05, 2.8589e-04, 3.7145e-05, 1.4856e-04,
        3.3658e-04, 1.6595e-04, 1.0419e-04, 2.2123e-04, 2.7404e-04, 5.4209e-05,
        4.3970e-04, 1.9841e-04, 2.0299e-04, 3.2758e-06, 6.8349e-04, 8.9199e-06,
        5.6567e-05, 7.2483e-05, 8.2455e-05, 4.3009e-05, 2.5850e-04, 3.2998e-04,
        3.2037e-05, 9.8086e-05, 2.6930e-04, 2.9109e-04, 5.0906e-05, 2.2297e-04,
        5.9708e-05, 1.5789e-04, 2.9463e-04, 3.8013e-04, 3.4267e-06, 1.8780e-04,
        9.0448e-07, 1.5153e-05, 8.1385e-05, 1.4523e-04, 3.2173e-04, 2.0550e-04,
        1.5343e-04, 5.4036e-04, 1.4283e-04, 3.4532e-05, 3.1362e-04, 1.2966e-04,
        9.5272e-05, 1.9534e-06, 2.3587e-04, 1.8921e-04, 1.8494e-04, 2.0013e-04,
        1.3150e-04, 3.8233e-05, 1.2614e-04, 2.0756e-04, 1.7592e-04, 3.0497e-04,
        1.6935e-04, 8.4485e-05, 8.4533e-05, 1.3369e-04, 1.3562e-04, 2.0586e-04,
        1.4490e-06, 1.4111e-04, 3.3254e-04, 2.7507e-05, 2.3012e-04],
       grad_fn=<CatBackward>)

mean_overall=tensor(0.0003, grad_fn=<MeanBackward0>)

-----------------------------------------------ITERATION320-----------------------------------------------

final_causality=[[1, 1, 1, 1, 1, 1, 1, 1, 1, 1, 1, 1, 1], [1, 1, 1, 1, 1, 1, 1, 1, 1, 1, 1, 1, 1, 1, 1, 1, 1, 1, 1, 1, 1, 1, 1, 1, 1, 1, 1, 1, 1, 1, 1, 1, 1, 1, 1, 1, 1, 1, 1, 1, 1, 1, 1, 1, 1, 1, 1, 1, 1, 1], [1, 1, 1, 1, 1, 1, 1, 1, 1, 1, 1, 1, 1, 1, 1, 1, 1, 1, 1, 1, 1, 1, 1, 1, 1, 1, 1, 1, 1, 1, 1, 1, 1, 1, 1, 1, 1, 1, 1, 1, 1, 1, 1, 1, 1, 1, 1, 1, 1, 1]]

means=tensor([7.4248e-04, 1.7261e-03, 1.4158e-03, 1.5571e-03, 7.3266e-04, 6.2849e-04,
        5.3439e-04, 6.5151e-04, 1.0378e-03, 9.5834e-04, 5.9172e-04, 4.3523e-04,
        6.2183e-04, 1.6503e-05, 2.5250e-04, 4.7417e-05, 1.9725e-04, 2.5216e-05,
        2.9782e-04, 6.2808e-04, 2.3823e-04, 7.3159e-04, 2.0952e-04, 7.3759e-05,
        4.6279e-06, 4.1029e-04, 2.2054e-04, 2.4406e-04, 2.6932e-05, 4.9554e-05,
        1.1825e-04, 3.0046e-04, 1.0007e-04, 2.8367e-04, 1.1770e-04, 4.5987e-04,
        1.4054e-04, 8.1376e-05, 9.3918e-05, 6.6568e-04, 4.2396e-04, 1.8797e-04,
        3.2925e-05, 1.8725e-04, 1.0352e-04, 2.9873e-04, 3.6777e-05, 1.5699e-04,
        3.5849e-04, 1.7823e-04, 1.0988e-04, 2.3104e-04, 2.8306e-04, 5.7932e-05,
        4.5679e-04, 2.0361e-04, 2.1418e-04, 3.1444e-06, 7.2361e-04, 9.6101e-06,
        5.5017e-05, 7.0620e-05, 8.7410e-05, 4.3975e-05, 2.6857e-04, 3.4067e-04,
        3.2532e-05, 1.0163e-04, 2.8451e-04, 3.0141e-04, 5.2385e-05, 2.2985e-04,
        6.1737e-05, 1.6433e-04, 3.0330e-04, 3.9098e-04, 3.1588e-06, 1.9966e-04,
        8.4967e-07, 1.6024e-05, 8.4075e-05, 1.5040e-04, 3.3583e-04, 2.1350e-04,
        1.5926e-04, 5.5915e-04, 1.4849e-04, 3.4351e-05, 3.2575e-04, 1.3469e-04,
        9.8473e-05, 2.1128e-06, 2.4355e-04, 1.9581e-04, 1.9441e-04, 2.1171e-04,
        1.3857e-04, 4.0345e-05, 1.3048e-04, 2.1581e-04, 1.8315e-04, 3.1985e-04,
        1.7634e-04, 8.8197e-05, 8.8347e-05, 1.4009e-04, 1.4374e-04, 2.1454e-04,
        1.4692e-06, 1.4558e-04, 3.4638e-04, 2.8602e-05, 2.3827e-04],
       grad_fn=<CatBackward>)

mean_overall=tensor(0.0003, grad_fn=<MeanBackward0>)

-----------------------------------------------ITERATION330-----------------------------------------------

final_causality=[[1, 1, 1, 1, 1, 1, 1, 1, 1, 1, 1, 1, 1], [1, 1, 1, 1, 1, 1, 1, 1, 1, 1, 1, 1, 1, 1, 1, 1, 1, 1, 1, 1, 1, 1, 1, 1, 1, 1, 1, 1, 1, 1, 1, 1, 1, 1, 1, 1, 1, 1, 1, 1, 1, 1, 1, 1, 1, 1, 1, 1, 1, 1], [1, 1, 1, 1, 1, 1, 1, 1, 1, 1, 1, 1, 1, 1, 1, 1, 1, 1, 1, 1, 1, 1, 1, 1, 1, 1, 1, 1, 1, 1, 1, 1, 1, 1, 1, 1, 1, 1, 1, 1, 1, 1, 1, 1, 1, 1, 1, 1, 1, 1]]

means=tensor([7.7843e-04, 1.7904e-03, 1.4827e-03, 1.6111e-03, 7.9024e-04, 6.4996e-04,
        5.8080e-04, 6.7870e-04, 1.0964e-03, 1.0101e-03, 6.2925e-04, 4.5098e-04,
        6.6842e-04, 1.7050e-05, 2.6011e-04, 5.0463e-05, 2.0553e-04, 2.5948e-05,
        3.0732e-04, 6.4335e-04, 2.4889e-04, 7.5849e-04, 2.1772e-04, 7.7034e-05,
        3.0674e-06, 4.3443e-04, 2.2816e-04, 2.5622e-04, 2.7811e-05, 5.1023e-05,
        1.1969e-04, 3.1226e-04, 1.0732e-04, 2.8747e-04, 1.2182e-04, 4.7871e-04,
        1.4558e-04, 8.3793e-05, 9.8935e-05, 6.9794e-04, 4.4216e-04, 1.9150e-04,
        3.3638e-05, 1.9264e-04, 1.0742e-04, 3.1196e-04, 3.6444e-05, 1.6578e-04,
        3.8155e-04, 1.9130e-04, 1.1584e-04, 2.4114e-04, 2.9231e-04, 6.1843e-05,
        4.7464e-04, 2.0885e-04, 2.2593e-04, 3.0030e-06, 7.6537e-04, 1.0335e-05,
        5.3517e-05, 6.8835e-05, 9.2661e-05, 4.5013e-05, 2.7876e-04, 3.5145e-04,
        3.3050e-05, 1.0521e-04, 3.0010e-04, 3.1200e-04, 5.3941e-05, 2.3689e-04,
        6.3911e-05, 1.7088e-04, 3.1211e-04, 4.0206e-04, 2.8502e-06, 2.1173e-04,
        7.9330e-07, 1.6950e-05, 8.6867e-05, 1.5572e-04, 3.5024e-04, 2.2168e-04,
        1.6523e-04, 5.7809e-04, 1.5443e-04, 3.4136e-05, 3.3809e-04, 1.4020e-04,
        1.0172e-04, 2.2821e-06, 2.5138e-04, 2.0260e-04, 2.0404e-04, 2.2360e-04,
        1.4583e-04, 4.2520e-05, 1.3494e-04, 2.2440e-04, 1.9046e-04, 3.3493e-04,
        1.8357e-04, 9.1932e-05, 9.2228e-05, 1.4745e-04, 1.5202e-04, 2.2332e-04,
        1.4926e-06, 1.5013e-04, 3.6038e-04, 2.9742e-05, 2.4655e-04],
       grad_fn=<CatBackward>)

mean_overall=tensor(0.0003, grad_fn=<MeanBackward0>)

-----------------------------------------------ITERATION340-----------------------------------------------

final_causality=[[1, 1, 1, 1, 1, 1, 1, 1, 1, 1, 1, 1, 1], [1, 1, 1, 1, 1, 1, 1, 1, 1, 1, 1, 1, 1, 1, 1, 1, 1, 1, 1, 1, 1, 1, 1, 1, 1, 1, 1, 1, 1, 1, 1, 1, 1, 1, 1, 1, 1, 1, 1, 1, 1, 1, 1, 1, 1, 1, 1, 1, 1, 1], [1, 1, 1, 1, 1, 1, 1, 1, 1, 1, 1, 1, 1, 1, 1, 1, 1, 1, 1, 1, 1, 1, 1, 1, 1, 1, 1, 1, 1, 1, 1, 1, 1, 1, 1, 1, 1, 1, 1, 1, 1, 1, 1, 1, 1, 1, 1, 1, 1, 1]]

means=tensor([8.1522e-04, 1.8563e-03, 1.5512e-03, 1.6664e-03, 8.4903e-04, 6.7219e-04,
        6.2850e-04, 7.0644e-04, 1.1559e-03, 1.0628e-03, 6.6786e-04, 4.6718e-04,
        7.1628e-04, 1.7641e-05, 2.6781e-04, 5.3717e-05, 2.1411e-04, 2.6727e-05,
        3.1709e-04, 6.5888e-04, 2.5993e-04, 7.8617e-04, 2.2617e-04, 8.0351e-05,
        1.5682e-06, 4.5974e-04, 2.3585e-04, 2.6899e-04, 2.8746e-05, 5.2574e-05,
        1.2208e-04, 3.2437e-04, 1.1495e-04, 2.9132e-04, 1.2609e-04, 4.9811e-04,
        1.5075e-04, 8.6289e-05, 1.0420e-04, 7.3129e-04, 4.6087e-04, 1.9508e-04,
        3.4395e-05, 1.9812e-04, 1.1150e-04, 3.2558e-04, 3.6145e-05, 1.7494e-04,
        4.0577e-04, 2.0518e-04, 1.2206e-04, 2.5154e-04, 3.0179e-04, 6.5948e-05,
        4.9327e-04, 2.1414e-04, 2.3822e-04, 2.8518e-06, 8.0872e-04, 1.1094e-05,
        5.2069e-05, 6.7126e-05, 9.8217e-05, 4.6121e-05, 2.8907e-04, 3.6231e-04,
        3.3589e-05, 1.0883e-04, 3.1604e-04, 3.2288e-04, 5.5531e-05, 2.4409e-04,
        6.6231e-05, 1.7754e-04, 3.2106e-04, 4.1335e-04, 2.5005e-06, 2.2401e-04,
        7.3560e-07, 1.7931e-05, 8.9760e-05, 1.6119e-04, 3.6492e-04, 2.3004e-04,
        1.7131e-04, 5.9715e-04, 1.6066e-04, 3.3885e-05, 3.5064e-04, 1.4581e-04,
        1.0587e-04, 2.4608e-06, 2.5933e-04, 2.0958e-04, 2.1385e-04, 2.3581e-04,
        1.5326e-04, 4.4756e-05, 1.3949e-04, 2.3333e-04, 1.9784e-04, 3.5020e-04,
        1.9103e-04, 9.5689e-05, 9.6177e-05, 1.5494e-04, 1.6046e-04, 2.3370e-04,
        1.5190e-06, 1.5476e-04, 3.7454e-04, 3.0928e-05, 2.5498e-04],
       grad_fn=<CatBackward>)

mean_overall=tensor(0.0003, grad_fn=<MeanBackward0>)

-----------------------------------------------ITERATION350-----------------------------------------------

final_causality=[[1, 1, 1, 1, 1, 1, 1, 1, 1, 1, 1, 1, 1], [1, 1, 1, 1, 1, 1, 1, 1, 1, 1, 1, 1, 1, 1, 1, 1, 1, 1, 1, 1, 1, 1, 1, 1, 1, 1, 1, 1, 1, 1, 1, 1, 1, 1, 1, 1, 1, 1, 1, 1, 1, 1, 1, 1, 1, 1, 1, 1, 1, 1], [1, 1, 1, 1, 1, 1, 1, 1, 1, 1, 1, 1, 1, 1, 1, 1, 1, 1, 1, 1, 1, 1, 1, 1, 1, 1, 1, 1, 1, 1, 1, 1, 1, 1, 1, 1, 1, 1, 1, 1, 1, 1, 1, 1, 1, 1, 1, 1, 1, 1]]

means=tensor([8.5283e-04, 1.9238e-03, 1.6210e-03, 1.7229e-03, 9.0899e-04, 6.9518e-04,
        6.7746e-04, 7.3470e-04, 1.2164e-03, 1.1165e-03, 7.0756e-04, 4.8381e-04,
        7.6542e-04, 1.8278e-05, 2.7558e-04, 5.7186e-05, 2.2299e-04, 2.7554e-05,
        3.2714e-04, 6.7465e-04, 2.7136e-04, 8.1460e-04, 2.3487e-04, 8.3715e-05,
        1.3057e-07, 4.8790e-04, 2.4361e-04, 2.8237e-04, 2.9736e-05, 5.4209e-05,
        1.2615e-04, 3.3679e-04, 1.2299e-04, 2.9521e-04, 1.3056e-04, 5.1804e-04,
        1.5606e-04, 8.8866e-05, 1.0972e-04, 7.6571e-04, 4.8006e-04, 1.9872e-04,
        3.5195e-05, 2.0371e-04, 1.1574e-04, 3.3959e-04, 3.5880e-05, 1.8446e-04,
        4.3115e-04, 2.1989e-04, 1.2856e-04, 2.6225e-04, 3.1148e-04, 7.0507e-05,
        5.1249e-04, 2.1947e-04, 2.5108e-04, 2.6912e-06, 8.5363e-04, 1.1887e-05,
        5.0919e-05, 6.5491e-05, 1.0409e-04, 4.7300e-05, 2.9948e-04, 3.7324e-04,
        3.4149e-05, 1.1249e-04, 3.3291e-04, 3.3401e-04, 5.7137e-05, 2.5145e-04,
        6.8697e-05, 1.8430e-04, 3.3015e-04, 4.2484e-04, 2.1094e-06, 2.3646e-04,
        6.7680e-07, 1.9193e-05, 9.2753e-05, 1.6681e-04, 3.7988e-04, 2.3858e-04,
        1.7752e-04, 6.1633e-04, 1.6716e-04, 3.3598e-05, 3.6339e-04, 1.5149e-04,
        1.1042e-04, 2.6489e-06, 2.6742e-04, 2.1674e-04, 2.2384e-04, 2.4832e-04,
        1.6087e-04, 4.7055e-05, 1.4415e-04, 2.4259e-04, 2.0529e-04, 3.6564e-04,
        1.9873e-04, 9.9466e-05, 1.0019e-04, 1.6255e-04, 1.6904e-04, 2.4429e-04,
        1.5484e-06, 1.5948e-04, 3.8884e-04, 3.2160e-05, 2.6353e-04],
       grad_fn=<CatBackward>)

mean_overall=tensor(0.0003, grad_fn=<MeanBackward0>)

-----------------------------------------------ITERATION360-----------------------------------------------

final_causality=[[1, 1, 1, 1, 1, 1, 1, 1, 1, 1, 1, 1, 1], [1, 1, 1, 1, 1, 1, 1, 1, 1, 1, 1, 1, 1, 1, 1, 1, 1, 1, 1, 1, 1, 1, 1, 1, 1, 1, 1, 1, 1, 1, 1, 1, 1, 1, 1, 1, 1, 1, 1, 1, 1, 1, 1, 1, 1, 1, 1, 1, 1, 1], [1, 1, 1, 1, 1, 1, 1, 1, 1, 1, 1, 1, 1, 1, 1, 1, 1, 1, 1, 1, 1, 1, 1, 1, 1, 1, 1, 1, 1, 1, 1, 1, 1, 1, 1, 1, 1, 1, 1, 1, 1, 1, 1, 1, 1, 1, 1, 1, 1, 1]]

means=tensor([8.9126e-04, 1.9928e-03, 1.6922e-03, 1.7806e-03, 9.7006e-04, 7.1894e-04,
        7.2766e-04, 7.6345e-04, 1.2777e-03, 1.1710e-03, 7.4833e-04, 5.0088e-04,
        8.1584e-04, 1.8960e-05, 2.8343e-04, 6.0879e-05, 2.3216e-04, 2.8427e-05,
        3.3745e-04, 6.9065e-04, 2.8317e-04, 8.4375e-04, 2.4382e-04, 8.7129e-05,
        8.4840e-07, 5.1724e-04, 2.5142e-04, 2.9635e-04, 3.0782e-05, 5.5927e-05,
        1.3025e-04, 3.4951e-04, 1.3143e-04, 2.9913e-04, 1.3519e-04, 5.3849e-04,
        1.6149e-04, 9.1522e-05, 1.1550e-04, 8.0117e-04, 4.9971e-04, 2.0511e-04,
        3.6038e-05, 2.0939e-04, 1.2015e-04, 3.5396e-04, 3.5645e-05, 1.9435e-04,
        4.5768e-04, 2.3545e-04, 1.3534e-04, 2.7326e-04, 3.2139e-04, 7.5479e-05,
        5.3228e-04, 2.2483e-04, 2.6451e-04, 2.5215e-06, 9.0004e-04, 1.2716e-05,
        4.9888e-05, 6.3927e-05, 1.1028e-04, 4.8550e-05, 3.1000e-04, 3.8422e-04,
        3.4731e-05, 1.1618e-04, 3.5041e-04, 3.4541e-04, 5.8758e-05, 2.5895e-04,
        7.1307e-05, 1.9115e-04, 3.3936e-04, 4.3806e-04, 1.6769e-06, 2.4909e-04,
        6.1713e-07, 2.0917e-05, 9.5970e-05, 1.7256e-04, 3.9508e-04, 2.4728e-04,
        1.8385e-04, 6.3560e-04, 1.7395e-04, 3.3273e-05, 3.7632e-04, 1.5725e-04,
        1.1502e-04, 2.8464e-06, 2.7562e-04, 2.2408e-04, 2.3398e-04, 2.6111e-04,
        1.6864e-04, 4.9416e-05, 1.4891e-04, 2.5218e-04, 2.1280e-04, 3.8123e-04,
        2.0666e-04, 1.0326e-04, 1.0427e-04, 1.7027e-04, 1.7777e-04, 2.5494e-04,
        1.5805e-06, 1.6426e-04, 4.0328e-04, 3.3439e-05, 2.7220e-04],
       grad_fn=<CatBackward>)

mean_overall=tensor(0.0003, grad_fn=<MeanBackward0>)

-----------------------------------------------ITERATION370-----------------------------------------------

final_causality=[[1, 1, 1, 1, 1, 1, 1, 1, 1, 1, 1, 1, 1], [1, 1, 1, 1, 1, 1, 1, 1, 1, 1, 1, 1, 1, 1, 1, 1, 1, 1, 1, 1, 1, 1, 1, 1, 1, 1, 1, 1, 1, 1, 1, 1, 1, 1, 1, 1, 1, 1, 1, 1, 1, 1, 1, 1, 1, 1, 1, 1, 1, 1], [1, 1, 1, 1, 1, 1, 1, 1, 1, 1, 1, 1, 1, 1, 1, 1, 1, 1, 1, 1, 1, 1, 1, 1, 1, 1, 1, 1, 1, 1, 1, 1, 1, 1, 1, 1, 1, 1, 1, 1, 1, 1, 1, 1, 1, 1, 1, 1, 1, 1]]

means=tensor([9.3047e-04, 2.0634e-03, 1.7648e-03, 1.8394e-03, 1.0322e-03, 7.4346e-04,
        7.7907e-04, 7.9264e-04, 1.3398e-03, 1.2262e-03, 7.9014e-04, 5.1837e-04,
        8.6755e-04, 1.9688e-05, 2.9134e-04, 6.4801e-05, 2.4163e-04, 2.9344e-05,
        3.4803e-04, 7.0685e-04, 2.9534e-04, 8.7359e-04, 2.5302e-04, 9.0594e-05,
        7.8503e-07, 5.4774e-04, 2.5947e-04, 3.1094e-04, 3.1884e-05, 5.7729e-05,
        1.3437e-04, 3.6251e-04, 1.4029e-04, 3.0307e-04, 1.3997e-04, 5.5944e-04,
        1.6704e-04, 9.4258e-05, 1.2154e-04, 8.3763e-04, 5.1981e-04, 2.1390e-04,
        3.6922e-05, 2.1515e-04, 1.2473e-04, 3.6870e-04, 3.5530e-05, 2.0462e-04,
        4.8534e-04, 2.5186e-04, 1.4240e-04, 2.8455e-04, 3.3151e-04, 8.0727e-05,
        5.5265e-04, 2.3024e-04, 2.7851e-04, 2.3431e-06, 9.4789e-04, 1.3578e-05,
        4.8889e-05, 6.2432e-05, 1.1680e-04, 4.9868e-05, 3.2061e-04, 3.9525e-04,
        3.5333e-05, 1.1990e-04, 3.6824e-04, 3.5705e-04, 6.0392e-05, 2.6659e-04,
        7.4059e-05, 1.9810e-04, 3.4868e-04, 4.5156e-04, 1.2031e-06, 2.6188e-04,
        5.5680e-07, 2.2767e-05, 9.9327e-05, 1.7844e-04, 4.1051e-04, 2.5615e-04,
        1.9029e-04, 6.5494e-04, 1.8101e-04, 3.2910e-05, 3.8942e-04, 1.6308e-04,
        1.1964e-04, 3.0531e-06, 2.8393e-04, 2.3158e-04, 2.4429e-04, 2.7418e-04,
        1.7657e-04, 5.1837e-05, 1.5376e-04, 2.6208e-04, 2.2036e-04, 3.9697e-04,
        2.1480e-04, 1.0707e-04, 1.0841e-04, 1.7810e-04, 1.8664e-04, 2.6564e-04,
        1.6151e-06, 1.6911e-04, 4.1784e-04, 3.4764e-05, 2.8098e-04],
       grad_fn=<CatBackward>)

mean_overall=tensor(0.0003, grad_fn=<MeanBackward0>)

-----------------------------------------------ITERATION380-----------------------------------------------

final_causality=[[1, 1, 1, 1, 1, 1, 1, 1, 1, 1, 1, 1, 1], [1, 1, 1, 1, 1, 1, 1, 1, 1, 1, 1, 1, 1, 1, 1, 1, 1, 1, 1, 1, 1, 1, 1, 1, 1, 1, 1, 1, 1, 1, 1, 1, 1, 1, 1, 1, 1, 1, 1, 1, 1, 1, 1, 1, 1, 1, 1, 1, 1, 1], [1, 1, 1, 1, 1, 1, 1, 1, 1, 1, 1, 1, 1, 1, 1, 1, 1, 1, 1, 1, 1, 1, 1, 1, 1, 1, 1, 1, 1, 1, 1, 1, 1, 1, 1, 1, 1, 1, 1, 1, 1, 1, 1, 1, 1, 1, 1, 1, 1, 1]]

means=tensor([9.7045e-04, 2.1354e-03, 1.8386e-03, 1.8992e-03, 1.0952e-03, 7.6876e-04,
        8.3165e-04, 8.2222e-04, 1.4024e-03, 1.2821e-03, 8.3298e-04, 5.3626e-04,
        9.2053e-04, 2.0461e-05, 2.9932e-04, 6.8958e-05, 2.5137e-04, 3.0305e-05,
        3.5886e-04, 7.2323e-04, 3.0787e-04, 9.0408e-04, 2.6245e-04, 9.4110e-05,
        3.6277e-07, 5.7937e-04, 2.6770e-04, 3.2612e-04, 3.3039e-05, 5.9613e-05,
        1.3852e-04, 3.7579e-04, 1.4956e-04, 3.0741e-04, 1.4491e-04, 5.8084e-04,
        1.7270e-04, 9.7071e-05, 1.2783e-04, 8.7502e-04, 5.4033e-04, 2.2274e-04,
        3.7847e-05, 2.2101e-04, 1.2948e-04, 3.8377e-04, 3.5800e-05, 2.1525e-04,
        5.1411e-04, 2.6911e-04, 1.4977e-04, 2.9614e-04, 3.4183e-04, 8.6257e-05,
        5.7356e-04, 2.3566e-04, 2.9308e-04, 2.1564e-06, 9.9711e-04, 1.4474e-05,
        4.7922e-05, 6.2445e-05, 1.2366e-04, 5.1254e-05, 3.3129e-04, 4.0631e-04,
        3.6307e-05, 1.2369e-04, 3.8639e-04, 3.6892e-04, 6.2039e-05, 2.7435e-04,
        7.6952e-05, 2.0514e-04, 3.5810e-04, 4.6522e-04, 6.8834e-07, 2.7479e-04,
        4.9603e-07, 2.4818e-05, 1.0278e-04, 1.8445e-04, 4.2614e-04, 2.6518e-04,
        1.9684e-04, 6.7432e-04, 1.8848e-04, 3.2509e-05, 4.0267e-04, 1.6897e-04,
        1.2430e-04, 3.2692e-06, 2.9234e-04, 2.3924e-04, 2.5474e-04, 2.8751e-04,
        1.8491e-04, 5.4318e-05, 1.5870e-04, 2.7228e-04, 2.2797e-04, 4.1283e-04,
        2.2316e-04, 1.1089e-04, 1.1260e-04, 1.8604e-04, 1.9562e-04, 2.7637e-04,
        1.6521e-06, 1.7403e-04, 4.3249e-04, 3.6136e-05, 2.8985e-04],
       grad_fn=<CatBackward>)

mean_overall=tensor(0.0003, grad_fn=<MeanBackward0>)

-----------------------------------------------ITERATION390-----------------------------------------------

final_causality=[[1, 1, 1, 1, 1, 1, 1, 1, 1, 1, 1, 1, 1], [1, 1, 1, 1, 1, 1, 1, 1, 1, 1, 1, 1, 1, 1, 1, 1, 1, 1, 1, 1, 1, 1, 1, 1, 1, 1, 1, 1, 1, 1, 1, 1, 1, 1, 1, 1, 1, 1, 1, 1, 1, 1, 1, 1, 1, 1, 1, 1, 1, 1], [1, 1, 1, 1, 1, 1, 1, 1, 1, 1, 1, 1, 1, 1, 1, 1, 1, 1, 1, 1, 1, 1, 1, 1, 1, 1, 1, 1, 1, 1, 1, 1, 1, 1, 1, 1, 1, 1, 1, 1, 1, 1, 1, 1, 1, 1, 1, 1, 1, 1]]

means=tensor([1.0111e-03, 2.2088e-03, 1.9136e-03, 1.9598e-03, 1.1591e-03, 7.9481e-04,
        8.8535e-04, 8.5211e-04, 1.4654e-03, 1.3386e-03, 8.7681e-04, 5.5452e-04,
        9.7476e-04, 2.1280e-05, 3.0735e-04, 7.3352e-05, 2.6139e-04, 3.1307e-05,
        3.6994e-04, 7.3976e-04, 3.2073e-04, 9.3516e-04, 2.7211e-04, 9.7680e-05,
        1.4504e-06, 6.1206e-04, 2.7597e-04, 3.4188e-04, 3.4248e-05, 6.1578e-05,
        1.4271e-04, 3.8933e-04, 1.5926e-04, 3.1199e-04, 1.4998e-04, 6.0269e-04,
        1.7846e-04, 1.0055e-04, 1.3438e-04, 9.1330e-04, 5.6125e-04, 2.3163e-04,
        3.8810e-05, 2.2694e-04, 1.3441e-04, 3.9915e-04, 3.6170e-05, 2.2624e-04,
        5.4396e-04, 2.8721e-04, 1.5739e-04, 3.0799e-04, 3.5233e-04, 9.2075e-05,
        5.9501e-04, 2.4112e-04, 3.0821e-04, 1.9619e-06, 1.0476e-03, 1.5403e-05,
        4.6987e-05, 6.3715e-05, 1.3084e-04, 5.2705e-05, 3.4203e-04, 4.1737e-04,
        3.7484e-05, 1.2755e-04, 4.0482e-04, 3.8100e-04, 6.3882e-05, 2.8223e-04,
        7.9979e-05, 2.1225e-04, 3.6760e-04, 4.7903e-04, 1.3317e-07, 2.8782e-04,
        4.3503e-07, 2.6951e-05, 1.0634e-04, 1.9057e-04, 4.4195e-04, 2.7434e-04,
        2.0348e-04, 6.9373e-04, 1.9621e-04, 3.2068e-05, 4.1605e-04, 1.7493e-04,
        1.2898e-04, 3.4944e-06, 3.0082e-04, 2.4703e-04, 2.6533e-04, 3.0107e-04,
        1.9387e-04, 5.7013e-05, 1.6372e-04, 2.8277e-04, 2.3562e-04, 4.2879e-04,
        2.3171e-04, 1.1471e-04, 1.1685e-04, 1.9407e-04, 2.0476e-04, 2.8713e-04,
        1.6913e-06, 1.7899e-04, 4.4724e-04, 3.7555e-05, 2.9880e-04],
       grad_fn=<CatBackward>)

mean_overall=tensor(0.0004, grad_fn=<MeanBackward0>)

-----------------------------------------------ITERATION400-----------------------------------------------

final_causality=[[1, 1, 1, 1, 1, 1, 1, 1, 1, 1, 1, 1, 1], [1, 1, 1, 1, 1, 1, 1, 1, 1, 1, 1, 1, 1, 1, 1, 1, 1, 1, 1, 1, 1, 1, 1, 1, 1, 1, 1, 1, 1, 1, 1, 1, 1, 1, 1, 1, 1, 1, 1, 1, 1, 1, 1, 1, 1, 1, 1, 1, 1, 1], [1, 1, 1, 1, 1, 1, 1, 1, 1, 1, 1, 1, 1, 1, 1, 1, 1, 1, 1, 1, 1, 1, 1, 1, 1, 1, 1, 1, 1, 1, 1, 1, 1, 1, 1, 1, 1, 1, 1, 1, 1, 1, 1, 1, 1, 1, 1, 1, 1, 1]]

means=tensor([1.0525e-03, 2.2835e-03, 1.9895e-03, 2.0212e-03, 1.2238e-03, 8.2161e-04,
        9.4010e-04, 8.8227e-04, 1.5287e-03, 1.3956e-03, 9.2159e-04, 5.7315e-04,
        1.0302e-03, 2.2143e-05, 3.1543e-04, 7.7984e-05, 2.7165e-04, 3.2349e-05,
        3.8125e-04, 7.5640e-04, 3.3392e-04, 9.6680e-04, 2.8199e-04, 1.0130e-04,
        2.4774e-06, 6.4619e-04, 2.8427e-04, 3.5818e-04, 3.5507e-05, 6.3623e-05,
        1.4692e-04, 4.0456e-04, 1.6937e-04, 3.1686e-04, 1.5520e-04, 6.2493e-04,
        1.8431e-04, 1.0414e-04, 1.4117e-04, 9.5239e-04, 5.8254e-04, 2.4055e-04,
        3.9811e-05, 2.3294e-04, 1.4012e-04, 4.1482e-04, 3.6721e-05, 2.3759e-04,
        5.7484e-04, 3.0615e-04, 1.6527e-04, 3.2011e-04, 3.6301e-04, 9.8184e-05,
        6.1695e-04, 2.4659e-04, 3.2389e-04, 1.7603e-06, 1.0993e-03, 1.6364e-05,
        4.6084e-05, 6.4959e-05, 1.3836e-04, 5.4218e-05, 3.5281e-04, 4.2844e-04,
        3.8699e-05, 1.3142e-04, 4.2351e-04, 3.9327e-04, 6.6004e-05, 2.9021e-04,
        8.3137e-05, 2.1942e-04, 3.7717e-04, 4.9295e-04, 3.8847e-07, 3.0094e-04,
        3.7398e-07, 2.9163e-05, 1.0998e-04, 1.9679e-04, 4.5791e-04, 2.8364e-04,
        2.1021e-04, 7.1312e-04, 2.0419e-04, 3.1589e-05, 4.2954e-04, 1.8094e-04,
        1.3367e-04, 3.7285e-06, 3.0937e-04, 2.5496e-04, 2.7604e-04, 3.1484e-04,
        2.0295e-04, 5.9870e-05, 1.6881e-04, 2.9353e-04, 2.4328e-04, 4.4483e-04,
        2.4045e-04, 1.1854e-04, 1.2114e-04, 2.0218e-04, 2.1410e-04, 2.9790e-04,
        1.7325e-06, 1.8400e-04, 4.6204e-04, 3.9018e-05, 3.0782e-04],
       grad_fn=<CatBackward>)

mean_overall=tensor(0.0004, grad_fn=<MeanBackward0>)

-----------------------------------------------ITERATION410-----------------------------------------------

final_causality=[[1, 1, 1, 1, 1, 1, 1, 1, 1, 1, 1, 1, 1], [1, 1, 1, 1, 1, 1, 1, 1, 1, 1, 1, 1, 1, 1, 1, 1, 1, 1, 1, 1, 1, 1, 1, 1, 1, 1, 1, 1, 1, 1, 1, 1, 1, 1, 1, 1, 1, 1, 1, 1, 1, 1, 1, 1, 1, 1, 1, 1, 1, 1], [1, 1, 1, 1, 1, 1, 1, 1, 1, 1, 1, 1, 1, 1, 1, 1, 1, 1, 1, 1, 1, 1, 1, 1, 1, 1, 1, 1, 1, 1, 1, 1, 1, 1, 1, 1, 1, 1, 1, 1, 1, 1, 1, 1, 1, 1, 1, 1, 1, 1]]

means=tensor([1.0945e-03, 2.3595e-03, 2.0664e-03, 2.0832e-03, 1.2891e-03, 8.4915e-04,
        9.9583e-04, 9.1260e-04, 1.5922e-03, 1.4529e-03, 9.6727e-04, 5.9210e-04,
        1.0869e-03, 2.3050e-05, 3.2354e-04, 8.2853e-05, 2.8215e-04, 3.3427e-05,
        3.9278e-04, 7.7314e-04, 3.4740e-04, 9.9892e-04, 2.9207e-04, 1.0497e-04,
        3.4435e-06, 6.8132e-04, 2.9258e-04, 3.7500e-04, 3.6817e-05, 6.5743e-05,
        1.5116e-04, 4.2085e-04, 1.7989e-04, 3.2172e-04, 1.6054e-04, 6.4753e-04,
        1.9023e-04, 1.0780e-04, 1.4821e-04, 9.9222e-04, 6.0415e-04, 2.4951e-04,
        4.0847e-05, 2.3901e-04, 1.4617e-04, 4.3075e-04, 3.7296e-05, 2.4927e-04,
        6.0670e-04, 3.2589e-04, 1.7340e-04, 3.3247e-04, 3.7384e-04, 1.0459e-04,
        6.3936e-04, 2.5207e-04, 3.4010e-04, 1.5520e-06, 1.1520e-03, 1.7356e-05,
        4.5213e-05, 6.6176e-05, 1.4620e-04, 5.5790e-05, 3.6362e-04, 4.3948e-04,
        3.9950e-05, 1.3531e-04, 4.4242e-04, 4.0571e-04, 6.8126e-05, 2.9827e-04,
        8.6419e-05, 2.2666e-04, 3.8679e-04, 5.0696e-04, 9.1819e-07, 3.1413e-04,
        3.1307e-07, 3.1449e-05, 1.1371e-04, 2.0311e-04, 4.7398e-04, 2.9305e-04,
        2.1701e-04, 7.3247e-04, 2.1241e-04, 3.1071e-05, 4.4313e-04, 1.8699e-04,
        1.3838e-04, 3.9713e-06, 3.1797e-04, 2.6299e-04, 2.8685e-04, 3.2879e-04,
        2.1215e-04, 6.2780e-05, 1.7397e-04, 3.0454e-04, 2.5096e-04, 4.6092e-04,
        2.4936e-04, 1.2237e-04, 1.2548e-04, 2.1037e-04, 2.2353e-04, 3.0866e-04,
        1.7754e-06, 1.8905e-04, 4.7699e-04, 4.0526e-05, 3.1687e-04],
       grad_fn=<CatBackward>)

mean_overall=tensor(0.0004, grad_fn=<MeanBackward0>)

-----------------------------------------------ITERATION420-----------------------------------------------

final_causality=[[1, 1, 1, 1, 1, 1, 1, 1, 1, 1, 1, 1, 1], [1, 1, 1, 1, 1, 1, 1, 1, 1, 1, 1, 1, 1, 1, 1, 1, 1, 1, 1, 1, 1, 1, 1, 1, 1, 1, 1, 1, 1, 1, 1, 1, 1, 1, 1, 1, 1, 1, 1, 1, 1, 1, 1, 1, 1, 1, 1, 1, 1, 1], [1, 1, 1, 1, 1, 1, 1, 1, 1, 1, 1, 1, 1, 1, 1, 1, 1, 1, 1, 1, 1, 1, 1, 1, 1, 1, 1, 1, 1, 1, 1, 1, 1, 1, 1, 1, 1, 1, 1, 1, 1, 1, 1, 1, 1, 1, 1, 1, 1, 1]]

means=tensor([1.1371e-03, 2.4366e-03, 2.1441e-03, 2.1457e-03, 1.3548e-03, 8.7742e-04,
        1.0525e-03, 9.4304e-04, 1.6555e-03, 1.5104e-03, 1.0138e-03, 6.1135e-04,
        1.1447e-03, 2.4000e-05, 3.3169e-04, 8.7954e-05, 2.9286e-04, 3.4538e-05,
        4.0520e-04, 7.8992e-04, 3.6115e-04, 1.0315e-03, 3.0234e-04, 1.0869e-04,
        4.3481e-06, 7.1737e-04, 3.0091e-04, 3.9230e-04, 3.8172e-05, 6.7937e-05,
        1.5544e-04, 4.3742e-04, 1.9081e-04, 3.2652e-04, 1.6601e-04, 6.7044e-04,
        1.9678e-04, 1.1225e-04, 1.5549e-04, 1.0327e-03, 6.2606e-04, 2.5849e-04,
        4.2487e-05, 2.4513e-04, 1.5240e-04, 4.4691e-04, 3.7894e-05, 2.6128e-04,
        6.3949e-04, 3.4642e-04, 1.8175e-04, 3.4505e-04, 3.8482e-04, 1.1128e-04,
        6.6221e-04, 2.5755e-04, 3.5682e-04, 1.3378e-06, 1.2056e-03, 1.8377e-05,
        4.4373e-05, 6.7365e-05, 1.5437e-04, 5.7418e-05, 3.7444e-04, 4.5047e-04,
        4.1235e-05, 1.3920e-04, 4.6152e-04, 4.1829e-04, 7.0247e-05, 3.0641e-04,
        8.9817e-05, 2.3394e-04, 3.9644e-04, 5.2104e-04, 1.4755e-06, 3.2735e-04,
        2.5247e-07, 3.3803e-05, 1.1752e-04, 2.0950e-04, 4.9013e-04, 3.0257e-04,
        2.2388e-04, 7.5174e-04, 2.2085e-04, 3.0515e-05, 4.5678e-04, 1.9307e-04,
        1.4308e-04, 4.2224e-06, 3.2661e-04, 2.7112e-04, 2.9776e-04, 3.4291e-04,
        2.2143e-04, 6.5737e-05, 1.7919e-04, 3.1577e-04, 2.5864e-04, 4.7703e-04,
        2.5841e-04, 1.2620e-04, 1.2985e-04, 2.1861e-04, 2.3302e-04, 3.1940e-04,
        1.8199e-06, 1.9412e-04, 4.9214e-04, 4.2165e-05, 3.2595e-04],
       grad_fn=<CatBackward>)

mean_overall=tensor(0.0004, grad_fn=<MeanBackward0>)

-----------------------------------------------ITERATION430-----------------------------------------------

final_causality=[[1, 1, 1, 1, 1, 1, 1, 1, 1, 1, 1, 1, 1], [1, 1, 1, 1, 1, 1, 1, 1, 1, 1, 1, 1, 1, 1, 1, 1, 1, 1, 1, 1, 1, 1, 1, 1, 1, 1, 1, 1, 1, 1, 1, 1, 1, 1, 1, 1, 1, 1, 1, 1, 1, 1, 1, 1, 1, 1, 1, 1, 1, 1], [1, 1, 1, 1, 1, 1, 1, 1, 1, 1, 1, 1, 1, 1, 1, 1, 1, 1, 1, 1, 1, 1, 1, 1, 1, 1, 1, 1, 1, 1, 1, 1, 1, 1, 1, 1, 1, 1, 1, 1, 1, 1, 1, 1, 1, 1, 1, 1, 1, 1]]

means=tensor([1.1802e-03, 2.5147e-03, 2.2224e-03, 2.2085e-03, 1.4209e-03, 9.0638e-04,
        1.1099e-03, 9.7349e-04, 1.7186e-03, 1.5680e-03, 1.0611e-03, 6.3084e-04,
        1.2036e-03, 2.4992e-05, 3.3985e-04, 9.3282e-05, 3.0375e-04, 3.5680e-05,
        4.1814e-04, 8.0672e-04, 3.7514e-04, 1.0644e-03, 3.1277e-04, 1.1244e-04,
        5.1906e-06, 7.5425e-04, 3.0923e-04, 4.1004e-04, 3.9572e-05, 7.0200e-05,
        1.5974e-04, 4.5424e-04, 2.0212e-04, 3.3195e-04, 1.7160e-04, 6.9361e-04,
        2.0410e-04, 1.1712e-04, 1.6298e-04, 1.0737e-03, 6.4821e-04, 2.6748e-04,
        4.4370e-05, 2.5129e-04, 1.5880e-04, 4.6325e-04, 3.8511e-05, 2.7358e-04,
        6.7312e-04, 3.6770e-04, 1.9031e-04, 3.5783e-04, 3.9591e-04, 1.1826e-04,
        6.8545e-04, 2.6303e-04, 3.7403e-04, 1.1184e-06, 1.2601e-03, 1.9425e-05,
        4.3676e-05, 6.8527e-05, 1.6333e-04, 5.9097e-05, 3.8525e-04, 4.6141e-04,
        4.2551e-05, 1.4309e-04, 4.8077e-04, 4.3098e-04, 7.2362e-05, 3.1459e-04,
        9.3322e-05, 2.4125e-04, 4.0610e-04, 5.3517e-04, 2.0590e-06, 3.4058e-04,
        1.9232e-07, 3.6221e-05, 1.2140e-04, 2.1596e-04, 5.0633e-04, 3.1217e-04,
        2.3081e-04, 7.7091e-04, 2.2949e-04, 2.9921e-05, 4.7047e-04, 1.9918e-04,
        1.4778e-04, 4.4815e-06, 3.3564e-04, 2.7932e-04, 3.0873e-04, 3.5715e-04,
        2.3077e-04, 6.8739e-05, 1.8445e-04, 3.2721e-04, 2.6631e-04, 4.9314e-04,
        2.6768e-04, 1.3001e-04, 1.3425e-04, 2.2690e-04, 2.4255e-04, 3.3010e-04,
        1.8657e-06, 1.9921e-04, 5.0728e-04, 4.4173e-05, 3.3504e-04],
       grad_fn=<CatBackward>)

mean_overall=tensor(0.0004, grad_fn=<MeanBackward0>)

-----------------------------------------------ITERATION440-----------------------------------------------

final_causality=[[1, 1, 1, 1, 1, 1, 1, 1, 1, 1, 1, 1, 1], [1, 1, 1, 1, 1, 1, 1, 1, 1, 1, 1, 1, 1, 1, 1, 1, 1, 1, 1, 1, 1, 1, 1, 1, 1, 1, 1, 1, 1, 1, 1, 1, 1, 1, 1, 1, 1, 1, 1, 1, 1, 1, 1, 1, 1, 1, 1, 1, 1, 1], [1, 1, 1, 1, 1, 1, 1, 1, 1, 1, 1, 1, 1, 1, 1, 1, 1, 1, 1, 1, 1, 1, 1, 1, 1, 1, 1, 1, 1, 1, 1, 1, 1, 1, 1, 1, 1, 1, 1, 1, 1, 1, 1, 1, 1, 1, 1, 1, 1, 1]]

means=tensor([1.2237e-03, 2.5937e-03, 2.3012e-03, 2.2715e-03, 1.4872e-03, 9.3601e-04,
        1.1681e-03, 1.0039e-03, 1.7811e-03, 1.6254e-03, 1.1092e-03, 6.5055e-04,
        1.2636e-03, 2.6025e-05, 3.4801e-04, 9.8827e-05, 3.1481e-04, 3.6848e-05,
        4.3127e-04, 8.2349e-04, 3.8932e-04, 1.0976e-03, 3.2336e-04, 1.1624e-04,
        5.9707e-06, 7.9186e-04, 3.1753e-04, 4.2817e-04, 4.1012e-05, 7.2528e-05,
        1.6407e-04, 4.7128e-04, 2.1379e-04, 3.3888e-04, 1.7728e-04, 7.1699e-04,
        2.1146e-04, 1.2206e-04, 1.7069e-04, 1.1152e-03, 6.7056e-04, 2.7648e-04,
        4.6314e-05, 2.5749e-04, 1.6537e-04, 4.7974e-04, 3.9147e-05, 2.8616e-04,
        7.0751e-04, 3.8968e-04, 1.9907e-04, 3.7079e-04, 4.0710e-04, 1.2566e-04,
        7.0905e-04, 2.6849e-04, 3.9168e-04, 8.9447e-07, 1.3152e-03, 2.0498e-05,
        4.3335e-05, 6.9658e-05, 1.7286e-04, 6.0822e-05, 3.9602e-04, 4.7228e-04,
        4.3896e-05, 1.4697e-04, 5.0012e-04, 4.4376e-04, 7.4468e-05, 3.2281e-04,
        9.6925e-05, 2.4858e-04, 4.1576e-04, 5.4930e-04, 2.6672e-06, 3.5379e-04,
        1.3275e-07, 3.8697e-05, 1.2534e-04, 2.2247e-04, 5.2253e-04, 3.2183e-04,
        2.3776e-04, 7.8994e-04, 2.3832e-04, 2.9710e-05, 4.8418e-04, 2.0529e-04,
        1.5247e-04, 4.7481e-06, 3.4521e-04, 2.8757e-04, 3.1975e-04, 3.7148e-04,
        2.4016e-04, 7.1780e-05, 1.8975e-04, 3.3882e-04, 2.7395e-04, 5.0922e-04,
        2.7744e-04, 1.3380e-04, 1.3867e-04, 2.3522e-04, 2.5211e-04, 3.4075e-04,
        1.9126e-06, 2.0431e-04, 5.2237e-04, 4.6222e-05, 3.4411e-04],
       grad_fn=<CatBackward>)

mean_overall=tensor(0.0004, grad_fn=<MeanBackward0>)

