loss_training=[0.06473278618935385, 0.0638271406794286, 0.06336059704519173, 0.06278956268125226, 0.062176598478385504, 0.061476712895887416, 0.060650160313976194, 0.05965819124780332, 0.05845770685605553, 0.05700158816201101, 0.055240459121402595, 0.05312679503856216, 0.05062226592863705, 0.04770906534381737, 0.04440315389483373, 0.04076484757859282, 0.0369047177632841, 0.03298968268543565, 0.029236708064051684, 0.02587304637468857, 0.023069573848743814, 0.02088733180755166, 0.01927957286795826, 0.018130943628599537, 0.017302425743952587, 0.016673698752062937, 0.016164477106507976, 0.0157323364079636, 0.01535568288438206, 0.015023230729224927, 0.014727557225028536, 0.014462948927701844, 0.014224842069244164, 0.014009719956435412, 0.013814637208572754, 0.01363655377384924, 0.013473907963665526, 0.013324328566203332, 0.013186389079052719, 0.013058656177835377, 0.012940796935006264, 0.012830569546250812, 0.012727573507039642, 0.012631198995493143, 0.012540897481224349]

test_loss_training=[0.07209210903785544, 0.07123776863205132, 0.07231076350652972, 0.0707204983024701, 0.06884067303600251, 0.06729172361499265, 0.0658274707722802, 0.06423139280099073, 0.06238913685964342, 0.06023775004403491, 0.05775542696534668, 0.05495193177207216, 0.05180945793124523, 0.048300280419922646, 0.04457047445798798, 0.04084531058683169, 0.037442565312218096, 0.034632932762206706, 0.03260870678846638, 0.03150413355964956, 0.031382545710547424, 0.03215189541744141, 0.033514751017916435, 0.03506651867102093, 0.03646026231341844, 0.037518203769779275, 0.03834988780615687, 0.038972527926963534, 0.039507315976703594, 0.04003313565816455, 0.040580511457814814, 0.041179464244971854, 0.041817278902409626, 0.042465676446759, 0.04328535475032445, 0.04400408470651837, 0.04473717024738925, 0.045539506528677075, 0.046314364915815524, 0.04711895517874742, 0.047830133450344245, 0.04879121932982827, 0.04958622246226282, 0.05034744128103729, 0.05107684856203955]

loss_control_training_MSE=[0.06415776934137694, 0.06375652270409451, 0.06329471462443137, 0.06273767207923293, 0.06211299972294157, 0.06140046494874305, 0.06055911431522716, 0.059548347869999255, 0.0583244460129483, 0.056840012046626136, 0.055045690624338624, 0.0528944293681213, 0.050349381190560774, 0.04739552279748228, 0.04405286759506181, 0.040386523509674976, 0.03651242631476321, 0.032603230314938475, 0.028879324080289138, 0.025565527897228036, 0.022823426244919284, 0.020702215375682093, 0.019146308498742517, 0.01803594044470553, 0.01723220392419746, 0.016618110396795206, 0.0161183177542353, 0.015692432562314788, 0.015320593901125182, 0.014992117513364902, 0.014699780306804069, 0.014438012511998605, 0.014202340376800413, 0.01398944445140673, 0.013796159398912367, 0.013619674346674906, 0.013458369894820512, 0.013310028994403353, 0.013173174817166877, 0.013046401530186262, 0.012929835896679858, 0.012819540219579142, 0.012717625631130857, 0.012621968400116207, 0.012532139622216998]

variances=[1.783681156752156e-09, 1.7450736014819327e-09, 2.3463571400634665e-09, 3.798210425571562e-09, 6.456873192658454e-09, 1.1028404972363943e-08, 1.8501790140616845e-08, 3.04416165031115e-08, 4.9016790609736344e-08, 7.814097819529943e-08, 1.2340028882060014e-07, 1.9370128488373144e-07, 3.019828482058862e-07, 4.666356958151998e-07, 7.120914089039087e-07, 1.0677259440007658e-06, 1.5676895166964274e-06, 2.246815787590214e-06, 3.1317598200440874e-06, 4.223946961029721e-06, 5.483811343809486e-06, 6.796748136871537e-06, 8.080321118925371e-06, 9.242586624057928e-06, 1.0213882829127973e-05, 1.0968941868017528e-05, 1.1528374439019164e-05, 1.193694928743008e-05, 1.2245938457801213e-05, 1.249737116973576e-05, 1.2718995331335322e-05, 1.292525515831421e-05, 1.3121121271193696e-05, 1.3306910058692202e-05, 1.3485631628482272e-05, 1.3651983162709282e-05, 1.380549519728572e-05, 1.3947109846918039e-05, 1.406534415896167e-05, 1.4159821356877456e-05, 1.4245923008737766e-05, 1.4329772048739709e-05, 1.4406115194450518e-05, 1.4475528156959463e-05, 1.4538499736966829e-05]

ACE_values=[4.6312107457834345e-05, 4.5761606526019294e-05, 4.749158322320331e-05, 5.273356449013653e-05, 6.143101369902735e-05, 7.295113622130862e-05, 8.80093814976641e-05, 0.00010754311899129102, 0.00013354131674404084, 0.00016657717048190033, 0.0002089854402598667, 0.0002621294430461633, 0.00032782513895831747, 0.00040809611869768996, 0.0005041694928886682, 0.000616175295746029, 0.0007422336999027776, 0.0008801110171486891, 0.0010260555293456924, 0.001174403634135193, 0.0013172592623367833, 0.0014582286028627742, 0.0015815562904388288, 0.0016813023303918718, 0.0017566157059141054, 0.0018096591659076534, 0.0018449829864528222, 0.0018673648946047092, 0.0018815533276940251, 0.0018911311483513023, 0.0018982984177263887, 0.0019042851076667081, 0.0019095357116492135, 0.001914155357316944, 0.0019183961950832698, 0.0019219226170857022, 0.0019247924583355829, 0.0019271088227598373, 0.0019321184324575678, 0.001940539016149105, 0.0019482971886213252, 0.0019558958030837332, 0.0019629647937607826, 0.0019696011392358144, 0.0019758817067318498]

-------------------------------CAUSAL NEURAL NET-------------------------------

loss_test_causal=tensor(0.0518, grad_fn=<MseLossBackward>)

