loss_training=[0.5009344795974466, 0.5112407712264371, 0.5211836048445244, 0.5311777985610143, 0.5403938334578646, 0.5475273896743461, 0.5521941772916272, 0.5550022801018494, 0.5567666469870108, 0.5577086747829467, 0.5578231171412662, 0.5572520736984232, 0.5562601460640955, 0.5550191418690277, 0.5535756471997711, 0.5519427418687435, 0.5501403068819851, 0.5481834077972588, 0.5460829965916699, 0.5438522624791103, 0.5415023931931394, 0.5390425506865714, 0.5364840514684343, 0.5338410893031351, 0.5311289356641575, 0.5283638065796304, 0.5255630491329151, 0.5227444613465327, 0.5199255920288162, 0.5171232769414575, 0.5143532152258595, 0.511629683493793, 0.5089653728690798, 0.506371279610438, 0.5038566763759833, 0.5014291510970333, 0.49909468378295324, 0.49685775823950606, 0.494721495668558, 0.4926877942072349, 0.49075746917887314, 0.4889303900410653, 0.4872056105836837, 0.48558149064161277, 0.4840558080540302]

test_loss_training=[0.05289869342401261, 0.055656837197870686, 0.05840331220444211, 0.06120830564347248, 0.06381173944615035, 0.06581329688993585, 0.06710603619202664, 0.06787330688747313, 0.06834603911993445, 0.06857121108059945, 0.06854860414446079, 0.06832773321395769, 0.06798994777415786, 0.06758346615813077, 0.06712051214817948, 0.06660549256394631, 0.06604478022126807, 0.06544297320196596, 0.06480370795103044, 0.0641312545727108, 0.06342915510219387, 0.06270046635248437, 0.06194894783537204, 0.06117910719767957, 0.06039566915727241, 0.059603560332685546, 0.05880791927290757, 0.058013872416939685, 0.05722633772782582, 0.05644989642954706, 0.055688683935729066, 0.05494632741997108, 0.05422591880404236, 0.05353000507864973, 0.05286060240118486, 0.052219227358896884, 0.051606937089341984, 0.0510243768506899, 0.05047183066011097, 0.04994927084798864, 0.04945640528482442, 0.04899272130155845, 0.048557525645008426, 0.048149980268915066, 0.04776913391043353]

loss_control_training_MSE=[0.5019635602720526, 0.5122153840081382, 0.5221935345443875, 0.532156093570347, 0.541217590569954, 0.5481005363769198, 0.5525452657879676, 0.5552161658348472, 0.5568984958451965, 0.5577565991291793, 0.5577928000948983, 0.5571677243109141, 0.5561457532080258, 0.554883705300941, 0.5534205815388521, 0.5517697969963042, 0.5499513938897977, 0.547979622689656, 0.5458655693710918, 0.5436224838099306, 0.5412611998110832, 0.5387909222474048, 0.5362233087917536, 0.5335727293423771, 0.5308545282150394, 0.5280850410100024, 0.5252816995868003, 0.5224623022078974, 0.5196443464061771, 0.5168445720159689, 0.514078545923474, 0.5113603925180024, 0.5087026373067696, 0.5061161040299104, 0.5036098943821818, 0.5011914314684631, 0.4988665401256225, 0.4966395617061597, 0.4945134887925404, 0.49249010494640194, 0.4905701248349321, 0.48875333061819204, 0.4870387013669223, 0.48542453384466616, 0.483908553462561]

variances=[5.0814476667746e-09, 3.833724265475715e-09, 2.87942422800804e-09, 2.1614587442270127e-09, 1.6232669571464232e-09, 1.216948318320015e-09, 9.10108960835823e-10, 6.810774698450131e-10, 5.092117692313299e-10, 3.799263797861951e-10, 2.829845741211623e-10, 2.1003216579929884e-10, 1.5505736331225847e-10, 1.1398083347400165e-10, 8.350237544308698e-11, 6.061360346475063e-11, 4.38182656209658e-11, 3.15740280613901e-11, 2.2657871384346032e-11, 1.6213067776417286e-11, 1.1569931850508567e-11, 8.219932920352165e-12, 5.816719730016769e-12, 4.095397847098408e-12, 2.8787447573888613e-12, 2.0225652369867966e-12, 1.4184504625790724e-12, 9.933291591837664e-13, 6.954826435054197e-13, 4.876685341935677e-13, 3.413274323296872e-13, 2.394389655341371e-13, 1.6819828863159446e-13, 1.187720156500458e-13, 8.423660095595934e-14, 6.006432627720832e-14, 4.3008775499286435e-14, 3.0998124675525723e-14, 2.230473175298206e-14, 1.6057396665428352e-14, 1.1662104699641074e-14, 8.562125112027213e-15, 6.319916096457954e-15, 4.709266722783338e-15, 3.537665160764913e-15]

ACE_values=[8.123932369560023e-05, 7.031069923087396e-05, 6.0563957232010185e-05, 5.2043931286449524e-05, 4.462628172293129e-05, 3.814451112214219e-05, 3.2520782695261475e-05, 2.7684777618611136e-05, 2.3564995364726612e-05, 2.0041332273595946e-05, 1.7026955730492166e-05, 1.4457125139529929e-05, 1.2274506866187099e-05, 1.0408589910204485e-05, 8.812227433992857e-06, 7.474558382994771e-06, 6.335997882787598e-06, 5.363846807702247e-06, 4.537778005554532e-06, 3.834883253857962e-06, 3.2367004512676572e-06, 2.7314800970667387e-06, 2.30445998169548e-06, 1.945600596429523e-06, 1.640696793606982e-06, 1.3814846842972734e-06, 1.1626991930994157e-06, 9.78586231144065e-07, 8.236809640224786e-07, 6.930829289112677e-07, 5.843277168665568e-07, 4.929143547005282e-07, 4.165409004843195e-07, 3.5226924052704366e-07, 2.9848052977290663e-07, 2.5341258194619825e-07, 2.1583042318996434e-07, 1.8428620851527052e-07, 1.583308288339484e-07, 1.367387113326551e-07, 1.182507886489762e-07, 1.022966881343408e-07, 8.868599928353925e-08, 7.689031456546813e-08, 6.666762255374169e-08]

-------------------------------CAUSAL NEURAL NET-------------------------------

loss_test_causal=tensor(0.0474, grad_fn=<MseLossBackward>)

