loss_training=[0.035709406482273755, 0.011153153668272622, 0.010510113091015273, 0.010446855709196083, 0.009811020568479741, 0.009773292567832272, 0.00973442199466895, 0.009666324000084778, 0.009609553335836015, 0.009557377529590856, 0.009503512354097006, 0.00944682561362887, 0.00938725471328198, 0.009324647864933562, 0.009258729988977957, 0.009189166277522491, 0.00911557292809049, 0.009037524445110953, 0.008954553636998616, 0.008866159746487306, 0.00877180914393215, 0.008670944674612577, 0.00856299295617507, 0.00844737451639617, 0.008323516376594462, 0.008190867252394934, 0.008048915126303246, 0.007897206445442395, 0.007735369336287716, 0.00756314008476164, 0.007380390198629925, 0.007187155754309403, 0.006983667927424736, 0.006770380600606114, 0.006547996704940951, 0.006317488693877699, 0.006080111812619841, 0.005837405809994183, 0.00559118442820845, 0.0053435063918043915, 0.0050966283282880215, 0.00485293786594563, 0.004614867745691957, 0.004384791501183786, 0.0041649100423241225]

test_loss_training=[0.1317859333675946, 0.05698057808898218, 0.06380792108441574, 0.07722750435711302, 0.06640360882138581, 0.06759420692976408, 0.0699133138121786, 0.0671550977966613, 0.06829308868469591, 0.06757096174649409, 0.0673376086406551, 0.06718481337420654, 0.06676929556294797, 0.06656786883031902, 0.06618453820758907, 0.06589071785072347, 0.06551004075425117, 0.06514668466708094, 0.0647343378190231, 0.06430775054241634, 0.06384224568945933, 0.06334697044085666, 0.06281231397102524, 0.06223828440063969, 0.06162061745733678, 0.060956658116171375, 0.060243970180711225, 0.05947993438797726, 0.05866296380496483, 0.05779157999404873, 0.05686522090628968, 0.05588401794741949, 0.05484901195116188, 0.0537622967464283, 0.05262707115856206, 0.05144776616712678, 0.050230096119724246, 0.04898108319960175, 0.04770904391479309, 0.046423510317837834, 0.04513508558161107, 0.04385522378248608, 0.04259592704344606, 0.04136936376591966, 0.0401874207699047]

loss_control_training_MSE=[0.028785088050057618, 0.011903504255072837, 0.010163731562718614, 0.010411351509922073, 0.009841052649620928, 0.009752253395604808, 0.009723251539680733, 0.009662778586726794, 0.009605614290187333, 0.009552424734558536, 0.009498151996446335, 0.009441238454042083, 0.009381420816359868, 0.009318523899278888, 0.009252277203473411, 0.009182347760730673, 0.00910834937480007, 0.00902985352168117, 0.008946390165263711, 0.00885745465569651, 0.008762511124520714, 0.008661000507512468, 0.008552348618777064, 0.008435976569228253, 0.008311313188795936, 0.008177810753636647, 0.008034962109806608, 0.007882321240226562, 0.00771952657578531, 0.007546326856743897, 0.00736260916924339, 0.007168428333044041, 0.0069640365813216165, 0.006749912026464436, 0.006526784028915151, 0.0062956531975963004, 0.006057803369309563, 0.0058148026139732715, 0.005568490204490548, 0.0053209467042342395, 0.005074444923632906, 0.004831380727583664, 0.004594184527508733, 0.004365216761690671, 0.004146653573641072]

variances=[8.34053846360005e-10, 8.17841558146148e-10, 7.871623373628756e-10, 7.563039926790823e-10, 7.44129935836435e-10, 7.323492546424101e-10, 7.353443623416821e-10, 7.404947149722006e-10, 7.729500868948919e-10, 8.412352977646441e-10, 9.517649067799385e-10, 1.1085503632713964e-09, 1.321835944148917e-09, 1.582215511042716e-09, 1.9119520815826376e-09, 2.3192238828234715e-09, 2.819612371106565e-09, 3.425586554483819e-09, 4.155305624133891e-09, 5.033356073376421e-09, 6.083202953745486e-09, 7.336714138625839e-09, 8.833140531919979e-09, 1.0611276553980988e-08, 1.272540591183937e-08, 1.523438648484466e-08, 1.8215202157655522e-08, 2.1751551251565167e-08, 2.593761006741019e-08, 3.08852404952748e-08, 3.671926579409548e-08, 4.357789936036104e-08, 5.1620505285728467e-08, 6.101624043175886e-08, 7.19486174006166e-08, 8.460364932612132e-08, 9.918052430324469e-08, 1.1586298943735322e-07, 1.3484300314541864e-07, 1.5628315092654672e-07, 1.8030501538490178e-07, 2.0697641334468344e-07, 2.3633060679645227e-07, 2.6831386851223423e-07, 3.0277898228221584e-07]

ACE_values=[2.85376261644527e-05, 2.846313072933808e-05, 2.791344573669815e-05, 2.7115337591799032e-05, 2.6695788430164205e-05, 2.6330977725296176e-05, 2.6044646870403498e-05, 2.646189193739144e-05, 2.6882791137276094e-05, 2.7508278291615495e-05, 2.8241308922330824e-05, 2.913215612009183e-05, 3.019971117814408e-05, 3.161986681324796e-05, 3.325914043595277e-05, 3.5093805771600184e-05, 3.712830660660769e-05, 3.9416181979710635e-05, 4.2053049562409344e-05, 4.4977520935778414e-05, 4.8248423089448184e-05, 5.1870789982988886e-05, 5.5871727015757194e-05, 6.030792007507007e-05, 6.521240789150311e-05, 7.063640595607336e-05, 7.657191524789906e-05, 8.306122805493512e-05, 9.017768929824708e-05, 9.79405748892735e-05, 0.00010639359686470746, 0.00011559954455565638, 0.0001255586519789667, 0.00013631415731817247, 0.00014789569433470493, 0.00016033695861116204, 0.00017363978200999808, 0.00018782707006890942, 0.00020284456680789016, 0.00021865107181932348, 0.0002352204732631888, 0.0002525139869783343, 0.0002704009860731121, 0.000288776183963709, 0.00030753062327748917]

-------------------------------CAUSAL NEURAL NET-------------------------------

loss_test_causal=tensor(0.0392, grad_fn=<MseLossBackward>)

