loss_training=[0.06327207322788442, 0.011945759442077925, 0.015718913680542488, 0.011973836222674823, 0.012367730698217607, 0.01198722048652892, 0.011923464500507044, 0.011921413688893191, 0.011888350080081609, 0.011875419873720434, 0.011864070699466862, 0.01185092763357902, 0.011837763642081554, 0.011824409374827649, 0.011810599424052114, 0.011796322752931307, 0.011781598098445168, 0.01176642662681846, 0.011750801921113808, 0.011734715594112335, 0.011718156945683093, 0.01170111223273183, 0.011683564856393285, 0.01166549527992108, 0.011646881257675008, 0.011627697852250863, 0.01160791755265768, 0.011587510325192962, 0.011566443691330166, 0.01154468278925565, 0.011522190442660403, 0.011498927229017247, 0.01147485155394194, 0.011449919731934736, 0.01142408607713004, 0.011397303006054935, 0.011369521155846204, 0.01134068952045367, 0.011310755608325809, 0.011279665624339796, 0.011247364679306336, 0.011213797029794836, 0.011178906351194735, 0.011142636046418549, 0.011104929592455057]

test_loss_training=[0.24419723069184174, 0.09514766702555898, 0.07744330862138767, 0.10886278955386942, 0.11211006521201368, 0.09769533825229919, 0.10119823574005435, 0.10463074491609922, 0.1012235925874269, 0.10186699856393341, 0.10234671348069456, 0.10147419103080059, 0.10170493745548823, 0.10148410941083892, 0.10126258584102658, 0.1011859722608352, 0.1009616138176049, 0.10082057519667283, 0.10063451721953913, 0.10045501341678646, 0.10027160727439036, 0.10007793159968643, 0.099883773778956, 0.09968028685439657, 0.09947336114944315, 0.09925881226540023, 0.09903869398713863, 0.09881131943940272, 0.09857710545559029, 0.09833523409859381, 0.0980855430895665, 0.09782745380997344, 0.09756058862019501, 0.09728441055517396, 0.09699844045587035, 0.09670212650893079, 0.09639492704726103, 0.0960762620062503, 0.09574554603182946, 0.09540217235698029, 0.09504552667110479, 0.09467498458059913, 0.09428991868793182, 0.09388970183761529, 0.09347371277011604]

loss_control_training_MSE=[0.05262804765335883, 0.012199723609639938, 0.015179659779997601, 0.012075646934621846, 0.012258347536937622, 0.012011629829272969, 0.011911885232908035, 0.01191739566029245, 0.011888662297428815, 0.011873831679365131, 0.011862589286171525, 0.01184969692578882, 0.011836470765865317, 0.011823041169622548, 0.011809187553958801, 0.011794870304771141, 0.01178010169914864, 0.011764884880870068, 0.011749214226163304, 0.01173308117095855, 0.011716474587883996, 0.011699380412024703, 0.011681781743171821, 0.011663658768355241, 0.011644988973544459, 0.011625747158483768, 0.011605905558714824, 0.011585433891801746, 0.011564299438726304, 0.011542467102674805, 0.011519899479870028, 0.01149655692696585, 0.011472397636816128, 0.011447377719543309, 0.011421451294715923, 0.011394570595297849, 0.01136668608766692, 0.01133774660974019, 0.011307699530996883, 0.011276490936999268, 0.011244065841815467, 0.011210368431039517, 0.011175342338312159, 0.01113893095771886, 0.011101077794224597]

variances=[9.243459639338521e-10, 1.029872068354384e-09, 1.0731065372769522e-09, 1.0005429859641145e-09, 1.0034438979980877e-09, 1.043334582701806e-09, 1.0582854794019844e-09, 1.0834840271884588e-09, 1.1273843574309593e-09, 1.1765114673666782e-09, 1.2383376052322157e-09, 1.3141098692873148e-09, 1.4026459108504024e-09, 1.5058347418886537e-09, 1.6254326450665272e-09, 1.7624248994583596e-09, 1.9189870179370047e-09, 2.0892073012587563e-09, 2.280711229494912e-09, 2.488893783349849e-09, 2.7212468018376066e-09, 2.9795496046064067e-09, 3.266020621785075e-09, 3.582851546934721e-09, 3.933005257776661e-09, 4.3183050221723635e-09, 4.7418013714423445e-09, 5.196920223724148e-09, 5.695845165910289e-09, 6.242582704325453e-09, 6.841416079412372e-09, 7.496921748559213e-09, 8.214355059852318e-09, 8.99989374864561e-09, 9.859076964844479e-09, 1.0799241850232656e-08, 1.1827066065577696e-08, 1.2951731774217147e-08, 1.4182533304202399e-08, 1.552897639822917e-08, 1.7002368929347375e-08, 1.8614663895362397e-08, 2.037930032816062e-08, 2.2310002559330838e-08, 2.4422397859719618e-08]

ACE_values=[4.286423341355901e-05, 4.184609464530659e-05, 4.1957372533721954e-05, 4.2038631560522067e-05, 4.2191314165073185e-05, 4.2295194329729264e-05, 4.2491557230498184e-05, 4.270834126575725e-05, 4.2931545455734155e-05, 4.3183867016432576e-05, 4.3464496587172014e-05, 4.3788297295789374e-05, 4.4136512991710985e-05, 4.4516143269338476e-05, 4.4925223198064985e-05, 4.535641835910899e-05, 4.585087666082425e-05, 4.641237189437429e-05, 4.701018257815538e-05, 4.769616412917875e-05, 4.841421950189853e-05, 4.916652773515616e-05, 4.995563801343854e-05, 5.078328648108533e-05, 5.1672474498207343e-05, 5.260805920465245e-05, 5.359753435590797e-05, 5.471401348770501e-05, 5.589169438363775e-05, 5.713063404054094e-05, 5.843335292509826e-05, 5.980509236820383e-05, 6.124301795585918e-05, 6.275648811128329e-05, 6.434507305835148e-05, 6.601283581405072e-05, 6.77695939652258e-05, 6.961782665751574e-05, 7.15613149422964e-05, 7.360214701669213e-05, 7.575698729350514e-05, 7.802174741996284e-05, 8.040169566781107e-05, 8.29002023402174e-05, 8.552148415832224e-05]

-------------------------------CAUSAL NEURAL NET-------------------------------

loss_test_causal=tensor(0.0931, grad_fn=<MseLossBackward>)

