-----------------------------------------------ITERATION0-----------------------------------------------

final_causality=[[1, 1, 1, 1, 1, 1, 1, 1, 1, 1, 1, 1, 1], [1, 1, 1, 1, 1, 1, 1, 1, 1, 1, 1, 1, 1, 1, 1, 1, 1, 1, 1, 1, 1, 1, 1, 1, 1, 1, 1, 1, 1, 1, 1, 1, 1, 1, 1, 1, 1, 1, 1, 1, 1, 1, 1, 1, 1, 1, 1, 1, 1, 1], [1, 1, 1, 1, 1, 1, 1, 1, 1, 1, 1, 1, 1, 1, 1, 1, 1, 1, 1, 1, 1, 1, 1, 1, 1, 1, 1, 1, 1, 1, 1, 1, 1, 1, 1, 1, 1, 1, 1, 1, 1, 1, 1, 1, 1, 1, 1, 1, 1, 1]]

means=tensor([5.6642e-06, 7.7112e-05, 4.1598e-05, 3.8895e-05, 1.7556e-04, 9.7989e-05,
        2.6070e-04, 1.2294e-04, 2.4856e-05, 1.2022e-04, 9.5517e-05, 1.6471e-05,
        5.0854e-05, 1.2146e-04, 7.9099e-05, 8.3763e-05, 9.9452e-05, 1.1483e-04,
        3.5256e-05, 2.4769e-05, 8.1029e-05, 3.1555e-05, 7.8315e-05, 5.1079e-05,
        5.7406e-05, 1.2241e-04, 2.0512e-05, 2.7498e-05, 1.1470e-04, 1.4476e-04,
        3.8261e-05, 6.6328e-05, 1.2071e-04, 2.1276e-04, 9.5316e-06, 4.7669e-05,
        1.4451e-04, 6.6453e-06, 7.5859e-05, 7.6435e-05, 1.3583e-05, 1.4931e-04,
        2.3876e-05, 3.9223e-05, 6.6737e-05, 1.6097e-04, 1.5564e-04, 5.6907e-05,
        1.3036e-04, 8.0901e-06, 5.0778e-05, 9.5396e-06, 1.0540e-05, 4.6183e-05,
        4.8470e-05, 1.1650e-04, 1.7488e-04, 1.5364e-05, 1.2704e-04, 1.1293e-06,
        2.3302e-05, 1.4580e-04, 8.1528e-05, 1.2662e-04, 9.2309e-05, 9.3397e-05,
        2.0610e-04, 7.9740e-05, 1.3738e-05, 1.0507e-04, 6.2844e-05, 1.4593e-04,
        6.6753e-05, 1.1132e-05, 6.4634e-05, 6.2106e-05, 7.2056e-05, 1.8094e-05,
        7.2696e-05, 1.3618e-04, 2.5851e-05, 2.9158e-05, 2.2735e-05, 1.2528e-04,
        2.3224e-05, 5.9504e-05, 1.0257e-04, 5.9718e-06, 4.3490e-05, 1.1013e-04,
        1.3436e-05, 5.4875e-05, 1.1860e-05, 9.5445e-05, 9.0936e-05, 1.3491e-04,
        8.9589e-05, 1.3379e-04, 1.0813e-05, 4.7789e-05, 7.7567e-05, 2.2669e-05,
        1.9253e-04, 1.6555e-04, 1.1837e-04, 8.8839e-05, 7.3624e-05, 1.5432e-04,
        8.4427e-05, 6.7970e-05, 1.4542e-04, 4.1812e-05, 5.2884e-05],
       grad_fn=<CatBackward>)

mean_overall=tensor(7.8031e-05, grad_fn=<MeanBackward0>)

-----------------------------------------------ITERATION10-----------------------------------------------

final_causality=[[1, 1, 1, 1, 1, 1, 1, 1, 1, 1, 1, 1, 1], [1, 1, 1, 1, 1, 1, 1, 1, 1, 1, 1, 1, 1, 1, 1, 1, 1, 1, 1, 1, 1, 1, 1, 1, 1, 1, 1, 1, 1, 1, 1, 1, 1, 1, 1, 1, 1, 1, 1, 1, 1, 1, 1, 1, 1, 1, 1, 1, 1, 1], [1, 1, 1, 1, 1, 1, 1, 1, 1, 1, 1, 1, 1, 1, 1, 1, 1, 1, 1, 1, 1, 1, 1, 1, 1, 1, 1, 1, 1, 1, 1, 1, 1, 1, 1, 1, 1, 1, 1, 1, 1, 1, 1, 1, 1, 1, 1, 1, 1, 1]]

means=tensor([5.0171e-06, 7.1305e-05, 3.1758e-05, 2.2555e-05, 1.5800e-04, 8.7393e-05,
        2.1995e-04, 9.8058e-05, 1.9217e-05, 1.0996e-04, 8.3927e-05, 1.4487e-05,
        4.4791e-05, 1.0840e-04, 7.0289e-05, 7.2836e-05, 9.7724e-05, 9.9906e-05,
        3.2386e-05, 2.2733e-05, 7.1499e-05, 2.8318e-05, 7.1131e-05, 4.3660e-05,
        4.9991e-05, 1.0370e-04, 1.8169e-05, 2.0470e-05, 1.0011e-04, 1.2845e-04,
        3.9931e-05, 5.9008e-05, 1.0016e-04, 1.8229e-04, 7.7206e-06, 3.8054e-05,
        1.2754e-04, 4.3528e-06, 6.6911e-05, 7.1232e-05, 1.2305e-05, 1.3856e-04,
        2.2540e-05, 3.2616e-05, 6.0329e-05, 1.4199e-04, 1.2850e-04, 5.5599e-05,
        1.1833e-04, 1.8838e-06, 4.7317e-05, 1.1090e-05, 8.7827e-06, 3.8753e-05,
        4.4377e-05, 1.0110e-04, 1.4633e-04, 1.3790e-05, 1.0825e-04, 2.5837e-06,
        2.2284e-05, 1.2589e-04, 7.1700e-05, 1.1427e-04, 7.9635e-05, 8.3564e-05,
        1.8278e-04, 7.0612e-05, 8.4289e-06, 9.0275e-05, 5.6375e-05, 1.2997e-04,
        6.2325e-05, 8.3303e-06, 6.1181e-05, 5.3467e-05, 5.8774e-05, 1.3190e-05,
        6.0939e-05, 1.1789e-04, 2.0522e-05, 2.1663e-05, 1.8305e-05, 1.1255e-04,
        1.8968e-05, 5.2345e-05, 9.4409e-05, 4.7076e-07, 3.6708e-05, 9.8458e-05,
        8.9099e-06, 4.5192e-05, 7.5572e-06, 8.4113e-05, 7.9794e-05, 1.2151e-04,
        7.5413e-05, 1.1797e-04, 8.7657e-06, 3.7224e-05, 6.6578e-05, 1.7517e-05,
        1.6949e-04, 1.4796e-04, 1.0345e-04, 7.4817e-05, 6.3668e-05, 1.3868e-04,
        7.3773e-05, 6.1638e-05, 1.3002e-04, 3.6826e-05, 4.8692e-05],
       grad_fn=<CatBackward>)

mean_overall=tensor(6.8179e-05, grad_fn=<MeanBackward0>)

-----------------------------------------------ITERATION20-----------------------------------------------

final_causality=[[1, 1, 1, 1, 1, 1, 1, 1, 1, 1, 1, 1, 1], [1, 1, 1, 1, 1, 1, 1, 1, 1, 1, 1, 1, 1, 1, 1, 1, 1, 1, 1, 1, 1, 1, 1, 1, 1, 1, 1, 1, 1, 1, 1, 1, 1, 1, 1, 1, 1, 1, 1, 1, 1, 1, 1, 1, 1, 1, 1, 1, 1, 1], [1, 1, 1, 1, 1, 1, 1, 1, 1, 1, 1, 1, 1, 1, 1, 1, 1, 1, 1, 1, 1, 1, 1, 1, 1, 1, 1, 1, 1, 1, 1, 1, 1, 1, 1, 1, 1, 1, 1, 1, 1, 1, 1, 1, 1, 1, 1, 1, 1, 1]]

means=tensor([4.6827e-06, 6.4026e-05, 2.4598e-05, 2.9076e-06, 1.4059e-04, 7.6715e-05,
        1.8744e-04, 7.5741e-05, 1.3851e-05, 9.8627e-05, 7.2463e-05, 1.2661e-05,
        3.9707e-05, 9.5834e-05, 6.2800e-05, 6.3703e-05, 9.4433e-05, 8.5378e-05,
        2.9345e-05, 2.0513e-05, 6.2931e-05, 2.5588e-05, 6.4044e-05, 3.7113e-05,
        4.3224e-05, 8.5867e-05, 1.6233e-05, 1.3220e-05, 8.6260e-05, 1.1650e-04,
        3.9847e-05, 5.2490e-05, 8.3558e-05, 1.5307e-04, 6.7739e-06, 2.9807e-05,
        1.1158e-04, 2.8972e-06, 5.8404e-05, 6.5742e-05, 1.0942e-05, 1.2627e-04,
        2.0063e-05, 2.7428e-05, 5.6167e-05, 1.2463e-04, 1.0514e-04, 5.2691e-05,
        1.0773e-04, 3.2975e-06, 4.3285e-05, 1.2629e-05, 7.6992e-06, 3.2095e-05,
        4.0136e-05, 8.7490e-05, 1.2061e-04, 1.2420e-05, 9.1416e-05, 3.9183e-06,
        2.0499e-05, 1.0834e-04, 6.4421e-05, 1.0169e-04, 6.7207e-05, 7.4864e-05,
        1.6097e-04, 6.1646e-05, 5.5311e-06, 7.7816e-05, 5.0116e-05, 1.1454e-04,
        5.7703e-05, 5.7987e-06, 5.6790e-05, 4.5080e-05, 4.8283e-05, 8.9619e-06,
        5.0448e-05, 1.0113e-04, 1.5723e-05, 1.5220e-05, 1.4609e-05, 1.0118e-04,
        1.5160e-05, 4.6294e-05, 8.6574e-05, 5.2783e-06, 3.0261e-05, 8.8405e-05,
        5.7729e-06, 3.6643e-05, 3.9977e-06, 7.3641e-05, 6.9625e-05, 1.1083e-04,
        6.2697e-05, 1.0358e-04, 6.8688e-06, 2.8358e-05, 5.6627e-05, 1.3098e-05,
        1.4853e-04, 1.3176e-04, 9.0014e-05, 6.2953e-05, 5.4461e-05, 1.2387e-04,
        6.4212e-05, 5.5390e-05, 1.1601e-04, 3.2349e-05, 4.4759e-05],
       grad_fn=<CatBackward>)

mean_overall=tensor(5.9326e-05, grad_fn=<MeanBackward0>)

-----------------------------------------------ITERATION30-----------------------------------------------

final_causality=[[1, 1, 1, 1, 1, 1, 1, 1, 1, 1, 1, 1, 1], [1, 1, 1, 1, 1, 1, 1, 1, 1, 1, 1, 1, 1, 1, 1, 1, 1, 1, 1, 1, 1, 1, 1, 1, 1, 1, 1, 1, 1, 1, 1, 1, 1, 1, 1, 1, 1, 1, 1, 1, 1, 1, 1, 1, 1, 1, 1, 1, 1, 1], [1, 1, 1, 1, 1, 1, 1, 1, 1, 1, 1, 1, 1, 1, 1, 1, 1, 1, 1, 1, 1, 1, 1, 1, 1, 1, 1, 1, 1, 1, 1, 1, 1, 1, 1, 1, 1, 1, 1, 1, 1, 1, 1, 1, 1, 1, 1, 1, 1, 1]]

means=tensor([4.5441e-06, 5.8078e-05, 1.8989e-05, 1.4677e-05, 1.2364e-04, 6.6585e-05,
        1.6351e-04, 5.6689e-05, 8.8666e-06, 8.6483e-05, 6.1083e-05, 1.1036e-05,
        3.5246e-05, 8.4701e-05, 5.6340e-05, 5.5877e-05, 8.9569e-05, 7.2401e-05,
        2.6011e-05, 1.8496e-05, 5.4971e-05, 2.3116e-05, 5.6661e-05, 3.1409e-05,
        3.7211e-05, 7.2008e-05, 1.3506e-05, 7.1349e-06, 7.3711e-05, 1.0712e-04,
        3.8821e-05, 4.6876e-05, 7.0042e-05, 1.2657e-04, 6.9415e-06, 2.4313e-05,
        9.8182e-05, 2.2230e-06, 5.0898e-05, 6.0123e-05, 9.6603e-06, 1.1436e-04,
        1.7281e-05, 2.3211e-05, 5.3025e-05, 1.0890e-04, 8.5374e-05, 4.8393e-05,
        9.7360e-05, 6.4325e-06, 3.9989e-05, 1.3623e-05, 6.8120e-06, 2.6082e-05,
        3.5800e-05, 7.5656e-05, 9.7819e-05, 1.1098e-05, 7.6518e-05, 4.9389e-06,
        1.9111e-05, 9.3701e-05, 5.8021e-05, 8.9632e-05, 5.6044e-05, 6.7042e-05,
        1.4085e-04, 5.3234e-05, 5.4349e-06, 6.6600e-05, 4.4012e-05, 1.0027e-04,
        5.2975e-05, 3.6112e-06, 5.2200e-05, 3.7547e-05, 4.0038e-05, 5.4523e-06,
        4.1380e-05, 8.5926e-05, 1.1570e-05, 9.8401e-06, 1.1984e-05, 9.0402e-05,
        1.1821e-05, 4.1005e-05, 7.9149e-05, 8.2871e-06, 2.4550e-05, 7.9160e-05,
        4.4604e-06, 2.9279e-05, 1.1706e-06, 6.3904e-05, 6.0239e-05, 1.0087e-04,
        5.1580e-05, 9.0786e-05, 5.2903e-06, 2.0945e-05, 4.7722e-05, 9.3584e-06,
        1.2981e-04, 1.1678e-04, 7.7754e-05, 5.2716e-05, 4.6472e-05, 1.1008e-04,
        5.5559e-05, 4.9672e-05, 1.0332e-04, 2.8136e-05, 4.0998e-05],
       grad_fn=<CatBackward>)

mean_overall=tensor(5.1723e-05, grad_fn=<MeanBackward0>)

-----------------------------------------------ITERATION40-----------------------------------------------

final_causality=[[1, 1, 1, 1, 1, 1, 1, 1, 1, 1, 1, 1, 1], [1, 1, 1, 1, 1, 1, 1, 1, 1, 1, 1, 1, 1, 1, 1, 1, 1, 1, 1, 1, 1, 1, 1, 1, 1, 1, 1, 1, 1, 1, 1, 1, 1, 1, 1, 1, 1, 1, 1, 1, 1, 1, 1, 1, 1, 1, 1, 1, 1, 1], [1, 1, 1, 1, 1, 1, 1, 1, 1, 1, 1, 1, 1, 1, 1, 1, 1, 1, 1, 1, 1, 1, 1, 1, 1, 1, 1, 1, 1, 1, 1, 1, 1, 1, 1, 1, 1, 1, 1, 1, 1, 1, 1, 1, 1, 1, 1, 1, 1, 1]]

means=tensor([4.6020e-06, 5.1229e-05, 1.4420e-05, 2.0795e-05, 1.0737e-04, 5.6998e-05,
        1.4563e-04, 4.1252e-05, 1.9255e-06, 7.5105e-05, 5.0518e-05, 9.5998e-06,
        3.1123e-05, 7.4073e-05, 5.0406e-05, 4.9525e-05, 8.3763e-05, 6.1765e-05,
        2.3018e-05, 1.6836e-05, 4.7712e-05, 2.0634e-05, 4.9405e-05, 2.6369e-05,
        3.1824e-05, 6.0870e-05, 1.0689e-05, 2.1938e-06, 6.2373e-05, 9.8976e-05,
        3.7610e-05, 4.2128e-05, 5.8725e-05, 1.0374e-04, 7.6691e-06, 2.0309e-05,
        8.6030e-05, 1.9803e-06, 4.4600e-05, 5.4230e-05, 8.4444e-06, 1.0156e-04,
        1.4841e-05, 1.9708e-05, 5.0615e-05, 9.4814e-05, 6.8424e-05, 4.3825e-05,
        8.7945e-05, 7.6490e-06, 3.7522e-05, 1.4276e-05, 6.4456e-06, 2.0455e-05,
        3.1523e-05, 6.5478e-05, 7.8811e-05, 9.8920e-06, 6.3497e-05, 5.1731e-06,
        1.8036e-05, 8.1343e-05, 5.1549e-05, 7.8584e-05, 4.6383e-05, 5.9769e-05,
        1.2289e-04, 4.5847e-05, 6.0886e-06, 5.6334e-05, 3.8033e-05, 8.8138e-05,
        4.7818e-05, 1.8237e-06, 4.7691e-05, 3.0748e-05, 3.2941e-05, 2.6625e-06,
        3.3637e-05, 7.2608e-05, 8.1034e-06, 5.4795e-06, 9.7065e-06, 8.0182e-05,
        9.3169e-06, 3.6278e-05, 7.1910e-05, 9.4572e-06, 1.9721e-05, 7.1134e-05,
        4.2607e-06, 2.3126e-05, 8.7468e-07, 5.4835e-05, 5.1636e-05, 9.1244e-05,
        4.2097e-05, 7.9436e-05, 4.1734e-06, 1.4731e-05, 3.9954e-05, 6.3108e-06,
        1.1363e-04, 1.0316e-04, 6.6952e-05, 4.4060e-05, 3.9738e-05, 9.7358e-05,
        4.7781e-05, 4.4265e-05, 9.1629e-05, 2.4102e-05, 3.7435e-05],
       grad_fn=<CatBackward>)

mean_overall=tensor(4.4920e-05, grad_fn=<MeanBackward0>)

-----------------------------------------------ITERATION50-----------------------------------------------

final_causality=[[1, 1, 1, 1, 1, 1, 1, 1, 1, 1, 1, 1, 1], [1, 1, 1, 1, 1, 1, 1, 1, 1, 1, 1, 1, 1, 1, 1, 1, 1, 1, 1, 1, 1, 1, 1, 1, 1, 1, 1, 1, 1, 1, 1, 1, 1, 1, 1, 1, 1, 1, 1, 1, 1, 1, 1, 1, 1, 1, 1, 1, 1, 1], [1, 1, 1, 1, 1, 1, 1, 1, 1, 1, 1, 1, 1, 1, 1, 1, 1, 1, 1, 1, 1, 1, 1, 1, 1, 1, 1, 1, 1, 1, 1, 1, 1, 1, 1, 1, 1, 1, 1, 1, 1, 1, 1, 1, 1, 1, 1, 1, 1, 1]]

means=tensor([4.6727e-06, 4.3358e-05, 1.0570e-05, 2.4450e-05, 9.3015e-05, 4.8607e-05,
        1.3012e-04, 2.9610e-05, 6.2381e-06, 6.4629e-05, 4.0916e-05, 8.3518e-06,
        2.7414e-05, 6.4145e-05, 4.5004e-05, 4.4086e-05, 7.7446e-05, 5.2870e-05,
        2.0718e-05, 1.5707e-05, 4.1414e-05, 1.8301e-05, 4.2722e-05, 2.1940e-05,
        2.7449e-05, 5.2173e-05, 8.5463e-06, 1.3493e-06, 5.2531e-05, 9.0693e-05,
        3.5896e-05, 3.8117e-05, 4.9512e-05, 8.4360e-05, 8.2308e-06, 1.7378e-05,
        7.5377e-05, 1.7198e-06, 3.9159e-05, 4.8298e-05, 7.1535e-06, 8.8961e-05,
        1.2760e-05, 1.6706e-05, 4.7805e-05, 8.2379e-05, 5.4082e-05, 3.9509e-05,
        7.9273e-05, 7.5958e-06, 3.4667e-05, 1.4638e-05, 6.4368e-06, 1.5213e-05,
        2.7584e-05, 5.6586e-05, 6.4162e-05, 8.8164e-06, 5.2365e-05, 4.9909e-06,
        1.7262e-05, 7.1008e-05, 4.5247e-05, 6.8390e-05, 3.8353e-05, 5.2937e-05,
        1.0701e-04, 3.9339e-05, 5.9011e-06, 4.7346e-05, 3.2396e-05, 7.7774e-05,
        4.2590e-05, 4.4610e-07, 4.3169e-05, 2.4828e-05, 2.6868e-05, 5.4944e-07,
        2.7179e-05, 6.1376e-05, 5.3233e-06, 2.1220e-06, 7.7914e-06, 7.1518e-05,
        8.1613e-06, 3.1986e-05, 6.4790e-05, 9.2213e-06, 1.5601e-05, 6.3783e-05,
        4.2690e-06, 1.8120e-05, 2.1358e-06, 4.6498e-05, 4.4100e-05, 8.2265e-05,
        3.4134e-05, 6.9334e-05, 3.5142e-06, 9.7377e-06, 3.3202e-05, 3.9469e-06,
        9.9406e-05, 9.0857e-05, 5.7555e-05, 3.6807e-05, 3.4524e-05, 8.5629e-05,
        4.1049e-05, 3.8984e-05, 8.0757e-05, 2.0432e-05, 3.4111e-05],
       grad_fn=<CatBackward>)

mean_overall=tensor(3.9030e-05, grad_fn=<MeanBackward0>)

-----------------------------------------------ITERATION60-----------------------------------------------

final_causality=[[1, 1, 1, 1, 1, 1, 1, 1, 1, 1, 1, 1, 1], [1, 1, 1, 1, 1, 1, 1, 1, 1, 1, 1, 1, 1, 1, 1, 1, 1, 1, 1, 1, 1, 1, 1, 1, 1, 1, 1, 1, 1, 1, 1, 1, 1, 1, 1, 1, 1, 1, 1, 1, 1, 1, 1, 1, 1, 1, 1, 1, 1, 1], [1, 1, 1, 1, 1, 1, 1, 1, 1, 1, 1, 1, 1, 1, 1, 1, 1, 1, 1, 1, 1, 1, 1, 1, 1, 1, 1, 1, 1, 1, 1, 1, 1, 1, 1, 1, 1, 1, 1, 1, 1, 1, 1, 1, 1, 1, 1, 1, 1, 1]]

means=tensor([4.6847e-06, 3.5593e-05, 7.3193e-06, 2.5866e-05, 8.0491e-05, 4.1456e-05,
        1.1608e-04, 2.0735e-05, 8.2812e-06, 5.5227e-05, 3.2956e-05, 7.3125e-06,
        2.4090e-05, 5.5034e-05, 4.0195e-05, 3.9338e-05, 7.0851e-05, 4.5263e-05,
        1.8876e-05, 1.4634e-05, 3.5854e-05, 1.6273e-05, 3.6634e-05, 1.8170e-05,
        2.3910e-05, 4.4627e-05, 6.9676e-06, 3.1069e-06, 4.4046e-05, 8.2002e-05,
        3.3645e-05, 3.4639e-05, 4.1904e-05, 6.8379e-05, 8.3434e-06, 1.5104e-05,
        6.5877e-05, 1.4118e-06, 3.4555e-05, 4.2496e-05, 6.0124e-06, 7.7006e-05,
        1.0964e-05, 1.4245e-05, 4.4651e-05, 7.1493e-05, 4.2456e-05, 3.5391e-05,
        7.1396e-05, 6.9277e-06, 3.1449e-05, 1.4647e-05, 6.5005e-06, 1.0672e-05,
        2.3904e-05, 4.8734e-05, 5.3294e-05, 7.8048e-06, 4.3015e-05, 4.6634e-06,
        1.6503e-05, 6.1986e-05, 3.9404e-05, 5.9264e-05, 3.1524e-05, 4.6441e-05,
        9.3031e-05, 3.4240e-05, 5.1907e-06, 3.9670e-05, 2.7490e-05, 6.8581e-05,
        3.7604e-05, 5.5920e-07, 3.8741e-05, 1.9800e-05, 2.1663e-05, 9.4037e-07,
        2.1881e-05, 5.2871e-05, 3.1358e-06, 3.4509e-07, 6.2437e-06, 6.3715e-05,
        7.3110e-06, 2.7964e-05, 5.7992e-05, 8.2482e-06, 1.2098e-05, 5.6965e-05,
        4.0159e-06, 1.4161e-05, 2.7253e-06, 3.9067e-05, 3.7627e-05, 7.3786e-05,
        2.7510e-05, 6.0424e-05, 3.2048e-06, 5.8813e-06, 2.7390e-05, 2.1860e-06,
        8.6986e-05, 7.9967e-05, 4.9339e-05, 3.0761e-05, 2.9893e-05, 7.4927e-05,
        3.5300e-05, 3.4103e-05, 7.0859e-05, 1.7286e-05, 3.0914e-05],
       grad_fn=<CatBackward>)

mean_overall=tensor(3.3869e-05, grad_fn=<MeanBackward0>)

-----------------------------------------------ITERATION70-----------------------------------------------

final_causality=[[1, 1, 1, 1, 1, 1, 1, 1, 1, 1, 1, 1, 1], [1, 1, 1, 1, 1, 1, 1, 1, 1, 1, 1, 1, 1, 1, 1, 1, 1, 1, 1, 1, 1, 1, 1, 1, 1, 1, 1, 1, 1, 1, 1, 1, 1, 1, 1, 1, 1, 1, 1, 1, 1, 1, 1, 1, 1, 1, 1, 1, 1, 1], [1, 1, 1, 1, 1, 1, 1, 1, 1, 1, 1, 1, 1, 1, 1, 1, 1, 1, 1, 1, 1, 1, 1, 1, 1, 1, 1, 1, 1, 1, 1, 1, 1, 1, 1, 1, 1, 1, 1, 1, 1, 1, 1, 1, 1, 1, 1, 1, 1, 1]]

means=tensor([4.6176e-06, 2.8875e-05, 4.6617e-06, 2.5628e-05, 6.9539e-05, 3.5156e-05,
        1.0338e-04, 1.4074e-05, 9.4986e-06, 4.6715e-05, 2.6673e-05, 6.4476e-06,
        2.1110e-05, 4.7093e-05, 3.5831e-05, 3.5268e-05, 6.4152e-05, 3.8727e-05,
        1.7177e-05, 1.3327e-05, 3.0747e-05, 1.4504e-05, 3.1105e-05, 1.5044e-05,
        2.0768e-05, 3.8137e-05, 5.8798e-06, 4.0989e-06, 3.6804e-05, 7.3890e-05,
        3.1217e-05, 3.1518e-05, 3.5635e-05, 5.5286e-05, 8.0913e-06, 1.2973e-05,
        5.7643e-05, 1.0735e-06, 3.0533e-05, 3.7018e-05, 5.1192e-06, 6.6242e-05,
        9.2962e-06, 1.2245e-05, 4.1323e-05, 6.1992e-05, 3.3276e-05, 3.1487e-05,
        6.4122e-05, 6.0304e-06, 2.8253e-05, 1.4256e-05, 6.5461e-06, 7.0785e-06,
        2.0493e-05, 4.1852e-05, 4.4967e-05, 6.8117e-06, 3.5191e-05, 4.0917e-06,
        1.5592e-05, 5.3951e-05, 3.4428e-05, 5.1119e-05, 2.5729e-05, 4.0506e-05,
        8.0834e-05, 2.9798e-05, 4.7274e-06, 3.3117e-05, 2.4432e-05, 6.0225e-05,
        3.3052e-05, 1.2575e-06, 3.4435e-05, 1.5626e-05, 1.7217e-05, 1.9127e-06,
        1.7557e-05, 4.5501e-05, 1.4528e-06, 2.0524e-06, 5.0211e-06, 5.6548e-05,
        6.4719e-06, 2.4144e-05, 5.1726e-05, 7.1295e-06, 9.1753e-06, 5.0792e-05,
        3.5648e-06, 1.1104e-05, 2.8579e-06, 3.2631e-05, 3.2034e-05, 6.5756e-05,
        2.2069e-05, 5.2590e-05, 3.0794e-06, 2.9726e-06, 2.2465e-05, 9.2291e-07,
        7.6108e-05, 7.0343e-05, 4.2189e-05, 2.5672e-05, 2.5642e-05, 6.5222e-05,
        3.0332e-05, 2.9711e-05, 6.1964e-05, 1.4624e-05, 2.7820e-05],
       grad_fn=<CatBackward>)

mean_overall=tensor(2.9361e-05, grad_fn=<MeanBackward0>)

-----------------------------------------------ITERATION80-----------------------------------------------

final_causality=[[1, 1, 1, 1, 1, 1, 1, 1, 1, 1, 1, 1, 1], [1, 1, 1, 1, 1, 1, 1, 1, 1, 1, 1, 1, 1, 1, 1, 1, 1, 1, 1, 1, 1, 1, 1, 1, 1, 1, 1, 1, 1, 1, 1, 1, 1, 1, 1, 1, 1, 1, 1, 1, 1, 1, 1, 1, 1, 1, 1, 1, 1, 1], [1, 1, 1, 1, 1, 1, 1, 1, 1, 1, 1, 1, 1, 1, 1, 1, 1, 1, 1, 1, 1, 1, 1, 1, 1, 1, 1, 1, 1, 1, 1, 1, 1, 1, 1, 1, 1, 1, 1, 1, 1, 1, 1, 1, 1, 1, 1, 1, 1, 1]]

means=tensor([4.4822e-06, 2.3289e-05, 2.6423e-06, 2.4218e-05, 5.9918e-05, 2.9695e-05,
        9.1729e-05, 9.2426e-06, 9.9360e-06, 3.9278e-05, 2.1647e-05, 5.7067e-06,
        1.8475e-05, 4.0244e-05, 3.1798e-05, 3.1641e-05, 5.7544e-05, 3.2972e-05,
        1.5530e-05, 1.1922e-05, 2.6239e-05, 1.2921e-05, 2.6269e-05, 1.2444e-05,
        1.7852e-05, 3.2708e-05, 5.0859e-06, 4.5094e-06, 3.0662e-05, 6.6461e-05,
        2.8680e-05, 2.8651e-05, 3.0417e-05, 4.4509e-05, 7.5922e-06, 1.1051e-05,
        5.0480e-05, 7.4633e-07, 2.6943e-05, 3.2030e-05, 4.3279e-06, 5.6651e-05,
        7.7814e-06, 1.0624e-05, 3.7885e-05, 5.3711e-05, 2.6034e-05, 2.7884e-05,
        5.7348e-05, 5.1337e-06, 2.5046e-05, 1.3582e-05, 6.4775e-06, 4.3602e-06,
        1.7410e-05, 3.5870e-05, 3.8160e-05, 5.8600e-06, 2.8701e-05, 3.3782e-06,
        1.4639e-05, 4.6868e-05, 3.0076e-05, 4.3947e-05, 2.0821e-05, 3.5165e-05,
        7.0162e-05, 2.5792e-05, 4.4852e-06, 2.7502e-05, 2.2404e-05, 5.2732e-05,
        2.8919e-05, 1.6878e-06, 3.0336e-05, 1.2189e-05, 1.3443e-05, 2.4773e-06,
        1.4055e-05, 3.9118e-05, 2.0901e-07, 3.1440e-06, 4.0628e-06, 5.0114e-05,
        5.6687e-06, 2.0547e-05, 4.6065e-05, 6.1794e-06, 6.7739e-06, 4.5689e-05,
        3.1482e-06, 8.7958e-06, 2.7275e-06, 2.7123e-05, 2.7185e-05, 5.8364e-05,
        1.7660e-05, 4.5672e-05, 3.0374e-06, 8.4822e-07, 1.8354e-05, 2.9570e-08,
        6.6532e-05, 6.1782e-05, 3.6001e-05, 2.1399e-05, 2.1752e-05, 5.6476e-05,
        2.5990e-05, 2.5802e-05, 5.4021e-05, 1.2413e-05, 2.4840e-05],
       grad_fn=<CatBackward>)

mean_overall=tensor(2.5395e-05, grad_fn=<MeanBackward0>)

-----------------------------------------------ITERATION90-----------------------------------------------

final_causality=[[1, 1, 1, 1, 1, 1, 1, 1, 1, 1, 1, 1, 1], [1, 1, 1, 1, 1, 1, 1, 1, 1, 1, 1, 1, 1, 1, 1, 1, 1, 1, 1, 1, 1, 1, 1, 1, 1, 1, 1, 1, 1, 1, 1, 1, 1, 1, 1, 1, 1, 1, 1, 1, 1, 1, 1, 1, 1, 1, 1, 1, 1, 1], [1, 1, 1, 1, 1, 1, 1, 1, 1, 1, 1, 1, 1, 1, 1, 1, 1, 1, 1, 1, 1, 1, 1, 1, 1, 1, 1, 1, 1, 1, 1, 1, 1, 1, 1, 1, 1, 1, 1, 1, 1, 1, 1, 1, 1, 1, 1, 1, 1, 1]]

means=tensor([4.2859e-06, 1.8452e-05, 7.8372e-07, 2.2056e-05, 5.1506e-05, 2.5101e-05,
        8.1063e-05, 5.9184e-06, 9.7927e-06, 3.3022e-05, 1.7659e-05, 5.0349e-06,
        1.6156e-05, 3.4332e-05, 2.8101e-05, 2.8339e-05, 5.1200e-05, 2.7938e-05,
        1.3964e-05, 1.0638e-05, 2.2354e-05, 1.1501e-05, 2.2211e-05, 1.0267e-05,
        1.5202e-05, 2.8162e-05, 4.5213e-06, 4.5465e-06, 2.5501e-05, 5.9623e-05,
        2.6057e-05, 2.5996e-05, 2.5964e-05, 3.5737e-05, 6.8972e-06, 9.3756e-06,
        4.4177e-05, 4.5001e-07, 2.3724e-05, 2.7597e-05, 3.6367e-06, 4.8206e-05,
        6.4332e-06, 9.2934e-06, 3.4284e-05, 4.6494e-05, 2.0374e-05, 2.4589e-05,
        5.1092e-05, 4.3520e-06, 2.2001e-05, 1.2765e-05, 6.3242e-06, 2.3048e-06,
        1.4698e-05, 3.0677e-05, 3.2379e-05, 4.9846e-06, 2.3250e-05, 2.7022e-06,
        1.3652e-05, 4.0672e-05, 2.6228e-05, 3.7657e-05, 1.6714e-05, 3.0448e-05,
        6.0818e-05, 2.2166e-05, 4.1718e-06, 2.2737e-05, 2.0480e-05, 4.6104e-05,
        2.5148e-05, 1.9018e-06, 2.6527e-05, 9.4007e-06, 1.0268e-05, 2.7366e-06,
        1.1242e-05, 3.4124e-05, 6.6894e-07, 3.7596e-06, 3.3198e-06, 4.4358e-05,
        4.9162e-06, 1.7263e-05, 4.0951e-05, 5.4542e-06, 4.8246e-06, 4.1007e-05,
        2.8412e-06, 7.0833e-06, 2.4874e-06, 2.2419e-05, 2.2998e-05, 5.1603e-05,
        1.4131e-05, 3.9605e-05, 2.9614e-06, 6.4889e-07, 1.4962e-05, 5.8833e-07,
        5.8090e-05, 5.4164e-05, 3.0626e-05, 1.7807e-05, 1.8224e-05, 4.8648e-05,
        2.2223e-05, 2.2392e-05, 4.6992e-05, 1.0664e-05, 2.2006e-05],
       grad_fn=<CatBackward>)

mean_overall=tensor(2.1946e-05, grad_fn=<MeanBackward0>)

-----------------------------------------------ITERATION100-----------------------------------------------

final_causality=[[1, 1, 1, 1, 1, 1, 1, 1, 1, 1, 1, 1, 1], [1, 1, 1, 1, 1, 1, 1, 1, 1, 1, 1, 1, 1, 1, 1, 1, 1, 1, 1, 1, 1, 1, 1, 1, 1, 1, 1, 1, 1, 1, 1, 1, 1, 1, 1, 1, 1, 1, 1, 1, 1, 1, 1, 1, 1, 1, 1, 1, 1, 1], [1, 1, 1, 1, 1, 1, 1, 1, 1, 1, 1, 1, 1, 1, 1, 1, 1, 1, 1, 1, 1, 1, 1, 1, 1, 1, 1, 1, 1, 1, 1, 1, 1, 1, 1, 1, 1, 1, 1, 1, 1, 1, 1, 1, 1, 1, 1, 1, 1, 1]]

means=tensor([4.0372e-06, 1.4339e-05, 1.5070e-06, 1.9432e-05, 4.4160e-05, 2.1198e-05,
        7.1311e-05, 3.6935e-06, 9.1909e-06, 2.7794e-05, 1.4483e-05, 4.4219e-06,
        1.4141e-05, 2.9247e-05, 2.4761e-05, 2.5299e-05, 4.5185e-05, 2.3597e-05,
        1.2503e-05, 9.5076e-06, 1.8920e-05, 1.0240e-05, 1.8842e-05, 8.4957e-06,
        1.2828e-05, 2.4325e-05, 4.0816e-06, 4.3272e-06, 2.1193e-05, 5.3288e-05,
        2.3445e-05, 2.3552e-05, 2.2118e-05, 2.8581e-05, 6.0745e-06, 7.9572e-06,
        3.8617e-05, 1.9321e-07, 2.0822e-05, 2.3705e-05, 3.0424e-06, 4.0805e-05,
        5.2629e-06, 8.1709e-06, 3.0646e-05, 4.0210e-05, 1.6038e-05, 2.1580e-05,
        4.5357e-05, 3.6996e-06, 1.9170e-05, 1.1852e-05, 6.0753e-06, 7.7721e-07,
        1.2345e-05, 2.6190e-05, 2.7438e-05, 4.1959e-06, 1.8698e-05, 2.0705e-06,
        1.2595e-05, 3.5210e-05, 2.2897e-05, 3.2139e-05, 1.3330e-05, 2.6322e-05,
        5.2651e-05, 1.8931e-05, 3.8109e-06, 1.8723e-05, 1.8611e-05, 4.0264e-05,
        2.1722e-05, 1.9578e-06, 2.3148e-05, 7.1975e-06, 7.6304e-06, 2.7816e-06,
        9.0056e-06, 2.9939e-05, 1.2493e-06, 4.0252e-06, 2.7468e-06, 3.9190e-05,
        4.2309e-06, 1.4343e-05, 3.6299e-05, 4.8877e-06, 3.2719e-06, 3.6656e-05,
        2.5827e-06, 5.8253e-06, 2.2289e-06, 1.8415e-05, 1.9406e-05, 4.5487e-05,
        1.1330e-05, 3.4306e-05, 2.8372e-06, 1.6515e-06, 1.2183e-05, 1.0078e-06,
        5.0634e-05, 4.7366e-05, 2.5942e-05, 1.4805e-05, 1.5095e-05, 4.1707e-05,
        1.8968e-05, 1.9441e-05, 4.0778e-05, 9.1285e-06, 1.9366e-05],
       grad_fn=<CatBackward>)

mean_overall=tensor(1.8950e-05, grad_fn=<MeanBackward0>)

-----------------------------------------------ITERATION110-----------------------------------------------

final_causality=[[1, 1, 1, 1, 1, 1, 1, 1, 1, 1, 1, 1, 1], [1, 1, 1, 1, 1, 1, 1, 1, 1, 1, 1, 1, 1, 1, 1, 1, 1, 1, 1, 1, 1, 1, 1, 1, 1, 1, 1, 1, 1, 1, 1, 1, 1, 1, 1, 1, 1, 1, 1, 1, 1, 1, 1, 1, 1, 1, 1, 1, 1, 1], [1, 1, 1, 1, 1, 1, 1, 1, 1, 1, 1, 1, 1, 1, 1, 1, 1, 1, 1, 1, 1, 1, 1, 1, 1, 1, 1, 1, 1, 1, 1, 1, 1, 1, 1, 1, 1, 1, 1, 1, 1, 1, 1, 1, 1, 1, 1, 1, 1, 1]]

means=tensor([3.7506e-06, 1.0960e-05, 2.0245e-06, 1.6584e-05, 3.7784e-05, 1.7851e-05,
        6.2456e-05, 2.2742e-06, 8.3359e-06, 2.3455e-05, 1.1898e-05, 3.8757e-06,
        1.2392e-05, 2.4891e-05, 2.1759e-05, 2.2460e-05, 3.9557e-05, 1.9869e-05,
        1.1144e-05, 8.5088e-06, 1.5916e-05, 9.1391e-06, 1.6008e-05, 7.0595e-06,
        1.0738e-05, 2.1052e-05, 3.7004e-06, 3.9750e-06, 1.7603e-05, 4.7504e-05,
        2.0874e-05, 2.1324e-05, 1.8815e-05, 2.2750e-05, 5.2265e-06, 6.7582e-06,
        3.3731e-05, 4.2526e-08, 1.8222e-05, 2.0299e-05, 2.5345e-06, 3.4403e-05,
        4.2597e-06, 7.2096e-06, 2.7124e-05, 3.4751e-05, 1.2745e-05, 1.8841e-05,
        4.0136e-05, 3.1619e-06, 1.6529e-05, 1.0874e-05, 5.7611e-06, 3.2743e-07,
        1.0307e-05, 2.2329e-05, 2.3223e-05, 3.4976e-06, 1.4936e-05, 1.4776e-06,
        1.1476e-05, 3.0370e-05, 2.0006e-05, 2.7328e-05, 1.0557e-05, 2.2737e-05,
        4.5559e-05, 1.6067e-05, 3.5042e-06, 1.5356e-05, 1.6833e-05, 3.5105e-05,
        1.8783e-05, 1.9086e-06, 2.0031e-05, 5.4231e-06, 5.4725e-06, 2.6874e-06,
        7.2401e-06, 2.6342e-05, 1.5984e-06, 4.0499e-06, 2.3060e-06, 3.4523e-05,
        3.6231e-06, 1.1790e-05, 3.2070e-05, 4.4036e-06, 2.0585e-06, 3.2635e-05,
        2.3310e-06, 4.8985e-06, 1.9912e-06, 1.5024e-05, 1.6343e-05, 3.9980e-05,
        9.1255e-06, 2.9682e-05, 2.6794e-06, 2.2734e-06, 9.9215e-06, 1.2758e-06,
        4.4059e-05, 4.1305e-05, 2.1889e-05, 1.2302e-05, 1.2371e-05, 3.5590e-05,
        1.6149e-05, 1.6865e-05, 3.5275e-05, 7.7940e-06, 1.6946e-05],
       grad_fn=<CatBackward>)

mean_overall=tensor(1.6327e-05, grad_fn=<MeanBackward0>)

-----------------------------------------------ITERATION120-----------------------------------------------

final_causality=[[1, 1, 1, 1, 1, 1, 1, 1, 1, 1, 1, 1, 1], [1, 1, 1, 1, 1, 1, 1, 1, 1, 1, 1, 1, 1, 1, 1, 1, 1, 1, 1, 1, 1, 1, 1, 1, 1, 1, 1, 1, 1, 1, 1, 1, 1, 1, 1, 1, 1, 1, 1, 1, 1, 1, 1, 1, 1, 1, 1, 1, 1, 1], [1, 1, 1, 1, 1, 1, 1, 1, 1, 1, 1, 1, 1, 1, 1, 1, 1, 1, 1, 1, 1, 1, 1, 1, 1, 1, 1, 1, 1, 1, 1, 1, 1, 1, 1, 1, 1, 1, 1, 1, 1, 1, 1, 1, 1, 1, 1, 1, 1, 1]]

means=tensor([3.4460e-06, 8.1995e-06, 2.2778e-06, 1.3752e-05, 3.2269e-05, 1.4987e-05,
        5.4482e-05, 1.4067e-06, 7.3822e-06, 1.9872e-05, 9.7913e-06, 3.3884e-06,
        1.0855e-05, 2.1157e-05, 1.9067e-05, 1.9837e-05, 3.4383e-05, 1.6686e-05,
        9.8807e-06, 7.6176e-06, 1.3306e-05, 8.1800e-06, 1.3605e-05, 5.8777e-06,
        8.9330e-06, 1.8226e-05, 3.3594e-06, 3.5617e-06, 1.4623e-05, 4.2248e-05,
        1.8390e-05, 1.9298e-05, 1.5979e-05, 1.8023e-05, 4.4281e-06, 5.7554e-06,
        2.9416e-05, 2.1647e-07, 1.5898e-05, 1.7322e-05, 2.0964e-06, 2.8903e-05,
        3.4098e-06, 6.3768e-06, 2.3812e-05, 3.0025e-05, 1.0238e-05, 1.6385e-05,
        3.5394e-05, 2.7221e-06, 1.4131e-05, 9.8794e-06, 5.4431e-06, 1.0798e-06,
        8.5511e-06, 1.9011e-05, 1.9632e-05, 2.8932e-06, 1.1850e-05, 9.4752e-07,
        1.0343e-05, 2.6108e-05, 1.7471e-05, 2.3154e-05, 8.3032e-06, 1.9636e-05,
        3.9411e-05, 1.3554e-05, 3.2268e-06, 1.2553e-05, 1.5143e-05, 3.0563e-05,
        1.6321e-05, 1.8195e-06, 1.7199e-05, 4.0398e-06, 3.7342e-06, 2.5127e-06,
        5.8524e-06, 2.3143e-05, 1.7756e-06, 3.9196e-06, 1.9658e-06, 3.0288e-05,
        3.0964e-06, 9.5851e-06, 2.8250e-05, 3.9584e-06, 1.1306e-06, 2.8943e-05,
        2.0923e-06, 4.2035e-06, 1.7887e-06, 1.2168e-05, 1.3736e-05, 3.5026e-05,
        7.4008e-06, 2.5648e-05, 2.5095e-06, 2.6118e-06, 8.0949e-06, 1.4250e-06,
        3.8278e-05, 3.5924e-05, 1.8403e-05, 1.0220e-05, 1.0040e-05, 3.0236e-05,
        1.3714e-05, 1.4609e-05, 3.0412e-05, 6.6384e-06, 1.4753e-05],
       grad_fn=<CatBackward>)

mean_overall=tensor(1.4045e-05, grad_fn=<MeanBackward0>)

-----------------------------------------------ITERATION130-----------------------------------------------

final_causality=[[1, 1, 1, 1, 1, 1, 1, 1, 1, 1, 1, 1, 1], [1, 1, 1, 1, 1, 1, 1, 1, 1, 1, 1, 1, 1, 1, 1, 1, 1, 1, 1, 1, 1, 1, 1, 1, 1, 1, 1, 1, 1, 1, 1, 1, 1, 1, 1, 1, 1, 1, 1, 1, 1, 1, 1, 1, 1, 1, 1, 1, 1, 1], [1, 1, 1, 1, 1, 1, 1, 1, 1, 1, 1, 1, 1, 1, 1, 1, 1, 1, 1, 1, 1, 1, 1, 1, 1, 1, 1, 1, 1, 1, 1, 1, 1, 1, 1, 1, 1, 1, 1, 1, 1, 1, 1, 1, 1, 1, 1, 1, 1, 1]]

means=tensor([3.1380e-06, 5.9632e-06, 2.3378e-06, 1.1088e-05, 2.7507e-05, 1.2549e-05,
        4.7335e-05, 9.2029e-07, 6.4139e-06, 1.6890e-05, 8.0638e-06, 2.9547e-06,
        9.4985e-06, 1.7950e-05, 1.6661e-05, 1.7442e-05, 2.9692e-05, 1.3967e-05,
        8.7154e-06, 6.8163e-06, 1.1051e-05, 7.3358e-06, 1.1557e-05, 4.8981e-06,
        7.3861e-06, 1.5779e-05, 3.0572e-06, 3.1333e-06, 1.2340e-05, 3.7482e-05,
        1.6046e-05, 1.7520e-05, 1.3545e-05, 1.4196e-05, 3.7044e-06, 4.9223e-06,
        2.5600e-05, 3.5154e-07, 1.3832e-05, 1.4734e-05, 1.7192e-06, 2.4201e-05,
        2.7019e-06, 5.6449e-06, 2.0751e-05, 2.5942e-05, 8.2964e-06, 1.4203e-05,
        3.1094e-05, 2.3620e-06, 1.1980e-05, 8.9019e-06, 5.1067e-06, 1.5821e-06,
        7.0512e-06, 1.6167e-05, 1.6576e-05, 2.3809e-06, 9.3305e-06, 4.8996e-07,
        9.2344e-06, 2.2382e-05, 1.5243e-05, 1.9550e-05, 6.4819e-06, 1.6946e-05,
        3.4080e-05, 1.1362e-05, 2.9511e-06, 1.0237e-05, 1.3552e-05, 2.6571e-05,
        1.4104e-05, 1.7053e-06, 1.4658e-05, 2.9403e-06, 2.3585e-06, 2.2990e-06,
        4.7788e-06, 2.0295e-05, 1.8306e-06, 3.6988e-06, 1.6993e-06, 2.6473e-05,
        2.6472e-06, 7.6985e-06, 2.4817e-05, 3.5421e-06, 4.3786e-07, 2.5569e-05,
        1.8804e-06, 3.6654e-06, 1.6228e-06, 9.8864e-06, 1.1525e-05, 3.0589e-05,
        6.0570e-06, 2.2126e-05, 2.3423e-06, 2.7456e-06, 6.6284e-06, 1.4870e-06,
        3.3210e-05, 3.1155e-05, 1.5421e-05, 8.4875e-06, 8.0669e-06, 2.5582e-05,
        1.1620e-05, 1.2644e-05, 2.6133e-05, 5.6931e-06, 1.2778e-05],
       grad_fn=<CatBackward>)

mean_overall=tensor(1.2056e-05, grad_fn=<MeanBackward0>)

-----------------------------------------------ITERATION140-----------------------------------------------

final_causality=[[1, 1, 1, 1, 1, 1, 1, 1, 1, 1, 1, 1, 1], [1, 1, 1, 1, 1, 1, 1, 1, 1, 1, 1, 1, 1, 1, 1, 1, 1, 1, 1, 1, 1, 1, 1, 1, 1, 1, 1, 1, 1, 1, 1, 1, 1, 1, 1, 1, 1, 1, 1, 1, 1, 1, 1, 1, 1, 1, 1, 1, 1, 1], [1, 1, 1, 1, 1, 1, 1, 1, 1, 1, 1, 1, 1, 1, 1, 1, 1, 1, 1, 1, 1, 1, 1, 1, 1, 1, 1, 1, 1, 1, 1, 1, 1, 1, 1, 1, 1, 1, 1, 1, 1, 1, 1, 1, 1, 1, 1, 1, 1, 1]]

means=tensor([2.8350e-06, 4.1730e-06, 2.2643e-06, 8.6796e-06, 2.3410e-05, 1.0477e-05,
        4.0964e-05, 6.8477e-07, 5.4815e-06, 1.4398e-05, 6.6420e-06, 2.5701e-06,
        8.3001e-06, 1.5201e-05, 1.4509e-05, 1.5266e-05, 2.5491e-05, 1.1647e-05,
        7.6487e-06, 6.0959e-06, 9.1190e-06, 6.5880e-06, 9.8047e-06, 4.0841e-06,
        6.0658e-06, 1.3649e-05, 2.7878e-06, 2.7212e-06, 1.0434e-05, 3.3168e-05,
        1.3890e-05, 1.5885e-05, 1.1467e-05, 1.1105e-05, 3.0600e-06, 4.2299e-06,
        2.2229e-05, 4.4551e-07, 1.1999e-05, 1.2507e-05, 1.3953e-06, 2.0195e-05,
        2.1134e-06, 4.9972e-06, 1.7967e-05, 2.2414e-05, 6.7707e-06, 1.2259e-05,
        2.7208e-05, 2.0661e-06, 1.0078e-05, 7.9579e-06, 4.7510e-06, 1.8981e-06,
        5.7816e-06, 1.3735e-05, 1.3975e-05, 1.9523e-06, 7.2864e-06, 1.1401e-07,
        8.1669e-06, 1.9132e-05, 1.3289e-05, 1.6449e-05, 5.0161e-06, 1.4606e-05,
        2.9453e-05, 9.4634e-06, 2.6926e-06, 8.3399e-06, 1.2092e-05, 2.3344e-05,
        1.2184e-05, 1.5784e-06, 1.2391e-05, 2.0831e-06, 1.2919e-06, 2.0741e-06,
        3.9395e-06, 1.7757e-05, 1.8033e-06, 3.4326e-06, 1.4853e-06, 2.3055e-05,
        2.2686e-06, 6.0976e-06, 2.1744e-05, 3.1596e-06, 6.5049e-08, 2.2505e-05,
        1.6920e-06, 3.2316e-06, 1.4731e-06, 7.9537e-06, 9.6585e-06, 2.6628e-05,
        5.0103e-06, 1.9046e-05, 2.1827e-06, 2.7385e-06, 5.4553e-06, 1.4881e-06,
        2.8778e-05, 2.6945e-05, 1.2885e-05, 7.0486e-06, 6.4170e-06, 2.1563e-05,
        9.8229e-06, 1.0935e-05, 2.2380e-05, 4.8640e-06, 1.1012e-05],
       grad_fn=<CatBackward>)

mean_overall=tensor(1.0328e-05, grad_fn=<MeanBackward0>)

-----------------------------------------------ITERATION150-----------------------------------------------

final_causality=[[1, 1, 1, 1, 1, 1, 1, 1, 1, 1, 1, 1, 1], [1, 1, 1, 1, 1, 1, 1, 1, 1, 1, 1, 1, 1, 1, 1, 1, 1, 1, 1, 1, 1, 1, 1, 1, 1, 1, 1, 1, 1, 1, 1, 1, 1, 1, 1, 1, 1, 1, 1, 1, 1, 1, 1, 1, 1, 1, 1, 1, 1, 1], [1, 1, 1, 1, 1, 1, 1, 1, 1, 1, 1, 1, 1, 1, 1, 1, 1, 1, 1, 1, 1, 1, 1, 1, 1, 1, 1, 1, 1, 1, 1, 1, 1, 1, 1, 1, 1, 1, 1, 1, 1, 1, 1, 1, 1, 1, 1, 1, 1, 1]]

means=tensor([2.5431e-06, 2.7628e-06, 2.1023e-06, 6.5772e-06, 1.9896e-05, 8.7192e-06,
        3.5316e-05, 6.0691e-07, 4.6175e-06, 1.2302e-05, 5.4685e-06, 2.2304e-06,
        7.2404e-06, 1.2850e-05, 1.2591e-05, 1.3298e-05, 2.1767e-05, 9.6722e-06,
        6.6753e-06, 5.4442e-06, 7.4774e-06, 5.9226e-06, 8.3071e-06, 3.4059e-06,
        4.9440e-06, 1.1781e-05, 2.5475e-06, 2.3468e-06, 8.8430e-06, 2.9280e-05,
        1.1953e-05, 1.4373e-05, 9.6952e-06, 8.6163e-06, 2.4970e-06, 3.6458e-06,
        1.9255e-05, 5.0084e-07, 1.0379e-05, 1.0665e-05, 1.1187e-06, 1.6796e-05,
        1.6261e-06, 4.4213e-06, 1.5473e-05, 1.9363e-05, 5.5541e-06, 1.0569e-05,
        2.3715e-05, 1.8211e-06, 8.4112e-06, 7.0606e-06, 4.3847e-06, 2.0760e-06,
        4.7162e-06, 1.1657e-05, 1.1759e-05, 1.5969e-06, 5.6381e-06, 1.9702e-07,
        7.1580e-06, 1.6311e-05, 1.1574e-05, 1.3795e-05, 3.8809e-06, 1.2568e-05,
        2.5439e-05, 7.8307e-06, 2.4546e-06, 6.7943e-06, 1.0734e-05, 2.0650e-05,
        1.0512e-05, 1.4497e-06, 1.0392e-05, 1.4269e-06, 4.8259e-07, 1.8545e-06,
        3.2790e-06, 1.5493e-05, 1.7235e-06, 3.1503e-06, 1.3085e-06, 2.0005e-05,
        1.9521e-06, 4.7518e-06, 1.9001e-05, 2.8146e-06, 4.1745e-07, 1.9733e-05,
        1.5435e-06, 2.9044e-06, 1.3344e-06, 6.3238e-06, 8.0879e-06, 2.3105e-05,
        4.1924e-06, 1.6356e-05, 2.0300e-06, 2.6390e-06, 4.5187e-06, 1.4478e-06,
        2.4907e-05, 2.3239e-05, 1.0738e-05, 5.8562e-06, 5.0803e-06, 1.8116e-05,
        8.3128e-06, 9.4451e-06, 1.9102e-05, 4.1414e-06, 9.4438e-06],
       grad_fn=<CatBackward>)

mean_overall=tensor(8.8396e-06, grad_fn=<MeanBackward0>)

-----------------------------------------------ITERATION160-----------------------------------------------

final_causality=[[1, 1, 1, 1, 1, 1, 1, 1, 1, 1, 1, 1, 1], [1, 1, 1, 1, 1, 1, 1, 1, 1, 1, 1, 1, 1, 1, 1, 1, 1, 1, 1, 1, 1, 1, 1, 1, 1, 1, 1, 1, 1, 1, 1, 1, 1, 1, 1, 1, 1, 1, 1, 1, 1, 1, 1, 1, 1, 1, 1, 1, 1, 1], [1, 1, 1, 1, 1, 1, 1, 1, 1, 1, 1, 1, 1, 1, 1, 1, 1, 1, 1, 1, 1, 1, 1, 1, 1, 1, 1, 1, 1, 1, 1, 1, 1, 1, 1, 1, 1, 1, 1, 1, 1, 1, 1, 1, 1, 1, 1, 1, 1, 1]]

means=tensor([2.2672e-06, 1.6694e-06, 1.8886e-06, 4.7932e-06, 1.6886e-05, 7.2333e-06,
        3.0335e-05, 6.2165e-07, 3.8436e-06, 1.0530e-05, 4.4967e-06, 1.9310e-06,
        6.3031e-06, 1.0840e-05, 1.0886e-05, 1.1531e-05, 1.8496e-05, 7.9987e-06,
        5.7927e-06, 4.8515e-06, 6.0947e-06, 5.3266e-06, 7.0269e-06, 2.8386e-06,
        3.9974e-06, 1.0141e-05, 2.3320e-06, 2.0191e-06, 7.5346e-06, 2.5783e-05,
        1.0216e-05, 1.2971e-05, 8.1870e-06, 6.6237e-06, 2.0145e-06, 3.1492e-06,
        1.6636e-05, 5.2353e-07, 8.9502e-06, 9.0728e-06, 8.8465e-07, 1.3932e-05,
        1.2259e-06, 3.9078e-06, 1.3264e-05, 1.6722e-05, 4.5718e-06, 9.1233e-06,
        2.0591e-05, 1.6161e-06, 6.9620e-06, 6.2218e-06, 4.0164e-06, 2.1562e-06,
        3.8297e-06, 9.9395e-06, 9.8728e-06, 1.3047e-06, 4.3176e-06, 4.1587e-07,
        6.2203e-06, 1.3875e-05, 1.0069e-05, 1.1768e-05, 2.9662e-06, 1.0792e-05,
        2.2017e-05, 6.4349e-06, 2.2354e-06, 5.5418e-06, 9.4728e-06, 1.8211e-05,
        9.0362e-06, 1.3252e-06, 8.6485e-06, 9.3443e-07, 1.1657e-07, 1.6490e-06,
        2.7560e-06, 1.3475e-05, 1.6215e-06, 2.8700e-06, 1.1582e-06, 1.7298e-05,
        1.6890e-06, 3.6310e-06, 1.6563e-05, 2.5061e-06, 6.5133e-07, 1.7238e-05,
        1.4060e-06, 2.6379e-06, 1.2047e-06, 4.9591e-06, 6.7705e-06, 1.9984e-05,
        3.5487e-06, 1.4007e-05, 1.8824e-06, 2.4837e-06, 3.7707e-06, 1.3853e-06,
        2.1530e-05, 1.9990e-05, 8.9285e-06, 4.8698e-06, 4.0560e-06, 1.5174e-05,
        7.0497e-06, 8.1461e-06, 1.6252e-05, 3.5153e-06, 8.0826e-06],
       grad_fn=<CatBackward>)

mean_overall=tensor(7.5568e-06, grad_fn=<MeanBackward0>)

-----------------------------------------------ITERATION170-----------------------------------------------

final_causality=[[1, 1, 1, 1, 1, 1, 1, 1, 1, 1, 1, 1, 1], [1, 1, 1, 1, 1, 1, 1, 1, 1, 1, 1, 1, 1, 1, 1, 1, 1, 1, 1, 1, 1, 1, 1, 1, 1, 1, 1, 1, 1, 1, 1, 1, 1, 1, 1, 1, 1, 1, 1, 1, 1, 1, 1, 1, 1, 1, 1, 1, 1, 1], [1, 1, 1, 1, 1, 1, 1, 1, 1, 1, 1, 1, 1, 1, 1, 1, 1, 1, 1, 1, 1, 1, 1, 1, 1, 1, 1, 1, 1, 1, 1, 1, 1, 1, 1, 1, 1, 1, 1, 1, 1, 1, 1, 1, 1, 1, 1, 1, 1, 1]]

means=tensor([2.0100e-06, 8.3565e-07, 1.6497e-06, 3.3162e-06, 1.4313e-05, 5.9784e-06,
        2.5969e-05, 6.8491e-07, 3.1725e-06, 9.0272e-06, 3.6904e-06, 1.6683e-06,
        5.4746e-06, 9.1247e-06, 9.3762e-06, 9.9547e-06, 1.5642e-05, 6.5894e-06,
        5.0006e-06, 4.3136e-06, 4.9387e-06, 4.7890e-06, 5.9304e-06, 2.3628e-06,
        3.2321e-06, 8.7026e-06, 2.1360e-06, 1.7397e-06, 6.4318e-06, 2.2646e-05,
        8.6799e-06, 1.1673e-05, 6.9058e-06, 5.0327e-06, 1.6079e-06, 2.7268e-06,
        1.4337e-05, 5.2044e-07, 7.6950e-06, 7.7010e-06, 6.8814e-07, 1.1528e-05,
        8.9950e-07, 3.4486e-06, 1.1327e-05, 1.4434e-05, 3.7715e-06, 7.8489e-06,
        1.7812e-05, 1.4427e-06, 5.7140e-06, 5.4475e-06, 3.6531e-06, 2.1667e-06,
        3.0974e-06, 8.4694e-06, 8.2736e-06, 1.0658e-06, 3.2671e-06, 5.6877e-07,
        5.3593e-06, 1.1781e-05, 8.7476e-06, 1.0027e-05, 2.2337e-06, 9.2434e-06,
        1.9018e-05, 5.2494e-06, 2.0357e-06, 4.5309e-06, 8.3109e-06, 1.6011e-05,
        7.7402e-06, 1.2076e-06, 7.1424e-06, 5.7262e-07, 5.5340e-07, 1.4614e-06,
        2.3380e-06, 1.1678e-05, 1.5127e-06, 2.6019e-06, 1.0276e-06, 1.4906e-05,
        1.4705e-06, 2.7067e-06, 1.4402e-05, 2.2299e-06, 7.9442e-07, 1.5000e-05,
        1.2801e-06, 2.3963e-06, 1.0833e-06, 3.8253e-06, 5.6688e-06, 1.7226e-05,
        3.0364e-06, 1.1958e-05, 1.7397e-06, 2.2985e-06, 3.1713e-06, 1.3067e-06,
        1.8586e-05, 1.7151e-05, 7.4092e-06, 4.0558e-06, 3.2156e-06, 1.2674e-05,
        5.9640e-06, 7.0144e-06, 1.3786e-05, 2.9760e-06, 6.8904e-06],
       grad_fn=<CatBackward>)

mean_overall=tensor(6.4523e-06, grad_fn=<MeanBackward0>)

-----------------------------------------------ITERATION180-----------------------------------------------

final_causality=[[1, 1, 1, 1, 1, 1, 1, 1, 1, 1, 1, 1, 1], [1, 1, 1, 1, 1, 1, 1, 1, 1, 1, 1, 1, 1, 1, 1, 1, 1, 1, 1, 1, 1, 1, 1, 1, 1, 1, 1, 1, 1, 1, 1, 1, 1, 1, 1, 1, 1, 1, 1, 1, 1, 1, 1, 1, 1, 1, 1, 1, 1, 1], [1, 1, 1, 1, 1, 1, 1, 1, 1, 1, 1, 1, 1, 1, 1, 1, 1, 1, 1, 1, 1, 1, 1, 1, 1, 1, 1, 1, 1, 1, 1, 1, 1, 1, 1, 1, 1, 1, 1, 1, 1, 1, 1, 1, 1, 1, 1, 1, 1, 1]]

means=tensor([1.7729e-06, 1.3487e-07, 1.4030e-06, 2.1196e-06, 1.2117e-05, 4.9189e-06,
        2.2160e-05, 7.6692e-07, 2.6028e-06, 7.7478e-06, 3.0215e-06, 1.4386e-06,
        4.7437e-06, 7.6626e-06, 8.0439e-06, 8.5539e-06, 1.3167e-05, 5.4082e-06,
        4.2953e-06, 3.8267e-06, 3.9781e-06, 4.3020e-06, 4.9905e-06, 1.9638e-06,
        2.5895e-06, 7.4416e-06, 1.9551e-06, 1.5070e-06, 5.4999e-06, 1.9841e-05,
        7.3344e-06, 1.0472e-05, 5.8205e-06, 3.7674e-06, 1.2711e-06, 2.3661e-06,
        1.2324e-05, 4.9821e-07, 6.5954e-06, 6.5219e-06, 5.2523e-07, 9.5191e-06,
        6.3584e-07, 3.0374e-06, 9.6453e-06, 1.2452e-05, 3.1161e-06, 6.7305e-06,
        1.5351e-05, 1.2945e-06, 4.6464e-06, 4.7401e-06, 3.3011e-06, 2.1262e-06,
        2.4963e-06, 7.2046e-06, 6.9230e-06, 8.7082e-07, 2.4378e-06, 6.6683e-07,
        4.5776e-06, 9.9871e-06, 7.5877e-06, 8.5202e-06, 1.6518e-06, 7.8961e-06,
        1.6392e-05, 4.2490e-06, 1.8498e-06, 3.7169e-06, 7.2484e-06, 1.4034e-05,
        6.6086e-06, 1.0980e-06, 5.8536e-06, 3.1309e-07, 8.5850e-07, 1.2926e-06,
        2.0000e-06, 1.0083e-05, 1.3966e-06, 2.3505e-06, 9.1221e-07, 1.2798e-05,
        1.2884e-06, 1.9525e-06, 1.2492e-05, 1.9817e-06, 8.6944e-07, 1.3003e-05,
        1.1645e-06, 2.1739e-06, 9.7052e-07, 2.8914e-06, 4.7502e-06, 1.4797e-05,
        2.6228e-06, 1.0175e-05, 1.6026e-06, 2.1015e-06, 2.6883e-06, 1.2199e-06,
        1.6020e-05, 1.4680e-05, 6.1376e-06, 3.3852e-06, 2.5306e-06, 1.0556e-05,
        5.0340e-06, 6.0501e-06, 1.1661e-05, 2.5142e-06, 5.8480e-06],
       grad_fn=<CatBackward>)

mean_overall=tensor(5.4965e-06, grad_fn=<MeanBackward0>)

-----------------------------------------------ITERATION190-----------------------------------------------

final_causality=[[1, 1, 1, 1, 1, 1, 1, 1, 1, 1, 1, 1, 1], [1, 1, 1, 1, 1, 1, 1, 1, 1, 1, 1, 1, 1, 1, 1, 1, 1, 1, 1, 1, 1, 1, 1, 1, 1, 1, 1, 1, 1, 1, 1, 1, 1, 1, 1, 1, 1, 1, 1, 1, 1, 1, 1, 1, 1, 1, 1, 1, 1, 1], [1, 1, 1, 1, 1, 1, 1, 1, 1, 1, 1, 1, 1, 1, 1, 1, 1, 1, 1, 1, 1, 1, 1, 1, 1, 1, 1, 1, 1, 1, 1, 1, 1, 1, 1, 1, 1, 1, 1, 1, 1, 1, 1, 1, 1, 1, 1, 1, 1, 1]]

means=tensor([1.5565e-06, 5.1712e-07, 1.1618e-06, 1.1726e-06, 1.0245e-05, 4.0263e-06,
        1.8852e-05, 8.4883e-07, 2.1266e-06, 6.6559e-06, 2.4678e-06, 1.2387e-06,
        4.0999e-06, 6.4180e-06, 6.8725e-06, 7.3159e-06, 1.1035e-05, 4.4226e-06,
        3.6723e-06, 3.3871e-06, 3.1845e-06, 3.8593e-06, 4.1864e-06, 1.6294e-06,
        2.0522e-06, 6.3401e-06, 1.7866e-06, 1.3168e-06, 4.7101e-06, 1.7338e-05,
        6.1670e-06, 9.3635e-06, 4.9032e-06, 2.7663e-06, 9.9695e-07, 2.0565e-06,
        1.0568e-05, 4.6405e-07, 5.6353e-06, 5.5110e-06, 3.9593e-07, 7.8465e-06,
        4.2524e-07, 2.6691e-06, 8.1947e-06, 1.0735e-05, 2.5770e-06, 5.7534e-06,
        1.3183e-05, 1.1681e-06, 3.7393e-06, 4.0999e-06, 2.9653e-06, 2.0493e-06,
        2.0058e-06, 6.1172e-06, 5.7858e-06, 7.1187e-07, 1.7887e-06, 7.1968e-07,
        3.8761e-06, 8.4533e-06, 6.5708e-06, 7.2228e-06, 1.1934e-06, 6.7264e-06,
        1.4097e-05, 3.4102e-06, 1.6764e-06, 3.0621e-06, 6.2844e-06, 1.2264e-05,
        5.6254e-06, 9.9638e-07, 4.7602e-06, 1.3198e-07, 1.0587e-06, 1.1419e-06,
        1.7232e-06, 8.6689e-06, 1.2879e-06, 2.1178e-06, 8.0931e-07, 1.0949e-05,
        1.1356e-06, 1.3443e-06, 1.0811e-05, 1.7584e-06, 8.9478e-07, 1.1229e-05,
        1.0580e-06, 1.9680e-06, 8.6668e-07, 2.1293e-06, 3.9859e-06, 1.2687e-05,
        2.2836e-06, 8.6248e-06, 1.4721e-06, 1.9045e-06, 2.2962e-06, 1.1302e-06,
        1.3786e-05, 1.2536e-05, 5.0766e-06, 2.8332e-06, 1.9760e-06, 8.7689e-06,
        4.2399e-06, 5.2495e-06, 9.8378e-06, 2.1207e-06, 4.9427e-06],
       grad_fn=<CatBackward>)

mean_overall=tensor(4.6806e-06, grad_fn=<MeanBackward0>)

-----------------------------------------------ITERATION200-----------------------------------------------

final_causality=[[1, 1, 1, 1, 1, 1, 1, 1, 1, 1, 1, 1, 1], [1, 1, 1, 1, 1, 1, 1, 1, 1, 1, 1, 1, 1, 1, 1, 1, 1, 1, 1, 1, 1, 1, 1, 1, 1, 1, 1, 1, 1, 1, 1, 1, 1, 1, 1, 1, 1, 1, 1, 1, 1, 1, 1, 1, 1, 1, 1, 1, 1, 1], [1, 1, 1, 1, 1, 1, 1, 1, 1, 1, 1, 1, 1, 1, 1, 1, 1, 1, 1, 1, 1, 1, 1, 1, 1, 1, 1, 1, 1, 1, 1, 1, 1, 1, 1, 1, 1, 1, 1, 1, 1, 1, 1, 1, 1, 1, 1, 1, 1, 1]]

means=tensor([1.3606e-06, 7.7861e-07, 9.3536e-07, 4.4078e-07, 8.6518e-06, 3.2767e-06,
        1.5990e-05, 9.1937e-07, 1.7336e-06, 5.7216e-06, 2.0103e-06, 1.0652e-06,
        3.5343e-06, 5.3602e-06, 5.8464e-06, 6.2272e-06, 9.2061e-06, 3.6030e-06,
        3.1262e-06, 2.9906e-06, 2.5325e-06, 3.4557e-06, 3.5003e-06, 1.3494e-06,
        1.6063e-06, 5.3817e-06, 1.6283e-06, 1.1635e-06, 4.0392e-06, 1.5112e-05,
        5.1618e-06, 8.3448e-06, 4.1296e-06, 1.9788e-06, 7.7688e-07, 1.8018e-06,
        9.0403e-06, 4.2139e-07, 4.7993e-06, 4.6466e-06, 2.8840e-07, 6.4589e-06,
        2.5914e-07, 2.3394e-06, 6.9523e-06, 9.2483e-06, 2.1320e-06, 4.9031e-06,
        1.1282e-05, 1.0580e-06, 2.9730e-06, 3.5256e-06, 2.6492e-06, 1.9472e-06,
        1.6075e-06, 5.1826e-06, 4.8307e-06, 5.8220e-07, 1.2854e-06, 7.3634e-07,
        3.2529e-06, 7.1445e-06, 5.6808e-06, 6.1099e-06, 8.3555e-07, 5.7134e-06,
        1.2093e-05, 2.7117e-06, 1.5153e-06, 2.5351e-06, 5.4164e-06, 1.0685e-05,
        4.7750e-06, 9.0242e-07, 3.8402e-06, 9.8798e-09, 1.1770e-06, 1.0080e-06,
        1.4933e-06, 7.4209e-06, 1.1917e-06, 1.9036e-06, 7.1706e-07, 9.3333e-06,
        1.0061e-06, 8.6035e-07, 9.3326e-06, 1.5580e-06, 8.8502e-07, 9.6587e-06,
        9.5978e-07, 1.7774e-06, 7.7163e-07, 1.5137e-06, 3.3512e-06, 1.0842e-05,
        2.0008e-06, 7.2811e-06, 1.3489e-06, 1.7148e-06, 1.9748e-06, 1.0456e-06,
        1.1841e-05, 1.0681e-05, 4.1940e-06, 2.3791e-06, 1.5343e-06, 7.2661e-06,
        3.5641e-06, 4.5438e-06, 8.2794e-06, 1.7868e-06, 4.1615e-06],
       grad_fn=<CatBackward>)

mean_overall=tensor(3.9776e-06, grad_fn=<MeanBackward0>)

-----------------------------------------------ITERATION210-----------------------------------------------

final_causality=[[1, 1, 1, 1, 1, 1, 1, 1, 1, 1, 1, 1, 1], [1, 1, 1, 1, 1, 1, 1, 1, 1, 1, 1, 1, 1, 1, 1, 1, 1, 1, 1, 1, 1, 1, 1, 1, 1, 1, 1, 1, 1, 1, 1, 1, 1, 1, 1, 1, 1, 1, 1, 1, 1, 1, 1, 1, 1, 1, 1, 1, 1, 1], [1, 1, 1, 1, 1, 1, 1, 1, 1, 1, 1, 1, 1, 1, 1, 1, 1, 1, 1, 1, 1, 1, 1, 1, 1, 1, 1, 1, 1, 1, 1, 1, 1, 1, 1, 1, 1, 1, 1, 1, 1, 1, 1, 1, 1, 1, 1, 1, 1, 1]]

means=tensor([1.1848e-06, 9.4553e-07, 7.2943e-07, 3.6032e-07, 7.2985e-06, 2.6492e-06,
        1.3524e-05, 9.7226e-07, 1.4117e-06, 4.9198e-06, 1.6335e-06, 9.1496e-07,
        3.0389e-06, 4.4631e-06, 4.9510e-06, 5.2745e-06, 7.6464e-06, 2.9240e-06,
        2.6506e-06, 2.6337e-06, 1.9996e-06, 3.0873e-06, 2.9171e-06, 1.1155e-06,
        1.2391e-06, 4.5513e-06, 1.4791e-06, 1.0410e-06, 3.4678e-06, 1.3138e-05,
        4.3025e-06, 7.4118e-06, 3.4788e-06, 1.3634e-06, 6.0231e-07, 1.5793e-06,
        7.7156e-06, 3.7398e-07, 4.0738e-06, 3.9097e-06, 2.0002e-07, 5.3113e-06,
        1.3001e-07, 2.0446e-06, 5.8965e-06, 7.9600e-06, 1.7641e-06, 4.1658e-06,
        9.6234e-06, 9.5983e-07, 2.3292e-06, 3.0144e-06, 2.3547e-06, 1.8284e-06,
        1.2858e-06, 4.3800e-06, 4.0302e-06, 4.7634e-07, 8.9895e-07, 7.2492e-07,
        2.7047e-06, 6.0292e-06, 4.9047e-06, 5.1586e-06, 5.5912e-07, 4.8389e-06,
        1.0348e-05, 2.1338e-06, 1.3665e-06, 2.1103e-06, 4.6408e-06, 9.2819e-06,
        4.0425e-06, 8.1572e-07, 3.0723e-06, 7.0935e-08, 1.2327e-06, 8.8913e-07,
        1.3000e-06, 6.3234e-06, 1.0974e-06, 1.7075e-06, 6.5315e-07, 7.9265e-06,
        8.9512e-07, 4.8103e-07, 8.0367e-06, 1.3786e-06, 8.5148e-07, 8.2759e-06,
        8.6942e-07, 1.6014e-06, 6.9656e-07, 1.0221e-06, 2.8245e-06, 9.2273e-06,
        1.7611e-06, 6.1194e-06, 1.2331e-06, 1.5367e-06, 1.7085e-06, 9.6856e-07,
        1.0150e-05, 9.0821e-06, 3.4617e-06, 2.0053e-06, 1.1814e-06, 6.0061e-06,
        2.9910e-06, 3.9240e-06, 6.9525e-06, 1.5046e-06, 3.4913e-06],
       grad_fn=<CatBackward>)

mean_overall=tensor(3.3787e-06, grad_fn=<MeanBackward0>)

-----------------------------------------------ITERATION220-----------------------------------------------

final_causality=[[1, 1, 1, 1, 1, 1, 1, 1, 1, 1, 1, 1, 1], [1, 1, 1, 1, 1, 1, 1, 1, 1, 1, 1, 1, 1, 1, 1, 1, 1, 1, 1, 1, 1, 1, 1, 1, 1, 1, 1, 1, 1, 1, 1, 1, 1, 1, 1, 1, 1, 1, 1, 1, 1, 1, 1, 1, 1, 1, 1, 1, 1, 1], [1, 1, 1, 1, 1, 1, 1, 1, 1, 1, 1, 1, 1, 1, 1, 1, 1, 1, 1, 1, 1, 1, 1, 1, 1, 1, 1, 1, 1, 1, 1, 1, 1, 1, 1, 1, 1, 1, 1, 1, 1, 1, 1, 1, 1, 1, 1, 1, 1, 1]]

means=tensor([1.0278e-06, 1.0395e-06, 5.4700e-07, 7.0750e-07, 6.1504e-06, 2.1265e-06,
        1.1406e-05, 1.0051e-06, 1.1496e-06, 4.2305e-06, 1.3245e-06, 7.8524e-07,
        2.6064e-06, 3.7046e-06, 4.1727e-06, 4.4452e-06, 6.3221e-06, 2.3633e-06,
        2.2389e-06, 2.3132e-06, 1.5667e-06, 2.7510e-06, 2.4232e-06, 9.2030e-07,
        9.3924e-07, 3.8348e-06, 1.3383e-06, 9.4360e-07, 2.9803e-06, 1.1392e-05,
        3.5727e-06, 6.5607e-06, 2.9323e-06, 8.8716e-07, 4.6536e-07, 1.3845e-06,
        6.5705e-06, 3.2478e-07, 3.4462e-06, 3.2834e-06, 1.2832e-07, 4.3647e-06,
        3.1353e-08, 1.7815e-06, 4.9970e-06, 6.8443e-06, 1.4594e-06, 3.5288e-06,
        8.1816e-06, 8.7155e-07, 1.7913e-06, 2.5629e-06, 2.0831e-06, 1.6994e-06,
        1.0272e-06, 3.6915e-06, 3.3605e-06, 3.8980e-07, 6.0548e-07, 6.9257e-07,
        2.2269e-06, 5.0801e-06, 4.2289e-06, 4.3483e-06, 3.4807e-07, 4.0931e-06,
        8.8302e-06, 1.6591e-06, 1.2292e-06, 1.7666e-06, 3.9528e-06, 8.0395e-06,
        3.4142e-06, 7.3588e-07, 2.4363e-06, 1.2559e-07, 1.2420e-06, 7.8379e-07,
        1.1354e-06, 5.3624e-06, 1.0069e-06, 1.5283e-06, 5.9549e-07, 6.7068e-06,
        7.9887e-07, 1.8908e-07, 6.9029e-06, 1.2185e-06, 8.0278e-07, 7.0633e-06,
        7.8628e-07, 1.4598e-06, 6.3041e-07, 6.3815e-07, 2.3877e-06, 7.8197e-06,
        1.5551e-06, 5.1185e-06, 1.1247e-06, 1.3721e-06, 1.4853e-06, 8.9449e-07,
        8.6832e-06, 7.7069e-06, 2.8556e-06, 1.6972e-06, 9.1283e-07, 4.9526e-06,
        2.5063e-06, 3.4342e-06, 5.8264e-06, 1.2669e-06, 2.9194e-06],
       grad_fn=<CatBackward>)

mean_overall=tensor(2.8687e-06, grad_fn=<MeanBackward0>)

-----------------------------------------------ITERATION230-----------------------------------------------

final_causality=[[1, 1, 1, 1, 1, 1, 1, 1, 1, 1, 1, 1, 1], [1, 1, 1, 1, 1, 1, 1, 1, 1, 1, 1, 1, 1, 1, 1, 1, 1, 1, 1, 1, 1, 1, 1, 1, 1, 1, 1, 1, 1, 1, 1, 1, 1, 1, 1, 1, 1, 1, 1, 1, 1, 1, 1, 1, 1, 1, 1, 1, 1, 1], [1, 1, 1, 1, 1, 1, 1, 1, 1, 1, 1, 1, 1, 1, 1, 1, 1, 1, 1, 1, 1, 1, 1, 1, 1, 1, 1, 1, 1, 1, 1, 1, 1, 1, 1, 1, 1, 1, 1, 1, 1, 1, 1, 1, 1, 1, 1, 1, 1, 1]]

means=tensor([8.8864e-07, 1.0782e-06, 3.8898e-07, 9.4368e-07, 5.1781e-06, 1.6936e-06,
        9.5939e-06, 1.0179e-06, 9.3722e-07, 3.6370e-06, 1.0722e-06, 6.7347e-07,
        2.2300e-06, 3.0641e-06, 3.4990e-06, 3.7269e-06, 5.2029e-06, 1.9017e-06,
        1.8845e-06, 2.0262e-06, 1.2169e-06, 2.4442e-06, 2.0066e-06, 7.5786e-07,
        6.9656e-07, 3.2194e-06, 1.2057e-06, 8.6578e-07, 2.5636e-06, 9.8532e-06,
        2.9566e-06, 5.7878e-06, 2.4743e-06, 5.2290e-07, 3.5905e-07, 1.2138e-06,
        5.5834e-06, 2.7606e-07, 2.9051e-06, 2.7525e-06, 7.1048e-08, 3.5861e-06,
        4.2698e-08, 1.5473e-06, 4.2329e-06, 5.8786e-06, 1.2069e-06, 2.9802e-06,
        6.9340e-06, 7.9153e-07, 1.3443e-06, 2.1669e-06, 1.8346e-06, 1.5655e-06,
        8.1993e-07, 3.1017e-06, 2.8014e-06, 3.1901e-07, 3.8545e-07, 6.4548e-07,
        1.8142e-06, 4.2732e-06, 3.6412e-06, 3.6599e-06, 1.8919e-07, 3.4573e-06,
        7.5141e-06, 1.2735e-06, 1.1031e-06, 1.4873e-06, 3.3468e-06, 6.9435e-06,
        2.8771e-06, 6.6254e-07, 1.9137e-06, 1.6027e-07, 1.2178e-06, 6.9350e-07,
        9.9410e-07, 4.5248e-06, 9.2108e-07, 1.3661e-06, 5.4171e-07, 5.6535e-06,
        7.1443e-07, 3.0676e-08, 5.9131e-06, 1.0757e-06, 7.4534e-07, 6.0049e-06,
        7.0982e-07, 1.3278e-06, 5.7068e-07, 3.3765e-07, 2.0252e-06, 6.5977e-06,
        1.3761e-06, 4.2590e-06, 1.0234e-06, 1.2216e-06, 1.2963e-06, 8.2408e-07,
        7.4128e-06, 6.5281e-06, 2.3551e-06, 1.4428e-06, 7.0054e-07, 4.0740e-06,
        2.0978e-06, 2.9968e-06, 4.8739e-06, 1.0671e-06, 2.4449e-06],
       grad_fn=<CatBackward>)

mean_overall=tensor(2.4321e-06, grad_fn=<MeanBackward0>)

-----------------------------------------------ITERATION240-----------------------------------------------

final_causality=[[1, 1, 1, 1, 1, 1, 1, 1, 1, 1, 1, 1, 1], [1, 1, 1, 1, 1, 1, 1, 1, 1, 1, 1, 1, 1, 1, 1, 1, 1, 1, 1, 1, 1, 1, 1, 1, 1, 1, 1, 1, 1, 1, 1, 1, 1, 1, 1, 1, 1, 1, 1, 1, 1, 1, 1, 1, 1, 1, 1, 1, 1, 1], [1, 1, 1, 1, 1, 1, 1, 1, 1, 1, 1, 1, 1, 1, 1, 1, 1, 1, 1, 1, 1, 1, 1, 1, 1, 1, 1, 1, 1, 1, 1, 1, 1, 1, 1, 1, 1, 1, 1, 1, 1, 1, 1, 1, 1, 1, 1, 1, 1, 1]]

means=tensor([7.6584e-07, 1.0759e-06, 2.5491e-07, 1.0914e-06, 4.3562e-06, 1.3373e-06,
        8.0487e-06, 1.0123e-06, 7.6556e-07, 3.1258e-06, 8.6744e-07, 5.7735e-07,
        1.9034e-06, 2.5247e-06, 2.9183e-06, 3.1080e-06, 4.2612e-06, 1.5230e-06,
        1.5810e-06, 1.7708e-06, 9.3604e-07, 2.1649e-06, 1.6567e-06, 6.2294e-07,
        5.0210e-07, 2.6930e-06, 1.0866e-06, 8.0289e-07, 2.2068e-06, 8.5011e-06,
        2.4394e-06, 5.0890e-06, 2.0910e-06, 2.4859e-07, 2.7734e-07, 1.0641e-06,
        4.7349e-06, 2.2948e-07, 2.4402e-06, 2.3038e-06, 2.6112e-08, 2.9474e-06,
        9.6242e-08, 1.3394e-06, 3.5854e-06, 5.0435e-06, 9.9771e-07, 2.5093e-06,
        5.8587e-06, 7.1858e-07, 9.7499e-07, 1.8220e-06, 1.6092e-06, 1.4306e-06,
        6.5429e-07, 2.5976e-06, 2.3350e-06, 2.6104e-07, 2.2294e-07, 5.8881e-07,
        1.4609e-06, 3.5880e-06, 3.1314e-06, 3.0767e-06, 7.1609e-08, 2.9179e-06,
        6.3753e-06, 9.6476e-07, 9.8756e-07, 1.2591e-06, 2.8167e-06, 5.9802e-06,
        2.4197e-06, 5.9533e-07, 1.4875e-06, 1.7986e-07, 1.1704e-06, 6.1307e-07,
        8.7170e-07, 3.7981e-06, 8.4054e-07, 1.2185e-06, 4.9168e-07, 4.7474e-06,
        6.3962e-07, 1.9150e-07, 5.0509e-06, 9.4865e-07, 6.8378e-07, 5.0850e-06,
        6.3963e-07, 1.2049e-06, 5.1527e-07, 1.0669e-07, 1.7239e-06, 5.5413e-06,
        1.2190e-06, 3.5240e-06, 9.2927e-07, 1.0852e-06, 1.1345e-06, 7.5765e-07,
        6.3147e-06, 5.5202e-06, 1.9425e-06, 1.2321e-06, 5.3092e-07, 3.3431e-06,
        1.7545e-06, 2.6075e-06, 4.0707e-06, 8.9958e-07, 2.0599e-06],
       grad_fn=<CatBackward>)

mean_overall=tensor(2.0611e-06, grad_fn=<MeanBackward0>)

-----------------------------------------------ITERATION250-----------------------------------------------

final_causality=[[1, 1, 1, 1, 1, 1, 1, 1, 1, 1, 1, 1, 1], [1, 1, 1, 1, 1, 1, 1, 1, 1, 1, 1, 1, 1, 1, 1, 1, 1, 1, 1, 1, 1, 1, 1, 1, 1, 1, 1, 1, 1, 1, 1, 1, 1, 1, 1, 1, 1, 1, 1, 1, 1, 1, 1, 1, 1, 1, 1, 1, 1, 1], [1, 1, 1, 1, 1, 1, 1, 1, 1, 1, 1, 1, 1, 1, 1, 1, 1, 1, 1, 1, 1, 1, 1, 1, 1, 1, 1, 1, 1, 1, 1, 1, 1, 1, 1, 1, 1, 1, 1, 1, 1, 1, 1, 1, 1, 1, 1, 1, 1, 1]]

means=tensor([6.5802e-07, 1.0442e-06, 1.4342e-07, 1.1702e-06, 3.6625e-06, 1.0462e-06,
        6.7352e-06, 9.9057e-07, 6.2711e-07, 2.6854e-06, 7.0208e-07, 4.9481e-07,
        1.6209e-06, 2.0719e-06, 2.4200e-06, 2.5774e-06, 3.4724e-06, 1.2132e-06,
        1.3223e-06, 1.5446e-06, 7.1187e-07, 1.9113e-06, 1.3639e-06, 5.1116e-07,
        3.4801e-07, 2.2445e-06, 9.7505e-07, 7.5099e-07, 1.9010e-06, 7.3170e-06,
        2.0075e-06, 4.4600e-06, 1.7706e-06, 4.6161e-08, 2.1514e-07, 9.3278e-07,
        4.0075e-06, 1.8617e-07, 2.0424e-06, 1.9255e-06, 8.2755e-09, 2.4245e-06,
        1.3365e-07, 1.1556e-06, 3.0377e-06, 4.3221e-06, 8.2434e-07, 2.1065e-06,
        4.9357e-06, 6.5184e-07, 6.7201e-07, 1.5236e-06, 1.4061e-06, 1.2979e-06,
        5.2211e-07, 2.1677e-06, 1.9464e-06, 2.1354e-07, 1.0510e-07, 5.2674e-07,
        1.1612e-06, 3.0067e-06, 2.6900e-06, 2.5839e-06, 1.3553e-08, 2.4617e-06,
        5.3926e-06, 7.1570e-07, 8.8210e-07, 1.0714e-06, 2.3560e-06, 5.1365e-06,
        2.0313e-06, 5.3393e-07, 1.1428e-06, 1.8829e-07, 1.1077e-06, 5.4149e-07,
        7.6509e-07, 3.1709e-06, 7.6540e-07, 1.0846e-06, 4.4531e-07, 3.9847e-06,
        5.7281e-07, 3.0451e-07, 4.3016e-06, 8.3577e-07, 6.2140e-07, 4.2891e-06,
        5.7531e-07, 1.0910e-06, 4.6404e-07, 6.6863e-08, 1.4734e-06, 4.6321e-06,
        1.0803e-06, 2.8980e-06, 8.4197e-07, 9.6205e-07, 9.9495e-07, 6.9530e-07,
        5.3678e-06, 4.6608e-06, 1.6029e-06, 1.0568e-06, 3.9626e-07, 2.7363e-06,
        1.4666e-06, 2.2629e-06, 3.3954e-06, 7.5935e-07, 1.7319e-06],
       grad_fn=<CatBackward>)

mean_overall=tensor(1.7450e-06, grad_fn=<MeanBackward0>)

-----------------------------------------------ITERATION260-----------------------------------------------

final_causality=[[1, 1, 1, 1, 1, 1, 1, 1, 1, 1, 1, 1, 1], [1, 1, 1, 1, 1, 1, 1, 1, 1, 1, 1, 1, 1, 1, 1, 1, 1, 1, 1, 1, 1, 1, 1, 1, 1, 1, 1, 1, 1, 1, 1, 1, 1, 1, 1, 1, 1, 1, 1, 1, 1, 1, 1, 1, 1, 1, 1, 1, 1, 1], [1, 1, 1, 1, 1, 1, 1, 1, 1, 1, 1, 1, 1, 1, 1, 1, 1, 1, 1, 1, 1, 1, 1, 1, 1, 1, 1, 1, 1, 1, 1, 1, 1, 1, 1, 1, 1, 1, 1, 1, 1, 1, 1, 1, 1, 1, 1, 1, 1, 1]]

means=tensor([5.6379e-07, 9.9218e-07, 5.2620e-08, 1.1963e-06, 3.0781e-06, 8.1023e-07,
        5.6224e-06, 9.5558e-07, 5.1549e-07, 2.3060e-06, 5.6933e-07, 4.2405e-07,
        1.3774e-06, 1.6931e-06, 1.9944e-06, 2.1248e-06, 2.8145e-06, 9.6062e-07,
        1.1029e-06, 1.3434e-06, 5.3416e-07, 1.6817e-06, 1.1199e-06, 4.1878e-07,
        2.2746e-07, 1.8641e-06, 8.7101e-07, 7.0691e-07, 1.6385e-06, 6.2831e-06,
        1.6486e-06, 3.8964e-06, 1.5028e-06, 8.6721e-08, 1.6822e-07, 8.1750e-07,
        3.3855e-06, 1.4687e-07, 1.7032e-06, 1.6075e-06, 3.3699e-08, 1.9974e-06,
        1.5825e-07, 9.9371e-07, 2.5750e-06, 3.6995e-06, 6.8076e-07, 1.7629e-06,
        4.1465e-06, 5.9064e-07, 4.2536e-07, 1.2671e-06, 1.2243e-06, 1.1697e-06,
        4.1670e-07, 1.8021e-06, 1.6227e-06, 1.7462e-07, 2.1619e-08, 4.6257e-07,
        9.0933e-07, 2.5143e-06, 2.3086e-06, 2.1683e-06, 7.3480e-08, 2.0723e-06,
        4.5467e-06, 5.1661e-07, 7.8613e-07, 9.1592e-07, 1.9582e-06, 4.4002e-06,
        1.7027e-06, 4.7799e-07, 8.6619e-07, 1.8867e-07, 1.0359e-06, 4.7783e-07,
        6.7181e-07, 2.6324e-06, 6.9562e-07, 9.6336e-07, 4.0246e-07, 3.3341e-06,
        5.1281e-07, 3.7941e-07, 3.6519e-06, 7.3565e-07, 5.6041e-07, 3.6035e-06,
        5.1649e-07, 9.8576e-07, 4.1683e-07, 1.9355e-07, 1.2672e-06, 3.8531e-06,
        9.5730e-07, 2.3672e-06, 7.6129e-07, 8.5143e-07, 8.7364e-07, 6.3698e-07,
        4.5534e-06, 3.9298e-06, 1.3237e-06, 9.1041e-07, 3.0009e-07, 2.2338e-06,
        1.2259e-06, 1.9593e-06, 2.8290e-06, 6.4204e-07, 1.4534e-06],
       grad_fn=<CatBackward>)

mean_overall=tensor(1.4791e-06, grad_fn=<MeanBackward0>)

-----------------------------------------------ITERATION270-----------------------------------------------

final_causality=[[1, 1, 1, 1, 1, 1, 1, 1, 1, 1, 1, 1, 1], [1, 1, 1, 1, 1, 1, 1, 1, 1, 1, 1, 1, 1, 1, 1, 1, 1, 1, 1, 1, 1, 1, 1, 1, 1, 1, 1, 1, 1, 1, 1, 1, 1, 1, 1, 1, 1, 1, 1, 1, 1, 1, 1, 1, 1, 1, 1, 1, 1, 1], [1, 1, 1, 1, 1, 1, 1, 1, 1, 1, 1, 1, 1, 1, 1, 1, 1, 1, 1, 1, 1, 1, 1, 1, 1, 1, 1, 1, 1, 1, 1, 1, 1, 1, 1, 1, 1, 1, 1, 1, 1, 1, 1, 1, 1, 1, 1, 1, 1, 1]]

means=tensor([4.8178e-07, 9.2720e-07, 6.8572e-08, 1.1833e-06, 2.5866e-06, 6.2068e-07,
        4.6823e-06, 9.1024e-07, 4.2540e-07, 1.9796e-06, 4.6335e-07, 3.6345e-07,
        1.1680e-06, 1.3775e-06, 1.6329e-06, 1.7406e-06, 2.2684e-06, 7.5540e-07,
        9.1738e-07, 1.1651e-06, 3.9431e-07, 1.4747e-06, 9.1740e-07, 3.4262e-07,
        1.3456e-07, 1.5426e-06, 7.7461e-07, 6.6818e-07, 1.4130e-06, 5.3833e-06,
        1.3516e-06, 3.3937e-06, 1.2793e-06, 1.7503e-07, 1.3311e-07, 7.1633e-07,
        2.8550e-06, 1.1195e-07, 1.4151e-06, 1.3407e-06, 5.2015e-08, 1.6490e-06,
        1.7283e-07, 8.5169e-07, 2.1844e-06, 3.1629e-06, 5.6192e-07, 1.4708e-06,
        3.4741e-06, 5.3447e-07, 2.2650e-07, 1.0478e-06, 1.0626e-06, 1.0478e-06,
        3.3257e-07, 1.4921e-06, 1.3531e-06, 1.4273e-07, 3.6714e-08, 3.9890e-07,
        6.9958e-07, 2.0977e-06, 1.9795e-06, 1.8184e-06, 1.1397e-07, 1.7410e-06,
        3.8208e-06, 3.5908e-07, 6.9906e-07, 7.8630e-07, 1.6169e-06, 3.7597e-06,
        1.4253e-06, 4.2717e-07, 6.4616e-07, 1.8341e-07, 9.5967e-07, 4.2128e-07,
        5.8998e-07, 2.1725e-06, 6.3107e-07, 8.5394e-07, 3.6298e-07, 2.7778e-06,
        4.5872e-07, 4.2440e-07, 3.0901e-06, 6.4699e-07, 5.0226e-07, 3.0155e-06,
        4.6281e-07, 8.8891e-07, 3.7349e-07, 2.8243e-07, 1.0945e-06, 3.1887e-06,
        8.4791e-07, 1.9195e-06, 6.8696e-07, 7.5232e-07, 7.6763e-07, 5.8258e-07,
        3.8545e-06, 3.3095e-06, 1.0943e-06, 7.8747e-07, 2.3043e-07, 1.8183e-06,
        1.0248e-06, 1.6931e-06, 2.3552e-06, 5.4393e-07, 1.2178e-06],
       grad_fn=<CatBackward>)

mean_overall=tensor(1.2535e-06, grad_fn=<MeanBackward0>)

-----------------------------------------------ITERATION280-----------------------------------------------

final_causality=[[1, 1, 1, 1, 1, 1, 1, 1, 1, 1, 1, 1, 1], [1, 1, 1, 1, 1, 1, 1, 1, 1, 1, 1, 1, 1, 1, 1, 1, 1, 1, 1, 1, 1, 1, 1, 1, 1, 1, 1, 1, 1, 1, 1, 1, 1, 1, 1, 1, 1, 1, 1, 1, 1, 1, 1, 1, 1, 1, 1, 1, 1, 1], [1, 1, 1, 1, 1, 1, 1, 1, 1, 1, 1, 1, 1, 1, 1, 1, 1, 1, 1, 1, 1, 1, 1, 1, 1, 1, 1, 1, 1, 1, 1, 1, 1, 1, 1, 1, 1, 1, 1, 1, 1, 1, 1, 1, 1, 1, 1, 1, 1, 1]]

means=tensor([4.1067e-07, 8.5481e-07, 1.1504e-07, 1.1425e-06, 2.1737e-06, 4.6981e-07,
        3.8904e-06, 8.5733e-07, 3.5252e-07, 1.6987e-06, 3.7916e-07, 3.1159e-07,
        9.8860e-07, 1.1156e-06, 1.3273e-06, 1.4163e-06, 1.8169e-06, 5.8925e-07,
        7.6127e-07, 1.0075e-06, 2.8514e-07, 1.2888e-06, 7.4996e-07, 2.7999e-07,
        6.4254e-08, 1.2720e-06, 6.8585e-07, 6.3295e-07, 1.2190e-06, 4.6025e-06,
        1.1067e-06, 2.9472e-06, 1.0929e-06, 2.3371e-07, 1.0702e-07, 6.2756e-07,
        2.4036e-06, 8.1537e-08, 1.1713e-06, 1.1173e-06, 6.5185e-08, 1.3651e-06,
        1.7967e-07, 7.2766e-07, 1.8548e-06, 2.7011e-06, 4.6366e-07, 1.2233e-06,
        2.9033e-06, 4.8289e-07, 6.8051e-08, 8.6156e-07, 9.1957e-07, 9.3330e-07,
        2.6535e-07, 1.2301e-06, 1.1286e-06, 1.1659e-07, 7.5172e-08, 3.3764e-07,
        5.2667e-07, 1.7457e-06, 1.6961e-06, 1.5244e-06, 1.3964e-07, 1.4597e-06,
        3.1998e-06, 2.3591e-07, 6.2028e-07, 6.7746e-07, 1.3259e-06, 3.2046e-06,
        1.1917e-06, 3.8111e-07, 4.7274e-07, 1.7440e-07, 8.8220e-07, 3.7109e-07,
        5.1825e-07, 1.7819e-06, 5.7154e-07, 7.5542e-07, 3.2671e-07, 2.3042e-06,
        4.0985e-07, 4.4631e-07, 2.6056e-06, 5.6858e-07, 4.4781e-07, 2.5132e-06,
        4.1394e-07, 8.0002e-07, 3.3382e-07, 3.4120e-07, 9.4930e-07, 2.6247e-06,
        7.5050e-07, 1.5437e-06, 6.1866e-07, 6.6373e-07, 6.7462e-07, 5.3196e-07,
        3.2564e-06, 2.7842e-06, 9.0604e-07, 6.8365e-07, 1.7015e-07, 1.4757e-06,
        8.5729e-07, 1.4607e-06, 1.9596e-06, 4.6183e-07, 1.0191e-06],
       grad_fn=<CatBackward>)

mean_overall=tensor(1.0612e-06, grad_fn=<MeanBackward0>)

-----------------------------------------------ITERATION290-----------------------------------------------

final_causality=[[1, 1, 1, 1, 1, 1, 1, 1, 1, 1, 1, 1, 1], [1, 1, 1, 1, 1, 1, 1, 1, 1, 1, 1, 1, 1, 1, 1, 1, 1, 1, 1, 1, 1, 1, 1, 1, 1, 1, 1, 1, 1, 1, 1, 1, 1, 1, 1, 1, 1, 1, 1, 1, 1, 1, 1, 1, 1, 1, 1, 1, 1, 1], [1, 1, 1, 1, 1, 1, 1, 1, 1, 1, 1, 1, 1, 1, 1, 1, 1, 1, 1, 1, 1, 1, 1, 1, 1, 1, 1, 1, 1, 1, 1, 1, 1, 1, 1, 1, 1, 1, 1, 1, 1, 1, 1, 1, 1, 1, 1, 1, 1, 1]]

means=tensor([3.4924e-07, 7.7928e-07, 1.4928e-07, 1.0827e-06, 1.8273e-06, 3.5093e-07,
        3.2253e-06, 7.9939e-07, 2.9333e-07, 1.4573e-06, 3.1257e-07, 2.6724e-07,
        8.3525e-07, 8.9925e-07, 1.0706e-06, 1.1438e-06, 1.4514e-06, 4.5527e-07,
        6.3033e-07, 8.6877e-07, 2.0066e-07, 1.1226e-06, 6.1201e-07, 2.2859e-07,
        1.2240e-08, 1.0451e-06, 6.0466e-07, 5.9988e-07, 1.0521e-06, 3.9270e-06,
        9.0566e-07, 2.5523e-06, 9.3675e-07, 2.6926e-07, 8.7727e-08, 5.4969e-07,
        2.0204e-06, 5.5540e-08, 9.6592e-07, 9.3065e-07, 7.3981e-08, 1.1339e-06,
        1.8061e-07, 6.1983e-07, 1.5766e-06, 2.3042e-06, 3.8250e-07, 1.0141e-06,
        2.4205e-06, 4.3555e-07, 5.7639e-08, 7.0425e-07, 7.9366e-07, 8.2706e-07,
        2.1152e-07, 1.0095e-06, 9.4178e-07, 9.5179e-08, 9.8620e-08, 2.8015e-07,
        3.8566e-07, 1.4488e-06, 1.4523e-06, 1.2776e-06, 1.5418e-07, 1.2217e-06,
        2.6701e-06, 1.4091e-07, 5.4919e-07, 5.8548e-07, 1.0794e-06, 2.7249e-06,
        9.9552e-07, 3.3948e-07, 3.3743e-07, 1.6307e-07, 8.0616e-07, 3.2658e-07,
        4.5554e-07, 1.4521e-06, 5.1677e-07, 6.6695e-07, 2.9348e-07, 1.9026e-06,
        3.6569e-07, 4.5080e-07, 2.1890e-06, 4.9933e-07, 3.9752e-07, 2.0859e-06,
        3.6955e-07, 7.1867e-07, 2.9763e-07, 3.7632e-07, 8.2601e-07, 2.1482e-06,
        6.7025e-07, 1.2301e-06, 5.5607e-07, 5.8469e-07, 5.9278e-07, 4.8494e-07,
        2.7459e-06, 2.3403e-06, 7.5143e-07, 5.9547e-07, 1.1871e-07, 1.1937e-06,
        7.1778e-07, 1.2586e-06, 1.6300e-06, 3.9306e-07, 8.5206e-07],
       grad_fn=<CatBackward>)

mean_overall=tensor(8.9801e-07, grad_fn=<MeanBackward0>)

-----------------------------------------------ITERATION300-----------------------------------------------

final_causality=[[1, 1, 1, 1, 1, 1, 1, 1, 1, 1, 1, 1, 1], [1, 1, 1, 1, 1, 1, 1, 1, 1, 1, 1, 1, 1, 1, 1, 1, 1, 1, 1, 1, 1, 1, 1, 1, 1, 1, 1, 1, 1, 1, 1, 1, 1, 1, 1, 1, 1, 1, 1, 1, 1, 1, 1, 1, 1, 1, 1, 1, 1, 1], [1, 1, 1, 1, 1, 1, 1, 1, 1, 1, 1, 1, 1, 1, 1, 1, 1, 1, 1, 1, 1, 1, 1, 1, 1, 1, 1, 1, 1, 1, 1, 1, 1, 1, 1, 1, 1, 1, 1, 1, 1, 1, 1, 1, 1, 1, 1, 1, 1, 1]]

means=tensor([2.9636e-07, 7.0374e-07, 1.7310e-07, 1.0108e-06, 1.5369e-06, 2.5827e-07,
        2.6682e-06, 7.3865e-07, 2.4502e-07, 1.2500e-06, 2.6007e-07, 2.2933e-07,
        7.0454e-07, 7.2135e-07, 8.5605e-07, 9.1617e-07, 1.1528e-06, 3.4769e-07,
        5.2090e-07, 7.4702e-07, 1.3597e-07, 9.7462e-07, 4.9877e-07, 1.8650e-07,
        2.5033e-08, 8.5563e-07, 5.3089e-07, 5.6804e-07, 9.0826e-07, 3.3442e-06,
        7.4102e-07, 2.2045e-06, 8.0563e-07, 2.8703e-07, 7.3486e-08, 4.8140e-07,
        1.6958e-06, 3.3736e-08, 7.9349e-07, 7.7498e-07, 7.9051e-08, 9.4553e-07,
        1.7718e-07, 5.2649e-07, 1.3417e-06, 1.9635e-06, 3.1554e-07, 8.3803e-07,
        2.0135e-06, 3.9215e-07, 1.5472e-07, 5.7214e-07, 6.8334e-07, 7.2942e-07,
        1.6829e-07, 8.2446e-07, 7.8619e-07, 7.7649e-08, 1.1116e-07, 2.2735e-07,
        2.7199e-07, 1.1989e-06, 1.2441e-06, 1.0708e-06, 1.6047e-07, 1.0207e-06,
        2.2198e-06, 6.8835e-08, 4.8522e-07, 5.0726e-07, 8.7178e-07, 2.3117e-06,
        8.3107e-07, 3.0192e-07, 2.3301e-07, 1.5046e-07, 7.3293e-07, 2.8715e-07,
        4.0025e-07, 1.1751e-06, 4.6652e-07, 5.8770e-07, 2.6312e-07, 1.5636e-06,
        3.2579e-07, 4.4249e-07, 1.8319e-06, 4.3822e-07, 3.5154e-07, 1.7240e-06,
        3.2934e-07, 6.4440e-07, 2.6473e-07, 3.9318e-07, 7.2075e-07, 1.7477e-06,
        5.9837e-07, 9.6988e-07, 4.9888e-07, 5.1432e-07, 5.2065e-07, 4.4135e-07,
        2.3111e-06, 1.9658e-06, 6.2444e-07, 5.2013e-07, 7.5448e-08, 9.6204e-07,
        6.0695e-07, 1.0834e-06, 1.3559e-06, 3.3535e-07, 7.1190e-07],
       grad_fn=<CatBackward>)

mean_overall=tensor(7.6033e-07, grad_fn=<MeanBackward0>)

-----------------------------------------------ITERATION310-----------------------------------------------

final_causality=[[1, 1, 1, 1, 1, 1, 1, 1, 1, 1, 1, 1, 1], [1, 1, 1, 1, 1, 1, 1, 1, 1, 1, 1, 1, 1, 1, 1, 1, 1, 1, 1, 1, 1, 1, 1, 1, 1, 1, 1, 1, 1, 1, 1, 1, 1, 1, 1, 1, 1, 1, 1, 1, 1, 1, 1, 1, 1, 1, 1, 1, 1, 1], [1, 1, 1, 1, 1, 1, 1, 1, 1, 1, 1, 1, 1, 1, 1, 1, 1, 1, 1, 1, 1, 1, 1, 1, 1, 1, 1, 1, 1, 1, 1, 1, 1, 1, 1, 1, 1, 1, 1, 1, 1, 1, 1, 1, 1, 1, 1, 1, 1, 1]]

means=tensor([2.5097e-07, 6.3044e-07, 1.8819e-07, 9.3234e-07, 1.2936e-06, 1.8691e-07,
        2.2027e-06, 6.7696e-07, 2.0537e-07, 1.0720e-06, 2.1874e-07, 1.9692e-07,
        5.9341e-07, 5.7576e-07, 6.7796e-07, 7.2705e-07, 9.0788e-07, 2.6173e-07,
        4.2972e-07, 6.4052e-07, 8.7013e-08, 8.4345e-07, 4.0611e-07, 1.5208e-07,
        5.0721e-08, 6.9802e-07, 4.6425e-07, 5.3688e-07, 7.8426e-07, 2.8427e-06,
        6.0658e-07, 1.8993e-06, 6.9528e-07, 2.9144e-07, 6.2949e-08, 4.2152e-07,
        1.4215e-06, 1.5810e-08, 6.4933e-07, 6.4866e-07, 8.1132e-08, 7.9193e-07,
        1.7058e-07, 4.4606e-07, 1.1433e-06, 1.6715e-06, 2.6038e-07, 6.9018e-07,
        1.6713e-06, 3.5241e-07, 2.2730e-07, 4.6182e-07, 5.8710e-07, 6.4047e-07,
        1.3350e-07, 6.6990e-07, 6.5663e-07, 6.3304e-08, 1.1593e-07, 1.7977e-07,
        1.8155e-07, 9.8895e-07, 1.0656e-06, 8.9763e-07, 1.6078e-07, 8.5154e-07,
        1.8382e-06, 1.5250e-08, 4.2781e-07, 4.4039e-07, 6.9809e-07, 1.9569e-06,
        6.9348e-07, 2.6811e-07, 1.5344e-07, 1.3735e-07, 6.6348e-07, 2.5225e-07,
        3.5150e-07, 9.4400e-07, 4.2052e-07, 5.1687e-07, 2.3543e-07, 1.2787e-06,
        2.8979e-07, 4.2510e-07, 1.5268e-06, 3.8436e-07, 3.1043e-07, 1.4187e-06,
        2.9300e-07, 5.7677e-07, 2.3490e-07, 3.9623e-07, 6.3042e-07, 1.4126e-06,
        5.3348e-07, 7.5538e-07, 4.4674e-07, 4.5176e-07, 4.5702e-07, 4.0102e-07,
        1.9418e-06, 1.6505e-06, 5.2008e-07, 4.5539e-07, 3.9657e-08, 7.7699e-07,
        5.1834e-07, 9.3196e-07, 1.1281e-06, 2.8682e-07, 5.9456e-07],
       grad_fn=<CatBackward>)

mean_overall=tensor(6.4326e-07, grad_fn=<MeanBackward0>)

-----------------------------------------------ITERATION320-----------------------------------------------

final_causality=[[1, 1, 1, 1, 1, 1, 1, 1, 1, 1, 1, 1, 1], [1, 1, 1, 1, 1, 1, 1, 1, 1, 1, 1, 1, 1, 1, 1, 1, 1, 1, 1, 1, 1, 1, 1, 1, 1, 1, 1, 1, 1, 1, 1, 1, 1, 1, 1, 1, 1, 1, 1, 1, 1, 1, 1, 1, 1, 1, 1, 1, 1, 1], [1, 1, 1, 1, 1, 1, 1, 1, 1, 1, 1, 1, 1, 1, 1, 1, 1, 1, 1, 1, 1, 1, 1, 1, 1, 1, 1, 1, 1, 1, 1, 1, 1, 1, 1, 1, 1, 1, 1, 1, 1, 1, 1, 1, 1, 1, 1, 1, 1, 1]]

means=tensor([2.1213e-07, 5.6088e-07, 1.9614e-07, 8.5136e-07, 1.0899e-06, 1.3265e-07,
        1.8148e-06, 6.1585e-07, 1.7261e-07, 9.1931e-07, 1.8620e-07, 1.6922e-07,
        4.9918e-07, 4.5722e-07, 5.3111e-07, 5.7082e-07, 7.0804e-07, 1.9342e-07,
        3.5397e-07, 5.4768e-07, 5.0486e-08, 7.2770e-07, 3.3052e-07, 1.2399e-07,
        6.7411e-08, 5.6743e-07, 4.0443e-07, 5.0607e-07, 6.7728e-07, 2.4124e-06,
        4.9702e-07, 1.6324e-06, 6.0209e-07, 2.8606e-07, 5.5083e-08, 3.6902e-07,
        1.1902e-06, 1.3887e-09, 5.2928e-07, 5.4589e-07, 8.0875e-08, 6.6644e-07,
        1.6181e-07, 3.7704e-07, 9.7534e-07, 1.4216e-06, 2.1501e-07, 5.6691e-07,
        1.3872e-06, 3.1608e-07, 2.7955e-07, 3.7022e-07, 5.0346e-07, 5.6007e-07,
        1.0541e-07, 5.4135e-07, 5.4873e-07, 5.1572e-08, 1.1531e-07, 1.3763e-07,
        1.1064e-07, 8.1302e-07, 9.1240e-07, 7.5272e-07, 1.5688e-07, 7.0938e-07,
        1.5161e-06, 2.3567e-08, 3.7642e-07, 3.8295e-07, 5.5370e-07, 1.6532e-06,
        5.7853e-07, 2.3773e-07, 9.3705e-08, 1.2430e-07, 5.9842e-07, 2.2224e-07,
        3.0851e-07, 7.5227e-07, 3.7848e-07, 4.5371e-07, 2.1025e-07, 1.0402e-06,
        2.5735e-07, 4.0159e-07, 1.2670e-06, 3.3694e-07, 2.7361e-07, 1.1622e-06,
        2.6024e-07, 5.1532e-07, 2.0820e-07, 3.8908e-07, 5.5249e-07, 1.1337e-06,
        4.7496e-07, 5.7978e-07, 3.9933e-07, 3.9625e-07, 4.0088e-07, 3.6377e-07,
        1.6289e-06, 1.3853e-06, 4.3549e-07, 3.9947e-07, 1.0591e-08, 6.2674e-07,
        4.4333e-07, 8.0143e-07, 9.3908e-07, 2.4591e-07, 4.9649e-07],
       grad_fn=<CatBackward>)

mean_overall=tensor(5.4411e-07, grad_fn=<MeanBackward0>)

-----------------------------------------------ITERATION330-----------------------------------------------

final_causality=[[1, 1, 1, 1, 1, 1, 1, 1, 1, 1, 1, 1, 1], [1, 1, 1, 1, 1, 1, 1, 1, 1, 1, 1, 1, 1, 1, 1, 1, 1, 1, 1, 1, 1, 1, 1, 1, 1, 1, 1, 1, 1, 1, 1, 1, 1, 1, 1, 1, 1, 1, 1, 1, 1, 1, 1, 1, 1, 1, 1, 1, 1, 1], [1, 1, 1, 1, 1, 1, 1, 1, 1, 1, 1, 1, 1, 1, 1, 1, 1, 1, 1, 1, 1, 1, 1, 1, 1, 1, 1, 1, 1, 1, 1, 1, 1, 1, 1, 1, 1, 1, 1, 1, 1, 1, 1, 1, 1, 1, 1, 1, 1, 1]]

means=tensor([1.7899e-07, 4.9604e-07, 1.9836e-07, 7.7086e-07, 9.1927e-07, 9.1978e-08,
        1.4924e-06, 5.5649e-07, 1.4536e-07, 7.8832e-07, 1.6049e-07, 1.4553e-07,
        4.1945e-07, 3.6119e-07, 4.1086e-07, 4.4255e-07, 5.4593e-07, 1.3948e-07,
        2.9120e-07, 4.6702e-07, 2.3705e-08, 6.2601e-07, 2.6927e-07, 1.0109e-07,
        7.7184e-08, 4.5965e-07, 3.5102e-07, 4.7549e-07, 5.8494e-07, 2.0440e-06,
        4.0789e-07, 1.3999e-06, 5.2311e-07, 2.7379e-07, 4.9111e-08, 3.2301e-07,
        9.9549e-07, 9.9158e-09, 4.2972e-07, 4.5953e-07, 7.8844e-08, 5.6365e-07,
        1.5161e-07, 3.1806e-07, 8.3346e-07, 1.2080e-06, 1.7772e-07, 4.6485e-07,
        1.1527e-06, 2.8293e-07, 3.1503e-07, 2.9458e-07, 4.3102e-07, 4.8791e-07,
        8.2677e-08, 4.3491e-07, 4.5883e-07, 4.1985e-08, 1.1111e-07, 1.0092e-07,
        5.6026e-08, 6.6595e-07, 7.8089e-07, 6.3153e-07, 1.5010e-07, 5.9022e-07,
        1.2451e-06, 5.0721e-08, 3.3052e-07, 3.3340e-07, 4.3446e-07, 1.3938e-06,
        4.8264e-07, 2.1049e-07, 4.9637e-08, 1.1168e-07, 5.3804e-07, 1.9590e-07,
        2.7063e-07, 5.9425e-07, 3.4015e-07, 3.9751e-07, 1.8740e-07, 8.4158e-07,
        2.2819e-07, 3.7428e-07, 1.0465e-06, 2.9520e-07, 2.4050e-07, 9.4752e-07,
        2.3076e-07, 4.5962e-07, 1.8509e-07, 3.7465e-07, 4.8493e-07, 9.0295e-07,
        4.2227e-07, 4.3710e-07, 3.5633e-07, 3.4706e-07, 3.5135e-07, 3.2944e-07,
        1.3645e-06, 1.1626e-06, 3.6705e-07, 3.5092e-07, 1.2505e-08, 5.0300e-07,
        3.7980e-07, 6.8914e-07, 7.8233e-07, 2.1130e-07, 4.1464e-07],
       grad_fn=<CatBackward>)

mean_overall=tensor(4.6045e-07, grad_fn=<MeanBackward0>)

-----------------------------------------------ITERATION340-----------------------------------------------

final_causality=[[1, 1, 1, 1, 1, 1, 1, 1, 1, 1, 1, 1, 1], [1, 1, 1, 1, 1, 1, 1, 1, 1, 1, 1, 1, 1, 1, 1, 1, 1, 1, 1, 1, 1, 1, 1, 1, 1, 1, 1, 1, 1, 1, 1, 1, 1, 1, 1, 1, 1, 1, 1, 1, 1, 1, 1, 1, 1, 1, 1, 1, 1, 1], [1, 1, 1, 1, 1, 1, 1, 1, 1, 1, 1, 1, 1, 1, 1, 1, 1, 1, 1, 1, 1, 1, 1, 1, 1, 1, 1, 1, 1, 1, 1, 1, 1, 1, 1, 1, 1, 1, 1, 1, 1, 1, 1, 1, 1, 1, 1, 1, 1, 1]]

means=tensor([1.5078e-07, 4.3646e-07, 1.9610e-07, 6.9296e-07, 7.7637e-07, 6.1986e-08,
        1.2249e-06, 4.9978e-07, 1.2255e-07, 6.7598e-07, 1.4006e-07, 1.2525e-07,
        3.5214e-07, 2.8381e-07, 3.1316e-07, 3.3792e-07, 4.1523e-07, 9.7198e-08,
        2.3932e-07, 3.9716e-07, 4.5054e-09, 5.3705e-07, 2.1960e-07, 8.2438e-08,
        8.1740e-08, 3.7104e-07, 3.0359e-07, 4.4514e-07, 5.0517e-07, 1.7294e-06,
        3.3546e-07, 1.1982e-06, 4.5589e-07, 2.5693e-07, 4.4457e-08, 2.8268e-07,
        8.3191e-07, 1.8496e-08, 3.4748e-07, 3.8704e-07, 7.5519e-08, 4.7915e-07,
        1.4061e-07, 2.6784e-07, 7.1340e-07, 1.0257e-06, 1.4712e-07, 3.7977e-07,
        9.5634e-07, 2.5275e-07, 3.3683e-07, 2.3249e-07, 3.6850e-07, 4.2377e-07,
        6.4261e-08, 3.4719e-07, 3.8393e-07, 3.4718e-08, 1.0464e-07, 6.9469e-08,
        1.4835e-08, 5.4336e-07, 6.6812e-07, 5.3021e-07, 1.4148e-07, 4.9267e-07,
        1.0179e-06, 6.8761e-08, 2.8963e-07, 2.9053e-07, 3.3667e-07, 1.1730e-06,
        4.0273e-07, 1.8611e-07, 1.7838e-08, 9.9731e-08, 4.8243e-07, 1.7245e-07,
        2.3724e-07, 4.6486e-07, 3.0527e-07, 3.4762e-07, 1.6671e-07, 6.7685e-07,
        2.0201e-07, 3.4496e-07, 8.6021e-07, 2.5850e-07, 2.1088e-07, 7.6868e-07,
        2.0431e-07, 4.0923e-07, 1.6420e-07, 3.5526e-07, 4.2611e-07, 7.1298e-07,
        3.7491e-07, 3.2212e-07, 3.1741e-07, 3.0355e-07, 3.0768e-07, 2.9785e-07,
        1.1415e-06, 9.7575e-07, 3.0999e-07, 3.0861e-07, 3.0377e-08, 4.0137e-07,
        3.2595e-07, 5.9270e-07, 6.5238e-07, 1.8195e-07, 3.4639e-07],
       grad_fn=<CatBackward>)

mean_overall=tensor(3.8952e-07, grad_fn=<MeanBackward0>)

-----------------------------------------------ITERATION350-----------------------------------------------

final_causality=[[1, 1, 1, 1, 1, 1, 1, 1, 1, 1, 1, 1, 1], [1, 1, 1, 1, 1, 1, 1, 1, 1, 1, 1, 1, 1, 1, 1, 1, 1, 1, 1, 1, 1, 1, 1, 1, 1, 1, 1, 1, 1, 1, 1, 1, 1, 1, 1, 1, 1, 1, 1, 1, 1, 1, 1, 1, 1, 1, 1, 1, 1, 1], [1, 1, 1, 1, 1, 1, 1, 1, 1, 1, 1, 1, 1, 1, 1, 1, 1, 1, 1, 1, 1, 1, 1, 1, 1, 1, 1, 1, 1, 1, 1, 1, 1, 1, 1, 1, 1, 1, 1, 1, 1, 1, 1, 1, 1, 1, 1, 1, 1, 1]]

means=tensor([1.2683e-07, 3.8234e-07, 1.9043e-07, 6.1909e-07, 6.5660e-07, 4.0277e-08,
        1.0036e-06, 4.4635e-07, 1.0335e-07, 5.7966e-07, 1.2366e-07, 1.0789e-07,
        2.9542e-07, 2.2179e-07, 2.3443e-07, 2.5317e-07, 3.1057e-07, 6.4340e-08,
        1.9652e-07, 3.3688e-07, 8.9653e-09, 4.5955e-07, 1.7932e-07, 6.7251e-08,
        8.2455e-08, 2.9847e-07, 2.6168e-07, 4.1511e-07, 4.3625e-07, 1.4613e-06,
        2.7661e-07, 1.0241e-06, 3.9843e-07, 2.3727e-07, 4.0703e-08, 2.4734e-07,
        6.9475e-07, 2.4771e-08, 2.7983e-07, 3.2625e-07, 7.1298e-08, 4.0938e-07,
        1.2927e-07, 2.2525e-07, 6.1130e-07, 8.7031e-07, 1.2203e-07, 3.0906e-07,
        7.9238e-07, 2.2534e-07, 3.4757e-07, 1.8180e-07, 3.1467e-07, 3.6706e-07,
        4.9328e-08, 2.7527e-07, 3.2150e-07, 2.8790e-08, 9.6877e-08, 4.2979e-08,
        1.5715e-08, 4.4150e-07, 5.7147e-07, 4.4552e-07, 1.3179e-07, 4.1213e-07,
        8.2828e-07, 8.0058e-08, 2.5329e-07, 2.5333e-07, 2.5705e-07, 9.8553e-07,
        3.3620e-07, 1.6432e-07, 4.4595e-09, 8.8606e-08, 4.3153e-07, 1.5162e-07,
        2.0784e-07, 3.5975e-07, 2.7358e-07, 3.0342e-07, 1.4801e-07, 5.4090e-07,
        1.7857e-07, 3.1496e-07, 7.0335e-07, 2.2624e-07, 1.8448e-07, 6.2028e-07,
        1.8062e-07, 3.6376e-07, 1.4684e-07, 3.3272e-07, 3.7469e-07, 5.5841e-07,
        3.3239e-07, 2.3031e-07, 2.8227e-07, 2.6513e-07, 2.6920e-07, 2.6884e-07,
        9.5381e-07, 8.1912e-07, 2.6236e-07, 2.7158e-07, 4.3744e-08, 3.1816e-07,
        2.8027e-07, 5.0997e-07, 5.4468e-07, 1.5697e-07, 2.8953e-07],
       grad_fn=<CatBackward>)

mean_overall=tensor(3.2986e-07, grad_fn=<MeanBackward0>)

-----------------------------------------------ITERATION360-----------------------------------------------

final_causality=[[1, 1, 1, 1, 1, 1, 1, 1, 1, 1, 1, 1, 1], [1, 1, 1, 1, 1, 1, 1, 1, 1, 1, 1, 1, 1, 1, 1, 1, 1, 1, 1, 1, 1, 1, 1, 1, 1, 1, 1, 1, 1, 1, 1, 1, 1, 1, 1, 1, 1, 1, 1, 1, 1, 1, 1, 1, 1, 1, 1, 1, 1, 1], [1, 1, 1, 1, 1, 1, 1, 1, 1, 1, 1, 1, 1, 1, 1, 1, 1, 1, 1, 1, 1, 1, 1, 1, 1, 1, 1, 1, 1, 1, 1, 1, 1, 1, 1, 1, 1, 1, 1, 1, 1, 1, 1, 1, 1, 1, 1, 1, 1, 1]]

means=tensor([1.0653e-07, 3.3367e-07, 1.8228e-07, 5.5014e-07, 5.5613e-07, 2.4905e-08,
        8.2095e-07, 3.9660e-07, 8.7090e-08, 4.9706e-07, 1.1033e-07, 9.3016e-08,
        2.4772e-07, 1.7236e-07, 1.7157e-07, 1.8505e-07, 2.2737e-07, 3.9071e-08,
        1.6129e-07, 2.8501e-07, 1.7967e-08, 3.9230e-07, 1.4673e-07, 5.5190e-08,
        8.0428e-08, 2.3926e-07, 2.2482e-07, 3.8555e-07, 3.7674e-07, 1.2334e-06,
        2.2882e-07, 8.7353e-07, 3.4907e-07, 2.1620e-07, 3.7549e-08, 2.1637e-07,
        5.7991e-07, 2.9105e-08, 2.2441e-07, 2.7530e-07, 6.6509e-08, 3.5147e-07,
        1.1794e-07, 1.8922e-07, 5.2432e-07, 7.3799e-07, 1.0148e-07, 2.5050e-07,
        6.5576e-07, 2.0050e-07, 3.4951e-07, 1.4068e-07, 2.6845e-07, 3.1694e-07,
        3.7229e-08, 2.1660e-07, 2.6944e-07, 2.3870e-08, 8.8515e-08, 2.1062e-08,
        3.7488e-08, 3.5714e-07, 4.8869e-07, 3.7471e-07, 1.2160e-07, 3.4450e-07,
        6.7057e-07, 8.6661e-08, 2.2108e-07, 2.2098e-07, 1.9273e-07, 8.2669e-07,
        2.8083e-07, 1.4487e-07, 1.9484e-08, 7.8379e-08, 3.8516e-07, 1.3314e-07,
        1.8196e-07, 2.7560e-07, 2.4483e-07, 2.6434e-07, 1.3116e-07, 4.2928e-07,
        1.5762e-07, 2.8527e-07, 5.7184e-07, 1.9791e-07, 1.6102e-07, 4.9768e-07,
        1.5945e-07, 3.2280e-07, 1.3264e-07, 3.0845e-07, 3.2959e-07, 4.3289e-07,
        2.9428e-07, 1.5777e-07, 2.5061e-07, 2.3125e-07, 2.3531e-07, 2.4225e-07,
        7.9613e-07, 6.8791e-07, 2.2251e-07, 2.3908e-07, 5.3281e-08, 2.5026e-07,
        2.4145e-07, 4.3905e-07, 4.5539e-07, 1.3563e-07, 2.4217e-07],
       grad_fn=<CatBackward>)

mean_overall=tensor(2.7966e-07, grad_fn=<MeanBackward0>)

-----------------------------------------------ITERATION370-----------------------------------------------

final_causality=[[1, 1, 1, 1, 1, 1, 1, 1, 1, 1, 1, 1, 1], [1, 1, 1, 1, 1, 1, 1, 1, 1, 1, 1, 1, 1, 1, 1, 1, 1, 1, 1, 1, 1, 1, 1, 1, 1, 1, 1, 1, 1, 1, 1, 1, 1, 1, 1, 1, 1, 1, 1, 1, 1, 1, 1, 1, 1, 1, 1, 1, 1, 1], [1, 1, 1, 1, 1, 1, 1, 1, 1, 1, 1, 1, 1, 1, 1, 1, 1, 1, 1, 1, 1, 1, 1, 1, 1, 1, 1, 1, 1, 1, 1, 1, 1, 1, 1, 1, 1, 1, 1, 1, 1, 1, 1, 1, 1, 1, 1, 1, 1, 1]]

means=tensor([8.9367e-08, 2.9026e-07, 1.7241e-07, 4.8662e-07, 4.7176e-07, 1.4310e-08,
        6.7044e-07, 3.5076e-07, 7.3282e-08, 4.2623e-07, 9.9309e-08, 8.0251e-08,
        2.0767e-07, 1.3319e-07, 1.2187e-07, 1.3077e-07, 1.6179e-07, 1.9885e-08,
        1.3232e-07, 2.4054e-07, 2.3566e-08, 3.3415e-07, 1.2038e-07, 4.5406e-08,
        7.6526e-08, 1.9115e-07, 1.9255e-07, 3.5663e-07, 3.2565e-07, 1.0399e-06,
        1.9018e-07, 7.4376e-07, 3.0647e-07, 1.9477e-07, 3.4790e-08, 1.8923e-07,
        4.8390e-07, 3.1833e-08, 1.7919e-07, 2.3261e-07, 6.1410e-08, 3.0312e-07,
        1.0688e-07, 1.5885e-07, 4.5006e-07, 6.2545e-07, 8.4636e-08, 2.0216e-07,
        5.4214e-07, 1.7804e-07, 3.4455e-07, 1.0752e-07, 2.2886e-07, 2.7287e-07,
        2.7445e-08, 1.6900e-07, 2.2601e-07, 1.9789e-08, 8.0039e-08, 3.2858e-09,
        5.2072e-08, 2.8752e-07, 4.1780e-07, 3.1550e-07, 1.1131e-07, 2.8781e-07,
        5.3995e-07, 8.9310e-08, 1.9258e-07, 1.9279e-07, 1.4129e-07, 6.9247e-07,
        2.3477e-07, 1.2756e-07, 2.9020e-08, 6.9071e-08, 3.4309e-07, 1.1678e-07,
        1.5919e-07, 2.0795e-07, 2.1881e-07, 2.2987e-07, 1.1638e-07, 3.3810e-07,
        1.3894e-07, 2.5660e-07, 4.6208e-07, 1.7304e-07, 1.4024e-07, 3.9683e-07,
        1.4057e-07, 2.8608e-07, 1.1959e-07, 2.8350e-07, 2.8994e-07, 3.3124e-07,
        2.6120e-07, 1.0113e-07, 2.2214e-07, 2.0142e-07, 2.0551e-07, 2.1792e-07,
        6.6391e-07, 5.7803e-07, 1.8912e-07, 2.1049e-07, 5.9614e-08, 1.9567e-07,
        2.0841e-07, 3.7828e-07, 3.8132e-07, 1.1735e-07, 2.0274e-07],
       grad_fn=<CatBackward>)

mean_overall=tensor(2.3701e-07, grad_fn=<MeanBackward0>)

-----------------------------------------------ITERATION380-----------------------------------------------

final_causality=[[1, 1, 1, 1, 1, 1, 1, 1, 1, 1, 1, 1, 1], [1, 1, 1, 1, 1, 1, 1, 1, 1, 1, 1, 1, 1, 1, 1, 1, 1, 1, 1, 1, 1, 1, 1, 1, 1, 1, 1, 1, 1, 1, 1, 1, 1, 1, 1, 1, 1, 1, 1, 1, 1, 1, 1, 1, 1, 1, 1, 1, 1, 1], [1, 1, 1, 1, 1, 1, 1, 1, 1, 1, 1, 1, 1, 1, 1, 1, 1, 1, 1, 1, 1, 1, 1, 1, 1, 1, 1, 1, 1, 1, 1, 1, 1, 1, 1, 1, 1, 1, 1, 1, 1, 1, 1, 1, 1, 1, 1, 1, 1, 1]]

means=tensor([7.4880e-08, 2.5180e-07, 1.6144e-07, 4.2869e-07, 4.0081e-07, 7.2562e-09,
        5.4670e-07, 3.0889e-07, 6.1523e-08, 3.6548e-07, 9.0026e-08, 6.9288e-08,
        1.7408e-07, 1.0232e-07, 8.3022e-08, 8.7945e-08, 1.1058e-07, 5.5527e-09,
        1.0854e-07, 2.0252e-07, 2.6645e-08, 2.8407e-07, 9.9095e-08, 3.7386e-08,
        7.1424e-08, 1.5220e-07, 1.6441e-07, 3.2852e-07, 2.8141e-07, 8.7592e-07,
        1.5867e-07, 6.3218e-07, 2.6954e-07, 1.7373e-07, 3.2288e-08, 1.6543e-07,
        4.0375e-07, 3.3255e-08, 1.4246e-07, 1.9685e-07, 5.6207e-08, 2.6250e-07,
        9.6284e-08, 1.3331e-07, 3.8656e-07, 5.2982e-07, 7.0832e-08, 1.6239e-07,
        4.4784e-07, 1.5779e-07, 3.3431e-07, 8.0963e-08, 1.9499e-07, 2.3428e-07,
        1.9561e-08, 1.3061e-07, 1.8977e-07, 1.6405e-08, 7.1775e-08, 1.0772e-08,
        6.1034e-08, 2.3029e-07, 3.5713e-07, 2.6595e-07, 1.0123e-07, 2.4035e-07,
        4.3225e-07, 8.9010e-08, 1.6743e-07, 1.6821e-07, 1.0129e-07, 5.7928e-07,
        1.9645e-07, 1.1216e-07, 3.4480e-08, 6.0670e-08, 3.0505e-07, 1.0231e-07,
        1.3916e-07, 1.5405e-07, 1.9528e-07, 1.9952e-07, 1.0322e-07, 2.6403e-07,
        1.2230e-07, 2.2942e-07, 3.7089e-07, 1.5188e-07, 1.2190e-07, 3.1426e-07,
        1.2376e-07, 2.5357e-07, 1.0762e-07, 2.5868e-07, 2.5499e-07, 2.4948e-07,
        2.3400e-07, 5.7518e-08, 1.9660e-07, 1.7519e-07, 1.7931e-07, 1.9571e-07,
        5.5323e-07, 4.8602e-07, 1.6108e-07, 1.8529e-07, 6.3311e-08, 1.5132e-07,
        1.8022e-07, 3.2621e-07, 3.1984e-07, 1.0164e-07, 1.6989e-07],
       grad_fn=<CatBackward>)

mean_overall=tensor(2.0100e-07, grad_fn=<MeanBackward0>)

-----------------------------------------------ITERATION390-----------------------------------------------

final_causality=[[1, 1, 1, 1, 1, 1, 1, 1, 1, 1, 1, 1, 1], [1, 1, 1, 1, 1, 1, 1, 1, 1, 1, 1, 1, 1, 1, 1, 1, 1, 1, 1, 1, 1, 1, 1, 1, 1, 1, 1, 1, 1, 1, 1, 1, 1, 1, 1, 1, 1, 1, 1, 1, 1, 1, 1, 1, 1, 1, 1, 1, 1, 1], [1, 1, 1, 1, 1, 1, 1, 1, 1, 1, 1, 1, 1, 1, 1, 1, 1, 1, 1, 1, 1, 1, 1, 1, 1, 1, 1, 1, 1, 1, 1, 1, 1, 1, 1, 1, 1, 1, 1, 1, 1, 1, 1, 1, 1, 1, 1, 1, 1, 1]]

means=tensor([6.2672e-08, 2.1795e-07, 1.4988e-07, 3.7632e-07, 3.4106e-07, 2.7768e-09,
        4.4517e-07, 2.7097e-07, 5.1498e-08, 3.1337e-07, 8.2047e-08, 5.9862e-08,
        1.4593e-07, 7.8136e-08, 5.3055e-08, 5.4537e-08, 7.1025e-08, 5.0036e-09,
        8.9119e-08, 1.7013e-07, 2.7891e-08, 2.4106e-07, 8.1901e-08, 3.0807e-08,
        6.5636e-08, 1.2079e-07, 1.3997e-07, 3.0138e-07, 2.4310e-07, 7.3726e-07,
        1.3291e-07, 5.3648e-07, 2.3737e-07, 1.5362e-07, 2.9953e-08, 1.4457e-07,
        3.3690e-07, 3.3637e-08, 1.1276e-07, 1.6687e-07, 5.1052e-08, 2.2815e-07,
        8.6278e-08, 1.1187e-07, 3.3216e-07, 4.4864e-07, 5.9505e-08, 1.2979e-07,
        3.6969e-07, 1.3957e-07, 3.2016e-07, 5.9913e-08, 1.6608e-07, 2.0063e-07,
        1.3244e-08, 9.9832e-08, 1.5950e-07, 1.3977e-08, 6.3934e-08, 2.1594e-08,
        6.5677e-08, 1.8344e-07, 3.0521e-07, 2.2447e-07, 9.1544e-08, 2.0067e-07,
        3.4384e-07, 8.6571e-08, 1.4528e-07, 1.4675e-07, 6.9509e-08, 4.8403e-07,
        1.6570e-07, 1.0031e-07, 3.6974e-08, 5.3139e-08, 2.7076e-07, 8.9539e-08,
        1.2157e-07, 1.1148e-07, 1.7404e-07, 1.7285e-07, 9.1357e-08, 2.0422e-07,
        1.0751e-07, 2.0402e-07, 2.9550e-07, 1.3386e-07, 1.0574e-07, 2.4697e-07,
        1.0882e-07, 2.2439e-07, 9.6664e-08, 2.3455e-07, 2.2416e-07, 1.8420e-07,
        2.0942e-07, 2.4510e-08, 1.7374e-07, 1.5218e-07, 1.5632e-07, 1.7547e-07,
        4.6073e-07, 4.0899e-07, 1.3748e-07, 1.6305e-07, 6.4880e-08, 1.1548e-07,
        1.5613e-07, 2.8156e-07, 2.6874e-07, 8.8102e-08, 1.4252e-07],
       grad_fn=<CatBackward>)

mean_overall=tensor(1.7058e-07, grad_fn=<MeanBackward0>)

-----------------------------------------------ITERATION400-----------------------------------------------

final_causality=[[1, 1, 1, 1, 1, 1, 1, 1, 1, 1, 1, 1, 1], [1, 1, 1, 1, 1, 1, 1, 1, 1, 1, 1, 1, 1, 1, 1, 1, 1, 1, 1, 1, 1, 1, 1, 1, 1, 1, 1, 1, 1, 1, 1, 1, 1, 1, 1, 1, 1, 1, 1, 1, 1, 1, 1, 1, 1, 1, 1, 1, 1, 1], [1, 1, 1, 1, 1, 1, 1, 1, 1, 1, 1, 1, 1, 1, 1, 1, 1, 1, 1, 1, 1, 1, 1, 1, 1, 1, 1, 1, 1, 1, 1, 1, 1, 1, 1, 1, 1, 1, 1, 1, 1, 1, 1, 1, 1, 1, 1, 1, 1, 1]]

means=tensor([5.2399e-08, 1.8829e-07, 1.3811e-07, 3.2931e-07, 2.9064e-07, 4.6383e-10,
        3.6202e-07, 2.3685e-07, 4.2951e-08, 2.6866e-07, 7.5054e-08, 5.1749e-08,
        1.2238e-07, 5.9308e-08, 3.0289e-08, 2.8832e-08, 4.0874e-08, 1.2552e-08,
        7.3193e-08, 1.4261e-07, 2.7835e-08, 2.0426e-07, 6.8003e-08, 2.5407e-08,
        5.9548e-08, 9.5546e-08, 1.1881e-07, 2.7537e-07, 2.0993e-07, 6.2014e-07,
        1.1180e-07, 4.5459e-07, 2.0924e-07, 1.3479e-07, 2.7734e-08, 1.2629e-07,
        2.8120e-07, 3.3210e-08, 8.8835e-08, 1.4172e-07, 4.6065e-08, 1.9889e-07,
        7.6943e-08, 9.3905e-08, 2.8549e-07, 3.7978e-07, 5.0194e-08, 1.0316e-07,
        3.0502e-07, 1.2323e-07, 3.0322e-07, 4.3378e-08, 1.4143e-07, 1.7140e-07,
        8.2203e-09, 7.5327e-08, 1.3421e-07, 1.1955e-08, 5.6642e-08, 2.9647e-08,
        6.7073e-08, 1.4526e-07, 2.6080e-07, 1.8969e-07, 8.2394e-08, 1.6752e-07,
        2.7160e-07, 8.2642e-08, 1.2583e-07, 1.2800e-07, 4.4551e-08, 4.0404e-07,
        1.4001e-07, 8.9799e-08, 3.7364e-08, 4.6427e-08, 2.3993e-07, 7.8277e-08,
        1.0611e-07, 7.8217e-08, 1.5490e-07, 1.4947e-07, 8.0684e-08, 1.5621e-07,
        9.4394e-08, 1.8057e-07, 2.3350e-07, 1.1794e-07, 9.1533e-08, 1.9243e-07,
        9.5573e-08, 1.9825e-07, 8.6663e-08, 2.1151e-07, 1.9691e-07, 1.3252e-07,
        1.8706e-07, 5.2165e-11, 1.5330e-07, 1.3201e-07, 1.3614e-07, 1.5705e-07,
        3.8353e-07, 3.4446e-07, 1.1755e-07, 1.4341e-07, 6.4766e-08, 8.6672e-08,
        1.3549e-07, 2.4327e-07, 2.2622e-07, 7.6407e-08, 1.1969e-07],
       grad_fn=<CatBackward>)

mean_overall=tensor(1.4482e-07, grad_fn=<MeanBackward0>)

-----------------------------------------------ITERATION410-----------------------------------------------

final_causality=[[1, 1, 1, 1, 1, 1, 1, 1, 1, 1, 1, 1, 1], [1, 1, 1, 1, 1, 1, 1, 1, 1, 1, 1, 1, 1, 1, 1, 1, 1, 1, 1, 1, 1, 1, 1, 1, 1, 1, 1, 1, 1, 1, 1, 1, 1, 1, 1, 1, 1, 1, 1, 1, 1, 1, 1, 1, 1, 1, 1, 1, 1, 1], [1, 1, 1, 1, 1, 1, 1, 1, 1, 1, 1, 1, 1, 1, 1, 1, 1, 1, 1, 1, 1, 1, 1, 1, 1, 1, 1, 1, 1, 1, 1, 1, 1, 1, 1, 1, 1, 1, 1, 1, 1, 1, 1, 1, 1, 1, 1, 1, 1, 1]]

means=tensor([4.3766e-08, 1.6242e-07, 1.2645e-07, 2.8739e-07, 2.4803e-07, 1.7142e-09,
        2.9406e-07, 2.0637e-07, 3.5676e-08, 2.3031e-07, 6.8812e-08, 4.4757e-08,
        1.0267e-07, 4.4737e-08, 1.3315e-08, 9.3818e-09, 1.8253e-08, 1.7687e-08,
        6.0124e-08, 1.1931e-07, 2.6884e-08, 1.7285e-07, 5.6752e-08, 2.0970e-08,
        5.3441e-08, 7.5338e-08, 1.0058e-07, 2.5061e-07, 1.8120e-07, 5.2136e-07,
        9.4419e-08, 3.8465e-07, 1.8455e-07, 1.1745e-07, 2.5603e-08, 1.1026e-07,
        2.3481e-07, 3.2173e-08, 6.9661e-08, 1.2061e-07, 4.1369e-08, 1.7382e-07,
        6.8322e-08, 7.8963e-08, 2.4538e-07, 3.2140e-07, 4.2521e-08, 8.1509e-08,
        2.5158e-07, 1.0861e-07, 2.8445e-07, 3.0383e-08, 1.2042e-07, 1.4610e-07,
        4.2662e-09, 5.5956e-08, 1.1307e-07, 1.0215e-08, 4.9960e-08, 3.5346e-08,
        6.6090e-08, 1.1429e-07, 2.2282e-07, 1.6052e-07, 7.3853e-08, 1.3985e-07,
        2.1288e-07, 7.7734e-08, 1.0877e-07, 1.1162e-07, 2.5227e-08, 3.3698e-07,
        1.1845e-07, 8.0269e-08, 3.6311e-08, 4.0472e-08, 2.1227e-07, 6.8360e-08,
        9.2550e-08, 5.2526e-08, 1.3767e-07, 1.2901e-07, 7.1106e-08, 1.1795e-07,
        8.2773e-08, 1.5912e-07, 1.8328e-07, 1.0387e-07, 7.9081e-08, 1.4844e-07,
        8.3836e-08, 1.7487e-07, 7.7550e-08, 1.8982e-07, 1.7284e-07, 9.1985e-08,
        1.6677e-07, 1.7572e-08, 1.3507e-07, 1.1436e-07, 1.1846e-07, 1.4034e-07,
        3.1917e-07, 2.9039e-07, 1.0069e-07, 1.2604e-07, 6.3357e-08, 6.3687e-08,
        1.1775e-07, 2.1039e-07, 1.9077e-07, 6.6282e-08, 1.0064e-07],
       grad_fn=<CatBackward>)

mean_overall=tensor(1.2327e-07, grad_fn=<MeanBackward0>)

-----------------------------------------------ITERATION420-----------------------------------------------

final_causality=[[1, 1, 1, 1, 1, 1, 1, 1, 1, 1, 1, 1, 1], [1, 1, 1, 1, 1, 1, 1, 1, 1, 1, 1, 1, 1, 1, 1, 1, 1, 1, 1, 1, 1, 1, 1, 1, 1, 1, 1, 1, 1, 1, 1, 1, 1, 1, 1, 1, 1, 1, 1, 1, 1, 1, 1, 1, 1, 1, 1, 1, 1, 1], [1, 1, 1, 1, 1, 1, 1, 1, 1, 1, 1, 1, 1, 1, 1, 1, 1, 1, 1, 1, 1, 1, 1, 1, 1, 1, 1, 1, 1, 1, 1, 1, 1, 1, 1, 1, 1, 1, 1, 1, 1, 1, 1, 1, 1, 1, 1, 1, 1, 1]]

means=tensor([3.6521e-08, 1.3993e-07, 1.1511e-07, 2.5019e-07, 2.1194e-07, 2.1565e-09,
        2.3860e-07, 1.7928e-07, 2.9499e-08, 1.9739e-07, 6.3156e-08, 3.8725e-08,
        8.6194e-08, 3.3532e-08, 9.5271e-10, 5.0316e-09, 1.6199e-09, 2.0957e-08,
        4.9433e-08, 9.9623e-08, 2.5349e-08, 1.4612e-07, 4.7622e-08, 1.7321e-08,
        4.7513e-08, 5.9220e-08, 8.4900e-08, 2.2718e-07, 1.5633e-07, 4.3814e-07,
        8.0058e-08, 3.2503e-07, 1.6280e-07, 1.0169e-07, 2.3546e-08, 9.6200e-08,
        1.9620e-07, 3.0692e-08, 5.4363e-08, 1.0285e-07, 3.6957e-08, 1.5220e-07,
        6.0430e-08, 6.7083e-08, 2.1088e-07, 2.7195e-07, 3.6175e-08, 6.3969e-08,
        2.0745e-07, 9.5558e-08, 2.6461e-07, 2.0269e-08, 1.0255e-07, 1.2427e-07,
        1.1956e-09, 4.0763e-08, 9.5376e-08, 8.7189e-09, 4.3910e-08, 3.9076e-08,
        6.3428e-08, 8.9284e-08, 1.9034e-07, 1.3600e-07, 6.5959e-08, 1.1677e-07,
        1.6540e-07, 7.2244e-08, 9.3850e-08, 9.7292e-08, 1.0514e-08, 2.8084e-07,
        1.0034e-07, 7.1641e-08, 3.4317e-08, 3.5596e-08, 1.8751e-07, 5.9639e-08,
        8.0653e-08, 3.2952e-08, 1.2219e-07, 1.1115e-07, 6.2533e-08, 8.7670e-08,
        7.2493e-08, 1.3968e-07, 1.4239e-07, 9.1446e-08, 6.8190e-08, 1.1318e-07,
        7.3456e-08, 1.5400e-07, 6.9266e-08, 1.6962e-07, 1.5156e-07, 6.0535e-08,
        1.4839e-07, 2.9791e-08, 1.1884e-07, 9.8941e-08, 1.0299e-07, 1.2518e-07,
        2.6557e-07, 2.4504e-07, 8.6385e-08, 1.1070e-07, 6.0980e-08, 4.5492e-08,
        1.0247e-07, 1.8213e-07, 1.6118e-07, 5.7502e-08, 8.4713e-08],
       grad_fn=<CatBackward>)

mean_overall=tensor(1.0501e-07, grad_fn=<MeanBackward0>)

-----------------------------------------------ITERATION430-----------------------------------------------

final_causality=[[1, 1, 1, 1, 1, 1, 1, 1, 1, 1, 1, 1, 1], [1, 1, 1, 1, 1, 1, 1, 1, 1, 1, 1, 1, 1, 1, 1, 1, 1, 1, 1, 1, 1, 1, 1, 1, 1, 1, 1, 1, 1, 1, 1, 1, 1, 1, 1, 1, 1, 1, 1, 1, 1, 1, 1, 1, 1, 1, 1, 1, 1, 1], [1, 1, 1, 1, 1, 1, 1, 1, 1, 1, 1, 1, 1, 1, 1, 1, 1, 1, 1, 1, 1, 1, 1, 1, 1, 1, 1, 1, 1, 1, 1, 1, 1, 1, 1, 1, 1, 1, 1, 1, 1, 1, 1, 1, 1, 1, 1, 1, 1, 1]]

means=tensor([3.0447e-08, 1.2045e-07, 1.0426e-07, 2.1733e-07, 1.8132e-07, 2.0911e-09,
        1.9342e-07, 1.5533e-07, 2.4273e-08, 1.6914e-07, 5.7968e-08, 3.3516e-08,
        7.2410e-08, 2.4970e-08, 7.7634e-09, 1.5415e-08, 1.0345e-08, 2.2804e-08,
        4.0722e-08, 8.3046e-08, 2.3459e-08, 1.2343e-07, 4.0189e-08, 1.4315e-08,
        4.1897e-08, 4.6409e-08, 7.1470e-08, 2.0515e-07, 1.3479e-07, 3.6809e-07,
        6.8134e-08, 2.7431e-07, 1.4360e-07, 8.7549e-08, 2.1564e-08, 8.3876e-08,
        1.6407e-07, 2.8905e-08, 4.2216e-08, 8.7895e-08, 3.2860e-08, 1.3345e-07,
        5.3261e-08, 5.7158e-08, 1.8117e-07, 2.3006e-07, 3.0905e-08, 4.9825e-08,
        1.7106e-07, 8.3935e-08, 2.4431e-07, 1.2486e-08, 8.7334e-08, 1.0548e-07,
        1.1599e-09, 2.8953e-08, 8.0560e-08, 7.4345e-09, 3.8481e-08, 4.1188e-08,
        5.9638e-08, 6.9213e-08, 1.6257e-07, 1.1538e-07, 5.8721e-08, 9.7529e-08,
        1.2722e-07, 6.6473e-08, 8.0827e-08, 8.4770e-08, 4.5526e-10, 2.3391e-07,
        8.5111e-08, 6.3843e-08, 3.1756e-08, 3.1246e-08, 1.6539e-07, 5.1978e-08,
        7.0225e-08, 1.8279e-08, 1.0830e-07, 9.5581e-08, 5.4879e-08, 6.4010e-08,
        6.3414e-08, 1.2218e-07, 1.0923e-07, 8.0467e-08, 5.8683e-08, 8.5091e-08,
        6.4290e-08, 1.3541e-07, 6.1751e-08, 1.5099e-07, 1.3275e-07, 3.6446e-08,
        1.3179e-07, 3.7785e-08, 1.0441e-07, 8.5487e-08, 8.9448e-08, 1.1148e-07,
        2.2098e-07, 2.0698e-07, 7.4215e-08, 9.7139e-08, 5.7914e-08, 3.1222e-08,
        8.9284e-08, 1.5781e-07, 1.3642e-07, 5.0152e-08, 7.1391e-08],
       grad_fn=<CatBackward>)

mean_overall=tensor(8.9923e-08, grad_fn=<MeanBackward0>)

-----------------------------------------------ITERATION440-----------------------------------------------

final_causality=[[1, 1, 1, 1, 1, 1, 1, 1, 1, 1, 1, 1, 1], [1, 1, 1, 1, 1, 1, 1, 1, 1, 1, 1, 1, 1, 1, 1, 1, 1, 1, 1, 1, 1, 1, 1, 1, 1, 1, 1, 1, 1, 1, 1, 1, 1, 1, 1, 1, 1, 1, 1, 1, 1, 1, 1, 1, 1, 1, 1, 1, 1, 1], [1, 1, 1, 1, 1, 1, 1, 1, 1, 1, 1, 1, 1, 1, 1, 1, 1, 1, 1, 1, 1, 1, 1, 1, 1, 1, 1, 1, 1, 1, 1, 1, 1, 1, 1, 1, 1, 1, 1, 1, 1, 1, 1, 1, 1, 1, 1, 1, 1, 1]]

means=tensor([2.5359e-08, 1.0361e-07, 9.4011e-08, 1.8842e-07, 1.5529e-07, 1.7325e-09,
        1.5667e-07, 1.3426e-07, 1.9870e-08, 1.4490e-07, 5.3168e-08, 2.9013e-08,
        6.0879e-08, 1.8469e-08, 1.3653e-08, 2.2593e-08, 1.8603e-08, 2.3608e-08,
        3.3554e-08, 6.9123e-08, 2.1386e-08, 1.0420e-07, 3.4113e-08, 1.1837e-08,
        3.6679e-08, 3.6262e-08, 6.0000e-08, 1.8457e-07, 1.1616e-07, 3.0919e-07,
        5.8181e-08, 2.3122e-07, 1.2662e-07, 7.4981e-08, 1.9658e-08, 7.3071e-08,
        1.3732e-07, 2.6927e-08, 3.2620e-08, 7.5271e-08, 2.9095e-08, 1.1711e-07,
        4.6790e-08, 4.8915e-08, 1.5558e-07, 1.9461e-07, 2.6515e-08, 3.8474e-08,
        1.4106e-07, 7.3609e-08, 2.2404e-07, 6.5772e-09, 7.4393e-08, 8.9359e-08,
        2.9217e-09, 1.9864e-08, 6.8142e-08, 6.3324e-09, 3.3646e-08, 4.1993e-08,
        5.5153e-08, 5.3193e-08, 1.3884e-07, 9.7996e-08, 5.2130e-08, 8.1484e-08,
        9.6716e-08, 6.0650e-08, 6.9483e-08, 7.4229e-08, 8.4140e-09, 1.9474e-07,
        7.2293e-08, 5.6807e-08, 2.8904e-08, 2.7360e-08, 1.4566e-07, 4.5257e-08,
        6.1092e-08, 7.4961e-09, 9.5854e-08, 8.2042e-08, 4.8062e-08, 4.5635e-08,
        5.5405e-08, 1.0652e-07, 8.2536e-08, 7.0768e-08, 5.0404e-08, 6.2869e-08,
        5.6207e-08, 1.1888e-07, 5.4948e-08, 1.3395e-07, 1.1613e-07, 1.8277e-08,
        1.1682e-07, 4.2522e-08, 9.1612e-08, 7.3766e-08, 7.7618e-08, 9.9103e-08,
        1.8390e-07, 1.7500e-07, 6.3836e-08, 8.5160e-08, 5.4386e-08, 2.0155e-08,
        7.7868e-08, 1.3685e-07, 1.1566e-07, 4.3857e-08, 6.0228e-08],
       grad_fn=<CatBackward>)

mean_overall=tensor(7.7175e-08, grad_fn=<MeanBackward0>)

