-----------------------------------------------ITERATION0-----------------------------------------------

final_causality=[[1, 1, 1, 1, 1, 1, 1, 1, 1, 1, 1, 1, 1], [1, 1, 1, 1, 1, 1, 1, 1, 1, 1, 1, 1, 1, 1, 1, 1, 1, 1, 1, 1, 1, 1, 1, 1, 1, 1, 1, 1, 1, 1, 1, 1, 1, 1, 1, 1, 1, 1, 1, 1, 1, 1, 1, 1, 1, 1, 1, 1, 1, 1], [1, 1, 1, 1, 1, 1, 1, 1, 1, 1, 1, 1, 1, 1, 1, 1, 1, 1, 1, 1, 1, 1, 1, 1, 1, 1, 1, 1, 1, 1, 1, 1, 1, 1, 1, 1, 1, 1, 1, 1, 1, 1, 1, 1, 1, 1, 1, 1, 1, 1]]

means=tensor([1.7828e-05, 0.0000e+00, 2.0097e-05, 0.0000e+00, 1.0891e-04, 1.0592e-04,
        3.1640e-05, 3.4301e-05, 3.2455e-04, 1.9954e-04, 7.9654e-05, 4.5573e-05,
        3.8244e-05, 5.3175e-05, 8.1620e-05, 8.6901e-05, 9.3837e-05, 3.1911e-05,
        1.8380e-05, 2.6660e-05, 1.3483e-04, 9.9897e-05, 2.2596e-05, 2.3292e-05,
        3.1652e-05, 3.5107e-05, 8.7466e-05, 6.8284e-05, 5.0410e-05, 7.9040e-05,
        1.2705e-05, 6.1187e-05, 1.8855e-05, 6.3640e-05, 1.0601e-04, 3.1850e-05,
        3.5840e-06, 3.2760e-05, 6.6658e-05, 3.7703e-05, 4.4403e-05, 6.2629e-05,
        6.7250e-05, 1.5929e-04, 3.3891e-05, 1.2704e-05, 3.1479e-05, 1.9978e-05,
        2.3140e-05, 1.9889e-05, 1.1274e-04, 2.8779e-05, 1.5049e-04, 7.2913e-05,
        5.8547e-05, 4.8699e-06, 5.4056e-05, 9.6845e-05, 5.8104e-05, 3.4761e-05,
        6.0485e-06, 2.2636e-04, 2.5791e-05, 4.0715e-05, 2.1701e-05, 7.0879e-05,
        3.0809e-05, 2.8847e-05, 3.3152e-05, 1.0883e-04, 6.6862e-05, 6.5767e-05,
        9.8169e-07, 1.8192e-05, 1.9368e-05, 4.6389e-05, 1.9918e-05, 6.4373e-05,
        4.8107e-05, 8.5848e-05, 2.2325e-06, 6.8004e-05, 1.1687e-04, 4.9443e-05,
        2.7854e-05, 1.7290e-04, 8.2779e-06, 3.4840e-05, 1.1668e-04, 1.1960e-04,
        6.0566e-05, 1.4585e-05, 2.1106e-06, 5.9523e-05, 1.4491e-05, 9.3742e-05,
        2.4401e-05, 3.9421e-05, 2.6986e-05, 1.4393e-04, 1.3869e-05, 1.0666e-05,
        5.1358e-05, 1.4967e-05, 3.1836e-05, 9.0770e-05, 4.2971e-05, 4.2898e-05,
        9.7139e-05, 1.9881e-05, 3.2992e-05, 6.8125e-05, 7.0041e-05],
       grad_fn=<CatBackward>)

mean_overall=tensor(5.6867e-05, grad_fn=<MeanBackward0>)

-----------------------------------------------ITERATION10-----------------------------------------------

final_causality=[[1, 1, 1, 1, 1, 1, 1, 1, 1, 1, 1, 1, 1], [1, 1, 1, 1, 1, 1, 1, 1, 1, 1, 1, 1, 1, 1, 1, 1, 1, 1, 1, 1, 1, 1, 1, 1, 1, 1, 1, 1, 1, 1, 1, 1, 1, 1, 1, 1, 1, 1, 1, 1, 1, 1, 1, 1, 1, 1, 1, 1, 1, 1], [1, 1, 1, 1, 1, 1, 1, 1, 1, 1, 1, 1, 1, 1, 1, 1, 1, 1, 1, 1, 1, 1, 1, 1, 1, 1, 1, 1, 1, 1, 1, 1, 1, 1, 1, 1, 1, 1, 1, 1, 1, 1, 1, 1, 1, 1, 1, 1, 1, 1]]

means=tensor([8.9859e-06, 0.0000e+00, 8.8106e-08, 0.0000e+00, 8.5778e-05, 1.1191e-04,
        2.3081e-05, 5.1298e-05, 3.1399e-04, 1.3113e-04, 3.9904e-05, 7.5125e-05,
        7.7511e-05, 7.8671e-05, 1.0218e-04, 5.5030e-05, 7.1045e-05, 1.1096e-05,
        3.5832e-06, 1.1546e-05, 1.0177e-04, 7.8675e-05, 9.3401e-07, 3.3527e-06,
        1.3696e-05, 1.1721e-05, 6.2548e-05, 8.2887e-05, 7.2915e-05, 4.5546e-05,
        4.3599e-06, 7.4827e-05, 3.9474e-05, 4.3731e-05, 1.2483e-04, 8.4925e-06,
        9.2892e-06, 5.7942e-05, 5.2576e-05, 5.7126e-05, 2.6801e-05, 4.2490e-05,
        8.1032e-05, 1.9787e-04, 5.7438e-05, 3.2698e-05, 1.7222e-05, 3.3747e-05,
        1.2113e-05, 5.0614e-06, 7.7401e-05, 4.0692e-06, 1.7762e-04, 9.0246e-05,
        3.0291e-05, 3.3361e-05, 2.0479e-05, 1.3525e-04, 2.8533e-05, 1.8892e-05,
        1.8611e-05, 2.7066e-04, 5.0877e-05, 4.3503e-05, 1.8327e-05, 7.0861e-05,
        2.9130e-05, 2.7600e-05, 2.8592e-05, 1.0538e-04, 6.2108e-05, 7.0057e-05,
        2.1021e-06, 1.6672e-05, 2.2357e-05, 3.9084e-05, 2.2959e-05, 6.0663e-05,
        5.3623e-05, 8.1016e-05, 7.9018e-06, 7.7738e-05, 1.2360e-04, 5.9579e-05,
        2.0735e-05, 1.7148e-04, 1.2306e-05, 3.7384e-05, 1.1209e-04, 1.3264e-04,
        5.5350e-05, 9.8234e-06, 4.0199e-06, 5.9337e-05, 1.1492e-05, 8.8807e-05,
        2.0439e-05, 4.2096e-05, 3.2052e-05, 1.3963e-04, 1.2056e-05, 1.0551e-05,
        4.5533e-05, 1.0126e-05, 2.5495e-05, 9.1119e-05, 3.9626e-05, 4.0494e-05,
        9.4528e-05, 1.4826e-05, 3.7391e-05, 7.5644e-05, 5.8403e-05],
       grad_fn=<CatBackward>)

mean_overall=tensor(5.4776e-05, grad_fn=<MeanBackward0>)

-----------------------------------------------ITERATION20-----------------------------------------------

final_causality=[[1, 1, 1, 1, 1, 1, 1, 1, 1, 1, 1, 1, 1], [1, 1, 1, 1, 1, 1, 1, 1, 1, 1, 1, 1, 1, 1, 1, 1, 1, 1, 1, 1, 1, 1, 1, 1, 1, 1, 1, 1, 1, 1, 1, 1, 1, 1, 1, 1, 1, 1, 1, 1, 1, 1, 1, 1, 1, 1, 1, 1, 1, 1], [1, 1, 1, 1, 1, 1, 1, 1, 1, 1, 1, 1, 1, 1, 1, 1, 1, 1, 1, 1, 1, 1, 1, 1, 1, 1, 1, 1, 1, 1, 1, 1, 1, 1, 1, 1, 1, 1, 1, 1, 1, 1, 1, 1, 1, 1, 1, 1, 1, 1]]

means=tensor([4.1112e-06, 0.0000e+00, 1.1488e-05, 0.0000e+00, 6.7346e-05, 1.1527e-04,
        1.5997e-05, 6.4379e-05, 3.0535e-04, 7.8996e-05, 1.1001e-05, 9.6601e-05,
        1.5870e-04, 9.7752e-05, 1.1644e-04, 3.0758e-05, 5.3424e-05, 3.3713e-06,
        6.6356e-06, 4.7547e-07, 7.5769e-05, 6.3002e-05, 1.9241e-05, 2.2118e-05,
        8.0780e-07, 5.4494e-06, 4.4428e-05, 9.3678e-05, 8.9456e-05, 2.0144e-05,
        1.5464e-05, 8.5339e-05, 5.5712e-05, 2.8832e-05, 1.3863e-04, 3.4356e-05,
        1.8564e-05, 7.6189e-05, 4.1825e-05, 7.0745e-05, 1.3321e-05, 2.7931e-05,
        9.0810e-05, 2.2686e-04, 7.4495e-05, 4.8229e-05, 6.2143e-06, 4.3247e-05,
        4.0416e-06, 4.6105e-06, 5.1446e-05, 1.6494e-05, 1.9783e-04, 1.0225e-04,
        9.2521e-06, 5.4532e-05, 2.7484e-06, 1.6435e-04, 7.2478e-06, 6.8476e-06,
        2.6871e-05, 3.0106e-04, 6.9663e-05, 4.5195e-05, 1.5683e-05, 7.0397e-05,
        2.9988e-05, 2.6340e-05, 2.5206e-05, 1.0181e-04, 5.8547e-05, 7.3347e-05,
        4.5246e-06, 1.5290e-05, 2.4616e-05, 3.3890e-05, 2.4784e-05, 5.7596e-05,
        5.7665e-05, 7.7240e-05, 1.2185e-05, 8.6472e-05, 1.2831e-04, 6.7053e-05,
        1.5544e-05, 1.6857e-04, 1.5554e-05, 3.9095e-05, 1.0755e-04, 1.4270e-04,
        5.1348e-05, 6.7268e-06, 5.9807e-06, 6.0268e-05, 9.0057e-06, 8.4418e-05,
        1.7246e-05, 4.3669e-05, 3.5920e-05, 1.3462e-04, 1.0459e-05, 1.0075e-05,
        4.1716e-05, 6.5483e-06, 2.0851e-05, 9.0260e-05, 3.7089e-05, 3.8761e-05,
        9.1692e-05, 1.1114e-05, 4.0574e-05, 8.1497e-05, 5.0935e-05],
       grad_fn=<CatBackward>)

mean_overall=tensor(5.5700e-05, grad_fn=<MeanBackward0>)

-----------------------------------------------ITERATION30-----------------------------------------------

final_causality=[[1, 1, 1, 1, 1, 1, 1, 1, 1, 1, 1, 1, 1], [1, 1, 1, 1, 1, 1, 1, 1, 1, 1, 1, 1, 1, 1, 1, 1, 1, 1, 1, 1, 1, 1, 1, 1, 1, 1, 1, 1, 1, 1, 1, 1, 1, 1, 1, 1, 1, 1, 1, 1, 1, 1, 1, 1, 1, 1, 1, 1, 1, 1], [1, 1, 1, 1, 1, 1, 1, 1, 1, 1, 1, 1, 1, 1, 1, 1, 1, 1, 1, 1, 1, 1, 1, 1, 1, 1, 1, 1, 1, 1, 1, 1, 1, 1, 1, 1, 1, 1, 1, 1, 1, 1, 1, 1, 1, 1, 1, 1, 1, 1]]

means=tensor([1.7337e-06, 0.0000e+00, 1.6935e-05, 0.0000e+00, 5.9199e-05, 1.1610e-04,
        1.2831e-05, 7.0352e-05, 3.0116e-04, 5.7163e-05, 8.1736e-07, 1.0488e-04,
        1.9200e-04, 1.0556e-04, 1.2211e-04, 2.0493e-05, 4.5838e-05, 8.4152e-06,
        1.0922e-05, 5.7242e-06, 6.4611e-05, 5.6519e-05, 2.7030e-05, 3.0070e-05,
        4.2877e-06, 1.3293e-05, 3.6995e-05, 9.8028e-05, 9.6148e-05, 9.3857e-06,
        2.0019e-05, 8.9605e-05, 6.2573e-05, 2.2550e-05, 1.4419e-04, 4.5054e-05,
        2.2364e-05, 8.3596e-05, 3.7197e-05, 7.6220e-05, 7.5879e-06, 2.2132e-05,
        9.4637e-05, 2.3868e-04, 8.2642e-05, 5.4744e-05, 1.4986e-06, 4.7419e-05,
        5.5719e-07, 8.2858e-06, 4.0748e-05, 2.5793e-05, 2.0602e-04, 1.0715e-04,
        4.9282e-07, 6.3259e-05, 1.1415e-05, 1.7635e-04, 1.4221e-06, 1.7109e-06,
        3.0127e-05, 3.1326e-04, 7.7407e-05, 4.5816e-05, 1.4550e-05, 7.0048e-05,
        3.0470e-05, 2.5705e-05, 2.3740e-05, 1.0015e-04, 5.7043e-05, 7.4647e-05,
        5.5452e-06, 1.4632e-05, 2.5531e-05, 3.1777e-05, 2.5442e-05, 5.6239e-05,
        5.9216e-05, 7.5443e-05, 1.3957e-05, 9.0168e-05, 1.3018e-04, 6.9977e-05,
        1.3393e-05, 1.6701e-04, 1.7028e-05, 3.9732e-05, 1.0551e-04, 1.4774e-04,
        4.9634e-05, 5.4773e-06, 6.9009e-06, 6.1179e-05, 7.9226e-06, 8.2404e-05,
        1.5850e-05, 4.4217e-05, 3.7506e-05, 1.3240e-04, 9.7115e-06, 9.9030e-06,
        4.0092e-05, 5.0043e-06, 1.8980e-05, 8.9680e-05, 3.5978e-05, 3.7917e-05,
        9.0223e-05, 9.5454e-06, 4.1860e-05, 8.3894e-05, 4.7999e-05],
       grad_fn=<CatBackward>)

mean_overall=tensor(5.6640e-05, grad_fn=<MeanBackward0>)

-----------------------------------------------ITERATION40-----------------------------------------------

final_causality=[[1, 1, 1, 1, 1, 1, 1, 1, 1, 1, 1, 1, 1], [1, 1, 1, 1, 1, 1, 1, 1, 1, 1, 1, 1, 1, 1, 1, 1, 1, 1, 1, 1, 1, 1, 1, 1, 1, 1, 1, 1, 1, 1, 1, 1, 1, 1, 1, 1, 1, 1, 1, 1, 1, 1, 1, 1, 1, 1, 1, 1, 1, 1], [1, 1, 1, 1, 1, 1, 1, 1, 1, 1, 1, 1, 1, 1, 1, 1, 1, 1, 1, 1, 1, 1, 1, 1, 1, 1, 1, 1, 1, 1, 1, 1, 1, 1, 1, 1, 1, 1, 1, 1, 1, 1, 1, 1, 1, 1, 1, 1, 1, 1]]

means=tensor([9.4385e-06, 0.0000e+00, 1.3462e-05, 0.0000e+00, 6.2788e-05, 1.1708e-04,
        1.4762e-05, 6.9072e-05, 2.9788e-04, 6.4479e-05, 7.8914e-07, 1.0550e-04,
        1.8104e-04, 1.0350e-04, 1.2109e-04, 2.2370e-05, 4.7027e-05, 7.4553e-06,
        1.0067e-05, 4.7347e-06, 6.6805e-05, 5.7769e-05, 2.5966e-05, 2.9009e-05,
        3.2162e-06, 1.1745e-05, 3.8433e-05, 9.6783e-05, 9.4509e-05, 1.1294e-05,
        1.9022e-05, 8.8426e-05, 6.0709e-05, 2.3576e-05, 1.4264e-04, 4.2719e-05,
        2.1975e-05, 8.2049e-05, 3.7881e-05, 7.5359e-05, 8.6965e-06, 2.3270e-05,
        9.3486e-05, 2.3540e-04, 8.0377e-05, 5.2915e-05, 2.3405e-06, 4.6543e-05,
        1.2054e-06, 7.4743e-06, 4.2874e-05, 2.4559e-05, 2.0379e-04, 1.0649e-04,
        2.2703e-06, 6.1459e-05, 9.4906e-06, 1.7330e-04, 1.7350e-07, 2.6848e-06,
        2.9915e-05, 3.1151e-04, 7.5556e-05, 4.5076e-05, 1.4742e-05, 7.0088e-05,
        3.0483e-05, 2.5843e-05, 2.3809e-05, 1.0071e-04, 5.7379e-05, 7.4437e-05,
        5.3006e-06, 1.4677e-05, 2.5156e-05, 3.2173e-05, 2.5236e-05, 5.6713e-05,
        5.8637e-05, 7.5250e-05, 1.3672e-05, 8.8861e-05, 1.3030e-04, 6.8492e-05,
        1.3721e-05, 1.6752e-04, 1.6598e-05, 3.9526e-05, 1.0632e-04, 1.4732e-04,
        4.9779e-05, 5.6318e-06, 6.5150e-06, 6.1309e-05, 8.1194e-06, 8.2774e-05,
        1.6078e-05, 4.4079e-05, 3.7049e-05, 1.3409e-04, 9.7647e-06, 1.0185e-05,
        4.0297e-05, 5.2436e-06, 1.9382e-05, 8.9745e-05, 3.6415e-05, 3.7897e-05,
        9.0477e-05, 9.6893e-06, 4.1540e-05, 8.3080e-05, 4.9548e-05],
       grad_fn=<CatBackward>)

mean_overall=tensor(5.6415e-05, grad_fn=<MeanBackward0>)

-----------------------------------------------ITERATION50-----------------------------------------------

final_causality=[[1, 1, 1, 1, 1, 1, 1, 1, 1, 1, 1, 1, 1], [1, 1, 1, 1, 1, 1, 1, 1, 1, 1, 1, 1, 1, 1, 1, 1, 1, 1, 1, 1, 1, 1, 1, 1, 1, 1, 1, 1, 1, 1, 1, 1, 1, 1, 1, 1, 1, 1, 1, 1, 1, 1, 1, 1, 1, 1, 1, 1, 1, 1], [1, 1, 1, 1, 1, 1, 1, 1, 1, 1, 1, 1, 1, 1, 1, 1, 1, 1, 1, 1, 1, 1, 1, 1, 1, 1, 1, 1, 1, 1, 1, 1, 1, 1, 1, 1, 1, 1, 1, 1, 1, 1, 1, 1, 1, 1, 1, 1, 1, 1]]

means=tensor([1.6715e-05, 1.3878e-17, 8.2011e-06, 1.3878e-17, 6.8848e-05, 1.1743e-04,
        1.7646e-05, 6.6036e-05, 2.9600e-04, 7.9070e-05, 3.4819e-06, 1.0267e-04,
        1.5849e-04, 9.8720e-05, 1.1811e-04, 2.7715e-05, 5.0718e-05, 4.7734e-06,
        7.7696e-06, 1.9262e-06, 7.2821e-05, 6.1238e-05, 2.2326e-05, 2.5217e-05,
        3.6348e-07, 7.5192e-06, 4.2411e-05, 9.3982e-05, 9.0507e-05, 1.6819e-05,
        1.6478e-05, 8.5738e-05, 5.6474e-05, 2.6691e-05, 1.3913e-04, 3.6687e-05,
        2.0216e-05, 7.7905e-05, 4.0072e-05, 7.2628e-05, 1.1724e-05, 2.6386e-05,
        9.0969e-05, 2.2789e-04, 7.6312e-05, 4.8853e-05, 4.7553e-06, 4.4530e-05,
        3.0503e-06, 5.3859e-06, 4.8666e-05, 2.0241e-05, 1.9860e-04, 1.0425e-04,
        7.0292e-06, 5.6619e-05, 4.5834e-06, 1.6601e-04, 4.7487e-06, 5.3907e-06,
        2.8583e-05, 3.0572e-04, 7.1017e-05, 4.4138e-05, 1.5323e-05, 7.0239e-05,
        3.0453e-05, 2.6210e-05, 2.4354e-05, 1.0186e-04, 5.8182e-05, 7.3771e-05,
        4.7236e-06, 1.4949e-05, 2.4454e-05, 3.3296e-05, 2.4799e-05, 5.7693e-05,
        5.7550e-05, 7.5627e-05, 1.2725e-05, 8.6234e-05, 1.2970e-04, 6.5879e-05,
        1.4782e-05, 1.6863e-04, 1.5657e-05, 3.9081e-05, 1.0781e-04, 1.4527e-04,
        5.0490e-05, 6.1995e-06, 5.8529e-06, 6.1087e-05, 8.6929e-06, 8.3809e-05,
        1.6783e-05, 4.3763e-05, 3.6029e-05, 1.3664e-04, 1.0062e-05, 1.0707e-05,
        4.1077e-05, 6.0082e-06, 2.0412e-05, 9.0010e-05, 3.7271e-05, 3.8144e-05,
        9.1189e-05, 1.0341e-05, 4.0781e-05, 8.1406e-05, 5.2257e-05],
       grad_fn=<CatBackward>)

mean_overall=tensor(5.5870e-05, grad_fn=<MeanBackward0>)

-----------------------------------------------ITERATION60-----------------------------------------------

final_causality=[[1, 1, 1, 1, 1, 1, 1, 1, 1, 1, 1, 1, 1], [1, 1, 1, 1, 1, 1, 1, 1, 1, 1, 1, 1, 1, 1, 1, 1, 1, 1, 1, 1, 1, 1, 1, 1, 1, 1, 1, 1, 1, 1, 1, 1, 1, 1, 1, 1, 1, 1, 1, 1, 1, 1, 1, 1, 1, 1, 1, 1, 1, 1], [1, 1, 1, 1, 1, 1, 1, 1, 1, 1, 1, 1, 1, 1, 1, 1, 1, 1, 1, 1, 1, 1, 1, 1, 1, 1, 1, 1, 1, 1, 1, 1, 1, 1, 1, 1, 1, 1, 1, 1, 1, 1, 1, 1, 1, 1, 1, 1, 1, 1]]

means=tensor([2.2348e-05, 0.0000e+00, 5.5975e-06, 0.0000e+00, 7.1408e-05, 1.1731e-04,
        1.8918e-05, 6.5246e-05, 2.9485e-04, 8.5971e-05, 5.5168e-06, 1.0085e-04,
        1.4746e-04, 9.6498e-05, 1.1681e-04, 3.0058e-05, 5.2281e-05, 3.5706e-06,
        6.7306e-06, 6.6342e-07, 7.5524e-05, 6.2873e-05, 2.0801e-05, 2.3536e-05,
        7.8261e-07, 5.6628e-06, 4.4289e-05, 9.2645e-05, 8.8616e-05, 1.9198e-05,
        1.5281e-05, 8.4463e-05, 5.4545e-05, 2.8040e-05, 1.3750e-04, 3.3888e-05,
        1.9437e-05, 7.6037e-05, 4.0975e-05, 7.1440e-05, 1.3052e-05, 2.7805e-05,
        8.9742e-05, 2.2433e-04, 7.4843e-05, 4.7045e-05, 5.7853e-06, 4.3679e-05,
        3.8729e-06, 4.4159e-06, 5.1385e-05, 1.8458e-05, 1.9613e-04, 1.0348e-04,
        9.1943e-06, 5.4415e-05, 2.3229e-06, 1.6259e-04, 6.8377e-06, 6.5791e-06,
        2.8052e-05, 3.0354e-04, 6.8948e-05, 4.3592e-05, 1.5590e-05, 7.0297e-05,
        3.0538e-05, 2.6369e-05, 2.4571e-05, 1.0241e-04, 5.8662e-05, 7.3462e-05,
        4.4591e-06, 1.5059e-05, 2.4129e-05, 3.3837e-05, 2.4603e-05, 5.8162e-05,
        5.7017e-05, 7.5701e-05, 1.2290e-05, 8.4889e-05, 1.2949e-04, 6.4474e-05,
        1.5271e-05, 1.6909e-04, 1.5224e-05, 3.8874e-05, 1.0854e-04, 1.4433e-04,
        5.0802e-05, 6.4553e-06, 5.5708e-06, 6.0950e-05, 8.9557e-06, 8.4250e-05,
        1.7102e-05, 4.3632e-05, 3.5551e-05, 1.3801e-04, 1.0184e-05, 1.0988e-05,
        4.1436e-05, 6.3534e-06, 2.0923e-05, 9.0054e-05, 3.7693e-05, 3.8217e-05,
        9.1389e-05, 1.0620e-05, 4.0422e-05, 8.0645e-05, 5.3758e-05],
       grad_fn=<CatBackward>)

mean_overall=tensor(5.5655e-05, grad_fn=<MeanBackward0>)

-----------------------------------------------ITERATION70-----------------------------------------------

final_causality=[[1, 1, 1, 1, 1, 1, 1, 1, 1, 1, 1, 1, 1], [1, 1, 1, 1, 1, 1, 1, 1, 1, 1, 1, 1, 1, 1, 1, 1, 1, 1, 1, 1, 1, 1, 1, 1, 1, 1, 1, 1, 1, 1, 1, 1, 1, 1, 1, 1, 1, 1, 1, 1, 1, 1, 1, 1, 1, 1, 1, 1, 1, 1], [1, 1, 1, 1, 1, 1, 1, 1, 1, 1, 1, 1, 1, 1, 1, 1, 1, 1, 1, 1, 1, 1, 1, 1, 1, 1, 1, 1, 1, 1, 1, 1, 1, 1, 1, 1, 1, 1, 1, 1, 1, 1, 1, 1, 1, 1, 1, 1, 1, 1]]

means=tensor([2.7680e-05, 0.0000e+00, 5.2907e-06, 0.0000e+00, 7.0843e-05, 1.1724e-04,
        1.8830e-05, 6.6697e-05, 2.9354e-04, 8.5187e-05, 4.2897e-06, 1.0127e-04,
        1.4841e-04, 9.7075e-05, 1.1745e-04, 2.9043e-05, 5.1462e-05, 4.0255e-06,
        7.0790e-06, 1.1409e-06, 7.4545e-05, 6.2436e-05, 2.1697e-05, 2.4359e-05,
        3.2475e-07, 6.4372e-06, 4.3791e-05, 9.2909e-05, 8.9085e-05, 1.8065e-05,
        1.5562e-05, 8.4734e-05, 5.5081e-05, 2.7401e-05, 1.3793e-04, 3.4669e-05,
        1.9870e-05, 7.6752e-05, 4.0444e-05, 7.2061e-05, 1.2511e-05, 2.7327e-05,
        8.9928e-05, 2.2508e-04, 7.5638e-05, 4.7619e-05, 5.2828e-06, 4.4088e-05,
        3.5491e-06, 4.6887e-06, 5.0644e-05, 1.9584e-05, 1.9665e-04, 1.0437e-04,
        8.4798e-06, 5.5183e-05, 2.9799e-06, 1.6345e-04, 6.1288e-06, 6.0893e-06,
        2.8536e-05, 3.0553e-04, 6.9595e-05, 4.3323e-05, 1.5496e-05, 7.0267e-05,
        3.0768e-05, 2.6298e-05, 2.4388e-05, 1.0235e-04, 5.8832e-05, 7.3580e-05,
        4.5219e-06, 1.4975e-05, 2.4188e-05, 3.3715e-05, 2.4663e-05, 5.8106e-05,
        5.7053e-05, 7.5360e-05, 1.2476e-05, 8.4876e-05, 1.2988e-04, 6.4288e-05,
        1.5092e-05, 1.6885e-04, 1.5323e-05, 3.8934e-05, 1.0851e-04, 1.4469e-04,
        5.0628e-05, 6.3452e-06, 5.6256e-06, 6.1358e-05, 8.8643e-06, 8.4054e-05,
        1.6981e-05, 4.3705e-05, 3.5659e-05, 1.3830e-04, 1.0103e-05, 1.1046e-05,
        4.1269e-05, 6.2204e-06, 2.0853e-05, 8.9840e-05, 3.7664e-05, 3.8074e-05,
        9.1068e-05, 1.0463e-05, 4.0517e-05, 8.0837e-05, 5.4018e-05],
       grad_fn=<CatBackward>)

mean_overall=tensor(5.5769e-05, grad_fn=<MeanBackward0>)

-----------------------------------------------ITERATION80-----------------------------------------------

final_causality=[[1, 1, 1, 1, 1, 1, 1, 1, 1, 1, 1, 1, 1], [1, 1, 1, 1, 1, 1, 1, 1, 1, 1, 1, 1, 1, 1, 1, 1, 1, 1, 1, 1, 1, 1, 1, 1, 1, 1, 1, 1, 1, 1, 1, 1, 1, 1, 1, 1, 1, 1, 1, 1, 1, 1, 1, 1, 1, 1, 1, 1, 1, 1], [1, 1, 1, 1, 1, 1, 1, 1, 1, 1, 1, 1, 1, 1, 1, 1, 1, 1, 1, 1, 1, 1, 1, 1, 1, 1, 1, 1, 1, 1, 1, 1, 1, 1, 1, 1, 1, 1, 1, 1, 1, 1, 1, 1, 1, 1, 1, 1, 1, 1]]

means=tensor([3.3291e-05, 0.0000e+00, 5.3030e-06, 0.0000e+00, 6.9776e-05, 1.1711e-04,
        1.8531e-05, 6.8578e-05, 2.9221e-04, 8.3322e-05, 2.6389e-06, 1.0190e-04,
        1.5100e-04, 9.8055e-05, 1.1838e-04, 2.7540e-05, 5.0296e-05, 4.7205e-06,
        7.6271e-06, 1.8714e-06, 7.3033e-05, 6.1713e-05, 2.2958e-05, 2.5552e-05,
        2.2205e-07, 7.6031e-06, 4.2965e-05, 9.3402e-05, 8.9886e-05, 1.6412e-05,
        1.6051e-05, 8.5224e-05, 5.5978e-05, 2.6474e-05, 1.3866e-04, 3.5960e-05,
        2.0488e-05, 7.7852e-05, 3.9701e-05, 7.2950e-05, 1.1697e-05, 2.6579e-05,
        9.0312e-05, 2.2646e-04, 7.6761e-05, 4.8552e-05, 4.5517e-06, 4.4685e-05,
        3.0582e-06, 5.1394e-06, 4.9421e-05, 2.1148e-05, 1.9759e-04, 1.0555e-04,
        7.3514e-06, 5.6387e-05, 4.0555e-06, 1.6492e-04, 5.0231e-06, 5.3524e-06,
        2.9179e-05, 3.0818e-04, 7.0639e-05, 4.3077e-05, 1.5351e-05, 7.0224e-05,
        3.1033e-05, 2.6191e-05, 2.4149e-05, 1.0222e-04, 5.8985e-05, 7.3758e-05,
        4.6315e-06, 1.4863e-05, 2.4303e-05, 3.3504e-05, 2.4759e-05, 5.7976e-05,
        5.7167e-05, 7.4955e-05, 1.2756e-05, 8.5035e-05, 1.3037e-04, 6.4256e-05,
        1.4820e-05, 1.6848e-04, 1.5500e-05, 3.9034e-05, 1.0837e-04, 1.4520e-04,
        5.0386e-05, 6.1842e-06, 5.7311e-06, 6.1810e-05, 8.7219e-06, 8.3767e-05,
        1.6798e-05, 4.3808e-05, 3.5851e-05, 1.3846e-04, 9.9942e-06, 1.1069e-05,
        4.1028e-05, 6.0195e-06, 2.0706e-05, 8.9571e-05, 3.7571e-05, 3.7898e-05,
        9.0654e-05, 1.0246e-05, 4.0676e-05, 8.1169e-05, 5.4123e-05],
       grad_fn=<CatBackward>)

mean_overall=tensor(5.5938e-05, grad_fn=<MeanBackward0>)

-----------------------------------------------ITERATION90-----------------------------------------------

final_causality=[[1, 1, 1, 1, 1, 1, 1, 1, 1, 1, 1, 1, 1], [1, 1, 1, 1, 1, 1, 1, 1, 1, 1, 1, 1, 1, 1, 1, 1, 1, 1, 1, 1, 1, 1, 1, 1, 1, 1, 1, 1, 1, 1, 1, 1, 1, 1, 1, 1, 1, 1, 1, 1, 1, 1, 1, 1, 1, 1, 1, 1, 1, 1], [1, 1, 1, 1, 1, 1, 1, 1, 1, 1, 1, 1, 1, 1, 1, 1, 1, 1, 1, 1, 1, 1, 1, 1, 1, 1, 1, 1, 1, 1, 1, 1, 1, 1, 1, 1, 1, 1, 1, 1, 1, 1, 1, 1, 1, 1, 1, 1, 1, 1]]

means=tensor([3.9315e-05, 0.0000e+00, 4.4951e-06, 0.0000e+00, 6.9736e-05, 1.1690e-04,
        1.8691e-05, 6.9803e-05, 2.9098e-04, 8.4193e-05, 2.2127e-06, 1.0160e-04,
        1.4929e-04, 9.8056e-05, 1.1864e-04, 2.7213e-05, 4.9966e-05, 4.8310e-06,
        7.6863e-06, 1.9888e-06, 7.2822e-05, 6.1746e-05, 2.3389e-05, 2.5868e-05,
        3.1194e-07, 7.8605e-06, 4.3005e-05, 9.3332e-05, 8.9852e-05, 1.5973e-05,
        1.6014e-05, 8.5166e-05, 5.6022e-05, 2.6245e-05, 1.3867e-04, 3.5991e-05,
        2.0686e-05, 7.8058e-05, 3.9458e-05, 7.3213e-05, 1.1534e-05, 2.6505e-05,
        9.0193e-05, 2.2632e-04, 7.7130e-05, 4.8679e-05, 4.3496e-06, 4.4841e-05,
        2.9696e-06, 5.1493e-06, 4.9451e-05, 2.1712e-05, 1.9748e-04, 1.0619e-04,
        7.2416e-06, 5.6557e-05, 4.0996e-06, 1.6489e-04, 4.9144e-06, 5.2006e-06,
        2.9479e-05, 3.0946e-04, 7.0740e-05, 4.2713e-05, 1.5336e-05, 7.0214e-05,
        3.1267e-05, 2.6163e-05, 2.4053e-05, 1.0229e-04, 5.9288e-05, 7.3785e-05,
        4.6298e-06, 1.4820e-05, 2.4289e-05, 3.3536e-05, 2.4769e-05, 5.8031e-05,
        5.7080e-05, 7.4697e-05, 1.2823e-05, 8.4705e-05, 1.3065e-04, 6.3773e-05,
        1.4788e-05, 1.6834e-04, 1.5493e-05, 3.9043e-05, 1.0850e-04, 1.4523e-04,
        5.0322e-05, 6.1553e-06, 5.7235e-06, 6.2240e-05, 8.7057e-06, 8.3704e-05,
        1.6772e-05, 4.3845e-05, 3.5837e-05, 1.3901e-04, 9.9586e-06, 1.1163e-05,
        4.0977e-05, 5.9896e-06, 2.0776e-05, 8.9373e-05, 3.7638e-05, 3.7796e-05,
        9.0442e-05, 1.0186e-05, 4.0675e-05, 8.1178e-05, 5.4701e-05],
       grad_fn=<CatBackward>)

mean_overall=tensor(5.5999e-05, grad_fn=<MeanBackward0>)

-----------------------------------------------ITERATION100-----------------------------------------------

final_causality=[[1, 1, 1, 1, 1, 1, 1, 1, 1, 1, 1, 1, 1], [1, 1, 1, 1, 1, 1, 1, 1, 1, 1, 1, 1, 1, 1, 1, 1, 1, 1, 1, 1, 1, 1, 1, 1, 1, 1, 1, 1, 1, 1, 1, 1, 1, 1, 1, 1, 1, 1, 1, 1, 1, 1, 1, 1, 1, 1, 1, 1, 1, 1], [1, 1, 1, 1, 1, 1, 1, 1, 1, 1, 1, 1, 1, 1, 1, 1, 1, 1, 1, 1, 1, 1, 1, 1, 1, 1, 1, 1, 1, 1, 1, 1, 1, 1, 1, 1, 1, 1, 1, 1, 1, 1, 1, 1, 1, 1, 1, 1, 1, 1]]

means=tensor([4.5654e-05, 1.3878e-17, 3.1982e-06, 1.3878e-17, 7.0289e-05, 1.1663e-04,
        1.9122e-05, 7.0667e-05, 2.8976e-04, 8.6637e-05, 2.4580e-06, 1.0078e-04,
        1.4512e-04, 9.7505e-05, 1.1853e-04, 2.7545e-05, 5.0101e-05, 4.6133e-06,
        7.4706e-06, 1.7614e-06, 7.3342e-05, 6.2209e-05, 2.3360e-05, 2.5695e-05,
        5.9428e-08, 7.6091e-06, 4.3537e-05, 9.2942e-05, 8.9344e-05, 1.6213e-05,
        1.5680e-05, 8.4797e-05, 5.5585e-05, 2.6406e-05, 1.3828e-04, 3.5312e-05,
        2.0649e-05, 7.7762e-05, 3.9492e-05, 7.3127e-05, 1.1737e-05, 2.6812e-05,
        8.9788e-05, 2.2531e-04, 7.7080e-05, 4.8353e-05, 4.4426e-06, 4.4751e-05,
        3.1064e-06, 4.9097e-06, 5.0190e-05, 2.1723e-05, 1.9678e-04, 1.0654e-04,
        7.7064e-06, 5.6147e-05, 3.5604e-06, 1.6402e-04, 5.3670e-06, 5.3769e-06,
        2.9592e-05, 3.1001e-04, 7.0313e-05, 4.2276e-05, 1.5394e-05, 7.0223e-05,
        3.1485e-05, 2.6180e-05, 2.4036e-05, 1.0250e-04, 5.9681e-05, 7.3728e-05,
        4.5662e-06, 1.4816e-05, 2.4201e-05, 3.3707e-05, 2.4732e-05, 5.8194e-05,
        5.6880e-05, 7.4516e-05, 1.2770e-05, 8.4095e-05, 1.3082e-04, 6.3025e-05,
        1.4891e-05, 1.6833e-04, 1.5381e-05, 3.9002e-05, 1.0879e-04, 1.4498e-04,
        5.0358e-05, 6.2000e-06, 5.6516e-06, 6.2935e-05, 8.7607e-06, 8.3765e-05,
        1.6835e-05, 4.3847e-05, 3.5707e-05, 1.3980e-04, 9.9637e-06, 1.1302e-05,
        4.1031e-05, 6.0556e-06, 2.0970e-05, 8.9214e-05, 3.7796e-05, 3.7735e-05,
        9.0540e-05, 1.0213e-05, 4.0585e-05, 8.1005e-05, 5.5560e-05],
       grad_fn=<CatBackward>)

mean_overall=tensor(5.5999e-05, grad_fn=<MeanBackward0>)

-----------------------------------------------ITERATION110-----------------------------------------------

final_causality=[[1, 1, 1, 1, 1, 1, 1, 1, 1, 1, 1, 1, 1], [1, 1, 1, 1, 1, 1, 1, 1, 1, 1, 1, 1, 1, 1, 1, 1, 1, 1, 1, 1, 1, 1, 1, 1, 1, 1, 1, 1, 1, 1, 1, 1, 1, 1, 1, 1, 1, 1, 1, 1, 1, 1, 1, 1, 1, 1, 1, 1, 1, 1], [1, 1, 1, 1, 1, 1, 1, 1, 1, 1, 1, 1, 1, 1, 1, 1, 1, 1, 1, 1, 1, 1, 1, 1, 1, 1, 1, 1, 1, 1, 1, 1, 1, 1, 1, 1, 1, 1, 1, 1, 1, 1, 1, 1, 1, 1, 1, 1, 1, 1]]

means=tensor([5.2272e-05, 1.3878e-17, 2.0231e-06, 1.3878e-17, 7.0615e-05, 1.1635e-04,
        1.9464e-05, 7.1754e-05, 2.8847e-04, 8.8576e-05, 2.4481e-06, 1.0011e-04,
        1.4171e-04, 9.7154e-05, 1.1857e-04, 2.7621e-05, 5.0049e-05, 4.5197e-06,
        7.3570e-06, 1.6646e-06, 7.3589e-05, 6.2524e-05, 2.3527e-05, 2.5717e-05,
        2.5026e-08, 7.5585e-06, 4.3900e-05, 9.2663e-05, 8.9003e-05, 1.6180e-05,
        1.5451e-05, 8.4536e-05, 5.5325e-05, 2.6414e-05, 1.3804e-04, 3.4891e-05,
        2.0708e-05, 7.7660e-05, 3.9411e-05, 7.3184e-05, 1.1798e-05, 2.6985e-05,
        8.9479e-05, 2.2461e-04, 7.7206e-05, 4.8202e-05, 4.4159e-06, 4.4758e-05,
        3.1569e-06, 4.7593e-06, 5.0684e-05, 2.1972e-05, 1.9628e-04, 1.0705e-04,
        7.9598e-06, 5.5956e-05, 3.2319e-06, 1.6344e-04, 5.6140e-06, 5.4256e-06,
        2.9794e-05, 3.1091e-04, 7.0084e-05, 4.1840e-05, 1.5425e-05, 7.0225e-05,
        3.1724e-05, 2.6179e-05, 2.3985e-05, 1.0266e-04, 6.0066e-05, 7.3702e-05,
        4.5255e-06, 1.4795e-05, 2.4140e-05, 3.3832e-05, 2.4713e-05, 5.8321e-05,
        5.6717e-05, 7.4293e-05, 1.2764e-05, 8.3563e-05, 1.3105e-04, 6.2341e-05,
        1.4945e-05, 1.6826e-04, 1.5307e-05, 3.8980e-05, 1.0902e-04, 1.4483e-04,
        5.0357e-05, 6.2171e-06, 5.6032e-06, 6.3728e-05, 8.7895e-06, 8.3778e-05,
        1.6865e-05, 4.3864e-05, 3.5619e-05, 1.4054e-04, 9.9522e-06, 1.1430e-05,
        4.1046e-05, 6.0858e-06, 2.1126e-05, 8.9027e-05, 3.7926e-05, 3.7652e-05,
        9.0574e-05, 1.0205e-05, 4.0526e-05, 8.0900e-05, 5.6360e-05],
       grad_fn=<CatBackward>)

mean_overall=tensor(5.6028e-05, grad_fn=<MeanBackward0>)

-----------------------------------------------ITERATION120-----------------------------------------------

final_causality=[[1, 1, 1, 1, 1, 1, 1, 1, 1, 1, 1, 1, 1], [1, 1, 1, 1, 1, 1, 1, 1, 1, 1, 1, 1, 1, 1, 1, 1, 1, 1, 1, 1, 1, 1, 1, 1, 1, 1, 1, 1, 1, 1, 1, 1, 1, 1, 1, 1, 1, 1, 1, 1, 1, 1, 1, 1, 1, 1, 1, 1, 1, 1], [1, 1, 1, 1, 1, 1, 1, 1, 1, 1, 1, 1, 1, 1, 1, 1, 1, 1, 1, 1, 1, 1, 1, 1, 1, 1, 1, 1, 1, 1, 1, 1, 1, 1, 1, 1, 1, 1, 1, 1, 1, 1, 1, 1, 1, 1, 1, 1, 1, 1]]

means=tensor([5.9206e-05, 0.0000e+00, 1.0166e-06, 0.0000e+00, 7.0652e-05, 1.1608e-04,
        1.9689e-05, 7.3117e-05, 2.8709e-04, 8.9841e-05, 2.0966e-06, 9.9647e-05,
        1.3933e-04, 9.7067e-05, 1.1881e-04, 2.7361e-05, 4.9755e-05, 4.5897e-06,
        7.3781e-06, 1.7398e-06, 7.3474e-05, 6.2642e-05, 2.3948e-05, 2.5998e-05,
        2.0027e-08, 7.7699e-06, 4.4037e-05, 9.2531e-05, 8.8884e-05, 1.5792e-05,
        1.5361e-05, 8.4418e-05, 5.5299e-05, 2.6222e-05, 1.3799e-04, 3.4810e-05,
        2.0896e-05, 7.7814e-05, 3.9183e-05, 7.3427e-05, 1.1674e-05, 2.6996e-05,
        8.9297e-05, 2.2431e-04, 7.7561e-05, 4.8280e-05, 4.2339e-06, 4.4895e-05,
        3.0940e-06, 4.7278e-06, 5.0846e-05, 2.2529e-05, 1.9608e-04, 1.0775e-04,
        7.9333e-06, 5.6056e-05, 3.1829e-06, 1.6327e-04, 5.5882e-06, 5.3073e-06,
        3.0111e-05, 3.1228e-04, 7.0115e-05, 4.1410e-05, 1.5420e-05, 7.0218e-05,
        3.1988e-05, 2.6154e-05, 2.3891e-05, 1.0277e-04, 6.0436e-05, 7.3718e-05,
        4.5140e-06, 1.4753e-05, 2.4112e-05, 3.3895e-05, 2.4717e-05, 5.8402e-05,
        5.6601e-05, 7.4016e-05, 1.2821e-05, 8.3140e-05, 1.3136e-04, 6.1746e-05,
        1.4934e-05, 1.6812e-04, 1.5282e-05, 3.8983e-05, 1.0920e-04, 1.4480e-04,
        5.0305e-05, 6.1975e-06, 5.5849e-06, 6.4492e-05, 8.7832e-06, 8.3728e-05,
        1.6851e-05, 4.3901e-05, 3.5584e-05, 1.4121e-04, 9.9193e-06, 1.1542e-05,
        4.1007e-05, 6.0688e-06, 2.1229e-05, 8.8803e-05, 3.8017e-05, 3.7544e-05,
        9.0526e-05, 1.0153e-05, 4.0511e-05, 8.0882e-05, 5.7071e-05],
       grad_fn=<CatBackward>)

mean_overall=tensor(5.6092e-05, grad_fn=<MeanBackward0>)

-----------------------------------------------ITERATION130-----------------------------------------------

final_causality=[[1, 1, 1, 1, 1, 1, 1, 1, 1, 1, 1, 1, 1], [1, 1, 1, 1, 1, 1, 1, 1, 1, 1, 1, 1, 1, 1, 1, 1, 1, 1, 1, 1, 1, 1, 1, 1, 1, 1, 1, 1, 1, 1, 1, 1, 1, 1, 1, 1, 1, 1, 1, 1, 1, 1, 1, 1, 1, 1, 1, 1, 1, 1], [1, 1, 1, 1, 1, 1, 1, 1, 1, 1, 1, 1, 1, 1, 1, 1, 1, 1, 1, 1, 1, 1, 1, 1, 1, 1, 1, 1, 1, 1, 1, 1, 1, 1, 1, 1, 1, 1, 1, 1, 1, 1, 1, 1, 1, 1, 1, 1, 1, 1]]

means=tensor([6.6434e-05, 0.0000e+00, 5.4017e-08, 0.0000e+00, 7.0714e-05, 1.1579e-04,
        1.9935e-05, 7.4522e-05, 2.8566e-04, 9.1227e-05, 1.7598e-06, 9.9144e-05,
        1.3675e-04, 9.6956e-05, 1.1904e-04, 2.7119e-05, 4.9470e-05, 4.6488e-06,
        7.3887e-06, 1.8036e-06, 7.3385e-05, 6.2784e-05, 2.4369e-05, 2.6271e-05,
        1.2290e-08, 7.9690e-06, 4.4202e-05, 9.2381e-05, 8.8741e-05, 1.5418e-05,
        1.5255e-05, 8.4282e-05, 5.5253e-05, 2.6038e-05, 1.3792e-04, 3.4697e-05,
        2.1083e-05, 7.7955e-05, 3.8957e-05, 7.3667e-05, 1.1561e-05, 2.7025e-05,
        8.9097e-05, 2.2396e-04, 7.7914e-05, 4.8343e-05, 4.0569e-06, 4.5027e-05,
        3.0381e-06, 4.6845e-06, 5.1046e-05, 2.3089e-05, 1.9596e-04, 1.0847e-04,
        7.9299e-06, 5.6136e-05, 3.1076e-06, 1.6306e-04, 5.5850e-06, 5.1979e-06,
        3.0436e-05, 3.1367e-04, 7.0126e-05, 4.0960e-05, 1.5419e-05, 7.0211e-05,
        3.2262e-05, 2.6130e-05, 2.3796e-05, 1.0289e-04, 6.0826e-05, 7.3731e-05,
        4.4994e-06, 1.4712e-05, 2.4081e-05, 3.3967e-05, 2.4720e-05, 5.8491e-05,
        5.6477e-05, 7.3732e-05, 1.2876e-05, 8.2689e-05, 1.3167e-04, 6.1115e-05,
        1.4927e-05, 1.6797e-04, 1.5251e-05, 3.8984e-05, 1.0938e-04, 1.4476e-04,
        5.0255e-05, 6.1802e-06, 5.5630e-06, 6.5292e-05, 8.7796e-06, 8.3682e-05,
        1.6841e-05, 4.3937e-05, 3.5543e-05, 1.4192e-04, 9.8868e-06, 1.1659e-05,
        4.0970e-05, 6.0551e-06, 2.1342e-05, 8.8572e-05, 3.8115e-05, 3.7433e-05,
        9.0484e-05, 1.0103e-05, 4.0490e-05, 8.0856e-05, 5.7823e-05],
       grad_fn=<CatBackward>)

mean_overall=tensor(5.6158e-05, grad_fn=<MeanBackward0>)

-----------------------------------------------ITERATION140-----------------------------------------------

final_causality=[[1, 1, 1, 1, 1, 1, 1, 1, 1, 1, 1, 1, 1], [1, 1, 1, 1, 1, 1, 1, 1, 1, 1, 1, 1, 1, 1, 1, 1, 1, 1, 1, 1, 1, 1, 1, 1, 1, 1, 1, 1, 1, 1, 1, 1, 1, 1, 1, 1, 1, 1, 1, 1, 1, 1, 1, 1, 1, 1, 1, 1, 1, 1], [1, 1, 1, 1, 1, 1, 1, 1, 1, 1, 1, 1, 1, 1, 1, 1, 1, 1, 1, 1, 1, 1, 1, 1, 1, 1, 1, 1, 1, 1, 1, 1, 1, 1, 1, 1, 1, 1, 1, 1, 1, 1, 1, 1, 1, 1, 1, 1, 1, 1]]

means=tensor([7.3918e-05, 0.0000e+00, 1.2582e-06, 0.0000e+00, 7.0899e-05, 1.1548e-04,
        2.0244e-05, 7.5893e-05, 2.8419e-04, 9.2974e-05, 1.5471e-06, 9.8525e-05,
        1.3360e-04, 9.6732e-05, 1.1920e-04, 2.7002e-05, 4.9271e-05, 4.6433e-06,
        7.3443e-06, 1.7996e-06, 7.3442e-05, 6.3018e-05, 2.4712e-05, 2.6455e-05,
        2.3693e-08, 8.0714e-06, 4.4472e-05, 9.2163e-05, 8.8499e-05, 1.5169e-05,
        1.5088e-05, 8.4080e-05, 5.5109e-05, 2.5928e-05, 1.3777e-04, 3.4441e-05,
        2.1228e-05, 7.7998e-05, 3.8780e-05, 7.3844e-05, 1.1519e-05, 2.7134e-05,
        8.8835e-05, 2.2343e-04, 7.8195e-05, 4.8318e-05, 3.9342e-06, 4.5111e-05,
        3.0261e-06, 4.5894e-06, 5.1396e-05, 2.3557e-05, 1.9571e-04, 1.0916e-04,
        8.0427e-06, 5.6102e-05, 2.9122e-06, 1.6267e-04, 5.6951e-06, 5.1516e-06,
        3.0734e-05, 3.1496e-04, 7.0033e-05, 4.0481e-05, 1.5431e-05, 7.0207e-05,
        3.2540e-05, 2.6115e-05, 2.3714e-05, 1.0303e-04, 6.1245e-05, 7.3727e-05,
        4.4722e-06, 1.4676e-05, 2.4034e-05, 3.4069e-05, 2.4713e-05, 5.8603e-05,
        5.6327e-05, 7.3455e-05, 1.2908e-05, 8.2171e-05, 1.3198e-04, 6.0415e-05,
        1.4948e-05, 1.6785e-04, 1.5199e-05, 3.8975e-05, 1.0960e-04, 1.4467e-04,
        5.0225e-05, 6.1772e-06, 5.5274e-06, 6.6146e-05, 8.7902e-06, 8.3659e-05,
        1.6848e-05, 4.3968e-05, 3.5477e-05, 1.4269e-04, 9.8613e-06, 1.1789e-05,
        4.0954e-05, 6.0603e-06, 2.1483e-05, 8.8342e-05, 3.8249e-05, 3.7326e-05,
        9.0474e-05, 1.0068e-05, 4.0452e-05, 8.0793e-05, 5.8654e-05],
       grad_fn=<CatBackward>)

mean_overall=tensor(5.6235e-05, grad_fn=<MeanBackward0>)

-----------------------------------------------ITERATION150-----------------------------------------------

final_causality=[[1, 1, 1, 1, 1, 1, 1, 1, 1, 1, 1, 1, 1], [1, 1, 1, 1, 1, 1, 1, 1, 1, 1, 1, 1, 1, 1, 1, 1, 1, 1, 1, 1, 1, 1, 1, 1, 1, 1, 1, 1, 1, 1, 1, 1, 1, 1, 1, 1, 1, 1, 1, 1, 1, 1, 1, 1, 1, 1, 1, 1, 1, 1], [1, 1, 1, 1, 1, 1, 1, 1, 1, 1, 1, 1, 1, 1, 1, 1, 1, 1, 1, 1, 1, 1, 1, 1, 1, 1, 1, 1, 1, 1, 1, 1, 1, 1, 1, 1, 1, 1, 1, 1, 1, 1, 1, 1, 1, 1, 1, 1, 1, 1]]

means=tensor([8.1660e-05, 1.3878e-17, 1.9383e-07, 1.3878e-17, 7.1099e-05, 1.1516e-04,
        2.0569e-05, 7.7309e-05, 2.8267e-04, 9.4808e-05, 1.3356e-06, 9.7879e-05,
        1.3029e-04, 9.6494e-05, 1.1937e-04, 2.6891e-05, 4.9071e-05, 4.6334e-06,
        7.2951e-06, 1.7911e-06, 7.3510e-05, 6.3267e-05, 2.5065e-05, 2.6641e-05,
        2.1704e-08, 8.1714e-06, 4.4759e-05, 9.1933e-05, 8.8243e-05, 1.4921e-05,
        1.4913e-05, 8.3868e-05, 5.4954e-05, 2.5820e-05, 1.3761e-04, 3.4173e-05,
        2.1376e-05, 7.8036e-05, 3.8602e-05, 7.4024e-05, 1.1481e-05, 2.7252e-05,
        8.8560e-05, 2.2287e-04, 7.8482e-05, 4.8288e-05, 3.8110e-06, 4.5196e-05,
        3.0165e-06, 4.4876e-06, 5.1769e-05, 2.4038e-05, 1.9545e-04, 1.0987e-04,
        8.1670e-06, 5.6060e-05, 2.7023e-06, 1.6226e-04, 5.8165e-06, 5.1079e-06,
        3.1043e-05, 3.1629e-04, 6.9930e-05, 3.9984e-05, 1.5446e-05, 7.0203e-05,
        3.2826e-05, 2.6099e-05, 2.3630e-05, 1.0319e-04, 6.1681e-05, 7.3723e-05,
        4.4433e-06, 1.4640e-05, 2.3984e-05, 3.4177e-05, 2.4706e-05, 5.8721e-05,
        5.6172e-05, 7.3171e-05, 1.2939e-05, 8.1632e-05, 1.3229e-04, 5.9687e-05,
        1.4971e-05, 1.6772e-04, 1.5154e-05, 3.8965e-05, 1.0983e-04, 1.4457e-04,
        5.0195e-05, 6.1750e-06, 5.4897e-06, 6.7030e-05, 8.8022e-06, 8.3638e-05,
        1.6857e-05, 4.4000e-05, 3.5407e-05, 1.4350e-04, 9.8353e-06, 1.1924e-05,
        4.0939e-05, 6.0671e-06, 2.1631e-05, 8.8104e-05, 3.8399e-05, 3.7216e-05,
        9.0466e-05, 1.0033e-05, 4.0411e-05, 8.0726e-05, 5.9520e-05],
       grad_fn=<CatBackward>)

mean_overall=tensor(5.6295e-05, grad_fn=<MeanBackward0>)

-----------------------------------------------ITERATION160-----------------------------------------------

final_causality=[[1, 1, 1, 1, 1, 1, 1, 1, 1, 1, 1, 1, 1], [1, 1, 1, 1, 1, 1, 1, 1, 1, 1, 1, 1, 1, 1, 1, 1, 1, 1, 1, 1, 1, 1, 1, 1, 1, 1, 1, 1, 1, 1, 1, 1, 1, 1, 1, 1, 1, 1, 1, 1, 1, 1, 1, 1, 1, 1, 1, 1, 1, 1], [1, 1, 1, 1, 1, 1, 1, 1, 1, 1, 1, 1, 1, 1, 1, 1, 1, 1, 1, 1, 1, 1, 1, 1, 1, 1, 1, 1, 1, 1, 1, 1, 1, 1, 1, 1, 1, 1, 1, 1, 1, 1, 1, 1, 1, 1, 1, 1, 1, 1]]

means=tensor([8.9670e-05, 1.3878e-17, 1.5042e-06, 1.3878e-17, 7.1262e-05, 1.1483e-04,
        2.0888e-05, 7.8809e-05, 2.8109e-04, 9.6596e-05, 1.0669e-06, 9.7248e-05,
        1.2704e-04, 9.6292e-05, 1.1957e-04, 2.6726e-05, 4.8831e-05, 4.6477e-06,
        7.2648e-06, 1.8082e-06, 7.3527e-05, 6.3494e-05, 2.5468e-05, 2.6874e-05,
        1.1080e-08, 8.3139e-06, 4.5022e-05, 9.1720e-05, 8.8014e-05, 1.4612e-05,
        1.4755e-05, 8.3671e-05, 5.4830e-05, 2.5679e-05, 1.3748e-04, 3.3950e-05,
        2.1548e-05, 7.8115e-05, 3.8396e-05, 7.4239e-05, 1.1414e-05, 2.7346e-05,
        8.8298e-05, 2.2236e-04, 7.8813e-05, 4.8291e-05, 3.6611e-06, 4.5302e-05,
        2.9898e-06, 4.4006e-06, 5.2104e-05, 2.4582e-05, 1.9522e-04, 1.1064e-04,
        8.2531e-06, 5.6061e-05, 2.5283e-06, 1.6190e-04, 5.9005e-06, 5.0380e-06,
        3.1381e-05, 3.1774e-04, 6.9864e-05, 3.9473e-05, 1.5455e-05, 7.0198e-05,
        3.3123e-05, 2.6079e-05, 2.3538e-05, 1.0334e-04, 6.2129e-05, 7.3724e-05,
        4.4178e-06, 1.4600e-05, 2.3937e-05, 3.4278e-05, 2.4702e-05, 5.8835e-05,
        5.6020e-05, 7.2871e-05, 1.2981e-05, 8.1096e-05, 1.3262e-04, 5.8952e-05,
        1.4984e-05, 1.6758e-04, 1.5114e-05, 3.8958e-05, 1.1006e-04, 1.4448e-04,
        5.0158e-05, 6.1673e-06, 5.4552e-06, 6.7934e-05, 8.8091e-06, 8.3607e-05,
        1.6859e-05, 4.4035e-05, 3.5343e-05, 1.4432e-04, 9.8055e-06, 1.2059e-05,
        4.0916e-05, 6.0669e-06, 2.1776e-05, 8.7854e-05, 3.8547e-05, 3.7099e-05,
        9.0447e-05, 9.9914e-06, 4.0375e-05, 8.0670e-05, 6.0397e-05],
       grad_fn=<CatBackward>)

mean_overall=tensor(5.6382e-05, grad_fn=<MeanBackward0>)

-----------------------------------------------ITERATION170-----------------------------------------------

final_causality=[[1, 1, 1, 1, 1, 1, 1, 1, 1, 1, 1, 1, 1], [1, 1, 1, 1, 1, 1, 1, 1, 1, 1, 1, 1, 1, 1, 1, 1, 1, 1, 1, 1, 1, 1, 1, 1, 1, 1, 1, 1, 1, 1, 1, 1, 1, 1, 1, 1, 1, 1, 1, 1, 1, 1, 1, 1, 1, 1, 1, 1, 1, 1], [1, 1, 1, 1, 1, 1, 1, 1, 1, 1, 1, 1, 1, 1, 1, 1, 1, 1, 1, 1, 1, 1, 1, 1, 1, 1, 1, 1, 1, 1, 1, 1, 1, 1, 1, 1, 1, 1, 1, 1, 1, 1, 1, 1, 1, 1, 1, 1, 1, 1]]

means=tensor([9.7929e-05, 1.3878e-17, 6.0879e-08, 1.3878e-17, 7.1425e-05, 1.1449e-04,
        2.1215e-05, 8.0362e-05, 2.7947e-04, 9.8434e-05, 7.8410e-07, 9.6601e-05,
        1.2371e-04, 9.6090e-05, 1.1977e-04, 2.6552e-05, 4.8581e-05, 4.6652e-06,
        7.2360e-06, 1.8287e-06, 7.3538e-05, 6.3726e-05, 2.5891e-05, 2.7121e-05,
        3.2531e-08, 8.4658e-06, 4.5290e-05, 9.1503e-05, 8.7782e-05, 1.4289e-05,
        1.4596e-05, 8.3471e-05, 5.4708e-05, 2.5531e-05, 1.3734e-04, 3.3728e-05,
        2.1730e-05, 7.8201e-05, 3.8183e-05, 7.4465e-05, 1.1343e-05, 2.7440e-05,
        8.8031e-05, 2.2183e-04, 7.9161e-05, 4.8300e-05, 3.5038e-06, 4.5413e-05,
        2.9604e-06, 4.3130e-06, 5.2444e-05, 2.5152e-05, 1.9500e-04, 1.1144e-04,
        8.3372e-06, 5.6069e-05, 2.3537e-06, 1.6153e-04, 5.9826e-06, 4.9632e-06,
        3.1735e-05, 3.1924e-04, 6.9802e-05, 3.8945e-05, 1.5464e-05, 7.0192e-05,
        3.3634e-05, 2.6058e-05, 2.3442e-05, 1.0349e-04, 6.2591e-05, 7.3726e-05,
        4.3920e-06, 1.4558e-05, 2.3890e-05, 3.4382e-05, 2.4698e-05, 5.8951e-05,
        5.5865e-05, 7.2562e-05, 1.3026e-05, 8.0546e-05, 1.3296e-04, 5.8196e-05,
        1.4997e-05, 1.6743e-04, 1.5073e-05, 3.8951e-05, 1.1029e-04, 1.4439e-04,
        5.0120e-05, 6.1587e-06, 5.4200e-06, 6.8864e-05, 8.8155e-06, 8.3575e-05,
        1.6861e-05, 4.4071e-05, 3.5278e-05, 1.4516e-04, 9.7743e-06, 1.2197e-05,
        4.0891e-05, 6.0660e-06, 2.1924e-05, 8.7594e-05, 3.8698e-05, 3.6978e-05,
        9.0427e-05, 9.9475e-06, 4.0339e-05, 8.0614e-05, 6.1300e-05],
       grad_fn=<CatBackward>)

mean_overall=tensor(5.6451e-05, grad_fn=<MeanBackward0>)

-----------------------------------------------ITERATION180-----------------------------------------------

final_causality=[[1, 1, 1, 1, 1, 1, 1, 1, 1, 1, 1, 1, 1], [1, 1, 1, 1, 1, 1, 1, 1, 1, 1, 1, 1, 1, 1, 1, 1, 1, 1, 1, 1, 1, 1, 1, 1, 1, 1, 1, 1, 1, 1, 1, 1, 1, 1, 1, 1, 1, 1, 1, 1, 1, 1, 1, 1, 1, 1, 1, 1, 1, 1], [1, 1, 1, 1, 1, 1, 1, 1, 1, 1, 1, 1, 1, 1, 1, 1, 1, 1, 1, 1, 1, 1, 1, 1, 1, 1, 1, 1, 1, 1, 1, 1, 1, 1, 1, 1, 1, 1, 1, 1, 1, 1, 1, 1, 1, 1, 1, 1, 1, 1]]

means=tensor([1.0642e-04, 1.3878e-17, 1.4457e-06, 1.3878e-17, 7.1609e-05, 1.1414e-04,
        2.1561e-05, 8.1951e-05, 2.7780e-04, 1.0037e-04, 5.1209e-07, 9.5923e-05,
        1.2020e-04, 9.5869e-05, 1.1998e-04, 2.6391e-05, 4.8338e-05, 4.6739e-06,
        7.1989e-06, 1.8401e-06, 7.3571e-05, 6.3978e-05, 2.6318e-05, 2.7363e-05,
        3.7833e-08, 8.6081e-06, 4.5582e-05, 9.1272e-05, 8.7531e-05, 1.3975e-05,
        1.4426e-05, 8.3257e-05, 5.4569e-05, 2.5390e-05, 1.3720e-04, 3.3482e-05,
        2.1911e-05, 7.8276e-05, 3.7972e-05, 7.4688e-05, 1.1280e-05, 2.7549e-05,
        8.7750e-05, 2.2128e-04, 7.9509e-05, 4.8299e-05, 3.3505e-06, 4.5520e-05,
        2.9365e-06, 4.2156e-06, 5.2816e-05, 2.5728e-05, 1.9475e-04, 1.1226e-04,
        8.4402e-06, 5.6061e-05, 2.1576e-06, 1.6113e-04, 6.0831e-06, 4.8955e-06,
        3.2098e-05, 3.2078e-04, 6.9724e-05, 3.8404e-05, 1.5475e-05, 7.0186e-05,
        3.4265e-05, 2.6038e-05, 2.3346e-05, 1.0365e-04, 6.3069e-05, 7.3726e-05,
        4.3638e-06, 1.4516e-05, 2.3839e-05, 3.4493e-05, 2.4693e-05, 5.9074e-05,
        5.5704e-05, 7.2248e-05, 1.3068e-05, 7.9976e-05, 1.3332e-04, 5.7413e-05,
        1.5015e-05, 1.6729e-04, 1.5030e-05, 3.8943e-05, 1.1053e-04, 1.4429e-04,
        5.0084e-05, 6.1519e-06, 5.3818e-06, 6.9823e-05, 8.8240e-06, 8.3545e-05,
        1.6865e-05, 4.4108e-05, 3.5208e-05, 1.4604e-04, 9.7432e-06, 1.2341e-05,
        4.0868e-05, 6.0679e-06, 2.2080e-05, 8.7328e-05, 3.8857e-05, 3.6854e-05,
        9.0412e-05, 9.9049e-06, 4.0300e-05, 8.0552e-05, 6.2238e-05],
       grad_fn=<CatBackward>)

mean_overall=tensor(5.6547e-05, grad_fn=<MeanBackward0>)

-----------------------------------------------ITERATION190-----------------------------------------------

final_causality=[[1, 1, 1, 1, 1, 1, 1, 1, 1, 1, 1, 1, 1], [1, 1, 1, 1, 1, 1, 1, 1, 1, 1, 1, 1, 1, 1, 1, 1, 1, 1, 1, 1, 1, 1, 1, 1, 1, 1, 1, 1, 1, 1, 1, 1, 1, 1, 1, 1, 1, 1, 1, 1, 1, 1, 1, 1, 1, 1, 1, 1, 1, 1], [1, 1, 1, 1, 1, 1, 1, 1, 1, 1, 1, 1, 1, 1, 1, 1, 1, 1, 1, 1, 1, 1, 1, 1, 1, 1, 1, 1, 1, 1, 1, 1, 1, 1, 1, 1, 1, 1, 1, 1, 1, 1, 1, 1, 1, 1, 1, 1, 1, 1]]

means=tensor([1.1515e-04, 1.3878e-17, 3.0013e-06, 1.3878e-17, 7.1802e-05, 1.1377e-04,
        2.1919e-05, 8.3585e-05, 2.7608e-04, 1.0238e-04, 2.3493e-07, 9.5226e-05,
        1.1658e-04, 9.5643e-05, 1.2018e-04, 2.6229e-05, 4.8092e-05, 4.6817e-06,
        7.1601e-06, 1.8506e-06, 7.3607e-05, 6.4241e-05, 2.6758e-05, 2.7614e-05,
        9.9838e-09, 8.7533e-06, 4.5885e-05, 9.1034e-05, 8.7273e-05, 1.3656e-05,
        1.4251e-05, 8.3036e-05, 5.4426e-05, 2.5247e-05, 1.3704e-04, 3.3230e-05,
        2.2098e-05, 7.8353e-05, 3.7756e-05, 7.4919e-05, 1.1218e-05, 2.7662e-05,
        8.7461e-05, 2.2070e-04, 7.9868e-05, 4.8297e-05, 3.1939e-06, 4.5629e-05,
        2.9128e-06, 4.1146e-06, 5.3202e-05, 2.6323e-05, 1.9449e-04, 1.1310e-04,
        8.5484e-06, 5.6052e-05, 1.9541e-06, 1.6072e-04, 6.1885e-06, 4.8272e-06,
        3.2473e-05, 3.2236e-04, 6.9644e-05, 3.8014e-05, 1.5486e-05, 7.0181e-05,
        3.4913e-05, 2.6017e-05, 2.3248e-05, 1.0382e-04, 6.3562e-05, 7.3725e-05,
        4.3346e-06, 1.4474e-05, 2.3786e-05, 3.4609e-05, 2.4688e-05, 5.9200e-05,
        5.5538e-05, 7.1926e-05, 1.3111e-05, 7.9390e-05, 1.3368e-04, 5.6608e-05,
        1.5033e-05, 1.6713e-04, 1.4984e-05, 3.8934e-05, 1.1077e-04, 1.4419e-04,
        5.0048e-05, 6.1452e-06, 5.3422e-06, 7.0808e-05, 8.8330e-06, 8.3516e-05,
        1.6870e-05, 4.4145e-05, 3.5136e-05, 1.4695e-04, 9.7114e-06, 1.2487e-05,
        4.0846e-05, 6.0701e-06, 2.2240e-05, 8.7054e-05, 3.9021e-05, 3.6726e-05,
        9.0398e-05, 9.8615e-06, 4.0260e-05, 8.0487e-05, 6.3205e-05],
       grad_fn=<CatBackward>)

mean_overall=tensor(5.6648e-05, grad_fn=<MeanBackward0>)

-----------------------------------------------ITERATION200-----------------------------------------------

final_causality=[[1, 1, 1, 1, 1, 1, 1, 1, 1, 1, 1, 1, 1], [1, 1, 1, 1, 1, 1, 1, 1, 1, 1, 1, 1, 1, 1, 1, 1, 1, 1, 1, 1, 1, 1, 1, 1, 1, 1, 1, 1, 1, 1, 1, 1, 1, 1, 1, 1, 1, 1, 1, 1, 1, 1, 1, 1, 1, 1, 1, 1, 1, 1], [1, 1, 1, 1, 1, 1, 1, 1, 1, 1, 1, 1, 1, 1, 1, 1, 1, 1, 1, 1, 1, 1, 1, 1, 1, 1, 1, 1, 1, 1, 1, 1, 1, 1, 1, 1, 1, 1, 1, 1, 1, 1, 1, 1, 1, 1, 1, 1, 1, 1]]

means=tensor([1.2410e-04, 0.0000e+00, 4.5978e-06, 0.0000e+00, 7.1994e-05, 1.1340e-04,
        2.2286e-05, 8.5270e-05, 2.7433e-04, 1.0443e-04, 5.6040e-08, 9.4516e-05,
        1.1288e-04, 9.5418e-05, 1.2040e-04, 2.6056e-05, 4.7836e-05, 4.6929e-06,
        7.1232e-06, 1.8649e-06, 7.3638e-05, 6.4507e-05, 2.7219e-05, 2.7879e-05,
        1.5181e-08, 8.9080e-06, 4.6194e-05, 9.0793e-05, 8.7013e-05, 1.3321e-05,
        1.4077e-05, 8.2814e-05, 5.4285e-05, 2.5097e-05, 1.3689e-04, 3.2980e-05,
        2.2294e-05, 7.8438e-05, 3.7533e-05, 7.5161e-05, 1.1151e-05, 2.7775e-05,
        8.7169e-05, 2.2012e-04, 8.0243e-05, 4.8301e-05, 3.0302e-06, 4.5743e-05,
        2.8864e-06, 4.0132e-06, 5.3593e-05, 2.6945e-05, 1.9423e-04, 1.1398e-04,
        8.6540e-06, 5.6050e-05, 1.7507e-06, 1.6031e-04, 6.2914e-06, 4.7538e-06,
        3.2865e-05, 3.2400e-04, 6.9568e-05, 3.7642e-05, 1.5497e-05, 7.0174e-05,
        3.5576e-05, 2.5994e-05, 2.3146e-05, 1.0399e-04, 6.4070e-05, 7.3725e-05,
        4.3052e-06, 1.4429e-05, 2.3733e-05, 3.4726e-05, 2.4683e-05, 5.9328e-05,
        5.5371e-05, 7.1595e-05, 1.3157e-05, 7.8794e-05, 1.3406e-04, 5.5785e-05,
        1.5051e-05, 1.6698e-04, 1.4939e-05, 3.8925e-05, 1.1102e-04, 1.4409e-04,
        5.0011e-05, 6.1376e-06, 5.3019e-06, 7.1816e-05, 8.8414e-06, 8.3486e-05,
        1.6874e-05, 4.4183e-05, 3.5062e-05, 1.4787e-04, 9.6784e-06, 1.2637e-05,
        4.0821e-05, 6.0716e-06, 2.2404e-05, 8.6772e-05, 3.9188e-05, 3.6595e-05,
        9.0384e-05, 9.8163e-06, 4.0219e-05, 8.0423e-05, 6.4195e-05],
       grad_fn=<CatBackward>)

mean_overall=tensor(5.6755e-05, grad_fn=<MeanBackward0>)

-----------------------------------------------ITERATION210-----------------------------------------------

final_causality=[[1, 1, 1, 1, 1, 1, 1, 1, 1, 1, 1, 1, 1], [1, 1, 1, 1, 1, 1, 1, 1, 1, 1, 1, 1, 1, 1, 1, 1, 1, 1, 1, 1, 1, 1, 1, 1, 1, 1, 1, 1, 1, 1, 1, 1, 1, 1, 1, 1, 1, 1, 1, 1, 1, 1, 1, 1, 1, 1, 1, 1, 1, 1], [1, 1, 1, 1, 1, 1, 1, 1, 1, 1, 1, 1, 1, 1, 1, 1, 1, 1, 1, 1, 1, 1, 1, 1, 1, 1, 1, 1, 1, 1, 1, 1, 1, 1, 1, 1, 1, 1, 1, 1, 1, 1, 1, 1, 1, 1, 1, 1, 1, 1]]

means=tensor([1.3328e-04, 0.0000e+00, 6.2402e-06, 0.0000e+00, 7.2191e-05, 1.1302e-04,
        2.2664e-05, 8.7000e-05, 2.7253e-04, 1.0653e-04, 3.5393e-07, 9.3790e-05,
        1.0908e-04, 9.5191e-05, 1.2062e-04, 2.5881e-05, 4.7575e-05, 4.7042e-06,
        7.0855e-06, 1.8793e-06, 7.3671e-05, 6.4783e-05, 2.7696e-05, 2.8153e-05,
        4.1135e-08, 9.0670e-06, 4.6513e-05, 9.0548e-05, 8.6748e-05, 1.2979e-05,
        1.3899e-05, 8.2586e-05, 5.4141e-05, 2.4945e-05, 1.3674e-04, 3.2726e-05,
        2.2497e-05, 7.8525e-05, 3.7306e-05, 7.5410e-05, 1.1083e-05, 2.7893e-05,
        8.6871e-05, 2.1953e-04, 8.0631e-05, 4.8307e-05, 2.8625e-06, 4.5860e-05,
        2.8594e-06, 3.9091e-06, 5.3996e-05, 2.7588e-05, 1.9397e-04, 1.1489e-04,
        8.7627e-06, 5.6050e-05, 1.5420e-06, 1.5989e-04, 6.3973e-06, 4.6788e-06,
        3.3271e-05, 3.2569e-04, 6.9492e-05, 3.7260e-05, 1.5508e-05, 7.0168e-05,
        3.6254e-05, 2.5971e-05, 2.3042e-05, 1.0416e-04, 6.4591e-05, 7.3725e-05,
        4.2751e-06, 1.4384e-05, 2.3678e-05, 3.4847e-05, 2.4678e-05, 5.9459e-05,
        5.5200e-05, 7.1258e-05, 1.3204e-05, 7.8184e-05, 1.3444e-04, 5.4943e-05,
        1.5069e-05, 1.6681e-04, 1.4893e-05, 3.8917e-05, 1.1128e-04, 1.4398e-04,
        4.9975e-05, 6.1299e-06, 5.2604e-06, 7.2847e-05, 8.8500e-06, 8.3455e-05,
        1.6878e-05, 4.4223e-05, 3.4986e-05, 1.4883e-04, 9.6444e-06, 1.2789e-05,
        4.0796e-05, 6.0732e-06, 2.2573e-05, 8.6482e-05, 3.9359e-05, 3.6501e-05,
        9.0371e-05, 9.7701e-06, 4.0178e-05, 8.0357e-05, 6.5212e-05],
       grad_fn=<CatBackward>)

mean_overall=tensor(5.6870e-05, grad_fn=<MeanBackward0>)

-----------------------------------------------ITERATION220-----------------------------------------------

final_causality=[[1, 1, 1, 1, 1, 1, 1, 1, 1, 1, 1, 1, 1], [1, 1, 1, 1, 1, 1, 1, 1, 1, 1, 1, 1, 1, 1, 1, 1, 1, 1, 1, 1, 1, 1, 1, 1, 1, 1, 1, 1, 1, 1, 1, 1, 1, 1, 1, 1, 1, 1, 1, 1, 1, 1, 1, 1, 1, 1, 1, 1, 1, 1], [1, 1, 1, 1, 1, 1, 1, 1, 1, 1, 1, 1, 1, 1, 1, 1, 1, 1, 1, 1, 1, 1, 1, 1, 1, 1, 1, 1, 1, 1, 1, 1, 1, 1, 1, 1, 1, 1, 1, 1, 1, 1, 1, 1, 1, 1, 1, 1, 1, 1]]

means=tensor([1.4267e-04, 0.0000e+00, 7.9301e-06, 0.0000e+00, 7.2396e-05, 1.1262e-04,
        2.3055e-05, 8.8772e-05, 2.7069e-04, 1.0871e-04, 3.2428e-07, 9.3046e-05,
        1.0517e-04, 9.4959e-05, 1.2085e-04, 2.5704e-05, 4.7312e-05, 4.7144e-06,
        7.0460e-06, 1.8926e-06, 7.3707e-05, 6.5069e-05, 2.8187e-05, 2.8436e-05,
        6.9298e-08, 9.2283e-06, 4.6844e-05, 9.0296e-05, 8.6475e-05, 1.2632e-05,
        1.3719e-05, 8.2352e-05, 5.3992e-05, 2.4791e-05, 1.3658e-04, 3.2466e-05,
        2.2705e-05, 7.8614e-05, 3.7075e-05, 7.5666e-05, 1.1016e-05, 2.8015e-05,
        8.6567e-05, 2.1892e-04, 8.1029e-05, 4.8313e-05, 2.6922e-06, 4.5977e-05,
        2.8329e-06, 3.8013e-06, 5.4413e-05, 2.8250e-05, 1.9370e-04, 1.1583e-04,
        8.8768e-06, 5.6048e-05, 1.3257e-06, 1.5945e-04, 6.5084e-06, 4.6035e-06,
        3.3691e-05, 3.2743e-04, 6.9413e-05, 3.6868e-05, 1.5520e-05, 7.0161e-05,
        3.6947e-05, 2.5948e-05, 2.2971e-05, 1.0434e-04, 6.5127e-05, 7.3725e-05,
        4.2439e-06, 1.4337e-05, 2.3622e-05, 3.4971e-05, 2.4673e-05, 5.9594e-05,
        5.5026e-05, 7.0914e-05, 1.3251e-05, 7.7562e-05, 1.3484e-04, 5.4080e-05,
        1.5088e-05, 1.6664e-04, 1.4845e-05, 3.8907e-05, 1.1154e-04, 1.4387e-04,
        4.9938e-05, 6.1222e-06, 5.2351e-06, 7.3902e-05, 8.8590e-06, 8.3425e-05,
        1.6883e-05, 4.4262e-05, 3.4908e-05, 1.4980e-04, 9.6098e-06, 1.2945e-05,
        4.0772e-05, 6.0754e-06, 2.2746e-05, 8.6185e-05, 3.9536e-05, 3.6413e-05,
        9.0359e-05, 9.7235e-06, 4.0135e-05, 8.0289e-05, 6.6255e-05],
       grad_fn=<CatBackward>)

mean_overall=tensor(5.6986e-05, grad_fn=<MeanBackward0>)

-----------------------------------------------ITERATION230-----------------------------------------------

final_causality=[[1, 1, 1, 1, 1, 1, 1, 1, 1, 1, 1, 1, 1], [1, 1, 1, 1, 1, 1, 1, 1, 1, 1, 1, 1, 1, 1, 1, 1, 1, 1, 1, 1, 1, 1, 1, 1, 1, 1, 1, 1, 1, 1, 1, 1, 1, 1, 1, 1, 1, 1, 1, 1, 1, 1, 1, 1, 1, 1, 1, 1, 1, 1], [1, 1, 1, 1, 1, 1, 1, 1, 1, 1, 1, 1, 1, 1, 1, 1, 1, 1, 1, 1, 1, 1, 1, 1, 1, 1, 1, 1, 1, 1, 1, 1, 1, 1, 1, 1, 1, 1, 1, 1, 1, 1, 1, 1, 1, 1, 1, 1, 1, 1]]

means=tensor([1.5227e-04, 0.0000e+00, 9.6647e-06, 0.0000e+00, 7.2606e-05, 1.1222e-04,
        2.3456e-05, 9.0589e-05, 2.6881e-04, 1.1093e-04, 9.2213e-08, 9.2286e-05,
        1.0116e-04, 9.4725e-05, 1.2108e-04, 2.5524e-05, 4.7046e-05, 4.7246e-06,
        7.0058e-06, 1.9062e-06, 7.3746e-05, 6.5363e-05, 2.8694e-05, 2.8728e-05,
        9.8198e-08, 9.3939e-06, 4.7184e-05, 9.0039e-05, 8.6197e-05, 1.2277e-05,
        1.3536e-05, 8.2156e-05, 5.3841e-05, 2.4635e-05, 1.3642e-04, 3.2203e-05,
        2.2920e-05, 7.8705e-05, 3.6840e-05, 7.5929e-05, 1.0948e-05, 2.8141e-05,
        8.6257e-05, 2.1830e-04, 8.1438e-05, 4.8321e-05, 2.5180e-06, 4.6098e-05,
        2.8059e-06, 3.6909e-06, 5.4842e-05, 2.8934e-05, 1.9343e-04, 1.1680e-04,
        8.9939e-06, 5.6047e-05, 1.1043e-06, 1.5901e-04, 6.6224e-06, 4.5267e-06,
        3.4125e-05, 3.2921e-04, 6.9334e-05, 3.6466e-05, 1.5531e-05, 7.0154e-05,
        3.7655e-05, 2.5924e-05, 2.2950e-05, 1.0452e-04, 6.5676e-05, 7.3724e-05,
        4.2120e-06, 1.4290e-05, 2.3564e-05, 3.5099e-05, 2.4668e-05, 5.9731e-05,
        5.4849e-05, 7.0563e-05, 1.3300e-05, 7.6927e-05, 1.3524e-04, 5.3198e-05,
        1.5108e-05, 1.6647e-04, 1.4797e-05, 3.8898e-05, 1.1181e-04, 1.4376e-04,
        4.9902e-05, 6.1145e-06, 5.2293e-06, 7.4980e-05, 8.8681e-06, 8.3395e-05,
        1.6887e-05, 4.4303e-05, 3.4828e-05, 1.5081e-04, 9.5743e-06, 1.3103e-05,
        4.0746e-05, 6.0776e-06, 2.2923e-05, 8.5880e-05, 3.9716e-05, 3.6322e-05,
        9.0349e-05, 9.6760e-06, 4.0092e-05, 8.0220e-05, 6.7324e-05],
       grad_fn=<CatBackward>)

mean_overall=tensor(5.7105e-05, grad_fn=<MeanBackward0>)

-----------------------------------------------ITERATION240-----------------------------------------------

final_causality=[[1, 1, 1, 1, 1, 1, 1, 1, 1, 1, 1, 1, 1], [1, 1, 1, 1, 1, 1, 1, 1, 1, 1, 1, 1, 1, 1, 1, 1, 1, 1, 1, 1, 1, 1, 1, 1, 1, 1, 1, 1, 1, 1, 1, 1, 1, 1, 1, 1, 1, 1, 1, 1, 1, 1, 1, 1, 1, 1, 1, 1, 1, 1], [1, 1, 1, 1, 1, 1, 1, 1, 1, 1, 1, 1, 1, 1, 1, 1, 1, 1, 1, 1, 1, 1, 1, 1, 1, 1, 1, 1, 1, 1, 1, 1, 1, 1, 1, 1, 1, 1, 1, 1, 1, 1, 1, 1, 1, 1, 1, 1, 1, 1]]

means=tensor([1.6208e-04, 1.3878e-17, 1.1443e-05, 1.3878e-17, 7.2821e-05, 1.1181e-04,
        2.3867e-05, 9.2450e-05, 2.6690e-04, 1.1322e-04, 5.1809e-07, 9.1512e-05,
        9.7054e-05, 9.4489e-05, 1.2132e-04, 2.5341e-05, 4.6775e-05, 4.7353e-06,
        6.9652e-06, 1.9203e-06, 7.3785e-05, 6.5665e-05, 2.9218e-05, 2.9031e-05,
        1.2753e-07, 9.5642e-06, 4.7535e-05, 8.9778e-05, 8.5915e-05, 1.1915e-05,
        1.3351e-05, 8.2327e-05, 5.3712e-05, 2.4476e-05, 1.3626e-04, 3.1937e-05,
        2.3143e-05, 7.8800e-05, 3.6600e-05, 7.6201e-05, 1.0879e-05, 2.8270e-05,
        8.5943e-05, 2.1767e-04, 8.1861e-05, 4.8331e-05, 2.3398e-06, 4.6221e-05,
        2.7782e-06, 3.5781e-06, 5.5281e-05, 2.9639e-05, 1.9315e-04, 1.1779e-04,
        9.1135e-06, 5.6049e-05, 8.7837e-07, 1.5856e-04, 6.7388e-06, 4.4480e-06,
        3.4574e-05, 3.3105e-04, 6.9255e-05, 3.6054e-05, 1.5543e-05, 7.0146e-05,
        3.8376e-05, 2.5899e-05, 2.2929e-05, 1.0471e-04, 6.6239e-05, 7.3724e-05,
        4.1795e-06, 1.4242e-05, 2.3505e-05, 3.5231e-05, 2.4664e-05, 5.9871e-05,
        5.4669e-05, 7.0205e-05, 1.3350e-05, 7.6282e-05, 1.3566e-04, 5.2299e-05,
        1.5128e-05, 1.6630e-04, 1.4748e-05, 3.8888e-05, 1.1208e-04, 1.4365e-04,
        4.9867e-05, 6.1065e-06, 5.2234e-06, 7.6079e-05, 8.8773e-06, 8.3365e-05,
        1.6892e-05, 4.4344e-05, 3.4747e-05, 1.5183e-04, 9.5379e-06, 1.3264e-05,
        4.0721e-05, 6.0800e-06, 2.3105e-05, 8.5568e-05, 3.9900e-05, 3.6230e-05,
        9.0340e-05, 9.6276e-06, 4.0048e-05, 8.0150e-05, 6.8417e-05],
       grad_fn=<CatBackward>)

mean_overall=tensor(5.7237e-05, grad_fn=<MeanBackward0>)

-----------------------------------------------ITERATION250-----------------------------------------------

final_causality=[[1, 1, 1, 1, 1, 1, 1, 1, 1, 1, 1, 1, 1], [1, 1, 1, 1, 1, 1, 1, 1, 1, 1, 1, 1, 1, 1, 1, 1, 1, 1, 1, 1, 1, 1, 1, 1, 1, 1, 1, 1, 1, 1, 1, 1, 1, 1, 1, 1, 1, 1, 1, 1, 1, 1, 1, 1, 1, 1, 1, 1, 1, 1], [1, 1, 1, 1, 1, 1, 1, 1, 1, 1, 1, 1, 1, 1, 1, 1, 1, 1, 1, 1, 1, 1, 1, 1, 1, 1, 1, 1, 1, 1, 1, 1, 1, 1, 1, 1, 1, 1, 1, 1, 1, 1, 1, 1, 1, 1, 1, 1, 1, 1]]

means=tensor([1.7209e-04, 1.3878e-17, 1.3266e-05, 1.3878e-17, 7.3041e-05, 1.1138e-04,
        2.4290e-05, 9.4354e-05, 2.6495e-04, 1.1556e-04, 9.5210e-07, 9.0722e-05,
        9.2853e-05, 9.4251e-05, 1.2156e-04, 2.5156e-05, 4.6501e-05, 4.7457e-06,
        6.9239e-06, 1.9343e-06, 7.3827e-05, 6.5977e-05, 2.9758e-05, 2.9344e-05,
        1.5791e-07, 9.7382e-06, 4.7895e-05, 8.9512e-05, 8.5628e-05, 1.1546e-05,
        1.3165e-05, 8.2501e-05, 5.3592e-05, 2.4315e-05, 1.3609e-04, 3.1668e-05,
        2.3372e-05, 7.8898e-05, 3.6357e-05, 7.6480e-05, 1.0810e-05, 2.8404e-05,
        8.5623e-05, 2.1702e-04, 8.2295e-05, 4.8343e-05, 2.1583e-06, 4.6346e-05,
        2.7503e-06, 3.4625e-06, 5.5733e-05, 3.0366e-05, 1.9286e-04, 1.1882e-04,
        9.2366e-06, 5.6051e-05, 6.4706e-07, 1.5811e-04, 6.8585e-06, 4.3682e-06,
        3.5038e-05, 3.3293e-04, 6.9175e-05, 3.5633e-05, 1.5555e-05, 7.0138e-05,
        3.9111e-05, 2.5873e-05, 2.2908e-05, 1.0490e-04, 6.6816e-05, 7.3724e-05,
        4.1461e-06, 1.4192e-05, 2.3444e-05, 3.5365e-05, 2.4659e-05, 6.0014e-05,
        5.4487e-05, 6.9842e-05, 1.3402e-05, 7.5625e-05, 1.3609e-04, 5.1382e-05,
        1.5148e-05, 1.6612e-04, 1.4698e-05, 3.8878e-05, 1.1235e-04, 1.4353e-04,
        4.9831e-05, 6.0984e-06, 5.2173e-06, 7.7199e-05, 8.8866e-06, 8.3336e-05,
        1.6897e-05, 4.4386e-05, 3.4663e-05, 1.5288e-04, 9.5008e-06, 1.3428e-05,
        4.0694e-05, 6.0826e-06, 2.3290e-05, 8.5249e-05, 4.0089e-05, 3.6136e-05,
        9.0333e-05, 9.5785e-06, 4.0003e-05, 8.0078e-05, 6.9535e-05],
       grad_fn=<CatBackward>)

mean_overall=tensor(5.7373e-05, grad_fn=<MeanBackward0>)

-----------------------------------------------ITERATION260-----------------------------------------------

final_causality=[[1, 1, 1, 1, 1, 1, 1, 1, 1, 1, 1, 1, 1], [1, 1, 1, 1, 1, 1, 1, 1, 1, 1, 1, 1, 1, 1, 1, 1, 1, 1, 1, 1, 1, 1, 1, 1, 1, 1, 1, 1, 1, 1, 1, 1, 1, 1, 1, 1, 1, 1, 1, 1, 1, 1, 1, 1, 1, 1, 1, 1, 1, 1], [1, 1, 1, 1, 1, 1, 1, 1, 1, 1, 1, 1, 1, 1, 1, 1, 1, 1, 1, 1, 1, 1, 1, 1, 1, 1, 1, 1, 1, 1, 1, 1, 1, 1, 1, 1, 1, 1, 1, 1, 1, 1, 1, 1, 1, 1, 1, 1, 1, 1]]

means=tensor([1.8230e-04, 0.0000e+00, 1.5133e-05, 0.0000e+00, 7.3267e-05, 1.1095e-04,
        2.4724e-05, 9.6299e-05, 2.6296e-04, 1.1795e-04, 1.3941e-06, 8.9918e-05,
        8.8556e-05, 9.4010e-05, 1.2181e-04, 2.4968e-05, 4.6224e-05, 4.7560e-06,
        6.8817e-06, 1.9482e-06, 7.3870e-05, 6.6297e-05, 3.0314e-05, 2.9667e-05,
        1.8931e-07, 9.9160e-06, 4.8266e-05, 8.9242e-05, 8.5335e-05, 1.1172e-05,
        1.2976e-05, 8.2679e-05, 5.3471e-05, 2.4152e-05, 1.3592e-04, 3.1396e-05,
        2.3608e-05, 7.8999e-05, 3.6110e-05, 7.6766e-05, 1.0741e-05, 2.8541e-05,
        8.5299e-05, 2.1637e-04, 8.2741e-05, 4.8356e-05, 1.9735e-06, 4.6472e-05,
        2.7222e-06, 3.3443e-06, 5.6196e-05, 3.1115e-05, 1.9257e-04, 1.1987e-04,
        9.3630e-06, 5.6055e-05, 4.1042e-07, 1.5764e-04, 6.9815e-06, 4.2872e-06,
        3.5517e-05, 3.3486e-04, 6.9095e-05, 3.5203e-05, 1.5567e-05, 7.0130e-05,
        3.9860e-05, 2.5847e-05, 2.2886e-05, 1.0509e-04, 6.7406e-05, 7.3723e-05,
        4.1119e-06, 1.4142e-05, 2.3382e-05, 3.5504e-05, 2.4654e-05, 6.0159e-05,
        5.4302e-05, 6.9472e-05, 1.3454e-05, 7.4958e-05, 1.3652e-04, 5.0448e-05,
        1.5170e-05, 1.6593e-04, 1.4647e-05, 3.8867e-05, 1.1263e-04, 1.4340e-04,
        4.9796e-05, 6.0902e-06, 5.2112e-06, 7.8341e-05, 8.8961e-06, 8.3307e-05,
        1.6903e-05, 4.4429e-05, 3.4577e-05, 1.5395e-04, 9.4629e-06, 1.3594e-05,
        4.0668e-05, 6.0854e-06, 2.3480e-05, 8.4922e-05, 4.0282e-05, 3.6040e-05,
        9.0327e-05, 9.5288e-06, 3.9957e-05, 8.0005e-05, 7.0677e-05],
       grad_fn=<CatBackward>)

mean_overall=tensor(5.7513e-05, grad_fn=<MeanBackward0>)

-----------------------------------------------ITERATION270-----------------------------------------------

final_causality=[[1, 1, 1, 1, 1, 1, 1, 1, 1, 1, 1, 1, 1], [1, 1, 1, 1, 1, 1, 1, 1, 1, 1, 1, 1, 1, 1, 1, 1, 1, 1, 1, 1, 1, 1, 1, 1, 1, 1, 1, 1, 1, 1, 1, 1, 1, 1, 1, 1, 1, 1, 1, 1, 1, 1, 1, 1, 1, 1, 1, 1, 1, 1], [1, 1, 1, 1, 1, 1, 1, 1, 1, 1, 1, 1, 1, 1, 1, 1, 1, 1, 1, 1, 1, 1, 1, 1, 1, 1, 1, 1, 1, 1, 1, 1, 1, 1, 1, 1, 1, 1, 1, 1, 1, 1, 1, 1, 1, 1, 1, 1, 1, 1]]

means=tensor([1.9271e-04, 1.3878e-17, 1.7043e-05, 1.3878e-17, 7.3497e-05, 1.1051e-04,
        2.5168e-05, 9.8288e-05, 2.6094e-04, 1.2041e-04, 1.8441e-06, 8.9100e-05,
        8.4165e-05, 9.3769e-05, 1.2206e-04, 2.4778e-05, 4.5944e-05, 4.7663e-06,
        6.8389e-06, 1.9622e-06, 7.3916e-05, 6.6626e-05, 3.0887e-05, 3.0000e-05,
        2.2153e-07, 1.0098e-05, 4.8647e-05, 8.8968e-05, 8.5039e-05, 1.0790e-05,
        1.2786e-05, 8.2860e-05, 5.3349e-05, 2.3987e-05, 1.3575e-04, 3.1122e-05,
        2.3852e-05, 7.9102e-05, 3.5860e-05, 7.7060e-05, 1.0672e-05, 2.8683e-05,
        8.4970e-05, 2.1571e-04, 8.3199e-05, 4.8372e-05, 1.7853e-06, 4.6601e-05,
        2.6938e-06, 3.2235e-06, 5.6670e-05, 3.1886e-05, 1.9228e-04, 1.2096e-04,
        9.4926e-06, 5.6060e-05, 1.6887e-07, 1.5717e-04, 7.1073e-06, 4.2049e-06,
        3.6012e-05, 3.3684e-04, 6.9016e-05, 3.4763e-05, 1.5579e-05, 7.0122e-05,
        4.0621e-05, 2.5820e-05, 2.2864e-05, 1.0529e-04, 6.8009e-05, 7.3723e-05,
        4.0770e-06, 1.4091e-05, 2.3318e-05, 3.5645e-05, 2.4649e-05, 6.0307e-05,
        5.4115e-05, 6.9097e-05, 1.3508e-05, 7.4280e-05, 1.3697e-04, 4.9497e-05,
        1.5191e-05, 1.6574e-04, 1.4595e-05, 3.8856e-05, 1.1292e-04, 1.4328e-04,
        4.9762e-05, 6.0819e-06, 5.2050e-06, 7.9502e-05, 8.9058e-06, 8.3279e-05,
        1.6908e-05, 4.4472e-05, 3.4489e-05, 1.5505e-04, 9.4242e-06, 1.3763e-05,
        4.0641e-05, 6.0884e-06, 2.3674e-05, 8.4589e-05, 4.0478e-05, 3.5942e-05,
        9.0323e-05, 9.4783e-06, 3.9911e-05, 7.9931e-05, 7.1843e-05],
       grad_fn=<CatBackward>)

mean_overall=tensor(5.7656e-05, grad_fn=<MeanBackward0>)

-----------------------------------------------ITERATION280-----------------------------------------------

final_causality=[[1, 1, 1, 1, 1, 1, 1, 1, 1, 1, 1, 1, 1], [1, 1, 1, 1, 1, 1, 1, 1, 1, 1, 1, 1, 1, 1, 1, 1, 1, 1, 1, 1, 1, 1, 1, 1, 1, 1, 1, 1, 1, 1, 1, 1, 1, 1, 1, 1, 1, 1, 1, 1, 1, 1, 1, 1, 1, 1, 1, 1, 1, 1], [1, 1, 1, 1, 1, 1, 1, 1, 1, 1, 1, 1, 1, 1, 1, 1, 1, 1, 1, 1, 1, 1, 1, 1, 1, 1, 1, 1, 1, 1, 1, 1, 1, 1, 1, 1, 1, 1, 1, 1, 1, 1, 1, 1, 1, 1, 1, 1, 1, 1]]

means=tensor([2.0331e-04, 0.0000e+00, 1.8997e-05, 0.0000e+00, 7.3733e-05, 1.1005e-04,
        2.5623e-05, 1.0032e-04, 2.5888e-04, 1.2292e-04, 2.3020e-06, 8.8268e-05,
        7.9680e-05, 9.3527e-05, 1.2232e-04, 2.4586e-05, 4.5662e-05, 4.7765e-06,
        6.7955e-06, 1.9763e-06, 7.3964e-05, 6.6963e-05, 3.1477e-05, 3.0344e-05,
        2.5464e-07, 1.0283e-05, 4.9039e-05, 8.8690e-05, 8.4738e-05, 1.0403e-05,
        1.2594e-05, 8.3045e-05, 5.3225e-05, 2.3820e-05, 1.3558e-04, 3.0846e-05,
        2.4102e-05, 7.9209e-05, 3.5607e-05, 7.7362e-05, 1.0603e-05, 2.8828e-05,
        8.4638e-05, 2.1503e-04, 8.3669e-05, 4.8389e-05, 1.5939e-06, 4.6732e-05,
        2.6651e-06, 3.1002e-06, 5.7156e-05, 3.2680e-05, 1.9198e-04, 1.2207e-04,
        9.6252e-06, 5.6067e-05, 7.7626e-08, 1.5669e-04, 7.2362e-06, 4.1214e-06,
        3.6522e-05, 3.3886e-04, 6.8936e-05, 3.4314e-05, 1.5592e-05, 7.0113e-05,
        4.1394e-05, 2.5792e-05, 2.2842e-05, 1.0549e-04, 6.8626e-05, 7.3722e-05,
        4.0413e-06, 1.4039e-05, 2.3253e-05, 3.5790e-05, 2.4644e-05, 6.0457e-05,
        5.3925e-05, 6.8716e-05, 1.3562e-05, 7.3593e-05, 1.3743e-04, 4.8529e-05,
        1.5214e-05, 1.6555e-04, 1.4542e-05, 3.8845e-05, 1.1321e-04, 1.4315e-04,
        4.9728e-05, 6.0735e-06, 5.1986e-06, 8.0684e-05, 8.9155e-06, 8.3251e-05,
        1.6914e-05, 4.4515e-05, 3.4399e-05, 1.5616e-04, 9.3847e-06, 1.3934e-05,
        4.0614e-05, 6.0917e-06, 2.3871e-05, 8.4248e-05, 4.0679e-05, 3.5843e-05,
        9.0320e-05, 9.4272e-06, 3.9864e-05, 7.9855e-05, 7.3032e-05],
       grad_fn=<CatBackward>)

mean_overall=tensor(5.7805e-05, grad_fn=<MeanBackward0>)

-----------------------------------------------ITERATION290-----------------------------------------------

final_causality=[[1, 1, 1, 1, 1, 1, 1, 1, 1, 1, 1, 1, 1], [1, 1, 1, 1, 1, 1, 1, 1, 1, 1, 1, 1, 1, 1, 1, 1, 1, 1, 1, 1, 1, 1, 1, 1, 1, 1, 1, 1, 1, 1, 1, 1, 1, 1, 1, 1, 1, 1, 1, 1, 1, 1, 1, 1, 1, 1, 1, 1, 1, 1], [1, 1, 1, 1, 1, 1, 1, 1, 1, 1, 1, 1, 1, 1, 1, 1, 1, 1, 1, 1, 1, 1, 1, 1, 1, 1, 1, 1, 1, 1, 1, 1, 1, 1, 1, 1, 1, 1, 1, 1, 1, 1, 1, 1, 1, 1, 1, 1, 1, 1]]

means=tensor([2.1411e-04, 0.0000e+00, 2.0994e-05, 0.0000e+00, 7.3973e-05, 1.0959e-04,
        2.6089e-05, 1.0239e-04, 2.5679e-04, 1.2548e-04, 2.7674e-06, 8.7423e-05,
        7.5102e-05, 9.3283e-05, 1.2258e-04, 2.4392e-05, 4.5378e-05, 4.7865e-06,
        6.7515e-06, 1.9903e-06, 7.4014e-05, 6.7310e-05, 3.2084e-05, 3.0698e-05,
        2.8869e-07, 1.0473e-05, 4.9441e-05, 8.8408e-05, 8.4433e-05, 1.0010e-05,
        1.2402e-05, 8.3233e-05, 5.3100e-05, 2.3652e-05, 1.3563e-04, 3.0568e-05,
        2.4361e-05, 7.9319e-05, 3.5350e-05, 7.7671e-05, 1.0534e-05, 2.8977e-05,
        8.4301e-05, 2.1435e-04, 8.4151e-05, 4.8409e-05, 1.3993e-06, 4.6865e-05,
        2.6362e-06, 2.9743e-06, 5.7653e-05, 3.3497e-05, 1.9168e-04, 1.2321e-04,
        9.7611e-06, 5.6076e-05, 3.2913e-07, 1.5620e-04, 7.3683e-06, 4.0368e-06,
        3.7048e-05, 3.4094e-04, 6.8856e-05, 3.3856e-05, 1.5604e-05, 7.0104e-05,
        4.2180e-05, 2.5764e-05, 2.2820e-05, 1.0570e-04, 6.9256e-05, 7.3721e-05,
        4.0049e-06, 1.3986e-05, 2.3187e-05, 3.5938e-05, 2.4640e-05, 6.0610e-05,
        5.3733e-05, 6.8329e-05, 1.3618e-05, 7.2896e-05, 1.3790e-04, 4.7546e-05,
        1.5237e-05, 1.6535e-04, 1.4489e-05, 3.8834e-05, 1.1350e-04, 1.4302e-04,
        4.9695e-05, 6.0651e-06, 5.1922e-06, 8.1885e-05, 8.9254e-06, 8.3224e-05,
        1.6920e-05, 4.4559e-05, 3.4308e-05, 1.5730e-04, 9.3445e-06, 1.4107e-05,
        4.0586e-05, 6.0952e-06, 2.4073e-05, 8.3901e-05, 4.0883e-05, 3.5742e-05,
        9.0320e-05, 9.3756e-06, 3.9816e-05, 7.9778e-05, 7.4245e-05],
       grad_fn=<CatBackward>)

mean_overall=tensor(5.7962e-05, grad_fn=<MeanBackward0>)

-----------------------------------------------ITERATION300-----------------------------------------------

final_causality=[[1, 1, 1, 1, 1, 1, 1, 1, 1, 1, 1, 1, 1], [1, 1, 1, 1, 1, 1, 1, 1, 1, 1, 1, 1, 1, 1, 1, 1, 1, 1, 1, 1, 1, 1, 1, 1, 1, 1, 1, 1, 1, 1, 1, 1, 1, 1, 1, 1, 1, 1, 1, 1, 1, 1, 1, 1, 1, 1, 1, 1, 1, 1], [1, 1, 1, 1, 1, 1, 1, 1, 1, 1, 1, 1, 1, 1, 1, 1, 1, 1, 1, 1, 1, 1, 1, 1, 1, 1, 1, 1, 1, 1, 1, 1, 1, 1, 1, 1, 1, 1, 1, 1, 1, 1, 1, 1, 1, 1, 1, 1, 1, 1]]

means=tensor([2.2509e-04, 0.0000e+00, 2.3034e-05, 0.0000e+00, 7.4218e-05, 1.0912e-04,
        2.6566e-05, 1.0450e-04, 2.5467e-04, 1.2810e-04, 3.2402e-06, 8.6564e-05,
        7.0430e-05, 9.3039e-05, 1.2284e-04, 2.4196e-05, 4.5092e-05, 4.7963e-06,
        6.7068e-06, 2.0042e-06, 7.4065e-05, 6.7665e-05, 3.2708e-05, 3.1063e-05,
        3.2366e-07, 1.0666e-05, 4.9853e-05, 8.8122e-05, 8.4124e-05, 9.6113e-06,
        1.2208e-05, 8.3425e-05, 5.2974e-05, 2.3483e-05, 1.3592e-04, 3.0288e-05,
        2.4627e-05, 7.9432e-05, 3.5090e-05, 7.7988e-05, 1.0465e-05, 2.9130e-05,
        8.3961e-05, 2.1366e-04, 8.4646e-05, 4.8430e-05, 1.2017e-06, 4.6999e-05,
        2.6071e-06, 2.8459e-06, 5.8177e-05, 3.4337e-05, 1.9138e-04, 1.2439e-04,
        9.9002e-06, 5.6086e-05, 2.8771e-07, 1.5571e-04, 7.5033e-06, 3.9512e-06,
        3.7590e-05, 3.4306e-04, 6.8776e-05, 3.3389e-05, 1.5617e-05, 7.0094e-05,
        4.2977e-05, 2.5735e-05, 2.2797e-05, 1.0591e-04, 6.9899e-05, 7.3720e-05,
        3.9676e-06, 1.3932e-05, 2.3120e-05, 3.6089e-05, 2.4635e-05, 6.0765e-05,
        5.3539e-05, 6.7937e-05, 1.3675e-05, 7.2190e-05, 1.3837e-04, 4.6546e-05,
        1.5260e-05, 1.6515e-04, 1.4435e-05, 3.8822e-05, 1.1380e-04, 1.4288e-04,
        4.9663e-05, 6.0565e-06, 5.1858e-06, 8.3105e-05, 8.9353e-06, 8.3197e-05,
        1.6926e-05, 4.4603e-05, 3.4214e-05, 1.5846e-04, 9.3605e-06, 1.4283e-05,
        4.0559e-05, 6.0989e-06, 2.4278e-05, 8.3547e-05, 4.1091e-05, 3.5639e-05,
        9.0322e-05, 9.3233e-06, 3.9768e-05, 7.9700e-05, 7.5480e-05],
       grad_fn=<CatBackward>)

mean_overall=tensor(5.8124e-05, grad_fn=<MeanBackward0>)

-----------------------------------------------ITERATION310-----------------------------------------------

final_causality=[[1, 1, 1, 1, 1, 1, 1, 1, 1, 1, 1, 1, 1], [1, 1, 1, 1, 1, 1, 1, 1, 1, 1, 1, 1, 1, 1, 1, 1, 1, 1, 1, 1, 1, 1, 1, 1, 1, 1, 1, 1, 1, 1, 1, 1, 1, 1, 1, 1, 1, 1, 1, 1, 1, 1, 1, 1, 1, 1, 1, 1, 1, 1], [1, 1, 1, 1, 1, 1, 1, 1, 1, 1, 1, 1, 1, 1, 1, 1, 1, 1, 1, 1, 1, 1, 1, 1, 1, 1, 1, 1, 1, 1, 1, 1, 1, 1, 1, 1, 1, 1, 1, 1, 1, 1, 1, 1, 1, 1, 1, 1, 1, 1]]

means=tensor([2.3626e-04, 0.0000e+00, 2.5116e-05, 0.0000e+00, 7.4468e-05, 1.0864e-04,
        2.7053e-05, 1.0666e-04, 2.5252e-04, 1.3077e-04, 3.7204e-06, 8.5693e-05,
        6.5666e-05, 9.2794e-05, 1.2311e-04, 2.3998e-05, 4.4804e-05, 4.8060e-06,
        6.6616e-06, 2.0182e-06, 7.4120e-05, 6.8029e-05, 3.3349e-05, 3.1439e-05,
        3.5954e-07, 1.0863e-05, 5.0276e-05, 8.7832e-05, 8.3811e-05, 9.2069e-06,
        1.2013e-05, 8.3620e-05, 5.2848e-05, 2.3312e-05, 1.3622e-04, 3.0006e-05,
        2.4900e-05, 7.9548e-05, 3.4828e-05, 7.8313e-05, 1.0396e-05, 2.9287e-05,
        8.3617e-05, 2.1296e-04, 8.5152e-05, 4.8454e-05, 1.0010e-06, 4.7136e-05,
        2.5778e-06, 2.7151e-06, 5.8726e-05, 3.5201e-05, 1.9107e-04, 1.2559e-04,
        1.0042e-05, 5.6098e-05, 1.0459e-08, 1.5521e-04, 7.6414e-06, 3.8645e-06,
        3.8149e-05, 3.4523e-04, 6.8697e-05, 3.2912e-05, 1.5629e-05, 7.0084e-05,
        4.3787e-05, 2.5705e-05, 2.2775e-05, 1.0612e-04, 7.0555e-05, 7.3720e-05,
        3.9296e-06, 1.3877e-05, 2.3051e-05, 3.6244e-05, 2.4630e-05, 6.0922e-05,
        5.3343e-05, 6.7539e-05, 1.3733e-05, 7.1475e-05, 1.3886e-04, 4.5532e-05,
        1.5285e-05, 1.6494e-04, 1.4380e-05, 3.8810e-05, 1.1410e-04, 1.4274e-04,
        4.9631e-05, 6.0479e-06, 5.1792e-06, 8.4344e-05, 8.9454e-06, 8.3172e-05,
        1.6932e-05, 4.4648e-05, 3.4119e-05, 1.5965e-04, 9.4286e-06, 1.4460e-05,
        4.0530e-05, 6.1029e-06, 2.4488e-05, 8.3186e-05, 4.1303e-05, 3.5537e-05,
        9.0326e-05, 9.2705e-06, 3.9719e-05, 7.9621e-05, 7.6739e-05],
       grad_fn=<CatBackward>)

mean_overall=tensor(5.8288e-05, grad_fn=<MeanBackward0>)

-----------------------------------------------ITERATION320-----------------------------------------------

final_causality=[[1, 1, 1, 1, 1, 1, 1, 1, 1, 1, 1, 1, 1], [1, 1, 1, 1, 1, 1, 1, 1, 1, 1, 1, 1, 1, 1, 1, 1, 1, 1, 1, 1, 1, 1, 1, 1, 1, 1, 1, 1, 1, 1, 1, 1, 1, 1, 1, 1, 1, 1, 1, 1, 1, 1, 1, 1, 1, 1, 1, 1, 1, 1], [1, 1, 1, 1, 1, 1, 1, 1, 1, 1, 1, 1, 1, 1, 1, 1, 1, 1, 1, 1, 1, 1, 1, 1, 1, 1, 1, 1, 1, 1, 1, 1, 1, 1, 1, 1, 1, 1, 1, 1, 1, 1, 1, 1, 1, 1, 1, 1, 1, 1]]

means=tensor([2.4762e-04, 0.0000e+00, 2.7242e-05, 0.0000e+00, 7.4722e-05, 1.0815e-04,
        2.7551e-05, 1.0885e-04, 2.5034e-04, 1.3350e-04, 4.2076e-06, 8.4809e-05,
        6.0810e-05, 9.2646e-05, 1.2339e-04, 2.3799e-05, 4.4515e-05, 4.8155e-06,
        6.6159e-06, 2.0320e-06, 7.4176e-05, 6.8402e-05, 3.4009e-05, 3.1826e-05,
        3.9635e-07, 1.1064e-05, 5.0709e-05, 8.7540e-05, 8.3494e-05, 8.7972e-06,
        1.1817e-05, 8.3818e-05, 5.2720e-05, 2.3140e-05, 1.3653e-04, 2.9723e-05,
        2.5182e-05, 7.9667e-05, 3.4563e-05, 7.8645e-05, 1.0327e-05, 2.9448e-05,
        8.3270e-05, 2.1225e-04, 8.5671e-05, 4.8480e-05, 7.9733e-07, 4.7274e-05,
        2.5483e-06, 2.5818e-06, 5.9288e-05, 3.6088e-05, 1.9076e-04, 1.2683e-04,
        1.0188e-05, 5.6112e-05, 3.1413e-07, 1.5471e-04, 7.7826e-06, 3.7768e-06,
        3.8724e-05, 3.4744e-04, 6.8618e-05, 3.2427e-05, 1.5642e-05, 7.0074e-05,
        4.4607e-05, 2.5674e-05, 2.2752e-05, 1.0634e-04, 7.1223e-05, 7.3719e-05,
        3.8908e-06, 1.3821e-05, 2.2980e-05, 3.6402e-05, 2.4625e-05, 6.1081e-05,
        5.3145e-05, 6.7137e-05, 1.3792e-05, 7.0751e-05, 1.3936e-04, 4.4502e-05,
        1.5309e-05, 1.6473e-04, 1.4324e-05, 3.8798e-05, 1.1440e-04, 1.4260e-04,
        4.9601e-05, 6.0392e-06, 5.1726e-06, 8.5601e-05, 8.9555e-06, 8.3148e-05,
        1.6939e-05, 4.4692e-05, 3.4022e-05, 1.6085e-04, 9.4976e-06, 1.4640e-05,
        4.0502e-05, 6.1071e-06, 2.4701e-05, 8.2819e-05, 4.1519e-05, 3.5803e-05,
        9.0332e-05, 9.2172e-06, 3.9669e-05, 7.9540e-05, 7.8020e-05],
       grad_fn=<CatBackward>)

mean_overall=tensor(5.8466e-05, grad_fn=<MeanBackward0>)

-----------------------------------------------ITERATION330-----------------------------------------------

final_causality=[[1, 1, 1, 1, 1, 1, 1, 1, 1, 1, 1, 1, 1], [1, 1, 1, 1, 1, 1, 1, 1, 1, 1, 1, 1, 1, 1, 1, 1, 1, 1, 1, 1, 1, 1, 1, 1, 1, 1, 1, 1, 1, 1, 1, 1, 1, 1, 1, 1, 1, 1, 1, 1, 1, 1, 1, 1, 1, 1, 1, 1, 1, 1], [1, 1, 1, 1, 1, 1, 1, 1, 1, 1, 1, 1, 1, 1, 1, 1, 1, 1, 1, 1, 1, 1, 1, 1, 1, 1, 1, 1, 1, 1, 1, 1, 1, 1, 1, 1, 1, 1, 1, 1, 1, 1, 1, 1, 1, 1, 1, 1, 1, 1]]

means=tensor([2.5916e-04, 0.0000e+00, 2.9411e-05, 0.0000e+00, 7.4981e-05, 1.0765e-04,
        2.8060e-05, 1.1109e-04, 2.4813e-04, 1.3629e-04, 4.7018e-06, 8.3912e-05,
        5.5862e-05, 9.2653e-05, 1.2367e-04, 2.3598e-05, 4.4224e-05, 4.8248e-06,
        6.5696e-06, 2.0458e-06, 7.4235e-05, 6.8784e-05, 3.4687e-05, 3.2224e-05,
        4.3410e-07, 1.1268e-05, 5.1153e-05, 8.7244e-05, 8.3174e-05, 8.3823e-06,
        1.1620e-05, 8.4020e-05, 5.2592e-05, 2.2967e-05, 1.3684e-04, 2.9439e-05,
        2.5471e-05, 7.9789e-05, 3.4296e-05, 7.8985e-05, 1.0259e-05, 2.9613e-05,
        8.2920e-05, 2.1154e-04, 8.6203e-05, 4.8795e-05, 5.9079e-07, 4.7414e-05,
        2.5187e-06, 2.4461e-06, 5.9862e-05, 3.7001e-05, 1.9044e-04, 1.2809e-04,
        1.0336e-05, 5.6127e-05, 6.2325e-07, 1.5420e-04, 7.9268e-06, 3.6882e-06,
        3.9317e-05, 3.4971e-04, 6.8539e-05, 3.1933e-05, 1.5655e-05, 7.0064e-05,
        4.5439e-05, 2.5643e-05, 2.2728e-05, 1.0656e-04, 7.1905e-05, 7.3718e-05,
        3.8512e-06, 1.3765e-05, 2.2909e-05, 3.6563e-05, 2.4621e-05, 6.1243e-05,
        5.2944e-05, 6.6729e-05, 1.3852e-05, 7.0019e-05, 1.3987e-04, 4.3458e-05,
        1.5335e-05, 1.6451e-04, 1.4268e-05, 3.8786e-05, 1.1471e-04, 1.4246e-04,
        4.9571e-05, 6.0304e-06, 5.1659e-06, 8.6877e-05, 8.9658e-06, 8.3124e-05,
        1.6946e-05, 4.4737e-05, 3.3923e-05, 1.6208e-04, 9.5678e-06, 1.4821e-05,
        4.0473e-05, 6.1116e-06, 2.4918e-05, 8.2444e-05, 4.1739e-05, 3.6074e-05,
        9.0340e-05, 9.1634e-06, 3.9619e-05, 7.9458e-05, 7.9324e-05],
       grad_fn=<CatBackward>)

mean_overall=tensor(5.8651e-05, grad_fn=<MeanBackward0>)

-----------------------------------------------ITERATION340-----------------------------------------------

final_causality=[[1, 1, 1, 1, 1, 1, 1, 1, 1, 1, 1, 1, 1], [1, 1, 1, 1, 1, 1, 1, 1, 1, 1, 1, 1, 1, 1, 1, 1, 1, 1, 1, 1, 1, 1, 1, 1, 1, 1, 1, 1, 1, 1, 1, 1, 1, 1, 1, 1, 1, 1, 1, 1, 1, 1, 1, 1, 1, 1, 1, 1, 1, 1], [1, 1, 1, 1, 1, 1, 1, 1, 1, 1, 1, 1, 1, 1, 1, 1, 1, 1, 1, 1, 1, 1, 1, 1, 1, 1, 1, 1, 1, 1, 1, 1, 1, 1, 1, 1, 1, 1, 1, 1, 1, 1, 1, 1, 1, 1, 1, 1, 1, 1]]

means=tensor([2.7088e-04, 0.0000e+00, 3.1623e-05, 0.0000e+00, 7.5244e-05, 1.0713e-04,
        2.8580e-05, 1.1337e-04, 2.4590e-04, 1.3913e-04, 5.2028e-06, 8.3003e-05,
        5.0822e-05, 9.2663e-05, 1.2395e-04, 2.3397e-05, 4.3933e-05, 4.8339e-06,
        6.5228e-06, 2.0594e-06, 7.4296e-05, 6.9175e-05, 3.5383e-05, 3.2634e-05,
        4.7279e-07, 1.1476e-05, 5.1608e-05, 8.6945e-05, 8.2850e-05, 7.9623e-06,
        1.1423e-05, 8.4224e-05, 5.2462e-05, 2.2793e-05, 1.3717e-04, 2.9155e-05,
        2.5769e-05, 7.9914e-05, 3.4026e-05, 7.9333e-05, 1.0192e-05, 2.9782e-05,
        8.2567e-05, 2.1081e-04, 8.6746e-05, 4.9194e-05, 3.8141e-07, 4.7555e-05,
        2.4890e-06, 2.3079e-06, 6.0449e-05, 3.7938e-05, 1.9012e-04, 1.2939e-04,
        1.0488e-05, 5.6145e-05, 9.3781e-07, 1.5368e-04, 8.0741e-06, 3.5987e-06,
        3.9927e-05, 3.5202e-04, 6.8461e-05, 3.1431e-05, 1.5668e-05, 7.0053e-05,
        4.6281e-05, 2.5611e-05, 2.2705e-05, 1.0679e-04, 7.2600e-05, 7.3717e-05,
        3.8108e-06, 1.3707e-05, 2.2836e-05, 3.6728e-05, 2.4616e-05, 6.1407e-05,
        5.2742e-05, 6.6317e-05, 1.3914e-05, 6.9278e-05, 1.4039e-04, 4.2399e-05,
        1.5361e-05, 1.6429e-04, 1.4211e-05, 3.8773e-05, 1.1502e-04, 1.4231e-04,
        4.9542e-05, 6.0216e-06, 5.1591e-06, 8.8170e-05, 8.9761e-06, 8.3102e-05,
        1.6953e-05, 4.4783e-05, 3.3822e-05, 1.6333e-04, 9.6389e-06, 1.5004e-05,
        4.0444e-05, 6.1164e-06, 2.5138e-05, 8.2063e-05, 4.1962e-05, 3.6352e-05,
        9.0351e-05, 9.1092e-06, 3.9568e-05, 7.9380e-05, 8.0651e-05],
       grad_fn=<CatBackward>)

mean_overall=tensor(5.8842e-05, grad_fn=<MeanBackward0>)

-----------------------------------------------ITERATION350-----------------------------------------------

final_causality=[[1, 1, 1, 1, 1, 1, 1, 1, 1, 1, 1, 1, 1], [1, 1, 1, 1, 1, 1, 1, 1, 1, 1, 1, 1, 1, 1, 1, 1, 1, 1, 1, 1, 1, 1, 1, 1, 1, 1, 1, 1, 1, 1, 1, 1, 1, 1, 1, 1, 1, 1, 1, 1, 1, 1, 1, 1, 1, 1, 1, 1, 1, 1], [1, 1, 1, 1, 1, 1, 1, 1, 1, 1, 1, 1, 1, 1, 1, 1, 1, 1, 1, 1, 1, 1, 1, 1, 1, 1, 1, 1, 1, 1, 1, 1, 1, 1, 1, 1, 1, 1, 1, 1, 1, 1, 1, 1, 1, 1, 1, 1, 1, 1]]

means=tensor([2.8279e-04, 0.0000e+00, 3.3877e-05, 0.0000e+00, 7.5512e-05, 1.0661e-04,
        2.9110e-05, 1.1569e-04, 2.4363e-04, 1.4202e-04, 5.7106e-06, 8.2082e-05,
        4.5690e-05, 9.2677e-05, 1.2424e-04, 2.3193e-05, 4.3640e-05, 4.8426e-06,
        6.4755e-06, 2.0730e-06, 7.4359e-05, 6.9576e-05, 3.6098e-05, 3.3056e-05,
        5.1244e-07, 1.1688e-05, 5.2073e-05, 8.6642e-05, 8.2524e-05, 7.5373e-06,
        1.1225e-05, 8.4432e-05, 5.2333e-05, 2.2618e-05, 1.3749e-04, 2.8869e-05,
        2.6075e-05, 8.0043e-05, 3.3754e-05, 7.9689e-05, 1.0125e-05, 2.9956e-05,
        8.2211e-05, 2.1008e-04, 8.7303e-05, 4.9605e-05, 1.6924e-07, 4.7698e-05,
        2.4592e-06, 2.1673e-06, 6.1049e-05, 3.8902e-05, 1.8980e-04, 1.3071e-04,
        1.0643e-05, 5.6165e-05, 1.2578e-06, 1.5316e-04, 8.2245e-06, 3.5084e-06,
        4.0555e-05, 3.5438e-04, 6.8383e-05, 3.0919e-05, 1.5681e-05, 7.0041e-05,
        4.7134e-05, 2.5578e-05, 2.2746e-05, 1.0701e-04, 7.3308e-05, 7.3716e-05,
        3.7865e-06, 1.3649e-05, 2.2761e-05, 3.6895e-05, 2.4611e-05, 6.1573e-05,
        5.2538e-05, 6.5900e-05, 1.3976e-05, 6.8530e-05, 1.4092e-04, 4.1326e-05,
        1.5387e-05, 1.6406e-04, 1.4155e-05, 3.8760e-05, 1.1534e-04, 1.4215e-04,
        4.9513e-05, 6.0127e-06, 5.1523e-06, 8.9481e-05, 8.9866e-06, 8.3081e-05,
        1.6960e-05, 4.4828e-05, 3.3719e-05, 1.6460e-04, 9.7111e-06, 1.5189e-05,
        4.0414e-05, 6.1214e-06, 2.5363e-05, 8.1676e-05, 4.2189e-05, 3.6635e-05,
        9.0365e-05, 9.0545e-06, 3.9516e-05, 7.9303e-05, 8.1999e-05],
       grad_fn=<CatBackward>)

mean_overall=tensor(5.9038e-05, grad_fn=<MeanBackward0>)

-----------------------------------------------ITERATION360-----------------------------------------------

final_causality=[[1, 1, 1, 1, 1, 1, 1, 1, 1, 1, 1, 1, 1], [1, 1, 1, 1, 1, 1, 1, 1, 1, 1, 1, 1, 1, 1, 1, 1, 1, 1, 1, 1, 1, 1, 1, 1, 1, 1, 1, 1, 1, 1, 1, 1, 1, 1, 1, 1, 1, 1, 1, 1, 1, 1, 1, 1, 1, 1, 1, 1, 1, 1], [1, 1, 1, 1, 1, 1, 1, 1, 1, 1, 1, 1, 1, 1, 1, 1, 1, 1, 1, 1, 1, 1, 1, 1, 1, 1, 1, 1, 1, 1, 1, 1, 1, 1, 1, 1, 1, 1, 1, 1, 1, 1, 1, 1, 1, 1, 1, 1, 1, 1]]

means=tensor([2.9488e-04, 0.0000e+00, 3.6175e-05, 0.0000e+00, 7.5784e-05, 1.0608e-04,
        2.9651e-05, 1.1806e-04, 2.4134e-04, 1.4497e-04, 6.2249e-06, 8.1150e-05,
        4.0466e-05, 9.2694e-05, 1.2453e-04, 2.2989e-05, 4.3347e-05, 4.8512e-06,
        6.4277e-06, 2.0863e-06, 7.4425e-05, 6.9985e-05, 3.6833e-05, 3.3490e-05,
        5.5304e-07, 1.1904e-05, 5.2550e-05, 8.6337e-05, 8.2194e-05, 7.1076e-06,
        1.1026e-05, 8.4643e-05, 5.2202e-05, 2.2442e-05, 1.3783e-04, 2.8583e-05,
        2.6391e-05, 8.0175e-05, 3.3480e-05, 8.0052e-05, 1.0058e-05, 3.0133e-05,
        8.1853e-05, 2.0934e-04, 8.7872e-05, 5.0029e-05, 4.5670e-08, 4.7843e-05,
        2.4293e-06, 2.0243e-06, 6.1662e-05, 3.9891e-05, 1.8948e-04, 1.3207e-04,
        1.0801e-05, 5.6187e-05, 1.5832e-06, 1.5264e-04, 8.3779e-06, 3.4172e-06,
        4.1201e-05, 3.5678e-04, 6.8340e-05, 3.0399e-05, 1.5694e-05, 7.0030e-05,
        4.7998e-05, 2.5544e-05, 2.2813e-05, 1.0725e-04, 7.4028e-05, 7.3714e-05,
        3.7759e-06, 1.3590e-05, 2.2686e-05, 3.7067e-05, 2.4606e-05, 6.1741e-05,
        5.2332e-05, 6.5478e-05, 1.4040e-05, 6.7775e-05, 1.4146e-04, 4.0239e-05,
        1.5415e-05, 1.6383e-04, 1.4112e-05, 3.8747e-05, 1.1566e-04, 1.4200e-04,
        4.9486e-05, 6.0037e-06, 5.1455e-06, 9.0809e-05, 8.9971e-06, 8.3061e-05,
        1.6968e-05, 4.4873e-05, 3.3614e-05, 1.6589e-04, 9.7843e-06, 1.5376e-05,
        4.0385e-05, 6.1268e-06, 2.5591e-05, 8.1282e-05, 4.2420e-05, 3.6924e-05,
        9.0381e-05, 8.9994e-06, 3.9464e-05, 7.9225e-05, 8.3370e-05],
       grad_fn=<CatBackward>)

mean_overall=tensor(5.9240e-05, grad_fn=<MeanBackward0>)

-----------------------------------------------ITERATION370-----------------------------------------------

final_causality=[[1, 1, 1, 1, 1, 1, 1, 1, 1, 1, 1, 1, 1], [1, 1, 1, 1, 1, 1, 1, 1, 1, 1, 1, 1, 1, 1, 1, 1, 1, 1, 1, 1, 1, 1, 1, 1, 1, 1, 1, 1, 1, 1, 1, 1, 1, 1, 1, 1, 1, 1, 1, 1, 1, 1, 1, 1, 1, 1, 1, 1, 1, 1], [1, 1, 1, 1, 1, 1, 1, 1, 1, 1, 1, 1, 1, 1, 1, 1, 1, 1, 1, 1, 1, 1, 1, 1, 1, 1, 1, 1, 1, 1, 1, 1, 1, 1, 1, 1, 1, 1, 1, 1, 1, 1, 1, 1, 1, 1, 1, 1, 1, 1]]

means=tensor([3.0715e-04, 0.0000e+00, 3.8516e-05, 0.0000e+00, 7.6061e-05, 1.0554e-04,
        3.0203e-05, 1.2046e-04, 2.3902e-04, 1.4798e-04, 6.7458e-06, 8.0206e-05,
        3.5149e-05, 9.2716e-05, 1.2482e-04, 2.2784e-05, 4.3053e-05, 4.8594e-06,
        6.3794e-06, 2.0996e-06, 7.4494e-05, 7.0404e-05, 3.7587e-05, 3.3936e-05,
        5.9461e-07, 1.2123e-05, 5.3038e-05, 8.6030e-05, 8.1861e-05, 6.6731e-06,
        1.0828e-05, 8.4857e-05, 5.2071e-05, 2.2266e-05, 1.3817e-04, 2.8296e-05,
        2.6715e-05, 8.0311e-05, 3.3204e-05, 8.0424e-05, 9.9926e-06, 3.0315e-05,
        8.1492e-05, 2.0860e-04, 8.8454e-05, 5.0466e-05, 1.5045e-08, 4.7989e-05,
        2.3994e-06, 1.8790e-06, 6.2288e-05, 4.0907e-05, 1.8915e-04, 1.3346e-04,
        1.0963e-05, 5.6211e-05, 1.9139e-06, 1.5211e-04, 8.5345e-06, 3.3252e-06,
        4.1866e-05, 3.5923e-04, 6.8425e-05, 2.9869e-05, 1.5707e-05, 7.0018e-05,
        4.8872e-05, 2.5510e-05, 2.2880e-05, 1.0748e-04, 7.4761e-05, 7.3713e-05,
        3.7652e-06, 1.3530e-05, 2.2609e-05, 3.7242e-05, 2.4601e-05, 6.1911e-05,
        5.2125e-05, 6.5052e-05, 1.4105e-05, 6.7011e-05, 1.4200e-04, 3.9139e-05,
        1.5443e-05, 1.6360e-04, 1.4068e-05, 3.8734e-05, 1.1598e-04, 1.4184e-04,
        4.9460e-05, 5.9947e-06, 5.1386e-06, 9.2154e-05, 9.0076e-06, 8.3043e-05,
        1.6976e-05, 4.4918e-05, 3.3508e-05, 1.6720e-04, 9.8585e-06, 1.5565e-05,
        4.0354e-05, 6.1324e-06, 2.5824e-05, 8.0881e-05, 4.2654e-05, 3.7218e-05,
        9.0400e-05, 8.9439e-06, 3.9411e-05, 7.9145e-05, 8.4762e-05],
       grad_fn=<CatBackward>)

mean_overall=tensor(5.9449e-05, grad_fn=<MeanBackward0>)

-----------------------------------------------ITERATION380-----------------------------------------------

final_causality=[[1, 1, 1, 1, 1, 1, 1, 1, 1, 1, 1, 1, 1], [1, 1, 1, 1, 1, 1, 1, 1, 1, 1, 1, 1, 1, 1, 1, 1, 1, 1, 1, 1, 1, 1, 1, 1, 1, 1, 1, 1, 1, 1, 1, 1, 1, 1, 1, 1, 1, 1, 1, 1, 1, 1, 1, 1, 1, 1, 1, 1, 1, 1], [1, 1, 1, 1, 1, 1, 1, 1, 1, 1, 1, 1, 1, 1, 1, 1, 1, 1, 1, 1, 1, 1, 1, 1, 1, 1, 1, 1, 1, 1, 1, 1, 1, 1, 1, 1, 1, 1, 1, 1, 1, 1, 1, 1, 1, 1, 1, 1, 1, 1]]

means=tensor([3.1960e-04, 0.0000e+00, 4.0900e-05, 0.0000e+00, 7.6341e-05, 1.0499e-04,
        3.0765e-05, 1.2291e-04, 2.3667e-04, 1.5104e-04, 7.2730e-06, 7.9250e-05,
        2.9741e-05, 9.2742e-05, 1.2513e-04, 2.2578e-05, 4.2759e-05, 4.8673e-06,
        6.3307e-06, 2.1126e-06, 7.4565e-05, 7.0832e-05, 3.8361e-05, 3.4394e-05,
        6.3715e-07, 1.2346e-05, 5.3536e-05, 8.5720e-05, 8.1525e-05, 6.2341e-06,
        1.0629e-05, 8.5074e-05, 5.1940e-05, 2.2089e-05, 1.3852e-04, 2.8009e-05,
        2.7048e-05, 8.0450e-05, 3.2926e-05, 8.0803e-05, 9.9278e-06, 3.0501e-05,
        8.1130e-05, 2.0784e-04, 8.9049e-05, 5.0916e-05, 2.6837e-07, 4.8137e-05,
        2.3694e-06, 1.7312e-06, 6.2927e-05, 4.1951e-05, 1.8882e-04, 1.3488e-04,
        1.1128e-05, 5.6238e-05, 2.2501e-06, 1.5157e-04, 8.6942e-06, 3.2324e-06,
        4.2550e-05, 3.6174e-04, 6.8514e-05, 2.9332e-05, 1.5720e-05, 7.0005e-05,
        4.9756e-05, 2.5475e-05, 2.2949e-05, 1.0772e-04, 7.5508e-05, 7.3712e-05,
        3.7542e-06, 1.3469e-05, 2.2530e-05, 3.7420e-05, 2.4596e-05, 6.2083e-05,
        5.1915e-05, 6.4621e-05, 1.4170e-05, 6.6241e-05, 1.4256e-04, 3.8025e-05,
        1.5471e-05, 1.6336e-04, 1.4024e-05, 3.8720e-05, 1.1630e-04, 1.4167e-04,
        4.9435e-05, 5.9857e-06, 5.1316e-06, 9.3516e-05, 9.0182e-06, 8.3026e-05,
        1.6984e-05, 4.4963e-05, 3.3399e-05, 1.6853e-04, 9.9338e-06, 1.5755e-05,
        4.0324e-05, 6.1384e-06, 2.6059e-05, 8.0474e-05, 4.2892e-05, 3.7519e-05,
        9.0422e-05, 8.8880e-06, 3.9357e-05, 7.9065e-05, 8.6177e-05],
       grad_fn=<CatBackward>)

mean_overall=tensor(5.9665e-05, grad_fn=<MeanBackward0>)

-----------------------------------------------ITERATION390-----------------------------------------------

final_causality=[[1, 1, 1, 1, 1, 1, 1, 1, 1, 1, 1, 1, 1], [1, 1, 1, 1, 1, 1, 1, 1, 1, 1, 1, 1, 1, 1, 1, 1, 1, 1, 1, 1, 1, 1, 1, 1, 1, 1, 1, 1, 1, 1, 1, 1, 1, 1, 1, 1, 1, 1, 1, 1, 1, 1, 1, 1, 1, 1, 1, 1, 1, 1], [1, 1, 1, 1, 1, 1, 1, 1, 1, 1, 1, 1, 1, 1, 1, 1, 1, 1, 1, 1, 1, 1, 1, 1, 1, 1, 1, 1, 1, 1, 1, 1, 1, 1, 1, 1, 1, 1, 1, 1, 1, 1, 1, 1, 1, 1, 1, 1, 1, 1]]

means=tensor([3.3223e-04, 0.0000e+00, 4.3327e-05, 0.0000e+00, 7.6626e-05, 1.0443e-04,
        3.1339e-05, 1.2540e-04, 2.3431e-04, 1.5416e-04, 7.8065e-06, 7.8283e-05,
        2.4240e-05, 9.2772e-05, 1.2543e-04, 2.2372e-05, 4.2465e-05, 4.8749e-06,
        6.2816e-06, 2.1255e-06, 7.4638e-05, 7.1270e-05, 3.9156e-05, 3.4866e-05,
        6.8067e-07, 1.2572e-05, 5.4047e-05, 8.5407e-05, 8.1187e-05, 5.7906e-06,
        1.0430e-05, 8.5295e-05, 5.1809e-05, 2.1911e-05, 1.3888e-04, 2.7723e-05,
        2.7390e-05, 8.0592e-05, 3.2646e-05, 8.1190e-05, 9.8639e-06, 3.0691e-05,
        8.0765e-05, 2.0709e-04, 8.9657e-05, 5.1379e-05, 5.5511e-07, 4.8286e-05,
        2.3394e-06, 1.5812e-06, 6.3579e-05, 4.3022e-05, 1.8849e-04, 1.3634e-04,
        1.1295e-05, 5.6267e-05, 2.5916e-06, 1.5103e-04, 8.8570e-06, 3.1390e-06,
        4.3253e-05, 3.6429e-04, 6.8607e-05, 2.8785e-05, 1.5732e-05, 6.9993e-05,
        5.0650e-05, 2.5439e-05, 2.3018e-05, 1.0797e-04, 7.6267e-05, 7.3711e-05,
        3.7430e-06, 1.3407e-05, 2.2450e-05, 3.7601e-05, 2.4591e-05, 6.2257e-05,
        5.1992e-05, 6.4185e-05, 1.4237e-05, 6.5464e-05, 1.4313e-04, 3.6898e-05,
        1.5500e-05, 1.6311e-04, 1.3980e-05, 3.8706e-05, 1.1663e-04, 1.4150e-04,
        4.9410e-05, 5.9766e-06, 5.1246e-06, 9.4895e-05, 9.0289e-06, 8.3011e-05,
        1.6992e-05, 4.5008e-05, 3.3289e-05, 1.6989e-04, 1.0010e-05, 1.5947e-05,
        4.0293e-05, 6.1446e-06, 2.6299e-05, 8.0060e-05, 4.3134e-05, 3.7825e-05,
        9.0447e-05, 8.8318e-06, 3.9303e-05, 7.8983e-05, 8.7614e-05],
       grad_fn=<CatBackward>)

mean_overall=tensor(5.9888e-05, grad_fn=<MeanBackward0>)

-----------------------------------------------ITERATION400-----------------------------------------------

final_causality=[[1, 1, 1, 1, 1, 1, 1, 1, 1, 1, 1, 1, 1], [1, 1, 1, 1, 1, 1, 1, 1, 1, 1, 1, 1, 1, 1, 1, 1, 1, 1, 1, 1, 1, 1, 1, 1, 1, 1, 1, 1, 1, 1, 1, 1, 1, 1, 1, 1, 1, 1, 1, 1, 1, 1, 1, 1, 1, 1, 1, 1, 1, 1], [1, 1, 1, 1, 1, 1, 1, 1, 1, 1, 1, 1, 1, 1, 1, 1, 1, 1, 1, 1, 1, 1, 1, 1, 1, 1, 1, 1, 1, 1, 1, 1, 1, 1, 1, 1, 1, 1, 1, 1, 1, 1, 1, 1, 1, 1, 1, 1, 1, 1]]

means=tensor([3.4505e-04, 0.0000e+00, 4.5798e-05, 0.0000e+00, 7.6914e-05, 1.0386e-04,
        3.1923e-05, 1.2794e-04, 2.3191e-04, 1.5734e-04, 8.3462e-06, 7.7305e-05,
        1.8646e-05, 9.2807e-05, 1.2574e-04, 2.2165e-05, 4.2171e-05, 4.8822e-06,
        6.2321e-06, 2.1381e-06, 7.4714e-05, 7.1717e-05, 3.9971e-05, 3.5350e-05,
        7.2519e-07, 1.2803e-05, 5.4568e-05, 8.5092e-05, 8.0846e-05, 5.3428e-06,
        1.0231e-05, 8.5518e-05, 5.1677e-05, 2.1734e-05, 1.3924e-04, 2.7436e-05,
        2.7742e-05, 8.0738e-05, 3.2365e-05, 8.1586e-05, 9.8010e-06, 3.0886e-05,
        8.0398e-05, 2.0632e-04, 9.0278e-05, 5.1856e-05, 8.4514e-07, 4.8437e-05,
        2.3094e-06, 1.4287e-06, 6.4244e-05, 4.4123e-05, 1.8815e-04, 1.3783e-04,
        1.1467e-05, 5.6298e-05, 2.9385e-06, 1.5049e-04, 9.0230e-06, 3.0448e-06,
        4.3977e-05, 3.6688e-04, 6.8705e-05, 2.8229e-05, 1.5745e-05, 6.9979e-05,
        5.1553e-05, 2.5402e-05, 2.3090e-05, 1.0821e-04, 7.7039e-05, 7.3709e-05,
        3.7316e-06, 1.3345e-05, 2.2369e-05, 3.7786e-05, 2.4585e-05, 6.2433e-05,
        5.2098e-05, 6.3746e-05, 1.4306e-05, 6.4679e-05, 1.4372e-04, 3.5758e-05,
        1.5530e-05, 1.6287e-04, 1.3935e-05, 3.8692e-05, 1.1696e-04, 1.4133e-04,
        4.9387e-05, 5.9674e-06, 5.1176e-06, 9.6290e-05, 9.0396e-06, 8.2998e-05,
        1.7001e-05, 4.5053e-05, 3.3177e-05, 1.7126e-04, 1.0087e-05, 1.6141e-05,
        4.0262e-05, 6.1512e-06, 2.6543e-05, 7.9671e-05, 4.3379e-05, 3.8137e-05,
        9.0475e-05, 8.7752e-06, 3.9248e-05, 7.8900e-05, 8.9072e-05],
       grad_fn=<CatBackward>)

mean_overall=tensor(6.0117e-05, grad_fn=<MeanBackward0>)

-----------------------------------------------ITERATION410-----------------------------------------------

final_causality=[[1, 1, 1, 1, 1, 1, 1, 1, 1, 1, 1, 1, 1], [1, 1, 1, 1, 1, 1, 1, 1, 1, 1, 1, 1, 1, 1, 1, 1, 1, 1, 1, 1, 1, 1, 1, 1, 1, 1, 1, 1, 1, 1, 1, 1, 1, 1, 1, 1, 1, 1, 1, 1, 1, 1, 1, 1, 1, 1, 1, 1, 1, 1], [1, 1, 1, 1, 1, 1, 1, 1, 1, 1, 1, 1, 1, 1, 1, 1, 1, 1, 1, 1, 1, 1, 1, 1, 1, 1, 1, 1, 1, 1, 1, 1, 1, 1, 1, 1, 1, 1, 1, 1, 1, 1, 1, 1, 1, 1, 1, 1, 1, 1]]

means=tensor([3.5804e-04, 1.3878e-17, 4.8313e-05, 1.3878e-17, 7.7206e-05, 1.0328e-04,
        3.2518e-05, 1.3051e-04, 2.2949e-04, 1.6057e-04, 8.8920e-06, 7.6315e-05,
        1.2958e-05, 9.2847e-05, 1.2605e-04, 2.1957e-05, 4.1878e-05, 4.8891e-06,
        6.1821e-06, 2.1505e-06, 7.4793e-05, 7.2173e-05, 4.0808e-05, 3.5848e-05,
        7.7070e-07, 1.3036e-05, 5.5101e-05, 8.4774e-05, 8.0557e-05, 4.8908e-06,
        1.0031e-05, 8.5744e-05, 5.1544e-05, 2.1556e-05, 1.3961e-04, 2.7150e-05,
        2.8104e-05, 8.0888e-05, 3.2082e-05, 8.1990e-05, 9.7392e-06, 3.1085e-05,
        8.0029e-05, 2.0556e-04, 9.0913e-05, 5.2346e-05, 1.1384e-06, 4.8589e-05,
        2.2794e-06, 1.2740e-06, 6.4923e-05, 4.5252e-05, 1.8782e-04, 1.3935e-04,
        1.1641e-05, 5.6332e-05, 3.2909e-06, 1.4994e-04, 9.1922e-06, 2.9500e-06,
        4.4720e-05, 3.6953e-04, 6.8806e-05, 2.7665e-05, 1.5758e-05, 6.9966e-05,
        5.2467e-05, 2.5364e-05, 2.3162e-05, 1.0847e-04, 7.7824e-05, 7.3708e-05,
        3.7199e-06, 1.3282e-05, 2.2286e-05, 3.7974e-05, 2.4580e-05, 6.2611e-05,
        5.2206e-05, 6.3302e-05, 1.4375e-05, 6.3888e-05, 1.4431e-04, 3.4605e-05,
        1.5560e-05, 1.6261e-04, 1.3890e-05, 3.8678e-05, 1.1730e-04, 1.4115e-04,
        4.9365e-05, 5.9582e-06, 5.1106e-06, 9.7702e-05, 9.0504e-06, 8.2986e-05,
        1.7010e-05, 4.5098e-05, 3.3063e-05, 1.7266e-04, 1.0165e-05, 1.6336e-05,
        4.0230e-05, 6.1581e-06, 2.6790e-05, 7.9500e-05, 4.3628e-05, 3.8455e-05,
        9.0507e-05, 8.7184e-06, 3.9193e-05, 7.8816e-05, 9.0685e-05],
       grad_fn=<CatBackward>)

mean_overall=tensor(6.0355e-05, grad_fn=<MeanBackward0>)

-----------------------------------------------ITERATION420-----------------------------------------------

final_causality=[[1, 1, 1, 1, 1, 1, 1, 1, 1, 1, 1, 1, 1], [1, 1, 1, 1, 1, 1, 1, 1, 1, 1, 1, 1, 1, 1, 1, 1, 1, 1, 1, 1, 1, 1, 1, 1, 1, 1, 1, 1, 1, 1, 1, 1, 1, 1, 1, 1, 1, 1, 1, 1, 1, 1, 1, 1, 1, 1, 1, 1, 1, 1], [1, 1, 1, 1, 1, 1, 1, 1, 1, 1, 1, 1, 1, 1, 1, 1, 1, 1, 1, 1, 1, 1, 1, 1, 1, 1, 1, 1, 1, 1, 1, 1, 1, 1, 1, 1, 1, 1, 1, 1, 1, 1, 1, 1, 1, 1, 1, 1, 1, 1]]

means=tensor([3.7122e-04, 0.0000e+00, 5.0871e-05, 0.0000e+00, 7.7502e-05, 1.0269e-04,
        3.3124e-05, 1.3313e-04, 2.2705e-04, 1.6386e-04, 9.4438e-06, 7.5315e-05,
        7.1764e-06, 9.2891e-05, 1.2637e-04, 2.1749e-05, 4.1585e-05, 4.8956e-06,
        6.1318e-06, 2.1627e-06, 7.4875e-05, 7.2640e-05, 4.1666e-05, 3.6360e-05,
        8.1722e-07, 1.3274e-05, 5.5646e-05, 8.4455e-05, 8.0349e-05, 4.4346e-06,
        9.8323e-06, 8.6022e-05, 5.1412e-05, 2.1377e-05, 1.3999e-04, 2.6888e-05,
        2.8475e-05, 8.1041e-05, 3.1798e-05, 8.2402e-05, 9.6785e-06, 3.1289e-05,
        7.9659e-05, 2.0478e-04, 9.1561e-05, 5.2851e-05, 1.4349e-06, 4.8743e-05,
        2.2495e-06, 1.1168e-06, 6.5615e-05, 4.6412e-05, 1.8748e-04, 1.4090e-04,
        1.1819e-05, 5.6368e-05, 3.6486e-06, 1.4939e-04, 9.3645e-06, 2.8546e-06,
        4.5485e-05, 3.7222e-04, 6.8913e-05, 2.7092e-05, 1.5771e-05, 6.9952e-05,
        5.3390e-05, 2.5326e-05, 2.3236e-05, 1.0872e-04, 7.8622e-05, 7.3707e-05,
        3.7079e-06, 1.3218e-05, 2.2202e-05, 3.8166e-05, 2.4574e-05, 6.2791e-05,
        5.2315e-05, 6.2853e-05, 1.4445e-05, 6.3091e-05, 1.4491e-04, 3.3439e-05,
        1.5591e-05, 1.6235e-04, 1.3844e-05, 3.8663e-05, 1.1764e-04, 1.4097e-04,
        4.9344e-05, 5.9490e-06, 5.1035e-06, 9.9129e-05, 9.0612e-06, 8.2977e-05,
        1.7019e-05, 4.5142e-05, 3.2947e-05, 1.7408e-04, 1.0245e-05, 1.6532e-05,
        4.0198e-05, 6.1654e-06, 2.7041e-05, 7.9327e-05, 4.3880e-05, 3.9098e-05,
        9.0542e-05, 8.6612e-06, 3.9137e-05, 7.8731e-05, 9.2326e-05],
       grad_fn=<CatBackward>)

mean_overall=tensor(6.0602e-05, grad_fn=<MeanBackward0>)

-----------------------------------------------ITERATION430-----------------------------------------------

final_causality=[[1, 1, 1, 1, 1, 1, 1, 1, 1, 1, 1, 1, 1], [1, 1, 1, 1, 1, 1, 1, 1, 1, 1, 1, 1, 1, 1, 1, 1, 1, 1, 1, 1, 1, 1, 1, 1, 1, 1, 1, 1, 1, 1, 1, 1, 1, 1, 1, 1, 1, 1, 1, 1, 1, 1, 1, 1, 1, 1, 1, 1, 1, 1], [1, 1, 1, 1, 1, 1, 1, 1, 1, 1, 1, 1, 1, 1, 1, 1, 1, 1, 1, 1, 1, 1, 1, 1, 1, 1, 1, 1, 1, 1, 1, 1, 1, 1, 1, 1, 1, 1, 1, 1, 1, 1, 1, 1, 1, 1, 1, 1, 1, 1]]

means=tensor([3.8458e-04, 1.3878e-17, 5.3474e-05, 1.3878e-17, 7.7802e-05, 1.0209e-04,
        3.3741e-05, 1.3580e-04, 2.2459e-04, 1.6720e-04, 1.0002e-05, 7.4304e-05,
        8.9964e-06, 9.2940e-05, 1.2669e-04, 2.1540e-05, 4.1293e-05, 4.9017e-06,
        6.0811e-06, 2.1746e-06, 7.4959e-05, 7.3116e-05, 4.2547e-05, 3.6885e-05,
        8.6477e-07, 1.3515e-05, 5.6203e-05, 8.4255e-05, 8.0141e-05, 3.9744e-06,
        9.6334e-06, 8.6332e-05, 5.1758e-05, 2.1199e-05, 1.4037e-04, 2.6656e-05,
        2.8858e-05, 8.1198e-05, 3.1513e-05, 8.2822e-05, 9.6191e-06, 3.1496e-05,
        7.9288e-05, 2.0400e-04, 9.2223e-05, 5.3370e-05, 1.7345e-06, 4.8898e-05,
        2.2196e-06, 9.5742e-07, 6.6320e-05, 4.7602e-05, 1.8714e-04, 1.4249e-04,
        1.2000e-05, 5.6407e-05, 4.0118e-06, 1.4883e-04, 9.5401e-06, 2.7585e-06,
        4.6271e-05, 3.7496e-04, 6.9023e-05, 2.6511e-05, 1.5784e-05, 6.9938e-05,
        5.4322e-05, 2.5286e-05, 2.3311e-05, 1.0898e-04, 7.9434e-05, 7.3705e-05,
        3.6957e-06, 1.3153e-05, 2.2117e-05, 3.8362e-05, 2.4568e-05, 6.2973e-05,
        5.2426e-05, 6.2401e-05, 1.4517e-05, 6.2287e-05, 1.4552e-04, 3.2261e-05,
        1.5623e-05, 1.6209e-04, 1.3797e-05, 3.8648e-05, 1.1798e-04, 1.4079e-04,
        4.9324e-05, 5.9398e-06, 5.0965e-06, 1.0057e-04, 9.0720e-06, 8.2969e-05,
        1.7029e-05, 4.5186e-05, 3.2829e-05, 1.7552e-04, 1.0325e-05, 1.6730e-05,
        4.0165e-05, 6.1730e-06, 2.7296e-05, 7.9152e-05, 4.4137e-05, 3.9995e-05,
        9.0580e-05, 8.6037e-06, 3.9080e-05, 7.8645e-05, 9.3991e-05],
       grad_fn=<CatBackward>)

mean_overall=tensor(6.0930e-05, grad_fn=<MeanBackward0>)

-----------------------------------------------ITERATION440-----------------------------------------------

final_causality=[[1, 1, 1, 1, 1, 1, 1, 1, 1, 1, 1, 1, 1], [1, 1, 1, 1, 1, 1, 1, 1, 1, 1, 1, 1, 1, 1, 1, 1, 1, 1, 1, 1, 1, 1, 1, 1, 1, 1, 1, 1, 1, 1, 1, 1, 1, 1, 1, 1, 1, 1, 1, 1, 1, 1, 1, 1, 1, 1, 1, 1, 1, 1], [1, 1, 1, 1, 1, 1, 1, 1, 1, 1, 1, 1, 1, 1, 1, 1, 1, 1, 1, 1, 1, 1, 1, 1, 1, 1, 1, 1, 1, 1, 1, 1, 1, 1, 1, 1, 1, 1, 1, 1, 1, 1, 1, 1, 1, 1, 1, 1, 1, 1]]

means=tensor([3.9812e-04, 0.0000e+00, 5.6122e-05, 0.0000e+00, 7.8105e-05, 1.0148e-04,
        3.4368e-05, 1.3851e-04, 2.2210e-04, 1.7061e-04, 1.0565e-05, 7.3282e-05,
        1.5324e-05, 9.2994e-05, 1.2701e-04, 2.1332e-05, 4.1001e-05, 4.9074e-06,
        6.0300e-06, 2.1863e-06, 7.5047e-05, 7.3602e-05, 4.3450e-05, 3.7425e-05,
        9.1333e-07, 1.3760e-05, 5.6771e-05, 8.4100e-05, 7.9932e-05, 3.5102e-06,
        9.4347e-06, 8.6645e-05, 5.2133e-05, 2.1021e-05, 1.4077e-04, 2.6424e-05,
        2.9250e-05, 8.1359e-05, 3.1226e-05, 8.3251e-05, 9.5609e-06, 3.1709e-05,
        7.8915e-05, 2.0322e-04, 9.2899e-05, 5.3904e-05, 2.0373e-06, 4.9055e-05,
        2.1898e-06, 7.9566e-07, 6.7039e-05, 4.8824e-05, 1.8680e-04, 1.4412e-04,
        1.2184e-05, 5.6449e-05, 4.3804e-06, 1.4827e-04, 9.7189e-06, 2.6619e-06,
        4.7079e-05, 3.7775e-04, 6.9139e-05, 2.5920e-05, 1.5797e-05, 6.9923e-05,
        5.5263e-05, 2.5246e-05, 2.3388e-05, 1.0925e-04, 8.0258e-05, 7.3704e-05,
        3.6832e-06, 1.3087e-05, 2.2030e-05, 3.8561e-05, 2.4562e-05, 6.3156e-05,
        5.2539e-05, 6.1944e-05, 1.4590e-05, 6.1477e-05, 1.4615e-04, 3.1120e-05,
        1.5656e-05, 1.6182e-04, 1.3750e-05, 3.8633e-05, 1.1832e-04, 1.4059e-04,
        4.9305e-05, 5.9305e-06, 5.0894e-06, 1.0203e-04, 9.0829e-06, 8.2963e-05,
        1.7038e-05, 4.5229e-05, 3.2709e-05, 1.7698e-04, 1.0406e-05, 1.6930e-05,
        4.0132e-05, 6.1810e-06, 2.7555e-05, 7.8974e-05, 4.4396e-05, 4.0905e-05,
        9.0622e-05, 8.5460e-06, 3.9023e-05, 7.8557e-05, 9.5679e-05],
       grad_fn=<CatBackward>)

mean_overall=tensor(6.1305e-05, grad_fn=<MeanBackward0>)

