loss_training=[0.18224428495119302, 0.03362911314309017, 0.002286441379510481, 0.007041243445040855, 0.003569918130882891, 0.0023009357537285527, 0.002521584317538833, 0.0022419536635170456, 0.0022608604076046262, 0.002235250854259688, 0.002231139589617707, 0.002227758441437885, 0.0022252049804694263, 0.0022231055497379825, 0.002220985179889933, 0.0022188550727504208, 0.002216676662269005, 0.002214433599252455, 0.002212134264273358, 0.0022097733362510573, 0.0022073555050450204, 0.0022048811031743555, 0.002202352260532262, 0.002199770392843413, 0.0021971369758082737, 0.002194453362243041, 0.0021917207977885217, 0.0021889404460664337, 0.0021861133808285327, 0.0021832405981235784, 0.002180323015847068, 0.0021773614827419194, 0.002174356782715639, 0.002171309639245609, 0.0021682207083085466, 0.002165090584820352, 0.0021619198278049873, 0.0021587089283015117, 0.002155458328249145, 0.0021521684260106155, 0.002148839577599906, 0.0021454720956819466, 0.0021420662511024637, 0.0021386222728221028, 0.0021351403566162164]

test_loss_training=[0.5468955733665576, 0.2612533180028848, 0.12833371742701624, 0.10075217359048899, 0.12082679453710457, 0.14645106995504875, 0.1498791238595979, 0.1403801770603786, 0.13596475356006482, 0.1382387521323989, 0.14029739919529294, 0.13963486982178464, 0.13870613052144895, 0.13879915738866577, 0.1390196746442298, 0.13884746616926497, 0.13864685881665453, 0.13859101693777773, 0.13852102913939918, 0.1383957953752322, 0.13828311797003823, 0.13818324372338234, 0.13807095814374742, 0.1379535815971307, 0.13783817480894842, 0.13771966391654497, 0.1375974575056669, 0.13747372388928736, 0.1373478134568461, 0.13721929772930302, 0.13708867548743822, 0.13695590231023852, 0.13682086836428137, 0.13668369178078796, 0.13654438190645835, 0.13640292340688964, 0.13625934711393312, 0.1361136624639947, 0.13596586978293174, 0.13581597754739289, 0.13566398815977898, 0.1355099006243377, 0.135353714650872, 0.13519542527109502, 0.13503502711700316]

loss_control_training_MSE=[0.1610711317789837, 0.02619250598638259, 0.002595983870698053, 0.00700245803461081, 0.0032165039677420505, 0.0023509310270197754, 0.002491384145258146, 0.0022356364270751674, 0.002261395819028317, 0.0022330306788941844, 0.002231347882742954, 0.0022272567048598414, 0.002225078290668617, 0.002222868991285178, 0.0022207918501488465, 0.0022186423058057074, 0.002216463058397372, 0.0022142125765425647, 0.0022119075590540747, 0.002209540763926626, 0.0022071172127244095, 0.0022046373195422826, 0.002202103107677284, 0.00219951603755905, 0.0021968775528630564, 0.002194189002396719, 0.002191451622096711, 0.002188666566174267, 0.0021858349012773563, 0.002182957614686185, 0.0021800356186951744, 0.0021770697548953483, 0.002174060799923179, 0.0021710094676013307, 0.002167916412549593, 0.0021647822271089884, 0.0021616074555672704, 0.0021583925887241635, 0.0021551380662695697, 0.002151844281484943, 0.0021485115849870368, 0.0021451402842733837, 0.0021417306462495535, 0.0021382828980344064, 0.002134797229962534]

variances=[2.9038192363860987e-09, 3.0093785365180328e-09, 3.6050167965675824e-09, 3.868430864836603e-09, 3.677220625801537e-09, 3.4755444527732102e-09, 3.4387205975571645e-09, 3.4918530747554393e-09, 3.5258423478678462e-09, 3.5156733825013175e-09, 3.505327085473935e-09, 3.513356607386653e-09, 3.5260498595723613e-09, 3.5345809728719926e-09, 3.5438354123414556e-09, 3.557439457499316e-09, 3.5736791667510362e-09, 3.591528610701088e-09, 3.6120168039594467e-09, 3.6356110547061944e-09, 3.6620781410643525e-09, 3.691521375547635e-09, 3.724189259179635e-09, 3.760342426316569e-09, 3.80006388833032e-09, 3.843595872590696e-09, 3.891039696605845e-09, 3.942741657430937e-09, 3.999441332883712e-09, 4.0605864429131355e-09, 4.126334707442772e-09, 4.197111350970126e-09, 4.273438316644171e-09, 4.349772854133589e-09, 4.433115671790634e-09, 4.529255882734714e-09, 4.622886121716539e-09, 4.721939340526427e-09, 4.827081319676346e-09, 4.93907648203831e-09, 5.057192737182225e-09, 5.1816027577129385e-09, 5.31205027382625e-09, 5.449134260236906e-09, 5.593438119320158e-09]

ACE_values=[6.57430671649286e-05, 6.42044944947142e-05, 6.597062464737439e-05, 6.7133070869022e-05, 6.623030681226312e-05, 6.532360782730422e-05, 6.520840806950123e-05, 6.546000527418163e-05, 6.565332919684181e-05, 6.565364084358121e-05, 6.565125083000969e-05, 6.572941148526399e-05, 6.582647227022148e-05, 6.589964320897457e-05, 6.597059734488705e-05, 6.605567860163589e-05, 6.614645387446035e-05, 6.623723569028743e-05, 6.633127485864627e-05, 6.643049126940268e-05, 6.653385734641842e-05, 6.664217888915974e-05, 6.675684642797703e-05, 6.687516172199338e-05, 6.699739282971854e-05, 6.712456217160316e-05, 6.725996284231959e-05, 6.740083634215399e-05, 6.755608479744312e-05, 6.77160957440668e-05, 6.789884390877213e-05, 6.809940225222311e-05, 6.831002366389338e-05, 6.849361287323702e-05, 6.869789331930318e-05, 6.895781314879966e-05, 6.91689237774972e-05, 6.93847891372359e-05, 6.963235385582668e-05, 6.990417773934175e-05, 7.018988686668395e-05, 7.047931525764436e-05, 7.077354580605608e-05, 7.109288961653074e-05, 7.14185417550852e-05]

-------------------------------CAUSAL NEURAL NET-------------------------------

loss_test_causal=tensor(0.1349, grad_fn=<MseLossBackward>)

