-----------------------------------------------ITERATION0-----------------------------------------------

final_causality=[[1, 1, 1, 1, 1, 1, 1, 1, 1, 1, 1, 1, 1], [1, 1, 1, 1, 1, 1, 1, 1, 1, 1, 1, 1, 1, 1, 1, 1, 1, 1, 1, 1, 1, 1, 1, 1, 1, 1, 1, 1, 1, 1, 1, 1, 1, 1, 1, 1, 1, 1, 1, 1, 1, 1, 1, 1, 1, 1, 1, 1, 1, 1], [1, 1, 1, 1, 1, 1, 1, 1, 1, 1, 1, 1, 1, 1, 1, 1, 1, 1, 1, 1, 1, 1, 1, 1, 1, 1, 1, 1, 1, 1, 1, 1, 1, 1, 1, 1, 1, 1, 1, 1, 1, 1, 1, 1, 1, 1, 1, 1, 1, 1]]

means=tensor([2.8073e-04, 0.0000e+00, 9.2149e-05, 0.0000e+00, 1.1656e-04, 1.7312e-05,
        1.3279e-04, 1.6790e-05, 8.2911e-05, 2.8264e-04, 1.0535e-04, 1.6593e-05,
        2.0852e-04, 1.0581e-04, 1.2088e-04, 2.8920e-05, 1.4118e-04, 2.3188e-05,
        5.2093e-05, 5.3129e-05, 3.0064e-05, 1.2654e-04, 5.1897e-05, 1.1105e-05,
        4.8968e-06, 1.9502e-05, 5.6340e-06, 8.1310e-05, 3.5133e-05, 2.2619e-05,
        1.4088e-05, 5.2716e-05, 4.2546e-05, 7.6334e-05, 8.0414e-06, 5.0746e-05,
        9.6339e-05, 7.3207e-05, 4.2994e-05, 4.5646e-05, 4.8330e-06, 1.0483e-05,
        2.3492e-05, 3.7969e-05, 1.0536e-04, 1.2361e-04, 6.2942e-05, 7.7438e-05,
        7.7595e-05, 1.6127e-05, 1.6798e-05, 1.2083e-04, 1.6415e-05, 3.6728e-05,
        1.1815e-04, 9.6968e-05, 3.0192e-05, 6.0895e-05, 1.8952e-05, 1.8620e-04,
        1.5325e-04, 1.7079e-04, 7.1671e-07, 7.7168e-05, 5.8396e-05, 3.7033e-05,
        3.0262e-05, 1.7950e-05, 1.0220e-04, 1.0773e-05, 1.5256e-04, 1.3775e-04,
        4.3598e-05, 5.6352e-05, 1.1706e-05, 2.7093e-05, 4.4461e-05, 5.1836e-05,
        8.9950e-05, 3.9158e-05, 7.5300e-05, 4.9925e-05, 1.3734e-04, 4.3456e-05,
        8.9662e-05, 7.6379e-05, 9.8875e-05, 5.4117e-05, 1.0826e-04, 5.6792e-05,
        4.5566e-05, 1.0481e-04, 1.5318e-04, 7.2013e-05, 5.9523e-05, 1.1198e-05,
        1.2015e-04, 3.5663e-05, 6.3291e-05, 1.3941e-05, 4.8617e-05, 7.7694e-05,
        7.9681e-05, 1.8155e-05, 6.4167e-05, 3.6063e-05, 1.2104e-05, 1.7231e-05,
        8.3548e-05, 9.4859e-05, 2.9992e-05, 6.6172e-05, 7.3507e-06],
       grad_fn=<CatBackward>)

mean_overall=tensor(6.5743e-05, grad_fn=<MeanBackward0>)

-----------------------------------------------ITERATION10-----------------------------------------------

final_causality=[[1, 1, 1, 1, 1, 1, 1, 1, 1, 1, 1, 1, 1], [1, 1, 1, 1, 1, 1, 1, 1, 1, 1, 1, 1, 1, 1, 1, 1, 1, 1, 1, 1, 1, 1, 1, 1, 1, 1, 1, 1, 1, 1, 1, 1, 1, 1, 1, 1, 1, 1, 1, 1, 1, 1, 1, 1, 1, 1, 1, 1, 1, 1], [1, 1, 1, 1, 1, 1, 1, 1, 1, 1, 1, 1, 1, 1, 1, 1, 1, 1, 1, 1, 1, 1, 1, 1, 1, 1, 1, 1, 1, 1, 1, 1, 1, 1, 1, 1, 1, 1, 1, 1, 1, 1, 1, 1, 1, 1, 1, 1, 1, 1]]

means=tensor([1.9101e-04, 0.0000e+00, 1.1878e-04, 0.0000e+00, 1.9750e-04, 3.5902e-05,
        1.3045e-04, 3.3502e-05, 2.1756e-07, 3.8515e-04, 3.3743e-05, 9.4983e-05,
        1.2321e-04, 1.2010e-04, 9.9796e-05, 4.3530e-05, 1.5612e-04, 4.3005e-05,
        1.5929e-05, 6.2335e-05, 4.8030e-05, 1.0695e-04, 3.2305e-05, 9.9050e-06,
        2.8124e-05, 2.0132e-05, 6.5181e-06, 1.0291e-04, 1.6618e-05, 3.6293e-06,
        3.9711e-05, 3.4813e-05, 2.4065e-05, 3.3612e-05, 6.5745e-06, 2.8495e-05,
        7.1456e-05, 3.8205e-05, 7.6614e-05, 1.9198e-05, 2.4475e-05, 3.8978e-05,
        6.4863e-07, 8.2006e-05, 7.5368e-05, 9.2564e-05, 8.2581e-05, 9.8340e-05,
        5.5496e-05, 4.6769e-05, 4.2875e-05, 1.3669e-04, 9.0959e-06, 5.5869e-05,
        9.0099e-05, 6.7244e-05, 1.4343e-05, 8.0955e-05, 5.7625e-06, 1.5069e-04,
        1.6276e-04, 1.3766e-04, 9.2828e-06, 8.0885e-05, 5.5009e-05, 3.8320e-05,
        2.7557e-05, 1.2072e-05, 9.3785e-05, 1.3002e-05, 1.5589e-04, 1.2659e-04,
        4.6414e-05, 5.5039e-05, 5.8962e-06, 2.3154e-05, 3.7116e-05, 6.4253e-05,
        9.3585e-05, 3.4148e-05, 8.1325e-05, 5.1445e-05, 1.3836e-04, 5.0238e-05,
        9.7337e-05, 8.0032e-05, 9.5945e-05, 5.4256e-05, 1.1145e-04, 6.3361e-05,
        4.2451e-05, 9.0980e-05, 1.6341e-04, 7.8699e-05, 6.3947e-05, 5.5725e-06,
        1.1097e-04, 3.1893e-05, 6.7559e-05, 9.2946e-06, 5.5641e-05, 8.0019e-05,
        6.8510e-05, 1.3891e-05, 6.8421e-05, 3.1910e-05, 9.5134e-06, 2.1398e-05,
        7.5063e-05, 9.0805e-05, 3.2499e-05, 5.9859e-05, 2.6602e-06],
       grad_fn=<CatBackward>)

mean_overall=tensor(6.4204e-05, grad_fn=<MeanBackward0>)

-----------------------------------------------ITERATION20-----------------------------------------------

final_causality=[[1, 1, 1, 1, 1, 1, 1, 1, 1, 1, 1, 1, 1], [1, 1, 1, 1, 1, 1, 1, 1, 1, 1, 1, 1, 1, 1, 1, 1, 1, 1, 1, 1, 1, 1, 1, 1, 1, 1, 1, 1, 1, 1, 1, 1, 1, 1, 1, 1, 1, 1, 1, 1, 1, 1, 1, 1, 1, 1, 1, 1, 1, 1], [1, 1, 1, 1, 1, 1, 1, 1, 1, 1, 1, 1, 1, 1, 1, 1, 1, 1, 1, 1, 1, 1, 1, 1, 1, 1, 1, 1, 1, 1, 1, 1, 1, 1, 1, 1, 1, 1, 1, 1, 1, 1, 1, 1, 1, 1, 1, 1, 1, 1]]

means=tensor([1.2389e-04, 0.0000e+00, 1.3798e-04, 0.0000e+00, 2.5619e-04, 5.0380e-05,
        1.2760e-04, 4.5802e-05, 4.0476e-05, 4.5823e-04, 7.8943e-06, 1.5296e-04,
        5.9819e-05, 1.3035e-04, 8.3119e-05, 5.3613e-05, 1.6631e-04, 5.6563e-05,
        7.7802e-06, 6.8592e-05, 6.0766e-05, 9.2706e-05, 1.8746e-05, 2.5267e-05,
        5.2856e-05, 5.2327e-05, 1.5609e-05, 1.1785e-04, 3.4013e-06, 2.0819e-05,
        5.8101e-05, 2.1003e-05, 1.1022e-05, 1.8402e-06, 1.7530e-05, 1.2158e-05,
        5.3593e-05, 1.3626e-05, 1.0076e-04, 1.7905e-07, 3.9173e-05, 6.0399e-05,
        1.6670e-05, 1.1400e-04, 5.2185e-05, 7.1695e-05, 9.6430e-05, 1.1355e-04,
        3.9795e-05, 7.0066e-05, 6.1196e-05, 1.4704e-04, 2.6970e-05, 6.9751e-05,
        6.9659e-05, 4.5906e-05, 1.8367e-06, 9.6038e-05, 2.5022e-05, 1.2572e-04,
        1.6786e-04, 1.1276e-04, 1.6612e-05, 8.2920e-05, 5.2318e-05, 3.9200e-05,
        2.5223e-05, 7.8165e-06, 8.7590e-05, 1.4624e-05, 1.5855e-04, 1.1667e-04,
        4.8660e-05, 5.3807e-05, 1.8943e-06, 1.9845e-05, 3.1997e-05, 7.3776e-05,
        9.5718e-05, 3.0260e-05, 8.5926e-05, 5.2155e-05, 1.3898e-04, 5.5267e-05,
        1.0273e-04, 8.2026e-05, 9.2996e-05, 5.3292e-05, 1.1402e-04, 6.8353e-05,
        3.9960e-05, 8.2793e-05, 1.6999e-04, 8.3227e-05, 6.7925e-05, 1.3352e-06,
        1.0420e-04, 2.8912e-05, 7.1683e-05, 6.0538e-06, 6.0898e-05, 8.1046e-05,
        6.0330e-05, 1.0706e-05, 7.1428e-05, 2.8768e-05, 7.9221e-06, 2.5440e-05,
        6.9868e-05, 8.7588e-05, 3.4640e-05, 5.4608e-05, 6.9317e-07],
       grad_fn=<CatBackward>)

mean_overall=tensor(6.5971e-05, grad_fn=<MeanBackward0>)

-----------------------------------------------ITERATION30-----------------------------------------------

final_causality=[[1, 1, 1, 1, 1, 1, 1, 1, 1, 1, 1, 1, 1], [1, 1, 1, 1, 1, 1, 1, 1, 1, 1, 1, 1, 1, 1, 1, 1, 1, 1, 1, 1, 1, 1, 1, 1, 1, 1, 1, 1, 1, 1, 1, 1, 1, 1, 1, 1, 1, 1, 1, 1, 1, 1, 1, 1, 1, 1, 1, 1, 1, 1], [1, 1, 1, 1, 1, 1, 1, 1, 1, 1, 1, 1, 1, 1, 1, 1, 1, 1, 1, 1, 1, 1, 1, 1, 1, 1, 1, 1, 1, 1, 1, 1, 1, 1, 1, 1, 1, 1, 1, 1, 1, 1, 1, 1, 1, 1, 1, 1, 1, 1]]

means=tensor([1.0481e-04, 0.0000e+00, 1.4349e-04, 0.0000e+00, 2.7530e-04, 5.5247e-05,
        1.2662e-04, 5.0399e-05, 5.7823e-05, 4.8090e-04, 2.3593e-05, 1.7185e-04,
        4.0006e-05, 1.3356e-04, 7.7163e-05, 5.6941e-05, 1.6951e-04, 6.0979e-05,
        1.5492e-05, 7.0598e-05, 6.4911e-05, 8.7907e-05, 1.4292e-05, 3.0284e-05,
        6.0910e-05, 6.3387e-05, 1.8608e-05, 1.2276e-04, 7.0886e-07, 2.6506e-05,
        6.4151e-05, 1.6175e-05, 6.6710e-06, 4.8833e-06, 2.1299e-05, 6.6182e-06,
        4.7449e-05, 5.4091e-06, 1.0862e-04, 5.3515e-06, 4.4004e-05, 6.7322e-05,
        2.2012e-05, 1.2448e-04, 4.4123e-05, 6.4357e-05, 1.0082e-04, 1.1843e-04,
        3.4540e-05, 7.7706e-05, 6.7245e-05, 1.5037e-04, 3.2874e-05, 7.4336e-05,
        6.2730e-05, 3.8688e-05, 1.4946e-06, 1.0091e-04, 3.1765e-05, 1.1740e-04,
        1.6940e-04, 1.0411e-04, 1.9063e-05, 8.3114e-05, 5.1252e-05, 3.9878e-05,
        2.4417e-05, 6.3401e-06, 8.5353e-05, 1.5238e-05, 1.5896e-04, 1.1368e-04,
        4.9267e-05, 5.3279e-05, 5.5581e-07, 1.8614e-05, 3.0323e-05, 7.6910e-05,
        9.5926e-05, 2.8970e-05, 8.7390e-05, 5.2353e-05, 1.3875e-04, 5.6928e-05,
        1.0438e-04, 8.2125e-05, 9.1883e-05, 5.2784e-05, 1.1439e-04, 6.9754e-05,
        3.8976e-05, 8.1078e-05, 1.7199e-04, 8.4651e-05, 6.8894e-05, 1.5712e-07,
        1.0170e-04, 2.7738e-05, 7.2899e-05, 4.9691e-06, 6.2556e-05, 8.1327e-05,
        5.7689e-05, 9.6557e-06, 7.2274e-05, 2.7670e-05, 7.3007e-06, 2.7599e-05,
        6.8205e-05, 8.6059e-05, 3.5643e-05, 5.2942e-05, 1.8809e-06],
       grad_fn=<CatBackward>)

mean_overall=tensor(6.7133e-05, grad_fn=<MeanBackward0>)

-----------------------------------------------ITERATION40-----------------------------------------------

final_causality=[[1, 1, 1, 1, 1, 1, 1, 1, 1, 1, 1, 1, 1], [1, 1, 1, 1, 1, 1, 1, 1, 1, 1, 1, 1, 1, 1, 1, 1, 1, 1, 1, 1, 1, 1, 1, 1, 1, 1, 1, 1, 1, 1, 1, 1, 1, 1, 1, 1, 1, 1, 1, 1, 1, 1, 1, 1, 1, 1, 1, 1, 1, 1], [1, 1, 1, 1, 1, 1, 1, 1, 1, 1, 1, 1, 1, 1, 1, 1, 1, 1, 1, 1, 1, 1, 1, 1, 1, 1, 1, 1, 1, 1, 1, 1, 1, 1, 1, 1, 1, 1, 1, 1, 1, 1, 1, 1, 1, 1, 1, 1, 1, 1]]

means=tensor([1.2533e-04, 0.0000e+00, 1.3689e-04, 0.0000e+00, 2.6257e-04, 5.0963e-05,
        1.2863e-04, 4.8329e-05, 4.4132e-05, 4.6348e-04, 1.3453e-05, 1.5818e-04,
        5.6002e-05, 1.3136e-04, 7.9914e-05, 5.5357e-05, 1.6761e-04, 5.8808e-05,
        1.1515e-05, 6.9553e-05, 6.2673e-05, 9.0229e-05, 1.6453e-05, 2.6917e-05,
        5.5807e-05, 5.8412e-05, 1.7102e-05, 1.2035e-04, 1.0373e-06, 2.3447e-05,
        6.0894e-05, 1.8494e-05, 8.7322e-06, 1.0270e-06, 1.9847e-05, 9.3446e-06,
        5.0007e-05, 9.2645e-06, 1.0420e-04, 2.3636e-06, 4.1059e-05, 6.2613e-05,
        1.9159e-05, 1.1841e-04, 4.8108e-05, 6.7872e-05, 9.8161e-05, 1.1531e-04,
        3.6999e-05, 7.2832e-05, 6.4289e-05, 1.4888e-04, 2.9752e-05, 7.1767e-05,
        6.6017e-05, 4.2003e-05, 8.0899e-09, 9.7578e-05, 2.9450e-05, 1.2122e-04,
        1.6904e-04, 1.0805e-04, 1.7687e-05, 8.2065e-05, 5.1559e-05, 3.9299e-05,
        2.4951e-05, 6.9265e-06, 8.6234e-05, 1.4918e-05, 1.5828e-04, 1.1695e-04,
        4.8357e-05, 5.3389e-05, 1.1257e-06, 1.9017e-05, 3.1292e-05, 7.4786e-05,
        9.4635e-05, 2.9769e-05, 8.6469e-05, 5.2414e-05, 1.3810e-04, 5.5924e-05,
        1.0320e-04, 8.0754e-05, 9.2355e-05, 5.2920e-05, 1.1284e-04, 6.8122e-05,
        3.9165e-05, 8.1960e-05, 1.7097e-04, 8.3834e-05, 6.7029e-05, 4.9269e-07,
        1.0244e-04, 2.7901e-05, 7.1806e-05, 5.4649e-06, 6.1341e-05, 8.1389e-05,
        5.9383e-05, 1.0115e-05, 7.1461e-05, 2.8179e-05, 7.6424e-06, 2.5996e-05,
        6.9197e-05, 8.5858e-05, 3.5016e-05, 5.4433e-05, 1.3598e-06],
       grad_fn=<CatBackward>)

mean_overall=tensor(6.6230e-05, grad_fn=<MeanBackward0>)

-----------------------------------------------ITERATION50-----------------------------------------------

final_causality=[[1, 1, 1, 1, 1, 1, 1, 1, 1, 1, 1, 1, 1], [1, 1, 1, 1, 1, 1, 1, 1, 1, 1, 1, 1, 1, 1, 1, 1, 1, 1, 1, 1, 1, 1, 1, 1, 1, 1, 1, 1, 1, 1, 1, 1, 1, 1, 1, 1, 1, 1, 1, 1, 1, 1, 1, 1, 1, 1, 1, 1, 1, 1], [1, 1, 1, 1, 1, 1, 1, 1, 1, 1, 1, 1, 1, 1, 1, 1, 1, 1, 1, 1, 1, 1, 1, 1, 1, 1, 1, 1, 1, 1, 1, 1, 1, 1, 1, 1, 1, 1, 1, 1, 1, 1, 1, 1, 1, 1, 1, 1, 1, 1]]

means=tensor([1.4849e-04, 0.0000e+00, 1.3009e-04, 0.0000e+00, 2.4722e-04, 4.6660e-05,
        1.3016e-04, 4.5922e-05, 2.8336e-05, 4.4270e-04, 1.1348e-06, 1.4220e-04,
        7.4834e-05, 1.2852e-04, 8.3743e-05, 5.3135e-05, 1.6508e-04, 5.5742e-05,
        6.0540e-06, 6.8129e-05, 5.9603e-05, 9.3521e-05, 1.9483e-05, 2.3134e-05,
        4.9290e-05, 5.1194e-05, 1.5028e-05, 1.1699e-04, 3.9803e-06, 1.9355e-05,
        5.6505e-05, 2.1716e-05, 1.1639e-05, 3.3598e-06, 1.7581e-05, 1.3133e-05,
        5.3733e-05, 1.4722e-05, 9.8201e-05, 1.2077e-06, 3.7220e-05, 5.6678e-05,
        1.5321e-05, 1.1033e-04, 5.3645e-05, 7.2741e-05, 9.4646e-05, 1.1126e-04,
        4.0514e-05, 6.6570e-05, 6.0089e-05, 1.4674e-04, 2.5468e-05, 6.8366e-05,
        7.0679e-05, 4.6737e-05, 2.7143e-06, 9.3351e-05, 2.5587e-05, 1.2677e-04,
        1.6840e-04, 1.1364e-04, 1.5873e-05, 8.1020e-05, 5.2045e-05, 3.9060e-05,
        2.5602e-05, 7.8052e-06, 8.7520e-05, 1.4474e-05, 1.5756e-04, 1.2065e-04,
        4.7429e-05, 5.3598e-05, 1.9540e-06, 1.9655e-05, 3.2553e-05, 7.2161e-05,
        9.3381e-05, 3.0783e-05, 8.5278e-05, 5.2387e-05, 1.3740e-04, 5.4682e-05,
        1.0169e-04, 7.9399e-05, 9.3045e-05, 5.3155e-05, 1.1131e-04, 6.6299e-05,
        3.9559e-05, 8.3169e-05, 1.6957e-04, 8.2724e-05, 6.6371e-05, 1.4159e-06,
        1.0361e-04, 2.8298e-05, 7.0530e-05, 6.1853e-06, 5.9827e-05, 8.1337e-05,
        6.1554e-05, 1.0790e-05, 7.0479e-05, 2.8897e-05, 8.0982e-06, 2.4739e-05,
        7.0489e-05, 8.5964e-05, 3.4406e-05, 5.6157e-05, 6.2512e-07],
       grad_fn=<CatBackward>)

mean_overall=tensor(6.5324e-05, grad_fn=<MeanBackward0>)

-----------------------------------------------ITERATION60-----------------------------------------------

final_causality=[[1, 1, 1, 1, 1, 1, 1, 1, 1, 1, 1, 1, 1], [1, 1, 1, 1, 1, 1, 1, 1, 1, 1, 1, 1, 1, 1, 1, 1, 1, 1, 1, 1, 1, 1, 1, 1, 1, 1, 1, 1, 1, 1, 1, 1, 1, 1, 1, 1, 1, 1, 1, 1, 1, 1, 1, 1, 1, 1, 1, 1, 1, 1], [1, 1, 1, 1, 1, 1, 1, 1, 1, 1, 1, 1, 1, 1, 1, 1, 1, 1, 1, 1, 1, 1, 1, 1, 1, 1, 1, 1, 1, 1, 1, 1, 1, 1, 1, 1, 1, 1, 1, 1, 1, 1, 1, 1, 1, 1, 1, 1, 1, 1]]

means=tensor([1.5743e-04, 0.0000e+00, 1.2818e-04, 0.0000e+00, 2.4417e-04, 4.6131e-05,
        1.3048e-04, 4.6353e-05, 2.4526e-05, 4.3739e-04, 1.3279e-06, 1.3902e-04,
        8.0448e-05, 1.2779e-04, 8.4340e-05, 5.2831e-05, 1.6458e-04, 5.5196e-05,
        4.8802e-06, 6.7919e-05, 5.8941e-05, 9.4287e-05, 2.0106e-05, 2.2325e-05,
        4.7735e-05, 4.9943e-05, 1.4591e-05, 1.1647e-04, 4.5608e-06, 1.8504e-05,
        5.5647e-05, 2.2302e-05, 1.2243e-05, 4.7485e-06, 1.7223e-05, 1.3878e-05,
        5.4318e-05, 1.5804e-05, 9.6876e-05, 2.1254e-06, 3.6338e-05, 5.5206e-05,
        1.4516e-05, 1.0859e-04, 5.4728e-05, 7.3582e-05, 9.3859e-05, 1.1030e-04,
        4.1244e-05, 6.5056e-05, 5.9301e-05, 1.4648e-04, 2.4504e-05, 6.7749e-05,
        7.1651e-05, 4.7655e-05, 3.3030e-06, 9.2301e-05, 2.4942e-05, 1.2808e-04,
        1.6857e-04, 1.1462e-04, 1.5502e-05, 8.0569e-05, 5.2079e-05, 3.9099e-05,
        2.5727e-05, 7.9669e-06, 8.7751e-05, 1.4393e-05, 1.5718e-04, 1.2180e-04,
        4.7217e-05, 5.3620e-05, 2.1163e-06, 1.9733e-05, 3.2878e-05, 7.1460e-05,
        9.2888e-05, 3.1005e-05, 8.5032e-05, 5.2432e-05, 1.3717e-04, 5.4424e-05,
        1.0126e-04, 7.8782e-05, 9.3170e-05, 5.3141e-05, 1.1077e-04, 6.5773e-05,
        3.9591e-05, 8.3471e-05, 1.6924e-04, 8.2472e-05, 6.6530e-05, 1.5900e-06,
        1.0383e-04, 2.8296e-05, 7.0203e-05, 6.3333e-06, 5.9463e-05, 8.1360e-05,
        6.2112e-05, 1.0929e-05, 7.0263e-05, 2.9033e-05, 8.1843e-06, 2.4462e-05,
        7.0938e-05, 8.5719e-05, 3.4330e-05, 5.6578e-05, 4.8689e-07],
       grad_fn=<CatBackward>)

mean_overall=tensor(6.5208e-05, grad_fn=<MeanBackward0>)

-----------------------------------------------ITERATION70-----------------------------------------------

final_causality=[[1, 1, 1, 1, 1, 1, 1, 1, 1, 1, 1, 1, 1], [1, 1, 1, 1, 1, 1, 1, 1, 1, 1, 1, 1, 1, 1, 1, 1, 1, 1, 1, 1, 1, 1, 1, 1, 1, 1, 1, 1, 1, 1, 1, 1, 1, 1, 1, 1, 1, 1, 1, 1, 1, 1, 1, 1, 1, 1, 1, 1, 1, 1], [1, 1, 1, 1, 1, 1, 1, 1, 1, 1, 1, 1, 1, 1, 1, 1, 1, 1, 1, 1, 1, 1, 1, 1, 1, 1, 1, 1, 1, 1, 1, 1, 1, 1, 1, 1, 1, 1, 1, 1, 1, 1, 1, 1, 1, 1, 1, 1, 1, 1]]

means=tensor([1.5815e-04, 0.0000e+00, 1.2905e-04, 0.0000e+00, 2.4872e-04, 4.7771e-05,
        1.3027e-04, 4.8569e-05, 2.7964e-05, 4.4161e-04, 2.3005e-06, 1.4370e-04,
        7.8105e-05, 1.2841e-04, 8.2855e-05, 5.3792e-05, 1.6539e-04, 5.6313e-05,
        6.4751e-06, 6.8508e-05, 5.9848e-05, 9.3409e-05, 1.9160e-05, 2.3390e-05,
        4.9313e-05, 5.2626e-05, 1.5207e-05, 1.1782e-04, 3.6024e-06, 1.9725e-05,
        5.7066e-05, 2.1185e-05, 1.1351e-05, 2.3049e-06, 1.8144e-05, 1.2649e-05,
        5.2852e-05, 1.4037e-05, 9.8590e-05, 6.7869e-07, 3.7343e-05, 5.6547e-05,
        1.5652e-05, 1.1093e-04, 5.2930e-05, 7.1824e-05, 9.4836e-05, 1.1131e-04,
        4.0149e-05, 6.6546e-05, 6.0765e-05, 1.4749e-04, 2.5683e-05, 6.8928e-05,
        7.0220e-05, 4.6082e-05, 2.3025e-06, 9.3268e-05, 2.6503e-05, 1.2661e-04,
        1.6932e-04, 1.1261e-04, 1.6056e-05, 8.0469e-05, 5.1831e-05, 3.9187e-05,
        2.5526e-05, 7.6595e-06, 8.7313e-05, 1.4551e-05, 1.5698e-04, 1.2139e-04,
        4.7432e-05, 5.3521e-05, 1.8448e-06, 1.9444e-05, 3.2614e-05, 7.1943e-05,
        9.2837e-05, 3.0727e-05, 8.5396e-05, 5.2552e-05, 1.3728e-04, 5.4771e-05,
        1.0151e-04, 7.8598e-05, 9.2922e-05, 5.2961e-05, 1.1081e-04, 6.6034e-05,
        3.9377e-05, 8.3208e-05, 1.6961e-04, 8.2775e-05, 6.6705e-05, 1.2826e-06,
        1.0345e-04, 2.8025e-05, 7.0463e-05, 6.1043e-06, 5.9830e-05, 8.1460e-05,
        6.1650e-05, 1.0697e-05, 7.0550e-05, 2.8796e-05, 8.0349e-06, 2.4709e-05,
        7.0606e-05, 8.5223e-05, 3.4571e-05, 5.6197e-05, 7.3067e-07],
       grad_fn=<CatBackward>)

mean_overall=tensor(6.5460e-05, grad_fn=<MeanBackward0>)

-----------------------------------------------ITERATION80-----------------------------------------------

final_causality=[[1, 1, 1, 1, 1, 1, 1, 1, 1, 1, 1, 1, 1], [1, 1, 1, 1, 1, 1, 1, 1, 1, 1, 1, 1, 1, 1, 1, 1, 1, 1, 1, 1, 1, 1, 1, 1, 1, 1, 1, 1, 1, 1, 1, 1, 1, 1, 1, 1, 1, 1, 1, 1, 1, 1, 1, 1, 1, 1, 1, 1, 1, 1], [1, 1, 1, 1, 1, 1, 1, 1, 1, 1, 1, 1, 1, 1, 1, 1, 1, 1, 1, 1, 1, 1, 1, 1, 1, 1, 1, 1, 1, 1, 1, 1, 1, 1, 1, 1, 1, 1, 1, 1, 1, 1, 1, 1, 1, 1, 1, 1, 1, 1]]

means=tensor([1.6140e-04, 1.3878e-17, 1.2927e-04, 1.3878e-17, 2.5151e-04, 4.9004e-05,
        1.3015e-04, 5.0513e-05, 2.9643e-05, 4.4348e-04, 4.4798e-06, 1.4656e-04,
        7.7884e-05, 1.2869e-04, 8.1886e-05, 5.4460e-05, 1.6588e-04, 5.7023e-05,
        7.3564e-06, 6.8912e-05, 6.0353e-05, 9.2979e-05, 1.8622e-05, 2.3998e-05,
        5.0104e-05, 5.4362e-05, 1.5561e-05, 1.1872e-04, 3.0419e-06, 2.0428e-05,
        5.7925e-05, 2.0498e-05, 1.0852e-05, 8.4162e-07, 1.8755e-05, 1.1923e-05,
        5.1909e-05, 1.3009e-05, 9.9530e-05, 1.6778e-07, 3.7873e-05, 5.7195e-05,
        1.6300e-05, 1.1226e-04, 5.1866e-05, 7.0714e-05, 9.5370e-05, 1.1183e-04,
        3.9537e-05, 6.7273e-05, 6.1668e-05, 1.4820e-04, 2.6319e-05, 6.9680e-05,
        6.9426e-05, 4.5158e-05, 1.6998e-06, 9.3729e-05, 2.7496e-05, 1.2592e-04,
        1.6997e-04, 1.1136e-04, 1.6382e-05, 8.0287e-05, 5.1658e-05, 3.9266e-05,
        2.5402e-05, 7.4768e-06, 8.7058e-05, 1.4652e-05, 1.5670e-04, 1.2138e-04,
        4.7563e-05, 5.3457e-05, 1.6865e-06, 1.9251e-05, 3.2511e-05, 7.2112e-05,
        9.2694e-05, 3.0574e-05, 8.5614e-05, 5.2657e-05, 1.3734e-04, 5.4970e-05,
        1.0157e-04, 7.8305e-05, 9.2771e-05, 5.2818e-05, 1.1073e-04, 6.6109e-05,
        3.9235e-05, 8.3102e-05, 1.6979e-04, 8.2934e-05, 6.6854e-05, 1.0999e-06,
        1.0325e-04, 2.7831e-05, 7.0581e-05, 5.9735e-06, 6.0019e-05, 8.1538e-05,
        6.1453e-05, 1.0563e-05, 7.0730e-05, 2.8655e-05, 7.9424e-06, 2.4823e-05,
        7.0500e-05, 8.4794e-05, 3.4744e-05, 5.6002e-05, 8.7778e-07],
       grad_fn=<CatBackward>)

mean_overall=tensor(6.5653e-05, grad_fn=<MeanBackward0>)

-----------------------------------------------ITERATION90-----------------------------------------------

final_causality=[[1, 1, 1, 1, 1, 1, 1, 1, 1, 1, 1, 1, 1], [1, 1, 1, 1, 1, 1, 1, 1, 1, 1, 1, 1, 1, 1, 1, 1, 1, 1, 1, 1, 1, 1, 1, 1, 1, 1, 1, 1, 1, 1, 1, 1, 1, 1, 1, 1, 1, 1, 1, 1, 1, 1, 1, 1, 1, 1, 1, 1, 1, 1], [1, 1, 1, 1, 1, 1, 1, 1, 1, 1, 1, 1, 1, 1, 1, 1, 1, 1, 1, 1, 1, 1, 1, 1, 1, 1, 1, 1, 1, 1, 1, 1, 1, 1, 1, 1, 1, 1, 1, 1, 1, 1, 1, 1, 1, 1, 1, 1, 1, 1]]

means=tensor([1.6919e-04, 1.3878e-17, 1.2811e-04, 1.3878e-17, 2.5063e-04, 4.9253e-05,
        1.3027e-04, 5.1713e-05, 2.7719e-05, 4.4061e-04, 3.6720e-06, 1.4563e-04,
        8.1793e-05, 1.2830e-04, 8.1942e-05, 5.4531e-05, 1.6574e-04, 5.6923e-05,
        6.8439e-06, 6.8939e-05, 6.0074e-05, 9.3407e-05, 1.8878e-05, 2.3684e-05,
        4.9343e-05, 5.4190e-05, 1.5401e-05, 1.1873e-04, 3.2558e-06, 2.0106e-05,
        5.7729e-05, 2.0659e-05, 1.1113e-05, 1.2970e-06, 1.8747e-05, 1.2186e-05,
        5.1987e-05, 1.3419e-05, 9.8955e-05, 1.6733e-07, 3.7465e-05, 5.6451e-05,
        1.5984e-05, 1.1158e-04, 5.2246e-05, 7.0892e-05, 9.5032e-05, 1.1136e-04,
        3.9857e-05, 6.6497e-05, 6.1462e-05, 1.4832e-04, 2.5891e-05, 6.9568e-05,
        6.9858e-05, 4.5494e-05, 1.8872e-06, 9.3185e-05, 2.7391e-05, 1.2669e-04,
        1.7038e-04, 1.1160e-04, 1.6253e-05, 7.9934e-05, 5.1629e-05, 3.9325e-05,
        2.5436e-05, 7.5331e-06, 8.7149e-05, 1.4637e-05, 1.5630e-04, 1.2216e-04,
        4.7503e-05, 5.3460e-05, 1.7475e-06, 1.9244e-05, 3.2713e-05, 7.1674e-05,
        9.2346e-05, 3.0671e-05, 8.5536e-05, 5.2732e-05, 1.3726e-04, 5.4872e-05,
        1.0129e-04, 7.7792e-05, 9.2808e-05, 5.2754e-05, 1.1038e-04, 6.5802e-05,
        3.9222e-05, 8.3294e-05, 1.6962e-04, 8.2817e-05, 6.6979e-05, 1.1599e-06,
        1.0339e-04, 2.7779e-05, 7.0413e-05, 6.0334e-06, 5.9853e-05, 8.1580e-05,
        6.1777e-05, 1.0618e-05, 7.0680e-05, 2.8703e-05, 7.9662e-06, 2.4673e-05,
        7.0840e-05, 8.4489e-05, 3.4772e-05, 5.6196e-05, 8.3340e-07],
       grad_fn=<CatBackward>)

mean_overall=tensor(6.5654e-05, grad_fn=<MeanBackward0>)

-----------------------------------------------ITERATION100-----------------------------------------------

final_causality=[[1, 1, 1, 1, 1, 1, 1, 1, 1, 1, 1, 1, 1], [1, 1, 1, 1, 1, 1, 1, 1, 1, 1, 1, 1, 1, 1, 1, 1, 1, 1, 1, 1, 1, 1, 1, 1, 1, 1, 1, 1, 1, 1, 1, 1, 1, 1, 1, 1, 1, 1, 1, 1, 1, 1, 1, 1, 1, 1, 1, 1, 1, 1], [1, 1, 1, 1, 1, 1, 1, 1, 1, 1, 1, 1, 1, 1, 1, 1, 1, 1, 1, 1, 1, 1, 1, 1, 1, 1, 1, 1, 1, 1, 1, 1, 1, 1, 1, 1, 1, 1, 1, 1, 1, 1, 1, 1, 1, 1, 1, 1, 1, 1]]

means=tensor([1.7751e-04, 1.3878e-17, 1.2686e-04, 1.3878e-17, 2.4958e-04, 4.9487e-05,
        1.3040e-04, 5.2943e-05, 2.5570e-05, 4.3743e-04, 2.7108e-06, 1.4451e-04,
        8.6051e-05, 1.2785e-04, 8.2044e-05, 5.4581e-05, 1.6556e-04, 5.6784e-05,
        6.2467e-06, 6.8952e-05, 5.9749e-05, 9.3896e-05, 1.9182e-05, 2.3319e-05,
        4.8489e-05, 5.3933e-05, 1.5232e-05, 1.1869e-04, 3.5140e-06, 1.9728e-05,
        5.7499e-05, 2.0864e-05, 1.1421e-05, 1.8576e-06, 1.8715e-05, 1.2504e-05,
        5.2114e-05, 1.3911e-05, 9.8290e-05, 5.6892e-07, 3.7000e-05, 5.5620e-05,
        1.5614e-05, 1.1079e-04, 5.2706e-05, 7.1132e-05, 9.4642e-05, 1.1082e-04,
        4.0236e-05, 6.5626e-05, 6.1198e-05, 1.4842e-04, 2.5400e-05, 6.9418e-05,
        7.0367e-05, 4.5902e-05, 2.1169e-06, 9.2575e-05, 2.7230e-05, 1.2757e-04,
        1.7081e-04, 1.1193e-04, 1.6099e-05, 7.9559e-05, 5.1606e-05, 3.9385e-05,
        2.5476e-05, 7.6029e-06, 8.7259e-05, 1.4616e-05, 1.5587e-04, 1.2300e-04,
        4.7434e-05, 5.3468e-05, 1.8212e-06, 1.9244e-05, 3.2939e-05, 7.1191e-05,
        9.1978e-05, 3.0783e-05, 8.5443e-05, 5.2807e-05, 1.3718e-04, 5.4760e-05,
        1.0098e-04, 7.7248e-05, 9.2855e-05, 5.2689e-05, 1.1001e-04, 6.5468e-05,
        3.9216e-05, 8.3509e-05, 1.6943e-04, 8.2684e-05, 6.7103e-05, 1.2330e-06,
        1.0355e-04, 2.7732e-05, 7.0227e-05, 6.1048e-06, 5.9666e-05, 8.1621e-05,
        6.2139e-05, 1.0683e-05, 7.0619e-05, 2.8762e-05, 7.9959e-06, 2.4506e-05,
        7.1212e-05, 8.4176e-05, 3.4795e-05, 5.6412e-05, 7.7876e-07],
       grad_fn=<CatBackward>)

mean_overall=tensor(6.5651e-05, grad_fn=<MeanBackward0>)

-----------------------------------------------ITERATION110-----------------------------------------------

final_causality=[[1, 1, 1, 1, 1, 1, 1, 1, 1, 1, 1, 1, 1], [1, 1, 1, 1, 1, 1, 1, 1, 1, 1, 1, 1, 1, 1, 1, 1, 1, 1, 1, 1, 1, 1, 1, 1, 1, 1, 1, 1, 1, 1, 1, 1, 1, 1, 1, 1, 1, 1, 1, 1, 1, 1, 1, 1, 1, 1, 1, 1, 1, 1], [1, 1, 1, 1, 1, 1, 1, 1, 1, 1, 1, 1, 1, 1, 1, 1, 1, 1, 1, 1, 1, 1, 1, 1, 1, 1, 1, 1, 1, 1, 1, 1, 1, 1, 1, 1, 1, 1, 1, 1, 1, 1, 1, 1, 1, 1, 1, 1, 1, 1]]

means=tensor([1.8459e-04, 0.0000e+00, 1.2608e-04, 0.0000e+00, 2.4997e-04, 5.0154e-05,
        1.3044e-04, 5.4585e-05, 2.4756e-05, 4.3597e-04, 2.9149e-06, 1.4488e-04,
        8.8935e-05, 1.2765e-04, 8.1735e-05, 5.4885e-05, 1.6564e-04, 5.6969e-05,
        6.1763e-06, 6.9123e-05, 5.9722e-05, 9.4073e-05, 1.9184e-05, 2.3309e-05,
        4.8213e-05, 5.4448e-05, 1.5348e-05, 1.1903e-04, 3.4750e-06, 1.9743e-05,
        5.7694e-05, 2.0737e-05, 1.1442e-05, 1.6756e-06, 1.8936e-05, 1.2440e-05,
        5.1834e-05, 1.3853e-05, 9.8198e-05, 5.1582e-07, 3.6887e-05, 5.5306e-05,
        1.5613e-05, 1.1077e-04, 5.2610e-05, 7.0864e-05, 9.4584e-05, 1.1066e-04,
        4.0262e-05, 6.5311e-05, 6.1371e-05, 1.4878e-04, 2.5312e-05, 6.9615e-05,
        7.0414e-05, 4.5826e-05, 2.0395e-06, 9.2337e-05, 2.7508e-05, 1.2792e-04,
        1.7136e-04, 1.1166e-04, 1.6122e-05, 7.9232e-05, 5.1525e-05, 3.9458e-05,
        2.5455e-05, 7.5810e-06, 8.7239e-05, 1.4641e-05, 1.5547e-04, 1.2357e-04,
        4.7444e-05, 5.3449e-05, 1.8109e-06, 1.9170e-05, 3.3056e-05, 7.0921e-05,
        9.1673e-05, 3.0800e-05, 8.5466e-05, 5.2902e-05, 1.3715e-04, 5.4761e-05,
        1.0080e-04, 7.6761e-05, 9.2829e-05, 5.2588e-05, 1.0972e-04, 6.5270e-05,
        3.9158e-05, 8.3620e-05, 1.6936e-04, 8.2654e-05, 6.7242e-05, 1.2130e-06,
        1.0359e-04, 2.7626e-05, 7.0146e-05, 6.1034e-06, 5.9614e-05, 8.1680e-05,
        6.2313e-05, 1.0677e-05, 7.0653e-05, 2.8748e-05, 7.9798e-06, 2.4434e-05,
        7.1428e-05, 8.3796e-05, 3.4882e-05, 5.6482e-05, 7.9835e-07],
       grad_fn=<CatBackward>)

mean_overall=tensor(6.5729e-05, grad_fn=<MeanBackward0>)

-----------------------------------------------ITERATION120-----------------------------------------------

final_causality=[[1, 1, 1, 1, 1, 1, 1, 1, 1, 1, 1, 1, 1], [1, 1, 1, 1, 1, 1, 1, 1, 1, 1, 1, 1, 1, 1, 1, 1, 1, 1, 1, 1, 1, 1, 1, 1, 1, 1, 1, 1, 1, 1, 1, 1, 1, 1, 1, 1, 1, 1, 1, 1, 1, 1, 1, 1, 1, 1, 1, 1, 1, 1], [1, 1, 1, 1, 1, 1, 1, 1, 1, 1, 1, 1, 1, 1, 1, 1, 1, 1, 1, 1, 1, 1, 1, 1, 1, 1, 1, 1, 1, 1, 1, 1, 1, 1, 1, 1, 1, 1, 1, 1, 1, 1, 1, 1, 1, 1, 1, 1, 1, 1]]

means=tensor([1.9172e-04, 1.3878e-17, 1.2537e-04, 1.3878e-17, 2.5066e-04, 5.0930e-05,
        1.3046e-04, 5.6371e-05, 2.4164e-05, 4.3478e-04, 3.3461e-06, 1.4556e-04,
        9.1677e-05, 1.2749e-04, 8.1338e-05, 5.5250e-05, 1.6576e-04, 5.7224e-05,
        6.2021e-06, 6.9331e-05, 5.9749e-05, 9.4198e-05, 1.9129e-05, 2.3365e-05,
        4.8037e-05, 5.5132e-05, 1.5503e-05, 1.1945e-04, 3.3789e-06, 1.9833e-05,
        5.7978e-05, 2.0544e-05, 1.1410e-05, 1.3482e-06, 1.9214e-05, 1.2303e-05,
        5.1468e-05, 1.3691e-05, 9.8212e-05, 3.7549e-07, 3.6838e-05, 5.5079e-05,
        1.5711e-05, 1.1090e-04, 5.2406e-05, 7.0491e-05, 9.4586e-05, 1.1055e-04,
        4.0223e-05, 6.5088e-05, 6.1634e-05, 1.4919e-04, 2.5297e-05, 6.9887e-05,
        7.0377e-05, 4.5658e-05, 1.9016e-06, 9.2159e-05, 2.7883e-05, 1.2819e-04,
        1.7197e-04, 1.1128e-04, 1.6179e-05, 7.8902e-05, 5.1432e-05, 3.9536e-05,
        2.5421e-05, 7.5413e-06, 8.7195e-05, 1.4677e-05, 1.5505e-04, 1.2412e-04,
        4.7469e-05, 5.3425e-05, 1.7845e-06, 1.9080e-05, 3.3158e-05, 7.0681e-05,
        9.1370e-05, 3.0799e-05, 8.5512e-05, 5.3003e-05, 1.3714e-04, 5.4783e-05,
        1.0062e-04, 7.6268e-05, 9.2789e-05, 5.2477e-05, 1.0945e-04, 6.5090e-05,
        3.9089e-05, 8.3716e-05, 1.6932e-04, 8.2641e-05, 6.7387e-05, 1.1749e-06,
        1.0362e-04, 2.7505e-05, 7.0082e-05, 6.0882e-06, 5.9585e-05, 8.1745e-05,
        6.2459e-05, 1.0657e-05, 7.0706e-05, 2.8720e-05, 7.9547e-06, 2.4379e-05,
        7.1622e-05, 8.3391e-05, 3.4985e-05, 5.6526e-05, 8.3256e-07],
       grad_fn=<CatBackward>)

mean_overall=tensor(6.5826e-05, grad_fn=<MeanBackward0>)

-----------------------------------------------ITERATION130-----------------------------------------------

final_causality=[[1, 1, 1, 1, 1, 1, 1, 1, 1, 1, 1, 1, 1], [1, 1, 1, 1, 1, 1, 1, 1, 1, 1, 1, 1, 1, 1, 1, 1, 1, 1, 1, 1, 1, 1, 1, 1, 1, 1, 1, 1, 1, 1, 1, 1, 1, 1, 1, 1, 1, 1, 1, 1, 1, 1, 1, 1, 1, 1, 1, 1, 1, 1], [1, 1, 1, 1, 1, 1, 1, 1, 1, 1, 1, 1, 1, 1, 1, 1, 1, 1, 1, 1, 1, 1, 1, 1, 1, 1, 1, 1, 1, 1, 1, 1, 1, 1, 1, 1, 1, 1, 1, 1, 1, 1, 1, 1, 1, 1, 1, 1, 1, 1]]

means=tensor([1.9972e-04, 0.0000e+00, 1.2443e-04, 0.0000e+00, 2.5083e-04, 5.1583e-05,
        1.3052e-04, 5.8098e-05, 2.3021e-05, 4.3286e-04, 3.3504e-06, 1.4569e-04,
        9.5118e-05, 1.2723e-04, 8.1079e-05, 5.5540e-05, 1.6580e-04, 5.7368e-05,
        6.0237e-06, 6.9490e-05, 5.9662e-05, 9.4455e-05, 1.9191e-05, 2.3288e-05,
        4.7632e-05, 5.5561e-05, 1.5598e-05, 1.1976e-04, 3.3935e-06, 1.9776e-05,
        5.8116e-05, 2.0469e-05, 1.1490e-05, 1.2920e-06, 1.9414e-05, 1.2306e-05,
        5.1239e-05, 1.3734e-05, 9.8004e-05, 4.0437e-07, 3.6649e-05, 5.4643e-05,
        1.5681e-05, 1.1074e-04, 5.2408e-05, 7.0294e-05, 9.4463e-05, 1.1030e-04,
        4.0321e-05, 6.4641e-05, 6.1741e-05, 1.4954e-04, 2.5128e-05, 7.0041e-05,
        7.0520e-05, 4.5669e-05, 1.8754e-06, 9.1829e-05, 2.8109e-05, 1.2869e-04,
        1.7255e-04, 1.1111e-04, 1.6172e-05, 7.8537e-05, 5.1356e-05, 3.9613e-05,
        2.5409e-05, 7.5352e-06, 8.7199e-05, 1.4696e-05, 1.5460e-04, 1.2480e-04,
        4.7465e-05, 5.3410e-05, 1.7895e-06, 1.9014e-05, 3.3308e-05, 7.0346e-05,
        9.1027e-05, 3.0836e-05, 8.5515e-05, 5.3103e-05, 1.3710e-04, 5.4764e-05,
        1.0039e-04, 7.5725e-05, 9.2775e-05, 5.2373e-05, 1.0912e-04, 6.4847e-05,
        3.9036e-05, 8.3858e-05, 1.6922e-04, 8.2589e-05, 6.7533e-05, 1.1710e-06,
        1.0369e-04, 2.7401e-05, 7.0013e-05, 6.1007e-06, 5.9503e-05, 8.1807e-05,
        6.2687e-05, 1.0664e-05, 7.0727e-05, 2.8719e-05, 7.9458e-06, 2.4283e-05,
        7.1888e-05, 8.2989e-05, 3.5068e-05, 5.6630e-05, 8.3976e-07],
       grad_fn=<CatBackward>)

mean_overall=tensor(6.5900e-05, grad_fn=<MeanBackward0>)

-----------------------------------------------ITERATION140-----------------------------------------------

final_causality=[[1, 1, 1, 1, 1, 1, 1, 1, 1, 1, 1, 1, 1], [1, 1, 1, 1, 1, 1, 1, 1, 1, 1, 1, 1, 1, 1, 1, 1, 1, 1, 1, 1, 1, 1, 1, 1, 1, 1, 1, 1, 1, 1, 1, 1, 1, 1, 1, 1, 1, 1, 1, 1, 1, 1, 1, 1, 1, 1, 1, 1, 1, 1], [1, 1, 1, 1, 1, 1, 1, 1, 1, 1, 1, 1, 1, 1, 1, 1, 1, 1, 1, 1, 1, 1, 1, 1, 1, 1, 1, 1, 1, 1, 1, 1, 1, 1, 1, 1, 1, 1, 1, 1, 1, 1, 1, 1, 1, 1, 1, 1, 1, 1]]

means=tensor([2.0815e-04, 0.0000e+00, 1.2340e-04, 0.0000e+00, 2.5088e-04, 5.2227e-05,
        1.3059e-04, 5.9860e-05, 2.1719e-05, 4.3071e-04, 3.2561e-06, 1.4570e-04,
        9.8824e-05, 1.2693e-04, 8.0844e-05, 5.5823e-05, 1.6582e-04, 5.7491e-05,
        5.7929e-06, 6.9643e-05, 5.9547e-05, 9.4750e-05, 1.9281e-05, 2.3180e-05,
        4.7166e-05, 5.5947e-05, 1.5684e-05, 1.2005e-04, 3.4344e-06, 1.9684e-05,
        5.8226e-05, 2.0419e-05, 1.1598e-05, 1.2973e-06, 1.9603e-05, 1.2343e-05,
        5.1035e-05, 1.3826e-05, 9.7739e-05, 4.7326e-07, 3.6424e-05, 5.4149e-05,
        1.5620e-05, 1.1051e-04, 5.2458e-05, 7.0133e-05, 9.4328e-05, 1.1001e-04,
        4.0455e-05, 6.4131e-05, 6.1816e-05, 1.4987e-04, 2.4920e-05, 7.0174e-05,
        7.0710e-05, 4.5722e-05, 1.8743e-06, 9.1455e-05, 2.8309e-05, 1.2925e-04,
        1.7316e-04, 1.1098e-04, 1.6149e-05, 7.8152e-05, 5.1284e-05, 3.9693e-05,
        2.5402e-05, 7.5367e-06, 8.7214e-05, 1.4712e-05, 1.5412e-04, 1.2553e-04,
        4.7455e-05, 5.3396e-05, 1.8018e-06, 1.8951e-05, 3.3473e-05, 6.9980e-05,
        9.0664e-05, 3.0882e-05, 8.5508e-05, 5.3204e-05, 1.3706e-04, 5.4736e-05,
        1.0014e-04, 7.5155e-05, 9.2766e-05, 5.2269e-05, 1.0877e-04, 6.4584e-05,
        3.8985e-05, 8.4015e-05, 1.6911e-04, 8.2525e-05, 6.7683e-05, 1.1749e-06,
        1.0378e-04, 2.7297e-05, 7.0015e-05, 6.1200e-06, 5.9407e-05, 8.1871e-05,
        6.2940e-05, 1.0677e-05, 7.0740e-05, 2.8723e-05, 7.9405e-06, 2.4175e-05,
        7.2178e-05, 8.2578e-05, 3.5150e-05, 5.6751e-05, 8.4088e-07],
       grad_fn=<CatBackward>)

mean_overall=tensor(6.5971e-05, grad_fn=<MeanBackward0>)

-----------------------------------------------ITERATION150-----------------------------------------------

final_causality=[[1, 1, 1, 1, 1, 1, 1, 1, 1, 1, 1, 1, 1], [1, 1, 1, 1, 1, 1, 1, 1, 1, 1, 1, 1, 1, 1, 1, 1, 1, 1, 1, 1, 1, 1, 1, 1, 1, 1, 1, 1, 1, 1, 1, 1, 1, 1, 1, 1, 1, 1, 1, 1, 1, 1, 1, 1, 1, 1, 1, 1, 1, 1], [1, 1, 1, 1, 1, 1, 1, 1, 1, 1, 1, 1, 1, 1, 1, 1, 1, 1, 1, 1, 1, 1, 1, 1, 1, 1, 1, 1, 1, 1, 1, 1, 1, 1, 1, 1, 1, 1, 1, 1, 1, 1, 1, 1, 1, 1, 1, 1, 1, 1]]

means=tensor([2.1665e-04, 0.0000e+00, 1.2241e-04, 0.0000e+00, 2.5115e-04, 5.2951e-05,
        1.3066e-04, 6.1738e-05, 2.0570e-05, 4.2874e-04, 3.3267e-06, 1.4593e-04,
        1.0246e-04, 1.2666e-04, 8.0544e-05, 5.6154e-05, 1.6587e-04, 5.7667e-05,
        5.6312e-06, 6.9823e-05, 5.9471e-05, 9.5010e-05, 1.9331e-05, 2.3119e-05,
        4.6772e-05, 5.6462e-05, 1.5801e-05, 1.2040e-04, 3.4336e-06, 1.9646e-05,
        5.8403e-05, 2.0320e-05, 1.1668e-05, 1.1958e-06, 1.9837e-05, 1.2325e-05,
        5.0767e-05, 1.3841e-05, 9.7550e-05, 4.7857e-07, 3.6243e-05, 5.3718e-05,
        1.5609e-05, 1.1039e-04, 5.2429e-05, 6.9894e-05, 9.4237e-05, 1.0977e-04,
        4.0541e-05, 6.3687e-05, 6.1957e-05, 1.5026e-04, 2.4766e-05, 7.0363e-05,
        7.0839e-05, 4.5707e-05, 1.8290e-06, 9.1124e-05, 2.8582e-05, 1.2976e-04,
        1.7380e-04, 1.1076e-04, 1.6151e-05, 7.7764e-05, 5.1202e-05, 3.9776e-05,
        2.5386e-05, 7.5251e-06, 8.7212e-05, 1.4735e-05, 1.5364e-04, 1.2624e-04,
        4.7456e-05, 5.3379e-05, 1.8024e-06, 1.8876e-05, 3.3628e-05, 6.9634e-05,
        9.0301e-05, 3.0916e-05, 8.5518e-05, 5.3311e-05, 1.3702e-04, 5.4723e-05,
        9.9901e-05, 7.4576e-05, 9.2747e-05, 5.2155e-05, 1.0842e-04, 6.4332e-05,
        3.8924e-05, 8.4162e-05, 1.6902e-04, 8.2475e-05, 6.7838e-05, 1.1656e-06,
        1.0385e-04, 2.7181e-05, 7.0026e-05, 6.1293e-06, 5.9328e-05, 8.1939e-05,
        6.3174e-05, 1.0681e-05, 7.0768e-05, 2.8718e-05, 7.9285e-06, 2.4078e-05,
        7.2454e-05, 8.2145e-05, 3.5244e-05, 5.6855e-05, 8.5271e-07],
       grad_fn=<CatBackward>)

mean_overall=tensor(6.6056e-05, grad_fn=<MeanBackward0>)

-----------------------------------------------ITERATION160-----------------------------------------------

final_causality=[[1, 1, 1, 1, 1, 1, 1, 1, 1, 1, 1, 1, 1], [1, 1, 1, 1, 1, 1, 1, 1, 1, 1, 1, 1, 1, 1, 1, 1, 1, 1, 1, 1, 1, 1, 1, 1, 1, 1, 1, 1, 1, 1, 1, 1, 1, 1, 1, 1, 1, 1, 1, 1, 1, 1, 1, 1, 1, 1, 1, 1, 1, 1], [1, 1, 1, 1, 1, 1, 1, 1, 1, 1, 1, 1, 1, 1, 1, 1, 1, 1, 1, 1, 1, 1, 1, 1, 1, 1, 1, 1, 1, 1, 1, 1, 1, 1, 1, 1, 1, 1, 1, 1, 1, 1, 1, 1, 1, 1, 1, 1, 1, 1]]

means=tensor([2.2540e-04, 1.3878e-17, 1.2140e-04, 1.3878e-17, 2.5147e-04, 5.3709e-05,
        1.3072e-04, 6.3686e-05, 1.9415e-05, 4.2674e-04, 3.4266e-06, 1.4620e-04,
        1.0618e-04, 1.2639e-04, 8.0225e-05, 5.6503e-05, 1.6594e-04, 5.7857e-05,
        5.4765e-06, 7.0014e-05, 5.9401e-05, 9.5271e-05, 1.9376e-05, 2.3110e-05,
        4.6382e-05, 5.7018e-05, 1.5927e-05, 1.2077e-04, 3.4259e-06, 1.9617e-05,
        5.8598e-05, 2.0211e-05, 1.1734e-05, 1.0743e-06, 2.0087e-05, 1.2298e-05,
        5.0480e-05, 1.3845e-05, 9.7369e-05, 4.7343e-07, 3.6066e-05, 5.3287e-05,
        1.5607e-05, 1.1029e-04, 5.2387e-05, 6.9636e-05, 9.4152e-05, 1.0952e-04,
        4.0622e-05, 6.3244e-05, 6.2113e-05, 1.5066e-04, 2.4618e-05, 7.0568e-05,
        7.0962e-05, 4.5680e-05, 1.7752e-06, 9.0792e-05, 2.8878e-05, 1.3028e-04,
        1.7447e-04, 1.1052e-04, 1.6158e-05, 7.7365e-05, 5.1118e-05, 3.9862e-05,
        2.5367e-05, 7.5110e-06, 8.7207e-05, 1.4760e-05, 1.5314e-04, 1.2697e-04,
        4.7459e-05, 5.3360e-05, 1.8011e-06, 1.8797e-05, 3.3785e-05, 6.9282e-05,
        8.9928e-05, 3.0949e-05, 8.5531e-05, 5.3422e-05, 1.3699e-04, 5.4713e-05,
        9.9656e-05, 7.3981e-05, 9.2725e-05, 5.2038e-05, 1.0806e-04, 6.4074e-05,
        3.8861e-05, 8.4312e-05, 1.6893e-04, 8.2425e-05, 6.7999e-05, 1.1539e-06,
        1.0392e-04, 2.7061e-05, 7.0039e-05, 6.1371e-06, 5.9250e-05, 8.2010e-05,
        6.3411e-05, 1.0682e-05, 7.0799e-05, 2.8710e-05, 7.9151e-06, 2.3980e-05,
        7.2735e-05, 8.1698e-05, 3.5342e-05, 5.6959e-05, 8.6661e-07],
       grad_fn=<CatBackward>)

mean_overall=tensor(6.6146e-05, grad_fn=<MeanBackward0>)

-----------------------------------------------ITERATION170-----------------------------------------------

final_causality=[[1, 1, 1, 1, 1, 1, 1, 1, 1, 1, 1, 1, 1], [1, 1, 1, 1, 1, 1, 1, 1, 1, 1, 1, 1, 1, 1, 1, 1, 1, 1, 1, 1, 1, 1, 1, 1, 1, 1, 1, 1, 1, 1, 1, 1, 1, 1, 1, 1, 1, 1, 1, 1, 1, 1, 1, 1, 1, 1, 1, 1, 1, 1], [1, 1, 1, 1, 1, 1, 1, 1, 1, 1, 1, 1, 1, 1, 1, 1, 1, 1, 1, 1, 1, 1, 1, 1, 1, 1, 1, 1, 1, 1, 1, 1, 1, 1, 1, 1, 1, 1, 1, 1, 1, 1, 1, 1, 1, 1, 1, 1, 1, 1]]

means=tensor([2.3449e-04, 1.3878e-17, 1.2032e-04, 1.3878e-17, 2.5171e-04, 5.4466e-05,
        1.3080e-04, 6.5674e-05, 1.8148e-05, 4.2459e-04, 3.4634e-06, 1.4638e-04,
        1.1011e-04, 1.2610e-04, 7.9920e-05, 5.6853e-05, 1.6599e-04, 5.8036e-05,
        5.2867e-06, 7.0202e-05, 5.9311e-05, 9.5560e-05, 1.9440e-05, 2.3173e-05,
        4.5953e-05, 5.7554e-05, 1.6049e-05, 1.2114e-04, 3.4351e-06, 1.9566e-05,
        5.8778e-05, 2.0118e-05, 1.1819e-05, 9.9155e-07, 2.0335e-05, 1.2293e-05,
        5.0207e-05, 1.3880e-05, 9.7150e-05, 4.9407e-07, 3.5865e-05, 5.2818e-05,
        1.5585e-05, 1.1014e-04, 5.2376e-05, 6.9398e-05, 9.4046e-05, 1.0925e-04,
        4.0726e-05, 6.2758e-05, 6.2250e-05, 1.5106e-04, 2.4445e-05, 7.0762e-05,
        7.1118e-05, 4.5680e-05, 1.7371e-06, 9.0429e-05, 2.9162e-05, 1.3084e-04,
        1.7516e-04, 1.1031e-04, 1.6155e-05, 7.6952e-05, 5.1035e-05, 3.9951e-05,
        2.5351e-05, 7.5016e-06, 8.7210e-05, 1.4784e-05, 1.5263e-04, 1.2774e-04,
        4.7457e-05, 5.3342e-05, 1.8045e-06, 1.8720e-05, 3.3954e-05, 6.8908e-05,
        8.9541e-05, 3.0989e-05, 8.5537e-05, 5.3535e-05, 1.3695e-04, 5.4698e-05,
        9.9396e-05, 7.3363e-05, 9.2706e-05, 5.1918e-05, 1.0768e-04, 6.3801e-05,
        3.8799e-05, 8.4473e-05, 1.6882e-04, 8.2368e-05, 6.8162e-05, 1.1472e-06,
        1.0400e-04, 2.6940e-05, 7.0048e-05, 6.1494e-06, 5.9162e-05, 8.2083e-05,
        6.3668e-05, 1.0688e-05, 7.0826e-05, 2.8707e-05, 7.9039e-06, 2.3873e-05,
        7.3034e-05, 8.1240e-05, 3.5440e-05, 5.7075e-05, 8.7667e-07],
       grad_fn=<CatBackward>)

mean_overall=tensor(6.6237e-05, grad_fn=<MeanBackward0>)

-----------------------------------------------ITERATION180-----------------------------------------------

final_causality=[[1, 1, 1, 1, 1, 1, 1, 1, 1, 1, 1, 1, 1], [1, 1, 1, 1, 1, 1, 1, 1, 1, 1, 1, 1, 1, 1, 1, 1, 1, 1, 1, 1, 1, 1, 1, 1, 1, 1, 1, 1, 1, 1, 1, 1, 1, 1, 1, 1, 1, 1, 1, 1, 1, 1, 1, 1, 1, 1, 1, 1, 1, 1], [1, 1, 1, 1, 1, 1, 1, 1, 1, 1, 1, 1, 1, 1, 1, 1, 1, 1, 1, 1, 1, 1, 1, 1, 1, 1, 1, 1, 1, 1, 1, 1, 1, 1, 1, 1, 1, 1, 1, 1, 1, 1, 1, 1, 1, 1, 1, 1, 1, 1]]

means=tensor([2.4385e-04, 0.0000e+00, 1.1921e-04, 0.0000e+00, 2.5197e-04, 5.5244e-05,
        1.3088e-04, 6.7719e-05, 1.6844e-05, 4.2237e-04, 3.4992e-06, 1.4657e-04,
        1.1417e-04, 1.2579e-04, 7.9607e-05, 5.7216e-05, 1.6604e-04, 5.8221e-05,
        5.0904e-06, 7.0396e-05, 5.9218e-05, 9.5860e-05, 1.9508e-05, 2.3238e-05,
        4.5514e-05, 5.8112e-05, 1.6177e-05, 1.2152e-04, 3.4452e-06, 1.9513e-05,
        5.8965e-05, 2.0022e-05, 1.1908e-05, 9.0830e-07, 2.0592e-05, 1.2287e-05,
        4.9927e-05, 1.3917e-05, 9.6925e-05, 5.1613e-07, 3.5658e-05, 5.2339e-05,
        1.5562e-05, 1.0999e-04, 5.2365e-05, 6.9155e-05, 9.3938e-05, 1.0896e-04,
        4.0835e-05, 6.2260e-05, 6.2390e-05, 1.5148e-04, 2.4270e-05, 7.0963e-05,
        7.1279e-05, 4.5682e-05, 1.6986e-06, 9.0057e-05, 2.9456e-05, 1.3143e-04,
        1.7586e-04, 1.1010e-04, 1.6152e-05, 7.6527e-05, 5.0951e-05, 4.0041e-05,
        2.5335e-05, 7.4922e-06, 8.7213e-05, 1.4807e-05, 1.5210e-04, 1.2853e-04,
        4.7455e-05, 5.3324e-05, 1.8083e-06, 1.8640e-05, 3.4127e-05, 6.8524e-05,
        8.9143e-05, 3.1029e-05, 8.5543e-05, 5.3651e-05, 1.3692e-04, 5.4683e-05,
        9.9129e-05, 7.2728e-05, 9.2687e-05, 5.1795e-05, 1.0730e-04, 6.3519e-05,
        3.8734e-05, 8.4638e-05, 1.6872e-04, 8.2309e-05, 6.8329e-05, 1.1405e-06,
        1.0409e-04, 2.6815e-05, 7.0058e-05, 6.1621e-06, 5.9072e-05, 8.2158e-05,
        6.3932e-05, 1.0694e-05, 7.0854e-05, 2.8703e-05, 7.8925e-06, 2.3764e-05,
        7.3341e-05, 8.0771e-05, 3.5541e-05, 5.7194e-05, 8.8707e-07],
       grad_fn=<CatBackward>)

mean_overall=tensor(6.6331e-05, grad_fn=<MeanBackward0>)

-----------------------------------------------ITERATION190-----------------------------------------------

final_causality=[[1, 1, 1, 1, 1, 1, 1, 1, 1, 1, 1, 1, 1], [1, 1, 1, 1, 1, 1, 1, 1, 1, 1, 1, 1, 1, 1, 1, 1, 1, 1, 1, 1, 1, 1, 1, 1, 1, 1, 1, 1, 1, 1, 1, 1, 1, 1, 1, 1, 1, 1, 1, 1, 1, 1, 1, 1, 1, 1, 1, 1, 1, 1], [1, 1, 1, 1, 1, 1, 1, 1, 1, 1, 1, 1, 1, 1, 1, 1, 1, 1, 1, 1, 1, 1, 1, 1, 1, 1, 1, 1, 1, 1, 1, 1, 1, 1, 1, 1, 1, 1, 1, 1, 1, 1, 1, 1, 1, 1, 1, 1, 1, 1]]

means=tensor([2.5342e-04, 0.0000e+00, 1.1807e-04, 0.0000e+00, 2.5226e-04, 5.6051e-05,
        1.3096e-04, 6.9828e-05, 1.5532e-05, 4.2012e-04, 3.5595e-06, 1.4680e-04,
        1.1832e-04, 1.2549e-04, 7.9279e-05, 5.7596e-05, 1.6610e-04, 5.8419e-05,
        4.8996e-06, 7.0599e-05, 5.9130e-05, 9.6162e-05, 1.9571e-05, 2.3311e-05,
        4.5080e-05, 5.8707e-05, 1.6314e-05, 1.2192e-04, 3.4497e-06, 1.9467e-05,
        5.9169e-05, 1.9918e-05, 1.1994e-05, 8.0828e-07, 2.0866e-05, 1.2275e-05,
        4.9631e-05, 1.3944e-05, 9.6708e-05, 5.2953e-07, 3.5454e-05, 5.1861e-05,
        1.5547e-05, 1.0985e-04, 5.2344e-05, 6.8896e-05, 9.3834e-05, 1.0868e-04,
        4.0940e-05, 6.1764e-05, 6.2544e-05, 1.5191e-04, 2.4100e-05, 7.1179e-05,
        7.1437e-05, 4.5674e-05, 1.6529e-06, 8.9684e-05, 2.9772e-05, 1.3203e-04,
        1.7659e-04, 1.0987e-04, 1.6154e-05, 7.6093e-05, 5.0866e-05, 4.0134e-05,
        2.5317e-05, 7.4808e-06, 8.7214e-05, 1.4833e-05, 1.5155e-04, 1.2934e-04,
        4.7455e-05, 5.3305e-05, 1.8104e-06, 1.8557e-05, 3.4304e-05, 6.8134e-05,
        8.8736e-05, 3.1069e-05, 8.5551e-05, 5.3770e-05, 1.3688e-04, 5.4670e-05,
        9.8858e-05, 7.2078e-05, 9.2666e-05, 5.1668e-05, 1.0690e-04, 6.3233e-05,
        3.8667e-05, 8.4807e-05, 1.6861e-04, 8.2251e-05, 6.8500e-05, 1.1318e-06,
        1.0417e-04, 2.6685e-05, 7.0068e-05, 6.1737e-06, 5.8983e-05, 8.2236e-05,
        6.4199e-05, 1.0699e-05, 7.0885e-05, 2.8697e-05, 7.8799e-06, 2.3654e-05,
        7.3678e-05, 8.0289e-05, 3.5646e-05, 5.7314e-05, 8.9939e-07],
       grad_fn=<CatBackward>)

mean_overall=tensor(6.6430e-05, grad_fn=<MeanBackward0>)

-----------------------------------------------ITERATION200-----------------------------------------------

final_causality=[[1, 1, 1, 1, 1, 1, 1, 1, 1, 1, 1, 1, 1], [1, 1, 1, 1, 1, 1, 1, 1, 1, 1, 1, 1, 1, 1, 1, 1, 1, 1, 1, 1, 1, 1, 1, 1, 1, 1, 1, 1, 1, 1, 1, 1, 1, 1, 1, 1, 1, 1, 1, 1, 1, 1, 1, 1, 1, 1, 1, 1, 1, 1], [1, 1, 1, 1, 1, 1, 1, 1, 1, 1, 1, 1, 1, 1, 1, 1, 1, 1, 1, 1, 1, 1, 1, 1, 1, 1, 1, 1, 1, 1, 1, 1, 1, 1, 1, 1, 1, 1, 1, 1, 1, 1, 1, 1, 1, 1, 1, 1, 1, 1]]

means=tensor([2.6325e-04, 1.3878e-17, 1.1690e-04, 1.3878e-17, 2.5256e-04, 5.6875e-05,
        1.3105e-04, 7.1991e-05, 1.4182e-05, 4.1781e-04, 3.6160e-06, 1.4702e-04,
        1.2260e-04, 1.2517e-04, 7.8946e-05, 5.7989e-05, 1.6617e-04, 5.8623e-05,
        4.7014e-06, 7.0808e-05, 5.9038e-05, 9.6474e-05, 1.9639e-05, 2.3385e-05,
        4.4638e-05, 5.9322e-05, 1.6510e-05, 1.2233e-04, 3.4559e-06, 1.9420e-05,
        5.9379e-05, 1.9814e-05, 1.2085e-05, 7.0964e-07, 2.1150e-05, 1.2263e-05,
        4.9329e-05, 1.3975e-05, 9.6483e-05, 5.4535e-07, 3.5244e-05, 5.1374e-05,
        1.5530e-05, 1.0972e-04, 5.2325e-05, 6.8632e-05, 9.3727e-05, 1.0839e-04,
        4.1050e-05, 6.1255e-05, 6.2701e-05, 1.5235e-04, 2.3928e-05, 7.1401e-05,
        7.1602e-05, 4.5668e-05, 1.6076e-06, 8.9301e-05, 3.0098e-05, 1.3265e-04,
        1.7735e-04, 1.0964e-04, 1.6154e-05, 7.5648e-05, 5.0815e-05, 4.0230e-05,
        2.5299e-05, 7.4695e-06, 8.7217e-05, 1.4859e-05, 1.5099e-04, 1.3017e-04,
        4.7454e-05, 5.3286e-05, 1.8130e-06, 1.8472e-05, 3.4485e-05, 6.7734e-05,
        8.8320e-05, 3.1110e-05, 8.5559e-05, 5.3891e-05, 1.3685e-04, 5.4657e-05,
        9.8579e-05, 7.1411e-05, 9.2645e-05, 5.1538e-05, 1.0649e-04, 6.2938e-05,
        3.8598e-05, 8.4980e-05, 1.6850e-04, 8.2191e-05, 6.8674e-05, 1.1235e-06,
        1.0426e-04, 2.6553e-05, 7.0079e-05, 6.1859e-06, 5.8891e-05, 8.2317e-05,
        6.4475e-05, 1.0704e-05, 7.0917e-05, 2.8692e-05, 7.8672e-06, 2.3541e-05,
        7.4055e-05, 7.9795e-05, 3.5753e-05, 5.7439e-05, 9.1164e-07],
       grad_fn=<CatBackward>)

mean_overall=tensor(6.6534e-05, grad_fn=<MeanBackward0>)

-----------------------------------------------ITERATION210-----------------------------------------------

final_causality=[[1, 1, 1, 1, 1, 1, 1, 1, 1, 1, 1, 1, 1], [1, 1, 1, 1, 1, 1, 1, 1, 1, 1, 1, 1, 1, 1, 1, 1, 1, 1, 1, 1, 1, 1, 1, 1, 1, 1, 1, 1, 1, 1, 1, 1, 1, 1, 1, 1, 1, 1, 1, 1, 1, 1, 1, 1, 1, 1, 1, 1, 1, 1], [1, 1, 1, 1, 1, 1, 1, 1, 1, 1, 1, 1, 1, 1, 1, 1, 1, 1, 1, 1, 1, 1, 1, 1, 1, 1, 1, 1, 1, 1, 1, 1, 1, 1, 1, 1, 1, 1, 1, 1, 1, 1, 1, 1, 1, 1, 1, 1, 1, 1]]

means=tensor([2.7332e-04, 0.0000e+00, 1.1569e-04, 0.0000e+00, 2.5286e-04, 5.7716e-05,
        1.3115e-04, 7.4204e-05, 1.2791e-05, 4.1542e-04, 3.6652e-06, 1.4724e-04,
        1.2700e-04, 1.2485e-04, 7.8608e-05, 5.8486e-05, 1.6623e-04, 5.8831e-05,
        4.4945e-06, 7.1021e-05, 5.8942e-05, 9.6798e-05, 1.9711e-05, 2.3458e-05,
        4.4186e-05, 5.9955e-05, 1.6750e-05, 1.2275e-04, 3.4646e-06, 1.9369e-05,
        5.9595e-05, 1.9709e-05, 1.2180e-05, 6.1472e-07, 2.1443e-05, 1.2254e-05,
        4.9023e-05, 1.4011e-05, 9.6250e-05, 5.6493e-07, 3.5028e-05, 5.0876e-05,
        1.5511e-05, 1.0958e-04, 5.2311e-05, 6.8367e-05, 9.3616e-05, 1.0810e-04,
        4.1166e-05, 6.0733e-05, 6.2859e-05, 1.5281e-04, 2.3751e-05, 7.1628e-05,
        7.1776e-05, 4.5667e-05, 1.5635e-06, 8.8908e-05, 3.0433e-05, 1.3329e-04,
        1.7812e-04, 1.0941e-04, 1.6154e-05, 7.5193e-05, 5.0852e-05, 4.0342e-05,
        2.5280e-05, 7.4586e-06, 8.7220e-05, 1.4885e-05, 1.5042e-04, 1.3102e-04,
        4.7453e-05, 5.3266e-05, 1.8163e-06, 1.8386e-05, 3.4671e-05, 6.7325e-05,
        8.7895e-05, 3.1153e-05, 8.5565e-05, 5.4015e-05, 1.3681e-04, 5.4645e-05,
        9.8292e-05, 7.0728e-05, 9.2624e-05, 5.1406e-05, 1.0607e-04, 6.2635e-05,
        3.8528e-05, 8.5159e-05, 1.6839e-04, 8.2129e-05, 6.8851e-05, 1.1157e-06,
        1.0436e-04, 2.6418e-05, 7.0088e-05, 6.1989e-06, 5.8797e-05, 8.2400e-05,
        6.4759e-05, 1.0710e-05, 7.0949e-05, 2.8687e-05, 7.8547e-06, 2.3424e-05,
        7.4442e-05, 7.9291e-05, 3.5863e-05, 5.7567e-05, 9.2359e-07],
       grad_fn=<CatBackward>)

mean_overall=tensor(6.6642e-05, grad_fn=<MeanBackward0>)

-----------------------------------------------ITERATION220-----------------------------------------------

final_causality=[[1, 1, 1, 1, 1, 1, 1, 1, 1, 1, 1, 1, 1], [1, 1, 1, 1, 1, 1, 1, 1, 1, 1, 1, 1, 1, 1, 1, 1, 1, 1, 1, 1, 1, 1, 1, 1, 1, 1, 1, 1, 1, 1, 1, 1, 1, 1, 1, 1, 1, 1, 1, 1, 1, 1, 1, 1, 1, 1, 1, 1, 1, 1], [1, 1, 1, 1, 1, 1, 1, 1, 1, 1, 1, 1, 1, 1, 1, 1, 1, 1, 1, 1, 1, 1, 1, 1, 1, 1, 1, 1, 1, 1, 1, 1, 1, 1, 1, 1, 1, 1, 1, 1, 1, 1, 1, 1, 1, 1, 1, 1, 1, 1]]

means=tensor([2.8361e-04, 1.3878e-17, 1.1444e-04, 1.3878e-17, 2.5317e-04, 5.8576e-05,
        1.3125e-04, 7.6471e-05, 1.1372e-05, 4.1299e-04, 3.7184e-06, 1.4746e-04,
        1.3152e-04, 1.2452e-04, 7.8262e-05, 5.9055e-05, 1.6630e-04, 5.9047e-05,
        4.2841e-06, 7.1240e-05, 5.8845e-05, 9.7130e-05, 1.9785e-05, 2.3535e-05,
        4.3730e-05, 6.0614e-05, 1.7000e-05, 1.2318e-04, 3.4730e-06, 1.9319e-05,
        5.9820e-05, 1.9602e-05, 1.2278e-05, 5.1639e-07, 2.1748e-05, 1.2245e-05,
        4.8708e-05, 1.4046e-05, 9.6015e-05, 5.8380e-07, 3.4809e-05, 5.0373e-05,
        1.5494e-05, 1.0944e-04, 5.2295e-05, 6.8094e-05, 9.3505e-05, 1.0779e-04,
        4.1285e-05, 6.0204e-05, 6.3023e-05, 1.5327e-04, 2.3575e-05, 7.1864e-05,
        7.1954e-05, 4.5664e-05, 1.5177e-06, 8.8508e-05, 3.0782e-05, 1.3396e-04,
        1.7891e-04, 1.0917e-04, 1.6155e-05, 7.4729e-05, 5.0890e-05, 4.0701e-05,
        2.5261e-05, 7.4473e-06, 8.7224e-05, 1.4912e-05, 1.4983e-04, 1.3189e-04,
        4.7452e-05, 5.3246e-05, 1.8195e-06, 1.8298e-05, 3.4862e-05, 6.6907e-05,
        8.7460e-05, 3.1197e-05, 8.5572e-05, 5.4141e-05, 1.3677e-04, 5.4633e-05,
        9.8000e-05, 7.0030e-05, 9.2602e-05, 5.1270e-05, 1.0564e-04, 6.2326e-05,
        3.8456e-05, 8.5342e-05, 1.6828e-04, 8.2066e-05, 6.9030e-05, 1.1076e-06,
        1.0446e-04, 2.6279e-05, 7.0098e-05, 6.2120e-06, 5.8702e-05, 8.2486e-05,
        6.5049e-05, 1.0716e-05, 7.0983e-05, 2.8682e-05, 7.8417e-06, 2.3305e-05,
        7.4838e-05, 7.8776e-05, 3.5976e-05, 5.7699e-05, 9.3594e-07],
       grad_fn=<CatBackward>)

mean_overall=tensor(6.6757e-05, grad_fn=<MeanBackward0>)

-----------------------------------------------ITERATION230-----------------------------------------------

final_causality=[[1, 1, 1, 1, 1, 1, 1, 1, 1, 1, 1, 1, 1], [1, 1, 1, 1, 1, 1, 1, 1, 1, 1, 1, 1, 1, 1, 1, 1, 1, 1, 1, 1, 1, 1, 1, 1, 1, 1, 1, 1, 1, 1, 1, 1, 1, 1, 1, 1, 1, 1, 1, 1, 1, 1, 1, 1, 1, 1, 1, 1, 1, 1], [1, 1, 1, 1, 1, 1, 1, 1, 1, 1, 1, 1, 1, 1, 1, 1, 1, 1, 1, 1, 1, 1, 1, 1, 1, 1, 1, 1, 1, 1, 1, 1, 1, 1, 1, 1, 1, 1, 1, 1, 1, 1, 1, 1, 1, 1, 1, 1, 1, 1]]

means=tensor([2.9413e-04, 1.3878e-17, 1.1317e-04, 1.3878e-17, 2.5350e-04, 5.9454e-05,
        1.3135e-04, 7.8790e-05, 9.9240e-06, 4.1050e-04, 3.7734e-06, 1.4769e-04,
        1.3614e-04, 1.2418e-04, 7.7910e-05, 5.9642e-05, 1.6637e-04, 5.9270e-05,
        4.0695e-06, 7.1465e-05, 5.8747e-05, 9.7470e-05, 1.9861e-05, 2.3613e-05,
        4.3271e-05, 6.1296e-05, 1.7259e-05, 1.2363e-04, 3.4815e-06, 1.9270e-05,
        6.0054e-05, 1.9493e-05, 1.2379e-05, 4.1607e-07, 2.2064e-05, 1.2234e-05,
        4.8387e-05, 1.4082e-05, 9.5776e-05, 6.0277e-07, 3.4587e-05, 4.9864e-05,
        1.5477e-05, 1.0930e-04, 5.2279e-05, 6.7816e-05, 9.3393e-05, 1.0749e-04,
        4.1406e-05, 5.9668e-05, 6.3191e-05, 1.5375e-04, 2.3398e-05, 7.2109e-05,
        7.2137e-05, 4.5661e-05, 1.4709e-06, 8.8102e-05, 3.1143e-05, 1.3464e-04,
        1.7973e-04, 1.0893e-04, 1.6157e-05, 7.4256e-05, 5.0927e-05, 4.1067e-05,
        2.5241e-05, 7.4357e-06, 8.7229e-05, 1.4940e-05, 1.4923e-04, 1.3278e-04,
        4.7451e-05, 5.3226e-05, 1.8227e-06, 1.8208e-05, 3.5057e-05, 6.6481e-05,
        8.7018e-05, 3.1242e-05, 8.5580e-05, 5.4270e-05, 1.3674e-04, 5.4622e-05,
        9.7701e-05, 6.9317e-05, 9.2579e-05, 5.1131e-05, 1.0520e-04, 6.2009e-05,
        3.8382e-05, 8.5529e-05, 1.6816e-04, 8.2001e-05, 6.9213e-05, 1.0993e-06,
        1.0456e-04, 2.6137e-05, 7.0108e-05, 6.2254e-06, 5.8605e-05, 8.2574e-05,
        6.5347e-05, 1.0721e-05, 7.1018e-05, 2.8677e-05, 7.8285e-06, 2.3184e-05,
        7.5242e-05, 7.8251e-05, 3.6092e-05, 5.7833e-05, 9.4855e-07],
       grad_fn=<CatBackward>)

mean_overall=tensor(6.6875e-05, grad_fn=<MeanBackward0>)

-----------------------------------------------ITERATION240-----------------------------------------------

final_causality=[[1, 1, 1, 1, 1, 1, 1, 1, 1, 1, 1, 1, 1], [1, 1, 1, 1, 1, 1, 1, 1, 1, 1, 1, 1, 1, 1, 1, 1, 1, 1, 1, 1, 1, 1, 1, 1, 1, 1, 1, 1, 1, 1, 1, 1, 1, 1, 1, 1, 1, 1, 1, 1, 1, 1, 1, 1, 1, 1, 1, 1, 1, 1], [1, 1, 1, 1, 1, 1, 1, 1, 1, 1, 1, 1, 1, 1, 1, 1, 1, 1, 1, 1, 1, 1, 1, 1, 1, 1, 1, 1, 1, 1, 1, 1, 1, 1, 1, 1, 1, 1, 1, 1, 1, 1, 1, 1, 1, 1, 1, 1, 1, 1]]

means=tensor([3.0487e-04, 0.0000e+00, 1.1187e-04, 0.0000e+00, 2.5383e-04, 6.0349e-05,
        1.3147e-04, 8.1158e-05, 8.4443e-06, 4.0796e-04, 3.8267e-06, 1.4791e-04,
        1.4088e-04, 1.2384e-04, 7.7553e-05, 6.0248e-05, 1.6644e-04, 5.9499e-05,
        3.8490e-06, 7.1695e-05, 5.8647e-05, 9.7820e-05, 1.9940e-05, 2.3693e-05,
        4.2807e-05, 6.2001e-05, 1.7528e-05, 1.2409e-04, 3.4911e-06, 1.9219e-05,
        6.0296e-05, 1.9382e-05, 1.2484e-05, 3.1621e-07, 2.2392e-05, 1.2225e-05,
        4.8060e-05, 1.4120e-05, 9.5533e-05, 6.2325e-07, 3.4362e-05, 4.9349e-05,
        1.5460e-05, 1.0917e-04, 5.2264e-05, 6.7534e-05, 9.3279e-05, 1.0717e-04,
        4.1532e-05, 5.9123e-05, 6.3363e-05, 1.5424e-04, 2.3220e-05, 7.2360e-05,
        7.2327e-05, 4.5660e-05, 1.4239e-06, 8.7688e-05, 3.1517e-05, 1.3534e-04,
        1.8056e-04, 1.0868e-04, 1.6159e-05, 7.3775e-05, 5.0965e-05, 4.1440e-05,
        2.5221e-05, 7.4241e-06, 8.7234e-05, 1.4968e-05, 1.4862e-04, 1.3368e-04,
        4.7450e-05, 5.3206e-05, 1.8263e-06, 1.8116e-05, 3.5256e-05, 6.6047e-05,
        8.6567e-05, 3.1287e-05, 8.5586e-05, 5.4401e-05, 1.3670e-04, 5.4611e-05,
        9.7396e-05, 6.8590e-05, 9.2556e-05, 5.0989e-05, 1.0475e-04, 6.1686e-05,
        3.8307e-05, 8.5720e-05, 1.6804e-04, 8.1936e-05, 6.9398e-05, 1.0912e-06,
        1.0466e-04, 2.5992e-05, 7.0118e-05, 6.2392e-06, 5.8506e-05, 8.2665e-05,
        6.5651e-05, 1.0727e-05, 7.1054e-05, 2.8671e-05, 7.8153e-06, 2.3116e-05,
        7.5655e-05, 7.7717e-05, 3.6210e-05, 5.7972e-05, 9.6117e-07],
       grad_fn=<CatBackward>)

mean_overall=tensor(6.6997e-05, grad_fn=<MeanBackward0>)

-----------------------------------------------ITERATION250-----------------------------------------------

final_causality=[[1, 1, 1, 1, 1, 1, 1, 1, 1, 1, 1, 1, 1], [1, 1, 1, 1, 1, 1, 1, 1, 1, 1, 1, 1, 1, 1, 1, 1, 1, 1, 1, 1, 1, 1, 1, 1, 1, 1, 1, 1, 1, 1, 1, 1, 1, 1, 1, 1, 1, 1, 1, 1, 1, 1, 1, 1, 1, 1, 1, 1, 1, 1], [1, 1, 1, 1, 1, 1, 1, 1, 1, 1, 1, 1, 1, 1, 1, 1, 1, 1, 1, 1, 1, 1, 1, 1, 1, 1, 1, 1, 1, 1, 1, 1, 1, 1, 1, 1, 1, 1, 1, 1, 1, 1, 1, 1, 1, 1, 1, 1, 1, 1]]

means=tensor([3.1583e-04, 0.0000e+00, 1.1053e-04, 0.0000e+00, 2.5418e-04, 6.1260e-05,
        1.3159e-04, 8.3575e-05, 6.9356e-06, 4.0536e-04, 3.8802e-06, 1.4814e-04,
        1.4573e-04, 1.2349e-04, 7.7190e-05, 6.0872e-05, 1.6651e-04, 5.9734e-05,
        3.6238e-06, 7.1930e-05, 5.8545e-05, 9.8179e-05, 2.0022e-05, 2.3775e-05,
        4.2339e-05, 6.2729e-05, 1.7806e-05, 1.2456e-04, 3.5013e-06, 1.9169e-05,
        6.0547e-05, 1.9271e-05, 1.2591e-05, 2.1567e-07, 2.2732e-05, 1.2216e-05,
        4.7727e-05, 1.4160e-05, 9.5286e-05, 6.4447e-07, 3.4133e-05, 4.8829e-05,
        1.5443e-05, 1.0904e-04, 5.2251e-05, 6.7321e-05, 9.3164e-05, 1.0685e-04,
        4.1661e-05, 5.8571e-05, 6.3539e-05, 1.5474e-04, 2.3042e-05, 7.2620e-05,
        7.2522e-05, 4.5659e-05, 1.3763e-06, 8.7268e-05, 3.1903e-05, 1.3606e-04,
        1.8141e-04, 1.0844e-04, 1.6161e-05, 7.3284e-05, 5.1004e-05, 4.1820e-05,
        2.5200e-05, 7.4124e-06, 8.7240e-05, 1.4997e-05, 1.4799e-04, 1.3461e-04,
        4.7449e-05, 5.3185e-05, 1.8300e-06, 1.8023e-05, 3.5460e-05, 6.5606e-05,
        8.6109e-05, 3.1334e-05, 8.5593e-05, 5.4534e-05, 1.3667e-04, 5.4601e-05,
        9.7085e-05, 6.7848e-05, 9.2532e-05, 5.0845e-05, 1.0429e-04, 6.1356e-05,
        3.8230e-05, 8.5982e-05, 1.6792e-04, 8.1869e-05, 6.9586e-05, 1.0831e-06,
        1.0477e-04, 2.5844e-05, 7.0128e-05, 6.2534e-06, 5.8407e-05, 8.2758e-05,
        6.5962e-05, 1.0733e-05, 7.1090e-05, 2.8666e-05, 7.8018e-06, 2.3059e-05,
        7.6077e-05, 7.7172e-05, 3.6330e-05, 5.8113e-05, 9.7391e-07],
       grad_fn=<CatBackward>)

mean_overall=tensor(6.7125e-05, grad_fn=<MeanBackward0>)

-----------------------------------------------ITERATION260-----------------------------------------------

final_causality=[[1, 1, 1, 1, 1, 1, 1, 1, 1, 1, 1, 1, 1], [1, 1, 1, 1, 1, 1, 1, 1, 1, 1, 1, 1, 1, 1, 1, 1, 1, 1, 1, 1, 1, 1, 1, 1, 1, 1, 1, 1, 1, 1, 1, 1, 1, 1, 1, 1, 1, 1, 1, 1, 1, 1, 1, 1, 1, 1, 1, 1, 1, 1], [1, 1, 1, 1, 1, 1, 1, 1, 1, 1, 1, 1, 1, 1, 1, 1, 1, 1, 1, 1, 1, 1, 1, 1, 1, 1, 1, 1, 1, 1, 1, 1, 1, 1, 1, 1, 1, 1, 1, 1, 1, 1, 1, 1, 1, 1, 1, 1, 1, 1]]

means=tensor([3.2699e-04, 1.3878e-17, 1.0916e-04, 1.3878e-17, 2.5454e-04, 6.2188e-05,
        1.3171e-04, 8.6042e-05, 5.3994e-06, 4.0271e-04, 3.9342e-06, 1.4837e-04,
        1.5069e-04, 1.2313e-04, 7.6822e-05, 6.1514e-05, 1.6659e-04, 5.9976e-05,
        3.3940e-06, 7.2370e-05, 5.8441e-05, 9.8546e-05, 2.0106e-05, 2.3859e-05,
        4.1868e-05, 6.3482e-05, 1.8095e-05, 1.2505e-04, 3.5121e-06, 1.9118e-05,
        6.0806e-05, 1.9158e-05, 1.2702e-05, 1.1422e-07, 2.3083e-05, 1.2208e-05,
        4.7388e-05, 1.4201e-05, 9.5036e-05, 6.6622e-07, 3.3901e-05, 4.8304e-05,
        1.5427e-05, 1.0891e-04, 5.2238e-05, 6.7199e-05, 9.3048e-05, 1.0653e-04,
        4.1793e-05, 5.8013e-05, 6.3719e-05, 1.5524e-04, 2.2864e-05, 7.2887e-05,
        7.2723e-05, 4.5659e-05, 1.3281e-06, 8.6842e-05, 3.2302e-05, 1.3680e-04,
        1.8229e-04, 1.0819e-04, 1.6164e-05, 7.2786e-05, 5.1042e-05, 4.2207e-05,
        2.5179e-05, 7.4006e-06, 8.7247e-05, 1.5027e-05, 1.4735e-04, 1.3555e-04,
        4.7448e-05, 5.3164e-05, 1.8338e-06, 1.7928e-05, 3.5667e-05, 6.5157e-05,
        8.5643e-05, 3.1381e-05, 8.5599e-05, 5.4669e-05, 1.3663e-04, 5.4592e-05,
        9.6768e-05, 6.7093e-05, 9.2508e-05, 5.0698e-05, 1.0382e-04, 6.1019e-05,
        3.8152e-05, 8.6341e-05, 1.6780e-04, 8.1801e-05, 6.9776e-05, 1.0768e-06,
        1.0488e-04, 2.5710e-05, 7.0137e-05, 6.2678e-06, 5.8305e-05, 8.2853e-05,
        6.6279e-05, 1.0740e-05, 7.1129e-05, 2.8660e-05, 7.7882e-06, 2.3114e-05,
        7.6508e-05, 7.6619e-05, 3.6453e-05, 5.8258e-05, 9.8680e-07],
       grad_fn=<CatBackward>)

mean_overall=tensor(6.7260e-05, grad_fn=<MeanBackward0>)

-----------------------------------------------ITERATION270-----------------------------------------------

final_causality=[[1, 1, 1, 1, 1, 1, 1, 1, 1, 1, 1, 1, 1], [1, 1, 1, 1, 1, 1, 1, 1, 1, 1, 1, 1, 1, 1, 1, 1, 1, 1, 1, 1, 1, 1, 1, 1, 1, 1, 1, 1, 1, 1, 1, 1, 1, 1, 1, 1, 1, 1, 1, 1, 1, 1, 1, 1, 1, 1, 1, 1, 1, 1], [1, 1, 1, 1, 1, 1, 1, 1, 1, 1, 1, 1, 1, 1, 1, 1, 1, 1, 1, 1, 1, 1, 1, 1, 1, 1, 1, 1, 1, 1, 1, 1, 1, 1, 1, 1, 1, 1, 1, 1, 1, 1, 1, 1, 1, 1, 1, 1, 1, 1]]

means=tensor([3.3837e-04, 0.0000e+00, 1.0776e-04, 0.0000e+00, 2.5491e-04, 6.3131e-05,
        1.3184e-04, 8.8556e-05, 3.8352e-06, 4.0002e-04, 3.9878e-06, 1.4860e-04,
        1.5576e-04, 1.2277e-04, 7.6449e-05, 6.2175e-05, 1.6671e-04, 6.0225e-05,
        3.1595e-06, 7.2819e-05, 5.8336e-05, 9.8922e-05, 2.0194e-05, 2.3945e-05,
        4.1394e-05, 6.4260e-05, 1.8394e-05, 1.2554e-04, 3.5236e-06, 1.9068e-05,
        6.1074e-05, 1.9044e-05, 1.2816e-05, 1.2597e-08, 2.3447e-05, 1.2199e-05,
        4.7043e-05, 1.4243e-05, 9.4782e-05, 6.8888e-07, 3.3666e-05, 4.7776e-05,
        1.5411e-05, 1.0878e-04, 5.2226e-05, 6.7074e-05, 9.2931e-05, 1.0620e-04,
        4.1929e-05, 5.7448e-05, 6.3904e-05, 1.5577e-04, 2.2686e-05, 7.3163e-05,
        7.2930e-05, 4.5660e-05, 1.2795e-06, 8.6411e-05, 3.2715e-05, 1.3756e-04,
        1.8318e-04, 1.0794e-04, 1.6168e-05, 7.2280e-05, 5.1081e-05, 4.2601e-05,
        2.5158e-05, 7.3887e-06, 8.7254e-05, 1.5057e-05, 1.4670e-04, 1.3651e-04,
        4.7447e-05, 5.3143e-05, 1.8378e-06, 1.7831e-05, 3.5879e-05, 6.4700e-05,
        8.5170e-05, 3.1430e-05, 8.5605e-05, 5.4807e-05, 1.3660e-04, 5.4584e-05,
        9.6446e-05, 6.6324e-05, 9.2483e-05, 5.0548e-05, 1.0347e-04, 6.0676e-05,
        3.8072e-05, 8.6706e-05, 1.6767e-04, 8.1732e-05, 6.9969e-05, 1.0706e-06,
        1.0499e-04, 2.5600e-05, 7.0146e-05, 6.2826e-06, 5.8203e-05, 8.2951e-05,
        6.6603e-05, 1.0746e-05, 7.1168e-05, 2.8655e-05, 7.7744e-06, 2.3169e-05,
        7.6946e-05, 7.6056e-05, 3.6579e-05, 5.8406e-05, 9.9975e-07],
       grad_fn=<CatBackward>)

mean_overall=tensor(6.7401e-05, grad_fn=<MeanBackward0>)

-----------------------------------------------ITERATION280-----------------------------------------------

final_causality=[[1, 1, 1, 1, 1, 1, 1, 1, 1, 1, 1, 1, 1], [1, 1, 1, 1, 1, 1, 1, 1, 1, 1, 1, 1, 1, 1, 1, 1, 1, 1, 1, 1, 1, 1, 1, 1, 1, 1, 1, 1, 1, 1, 1, 1, 1, 1, 1, 1, 1, 1, 1, 1, 1, 1, 1, 1, 1, 1, 1, 1, 1, 1], [1, 1, 1, 1, 1, 1, 1, 1, 1, 1, 1, 1, 1, 1, 1, 1, 1, 1, 1, 1, 1, 1, 1, 1, 1, 1, 1, 1, 1, 1, 1, 1, 1, 1, 1, 1, 1, 1, 1, 1, 1, 1, 1, 1, 1, 1, 1, 1, 1, 1]]

means=tensor([3.4995e-04, 1.3878e-17, 1.0633e-04, 1.3878e-17, 2.5528e-04, 6.4089e-05,
        1.3198e-04, 9.1117e-05, 2.2440e-06, 3.9727e-04, 4.0411e-06, 1.4884e-04,
        1.6093e-04, 1.2240e-04, 7.6071e-05, 6.2855e-05, 1.6688e-04, 6.0481e-05,
        2.9202e-06, 7.3277e-05, 5.8229e-05, 9.9306e-05, 2.0285e-05, 2.4033e-05,
        4.0919e-05, 6.5062e-05, 1.8703e-05, 1.2605e-04, 3.5359e-06, 1.9017e-05,
        6.1351e-05, 1.8928e-05, 1.2934e-05, 8.9192e-08, 2.3823e-05, 1.2191e-05,
        4.6692e-05, 1.4287e-05, 9.4526e-05, 7.1239e-07, 3.3429e-05, 4.7244e-05,
        1.5395e-05, 1.0865e-04, 5.2215e-05, 6.6947e-05, 9.2813e-05, 1.0586e-04,
        4.2069e-05, 5.6877e-05, 6.4092e-05, 1.5630e-04, 2.2509e-05, 7.3446e-05,
        7.3142e-05, 4.5662e-05, 1.2304e-06, 8.5973e-05, 3.3140e-05, 1.3834e-04,
        1.8409e-04, 1.0768e-04, 1.6172e-05, 7.1766e-05, 5.1119e-05, 4.3001e-05,
        2.5148e-05, 7.3767e-06, 8.7263e-05, 1.5087e-05, 1.4603e-04, 1.3749e-04,
        4.7445e-05, 5.3121e-05, 1.8420e-06, 1.7733e-05, 3.6094e-05, 6.4237e-05,
        8.4690e-05, 3.1479e-05, 8.5611e-05, 5.4946e-05, 1.3657e-04, 5.4576e-05,
        9.6118e-05, 6.5543e-05, 9.2458e-05, 5.0395e-05, 1.0407e-04, 6.0327e-05,
        3.7990e-05, 8.7079e-05, 1.6755e-04, 8.1661e-05, 7.0163e-05, 1.0645e-06,
        1.0511e-04, 2.5488e-05, 7.0155e-05, 6.2977e-06, 5.8099e-05, 8.3051e-05,
        6.6933e-05, 1.0752e-05, 7.1208e-05, 2.8649e-05, 7.7605e-06, 2.3226e-05,
        7.7393e-05, 7.5485e-05, 3.6707e-05, 5.8557e-05, 1.0128e-06],
       grad_fn=<CatBackward>)

mean_overall=tensor(6.7556e-05, grad_fn=<MeanBackward0>)

-----------------------------------------------ITERATION290-----------------------------------------------

final_causality=[[1, 1, 1, 1, 1, 1, 1, 1, 1, 1, 1, 1, 1], [1, 1, 1, 1, 1, 1, 1, 1, 1, 1, 1, 1, 1, 1, 1, 1, 1, 1, 1, 1, 1, 1, 1, 1, 1, 1, 1, 1, 1, 1, 1, 1, 1, 1, 1, 1, 1, 1, 1, 1, 1, 1, 1, 1, 1, 1, 1, 1, 1, 1], [1, 1, 1, 1, 1, 1, 1, 1, 1, 1, 1, 1, 1, 1, 1, 1, 1, 1, 1, 1, 1, 1, 1, 1, 1, 1, 1, 1, 1, 1, 1, 1, 1, 1, 1, 1, 1, 1, 1, 1, 1, 1, 1, 1, 1, 1, 1, 1, 1, 1]]

means=tensor([3.6172e-04, 1.3878e-17, 1.0486e-04, 1.3878e-17, 2.5567e-04, 6.5061e-05,
        1.3213e-04, 9.3725e-05, 6.2666e-07, 3.9447e-04, 4.0943e-06, 1.4907e-04,
        1.6622e-04, 1.2202e-04, 7.5689e-05, 6.3554e-05, 1.6707e-04, 6.0743e-05,
        2.6765e-06, 7.3743e-05, 5.8121e-05, 9.9699e-05, 2.0378e-05, 2.4122e-05,
        4.0500e-05, 6.5889e-05, 1.9024e-05, 1.2657e-04, 3.5489e-06, 1.8967e-05,
        6.1636e-05, 1.8812e-05, 1.3055e-05, 1.9119e-07, 2.4212e-05, 1.2184e-05,
        4.6337e-05, 1.4333e-05, 9.4267e-05, 7.3665e-07, 3.3189e-05, 4.6709e-05,
        1.5380e-05, 1.0853e-04, 5.2205e-05, 6.6816e-05, 9.2695e-05, 1.0553e-04,
        4.2213e-05, 5.6301e-05, 6.4284e-05, 1.5684e-04, 2.2332e-05, 7.3737e-05,
        7.3361e-05, 4.5665e-05, 1.1810e-06, 8.5531e-05, 3.3579e-05, 1.3914e-04,
        1.8502e-04, 1.0743e-04, 1.6176e-05, 7.1245e-05, 5.1158e-05, 4.3408e-05,
        2.5141e-05, 7.3647e-06, 8.7272e-05, 1.5118e-05, 1.4536e-04, 1.3849e-04,
        4.7444e-05, 5.3099e-05, 1.8464e-06, 1.7634e-05, 3.6313e-05, 6.3766e-05,
        8.4203e-05, 3.1530e-05, 8.5616e-05, 5.5087e-05, 1.3654e-04, 5.4569e-05,
        9.5784e-05, 6.4748e-05, 9.2432e-05, 5.0240e-05, 1.0467e-04, 5.9971e-05,
        3.7907e-05, 8.7458e-05, 1.6742e-04, 8.1590e-05, 7.0360e-05, 1.0584e-06,
        1.0523e-04, 2.5374e-05, 7.0164e-05, 6.3131e-06, 5.7994e-05, 8.3154e-05,
        6.7270e-05, 1.0759e-05, 7.1249e-05, 2.8643e-05, 7.7464e-06, 2.3282e-05,
        7.7848e-05, 7.4905e-05, 3.6837e-05, 5.8711e-05, 1.0259e-06],
       grad_fn=<CatBackward>)

mean_overall=tensor(6.7716e-05, grad_fn=<MeanBackward0>)

-----------------------------------------------ITERATION300-----------------------------------------------

final_causality=[[1, 1, 1, 1, 1, 1, 1, 1, 1, 1, 1, 1, 1], [1, 1, 1, 1, 1, 1, 1, 1, 1, 1, 1, 1, 1, 1, 1, 1, 1, 1, 1, 1, 1, 1, 1, 1, 1, 1, 1, 1, 1, 1, 1, 1, 1, 1, 1, 1, 1, 1, 1, 1, 1, 1, 1, 1, 1, 1, 1, 1, 1, 1], [1, 1, 1, 1, 1, 1, 1, 1, 1, 1, 1, 1, 1, 1, 1, 1, 1, 1, 1, 1, 1, 1, 1, 1, 1, 1, 1, 1, 1, 1, 1, 1, 1, 1, 1, 1, 1, 1, 1, 1, 1, 1, 1, 1, 1, 1, 1, 1, 1, 1]]

means=tensor([3.7370e-04, 0.0000e+00, 1.0337e-04, 0.0000e+00, 2.5608e-04, 6.6048e-05,
        1.3228e-04, 9.6379e-05, 1.0165e-06, 3.9162e-04, 4.1471e-06, 1.4931e-04,
        1.7161e-04, 1.2164e-04, 7.5302e-05, 6.4273e-05, 1.6725e-04, 6.1012e-05,
        2.4282e-06, 7.4219e-05, 5.8011e-05, 1.0010e-04, 2.0474e-05, 2.4214e-05,
        4.0163e-05, 6.6742e-05, 1.9356e-05, 1.2710e-04, 3.5626e-06, 1.8916e-05,
        6.1931e-05, 1.8695e-05, 1.3179e-05, 2.9315e-07, 2.4614e-05, 1.2177e-05,
        4.5976e-05, 1.4380e-05, 9.4005e-05, 7.6176e-07, 3.2947e-05, 4.6171e-05,
        1.5366e-05, 1.0842e-04, 5.2197e-05, 6.6684e-05, 9.2577e-05, 1.0518e-04,
        4.2360e-05, 5.5720e-05, 6.4480e-05, 1.5739e-04, 2.2157e-05, 7.4036e-05,
        7.3585e-05, 4.5668e-05, 1.1312e-06, 8.5083e-05, 3.4032e-05, 1.3996e-04,
        1.8597e-04, 1.0717e-04, 1.6181e-05, 7.0717e-05, 5.1197e-05, 4.3820e-05,
        2.5135e-05, 7.3526e-06, 8.7283e-05, 1.5150e-05, 1.4467e-04, 1.3950e-04,
        4.7443e-05, 5.3077e-05, 1.8510e-06, 1.7533e-05, 3.6536e-05, 6.3289e-05,
        8.3710e-05, 3.1581e-05, 8.5621e-05, 5.5230e-05, 1.3651e-04, 5.4563e-05,
        9.5445e-05, 6.3941e-05, 9.2406e-05, 5.0083e-05, 1.0529e-04, 5.9610e-05,
        3.7823e-05, 8.7844e-05, 1.6729e-04, 8.1517e-05, 7.0558e-05, 1.0525e-06,
        1.0536e-04, 2.5258e-05, 7.0172e-05, 6.3288e-06, 5.7888e-05, 8.3260e-05,
        6.7613e-05, 1.0766e-05, 7.1292e-05, 2.8638e-05, 7.7322e-06, 2.3340e-05,
        7.8310e-05, 7.4317e-05, 3.6970e-05, 5.8869e-05, 1.0390e-06],
       grad_fn=<CatBackward>)

mean_overall=tensor(6.7899e-05, grad_fn=<MeanBackward0>)

-----------------------------------------------ITERATION310-----------------------------------------------

final_causality=[[1, 1, 1, 1, 1, 1, 1, 1, 1, 1, 1, 1, 1], [1, 1, 1, 1, 1, 1, 1, 1, 1, 1, 1, 1, 1, 1, 1, 1, 1, 1, 1, 1, 1, 1, 1, 1, 1, 1, 1, 1, 1, 1, 1, 1, 1, 1, 1, 1, 1, 1, 1, 1, 1, 1, 1, 1, 1, 1, 1, 1, 1, 1], [1, 1, 1, 1, 1, 1, 1, 1, 1, 1, 1, 1, 1, 1, 1, 1, 1, 1, 1, 1, 1, 1, 1, 1, 1, 1, 1, 1, 1, 1, 1, 1, 1, 1, 1, 1, 1, 1, 1, 1, 1, 1, 1, 1, 1, 1, 1, 1, 1, 1]]

means=tensor([3.8588e-04, 1.3878e-17, 1.0185e-04, 1.3878e-17, 2.5649e-04, 6.7049e-05,
        1.3244e-04, 9.9079e-05, 2.6849e-06, 3.8873e-04, 4.1995e-06, 1.4954e-04,
        1.7711e-04, 1.2125e-04, 7.4912e-05, 6.5010e-05, 1.6744e-04, 6.1288e-05,
        2.1755e-06, 7.4702e-05, 5.7900e-05, 1.0051e-04, 2.0574e-05, 2.4308e-05,
        3.9826e-05, 6.7620e-05, 1.9699e-05, 1.2765e-04, 3.5772e-06, 1.8866e-05,
        6.2235e-05, 1.8578e-05, 1.3307e-05, 3.9495e-07, 2.5029e-05, 1.2171e-05,
        4.5610e-05, 1.4429e-05, 9.3740e-05, 7.8771e-07, 3.2703e-05, 4.5631e-05,
        1.5352e-05, 1.0831e-04, 5.2189e-05, 6.6548e-05, 9.2458e-05, 1.0484e-04,
        4.2510e-05, 5.5135e-05, 6.4680e-05, 1.5795e-04, 2.1982e-05, 7.4343e-05,
        7.3815e-05, 4.5673e-05, 1.0811e-06, 8.4631e-05, 3.4499e-05, 1.4080e-04,
        1.8694e-04, 1.0692e-04, 1.6187e-05, 7.0182e-05, 5.1235e-05, 4.4239e-05,
        2.5128e-05, 7.3404e-06, 8.7294e-05, 1.5182e-05, 1.4415e-04, 1.4053e-04,
        4.7441e-05, 5.3055e-05, 1.8558e-06, 1.7430e-05, 3.6763e-05, 6.2805e-05,
        8.3210e-05, 3.1633e-05, 8.5626e-05, 5.5374e-05, 1.3648e-04, 5.4558e-05,
        9.5101e-05, 6.3122e-05, 9.2379e-05, 4.9923e-05, 1.0591e-04, 5.9242e-05,
        3.7806e-05, 8.8237e-05, 1.6715e-04, 8.1444e-05, 7.0759e-05, 1.0466e-06,
        1.0548e-04, 2.5141e-05, 7.0180e-05, 6.3449e-06, 5.7781e-05, 8.3367e-05,
        6.7962e-05, 1.0773e-05, 7.1336e-05, 2.8632e-05, 7.7180e-06, 2.3398e-05,
        7.8781e-05, 7.3721e-05, 3.7106e-05, 5.9029e-05, 1.0522e-06],
       grad_fn=<CatBackward>)

mean_overall=tensor(6.8099e-05, grad_fn=<MeanBackward0>)

-----------------------------------------------ITERATION320-----------------------------------------------

final_causality=[[1, 1, 1, 1, 1, 1, 1, 1, 1, 1, 1, 1, 1], [1, 1, 1, 1, 1, 1, 1, 1, 1, 1, 1, 1, 1, 1, 1, 1, 1, 1, 1, 1, 1, 1, 1, 1, 1, 1, 1, 1, 1, 1, 1, 1, 1, 1, 1, 1, 1, 1, 1, 1, 1, 1, 1, 1, 1, 1, 1, 1, 1, 1], [1, 1, 1, 1, 1, 1, 1, 1, 1, 1, 1, 1, 1, 1, 1, 1, 1, 1, 1, 1, 1, 1, 1, 1, 1, 1, 1, 1, 1, 1, 1, 1, 1, 1, 1, 1, 1, 1, 1, 1, 1, 1, 1, 1, 1, 1, 1, 1, 1, 1]]

means=tensor([3.9824e-04, 0.0000e+00, 1.0029e-04, 0.0000e+00, 2.5691e-04, 6.8063e-05,
        1.3260e-04, 1.0182e-04, 4.3780e-06, 3.8579e-04, 4.2515e-06, 1.4978e-04,
        1.8271e-04, 1.2086e-04, 7.4518e-05, 6.5768e-05, 1.6764e-04, 6.1571e-05,
        1.9183e-06, 7.5195e-05, 5.7788e-05, 1.0093e-04, 2.0676e-05, 2.4403e-05,
        3.9487e-05, 6.8526e-05, 2.0054e-05, 1.2820e-04, 3.5925e-06, 1.8816e-05,
        6.2548e-05, 1.8459e-05, 1.3438e-05, 4.9652e-07, 2.5457e-05, 1.2165e-05,
        4.5239e-05, 1.4480e-05, 9.3474e-05, 8.1450e-07, 3.2457e-05, 4.5089e-05,
        1.5340e-05, 1.0820e-04, 5.2183e-05, 6.6410e-05, 9.2338e-05, 1.0448e-04,
        4.2665e-05, 5.4545e-05, 6.4884e-05, 1.5852e-04, 2.1808e-05, 7.4659e-05,
        7.4052e-05, 4.5679e-05, 1.0307e-06, 8.4175e-05, 3.4981e-05, 1.4167e-04,
        1.8792e-04, 1.0666e-04, 1.6193e-05, 6.9640e-05, 5.1274e-05, 4.4663e-05,
        2.5122e-05, 7.3282e-06, 8.7307e-05, 1.5215e-05, 1.4384e-04, 1.4184e-04,
        4.7440e-05, 5.3033e-05, 1.8608e-06, 1.7327e-05, 3.6994e-05, 6.2315e-05,
        8.2704e-05, 3.1686e-05, 8.5630e-05, 5.5521e-05, 1.3645e-04, 5.4553e-05,
        9.4751e-05, 6.2290e-05, 9.2352e-05, 4.9761e-05, 1.0653e-04, 5.8868e-05,
        3.7931e-05, 8.8636e-05, 1.6702e-04, 8.1369e-05, 7.0961e-05, 1.0409e-06,
        1.0562e-04, 2.5021e-05, 7.0188e-05, 6.3613e-06, 5.7672e-05, 8.3478e-05,
        6.8318e-05, 1.0780e-05, 7.1381e-05, 2.8626e-05, 7.7036e-06, 2.3456e-05,
        7.9259e-05, 7.3118e-05, 3.7243e-05, 5.9193e-05, 1.0653e-06],
       grad_fn=<CatBackward>)

mean_overall=tensor(6.8310e-05, grad_fn=<MeanBackward0>)

-----------------------------------------------ITERATION330-----------------------------------------------

final_causality=[[1, 1, 1, 1, 1, 1, 1, 1, 1, 1, 1, 1, 1], [1, 1, 1, 1, 1, 1, 1, 1, 1, 1, 1, 1, 1, 1, 1, 1, 1, 1, 1, 1, 1, 1, 1, 1, 1, 1, 1, 1, 1, 1, 1, 1, 1, 1, 1, 1, 1, 1, 1, 1, 1, 1, 1, 1, 1, 1, 1, 1, 1, 1], [1, 1, 1, 1, 1, 1, 1, 1, 1, 1, 1, 1, 1, 1, 1, 1, 1, 1, 1, 1, 1, 1, 1, 1, 1, 1, 1, 1, 1, 1, 1, 1, 1, 1, 1, 1, 1, 1, 1, 1, 1, 1, 1, 1, 1, 1, 1, 1, 1, 1]]

means=tensor([4.1080e-04, 1.3878e-17, 9.8701e-05, 1.3878e-17, 2.5735e-04, 6.9091e-05,
        1.3278e-04, 1.0461e-04, 1.5794e-06, 3.8280e-04, 4.3029e-06, 1.5002e-04,
        1.8842e-04, 1.2046e-04, 7.4121e-05, 6.6546e-05, 1.6784e-04, 6.1862e-05,
        1.6568e-06, 7.5695e-05, 5.7675e-05, 1.0136e-04, 2.0782e-05, 2.4501e-05,
        3.9148e-05, 6.9458e-05, 2.0422e-05, 1.2877e-04, 3.6087e-06, 1.8767e-05,
        6.2871e-05, 1.8340e-05, 1.3573e-05, 5.9772e-07, 2.5899e-05, 1.2160e-05,
        4.4864e-05, 1.4532e-05, 9.3205e-05, 8.4215e-07, 3.2209e-05, 4.4546e-05,
        1.5327e-05, 1.0810e-04, 5.2178e-05, 6.6269e-05, 9.2219e-05, 1.0427e-04,
        4.2823e-05, 5.3951e-05, 6.5092e-05, 1.5910e-04, 2.1636e-05, 7.4983e-05,
        7.4294e-05, 4.5686e-05, 9.8004e-07, 8.3714e-05, 3.5477e-05, 1.4255e-04,
        1.8893e-04, 1.0640e-04, 1.6201e-05, 6.9092e-05, 5.1312e-05, 4.5094e-05,
        2.5115e-05, 7.3160e-06, 8.7320e-05, 1.5248e-05, 1.4353e-04, 1.4339e-04,
        4.7438e-05, 5.3011e-05, 1.8660e-06, 1.7222e-05, 3.7228e-05, 6.1818e-05,
        8.2192e-05, 3.1740e-05, 8.5634e-05, 5.5669e-05, 1.3643e-04, 5.4550e-05,
        9.4962e-05, 6.1447e-05, 9.2324e-05, 4.9596e-05, 1.0717e-04, 5.8488e-05,
        3.8058e-05, 8.9043e-05, 1.6688e-04, 8.1294e-05, 7.1164e-05, 1.0353e-06,
        1.0575e-04, 2.4900e-05, 7.0195e-05, 6.3780e-06, 5.7563e-05, 8.3590e-05,
        6.8679e-05, 1.0787e-05, 7.1427e-05, 2.8620e-05, 7.6891e-06, 2.3515e-05,
        7.9745e-05, 7.2506e-05, 3.7383e-05, 5.9360e-05, 1.0785e-06],
       grad_fn=<CatBackward>)

mean_overall=tensor(6.8494e-05, grad_fn=<MeanBackward0>)

-----------------------------------------------ITERATION340-----------------------------------------------

final_causality=[[1, 1, 1, 1, 1, 1, 1, 1, 1, 1, 1, 1, 1], [1, 1, 1, 1, 1, 1, 1, 1, 1, 1, 1, 1, 1, 1, 1, 1, 1, 1, 1, 1, 1, 1, 1, 1, 1, 1, 1, 1, 1, 1, 1, 1, 1, 1, 1, 1, 1, 1, 1, 1, 1, 1, 1, 1, 1, 1, 1, 1, 1, 1], [1, 1, 1, 1, 1, 1, 1, 1, 1, 1, 1, 1, 1, 1, 1, 1, 1, 1, 1, 1, 1, 1, 1, 1, 1, 1, 1, 1, 1, 1, 1, 1, 1, 1, 1, 1, 1, 1, 1, 1, 1, 1, 1, 1, 1, 1, 1, 1, 1, 1]]

means=tensor([4.2355e-04, 0.0000e+00, 9.7082e-05, 0.0000e+00, 2.5779e-04, 7.0131e-05,
        1.3296e-04, 1.0745e-04, 1.9531e-08, 3.7977e-04, 4.3537e-06, 1.5026e-04,
        1.9423e-04, 1.2006e-04, 7.3720e-05, 6.7343e-05, 1.6805e-04, 6.2159e-05,
        1.3909e-06, 7.6204e-05, 5.7560e-05, 1.0179e-04, 2.0891e-05, 2.4601e-05,
        3.8808e-05, 7.0417e-05, 2.0802e-05, 1.2935e-04, 3.6258e-06, 1.8827e-05,
        6.3203e-05, 1.8221e-05, 1.3711e-05, 6.9843e-07, 2.6355e-05, 1.2155e-05,
        4.4484e-05, 1.4585e-05, 9.2934e-05, 8.7068e-07, 3.1959e-05, 4.4002e-05,
        1.5316e-05, 1.0800e-04, 5.2175e-05, 6.6126e-05, 9.2100e-05, 1.0426e-04,
        4.2985e-05, 5.3354e-05, 6.5304e-05, 1.5969e-04, 2.1466e-05, 7.5315e-05,
        7.4542e-05, 4.5695e-05, 9.2921e-07, 8.3249e-05, 3.5987e-05, 1.4345e-04,
        1.8995e-04, 1.0614e-04, 1.6208e-05, 6.8538e-05, 5.1350e-05, 4.5529e-05,
        2.5108e-05, 7.3037e-06, 8.7335e-05, 1.5282e-05, 1.4321e-04, 1.4496e-04,
        4.7437e-05, 5.2988e-05, 1.8714e-06, 1.7116e-05, 3.7466e-05, 6.1316e-05,
        8.1674e-05, 3.1794e-05, 8.5637e-05, 5.5818e-05, 1.3640e-04, 5.4547e-05,
        9.5442e-05, 6.0592e-05, 9.2295e-05, 4.9429e-05, 1.0781e-04, 5.8103e-05,
        3.8186e-05, 8.9455e-05, 1.6674e-04, 8.1217e-05, 7.1370e-05, 1.0298e-06,
        1.0589e-04, 2.4778e-05, 7.0202e-05, 6.3951e-06, 5.7452e-05, 8.3706e-05,
        6.9047e-05, 1.0794e-05, 7.1474e-05, 2.8614e-05, 7.6745e-06, 2.3574e-05,
        8.0238e-05, 7.1887e-05, 3.7526e-05, 5.9530e-05, 1.0917e-06],
       grad_fn=<CatBackward>)

mean_overall=tensor(6.8698e-05, grad_fn=<MeanBackward0>)

-----------------------------------------------ITERATION350-----------------------------------------------

final_causality=[[1, 1, 1, 1, 1, 1, 1, 1, 1, 1, 1, 1, 1], [1, 1, 1, 1, 1, 1, 1, 1, 1, 1, 1, 1, 1, 1, 1, 1, 1, 1, 1, 1, 1, 1, 1, 1, 1, 1, 1, 1, 1, 1, 1, 1, 1, 1, 1, 1, 1, 1, 1, 1, 1, 1, 1, 1, 1, 1, 1, 1, 1, 1], [1, 1, 1, 1, 1, 1, 1, 1, 1, 1, 1, 1, 1, 1, 1, 1, 1, 1, 1, 1, 1, 1, 1, 1, 1, 1, 1, 1, 1, 1, 1, 1, 1, 1, 1, 1, 1, 1, 1, 1, 1, 1, 1, 1, 1, 1, 1, 1, 1, 1]]

means=tensor([4.3649e-04, 0.0000e+00, 9.5431e-05, 0.0000e+00, 2.5825e-04, 7.1184e-05,
        1.3315e-04, 1.1033e-04, 4.7644e-06, 3.7669e-04, 4.4039e-06, 1.5050e-04,
        2.0016e-04, 1.1965e-04, 7.3316e-05, 6.8161e-05, 1.6825e-04, 6.2463e-05,
        1.1207e-06, 7.6721e-05, 5.7444e-05, 1.0224e-04, 2.1003e-05, 2.4703e-05,
        3.8468e-05, 7.1405e-05, 2.1196e-05, 1.2994e-04, 3.6437e-06, 1.8907e-05,
        6.3544e-05, 1.8101e-05, 1.3853e-05, 2.2678e-07, 2.6826e-05, 1.2151e-05,
        4.4100e-05, 1.4641e-05, 9.2661e-05, 9.0007e-07, 3.1707e-05, 4.3457e-05,
        1.5306e-05, 1.0791e-04, 5.2173e-05, 6.5981e-05, 9.1980e-05, 1.0425e-04,
        4.3150e-05, 5.2754e-05, 6.5520e-05, 1.6029e-04, 2.1298e-05, 7.5655e-05,
        7.4796e-05, 4.5704e-05, 8.7822e-07, 8.2781e-05, 3.6513e-05, 1.4437e-04,
        1.9099e-04, 1.0588e-04, 1.6217e-05, 6.7977e-05, 5.1388e-05, 4.5971e-05,
        2.5101e-05, 7.2914e-06, 8.7351e-05, 1.5317e-05, 1.4289e-04, 1.4656e-04,
        4.7435e-05, 5.2966e-05, 1.8770e-06, 1.7008e-05, 3.7707e-05, 6.0807e-05,
        8.1151e-05, 3.1850e-05, 8.5640e-05, 5.5969e-05, 1.3638e-04, 5.4544e-05,
        9.5930e-05, 5.9726e-05, 9.2266e-05, 4.9260e-05, 1.0846e-04, 5.7712e-05,
        3.8317e-05, 8.9875e-05, 1.6660e-04, 8.1140e-05, 7.1577e-05, 1.0245e-06,
        1.0604e-04, 2.4653e-05, 7.0209e-05, 6.4124e-06, 5.7341e-05, 8.3824e-05,
        6.9421e-05, 1.0802e-05, 7.1522e-05, 2.8609e-05, 7.6599e-06, 2.3633e-05,
        8.0738e-05, 7.1261e-05, 3.7670e-05, 5.9703e-05, 1.1048e-06],
       grad_fn=<CatBackward>)

mean_overall=tensor(6.8958e-05, grad_fn=<MeanBackward0>)

-----------------------------------------------ITERATION360-----------------------------------------------

final_causality=[[1, 1, 1, 1, 1, 1, 1, 1, 1, 1, 1, 1, 1], [1, 1, 1, 1, 1, 1, 1, 1, 1, 1, 1, 1, 1, 1, 1, 1, 1, 1, 1, 1, 1, 1, 1, 1, 1, 1, 1, 1, 1, 1, 1, 1, 1, 1, 1, 1, 1, 1, 1, 1, 1, 1, 1, 1, 1, 1, 1, 1, 1, 1], [1, 1, 1, 1, 1, 1, 1, 1, 1, 1, 1, 1, 1, 1, 1, 1, 1, 1, 1, 1, 1, 1, 1, 1, 1, 1, 1, 1, 1, 1, 1, 1, 1, 1, 1, 1, 1, 1, 1, 1, 1, 1, 1, 1, 1, 1, 1, 1, 1, 1]]

means=tensor([4.4962e-04, 0.0000e+00, 9.3749e-05, 0.0000e+00, 2.5872e-04, 7.2249e-05,
        1.3335e-04, 1.1326e-04, 2.7311e-06, 3.7356e-04, 4.4534e-06, 1.5074e-04,
        2.0619e-04, 1.1924e-04, 7.2910e-05, 6.9000e-05, 1.6847e-04, 6.2775e-05,
        8.4625e-07, 7.7247e-05, 5.7328e-05, 1.0269e-04, 2.1118e-05, 2.4808e-05,
        3.8128e-05, 7.2420e-05, 2.1603e-05, 1.3055e-04, 3.6625e-06, 1.8990e-05,
        6.3896e-05, 1.7981e-05, 1.3999e-05, 2.7881e-07, 2.7426e-05, 1.2148e-05,
        4.3711e-05, 1.4698e-05, 9.2387e-05, 9.3036e-07, 3.1454e-05, 4.2912e-05,
        1.5296e-05, 1.0782e-04, 5.2172e-05, 6.5833e-05, 9.1861e-05, 1.0425e-04,
        4.3320e-05, 5.2150e-05, 6.5740e-05, 1.6090e-04, 2.1131e-05, 7.6005e-05,
        7.5057e-05, 4.5715e-05, 8.2708e-07, 8.2309e-05, 3.7055e-05, 1.4532e-04,
        1.9205e-04, 1.0562e-04, 1.6226e-05, 6.7411e-05, 5.1425e-05, 4.6417e-05,
        2.5094e-05, 7.2791e-06, 8.7368e-05, 1.5352e-05, 1.4256e-04, 1.4818e-04,
        4.7434e-05, 5.2943e-05, 1.8829e-06, 1.6900e-05, 3.7952e-05, 6.0292e-05,
        8.0622e-05, 3.1906e-05, 8.5643e-05, 5.6122e-05, 1.3636e-04, 5.4543e-05,
        9.6426e-05, 5.8849e-05, 9.2237e-05, 4.9089e-05, 1.0911e-04, 5.7315e-05,
        3.8449e-05, 9.0300e-05, 1.6645e-04, 8.1061e-05, 7.1785e-05, 1.0193e-06,
        1.0619e-04, 2.4527e-05, 7.0215e-05, 6.4301e-06, 5.7228e-05, 8.3944e-05,
        6.9882e-05, 1.0809e-05, 7.1572e-05, 2.8603e-05, 7.6451e-06, 2.3693e-05,
        8.1246e-05, 7.0627e-05, 3.7817e-05, 5.9880e-05, 1.1180e-06],
       grad_fn=<CatBackward>)

mean_overall=tensor(6.9169e-05, grad_fn=<MeanBackward0>)

-----------------------------------------------ITERATION370-----------------------------------------------

final_causality=[[1, 1, 1, 1, 1, 1, 1, 1, 1, 1, 1, 1, 1], [1, 1, 1, 1, 1, 1, 1, 1, 1, 1, 1, 1, 1, 1, 1, 1, 1, 1, 1, 1, 1, 1, 1, 1, 1, 1, 1, 1, 1, 1, 1, 1, 1, 1, 1, 1, 1, 1, 1, 1, 1, 1, 1, 1, 1, 1, 1, 1, 1, 1], [1, 1, 1, 1, 1, 1, 1, 1, 1, 1, 1, 1, 1, 1, 1, 1, 1, 1, 1, 1, 1, 1, 1, 1, 1, 1, 1, 1, 1, 1, 1, 1, 1, 1, 1, 1, 1, 1, 1, 1, 1, 1, 1, 1, 1, 1, 1, 1, 1, 1]]

means=tensor([4.6294e-04, 0.0000e+00, 9.2036e-05, 0.0000e+00, 2.5920e-04, 7.3327e-05,
        1.3356e-04, 1.1623e-04, 6.7061e-07, 3.7039e-04, 4.5021e-06, 1.5098e-04,
        2.1232e-04, 1.1883e-04, 7.2501e-05, 6.9860e-05, 1.6869e-04, 6.3094e-05,
        5.6753e-07, 7.7780e-05, 5.7210e-05, 1.0315e-04, 2.1237e-05, 2.4914e-05,
        3.7788e-05, 7.3465e-05, 2.2024e-05, 1.3117e-04, 3.6823e-06, 1.9075e-05,
        6.4258e-05, 1.7860e-05, 1.4148e-05, 9.4355e-08, 2.8057e-05, 1.2145e-05,
        4.3319e-05, 1.4757e-05, 9.2111e-05, 9.6155e-07, 3.1200e-05, 4.2366e-05,
        1.5288e-05, 1.0774e-04, 5.2173e-05, 6.5682e-05, 9.1742e-05, 1.0424e-04,
        4.3493e-05, 5.1545e-05, 6.5991e-05, 1.6152e-04, 2.0967e-05, 7.6362e-05,
        7.5324e-05, 4.5727e-05, 7.7584e-07, 8.1834e-05, 3.7612e-05, 1.4628e-04,
        1.9312e-04, 1.0536e-04, 1.6237e-05, 6.6838e-05, 5.1462e-05, 4.6870e-05,
        2.5087e-05, 7.2669e-06, 8.7386e-05, 1.5387e-05, 1.4222e-04, 1.4982e-04,
        4.7432e-05, 5.2921e-05, 1.8889e-06, 1.6790e-05, 3.8200e-05, 5.9772e-05,
        8.0088e-05, 3.1963e-05, 8.5645e-05, 5.6277e-05, 1.3634e-04, 5.4542e-05,
        9.6929e-05, 5.7960e-05, 9.2207e-05, 4.8915e-05, 1.0977e-04, 5.6912e-05,
        3.8583e-05, 9.0732e-05, 1.6631e-04, 8.0981e-05, 7.1994e-05, 1.0143e-06,
        1.0634e-04, 2.4399e-05, 7.0220e-05, 6.4481e-06, 5.7115e-05, 8.4067e-05,
        7.0405e-05, 1.0817e-05, 7.1623e-05, 2.8597e-05, 7.6303e-06, 2.3909e-05,
        8.1762e-05, 6.9987e-05, 3.7966e-05, 6.0059e-05, 1.1310e-06],
       grad_fn=<CatBackward>)

mean_overall=tensor(6.9385e-05, grad_fn=<MeanBackward0>)

-----------------------------------------------ITERATION380-----------------------------------------------

final_causality=[[1, 1, 1, 1, 1, 1, 1, 1, 1, 1, 1, 1, 1], [1, 1, 1, 1, 1, 1, 1, 1, 1, 1, 1, 1, 1, 1, 1, 1, 1, 1, 1, 1, 1, 1, 1, 1, 1, 1, 1, 1, 1, 1, 1, 1, 1, 1, 1, 1, 1, 1, 1, 1, 1, 1, 1, 1, 1, 1, 1, 1, 1, 1], [1, 1, 1, 1, 1, 1, 1, 1, 1, 1, 1, 1, 1, 1, 1, 1, 1, 1, 1, 1, 1, 1, 1, 1, 1, 1, 1, 1, 1, 1, 1, 1, 1, 1, 1, 1, 1, 1, 1, 1, 1, 1, 1, 1, 1, 1, 1, 1, 1, 1]]

means=tensor([4.7644e-04, 1.3878e-17, 9.0290e-05, 1.3878e-17, 2.5970e-04, 7.4415e-05,
        1.3377e-04, 1.1924e-04, 1.4168e-06, 3.6718e-04, 4.5501e-06, 1.5122e-04,
        2.1857e-04, 1.1840e-04, 7.2089e-05, 7.0742e-05, 1.6891e-04, 6.3420e-05,
        2.8459e-07, 7.8322e-05, 5.7092e-05, 1.0362e-04, 2.1359e-05, 2.5023e-05,
        3.7448e-05, 7.4540e-05, 2.2460e-05, 1.3180e-04, 3.7030e-06, 1.9163e-05,
        6.4629e-05, 1.7740e-05, 1.4301e-05, 1.8029e-08, 2.8708e-05, 1.2143e-05,
        4.2922e-05, 1.4818e-05, 9.1834e-05, 9.9365e-07, 3.0944e-05, 4.1821e-05,
        1.5280e-05, 1.0767e-04, 5.2176e-05, 6.5529e-05, 9.1624e-05, 1.0423e-04,
        4.3670e-05, 5.0937e-05, 6.6301e-05, 1.6215e-04, 2.0805e-05, 7.6729e-05,
        7.5596e-05, 4.5741e-05, 7.2452e-07, 8.1356e-05, 3.8186e-05, 1.4727e-04,
        1.9422e-04, 1.0510e-04, 1.6248e-05, 6.6260e-05, 5.1499e-05, 4.7327e-05,
        2.5080e-05, 7.2546e-06, 8.7406e-05, 1.5423e-05, 1.4188e-04, 1.5149e-04,
        4.7430e-05, 5.2898e-05, 1.8952e-06, 1.6679e-05, 3.8452e-05, 5.9245e-05,
        7.9549e-05, 3.2021e-05, 8.5646e-05, 5.6432e-05, 1.3633e-04, 5.4542e-05,
        9.7439e-05, 5.7061e-05, 9.2177e-05, 4.8739e-05, 1.1044e-04, 5.6504e-05,
        3.8718e-05, 9.1171e-05, 1.6616e-04, 8.0901e-05, 7.2205e-05, 1.0095e-06,
        1.0650e-04, 2.4278e-05, 7.0226e-05, 6.4665e-06, 5.7000e-05, 8.4193e-05,
        7.0936e-05, 1.0825e-05, 7.1675e-05, 2.8591e-05, 7.6154e-06, 2.4166e-05,
        8.2284e-05, 6.9340e-05, 3.8118e-05, 6.0242e-05, 1.1440e-06],
       grad_fn=<CatBackward>)

mean_overall=tensor(6.9632e-05, grad_fn=<MeanBackward0>)

-----------------------------------------------ITERATION390-----------------------------------------------

final_causality=[[1, 1, 1, 1, 1, 1, 1, 1, 1, 1, 1, 1, 1], [1, 1, 1, 1, 1, 1, 1, 1, 1, 1, 1, 1, 1, 1, 1, 1, 1, 1, 1, 1, 1, 1, 1, 1, 1, 1, 1, 1, 1, 1, 1, 1, 1, 1, 1, 1, 1, 1, 1, 1, 1, 1, 1, 1, 1, 1, 1, 1, 1, 1], [1, 1, 1, 1, 1, 1, 1, 1, 1, 1, 1, 1, 1, 1, 1, 1, 1, 1, 1, 1, 1, 1, 1, 1, 1, 1, 1, 1, 1, 1, 1, 1, 1, 1, 1, 1, 1, 1, 1, 1, 1, 1, 1, 1, 1, 1, 1, 1, 1, 1]]

means=tensor([4.9014e-04, 1.3878e-17, 8.8513e-05, 1.3878e-17, 2.6021e-04, 7.5516e-05,
        1.3400e-04, 1.2231e-04, 3.5309e-06, 3.6392e-04, 4.5972e-06, 1.5146e-04,
        2.2492e-04, 1.1798e-04, 7.1675e-05, 7.1645e-05, 1.6914e-04, 6.3754e-05,
        2.5766e-09, 7.8871e-05, 5.6979e-05, 1.0410e-04, 2.1485e-05, 2.5135e-05,
        3.7109e-05, 7.5644e-05, 2.2910e-05, 1.3244e-04, 3.7246e-06, 1.9253e-05,
        6.5011e-05, 1.7619e-05, 1.4458e-05, 3.7831e-07, 2.9382e-05, 1.2142e-05,
        4.2522e-05, 1.4880e-05, 9.1555e-05, 1.0267e-06, 3.0688e-05, 4.1276e-05,
        1.5274e-05, 1.0761e-04, 5.2181e-05, 6.5374e-05, 9.1506e-05, 1.0423e-04,
        4.3851e-05, 5.0328e-05, 6.6615e-05, 1.6278e-04, 2.0645e-05, 7.7104e-05,
        7.5876e-05, 4.5755e-05, 6.7316e-07, 8.0875e-05, 3.8776e-05, 1.4827e-04,
        1.9533e-04, 1.0484e-04, 1.6259e-05, 6.5677e-05, 5.1535e-05, 4.7789e-05,
        2.5073e-05, 7.2423e-06, 8.7427e-05, 1.5466e-05, 1.4154e-04, 1.5318e-04,
        4.7429e-05, 5.2875e-05, 1.9018e-06, 1.6567e-05, 3.8707e-05, 5.8713e-05,
        7.9004e-05, 3.2080e-05, 8.5647e-05, 5.6590e-05, 1.3631e-04, 5.4543e-05,
        9.7958e-05, 5.6151e-05, 9.2146e-05, 4.8562e-05, 1.1112e-04, 5.6090e-05,
        3.8855e-05, 9.1616e-05, 1.6601e-04, 8.0819e-05, 7.2417e-05, 1.0048e-06,
        1.0667e-04, 2.4168e-05, 7.0230e-05, 6.4852e-06, 5.6884e-05, 8.4321e-05,
        7.1475e-05, 1.0833e-05, 7.1729e-05, 2.8586e-05, 7.6005e-06, 2.4426e-05,
        8.2814e-05, 6.9019e-05, 3.8272e-05, 6.0427e-05, 1.1570e-06],
       grad_fn=<CatBackward>)

mean_overall=tensor(6.9904e-05, grad_fn=<MeanBackward0>)

-----------------------------------------------ITERATION400-----------------------------------------------

final_causality=[[1, 1, 1, 1, 1, 1, 1, 1, 1, 1, 1, 1, 1], [1, 1, 1, 1, 1, 1, 1, 1, 1, 1, 1, 1, 1, 1, 1, 1, 1, 1, 1, 1, 1, 1, 1, 1, 1, 1, 1, 1, 1, 1, 1, 1, 1, 1, 1, 1, 1, 1, 1, 1, 1, 1, 1, 1, 1, 1, 1, 1, 1, 1], [1, 1, 1, 1, 1, 1, 1, 1, 1, 1, 1, 1, 1, 1, 1, 1, 1, 1, 1, 1, 1, 1, 1, 1, 1, 1, 1, 1, 1, 1, 1, 1, 1, 1, 1, 1, 1, 1, 1, 1, 1, 1, 1, 1, 1, 1, 1, 1, 1, 1]]

means=tensor([5.0401e-04, 0.0000e+00, 8.6703e-05, 0.0000e+00, 2.6073e-04, 7.6628e-05,
        1.3423e-04, 1.2541e-04, 5.6714e-06, 3.6062e-04, 4.6434e-06, 1.5170e-04,
        2.3138e-04, 1.1755e-04, 7.1259e-05, 7.2569e-05, 1.6937e-04, 6.4096e-05,
        2.9395e-07, 7.9429e-05, 5.6941e-05, 1.0459e-04, 2.1614e-05, 2.5249e-05,
        3.6771e-05, 7.6779e-05, 2.3376e-05, 1.3310e-04, 3.7473e-06, 1.9345e-05,
        6.5403e-05, 1.7498e-05, 1.4619e-05, 5.5978e-07, 3.0078e-05, 1.2142e-05,
        4.2118e-05, 1.4944e-05, 9.1276e-05, 1.0606e-06, 3.0430e-05, 4.0732e-05,
        1.5269e-05, 1.0755e-04, 5.2187e-05, 6.5216e-05, 9.1388e-05, 1.0422e-04,
        4.4036e-05, 4.9716e-05, 6.6935e-05, 1.6343e-04, 2.0488e-05, 7.7488e-05,
        7.6161e-05, 4.5772e-05, 6.2177e-07, 8.0392e-05, 3.9383e-05, 1.4930e-04,
        1.9646e-04, 1.0458e-04, 1.6272e-05, 6.5088e-05, 5.1570e-05, 4.8256e-05,
        2.5066e-05, 7.2301e-06, 8.7450e-05, 1.5516e-05, 1.4119e-04, 1.5489e-04,
        4.7427e-05, 5.2852e-05, 1.9085e-06, 1.6454e-05, 3.8966e-05, 5.8176e-05,
        7.8455e-05, 3.2139e-05, 8.5647e-05, 5.6749e-05, 1.3630e-04, 5.4544e-05,
        9.8483e-05, 5.5230e-05, 9.2114e-05, 4.8420e-05, 1.1179e-04, 5.5671e-05,
        3.8994e-05, 9.2068e-05, 1.6585e-04, 8.0737e-05, 7.2631e-05, 1.0003e-06,
        1.0683e-04, 2.4056e-05, 7.0234e-05, 6.5042e-06, 5.6768e-05, 8.4452e-05,
        7.2023e-05, 1.0841e-05, 7.1784e-05, 2.8581e-05, 7.5855e-06, 2.4689e-05,
        8.3350e-05, 6.9136e-05, 3.8428e-05, 6.0616e-05, 1.1698e-06],
       grad_fn=<CatBackward>)

mean_overall=tensor(7.0190e-05, grad_fn=<MeanBackward0>)

-----------------------------------------------ITERATION410-----------------------------------------------

final_causality=[[1, 1, 1, 1, 1, 1, 1, 1, 1, 1, 1, 1, 1], [1, 1, 1, 1, 1, 1, 1, 1, 1, 1, 1, 1, 1, 1, 1, 1, 1, 1, 1, 1, 1, 1, 1, 1, 1, 1, 1, 1, 1, 1, 1, 1, 1, 1, 1, 1, 1, 1, 1, 1, 1, 1, 1, 1, 1, 1, 1, 1, 1, 1], [1, 1, 1, 1, 1, 1, 1, 1, 1, 1, 1, 1, 1, 1, 1, 1, 1, 1, 1, 1, 1, 1, 1, 1, 1, 1, 1, 1, 1, 1, 1, 1, 1, 1, 1, 1, 1, 1, 1, 1, 1, 1, 1, 1, 1, 1, 1, 1, 1, 1]]

means=tensor([5.1808e-04, 1.3878e-17, 8.4861e-05, 1.3878e-17, 2.6126e-04, 7.7751e-05,
        1.3447e-04, 1.2856e-04, 7.8379e-06, 3.5727e-04, 4.6887e-06, 1.5194e-04,
        2.3795e-04, 1.1711e-04, 7.0842e-05, 7.3517e-05, 1.6961e-04, 6.4445e-05,
        3.0152e-07, 7.9995e-05, 5.6904e-05, 1.0508e-04, 2.1746e-05, 2.5366e-05,
        3.6434e-05, 7.7945e-05, 2.3858e-05, 1.3377e-04, 3.7710e-06, 1.9441e-05,
        6.5806e-05, 1.7377e-05, 1.4783e-05, 7.7191e-07, 3.0797e-05, 1.2143e-05,
        4.1710e-05, 1.5010e-05, 9.0995e-05, 1.0955e-06, 3.0171e-05, 4.0189e-05,
        1.5265e-05, 1.0749e-04, 5.2195e-05, 6.5056e-05, 9.1272e-05, 1.0422e-04,
        4.4225e-05, 4.9104e-05, 6.7260e-05, 1.6409e-04, 2.0334e-05, 7.7881e-05,
        7.6453e-05, 4.5790e-05, 5.7040e-07, 7.9906e-05, 4.0007e-05, 1.5035e-04,
        1.9761e-04, 1.0433e-04, 1.6286e-05, 6.4494e-05, 5.1605e-05, 4.8728e-05,
        2.5058e-05, 7.2178e-06, 8.7474e-05, 1.5566e-05, 1.4084e-04, 1.5662e-04,
        4.7425e-05, 5.2830e-05, 1.9155e-06, 1.6340e-05, 3.9228e-05, 5.7632e-05,
        7.7901e-05, 3.2199e-05, 8.5647e-05, 5.6909e-05, 1.3629e-04, 5.4546e-05,
        9.9017e-05, 5.4299e-05, 9.2082e-05, 4.8322e-05, 1.1248e-04, 5.5247e-05,
        3.9134e-05, 9.2526e-05, 1.6570e-04, 8.0654e-05, 7.2845e-05, 9.9607e-07,
        1.0701e-04, 2.3943e-05, 7.0238e-05, 6.5236e-06, 5.6651e-05, 8.4586e-05,
        7.2578e-05, 1.0850e-05, 7.1840e-05, 2.8575e-05, 7.5704e-06, 2.4955e-05,
        8.3894e-05, 6.9255e-05, 3.8587e-05, 6.0808e-05, 1.1826e-06],
       grad_fn=<CatBackward>)

mean_overall=tensor(7.0479e-05, grad_fn=<MeanBackward0>)

-----------------------------------------------ITERATION420-----------------------------------------------

final_causality=[[1, 1, 1, 1, 1, 1, 1, 1, 1, 1, 1, 1, 1], [1, 1, 1, 1, 1, 1, 1, 1, 1, 1, 1, 1, 1, 1, 1, 1, 1, 1, 1, 1, 1, 1, 1, 1, 1, 1, 1, 1, 1, 1, 1, 1, 1, 1, 1, 1, 1, 1, 1, 1, 1, 1, 1, 1, 1, 1, 1, 1, 1, 1], [1, 1, 1, 1, 1, 1, 1, 1, 1, 1, 1, 1, 1, 1, 1, 1, 1, 1, 1, 1, 1, 1, 1, 1, 1, 1, 1, 1, 1, 1, 1, 1, 1, 1, 1, 1, 1, 1, 1, 1, 1, 1, 1, 1, 1, 1, 1, 1, 1, 1]]

means=tensor([5.3233e-04, 1.3878e-17, 8.2985e-05, 1.3878e-17, 2.6180e-04, 7.8885e-05,
        1.3472e-04, 1.3176e-04, 1.0030e-05, 3.5388e-04, 4.7331e-06, 1.5218e-04,
        2.4462e-04, 1.1667e-04, 7.0422e-05, 7.4487e-05, 1.6986e-04, 6.4803e-05,
        9.1675e-09, 8.0568e-05, 5.6867e-05, 1.0558e-04, 2.1883e-05, 2.5485e-05,
        3.6097e-05, 7.9143e-05, 2.4357e-05, 1.3445e-04, 3.7957e-06, 1.9539e-05,
        6.6220e-05, 1.7256e-05, 1.4952e-05, 6.9913e-07, 3.1540e-05, 1.2145e-05,
        4.1299e-05, 1.5078e-05, 9.0714e-05, 1.1313e-06, 2.9912e-05, 3.9647e-05,
        1.5262e-05, 1.0745e-04, 5.2204e-05, 6.4894e-05, 9.1156e-05, 1.0422e-04,
        4.4418e-05, 4.8490e-05, 6.7591e-05, 1.6475e-04, 2.0183e-05, 7.8283e-05,
        7.6752e-05, 4.5809e-05, 5.1906e-07, 7.9418e-05, 4.0650e-05, 1.5143e-04,
        1.9878e-04, 1.0407e-04, 1.6300e-05, 6.3895e-05, 5.1640e-05, 4.9205e-05,
        2.5051e-05, 7.2056e-06, 8.7500e-05, 1.5618e-05, 1.4051e-04, 1.5838e-04,
        4.7424e-05, 5.2807e-05, 1.9228e-06, 1.6225e-05, 3.9493e-05, 5.7084e-05,
        7.7342e-05, 3.2260e-05, 8.5646e-05, 5.7071e-05, 1.3629e-04, 5.4549e-05,
        9.9557e-05, 5.3550e-05, 9.2050e-05, 4.8222e-05, 1.1317e-04, 5.4817e-05,
        3.9276e-05, 9.2991e-05, 1.6554e-04, 8.0569e-05, 7.3061e-05, 9.9201e-07,
        1.0718e-04, 2.3829e-05, 7.0241e-05, 6.5433e-06, 5.6532e-05, 8.4722e-05,
        7.3142e-05, 1.0858e-05, 7.1898e-05, 2.8570e-05, 7.5553e-06, 2.5223e-05,
        8.4445e-05, 6.9649e-05, 3.8748e-05, 6.1003e-05, 1.1952e-06],
       grad_fn=<CatBackward>)

mean_overall=tensor(7.0774e-05, grad_fn=<MeanBackward0>)

-----------------------------------------------ITERATION430-----------------------------------------------

final_causality=[[1, 1, 1, 1, 1, 1, 1, 1, 1, 1, 1, 1, 1], [1, 1, 1, 1, 1, 1, 1, 1, 1, 1, 1, 1, 1, 1, 1, 1, 1, 1, 1, 1, 1, 1, 1, 1, 1, 1, 1, 1, 1, 1, 1, 1, 1, 1, 1, 1, 1, 1, 1, 1, 1, 1, 1, 1, 1, 1, 1, 1, 1, 1], [1, 1, 1, 1, 1, 1, 1, 1, 1, 1, 1, 1, 1, 1, 1, 1, 1, 1, 1, 1, 1, 1, 1, 1, 1, 1, 1, 1, 1, 1, 1, 1, 1, 1, 1, 1, 1, 1, 1, 1, 1, 1, 1, 1, 1, 1, 1, 1, 1, 1]]

means=tensor([5.4677e-04, 1.3878e-17, 8.1077e-05, 1.3878e-17, 2.6236e-04, 8.0030e-05,
        1.3498e-04, 1.3501e-04, 1.2248e-05, 3.5045e-04, 4.7764e-06, 1.5242e-04,
        2.5141e-04, 1.1623e-04, 7.0001e-05, 7.5480e-05, 1.7010e-04, 6.5168e-05,
        3.2413e-07, 8.1150e-05, 5.6830e-05, 1.0610e-04, 2.2023e-05, 2.5607e-05,
        3.5762e-05, 8.0373e-05, 2.4872e-05, 1.3514e-04, 3.8215e-06, 1.9639e-05,
        6.6644e-05, 1.7136e-05, 1.5125e-05, 6.2749e-07, 3.2307e-05, 1.2147e-05,
        4.0885e-05, 1.5148e-05, 9.0432e-05, 1.1681e-06, 2.9652e-05, 3.9107e-05,
        1.5261e-05, 1.0742e-04, 5.2216e-05, 6.4729e-05, 9.1041e-05, 1.0422e-04,
        4.4615e-05, 4.7876e-05, 6.7927e-05, 1.6542e-04, 2.0034e-05, 7.8695e-05,
        7.7057e-05, 4.5830e-05, 4.6778e-07, 7.8928e-05, 4.1310e-05, 1.5252e-04,
        1.9996e-04, 1.0381e-04, 1.6316e-05, 6.3290e-05, 5.1673e-05, 4.9687e-05,
        2.5044e-05, 7.1935e-06, 8.7527e-05, 1.5670e-05, 1.4022e-04, 1.6016e-04,
        4.7422e-05, 5.2784e-05, 1.9303e-06, 1.6108e-05, 3.9762e-05, 5.6529e-05,
        7.6778e-05, 3.2322e-05, 8.5644e-05, 5.7234e-05, 1.3629e-04, 5.4552e-05,
        1.0011e-04, 5.4018e-05, 9.2016e-05, 4.8122e-05, 1.1387e-04, 5.4381e-05,
        3.9563e-05, 9.3462e-05, 1.6538e-04, 8.0484e-05, 7.3277e-05, 9.8815e-07,
        1.0737e-04, 2.3713e-05, 7.0244e-05, 6.5633e-06, 5.6413e-05, 8.4861e-05,
        7.3715e-05, 1.0867e-05, 7.1957e-05, 2.8565e-05, 7.5402e-06, 2.5494e-05,
        8.5003e-05, 7.0205e-05, 3.8911e-05, 6.1201e-05, 1.2077e-06],
       grad_fn=<CatBackward>)

mean_overall=tensor(7.1093e-05, grad_fn=<MeanBackward0>)

-----------------------------------------------ITERATION440-----------------------------------------------

final_causality=[[1, 1, 1, 1, 1, 1, 1, 1, 1, 1, 1, 1, 1], [1, 1, 1, 1, 1, 1, 1, 1, 1, 1, 1, 1, 1, 1, 1, 1, 1, 1, 1, 1, 1, 1, 1, 1, 1, 1, 1, 1, 1, 1, 1, 1, 1, 1, 1, 1, 1, 1, 1, 1, 1, 1, 1, 1, 1, 1, 1, 1, 1, 1], [1, 1, 1, 1, 1, 1, 1, 1, 1, 1, 1, 1, 1, 1, 1, 1, 1, 1, 1, 1, 1, 1, 1, 1, 1, 1, 1, 1, 1, 1, 1, 1, 1, 1, 1, 1, 1, 1, 1, 1, 1, 1, 1, 1, 1, 1, 1, 1, 1, 1]]

means=tensor([5.6140e-04, 1.3878e-17, 7.9134e-05, 1.3878e-17, 2.6293e-04, 8.1185e-05,
        1.3525e-04, 1.3830e-04, 1.4491e-05, 3.4697e-04, 4.8188e-06, 1.5267e-04,
        2.5832e-04, 1.1578e-04, 6.9579e-05, 7.6496e-05, 1.7036e-04, 6.5541e-05,
        6.4337e-07, 8.1739e-05, 5.6794e-05, 1.0662e-04, 2.2167e-05, 2.5732e-05,
        3.5429e-05, 8.1637e-05, 2.5405e-05, 1.3585e-04, 3.8484e-06, 1.9743e-05,
        6.7079e-05, 1.7015e-05, 1.5301e-05, 5.5708e-07, 3.3100e-05, 1.2151e-05,
        4.0468e-05, 1.5220e-05, 9.0149e-05, 1.2059e-06, 2.9392e-05, 3.8568e-05,
        1.5260e-05, 1.0739e-04, 5.2229e-05, 6.4562e-05, 9.0927e-05, 1.0422e-04,
        4.4816e-05, 4.7262e-05, 6.8268e-05, 1.6611e-04, 1.9889e-05, 7.9115e-05,
        7.7368e-05, 4.5853e-05, 4.1660e-07, 7.8437e-05, 4.1988e-05, 1.5364e-04,
        2.0116e-04, 1.0356e-04, 1.6333e-05, 6.2681e-05, 5.1706e-05, 5.0174e-05,
        2.5037e-05, 7.1814e-06, 8.7556e-05, 1.5723e-05, 1.3993e-04, 1.6196e-04,
        4.7420e-05, 5.2761e-05, 1.9380e-06, 1.5991e-05, 4.0034e-05, 5.5969e-05,
        7.6210e-05, 3.2384e-05, 8.5642e-05, 5.7398e-05, 1.3629e-04, 5.4555e-05,
        1.0066e-04, 5.4491e-05, 9.1983e-05, 4.8020e-05, 1.1457e-04, 5.3940e-05,
        3.9885e-05, 9.3939e-05, 1.6522e-04, 8.0398e-05, 7.3495e-05, 9.8452e-07,
        1.0756e-04, 2.3597e-05, 7.0245e-05, 6.5837e-06, 5.6293e-05, 8.5003e-05,
        7.4295e-05, 1.0876e-05, 7.2017e-05, 2.8560e-05, 7.5250e-06, 2.5767e-05,
        8.5567e-05, 7.0767e-05, 3.9076e-05, 6.1403e-05, 1.2201e-06],
       grad_fn=<CatBackward>)

mean_overall=tensor(7.1419e-05, grad_fn=<MeanBackward0>)

