-----------------------------------------------ITERATION0-----------------------------------------------

final_causality=[[1, 1, 1, 1, 1, 1, 1, 1, 1, 1, 1, 1, 1], [1, 1, 1, 1, 1, 1, 1, 1, 1, 1, 1, 1, 1, 1, 1, 1, 1, 1, 1, 1, 1, 1, 1, 1, 1, 1, 1, 1, 1, 1, 1, 1, 1, 1, 1, 1, 1, 1, 1, 1, 1, 1, 1, 1, 1, 1, 1, 1, 1, 1], [1, 1, 1, 1, 1, 1, 1, 1, 1, 1, 1, 1, 1, 1, 1, 1, 1, 1, 1, 1, 1, 1, 1, 1, 1, 1, 1, 1, 1, 1, 1, 1, 1, 1, 1, 1, 1, 1, 1, 1, 1, 1, 1, 1, 1, 1, 1, 1, 1, 1]]

means=tensor([2.9266e-04, 0.0000e+00, 7.1471e-05, 0.0000e+00, 1.4805e-04, 1.0082e-06,
        4.5976e-05, 4.6685e-05, 2.0716e-04, 9.3845e-05, 7.1752e-05, 7.3889e-06,
        1.3011e-04, 3.2381e-05, 8.7671e-05, 5.4290e-05, 6.1690e-05, 4.0351e-05,
        1.0541e-04, 4.9815e-06, 7.0482e-05, 1.1315e-04, 2.3656e-05, 1.2634e-04,
        5.4989e-05, 3.0972e-05, 7.9085e-06, 2.8323e-05, 4.2639e-05, 6.7687e-05,
        6.7120e-06, 3.3732e-05, 2.5304e-05, 3.6922e-05, 1.0865e-04, 4.6469e-05,
        8.9685e-05, 2.8690e-05, 5.1720e-06, 6.1366e-05, 9.4157e-05, 8.8397e-05,
        6.3755e-05, 7.9898e-05, 5.6583e-05, 4.9011e-05, 1.0998e-04, 2.9348e-05,
        1.1809e-04, 1.5562e-05, 1.2537e-05, 5.5160e-05, 6.2295e-05, 3.8306e-05,
        6.9233e-06, 1.0475e-04, 8.7064e-05, 1.3414e-05, 1.7954e-04, 2.5446e-05,
        2.4925e-05, 1.3296e-05, 1.9726e-05, 1.5976e-04, 7.7351e-05, 4.8427e-05,
        2.2316e-05, 1.5495e-05, 7.3455e-05, 7.4959e-05, 1.1889e-04, 3.2461e-06,
        6.9770e-05, 5.4474e-06, 2.8191e-05, 8.1241e-05, 1.0632e-04, 8.4679e-05,
        6.2220e-05, 1.3534e-04, 4.5005e-05, 1.1386e-04, 9.2137e-05, 5.6181e-05,
        4.7899e-06, 5.2849e-05, 5.6735e-05, 6.2521e-05, 7.4001e-05, 4.9136e-05,
        4.8762e-05, 9.3962e-05, 3.9338e-06, 4.5809e-05, 6.5678e-05, 7.6160e-05,
        1.0575e-04, 5.4703e-05, 9.5326e-06, 6.2946e-06, 9.0232e-05, 2.7156e-05,
        1.9253e-05, 7.1452e-05, 3.6539e-05, 1.1900e-04, 7.2250e-05, 7.9661e-05,
        4.4972e-05, 3.9749e-05, 1.2073e-04, 7.5776e-06, 1.0623e-04],
       grad_fn=<CatBackward>)

mean_overall=tensor(6.1766e-05, grad_fn=<MeanBackward0>)

-----------------------------------------------ITERATION10-----------------------------------------------

final_causality=[[1, 1, 1, 1, 1, 1, 1, 1, 1, 1, 1, 1, 1], [1, 1, 1, 1, 1, 1, 1, 1, 1, 1, 1, 1, 1, 1, 1, 1, 1, 1, 1, 1, 1, 1, 1, 1, 1, 1, 1, 1, 1, 1, 1, 1, 1, 1, 1, 1, 1, 1, 1, 1, 1, 1, 1, 1, 1, 1, 1, 1, 1, 1], [1, 1, 1, 1, 1, 1, 1, 1, 1, 1, 1, 1, 1, 1, 1, 1, 1, 1, 1, 1, 1, 1, 1, 1, 1, 1, 1, 1, 1, 1, 1, 1, 1, 1, 1, 1, 1, 1, 1, 1, 1, 1, 1, 1, 1, 1, 1, 1, 1, 1]]

means=tensor([2.7480e-04, 0.0000e+00, 5.1635e-05, 0.0000e+00, 1.4389e-04, 6.2749e-06,
        5.0154e-06, 6.0697e-05, 3.3113e-04, 5.3687e-05, 8.1593e-05, 7.1255e-06,
        1.2372e-04, 1.5748e-05, 1.1306e-04, 3.6134e-05, 3.3237e-05, 5.9652e-05,
        1.5089e-04, 1.0401e-05, 8.1248e-05, 7.4859e-05, 4.7367e-05, 1.5619e-04,
        2.0937e-05, 9.5061e-06, 1.4435e-05, 1.3551e-05, 6.9757e-05, 8.1532e-05,
        1.6943e-05, 5.4764e-05, 6.4033e-08, 1.9524e-05, 7.0518e-05, 5.4870e-05,
        1.0647e-04, 5.1004e-05, 2.0377e-05, 8.3773e-05, 7.4751e-05, 1.0409e-04,
        4.5227e-05, 4.5719e-05, 7.0190e-05, 7.6427e-05, 9.1994e-05, 4.1597e-05,
        1.4515e-04, 3.8813e-05, 5.5964e-06, 6.6688e-05, 8.8950e-05, 8.4377e-06,
        6.9769e-06, 1.3850e-04, 5.2696e-05, 4.3077e-05, 2.1424e-04, 1.8642e-05,
        3.7179e-05, 3.2097e-05, 4.8540e-06, 1.6550e-04, 6.8941e-05, 4.7894e-05,
        2.7642e-05, 1.2800e-05, 6.8447e-05, 7.7985e-05, 1.3143e-04, 4.8353e-06,
        6.2518e-05, 6.1774e-06, 2.4743e-05, 7.7337e-05, 1.1059e-04, 8.9990e-05,
        6.9680e-05, 1.2529e-04, 4.9470e-05, 1.1985e-04, 8.5329e-05, 5.8268e-05,
        3.4022e-06, 4.6984e-05, 5.9321e-05, 6.2014e-05, 8.3026e-05, 4.5806e-05,
        4.1059e-05, 8.7502e-05, 7.2643e-06, 5.1814e-05, 5.9047e-05, 6.6486e-05,
        1.0886e-04, 5.0061e-05, 6.2863e-06, 4.3320e-06, 8.3732e-05, 2.5891e-05,
        2.2086e-05, 6.7077e-05, 3.5097e-05, 1.1273e-04, 7.3725e-05, 7.9770e-05,
        4.0662e-05, 3.7399e-05, 1.2336e-04, 1.1171e-05, 9.5902e-05],
       grad_fn=<CatBackward>)

mean_overall=tensor(6.3140e-05, grad_fn=<MeanBackward0>)

-----------------------------------------------ITERATION20-----------------------------------------------

final_causality=[[1, 1, 1, 1, 1, 1, 1, 1, 1, 1, 1, 1, 1], [1, 1, 1, 1, 1, 1, 1, 1, 1, 1, 1, 1, 1, 1, 1, 1, 1, 1, 1, 1, 1, 1, 1, 1, 1, 1, 1, 1, 1, 1, 1, 1, 1, 1, 1, 1, 1, 1, 1, 1, 1, 1, 1, 1, 1, 1, 1, 1, 1, 1], [1, 1, 1, 1, 1, 1, 1, 1, 1, 1, 1, 1, 1, 1, 1, 1, 1, 1, 1, 1, 1, 1, 1, 1, 1, 1, 1, 1, 1, 1, 1, 1, 1, 1, 1, 1, 1, 1, 1, 1, 1, 1, 1, 1, 1, 1, 1, 1, 1, 1]]

means=tensor([2.6681e-04, 0.0000e+00, 3.9637e-05, 0.0000e+00, 1.4251e-04, 1.1556e-05,
        3.4295e-05, 6.7491e-05, 4.0038e-04, 3.0781e-05, 8.5749e-05, 1.9987e-05,
        1.1937e-04, 6.4721e-06, 1.2642e-04, 2.5657e-05, 1.8509e-05, 6.9680e-05,
        1.7524e-04, 1.8374e-05, 8.7289e-05, 5.4792e-05, 5.9832e-05, 1.7195e-04,
        1.7591e-06, 1.3657e-06, 2.7219e-05, 5.4800e-06, 8.4536e-05, 8.8985e-05,
        2.2314e-05, 6.6088e-05, 1.4233e-05, 9.4747e-06, 5.0594e-05, 5.9394e-05,
        1.1533e-04, 6.2944e-05, 2.8598e-05, 9.5511e-05, 6.4375e-05, 1.1262e-04,
        3.5357e-05, 2.7075e-05, 7.7425e-05, 9.1917e-05, 8.2635e-05, 4.8416e-05,
        1.5951e-04, 5.1363e-05, 1.6054e-05, 7.2570e-05, 1.0359e-04, 7.2716e-06,
        1.4334e-05, 1.5633e-04, 3.4102e-05, 6.0027e-05, 2.3176e-04, 1.4346e-05,
        4.4059e-05, 4.2363e-05, 3.0133e-06, 1.6810e-04, 6.5943e-05, 4.6944e-05,
        3.0620e-05, 1.1399e-05, 6.6545e-05, 7.9425e-05, 1.3783e-04, 5.5956e-06,
        5.8517e-05, 6.4452e-06, 2.2967e-05, 7.4880e-05, 1.1277e-04, 9.2684e-05,
        7.6424e-05, 1.1964e-04, 5.1702e-05, 1.2280e-04, 8.1681e-05, 5.9142e-05,
        2.5625e-06, 4.3726e-05, 6.0099e-05, 6.1175e-05, 8.7739e-05, 4.3763e-05,
        3.6976e-05, 8.3697e-05, 9.0856e-06, 5.4931e-05, 5.5480e-05, 6.3330e-05,
        1.1010e-04, 4.7437e-05, 4.6015e-06, 3.0845e-06, 8.0030e-05, 2.4831e-05,
        2.3934e-05, 6.4317e-05, 3.4141e-05, 1.0879e-04, 7.3850e-05, 7.9744e-05,
        3.8291e-05, 3.5898e-05, 1.2604e-04, 1.3142e-05, 9.0622e-05],
       grad_fn=<CatBackward>)

mean_overall=tensor(6.5226e-05, grad_fn=<MeanBackward0>)

-----------------------------------------------ITERATION30-----------------------------------------------

final_causality=[[1, 1, 1, 1, 1, 1, 1, 1, 1, 1, 1, 1, 1], [1, 1, 1, 1, 1, 1, 1, 1, 1, 1, 1, 1, 1, 1, 1, 1, 1, 1, 1, 1, 1, 1, 1, 1, 1, 1, 1, 1, 1, 1, 1, 1, 1, 1, 1, 1, 1, 1, 1, 1, 1, 1, 1, 1, 1, 1, 1, 1, 1, 1], [1, 1, 1, 1, 1, 1, 1, 1, 1, 1, 1, 1, 1, 1, 1, 1, 1, 1, 1, 1, 1, 1, 1, 1, 1, 1, 1, 1, 1, 1, 1, 1, 1, 1, 1, 1, 1, 1, 1, 1, 1, 1, 1, 1, 1, 1, 1, 1, 1, 1]]

means=tensor([2.8270e-04, 0.0000e+00, 4.6003e-05, 0.0000e+00, 1.4190e-04, 1.2648e-05,
        2.8576e-05, 6.7286e-05, 3.8745e-04, 4.0303e-05, 8.8288e-05, 1.6254e-05,
        1.2605e-04, 7.7679e-06, 1.2429e-04, 2.7207e-05, 2.0656e-05, 6.7735e-05,
        1.7306e-04, 1.7298e-05, 8.5593e-05, 5.7802e-05, 5.8175e-05, 1.6977e-04,
        4.5623e-06, 1.2813e-07, 2.6248e-05, 6.7356e-06, 8.1922e-05, 8.7906e-05,
        2.1463e-05, 6.4459e-05, 1.2335e-05, 1.1139e-05, 5.3832e-05, 5.8530e-05,
        1.1368e-04, 6.1242e-05, 2.7287e-05, 9.3675e-05, 6.6069e-05, 1.1184e-04,
        3.6961e-05, 2.9733e-05, 7.6327e-05, 8.8518e-05, 8.4292e-05, 4.7588e-05,
        1.5811e-04, 4.9453e-05, 1.4736e-05, 7.1989e-05, 1.0116e-04, 4.5566e-06,
        1.3489e-05, 1.5328e-04, 3.7133e-05, 5.6586e-05, 2.2898e-04, 1.5081e-05,
        4.2416e-05, 4.0535e-05, 1.8578e-06, 1.6768e-04, 6.6068e-05, 4.7862e-05,
        3.0027e-05, 1.1627e-05, 6.5745e-05, 7.8475e-05, 1.3649e-04, 5.5361e-06,
        5.9002e-05, 6.0666e-06, 2.2887e-05, 7.5632e-05, 1.1252e-04, 9.2241e-05,
        7.4682e-05, 1.2048e-04, 5.1272e-05, 1.2208e-04, 8.2064e-05, 5.8785e-05,
        2.6993e-06, 4.4166e-05, 6.0551e-05, 6.1285e-05, 8.6430e-05, 4.4077e-05,
        3.8274e-05, 8.4288e-05, 8.8204e-06, 5.4333e-05, 5.5623e-05, 6.3837e-05,
        1.0851e-04, 4.7829e-05, 4.7988e-06, 3.3699e-06, 8.0743e-05, 2.5030e-05,
        2.3517e-05, 6.4344e-05, 3.4027e-05, 1.0935e-04, 7.3810e-05, 7.9542e-05,
        3.8543e-05, 3.6002e-05, 1.2556e-04, 1.2752e-05, 9.1559e-05],
       grad_fn=<CatBackward>)

mean_overall=tensor(6.5076e-05, grad_fn=<MeanBackward0>)

-----------------------------------------------ITERATION40-----------------------------------------------

final_causality=[[1, 1, 1, 1, 1, 1, 1, 1, 1, 1, 1, 1, 1], [1, 1, 1, 1, 1, 1, 1, 1, 1, 1, 1, 1, 1, 1, 1, 1, 1, 1, 1, 1, 1, 1, 1, 1, 1, 1, 1, 1, 1, 1, 1, 1, 1, 1, 1, 1, 1, 1, 1, 1, 1, 1, 1, 1, 1, 1, 1, 1, 1, 1], [1, 1, 1, 1, 1, 1, 1, 1, 1, 1, 1, 1, 1, 1, 1, 1, 1, 1, 1, 1, 1, 1, 1, 1, 1, 1, 1, 1, 1, 1, 1, 1, 1, 1, 1, 1, 1, 1, 1, 1, 1, 1, 1, 1, 1, 1, 1, 1, 1, 1]]

means=tensor([3.0077e-04, 0.0000e+00, 5.5005e-05, 0.0000e+00, 1.4280e-04, 1.1600e-05,
        1.5551e-05, 6.4898e-05, 3.5746e-04, 5.5566e-05, 8.9060e-05, 1.0640e-05,
        1.3341e-04, 1.1510e-05, 1.1858e-04, 3.1574e-05, 2.6744e-05, 6.3043e-05,
        1.6463e-04, 1.4083e-05, 8.2519e-05, 6.6325e-05, 5.3157e-05, 1.6342e-04,
        1.2510e-05, 4.6227e-06, 2.1626e-05, 1.0190e-05, 7.5371e-05, 8.4919e-05,
        1.9143e-05, 5.9777e-05, 6.5345e-06, 1.5553e-05, 6.2595e-05, 5.6508e-05,
        1.0961e-04, 5.6332e-05, 2.3791e-05, 8.8636e-05, 7.0651e-05, 1.0896e-04,
        4.1319e-05, 3.7399e-05, 7.3300e-05, 8.1000e-05, 8.8652e-05, 4.5015e-05,
        1.5301e-04, 4.4190e-05, 1.0613e-05, 6.9871e-05, 9.4826e-05, 2.0152e-06,
        1.0579e-05, 1.4547e-04, 4.5318e-05, 4.8948e-05, 2.2149e-04, 1.6983e-05,
        3.8960e-05, 3.5977e-05, 1.2345e-06, 1.6653e-04, 6.7373e-05, 4.8920e-05,
        2.8626e-05, 1.2243e-05, 6.6819e-05, 7.7064e-05, 1.3348e-04, 5.2528e-06,
        6.0561e-05, 5.6177e-06, 2.3304e-05, 7.7052e-05, 1.1165e-04, 9.1070e-05,
        7.1328e-05, 1.2291e-04, 5.0201e-05, 1.2054e-04, 8.3172e-05, 5.8093e-05,
        3.0716e-06, 4.5501e-05, 6.0649e-05, 6.1581e-05, 8.3807e-05, 4.5011e-05,
        4.0757e-05, 8.5945e-05, 8.0133e-06, 5.2866e-05, 5.6888e-05, 6.6103e-05,
        1.0657e-04, 4.8965e-05, 5.4550e-06, 4.0322e-06, 8.2516e-05, 2.5544e-05,
        2.2799e-05, 6.5099e-05, 3.4180e-05, 1.1099e-04, 7.3627e-05, 7.9334e-05,
        3.9480e-05, 3.6573e-05, 1.2431e-04, 1.1820e-05, 9.3983e-05],
       grad_fn=<CatBackward>)

mean_overall=tensor(6.4453e-05, grad_fn=<MeanBackward0>)

-----------------------------------------------ITERATION50-----------------------------------------------

final_causality=[[1, 1, 1, 1, 1, 1, 1, 1, 1, 1, 1, 1, 1], [1, 1, 1, 1, 1, 1, 1, 1, 1, 1, 1, 1, 1, 1, 1, 1, 1, 1, 1, 1, 1, 1, 1, 1, 1, 1, 1, 1, 1, 1, 1, 1, 1, 1, 1, 1, 1, 1, 1, 1, 1, 1, 1, 1, 1, 1, 1, 1, 1, 1], [1, 1, 1, 1, 1, 1, 1, 1, 1, 1, 1, 1, 1, 1, 1, 1, 1, 1, 1, 1, 1, 1, 1, 1, 1, 1, 1, 1, 1, 1, 1, 1, 1, 1, 1, 1, 1, 1, 1, 1, 1, 1, 1, 1, 1, 1, 1, 1, 1, 1]]

means=tensor([3.1405e-04, 0.0000e+00, 5.7973e-05, 0.0000e+00, 1.4409e-04, 1.2055e-05,
        1.5031e-05, 6.4964e-05, 3.5749e-04, 6.0081e-05, 9.0765e-05, 1.1922e-05,
        1.3789e-04, 1.1558e-05, 1.1847e-04, 3.1667e-05, 2.6965e-05, 6.2533e-05,
        1.6608e-04, 1.4064e-05, 8.2014e-05, 6.7034e-05, 5.3181e-05, 1.6360e-04,
        1.2735e-05, 4.9103e-06, 2.1938e-05, 1.0421e-05, 7.5069e-05, 8.5113e-05,
        1.9023e-05, 5.9829e-05, 6.5843e-06, 1.5821e-05, 6.3533e-05, 5.6515e-05,
        1.0933e-04, 5.6423e-05, 2.3711e-05, 8.8457e-05, 7.1156e-05, 1.0969e-04,
        4.1785e-05, 3.7688e-05, 7.3320e-05, 8.0283e-05, 8.9410e-05, 4.5338e-05,
        1.5384e-04, 4.4102e-05, 1.0629e-05, 7.0138e-05, 9.4675e-05, 2.6731e-06,
        1.0527e-05, 1.4512e-04, 4.6083e-05, 4.8639e-05, 2.2121e-04, 1.7053e-05,
        3.8564e-05, 3.5739e-05, 1.4361e-06, 1.6648e-04, 6.7871e-05, 4.9176e-05,
        2.8540e-05, 1.2351e-05, 6.6821e-05, 7.6674e-05, 1.3291e-04, 5.2568e-06,
        6.0599e-05, 5.4933e-06, 2.3217e-05, 7.7376e-05, 1.1187e-04, 9.1075e-05,
        7.0677e-05, 1.2317e-04, 5.0092e-05, 1.2038e-04, 8.3242e-05, 5.7950e-05,
        3.0963e-06, 4.5581e-05, 6.0776e-05, 6.1413e-05, 8.3280e-05, 4.5063e-05,
        4.1349e-05, 8.6117e-05, 7.9713e-06, 5.2750e-05, 5.6830e-05, 6.6776e-05,
        1.0564e-04, 4.9109e-05, 5.4899e-06, 4.0998e-06, 8.2825e-05, 2.5543e-05,
        2.2760e-05, 6.4845e-05, 3.4073e-05, 1.1106e-04, 7.3706e-05, 7.9527e-05,
        3.9485e-05, 3.6488e-05, 1.2426e-04, 1.1757e-05, 9.4336e-05],
       grad_fn=<CatBackward>)

mean_overall=tensor(6.4772e-05, grad_fn=<MeanBackward0>)

-----------------------------------------------ITERATION60-----------------------------------------------

final_causality=[[1, 1, 1, 1, 1, 1, 1, 1, 1, 1, 1, 1, 1], [1, 1, 1, 1, 1, 1, 1, 1, 1, 1, 1, 1, 1, 1, 1, 1, 1, 1, 1, 1, 1, 1, 1, 1, 1, 1, 1, 1, 1, 1, 1, 1, 1, 1, 1, 1, 1, 1, 1, 1, 1, 1, 1, 1, 1, 1, 1, 1, 1, 1], [1, 1, 1, 1, 1, 1, 1, 1, 1, 1, 1, 1, 1, 1, 1, 1, 1, 1, 1, 1, 1, 1, 1, 1, 1, 1, 1, 1, 1, 1, 1, 1, 1, 1, 1, 1, 1, 1, 1, 1, 1, 1, 1, 1, 1, 1, 1, 1, 1, 1]]

means=tensor([3.2686e-04, 1.3878e-17, 5.8652e-05, 1.3878e-17, 1.4547e-04, 1.3438e-05,
        2.0125e-05, 6.6259e-05, 3.7112e-04, 6.0274e-05, 9.3271e-05, 1.6215e-05,
        1.4175e-04, 9.9143e-06, 1.2098e-04, 2.9803e-05, 2.4504e-05, 6.3882e-05,
        1.7222e-04, 1.5525e-05, 8.2662e-05, 6.4151e-05, 5.5557e-05, 1.6681e-04,
        9.4222e-06, 3.1576e-06, 2.4623e-05, 9.1795e-06, 7.7626e-05, 8.6790e-05,
        1.9895e-05, 6.2103e-05, 9.3644e-06, 1.4202e-05, 6.0884e-05, 5.7458e-05,
        1.1080e-04, 5.8858e-05, 2.5202e-05, 9.0541e-05, 6.9800e-05, 1.1215e-04,
        4.0464e-05, 3.4592e-05, 7.4761e-05, 8.2614e-05, 8.8525e-05, 4.7033e-05,
        1.5748e-04, 4.6401e-05, 1.2575e-05, 7.1549e-05, 9.7366e-05, 3.2275e-07,
        1.1830e-05, 1.4818e-04, 4.3456e-05, 5.1569e-05, 2.2427e-04, 1.6294e-05,
        3.9480e-05, 3.7474e-05, 1.2612e-07, 1.6694e-04, 6.7668e-05, 4.9118e-05,
        2.9055e-05, 1.2229e-05, 6.6331e-05, 7.6773e-05, 1.3338e-04, 5.3890e-06,
        5.9941e-05, 5.5214e-06, 2.2888e-05, 7.7235e-05, 1.1266e-04, 9.1632e-05,
        7.1152e-05, 1.2246e-04, 5.0436e-05, 1.2087e-04, 8.2831e-05, 5.8091e-05,
        2.9609e-06, 4.5086e-05, 6.0980e-05, 6.1010e-05, 8.3676e-05, 4.4696e-05,
        4.1105e-05, 8.5619e-05, 8.2929e-06, 5.3256e-05, 5.6084e-05, 6.6340e-05,
        1.0509e-04, 4.8805e-05, 5.2375e-06, 3.8868e-06, 8.2480e-05, 2.5301e-05,
        2.3029e-05, 6.4114e-05, 3.3842e-05, 1.1042e-04, 7.3996e-05, 7.9977e-05,
        3.9036e-05, 3.6126e-05, 1.2478e-04, 1.2092e-05, 9.3749e-05],
       grad_fn=<CatBackward>)

mean_overall=tensor(6.5500e-05, grad_fn=<MeanBackward0>)

-----------------------------------------------ITERATION70-----------------------------------------------

final_causality=[[1, 1, 1, 1, 1, 1, 1, 1, 1, 1, 1, 1, 1], [1, 1, 1, 1, 1, 1, 1, 1, 1, 1, 1, 1, 1, 1, 1, 1, 1, 1, 1, 1, 1, 1, 1, 1, 1, 1, 1, 1, 1, 1, 1, 1, 1, 1, 1, 1, 1, 1, 1, 1, 1, 1, 1, 1, 1, 1, 1, 1, 1, 1], [1, 1, 1, 1, 1, 1, 1, 1, 1, 1, 1, 1, 1, 1, 1, 1, 1, 1, 1, 1, 1, 1, 1, 1, 1, 1, 1, 1, 1, 1, 1, 1, 1, 1, 1, 1, 1, 1, 1, 1, 1, 1, 1, 1, 1, 1, 1, 1, 1, 1]]

means=tensor([3.4246e-04, 0.0000e+00, 6.1635e-05, 0.0000e+00, 1.4735e-04, 1.3931e-05,
        2.0517e-05, 6.6434e-05, 3.7376e-04, 6.4863e-05, 9.5274e-05, 1.8676e-05,
        1.4681e-04, 9.7466e-06, 1.2129e-04, 2.9632e-05, 2.4410e-05, 6.3560e-05,
        1.7469e-04, 1.5745e-05, 8.2272e-05, 6.4561e-05, 5.5939e-05, 1.6751e-04,
        9.1862e-06, 3.2401e-06, 2.5346e-05, 9.2520e-06, 7.7764e-05, 8.7289e-05,
        1.9908e-05, 6.2534e-05, 9.8370e-06, 1.4240e-05, 6.1559e-05, 5.7657e-05,
        1.1076e-04, 5.9368e-05, 2.5374e-05, 9.0686e-05, 7.0180e-05, 1.1333e-04,
        4.0798e-05, 3.4489e-05, 7.5025e-05, 8.2332e-05, 8.9256e-05, 4.7669e-05,
        1.5893e-04, 4.6678e-05, 1.2900e-05, 7.2046e-05, 9.7658e-05, 7.3418e-07,
        1.1979e-05, 1.4832e-04, 4.3927e-05, 5.1811e-05, 2.2446e-04, 1.6249e-05,
        3.9259e-05, 3.7532e-05, 1.6458e-07, 1.6695e-04, 6.8212e-05, 4.9294e-05,
        2.9064e-05, 1.2334e-05, 6.6299e-05, 7.6471e-05, 1.3283e-04, 5.4028e-06,
        5.9908e-05, 5.4464e-06, 2.2798e-05, 7.7547e-05, 1.1308e-04, 9.1739e-05,
        7.0523e-05, 1.2268e-04, 5.0383e-05, 1.2081e-04, 8.2841e-05, 5.8004e-05,
        2.9672e-06, 4.5120e-05, 6.1099e-05, 6.0760e-05, 8.3215e-05, 4.4696e-05,
        4.1656e-05, 8.5755e-05, 8.3088e-06, 5.3227e-05, 5.5935e-05, 6.6890e-05,
        1.0416e-04, 4.8938e-05, 5.2479e-06, 3.9097e-06, 8.2774e-05, 2.5254e-05,
        2.3026e-05, 6.3773e-05, 3.3728e-05, 1.1042e-04, 7.4212e-05, 8.0335e-05,
        3.8984e-05, 3.6074e-05, 1.2483e-04, 1.2092e-05, 9.4437e-05],
       grad_fn=<CatBackward>)

mean_overall=tensor(6.5976e-05, grad_fn=<MeanBackward0>)

-----------------------------------------------ITERATION80-----------------------------------------------

final_causality=[[1, 1, 1, 1, 1, 1, 1, 1, 1, 1, 1, 1, 1], [1, 1, 1, 1, 1, 1, 1, 1, 1, 1, 1, 1, 1, 1, 1, 1, 1, 1, 1, 1, 1, 1, 1, 1, 1, 1, 1, 1, 1, 1, 1, 1, 1, 1, 1, 1, 1, 1, 1, 1, 1, 1, 1, 1, 1, 1, 1, 1, 1, 1], [1, 1, 1, 1, 1, 1, 1, 1, 1, 1, 1, 1, 1, 1, 1, 1, 1, 1, 1, 1, 1, 1, 1, 1, 1, 1, 1, 1, 1, 1, 1, 1, 1, 1, 1, 1, 1, 1, 1, 1, 1, 1, 1, 1, 1, 1, 1, 1, 1, 1]]

means=tensor([3.5959e-04, 0.0000e+00, 6.5730e-05, 0.0000e+00, 1.4952e-04, 1.4057e-05,
        1.8863e-05, 6.6142e-05, 3.7171e-04, 7.1535e-05, 9.7155e-05, 2.0374e-05,
        1.5256e-04, 1.0215e-05, 1.2066e-04, 3.0192e-05, 2.5339e-05, 6.2515e-05,
        1.7567e-04, 1.5438e-05, 8.1421e-05, 6.6432e-05, 5.5474e-05, 1.6715e-04,
        1.0279e-05, 4.1242e-06, 2.5247e-05, 9.9020e-06, 7.6863e-05, 8.7298e-05,
        1.9546e-05, 6.2171e-05, 9.3234e-06, 1.4997e-05, 6.3724e-05, 5.7541e-05,
        1.1007e-04, 5.9057e-05, 2.4984e-05, 8.9993e-05, 7.1337e-05, 1.1401e-04,
        4.1873e-05, 3.5687e-05, 7.4785e-05, 8.0918e-05, 9.0732e-05, 4.7865e-05,
        1.5948e-04, 4.6095e-05, 1.2534e-05, 7.2160e-05, 9.6925e-05, 2.3638e-06,
        1.1626e-05, 1.4721e-04, 4.5769e-05, 5.0907e-05, 2.2342e-04, 1.6513e-05,
        3.8544e-05, 3.6867e-05, 8.0819e-07, 1.6678e-04, 6.9097e-05, 4.9575e-05,
        2.8855e-05, 1.2542e-05, 6.6467e-05, 7.5985e-05, 1.3184e-04, 5.3649e-06,
        6.0143e-05, 5.3233e-06, 2.2811e-05, 7.8065e-05, 1.1335e-04, 9.1655e-05,
        6.9405e-05, 1.2331e-04, 5.0153e-05, 1.2053e-04, 8.3034e-05, 5.7812e-05,
        3.0362e-06, 4.5386e-05, 6.1185e-05, 6.0571e-05, 8.2369e-05, 4.4861e-05,
        4.2574e-05, 8.6174e-05, 8.1920e-06, 5.2963e-05, 5.6039e-05, 6.7885e-05,
        1.0303e-04, 4.9267e-05, 5.3733e-06, 4.0386e-06, 8.3359e-05, 2.5290e-05,
        2.2904e-05, 6.3591e-05, 3.3661e-05, 1.1070e-04, 7.4398e-05, 8.0658e-05,
        3.9103e-05, 3.6128e-05, 1.2468e-04, 1.1947e-05, 9.6075e-05],
       grad_fn=<CatBackward>)

mean_overall=tensor(6.6361e-05, grad_fn=<MeanBackward0>)

-----------------------------------------------ITERATION90-----------------------------------------------

final_causality=[[1, 1, 1, 1, 1, 1, 1, 1, 1, 1, 1, 1, 1], [1, 1, 1, 1, 1, 1, 1, 1, 1, 1, 1, 1, 1, 1, 1, 1, 1, 1, 1, 1, 1, 1, 1, 1, 1, 1, 1, 1, 1, 1, 1, 1, 1, 1, 1, 1, 1, 1, 1, 1, 1, 1, 1, 1, 1, 1, 1, 1, 1, 1], [1, 1, 1, 1, 1, 1, 1, 1, 1, 1, 1, 1, 1, 1, 1, 1, 1, 1, 1, 1, 1, 1, 1, 1, 1, 1, 1, 1, 1, 1, 1, 1, 1, 1, 1, 1, 1, 1, 1, 1, 1, 1, 1, 1, 1, 1, 1, 1, 1, 1]]

means=tensor([3.7728e-04, 1.3878e-17, 6.9083e-05, 1.3878e-17, 1.5179e-04, 1.4591e-05,
        1.9435e-05, 6.6344e-05, 3.7510e-04, 7.6715e-05, 9.9457e-05, 2.3367e-05,
        1.5834e-04, 1.0005e-05, 1.2107e-04, 2.9972e-05, 2.5233e-05, 6.2189e-05,
        1.7861e-04, 1.5720e-05, 8.1005e-05, 6.6882e-05, 5.5953e-05, 1.6802e-04,
        9.9645e-06, 4.1970e-06, 2.6153e-05, 9.9693e-06, 7.7087e-05, 8.7908e-05,
        1.9577e-05, 6.2704e-05, 9.9094e-06, 1.5012e-05, 6.4482e-05, 5.7798e-05,
        1.1007e-04, 5.9691e-05, 2.5214e-05, 9.0199e-05, 7.1762e-05, 1.1541e-04,
        4.2247e-05, 3.5535e-05, 7.5115e-05, 8.0678e-05, 9.1571e-05, 4.8631e-05,
        1.6120e-04, 4.6460e-05, 1.2943e-05, 7.2744e-05, 9.7316e-05, 2.8025e-06,
        1.1819e-05, 1.4744e-04, 4.6279e-05, 5.1270e-05, 2.2370e-04, 1.6449e-05,
        3.8332e-05, 3.6978e-05, 8.6273e-07, 1.6680e-04, 6.9718e-05, 4.9750e-05,
        2.8880e-05, 1.2661e-05, 6.6434e-05, 7.5677e-05, 1.3124e-04, 5.3800e-06,
        6.0098e-05, 5.2505e-06, 2.2716e-05, 7.8412e-05, 1.1386e-04, 9.1791e-05,
        6.8704e-05, 1.2356e-04, 5.0101e-05, 1.2049e-04, 8.3036e-05, 5.7727e-05,
        3.0419e-06, 4.5436e-05, 6.1312e-05, 6.0280e-05, 8.1866e-05, 4.4856e-05,
        4.3186e-05, 8.6330e-05, 8.2181e-06, 5.2941e-05, 5.5863e-05, 6.8467e-05,
        1.0200e-04, 4.9421e-05, 5.3837e-06, 4.0576e-06, 8.3693e-05, 2.5230e-05,
        2.2904e-05, 6.3204e-05, 3.3535e-05, 1.1070e-04, 7.4672e-05, 8.1088e-05,
        3.9052e-05, 3.6065e-05, 1.2502e-04, 1.1955e-05, 9.7234e-05],
       grad_fn=<CatBackward>)

mean_overall=tensor(6.6929e-05, grad_fn=<MeanBackward0>)

-----------------------------------------------ITERATION100-----------------------------------------------

final_causality=[[1, 1, 1, 1, 1, 1, 1, 1, 1, 1, 1, 1, 1], [1, 1, 1, 1, 1, 1, 1, 1, 1, 1, 1, 1, 1, 1, 1, 1, 1, 1, 1, 1, 1, 1, 1, 1, 1, 1, 1, 1, 1, 1, 1, 1, 1, 1, 1, 1, 1, 1, 1, 1, 1, 1, 1, 1, 1, 1, 1, 1, 1, 1], [1, 1, 1, 1, 1, 1, 1, 1, 1, 1, 1, 1, 1, 1, 1, 1, 1, 1, 1, 1, 1, 1, 1, 1, 1, 1, 1, 1, 1, 1, 1, 1, 1, 1, 1, 1, 1, 1, 1, 1, 1, 1, 1, 1, 1, 1, 1, 1, 1, 1]]

means=tensor([3.9603e-04, 0.0000e+00, 7.2519e-05, 0.0000e+00, 1.5422e-04, 1.5224e-05,
        2.0382e-05, 6.6633e-05, 3.7953e-04, 8.1972e-05, 1.0196e-04, 2.6747e-05,
        1.6448e-04, 9.6833e-06, 1.2166e-04, 2.9626e-05, 2.5009e-05, 6.1960e-05,
        1.8202e-04, 1.6108e-05, 8.0637e-05, 6.7144e-05, 5.6604e-05, 1.6911e-04,
        9.4236e-06, 4.1512e-06, 2.7286e-05, 9.9528e-06, 7.7498e-05, 8.8646e-05,
        1.9672e-05, 6.3404e-05, 1.0696e-05, 1.4915e-05, 6.5072e-05, 5.8130e-05,
        1.1017e-04, 6.0509e-05, 2.5553e-05, 9.0557e-05, 7.2100e-05, 1.1701e-04,
        4.2536e-05, 3.5173e-05, 7.5551e-05, 8.0607e-05, 9.2359e-05, 4.9532e-05,
        1.6320e-04, 4.6991e-05, 1.3496e-05, 7.3432e-05, 9.7900e-05, 3.0833e-06,
        1.2110e-05, 1.4790e-04, 4.6615e-05, 5.1849e-05, 2.2421e-04, 1.6334e-05,
        3.8189e-05, 3.7216e-05, 8.3549e-07, 1.6686e-04, 7.0331e-05, 4.9918e-05,
        2.8942e-05, 1.2772e-05, 6.6370e-05, 7.5388e-05, 1.3066e-04, 5.4042e-06,
        6.0009e-05, 5.3953e-06, 2.2601e-05, 7.8752e-05, 1.1444e-04, 9.1967e-05,
        6.8023e-05, 1.2377e-04, 5.0077e-05, 1.2049e-04, 8.3008e-05, 5.7660e-05,
        3.0382e-06, 4.5493e-05, 6.1456e-05, 5.9958e-05, 8.1390e-05, 4.4823e-05,
        4.3784e-05, 8.6456e-05, 8.2680e-06, 5.2955e-05, 5.5637e-05, 6.9010e-05,
        1.0095e-04, 4.9559e-05, 5.3773e-06, 4.0596e-06, 8.4007e-05, 2.5152e-05,
        2.2922e-05, 6.2766e-05, 3.3394e-05, 1.1065e-04, 7.4986e-05, 8.1563e-05,
        3.8997e-05, 3.5982e-05, 1.2551e-04, 1.1987e-05, 9.8374e-05],
       grad_fn=<CatBackward>)

mean_overall=tensor(6.7562e-05, grad_fn=<MeanBackward0>)

-----------------------------------------------ITERATION110-----------------------------------------------

final_causality=[[1, 1, 1, 1, 1, 1, 1, 1, 1, 1, 1, 1, 1], [1, 1, 1, 1, 1, 1, 1, 1, 1, 1, 1, 1, 1, 1, 1, 1, 1, 1, 1, 1, 1, 1, 1, 1, 1, 1, 1, 1, 1, 1, 1, 1, 1, 1, 1, 1, 1, 1, 1, 1, 1, 1, 1, 1, 1, 1, 1, 1, 1, 1], [1, 1, 1, 1, 1, 1, 1, 1, 1, 1, 1, 1, 1, 1, 1, 1, 1, 1, 1, 1, 1, 1, 1, 1, 1, 1, 1, 1, 1, 1, 1, 1, 1, 1, 1, 1, 1, 1, 1, 1, 1, 1, 1, 1, 1, 1, 1, 1, 1, 1]]

means=tensor([4.1593e-04, 0.0000e+00, 7.6589e-05, 0.0000e+00, 1.5683e-04, 1.5727e-05,
        2.0401e-05, 6.6727e-05, 3.8190e-04, 8.8368e-05, 1.0451e-04, 2.9829e-05,
        1.7114e-04, 9.6474e-06, 1.2184e-04, 2.9608e-05, 2.5262e-05, 6.1401e-05,
        1.8486e-04, 1.6266e-05, 8.0049e-05, 6.8093e-05, 5.6886e-05, 1.6976e-04,
        9.4816e-06, 4.4728e-06, 2.8086e-05, 1.0203e-05, 7.7446e-05, 8.9181e-05,
        1.9599e-05, 6.3756e-05, 1.1053e-05, 1.5147e-05, 6.6374e-05, 5.8326e-05,
        1.0997e-04, 6.0974e-05, 2.5645e-05, 9.0539e-05, 7.2807e-05, 1.1842e-04,
        4.3178e-05, 3.5402e-05, 7.5766e-05, 8.0019e-05, 9.3516e-05, 5.0255e-05,
        1.6485e-04, 4.7144e-05, 1.3791e-05, 7.3960e-05, 9.8026e-05, 3.9296e-06,
        1.2191e-05, 1.4780e-04, 4.7594e-05, 5.1917e-05, 2.2417e-04, 1.6358e-05,
        3.7861e-05, 3.7130e-05, 1.0852e-06, 1.6683e-04, 7.1113e-05, 5.0142e-05,
        2.8905e-05, 1.2933e-05, 6.6394e-05, 7.5006e-05, 1.2988e-04, 5.4052e-06,
        6.0039e-05, 5.6408e-06, 2.2528e-05, 7.9194e-05, 1.1497e-04, 9.2059e-05,
        6.7097e-05, 1.2417e-04, 4.9970e-05, 1.2037e-04, 8.3061e-05, 5.7542e-05,
        3.0636e-06, 4.5668e-05, 6.1593e-05, 5.9660e-05, 8.0727e-05, 4.4865e-05,
        4.4571e-05, 8.6714e-05, 8.2577e-06, 5.2861e-05, 5.5520e-05, 6.9773e-05,
        9.9779e-05, 4.9790e-05, 5.4233e-06, 4.1116e-06, 8.4461e-05, 2.5110e-05,
        2.2886e-05, 6.2387e-05, 3.3268e-05, 1.1073e-04, 7.5294e-05, 8.2027e-05,
        3.9002e-05, 3.5945e-05, 1.2601e-04, 1.1952e-05, 9.9813e-05],
       grad_fn=<CatBackward>)

mean_overall=tensor(6.8173e-05, grad_fn=<MeanBackward0>)

-----------------------------------------------ITERATION120-----------------------------------------------

final_causality=[[1, 1, 1, 1, 1, 1, 1, 1, 1, 1, 1, 1, 1], [1, 1, 1, 1, 1, 1, 1, 1, 1, 1, 1, 1, 1, 1, 1, 1, 1, 1, 1, 1, 1, 1, 1, 1, 1, 1, 1, 1, 1, 1, 1, 1, 1, 1, 1, 1, 1, 1, 1, 1, 1, 1, 1, 1, 1, 1, 1, 1, 1, 1], [1, 1, 1, 1, 1, 1, 1, 1, 1, 1, 1, 1, 1, 1, 1, 1, 1, 1, 1, 1, 1, 1, 1, 1, 1, 1, 1, 1, 1, 1, 1, 1, 1, 1, 1, 1, 1, 1, 1, 1, 1, 1, 1, 1, 1, 1, 1, 1, 1, 1]]

means=tensor([4.3681e-04, 1.3878e-17, 8.0803e-05, 1.3878e-17, 1.5958e-04, 1.6304e-05,
        2.0637e-05, 6.6877e-05, 3.8492e-04, 9.4954e-05, 1.0723e-04, 3.3198e-05,
        1.7816e-04, 9.5478e-06, 1.2213e-04, 2.9519e-05, 2.5427e-05, 6.0892e-05,
        1.8803e-04, 1.6490e-05, 7.9480e-05, 6.8955e-05, 5.7277e-05, 1.7056e-04,
        9.4124e-06, 4.7326e-06, 2.9035e-05, 1.0411e-05, 7.7505e-05, 8.9801e-05,
        1.9562e-05, 6.4212e-05, 1.1534e-05, 1.5319e-05, 6.7611e-05, 5.8570e-05,
        1.0983e-04, 6.1556e-05, 2.5802e-05, 9.0610e-05, 7.3480e-05, 1.1997e-04,
        4.3788e-05, 3.5515e-05, 7.6048e-05, 7.9521e-05, 9.4670e-05, 5.1074e-05,
        1.6669e-04, 4.7397e-05, 1.4223e-05, 7.4556e-05, 9.8267e-05, 4.7008e-06,
        1.2368e-05, 1.4783e-04, 4.8493e-05, 5.2114e-05, 2.2426e-04, 1.6353e-05,
        3.7666e-05, 3.7119e-05, 1.2900e-06, 1.6681e-04, 7.1904e-05, 5.0367e-05,
        2.8888e-05, 1.3093e-05, 6.6401e-05, 7.4631e-05, 1.2911e-04, 5.4116e-06,
        6.0043e-05, 5.8954e-06, 2.2440e-05, 7.9640e-05, 1.1555e-04, 9.2176e-05,
        6.6886e-05, 1.2456e-04, 4.9877e-05, 1.2027e-04, 8.3098e-05, 5.7433e-05,
        3.0844e-06, 4.5828e-05, 6.1745e-05, 5.9341e-05, 8.0068e-05, 4.4891e-05,
        4.5366e-05, 8.6960e-05, 8.2611e-06, 5.2785e-05, 5.5371e-05, 7.0526e-05,
        9.8577e-05, 5.0017e-05, 5.4606e-06, 4.1550e-06, 8.4913e-05, 2.5056e-05,
        2.2860e-05, 6.1973e-05, 3.3129e-05, 1.1079e-04, 7.5635e-05, 8.2524e-05,
        3.8994e-05, 3.5894e-05, 1.2654e-04, 1.1930e-05, 1.0126e-04],
       grad_fn=<CatBackward>)

mean_overall=tensor(6.8841e-05, grad_fn=<MeanBackward0>)

-----------------------------------------------ITERATION130-----------------------------------------------

final_causality=[[1, 1, 1, 1, 1, 1, 1, 1, 1, 1, 1, 1, 1], [1, 1, 1, 1, 1, 1, 1, 1, 1, 1, 1, 1, 1, 1, 1, 1, 1, 1, 1, 1, 1, 1, 1, 1, 1, 1, 1, 1, 1, 1, 1, 1, 1, 1, 1, 1, 1, 1, 1, 1, 1, 1, 1, 1, 1, 1, 1, 1, 1, 1], [1, 1, 1, 1, 1, 1, 1, 1, 1, 1, 1, 1, 1, 1, 1, 1, 1, 1, 1, 1, 1, 1, 1, 1, 1, 1, 1, 1, 1, 1, 1, 1, 1, 1, 1, 1, 1, 1, 1, 1, 1, 1, 1, 1, 1, 1, 1, 1, 1, 1]]

means=tensor([4.5869e-04, 0.0000e+00, 8.5132e-05, 0.0000e+00, 1.6247e-04, 1.6975e-05,
        2.1169e-05, 6.7098e-05, 3.8878e-04, 1.0168e-04, 1.1015e-04, 3.6904e-05,
        1.8555e-04, 9.3613e-06, 1.2256e-04, 2.9332e-05, 2.5466e-05, 6.0460e-05,
        1.9162e-04, 1.6800e-05, 7.8945e-05, 6.9678e-05, 5.7807e-05, 1.7154e-04,
        9.1681e-06, 4.9012e-06, 3.0171e-05, 1.0555e-05, 7.7713e-05, 9.0527e-05,
        1.9576e-05, 6.4804e-05, 1.2178e-05, 1.5405e-05, 6.8728e-05, 5.8876e-05,
        1.0977e-04, 6.2291e-05, 2.6046e-05, 9.0803e-05, 7.4089e-05, 1.2169e-04,
        4.4337e-05, 3.5465e-05, 7.6415e-05, 7.9152e-05, 9.5793e-05, 5.2008e-05,
        1.6877e-04, 4.7782e-05, 1.4782e-05, 7.5237e-05, 9.8658e-05, 5.3526e-06,
        1.2628e-05, 1.4803e-04, 4.9263e-05, 5.2480e-05, 2.2453e-04, 1.6309e-05,
        3.7525e-05, 3.7208e-05, 1.4277e-06, 1.6682e-04, 7.2692e-05, 5.0589e-05,
        2.8899e-05, 1.3247e-05, 6.6384e-05, 7.4272e-05, 1.2836e-04, 5.4255e-06,
        6.0012e-05, 6.1572e-06, 2.2335e-05, 8.0083e-05, 1.1619e-04, 9.2325e-05,
        6.6747e-05, 1.2492e-04, 4.9806e-05, 1.2020e-04, 8.3110e-05, 5.7339e-05,
        3.0982e-06, 4.5966e-05, 6.1913e-05, 5.8996e-05, 7.9426e-05, 4.4893e-05,
        4.6158e-05, 8.7186e-05, 8.2831e-06, 5.2737e-05, 5.5182e-05, 7.1251e-05,
        9.7345e-05, 5.0233e-05, 5.4848e-06, 4.1853e-06, 8.5351e-05, 2.4987e-05,
        2.2863e-05, 6.1515e-05, 3.2976e-05, 1.1080e-04, 7.6012e-05, 8.3060e-05,
        3.8967e-05, 3.5826e-05, 1.2710e-04, 1.1925e-05, 1.0271e-04],
       grad_fn=<CatBackward>)

mean_overall=tensor(6.9566e-05, grad_fn=<MeanBackward0>)

-----------------------------------------------ITERATION140-----------------------------------------------

final_causality=[[1, 1, 1, 1, 1, 1, 1, 1, 1, 1, 1, 1, 1], [1, 1, 1, 1, 1, 1, 1, 1, 1, 1, 1, 1, 1, 1, 1, 1, 1, 1, 1, 1, 1, 1, 1, 1, 1, 1, 1, 1, 1, 1, 1, 1, 1, 1, 1, 1, 1, 1, 1, 1, 1, 1, 1, 1, 1, 1, 1, 1, 1, 1], [1, 1, 1, 1, 1, 1, 1, 1, 1, 1, 1, 1, 1, 1, 1, 1, 1, 1, 1, 1, 1, 1, 1, 1, 1, 1, 1, 1, 1, 1, 1, 1, 1, 1, 1, 1, 1, 1, 1, 1, 1, 1, 1, 1, 1, 1, 1, 1, 1, 1]]

means=tensor([4.8157e-04, 1.3878e-17, 8.9776e-05, 1.3878e-17, 1.6551e-04, 1.7658e-05,
        2.1520e-05, 6.7292e-05, 3.9235e-04, 1.0892e-04, 1.1320e-04, 4.0681e-05,
        1.9336e-04, 9.2335e-06, 1.2292e-04, 2.9212e-05, 2.5614e-05, 5.9950e-05,
        1.9522e-04, 1.7074e-05, 7.8349e-05, 7.0584e-05, 5.8280e-05, 1.7247e-04,
        9.0494e-06, 5.1563e-06, 3.1295e-05, 1.0780e-05, 7.7835e-05, 9.1239e-05,
        1.9558e-05, 6.5343e-05, 1.2756e-05, 1.5566e-05, 7.0051e-05, 5.9167e-05,
        1.0965e-04, 6.3144e-05, 2.6247e-05, 9.0924e-05, 7.4803e-05, 1.2343e-04,
        4.4987e-05, 3.5546e-05, 7.6950e-05, 7.8667e-05, 9.7041e-05, 5.2942e-05,
        1.7086e-04, 4.8103e-05, 1.5310e-05, 7.5907e-05, 9.8965e-05, 6.1490e-06,
        1.2855e-05, 1.4813e-04, 5.0203e-05, 5.2754e-05, 2.2469e-04, 1.6295e-05,
        3.7341e-05, 3.7235e-05, 1.6302e-06, 1.6680e-04, 7.3542e-05, 5.0830e-05,
        2.8890e-05, 1.3417e-05, 6.6386e-05, 7.3888e-05, 1.2754e-04, 5.4350e-06,
        6.0005e-05, 6.4334e-06, 2.2236e-05, 8.0563e-05, 1.1685e-04, 9.2461e-05,
        6.6586e-05, 1.2533e-04, 4.9716e-05, 1.2010e-04, 8.3138e-05, 5.7234e-05,
        3.1191e-06, 4.6136e-05, 6.2090e-05, 5.8647e-05, 7.8726e-05, 4.4911e-05,
        4.7020e-05, 8.7449e-05, 8.2933e-06, 5.2664e-05, 5.5011e-05, 7.2045e-05,
        9.6057e-05, 5.0479e-05, 5.5214e-06, 4.2274e-06, 8.5835e-05, 2.4923e-05,
        2.2879e-05, 6.1055e-05, 3.2820e-05, 1.1085e-04, 7.6410e-05, 8.3612e-05,
        3.8952e-05, 3.5766e-05, 1.2769e-04, 1.1905e-05, 1.0426e-04],
       grad_fn=<CatBackward>)

mean_overall=tensor(7.0319e-05, grad_fn=<MeanBackward0>)

-----------------------------------------------ITERATION150-----------------------------------------------

final_causality=[[1, 1, 1, 1, 1, 1, 1, 1, 1, 1, 1, 1, 1], [1, 1, 1, 1, 1, 1, 1, 1, 1, 1, 1, 1, 1, 1, 1, 1, 1, 1, 1, 1, 1, 1, 1, 1, 1, 1, 1, 1, 1, 1, 1, 1, 1, 1, 1, 1, 1, 1, 1, 1, 1, 1, 1, 1, 1, 1, 1, 1, 1, 1], [1, 1, 1, 1, 1, 1, 1, 1, 1, 1, 1, 1, 1, 1, 1, 1, 1, 1, 1, 1, 1, 1, 1, 1, 1, 1, 1, 1, 1, 1, 1, 1, 1, 1, 1, 1, 1, 1, 1, 1, 1, 1, 1, 1, 1, 1, 1, 1, 1, 1]]

means=tensor([5.0545e-04, 0.0000e+00, 9.4653e-05, 0.0000e+00, 1.6869e-04, 1.8389e-05,
        2.1890e-05, 6.7502e-05, 3.9610e-04, 1.1652e-04, 1.1641e-04, 4.4643e-05,
        2.0158e-04, 9.1035e-06, 1.2330e-04, 2.9092e-05, 2.5773e-05, 5.9431e-05,
        1.9902e-04, 1.7364e-05, 7.7734e-05, 7.1538e-05, 5.8781e-05, 1.7345e-04,
        8.9304e-06, 5.4228e-06, 3.2495e-05, 1.1019e-05, 7.7972e-05, 9.1988e-05,
        1.9542e-05, 6.5908e-05, 1.3365e-05, 1.5733e-05, 7.1445e-05, 5.9476e-05,
        1.0953e-04, 6.4089e-05, 2.6462e-05, 9.1055e-05, 7.5551e-05, 1.2526e-04,
        4.5670e-05, 3.5634e-05, 7.7509e-05, 7.8171e-05, 9.8348e-05, 5.3926e-05,
        1.7304e-04, 4.8442e-05, 1.5876e-05, 7.6605e-05, 9.9286e-05, 6.9777e-06,
        1.3099e-05, 1.4825e-04, 5.1186e-05, 5.3046e-05, 2.2488e-04, 1.6281e-05,
        3.7155e-05, 3.7270e-05, 1.8416e-06, 1.6679e-04, 7.4426e-05, 5.1082e-05,
        2.8880e-05, 1.3594e-05, 6.6388e-05, 7.3498e-05, 1.2670e-04, 5.4450e-06,
        5.9996e-05, 6.7207e-06, 2.2132e-05, 8.1063e-05, 1.1755e-04, 9.2602e-05,
        6.6418e-05, 1.2576e-04, 4.9624e-05, 1.2000e-04, 8.3188e-05, 5.7130e-05,
        3.1412e-06, 4.6314e-05, 6.2279e-05, 5.8286e-05, 7.7999e-05, 4.4926e-05,
        4.7921e-05, 8.7725e-05, 8.3045e-06, 5.2589e-05, 5.4833e-05, 7.2864e-05,
        9.4726e-05, 5.0737e-05, 5.5597e-06, 4.2707e-06, 8.6340e-05, 2.4855e-05,
        2.2894e-05, 6.0576e-05, 3.2656e-05, 1.1090e-04, 7.6836e-05, 8.4189e-05,
        3.8936e-05, 3.5702e-05, 1.2831e-04, 1.1884e-05, 1.0586e-04],
       grad_fn=<CatBackward>)

mean_overall=tensor(7.1111e-05, grad_fn=<MeanBackward0>)

-----------------------------------------------ITERATION160-----------------------------------------------

final_causality=[[1, 1, 1, 1, 1, 1, 1, 1, 1, 1, 1, 1, 1], [1, 1, 1, 1, 1, 1, 1, 1, 1, 1, 1, 1, 1, 1, 1, 1, 1, 1, 1, 1, 1, 1, 1, 1, 1, 1, 1, 1, 1, 1, 1, 1, 1, 1, 1, 1, 1, 1, 1, 1, 1, 1, 1, 1, 1, 1, 1, 1, 1, 1], [1, 1, 1, 1, 1, 1, 1, 1, 1, 1, 1, 1, 1, 1, 1, 1, 1, 1, 1, 1, 1, 1, 1, 1, 1, 1, 1, 1, 1, 1, 1, 1, 1, 1, 1, 1, 1, 1, 1, 1, 1, 1, 1, 1, 1, 1, 1, 1, 1, 1]]

means=tensor([5.3033e-04, 1.3878e-17, 9.9737e-05, 1.3878e-17, 1.7203e-04, 1.9183e-05,
        2.2354e-05, 6.7741e-05, 4.0021e-04, 1.2443e-04, 1.1980e-04, 4.8834e-05,
        2.1020e-04, 8.9501e-06, 1.2374e-04, 2.8946e-05, 2.5906e-05, 5.8924e-05,
        2.0306e-04, 1.7687e-05, 7.7115e-05, 7.2490e-05, 5.9338e-05, 1.7451e-04,
        8.7668e-06, 5.6741e-06, 3.3804e-05, 1.1251e-05, 7.8158e-05, 9.2791e-05,
        1.9542e-05, 6.6529e-05, 1.4039e-05, 1.5883e-05, 7.2859e-05, 5.9814e-05,
        1.0942e-04, 6.5114e-05, 2.6708e-05, 9.1226e-05, 7.6306e-05, 1.2720e-04,
        4.6363e-05, 3.5684e-05, 7.8110e-05, 7.7702e-05, 9.9690e-05, 5.4978e-05,
        1.7537e-04, 4.8829e-05, 1.6505e-05, 7.7346e-05, 9.9657e-05, 7.7985e-06,
        1.3379e-05, 1.4842e-04, 5.2166e-05, 5.3396e-05, 2.2513e-04, 1.6258e-05,
        3.6984e-05, 3.7337e-05, 2.0419e-06, 1.6678e-04, 7.5333e-05, 5.1407e-05,
        2.8878e-05, 1.3774e-05, 6.6385e-05, 7.3109e-05, 1.2584e-04, 5.4576e-06,
        5.9978e-05, 7.0180e-06, 2.2019e-05, 8.1577e-05, 1.1829e-04, 9.2756e-05,
        6.6249e-05, 1.2620e-04, 4.9537e-05, 1.1989e-04, 8.3341e-05, 5.7032e-05,
        3.1624e-06, 4.6494e-05, 6.2482e-05, 5.7910e-05, 7.7259e-05, 4.4934e-05,
        4.8850e-05, 8.8144e-05, 8.3216e-06, 5.2518e-05, 5.4639e-05, 7.3695e-05,
        9.3357e-05, 5.1115e-05, 5.5958e-06, 4.3112e-06, 8.6856e-05, 2.4781e-05,
        2.2914e-05, 6.0259e-05, 3.2482e-05, 1.1093e-04, 7.7295e-05, 8.4795e-05,
        3.8915e-05, 3.5631e-05, 1.2897e-04, 1.1865e-05, 1.0751e-04],
       grad_fn=<CatBackward>)

mean_overall=tensor(7.1952e-05, grad_fn=<MeanBackward0>)

-----------------------------------------------ITERATION170-----------------------------------------------

final_causality=[[1, 1, 1, 1, 1, 1, 1, 1, 1, 1, 1, 1, 1], [1, 1, 1, 1, 1, 1, 1, 1, 1, 1, 1, 1, 1, 1, 1, 1, 1, 1, 1, 1, 1, 1, 1, 1, 1, 1, 1, 1, 1, 1, 1, 1, 1, 1, 1, 1, 1, 1, 1, 1, 1, 1, 1, 1, 1, 1, 1, 1, 1, 1], [1, 1, 1, 1, 1, 1, 1, 1, 1, 1, 1, 1, 1, 1, 1, 1, 1, 1, 1, 1, 1, 1, 1, 1, 1, 1, 1, 1, 1, 1, 1, 1, 1, 1, 1, 1, 1, 1, 1, 1, 1, 1, 1, 1, 1, 1, 1, 1, 1, 1]]

means=tensor([5.5622e-04, 1.3878e-17, 1.0508e-04, 1.3878e-17, 1.7550e-04, 2.0024e-05,
        2.2794e-05, 6.7989e-05, 4.0440e-04, 1.3275e-04, 1.2334e-04, 5.3186e-05,
        2.1924e-04, 8.8090e-06, 1.2418e-04, 2.8816e-05, 2.6073e-05, 5.8395e-05,
        2.0725e-04, 1.8016e-05, 7.6470e-05, 7.3522e-05, 5.9905e-05, 1.7560e-04,
        8.6324e-06, 5.9535e-06, 3.5178e-05, 1.1509e-05, 7.8337e-05, 9.3620e-05,
        1.9538e-05, 6.7159e-05, 1.4725e-05, 1.6054e-05, 7.4376e-05, 6.0164e-05,
        1.0930e-04, 6.6173e-05, 2.6955e-05, 9.1391e-05, 7.7112e-05, 1.2921e-04,
        4.7105e-05, 3.5770e-05, 7.8724e-05, 7.7200e-05, 1.0111e-04, 5.6070e-05,
        1.7778e-04, 4.9217e-05, 1.7162e-05, 7.8107e-05, 1.0002e-04, 8.6756e-06,
        1.3668e-05, 1.4858e-04, 5.3218e-05, 5.3895e-05, 2.2537e-04, 1.6243e-05,
        3.6804e-05, 3.7397e-05, 2.2633e-06, 1.6676e-04, 7.6279e-05, 5.1868e-05,
        2.8870e-05, 1.3962e-05, 6.6387e-05, 7.2712e-05, 1.2496e-04, 5.4698e-06,
        5.9964e-05, 7.3272e-06, 2.1905e-05, 8.2115e-05, 1.1907e-04, 9.2911e-05,
        6.6070e-05, 1.2666e-04, 4.9446e-05, 1.1978e-04, 8.3515e-05, 5.6934e-05,
        3.1862e-06, 4.6689e-05, 6.2698e-05, 5.7524e-05, 7.6487e-05, 4.4943e-05,
        4.9824e-05, 8.8954e-05, 8.3371e-06, 5.2440e-05, 5.4445e-05, 7.4561e-05,
        9.1945e-05, 5.1568e-05, 5.6359e-06, 4.3553e-06, 8.7398e-05, 2.4704e-05,
        2.2931e-05, 5.9953e-05, 3.2300e-05, 1.1098e-04, 7.7782e-05, 8.5425e-05,
        3.8895e-05, 3.5560e-05, 1.2965e-04, 1.1842e-05, 1.0922e-04],
       grad_fn=<CatBackward>)

mean_overall=tensor(7.2836e-05, grad_fn=<MeanBackward0>)

-----------------------------------------------ITERATION180-----------------------------------------------

final_causality=[[1, 1, 1, 1, 1, 1, 1, 1, 1, 1, 1, 1, 1], [1, 1, 1, 1, 1, 1, 1, 1, 1, 1, 1, 1, 1, 1, 1, 1, 1, 1, 1, 1, 1, 1, 1, 1, 1, 1, 1, 1, 1, 1, 1, 1, 1, 1, 1, 1, 1, 1, 1, 1, 1, 1, 1, 1, 1, 1, 1, 1, 1, 1], [1, 1, 1, 1, 1, 1, 1, 1, 1, 1, 1, 1, 1, 1, 1, 1, 1, 1, 1, 1, 1, 1, 1, 1, 1, 1, 1, 1, 1, 1, 1, 1, 1, 1, 1, 1, 1, 1, 1, 1, 1, 1, 1, 1, 1, 1, 1, 1, 1, 1]]

means=tensor([5.8313e-04, 1.3878e-17, 1.1067e-04, 1.3878e-17, 1.7913e-04, 2.0922e-05,
        2.3256e-05, 6.8255e-05, 4.0879e-04, 1.4144e-04, 1.2706e-04, 5.7730e-05,
        2.2871e-04, 8.6670e-06, 1.2463e-04, 2.8686e-05, 2.6251e-05, 5.7859e-05,
        2.1164e-04, 1.8361e-05, 7.5808e-05, 7.4604e-05, 6.0501e-05, 1.7673e-04,
        8.4994e-06, 6.2444e-06, 3.6639e-05, 1.1781e-05, 7.8533e-05, 9.4486e-05,
        1.9539e-05, 6.7817e-05, 1.5444e-05, 1.6232e-05, 7.5966e-05, 6.0534e-05,
        1.0918e-04, 6.7286e-05, 2.7215e-05, 9.1568e-05, 7.7952e-05, 1.3131e-04,
        4.7882e-05, 3.5865e-05, 7.9362e-05, 7.6689e-05, 1.0258e-04, 5.7215e-05,
        1.8029e-04, 4.9625e-05, 1.7862e-05, 7.8896e-05, 1.0040e-04, 9.5838e-06,
        1.3978e-05, 1.4875e-04, 5.4313e-05, 5.4837e-05, 2.2563e-04, 1.6228e-05,
        3.6625e-05, 3.7466e-05, 2.4933e-06, 1.6674e-04, 7.7258e-05, 5.2668e-05,
        2.8863e-05, 1.4157e-05, 6.6391e-05, 7.2313e-05, 1.2404e-04, 5.4828e-06,
        5.9949e-05, 7.6476e-06, 2.1786e-05, 8.2672e-05, 1.1989e-04, 9.3072e-05,
        6.5884e-05, 1.2715e-04, 4.9355e-05, 1.1966e-04, 8.3708e-05, 5.6838e-05,
        3.2114e-06, 4.6893e-05, 6.2928e-05, 5.7127e-05, 7.5691e-05, 4.4948e-05,
        5.0838e-05, 8.9799e-05, 8.3539e-06, 5.2359e-05, 5.4243e-05, 7.5451e-05,
        9.0493e-05, 5.2040e-05, 5.6777e-06, 4.4003e-06, 8.8814e-05, 2.4623e-05,
        2.2948e-05, 5.9635e-05, 3.2110e-05, 1.1102e-04, 7.8301e-05, 8.6082e-05,
        3.8874e-05, 3.5485e-05, 1.3036e-04, 1.1818e-05, 1.1098e-04],
       grad_fn=<CatBackward>)

mean_overall=tensor(7.3776e-05, grad_fn=<MeanBackward0>)

-----------------------------------------------ITERATION190-----------------------------------------------

final_causality=[[1, 1, 1, 1, 1, 1, 1, 1, 1, 1, 1, 1, 1], [1, 1, 1, 1, 1, 1, 1, 1, 1, 1, 1, 1, 1, 1, 1, 1, 1, 1, 1, 1, 1, 1, 1, 1, 1, 1, 1, 1, 1, 1, 1, 1, 1, 1, 1, 1, 1, 1, 1, 1, 1, 1, 1, 1, 1, 1, 1, 1, 1, 1], [1, 1, 1, 1, 1, 1, 1, 1, 1, 1, 1, 1, 1, 1, 1, 1, 1, 1, 1, 1, 1, 1, 1, 1, 1, 1, 1, 1, 1, 1, 1, 1, 1, 1, 1, 1, 1, 1, 1, 1, 1, 1, 1, 1, 1, 1, 1, 1, 1, 1]]

means=tensor([6.1108e-04, 1.3878e-17, 1.1650e-04, 1.3878e-17, 1.8291e-04, 2.1882e-05,
        2.3754e-05, 6.8542e-05, 4.1341e-04, 1.5051e-04, 1.3096e-04, 6.2479e-05,
        2.3862e-04, 8.5206e-06, 1.2512e-04, 2.8552e-05, 2.6434e-05, 5.7321e-05,
        2.1624e-04, 1.8727e-05, 7.5133e-05, 7.5727e-05, 6.1131e-05, 1.7793e-04,
        8.3604e-06, 6.5421e-06, 3.8197e-05, 1.2063e-05, 7.8753e-05, 9.5394e-05,
        1.9547e-05, 6.8508e-05, 1.6203e-05, 1.6411e-05, 7.7621e-05, 6.0925e-05,
        1.0907e-04, 6.8459e-05, 2.7491e-05, 9.1763e-05, 7.8821e-05, 1.3350e-04,
        4.8689e-05, 3.5959e-05, 8.0028e-05, 7.6177e-05, 1.0412e-04, 5.8416e-05,
        1.8292e-04, 5.0057e-05, 1.8614e-05, 7.9717e-05, 1.0080e-04, 1.0516e-05,
        1.4313e-05, 1.4896e-04, 5.5443e-05, 5.5838e-05, 2.2593e-04, 1.6214e-05,
        3.6450e-05, 3.7550e-05, 2.7285e-06, 1.6672e-04, 7.8269e-05, 5.3511e-05,
        2.8856e-05, 1.4358e-05, 6.6394e-05, 7.1913e-05, 1.2311e-04, 5.4970e-06,
        5.9931e-05, 7.9790e-06, 2.1661e-05, 8.3248e-05, 1.2075e-04, 9.3240e-05,
        6.5693e-05, 1.2765e-04, 4.9265e-05, 1.1953e-04, 8.3919e-05, 5.6747e-05,
        3.2375e-06, 4.7106e-05, 6.3174e-05, 5.6718e-05, 7.4873e-05, 4.4949e-05,
        5.1890e-05, 9.0679e-05, 8.3731e-06, 5.2277e-05, 5.4034e-05, 7.6363e-05,
        8.9003e-05, 5.2531e-05, 5.7204e-06, 4.4455e-06, 9.0275e-05, 2.4537e-05,
        2.2965e-05, 5.9303e-05, 3.2015e-05, 1.1106e-04, 7.8855e-05, 8.6765e-05,
        3.8852e-05, 3.5405e-05, 1.3110e-04, 1.1793e-05, 1.1279e-04],
       grad_fn=<CatBackward>)

mean_overall=tensor(7.4760e-05, grad_fn=<MeanBackward0>)

-----------------------------------------------ITERATION200-----------------------------------------------

final_causality=[[1, 1, 1, 1, 1, 1, 1, 1, 1, 1, 1, 1, 1], [1, 1, 1, 1, 1, 1, 1, 1, 1, 1, 1, 1, 1, 1, 1, 1, 1, 1, 1, 1, 1, 1, 1, 1, 1, 1, 1, 1, 1, 1, 1, 1, 1, 1, 1, 1, 1, 1, 1, 1, 1, 1, 1, 1, 1, 1, 1, 1, 1, 1], [1, 1, 1, 1, 1, 1, 1, 1, 1, 1, 1, 1, 1, 1, 1, 1, 1, 1, 1, 1, 1, 1, 1, 1, 1, 1, 1, 1, 1, 1, 1, 1, 1, 1, 1, 1, 1, 1, 1, 1, 1, 1, 1, 1, 1, 1, 1, 1, 1, 1]]

means=tensor([6.4008e-04, 1.3878e-17, 1.2260e-04, 1.3878e-17, 1.8684e-04, 2.2902e-05,
        2.4262e-05, 6.8848e-05, 4.1820e-04, 1.5998e-04, 1.3503e-04, 6.7419e-05,
        2.4899e-04, 8.3780e-06, 1.2563e-04, 2.8423e-05, 2.6637e-05, 5.6774e-05,
        2.2103e-04, 1.9107e-05, 7.4440e-05, 7.6911e-05, 6.1786e-05, 1.7916e-04,
        8.2320e-06, 6.8562e-06, 3.9846e-05, 1.2363e-05, 7.8983e-05, 9.6338e-05,
        1.9557e-05, 6.9223e-05, 1.6992e-05, 1.6600e-05, 7.9362e-05, 6.1335e-05,
        1.0895e-04, 6.9684e-05, 2.7778e-05, 9.1967e-05, 7.9729e-05, 1.3577e-04,
        4.9537e-05, 3.6071e-05, 8.0716e-05, 7.5652e-05, 1.0572e-04, 5.9669e-05,
        1.8565e-04, 5.0504e-05, 1.9411e-05, 8.0564e-05, 1.0121e-04, 1.1486e-05,
        1.4668e-05, 1.4917e-04, 5.6625e-05, 5.6890e-05, 2.2624e-04, 1.6202e-05,
        3.6275e-05, 3.7639e-05, 2.9759e-06, 1.6670e-04, 7.9314e-05, 5.4385e-05,
        2.8848e-05, 1.4566e-05, 6.6399e-05, 7.1510e-05, 1.2215e-04, 5.5117e-06,
        5.9913e-05, 8.3222e-06, 2.1532e-05, 8.3871e-05, 1.2165e-04, 9.3412e-05,
        6.5493e-05, 1.2818e-04, 4.9174e-05, 1.1940e-04, 8.4153e-05, 5.6659e-05,
        3.2655e-06, 4.7331e-05, 6.3434e-05, 5.6297e-05, 7.4029e-05, 4.4947e-05,
        5.2984e-05, 9.1597e-05, 8.3930e-06, 5.2192e-05, 5.3819e-05, 7.7303e-05,
        8.7474e-05, 5.3116e-05, 5.7656e-06, 4.4923e-06, 9.1786e-05, 2.4448e-05,
        2.2981e-05, 5.8961e-05, 3.2580e-05, 1.1110e-04, 7.9442e-05, 8.7475e-05,
        3.8828e-05, 3.5323e-05, 1.3188e-04, 1.1764e-05, 1.1467e-04],
       grad_fn=<CatBackward>)

mean_overall=tensor(7.5793e-05, grad_fn=<MeanBackward0>)

-----------------------------------------------ITERATION210-----------------------------------------------

final_causality=[[1, 1, 1, 1, 1, 1, 1, 1, 1, 1, 1, 1, 1], [1, 1, 1, 1, 1, 1, 1, 1, 1, 1, 1, 1, 1, 1, 1, 1, 1, 1, 1, 1, 1, 1, 1, 1, 1, 1, 1, 1, 1, 1, 1, 1, 1, 1, 1, 1, 1, 1, 1, 1, 1, 1, 1, 1, 1, 1, 1, 1, 1, 1], [1, 1, 1, 1, 1, 1, 1, 1, 1, 1, 1, 1, 1, 1, 1, 1, 1, 1, 1, 1, 1, 1, 1, 1, 1, 1, 1, 1, 1, 1, 1, 1, 1, 1, 1, 1, 1, 1, 1, 1, 1, 1, 1, 1, 1, 1, 1, 1, 1, 1]]

means=tensor([6.7016e-04, 1.3878e-17, 1.2896e-04, 1.3878e-17, 1.9093e-04, 2.3988e-05,
        2.4796e-05, 6.9175e-05, 4.2320e-04, 1.6985e-04, 1.3928e-04, 7.2565e-05,
        2.5983e-04, 8.2353e-06, 1.2616e-04, 2.8296e-05, 2.6852e-05, 5.6222e-05,
        2.2603e-04, 1.9505e-05, 7.3733e-05, 7.8147e-05, 6.2472e-05, 1.8045e-04,
        8.1064e-06, 7.1820e-06, 4.1597e-05, 1.2678e-05, 7.9233e-05, 9.7321e-05,
        1.9574e-05, 6.9995e-05, 1.7818e-05, 1.6794e-05, 8.1180e-05, 6.1766e-05,
        1.0883e-04, 7.0969e-05, 2.8079e-05, 9.2184e-05, 8.0672e-05, 1.3814e-04,
        5.0421e-05, 3.6191e-05, 8.1429e-05, 7.5121e-05, 1.0738e-04, 6.0978e-05,
        1.8849e-04, 5.0971e-05, 2.0260e-05, 8.1441e-05, 1.0163e-04, 1.2486e-05,
        1.5048e-05, 1.4940e-04, 5.7851e-05, 5.8002e-05, 2.2657e-04, 1.6192e-05,
        3.6103e-05, 3.7739e-05, 3.2318e-06, 1.6667e-04, 8.0392e-05, 5.5289e-05,
        2.8839e-05, 1.4781e-05, 6.6406e-05, 7.1108e-05, 1.2117e-04, 5.5275e-06,
        5.9895e-05, 8.6770e-06, 2.1397e-05, 8.4908e-05, 1.2260e-04, 9.3589e-05,
        6.5802e-05, 1.2873e-04, 4.9084e-05, 1.1926e-04, 8.4409e-05, 5.6576e-05,
        3.2950e-06, 4.7567e-05, 6.3710e-05, 5.5866e-05, 7.4780e-05, 4.4941e-05,
        5.4118e-05, 9.2553e-05, 8.4147e-06, 5.2104e-05, 5.3598e-05, 7.8266e-05,
        8.5906e-05, 5.4002e-05, 5.8125e-06, 4.5399e-06, 9.3346e-05, 2.4353e-05,
        2.2995e-05, 5.8606e-05, 3.3164e-05, 1.1114e-04, 8.0065e-05, 8.8213e-05,
        3.8803e-05, 3.5237e-05, 1.3269e-04, 1.1734e-05, 1.1659e-04],
       grad_fn=<CatBackward>)

mean_overall=tensor(7.6897e-05, grad_fn=<MeanBackward0>)

-----------------------------------------------ITERATION220-----------------------------------------------

final_causality=[[1, 1, 1, 1, 1, 1, 1, 1, 1, 1, 1, 1, 1], [1, 1, 1, 1, 1, 1, 1, 1, 1, 1, 1, 1, 1, 1, 1, 1, 1, 1, 1, 1, 1, 1, 1, 1, 1, 1, 1, 1, 1, 1, 1, 1, 1, 1, 1, 1, 1, 1, 1, 1, 1, 1, 1, 1, 1, 1, 1, 1, 1, 1], [1, 1, 1, 1, 1, 1, 1, 1, 1, 1, 1, 1, 1, 1, 1, 1, 1, 1, 1, 1, 1, 1, 1, 1, 1, 1, 1, 1, 1, 1, 1, 1, 1, 1, 1, 1, 1, 1, 1, 1, 1, 1, 1, 1, 1, 1, 1, 1, 1, 1]]

means=tensor([7.0135e-04, 0.0000e+00, 1.3560e-04, 0.0000e+00, 1.9518e-04, 2.5145e-05,
        2.5354e-05, 6.9525e-05, 4.2842e-04, 1.8015e-04, 1.4373e-04, 7.7922e-05,
        2.7115e-04, 8.0934e-06, 1.2671e-04, 2.8171e-05, 2.7081e-05, 5.5666e-05,
        2.3123e-04, 1.9922e-05, 7.3011e-05, 7.9438e-05, 6.3189e-05, 1.8178e-04,
        7.9850e-06, 7.5201e-06, 4.3455e-05, 1.3009e-05, 7.9501e-05, 9.8345e-05,
        1.9597e-05, 7.0853e-05, 1.8683e-05, 1.6995e-05, 8.3079e-05, 6.2218e-05,
        1.0871e-04, 7.2314e-05, 2.8394e-05, 9.2415e-05, 8.1651e-05, 1.4060e-04,
        5.1342e-05, 3.6321e-05, 8.2167e-05, 7.4583e-05, 1.0910e-04, 6.2345e-05,
        1.9145e-04, 5.1459e-05, 2.1164e-05, 8.2347e-05, 1.0206e-04, 1.3518e-05,
        1.5454e-05, 1.4964e-04, 5.9121e-05, 5.9175e-05, 2.2693e-04, 1.6184e-05,
        3.5934e-05, 3.7850e-05, 3.4966e-06, 1.6663e-04, 8.1504e-05, 5.6226e-05,
        2.8830e-05, 1.5003e-05, 6.6414e-05, 7.0708e-05, 1.2016e-04, 5.5443e-06,
        5.9875e-05, 9.0436e-06, 2.1258e-05, 8.5979e-05, 1.2359e-04, 9.3772e-05,
        6.7296e-05, 1.2930e-04, 4.8995e-05, 1.1911e-04, 8.4688e-05, 5.6499e-05,
        3.3260e-06, 4.7815e-05, 6.4003e-05, 5.5423e-05, 7.6225e-05, 4.4929e-05,
        5.5293e-05, 9.3547e-05, 8.4381e-06, 5.2013e-05, 5.3370e-05, 7.9254e-05,
        8.4301e-05, 5.4923e-05, 5.8612e-06, 4.5883e-06, 9.4955e-05, 2.4254e-05,
        2.3009e-05, 5.8238e-05, 3.3769e-05, 1.1118e-04, 8.0725e-05, 8.8979e-05,
        3.8777e-05, 3.5146e-05, 1.3353e-04, 1.1702e-05, 1.1857e-04],
       grad_fn=<CatBackward>)

mean_overall=tensor(7.8065e-05, grad_fn=<MeanBackward0>)

-----------------------------------------------ITERATION230-----------------------------------------------

final_causality=[[1, 1, 1, 1, 1, 1, 1, 1, 1, 1, 1, 1, 1], [1, 1, 1, 1, 1, 1, 1, 1, 1, 1, 1, 1, 1, 1, 1, 1, 1, 1, 1, 1, 1, 1, 1, 1, 1, 1, 1, 1, 1, 1, 1, 1, 1, 1, 1, 1, 1, 1, 1, 1, 1, 1, 1, 1, 1, 1, 1, 1, 1, 1], [1, 1, 1, 1, 1, 1, 1, 1, 1, 1, 1, 1, 1, 1, 1, 1, 1, 1, 1, 1, 1, 1, 1, 1, 1, 1, 1, 1, 1, 1, 1, 1, 1, 1, 1, 1, 1, 1, 1, 1, 1, 1, 1, 1, 1, 1, 1, 1, 1, 1]]

means=tensor([7.3368e-04, 1.3878e-17, 1.4252e-04, 1.3878e-17, 1.9960e-04, 2.6375e-05,
        2.5934e-05, 6.9898e-05, 4.3384e-04, 1.9087e-04, 1.4837e-04, 8.3491e-05,
        2.8298e-04, 7.9539e-06, 1.2729e-04, 2.8049e-05, 2.7326e-05, 5.5106e-05,
        2.3665e-04, 2.0357e-05, 7.2276e-05, 8.0788e-05, 6.3937e-05, 1.8317e-04,
        7.8710e-06, 7.8722e-06, 4.5424e-05, 1.3357e-05, 7.9787e-05, 9.9408e-05,
        1.9626e-05, 7.1743e-05, 1.9586e-05, 1.7202e-05, 8.5064e-05, 6.2692e-05,
        1.0859e-04, 7.3721e-05, 2.8722e-05, 9.2660e-05, 8.2667e-05, 1.4315e-04,
        5.2304e-05, 3.6465e-05, 8.2929e-05, 7.4038e-05, 1.1089e-04, 6.3769e-05,
        1.9451e-04, 5.1966e-05, 2.2125e-05, 8.3282e-05, 1.0251e-04, 1.4584e-05,
        1.5888e-05, 1.4991e-04, 6.0440e-05, 6.0410e-05, 2.2732e-04, 1.6177e-05,
        3.5768e-05, 3.7972e-05, 3.7716e-06, 1.6660e-04, 8.2650e-05, 5.7194e-05,
        2.8821e-05, 1.5231e-05, 6.6425e-05, 7.0309e-05, 1.1913e-04, 5.5622e-06,
        5.9855e-05, 9.4224e-06, 2.1113e-05, 8.7085e-05, 1.2463e-04, 9.3961e-05,
        6.8858e-05, 1.2989e-04, 4.8908e-05, 1.1896e-04, 8.4994e-05, 5.6428e-05,
        3.3588e-06, 4.8075e-05, 6.4313e-05, 5.4968e-05, 7.7702e-05, 4.4912e-05,
        5.6511e-05, 9.4581e-05, 8.4632e-06, 5.1920e-05, 5.3136e-05, 8.0267e-05,
        8.2658e-05, 5.5880e-05, 5.9119e-06, 4.6376e-06, 9.6613e-05, 2.4150e-05,
        2.3022e-05, 5.7858e-05, 3.4395e-05, 1.1122e-04, 8.1425e-05, 8.9774e-05,
        3.8749e-05, 3.5052e-05, 1.3440e-04, 1.1667e-05, 1.2061e-04],
       grad_fn=<CatBackward>)

mean_overall=tensor(7.9282e-05, grad_fn=<MeanBackward0>)

-----------------------------------------------ITERATION240-----------------------------------------------

final_causality=[[1, 1, 1, 1, 1, 1, 1, 1, 1, 1, 1, 1, 1], [1, 1, 1, 1, 1, 1, 1, 1, 1, 1, 1, 1, 1, 1, 1, 1, 1, 1, 1, 1, 1, 1, 1, 1, 1, 1, 1, 1, 1, 1, 1, 1, 1, 1, 1, 1, 1, 1, 1, 1, 1, 1, 1, 1, 1, 1, 1, 1, 1, 1], [1, 1, 1, 1, 1, 1, 1, 1, 1, 1, 1, 1, 1, 1, 1, 1, 1, 1, 1, 1, 1, 1, 1, 1, 1, 1, 1, 1, 1, 1, 1, 1, 1, 1, 1, 1, 1, 1, 1, 1, 1, 1, 1, 1, 1, 1, 1, 1, 1, 1]]

means=tensor([7.6717e-04, 0.0000e+00, 1.4974e-04, 0.0000e+00, 2.0418e-04, 2.7684e-05,
        2.6539e-05, 7.0296e-05, 4.3949e-04, 2.0204e-04, 1.5321e-04, 8.9283e-05,
        2.9533e-04, 7.8160e-06, 1.2789e-04, 2.7931e-05, 2.7587e-05, 5.4544e-05,
        2.4229e-04, 2.0811e-05, 7.1527e-05, 8.2197e-05, 6.4719e-05, 1.8461e-04,
        7.7629e-06, 8.2374e-06, 4.7512e-05, 1.3723e-05, 8.0093e-05, 1.0051e-04,
        1.9661e-05, 7.2669e-05, 2.0530e-05, 1.7415e-05, 8.7134e-05, 6.3189e-05,
        1.0847e-04, 7.5192e-05, 2.9064e-05, 9.2920e-05, 8.3721e-05, 1.4580e-04,
        5.3305e-05, 3.6620e-05, 8.3718e-05, 7.3488e-05, 1.1287e-04, 6.5380e-05,
        1.9770e-04, 5.2495e-05, 2.3147e-05, 8.4248e-05, 1.0297e-04, 1.5682e-05,
        1.6352e-05, 1.5019e-04, 6.1806e-05, 6.1712e-05, 2.2773e-04, 1.6173e-05,
        3.5606e-05, 3.8105e-05, 4.0559e-06, 1.6655e-04, 8.3832e-05, 5.8195e-05,
        2.8810e-05, 1.5467e-05, 6.6437e-05, 6.9914e-05, 1.1807e-04, 5.5813e-06,
        5.9835e-05, 9.8136e-06, 2.0962e-05, 8.8226e-05, 1.2571e-04, 9.4155e-05,
        7.0489e-05, 1.3050e-04, 4.8822e-05, 1.1880e-04, 8.5327e-05, 5.6363e-05,
        3.3933e-06, 4.8348e-05, 6.4641e-05, 5.4502e-05, 7.9209e-05, 4.4889e-05,
        5.7771e-05, 9.5655e-05, 8.4903e-06, 5.1824e-05, 5.2895e-05, 8.1305e-05,
        8.1500e-05, 5.6872e-05, 5.9646e-06, 4.6876e-06, 9.8322e-05, 2.4040e-05,
        2.3033e-05, 5.7465e-05, 3.5043e-05, 1.1126e-04, 8.2164e-05, 9.0598e-05,
        3.8719e-05, 3.4954e-05, 1.3532e-04, 1.1630e-05, 1.2270e-04],
       grad_fn=<CatBackward>)

mean_overall=tensor(8.0557e-05, grad_fn=<MeanBackward0>)

-----------------------------------------------ITERATION250-----------------------------------------------

final_causality=[[1, 1, 1, 1, 1, 1, 1, 1, 1, 1, 1, 1, 1], [1, 1, 1, 1, 1, 1, 1, 1, 1, 1, 1, 1, 1, 1, 1, 1, 1, 1, 1, 1, 1, 1, 1, 1, 1, 1, 1, 1, 1, 1, 1, 1, 1, 1, 1, 1, 1, 1, 1, 1, 1, 1, 1, 1, 1, 1, 1, 1, 1, 1], [1, 1, 1, 1, 1, 1, 1, 1, 1, 1, 1, 1, 1, 1, 1, 1, 1, 1, 1, 1, 1, 1, 1, 1, 1, 1, 1, 1, 1, 1, 1, 1, 1, 1, 1, 1, 1, 1, 1, 1, 1, 1, 1, 1, 1, 1, 1, 1, 1, 1]]

means=tensor([8.0187e-04, 0.0000e+00, 1.5726e-04, 0.0000e+00, 2.0895e-04, 2.9076e-05,
        2.7170e-05, 7.0721e-05, 4.4538e-04, 2.1367e-04, 1.5826e-04, 9.5302e-05,
        3.0823e-04, 7.6807e-06, 1.2852e-04, 2.7816e-05, 2.7865e-05, 5.3979e-05,
        2.4816e-04, 2.1286e-05, 7.0854e-05, 8.3666e-05, 6.5533e-05, 1.8610e-04,
        7.6622e-06, 8.6167e-06, 4.9724e-05, 1.4107e-05, 8.0418e-05, 1.0166e-04,
        1.9704e-05, 7.3629e-05, 2.1516e-05, 1.7635e-05, 8.9293e-05, 6.3710e-05,
        1.0835e-04, 7.6730e-05, 2.9420e-05, 9.3194e-05, 8.4812e-05, 1.4855e-04,
        5.4347e-05, 3.6788e-05, 8.4532e-05, 7.2931e-05, 1.1501e-04, 6.7090e-05,
        2.0100e-04, 5.3043e-05, 2.4234e-05, 8.5244e-05, 1.0345e-04, 1.6814e-05,
        1.6846e-05, 1.5049e-04, 6.3220e-05, 6.3083e-05, 2.2817e-04, 1.6171e-05,
        3.5449e-05, 3.8251e-05, 4.3501e-06, 1.6651e-04, 8.5049e-05, 5.9230e-05,
        2.8799e-05, 1.5709e-05, 6.6450e-05, 6.9523e-05, 1.1699e-04, 5.6026e-06,
        5.9814e-05, 1.0218e-05, 2.0805e-05, 8.9405e-05, 1.2685e-04, 9.4354e-05,
        7.2192e-05, 1.3114e-04, 4.8739e-05, 1.1866e-04, 8.5689e-05, 5.6306e-05,
        3.4298e-06, 4.8634e-05, 6.4988e-05, 5.4024e-05, 8.0760e-05, 4.4859e-05,
        5.9075e-05, 9.6771e-05, 8.5194e-06, 5.1726e-05, 5.2648e-05, 8.2368e-05,
        8.0510e-05, 5.7901e-05, 6.0194e-06, 4.7384e-06, 1.0008e-04, 2.3925e-05,
        2.3043e-05, 5.7059e-05, 3.5713e-05, 1.1129e-04, 8.2945e-05, 9.1453e-05,
        3.8688e-05, 3.4851e-05, 1.3626e-04, 1.1590e-05, 1.2484e-04],
       grad_fn=<CatBackward>)

mean_overall=tensor(8.1888e-05, grad_fn=<MeanBackward0>)

-----------------------------------------------ITERATION260-----------------------------------------------

final_causality=[[1, 1, 1, 1, 1, 1, 1, 1, 1, 1, 1, 1, 1], [1, 1, 1, 1, 1, 1, 1, 1, 1, 1, 1, 1, 1, 1, 1, 1, 1, 1, 1, 1, 1, 1, 1, 1, 1, 1, 1, 1, 1, 1, 1, 1, 1, 1, 1, 1, 1, 1, 1, 1, 1, 1, 1, 1, 1, 1, 1, 1, 1, 1], [1, 1, 1, 1, 1, 1, 1, 1, 1, 1, 1, 1, 1, 1, 1, 1, 1, 1, 1, 1, 1, 1, 1, 1, 1, 1, 1, 1, 1, 1, 1, 1, 1, 1, 1, 1, 1, 1, 1, 1, 1, 1, 1, 1, 1, 1, 1, 1, 1, 1]]

means=tensor([8.3781e-04, 1.3878e-17, 1.6510e-04, 1.3878e-17, 2.1389e-04, 3.0556e-05,
        2.7828e-05, 7.1174e-05, 4.5150e-04, 2.2577e-04, 1.6353e-04, 1.0156e-04,
        3.2169e-04, 7.5482e-06, 1.2917e-04, 2.7706e-05, 2.8161e-05, 5.3412e-05,
        2.5425e-04, 2.1780e-05, 7.0206e-05, 8.5199e-05, 6.6382e-05, 1.8764e-04,
        7.5697e-06, 9.0103e-06, 5.2225e-05, 1.4510e-05, 8.0764e-05, 1.0285e-04,
        1.9754e-05, 7.4625e-05, 2.2546e-05, 1.7860e-05, 9.1545e-05, 6.4254e-05,
        1.0823e-04, 7.8337e-05, 2.9790e-05, 9.3484e-05, 8.5942e-05, 1.5139e-04,
        5.5432e-05, 3.6969e-05, 8.5373e-05, 7.2370e-05, 1.1721e-04, 6.8873e-05,
        2.0442e-04, 5.3613e-05, 2.5389e-05, 8.6271e-05, 1.0394e-04, 1.7980e-05,
        1.7374e-05, 1.5082e-04, 6.4684e-05, 6.4526e-05, 2.2864e-04, 1.6172e-05,
        3.5296e-05, 3.8408e-05, 4.6544e-06, 1.6645e-04, 8.6303e-05, 6.0300e-05,
        2.8788e-05, 1.5960e-05, 6.6466e-05, 6.9138e-05, 1.1588e-04, 5.6267e-06,
        5.9792e-05, 1.0635e-05, 2.0642e-05, 9.0621e-05, 1.2803e-04, 9.4560e-05,
        7.3968e-05, 1.3180e-04, 4.8658e-05, 1.1865e-04, 8.6081e-05, 5.6258e-05,
        3.4683e-06, 4.8934e-05, 6.5355e-05, 5.3617e-05, 8.2622e-05, 4.4822e-05,
        6.0423e-05, 9.7930e-05, 8.5507e-06, 5.1625e-05, 5.2406e-05, 8.3456e-05,
        7.9492e-05, 5.8968e-05, 6.0764e-06, 4.7898e-06, 1.0189e-04, 2.3804e-05,
        2.3052e-05, 5.6639e-05, 3.6406e-05, 1.1133e-04, 8.3771e-05, 9.2339e-05,
        3.8654e-05, 3.4744e-05, 1.3725e-04, 1.1547e-05, 1.2705e-04],
       grad_fn=<CatBackward>)

mean_overall=tensor(8.3279e-05, grad_fn=<MeanBackward0>)

-----------------------------------------------ITERATION270-----------------------------------------------

final_causality=[[1, 1, 1, 1, 1, 1, 1, 1, 1, 1, 1, 1, 1], [1, 1, 1, 1, 1, 1, 1, 1, 1, 1, 1, 1, 1, 1, 1, 1, 1, 1, 1, 1, 1, 1, 1, 1, 1, 1, 1, 1, 1, 1, 1, 1, 1, 1, 1, 1, 1, 1, 1, 1, 1, 1, 1, 1, 1, 1, 1, 1, 1, 1], [1, 1, 1, 1, 1, 1, 1, 1, 1, 1, 1, 1, 1, 1, 1, 1, 1, 1, 1, 1, 1, 1, 1, 1, 1, 1, 1, 1, 1, 1, 1, 1, 1, 1, 1, 1, 1, 1, 1, 1, 1, 1, 1, 1, 1, 1, 1, 1, 1, 1]]

means=tensor([8.7504e-04, 0.0000e+00, 1.7327e-04, 0.0000e+00, 2.1902e-04, 3.2130e-05,
        2.8514e-05, 7.1658e-05, 4.5787e-04, 2.3836e-04, 1.6903e-04, 1.0806e-04,
        3.3574e-04, 7.4188e-06, 1.2985e-04, 2.7600e-05, 2.8475e-05, 5.2844e-05,
        2.6058e-04, 2.2296e-05, 6.9549e-05, 8.6796e-05, 6.7267e-05, 1.8924e-04,
        7.4857e-06, 9.4185e-06, 5.4962e-05, 1.4933e-05, 8.1131e-05, 1.0409e-04,
        1.9813e-05, 7.5658e-05, 2.3623e-05, 1.8092e-05, 9.3891e-05, 6.4823e-05,
        1.0811e-04, 8.0016e-05, 3.0250e-05, 9.3791e-05, 8.7111e-05, 1.5434e-04,
        5.6560e-05, 3.7164e-05, 8.6241e-05, 7.1803e-05, 1.1950e-04, 7.0733e-05,
        2.0796e-04, 5.4205e-05, 2.6616e-05, 8.7330e-05, 1.0444e-04, 1.9180e-05,
        1.7938e-05, 1.5116e-04, 6.6198e-05, 6.6044e-05, 2.2915e-04, 1.6174e-05,
        3.5149e-05, 3.8579e-05, 4.9686e-06, 1.6639e-04, 8.7594e-05, 6.1404e-05,
        2.8775e-05, 1.6217e-05, 6.6484e-05, 6.8759e-05, 1.1474e-04, 5.6524e-06,
        5.9771e-05, 1.1065e-05, 2.0473e-05, 9.1876e-05, 1.2928e-04, 9.4771e-05,
        7.5822e-05, 1.3248e-04, 4.8580e-05, 1.1863e-04, 8.6506e-05, 5.6218e-05,
        3.5088e-06, 4.9249e-05, 6.5741e-05, 5.3428e-05, 8.4524e-05, 4.4827e-05,
        6.1817e-05, 9.9133e-05, 8.5843e-06, 5.1522e-05, 5.2636e-05, 8.4571e-05,
        7.8446e-05, 6.0074e-05, 6.1355e-06, 4.8419e-06, 1.0376e-04, 2.3677e-05,
        2.3058e-05, 5.6205e-05, 3.7122e-05, 1.1136e-04, 8.4641e-05, 9.3257e-05,
        3.8619e-05, 3.4632e-05, 1.3827e-04, 1.1501e-05, 1.2931e-04],
       grad_fn=<CatBackward>)

mean_overall=tensor(8.4736e-05, grad_fn=<MeanBackward0>)

-----------------------------------------------ITERATION280-----------------------------------------------

final_causality=[[1, 1, 1, 1, 1, 1, 1, 1, 1, 1, 1, 1, 1], [1, 1, 1, 1, 1, 1, 1, 1, 1, 1, 1, 1, 1, 1, 1, 1, 1, 1, 1, 1, 1, 1, 1, 1, 1, 1, 1, 1, 1, 1, 1, 1, 1, 1, 1, 1, 1, 1, 1, 1, 1, 1, 1, 1, 1, 1, 1, 1, 1, 1], [1, 1, 1, 1, 1, 1, 1, 1, 1, 1, 1, 1, 1, 1, 1, 1, 1, 1, 1, 1, 1, 1, 1, 1, 1, 1, 1, 1, 1, 1, 1, 1, 1, 1, 1, 1, 1, 1, 1, 1, 1, 1, 1, 1, 1, 1, 1, 1, 1, 1]]

means=tensor([9.1360e-04, 0.0000e+00, 1.8179e-04, 0.0000e+00, 2.2435e-04, 3.3804e-05,
        2.9229e-05, 7.2173e-05, 4.6450e-04, 2.5146e-04, 1.7476e-04, 1.1480e-04,
        3.5040e-04, 7.2930e-06, 1.3055e-04, 2.7499e-05, 2.8808e-05, 5.2275e-05,
        2.6716e-04, 2.2868e-05, 6.8884e-05, 8.8460e-05, 6.8188e-05, 1.9090e-04,
        7.4112e-06, 9.8419e-06, 5.7871e-05, 1.5377e-05, 8.1519e-05, 1.0537e-04,
        1.9983e-05, 7.6730e-05, 2.4749e-05, 1.8329e-05, 9.6335e-05, 6.5418e-05,
        1.0799e-04, 8.1769e-05, 3.1065e-05, 9.4114e-05, 8.8320e-05, 1.5738e-04,
        5.7732e-05, 3.7373e-05, 8.7136e-05, 7.1231e-05, 1.2187e-04, 7.2671e-05,
        2.1163e-04, 5.4818e-05, 2.7921e-05, 8.8465e-05, 1.0496e-04, 2.0415e-05,
        1.8539e-05, 1.5152e-04, 6.7764e-05, 6.7640e-05, 2.2968e-04, 1.6395e-05,
        3.5008e-05, 3.8763e-05, 5.2932e-06, 1.6633e-04, 8.8923e-05, 6.2546e-05,
        2.8761e-05, 1.6483e-05, 6.6505e-05, 6.8388e-05, 1.1357e-04, 5.6798e-06,
        5.9749e-05, 1.1510e-05, 2.0297e-05, 9.3172e-05, 1.3058e-04, 9.4988e-05,
        7.7756e-05, 1.3319e-04, 4.8506e-05, 1.1861e-04, 8.6965e-05, 5.6187e-05,
        3.5515e-06, 4.9579e-05, 6.6149e-05, 5.3234e-05, 8.6465e-05, 4.4877e-05,
        6.3313e-05, 1.0038e-04, 8.6204e-06, 5.1416e-05, 5.2873e-05, 8.5712e-05,
        7.7372e-05, 6.1219e-05, 6.1969e-06, 4.8946e-06, 1.0568e-04, 2.3543e-05,
        2.3062e-05, 5.5757e-05, 3.7861e-05, 1.1139e-04, 8.5559e-05, 9.4209e-05,
        3.8581e-05, 3.4514e-05, 1.3934e-04, 1.1452e-05, 1.3164e-04],
       grad_fn=<CatBackward>)

mean_overall=tensor(8.6259e-05, grad_fn=<MeanBackward0>)

-----------------------------------------------ITERATION290-----------------------------------------------

final_causality=[[1, 1, 1, 1, 1, 1, 1, 1, 1, 1, 1, 1, 1], [1, 1, 1, 1, 1, 1, 1, 1, 1, 1, 1, 1, 1, 1, 1, 1, 1, 1, 1, 1, 1, 1, 1, 1, 1, 1, 1, 1, 1, 1, 1, 1, 1, 1, 1, 1, 1, 1, 1, 1, 1, 1, 1, 1, 1, 1, 1, 1, 1, 1], [1, 1, 1, 1, 1, 1, 1, 1, 1, 1, 1, 1, 1, 1, 1, 1, 1, 1, 1, 1, 1, 1, 1, 1, 1, 1, 1, 1, 1, 1, 1, 1, 1, 1, 1, 1, 1, 1, 1, 1, 1, 1, 1, 1, 1, 1, 1, 1, 1, 1]]

means=tensor([9.5354e-04, 0.0000e+00, 1.9066e-04, 0.0000e+00, 2.2988e-04, 3.5585e-05,
        2.9976e-05, 7.2721e-05, 4.7139e-04, 2.6510e-04, 1.8073e-04, 1.2181e-04,
        3.6572e-04, 7.1711e-06, 1.3129e-04, 2.7404e-05, 2.9162e-05, 5.1706e-05,
        2.7398e-04, 2.3668e-05, 6.8211e-05, 9.0193e-05, 6.9147e-05, 1.9261e-04,
        7.3469e-06, 1.0281e-05, 6.0964e-05, 1.5843e-05, 8.1929e-05, 1.0669e-04,
        2.0167e-05, 7.7841e-05, 2.5925e-05, 1.8571e-05, 9.8880e-05, 6.6039e-05,
        1.0788e-04, 8.3599e-05, 3.1922e-05, 9.4454e-05, 8.9571e-05, 1.6054e-04,
        5.8950e-05, 3.7597e-05, 8.8060e-05, 7.0655e-05, 1.2433e-04, 7.4692e-05,
        2.1543e-04, 5.5454e-05, 2.9306e-05, 8.9687e-05, 1.0549e-04, 2.1686e-05,
        1.9181e-05, 1.5191e-04, 6.9383e-05, 6.9412e-05, 2.3024e-04, 1.6666e-05,
        3.4873e-05, 3.8960e-05, 5.6283e-06, 1.6625e-04, 9.0292e-05, 6.3724e-05,
        2.8747e-05, 1.6757e-05, 6.6528e-05, 6.8025e-05, 1.1238e-04, 5.7090e-06,
        5.9728e-05, 1.1969e-05, 2.0113e-05, 9.4509e-05, 1.3193e-04, 9.5211e-05,
        7.9772e-05, 1.3392e-04, 4.8437e-05, 1.1859e-04, 8.7460e-05, 5.6167e-05,
        3.5966e-06, 4.9925e-05, 6.6579e-05, 5.3037e-05, 8.8446e-05, 4.4923e-05,
        6.5034e-05, 1.0168e-04, 8.6592e-06, 5.1308e-05, 5.3118e-05, 8.6880e-05,
        7.6270e-05, 6.2406e-05, 6.2739e-06, 4.9477e-06, 1.0765e-04, 2.3403e-05,
        2.3064e-05, 5.5294e-05, 3.8625e-05, 1.1142e-04, 8.6527e-05, 9.5195e-05,
        3.8541e-05, 3.4397e-05, 1.4044e-04, 1.1400e-05, 1.3402e-04],
       grad_fn=<CatBackward>)

mean_overall=tensor(8.7849e-05, grad_fn=<MeanBackward0>)

-----------------------------------------------ITERATION300-----------------------------------------------

final_causality=[[1, 1, 1, 1, 1, 1, 1, 1, 1, 1, 1, 1, 1], [1, 1, 1, 1, 1, 1, 1, 1, 1, 1, 1, 1, 1, 1, 1, 1, 1, 1, 1, 1, 1, 1, 1, 1, 1, 1, 1, 1, 1, 1, 1, 1, 1, 1, 1, 1, 1, 1, 1, 1, 1, 1, 1, 1, 1, 1, 1, 1, 1, 1], [1, 1, 1, 1, 1, 1, 1, 1, 1, 1, 1, 1, 1, 1, 1, 1, 1, 1, 1, 1, 1, 1, 1, 1, 1, 1, 1, 1, 1, 1, 1, 1, 1, 1, 1, 1, 1, 1, 1, 1, 1, 1, 1, 1, 1, 1, 1, 1, 1, 1]]

means=tensor([9.9491e-04, 0.0000e+00, 1.9992e-04, 0.0000e+00, 2.3562e-04, 3.7478e-05,
        3.0757e-05, 7.3306e-05, 4.7857e-04, 2.7928e-04, 1.8695e-04, 1.2909e-04,
        3.8170e-04, 7.0534e-06, 1.3205e-04, 2.7314e-05, 2.9536e-05, 5.1138e-05,
        2.8106e-04, 2.4509e-05, 6.7530e-05, 9.1997e-05, 7.0146e-05, 1.9439e-04,
        7.2934e-06, 1.0736e-05, 6.4250e-05, 1.6331e-05, 8.2362e-05, 1.0807e-04,
        2.0363e-05, 7.8992e-05, 2.7154e-05, 1.8819e-05, 1.0153e-04, 6.6688e-05,
        1.0776e-04, 8.5509e-05, 3.2823e-05, 9.4812e-05, 9.0863e-05, 1.6380e-04,
        6.0216e-05, 3.7837e-05, 8.9011e-05, 7.0075e-05, 1.2687e-04, 7.6797e-05,
        2.1936e-04, 5.6113e-05, 3.0778e-05, 9.0945e-05, 1.0603e-04, 2.2994e-05,
        1.9866e-05, 1.5231e-04, 7.1055e-05, 7.1469e-05, 2.3084e-04, 1.6949e-05,
        3.4745e-05, 3.9172e-05, 5.9740e-06, 1.6617e-04, 9.1701e-05, 6.4941e-05,
        2.8731e-05, 1.7039e-05, 6.6553e-05, 6.7673e-05, 1.1115e-04, 5.7402e-06,
        5.9706e-05, 1.2443e-05, 1.9922e-05, 9.5889e-05, 1.3351e-04, 9.5441e-05,
        8.1875e-05, 1.3468e-04, 4.8372e-05, 1.1857e-04, 8.7994e-05, 5.6158e-05,
        3.6441e-06, 5.0288e-05, 6.7031e-05, 5.2834e-05, 9.0468e-05, 4.4964e-05,
        6.6812e-05, 1.0302e-04, 8.7007e-06, 5.1198e-05, 5.3370e-05, 8.8075e-05,
        7.5137e-05, 6.3636e-05, 6.3650e-06, 5.0013e-06, 1.0976e-04, 2.3255e-05,
        2.3064e-05, 5.4817e-05, 3.9414e-05, 1.1145e-04, 8.7545e-05, 9.6216e-05,
        3.8499e-05, 3.4317e-05, 1.4158e-04, 1.1344e-05, 1.3647e-04],
       grad_fn=<CatBackward>)

mean_overall=tensor(8.9508e-05, grad_fn=<MeanBackward0>)

-----------------------------------------------ITERATION310-----------------------------------------------

final_causality=[[1, 1, 1, 1, 1, 1, 1, 1, 1, 1, 1, 1, 1], [1, 1, 1, 1, 1, 1, 1, 1, 1, 1, 1, 1, 1, 1, 1, 1, 1, 1, 1, 1, 1, 1, 1, 1, 1, 1, 1, 1, 1, 1, 1, 1, 1, 1, 1, 1, 1, 1, 1, 1, 1, 1, 1, 1, 1, 1, 1, 1, 1, 1], [1, 1, 1, 1, 1, 1, 1, 1, 1, 1, 1, 1, 1, 1, 1, 1, 1, 1, 1, 1, 1, 1, 1, 1, 1, 1, 1, 1, 1, 1, 1, 1, 1, 1, 1, 1, 1, 1, 1, 1, 1, 1, 1, 1, 1, 1, 1, 1, 1, 1]]

means=tensor([1.0378e-03, 0.0000e+00, 2.0957e-04, 0.0000e+00, 2.4158e-04, 3.9491e-05,
        3.1572e-05, 7.3929e-05, 4.8605e-04, 2.9404e-04, 1.9344e-04, 1.3665e-04,
        3.9839e-04, 6.9404e-06, 1.3284e-04, 2.7230e-05, 2.9931e-05, 5.0570e-05,
        2.8840e-04, 2.5395e-05, 6.6842e-05, 9.3875e-05, 7.1185e-05, 1.9622e-04,
        7.2516e-06, 1.1208e-05, 6.7742e-05, 1.6844e-05, 8.3064e-05, 1.0949e-04,
        2.0571e-05, 8.0185e-05, 2.8440e-05, 1.9073e-05, 1.0428e-04, 6.7364e-05,
        1.0765e-04, 8.7502e-05, 3.3771e-05, 9.5188e-05, 9.2197e-05, 1.6717e-04,
        6.1529e-05, 3.8093e-05, 8.9992e-05, 6.9490e-05, 1.2950e-04, 7.8990e-05,
        2.2342e-04, 5.6796e-05, 3.2340e-05, 9.2238e-05, 1.0658e-04, 2.4340e-05,
        2.0596e-05, 1.5274e-04, 7.2783e-05, 7.3699e-05, 2.3148e-04, 1.7244e-05,
        3.4624e-05, 3.9399e-05, 6.3305e-06, 1.6608e-04, 9.3153e-05, 6.6198e-05,
        2.8714e-05, 1.7330e-05, 6.6581e-05, 6.7333e-05, 1.0988e-04, 5.7735e-06,
        5.9685e-05, 1.2932e-05, 1.9744e-05, 9.7314e-05, 1.3551e-04, 9.5677e-05,
        8.4066e-05, 1.3585e-04, 4.8312e-05, 1.1855e-04, 8.8568e-05, 5.6161e-05,
        3.6941e-06, 5.0669e-05, 6.7508e-05, 5.2626e-05, 9.2532e-05, 4.4999e-05,
        6.8648e-05, 1.0441e-04, 8.7453e-06, 5.1085e-05, 5.3631e-05, 8.9298e-05,
        7.3974e-05, 6.4909e-05, 6.4598e-06, 5.0552e-06, 1.1217e-04, 2.3100e-05,
        2.3061e-05, 5.4324e-05, 4.0228e-05, 1.1147e-04, 8.8618e-05, 9.7485e-05,
        3.8453e-05, 3.4232e-05, 1.4277e-04, 1.1339e-05, 1.3898e-04],
       grad_fn=<CatBackward>)

mean_overall=tensor(9.1248e-05, grad_fn=<MeanBackward0>)

-----------------------------------------------ITERATION320-----------------------------------------------

final_causality=[[1, 1, 1, 1, 1, 1, 1, 1, 1, 1, 1, 1, 1], [1, 1, 1, 1, 1, 1, 1, 1, 1, 1, 1, 1, 1, 1, 1, 1, 1, 1, 1, 1, 1, 1, 1, 1, 1, 1, 1, 1, 1, 1, 1, 1, 1, 1, 1, 1, 1, 1, 1, 1, 1, 1, 1, 1, 1, 1, 1, 1, 1, 1], [1, 1, 1, 1, 1, 1, 1, 1, 1, 1, 1, 1, 1, 1, 1, 1, 1, 1, 1, 1, 1, 1, 1, 1, 1, 1, 1, 1, 1, 1, 1, 1, 1, 1, 1, 1, 1, 1, 1, 1, 1, 1, 1, 1, 1, 1, 1, 1, 1, 1]]

means=tensor([1.0822e-03, 0.0000e+00, 2.1963e-04, 0.0000e+00, 2.4776e-04, 4.1631e-05,
        3.2424e-05, 7.4592e-05, 4.9383e-04, 3.0939e-04, 2.0020e-04, 1.4450e-04,
        4.1582e-04, 6.8324e-06, 1.3366e-04, 2.7153e-05, 3.0350e-05, 5.0024e-05,
        2.9602e-04, 2.6326e-05, 6.6148e-05, 9.5830e-05, 7.2265e-05, 1.9811e-04,
        7.2221e-06, 1.1697e-05, 7.1449e-05, 1.7381e-05, 8.4318e-05, 1.1096e-04,
        2.0792e-05, 8.1420e-05, 2.9783e-05, 1.9331e-05, 1.0715e-04, 6.8070e-05,
        1.0754e-04, 8.9581e-05, 3.4769e-05, 9.5582e-05, 9.3575e-05, 1.7065e-04,
        6.3011e-05, 3.8365e-05, 9.1002e-05, 6.9101e-05, 1.3222e-04, 8.1273e-05,
        2.2762e-04, 5.7502e-05, 3.4000e-05, 9.3569e-05, 1.0716e-04, 2.5724e-05,
        2.1375e-05, 1.5320e-04, 7.4568e-05, 7.6044e-05, 2.3215e-04, 1.7552e-05,
        3.4510e-05, 3.9641e-05, 6.6981e-06, 1.6598e-04, 9.4647e-05, 6.7496e-05,
        2.8696e-05, 1.7630e-05, 6.6612e-05, 6.7005e-05, 1.0858e-04, 5.8091e-06,
        5.9664e-05, 1.3437e-05, 1.9566e-05, 9.8786e-05, 1.3759e-04, 9.5920e-05,
        8.6350e-05, 1.3705e-04, 4.8258e-05, 1.1852e-04, 8.9184e-05, 5.6176e-05,
        3.7469e-06, 5.1068e-05, 6.8008e-05, 5.2414e-05, 9.4638e-05, 4.5028e-05,
        7.0544e-05, 1.0586e-04, 8.7931e-06, 5.0971e-05, 5.3900e-05, 9.0550e-05,
        7.2781e-05, 6.6227e-05, 6.5584e-06, 5.1094e-06, 1.1464e-04, 2.2937e-05,
        2.3054e-05, 5.3815e-05, 4.1068e-05, 1.1150e-04, 8.9746e-05, 9.9146e-05,
        3.8405e-05, 3.4144e-05, 1.4400e-04, 1.1353e-05, 1.4156e-04],
       grad_fn=<CatBackward>)

mean_overall=tensor(9.3068e-05, grad_fn=<MeanBackward0>)

-----------------------------------------------ITERATION330-----------------------------------------------

final_causality=[[1, 1, 1, 1, 1, 1, 1, 1, 1, 1, 1, 1, 1], [1, 1, 1, 1, 1, 1, 1, 1, 1, 1, 1, 1, 1, 1, 1, 1, 1, 1, 1, 1, 1, 1, 1, 1, 1, 1, 1, 1, 1, 1, 1, 1, 1, 1, 1, 1, 1, 1, 1, 1, 1, 1, 1, 1, 1, 1, 1, 1, 1, 1], [1, 1, 1, 1, 1, 1, 1, 1, 1, 1, 1, 1, 1, 1, 1, 1, 1, 1, 1, 1, 1, 1, 1, 1, 1, 1, 1, 1, 1, 1, 1, 1, 1, 1, 1, 1, 1, 1, 1, 1, 1, 1, 1, 1, 1, 1, 1, 1, 1, 1]]

means=tensor([1.1282e-03, 0.0000e+00, 2.3013e-04, 0.0000e+00, 2.5419e-04, 4.3908e-05,
        3.3314e-05, 7.5300e-05, 5.0194e-04, 3.2537e-04, 2.0725e-04, 1.5264e-04,
        4.3403e-04, 6.7297e-06, 1.3451e-04, 2.7082e-05, 3.0792e-05, 4.9672e-05,
        3.0391e-04, 2.7306e-05, 6.5448e-05, 9.7863e-05, 7.3534e-05, 2.0007e-04,
        7.2059e-06, 1.2204e-05, 7.5386e-05, 1.7944e-05, 8.5625e-05, 1.1249e-04,
        2.1028e-05, 8.2700e-05, 3.1188e-05, 1.9594e-05, 1.1013e-04, 6.8805e-05,
        1.0743e-04, 9.1749e-05, 3.5819e-05, 9.5996e-05, 9.4998e-05, 1.7425e-04,
        6.4638e-05, 3.8654e-05, 9.2042e-05, 6.8780e-05, 1.3503e-04, 8.3649e-05,
        2.3196e-04, 5.8233e-05, 3.5761e-05, 9.4938e-05, 1.0774e-04, 2.7148e-05,
        2.2206e-05, 1.5367e-04, 7.6411e-05, 7.8512e-05, 2.3286e-04, 1.7873e-05,
        3.4404e-05, 3.9899e-05, 7.0769e-06, 1.6587e-04, 9.6185e-05, 6.8835e-05,
        2.8676e-05, 1.7939e-05, 6.6646e-05, 6.6692e-05, 1.0735e-04, 5.8471e-06,
        5.9644e-05, 1.3958e-05, 1.9380e-05, 1.0031e-04, 1.3977e-04, 9.6170e-05,
        8.8730e-05, 1.3830e-04, 4.8211e-05, 1.1850e-04, 8.9845e-05, 5.6205e-05,
        3.8025e-06, 5.1487e-05, 6.8534e-05, 5.2196e-05, 9.6787e-05, 4.5050e-05,
        7.2501e-05, 1.0736e-04, 8.8443e-06, 5.0854e-05, 5.4177e-05, 9.1832e-05,
        7.1555e-05, 6.7591e-05, 6.6610e-06, 5.1639e-06, 1.1718e-04, 2.2766e-05,
        2.3045e-05, 5.3290e-05, 4.1936e-05, 1.1152e-04, 9.0932e-05, 1.0087e-04,
        3.8353e-05, 3.4051e-05, 1.4528e-04, 1.1368e-05, 1.4420e-04],
       grad_fn=<CatBackward>)

mean_overall=tensor(9.4968e-05, grad_fn=<MeanBackward0>)

-----------------------------------------------ITERATION340-----------------------------------------------

final_causality=[[1, 1, 1, 1, 1, 1, 1, 1, 1, 1, 1, 1, 1], [1, 1, 1, 1, 1, 1, 1, 1, 1, 1, 1, 1, 1, 1, 1, 1, 1, 1, 1, 1, 1, 1, 1, 1, 1, 1, 1, 1, 1, 1, 1, 1, 1, 1, 1, 1, 1, 1, 1, 1, 1, 1, 1, 1, 1, 1, 1, 1, 1, 1], [1, 1, 1, 1, 1, 1, 1, 1, 1, 1, 1, 1, 1, 1, 1, 1, 1, 1, 1, 1, 1, 1, 1, 1, 1, 1, 1, 1, 1, 1, 1, 1, 1, 1, 1, 1, 1, 1, 1, 1, 1, 1, 1, 1, 1, 1, 1, 1, 1, 1]]

means=tensor([1.1758e-03, 0.0000e+00, 2.4108e-04, 0.0000e+00, 2.6085e-04, 4.6329e-05,
        3.4244e-05, 7.6053e-05, 5.1039e-04, 3.4200e-04, 2.1460e-04, 1.6110e-04,
        4.5304e-04, 6.6328e-06, 1.3539e-04, 2.7018e-05, 3.1258e-05, 4.9626e-05,
        3.1208e-04, 2.8400e-05, 6.4741e-05, 9.9977e-05, 7.5207e-05, 2.0209e-04,
        7.2036e-06, 1.2730e-05, 7.9563e-05, 1.8535e-05, 8.6985e-05, 1.1407e-04,
        2.1278e-05, 8.4025e-05, 3.2657e-05, 1.9862e-05, 1.1323e-04, 6.9571e-05,
        1.0732e-04, 9.4011e-05, 3.6923e-05, 9.6430e-05, 9.6518e-05, 1.7797e-04,
        6.6330e-05, 3.8961e-05, 9.3112e-05, 6.8939e-05, 1.3794e-04, 8.6121e-05,
        2.3644e-04, 5.8989e-05, 3.7630e-05, 9.6345e-05, 1.0834e-04, 2.8612e-05,
        2.3092e-05, 1.5418e-04, 7.8313e-05, 8.1108e-05, 2.3361e-04, 1.8208e-05,
        3.4307e-05, 4.0172e-05, 7.4672e-06, 1.6575e-04, 9.7770e-05, 7.0218e-05,
        2.8655e-05, 1.8259e-05, 6.6683e-05, 6.6394e-05, 1.0635e-04, 5.8876e-06,
        5.9625e-05, 1.4497e-05, 1.9186e-05, 1.0187e-04, 1.4203e-04, 9.6428e-05,
        9.1209e-05, 1.3958e-04, 4.8171e-05, 1.1847e-04, 9.0553e-05, 5.6247e-05,
        3.8612e-06, 5.1925e-05, 6.9087e-05, 5.1973e-05, 9.8981e-05, 4.5065e-05,
        7.4521e-05, 1.0891e-04, 8.8991e-06, 5.0735e-05, 5.4463e-05, 9.3143e-05,
        7.0374e-05, 6.9003e-05, 6.7678e-06, 5.2184e-06, 1.1978e-04, 2.2586e-05,
        2.3032e-05, 5.2749e-05, 4.2831e-05, 1.1154e-04, 9.2178e-05, 1.0266e-04,
        3.8298e-05, 3.3954e-05, 1.4660e-04, 1.1384e-05, 1.4691e-04],
       grad_fn=<CatBackward>)

mean_overall=tensor(9.6958e-05, grad_fn=<MeanBackward0>)

-----------------------------------------------ITERATION350-----------------------------------------------

final_causality=[[1, 1, 1, 1, 1, 1, 1, 1, 1, 1, 1, 1, 1], [1, 1, 1, 1, 1, 1, 1, 1, 1, 1, 1, 1, 1, 1, 1, 1, 1, 1, 1, 1, 1, 1, 1, 1, 1, 1, 1, 1, 1, 1, 1, 1, 1, 1, 1, 1, 1, 1, 1, 1, 1, 1, 1, 1, 1, 1, 1, 1, 1, 1], [1, 1, 1, 1, 1, 1, 1, 1, 1, 1, 1, 1, 1, 1, 1, 1, 1, 1, 1, 1, 1, 1, 1, 1, 1, 1, 1, 1, 1, 1, 1, 1, 1, 1, 1, 1, 1, 1, 1, 1, 1, 1, 1, 1, 1, 1, 1, 1, 1, 1]]

means=tensor([1.2252e-03, 0.0000e+00, 2.5251e-04, 0.0000e+00, 2.6778e-04, 4.8905e-05,
        3.5217e-05, 7.6856e-05, 5.1920e-04, 3.5931e-04, 2.2226e-04, 1.6987e-04,
        4.7290e-04, 6.5421e-06, 1.3630e-04, 2.6961e-05, 3.1750e-05, 4.9584e-05,
        3.2055e-04, 2.9814e-05, 6.4030e-05, 1.0218e-04, 7.6950e-05, 2.0418e-04,
        7.2162e-06, 1.3274e-05, 8.3994e-05, 1.9154e-05, 8.8403e-05, 1.1570e-04,
        2.1544e-05, 8.5397e-05, 3.4193e-05, 2.0134e-05, 1.1646e-04, 7.0368e-05,
        1.0722e-04, 9.6368e-05, 3.8084e-05, 9.6883e-05, 9.8200e-05, 1.8180e-04,
        6.8090e-05, 3.9286e-05, 9.4214e-05, 6.9730e-05, 1.4094e-04, 8.8693e-05,
        2.4107e-04, 5.9770e-05, 3.9613e-05, 9.7792e-05, 1.0895e-04, 3.0119e-05,
        2.4037e-05, 1.5470e-04, 8.0277e-05, 8.3838e-05, 2.3440e-04, 1.8558e-05,
        3.4218e-05, 4.0463e-05, 7.8692e-06, 1.6561e-04, 9.9402e-05, 7.1645e-05,
        2.8632e-05, 1.8588e-05, 6.6724e-05, 6.6112e-05, 1.0532e-04, 5.9309e-06,
        5.9607e-05, 1.5053e-05, 1.8984e-05, 1.0350e-04, 1.4440e-04, 9.6693e-05,
        9.3791e-05, 1.4090e-04, 4.8138e-05, 1.1845e-04, 9.1311e-05, 5.6304e-05,
        3.9231e-06, 5.2385e-05, 6.9666e-05, 5.1744e-05, 1.0122e-04, 4.5073e-05,
        7.6604e-05, 1.1052e-04, 8.9577e-06, 5.0614e-05, 5.4758e-05, 9.4487e-05,
        6.9261e-05, 7.0463e-05, 6.8789e-06, 5.2730e-06, 1.2245e-04, 2.2397e-05,
        2.3016e-05, 5.2190e-05, 4.3755e-05, 1.1155e-04, 9.3487e-05, 1.0451e-04,
        3.8239e-05, 3.3853e-05, 1.4797e-04, 1.1400e-05, 1.4970e-04],
       grad_fn=<CatBackward>)

mean_overall=tensor(9.9038e-05, grad_fn=<MeanBackward0>)

-----------------------------------------------ITERATION360-----------------------------------------------

final_causality=[[1, 1, 1, 1, 1, 1, 1, 1, 1, 1, 1, 1, 1], [1, 1, 1, 1, 1, 1, 1, 1, 1, 1, 1, 1, 1, 1, 1, 1, 1, 1, 1, 1, 1, 1, 1, 1, 1, 1, 1, 1, 1, 1, 1, 1, 1, 1, 1, 1, 1, 1, 1, 1, 1, 1, 1, 1, 1, 1, 1, 1, 1, 1], [1, 1, 1, 1, 1, 1, 1, 1, 1, 1, 1, 1, 1, 1, 1, 1, 1, 1, 1, 1, 1, 1, 1, 1, 1, 1, 1, 1, 1, 1, 1, 1, 1, 1, 1, 1, 1, 1, 1, 1, 1, 1, 1, 1, 1, 1, 1, 1, 1, 1]]

means=tensor([1.2764e-03, 0.0000e+00, 2.6444e-04, 0.0000e+00, 2.7499e-04, 5.1646e-05,
        3.6236e-05, 7.7711e-05, 5.2839e-04, 3.7732e-04, 2.3024e-04, 1.7897e-04,
        4.9365e-04, 6.4578e-06, 1.3724e-04, 2.6912e-05, 3.2269e-05, 4.9546e-05,
        3.2933e-04, 3.1318e-05, 6.3313e-05, 1.0446e-04, 7.8764e-05, 2.0634e-04,
        7.2445e-06, 1.3839e-05, 8.8692e-05, 1.9803e-05, 8.9881e-05, 1.1739e-04,
        2.1825e-05, 8.6816e-05, 3.5798e-05, 2.0411e-05, 1.1980e-04, 7.1197e-05,
        1.0712e-04, 9.8824e-05, 3.9305e-05, 9.7357e-05, 9.9936e-05, 1.8576e-04,
        6.9920e-05, 3.9630e-05, 9.5347e-05, 7.0954e-05, 1.4405e-04, 9.1368e-05,
        2.4585e-04, 6.0577e-05, 4.1716e-05, 9.9279e-05, 1.0958e-04, 3.1669e-05,
        2.5045e-05, 1.5526e-04, 8.2304e-05, 8.6708e-05, 2.3523e-04, 1.8922e-05,
        3.4137e-05, 4.0770e-05, 8.2831e-06, 1.6547e-04, 1.0108e-04, 7.3118e-05,
        2.8607e-05, 1.8928e-05, 6.6768e-05, 6.5849e-05, 1.0425e-04, 5.9770e-06,
        5.9589e-05, 1.5628e-05, 1.8773e-05, 1.0517e-04, 1.4687e-04, 9.6967e-05,
        9.6479e-05, 1.4226e-04, 4.8114e-05, 1.1842e-04, 9.2120e-05, 5.6377e-05,
        3.9884e-06, 5.2867e-05, 7.0274e-05, 5.1508e-05, 1.0351e-04, 4.5072e-05,
        7.8753e-05, 1.1218e-04, 9.0205e-06, 5.0490e-05, 5.5063e-05, 9.5862e-05,
        6.8118e-05, 7.1975e-05, 6.9946e-06, 5.3276e-06, 1.2519e-04, 2.2198e-05,
        2.2995e-05, 5.1614e-05, 4.4708e-05, 1.1157e-04, 9.4861e-05, 1.0643e-04,
        3.8177e-05, 3.3747e-05, 1.4939e-04, 1.1418e-05, 1.5256e-04],
       grad_fn=<CatBackward>)

mean_overall=tensor(0.0001, grad_fn=<MeanBackward0>)

-----------------------------------------------ITERATION370-----------------------------------------------

final_causality=[[1, 1, 1, 1, 1, 1, 1, 1, 1, 1, 1, 1, 1], [1, 1, 1, 1, 1, 1, 1, 1, 1, 1, 1, 1, 1, 1, 1, 1, 1, 1, 1, 1, 1, 1, 1, 1, 1, 1, 1, 1, 1, 1, 1, 1, 1, 1, 1, 1, 1, 1, 1, 1, 1, 1, 1, 1, 1, 1, 1, 1, 1, 1], [1, 1, 1, 1, 1, 1, 1, 1, 1, 1, 1, 1, 1, 1, 1, 1, 1, 1, 1, 1, 1, 1, 1, 1, 1, 1, 1, 1, 1, 1, 1, 1, 1, 1, 1, 1, 1, 1, 1, 1, 1, 1, 1, 1, 1, 1, 1, 1, 1, 1]]

means=tensor([1.3295e-03, 0.0000e+00, 2.7690e-04, 0.0000e+00, 2.8247e-04, 5.4562e-05,
        3.7302e-05, 7.8624e-05, 5.3798e-04, 3.9608e-04, 2.3858e-04, 1.8841e-04,
        5.1533e-04, 6.3805e-06, 1.3821e-04, 2.6870e-05, 3.2815e-05, 4.9512e-05,
        3.3841e-04, 3.2918e-05, 6.2591e-05, 1.0684e-04, 8.0653e-05, 2.0857e-04,
        7.2893e-06, 1.4424e-05, 9.3671e-05, 2.0483e-05, 9.1419e-05, 1.1914e-04,
        2.2124e-05, 8.8285e-05, 3.7477e-05, 2.0692e-05, 1.2328e-04, 7.2060e-05,
        1.0702e-04, 1.0138e-04, 4.0589e-05, 9.7852e-05, 1.0173e-04, 1.8984e-04,
        7.1821e-05, 3.9994e-05, 9.6512e-05, 7.2217e-05, 1.4726e-04, 9.4150e-05,
        2.5078e-04, 6.1411e-05, 4.3947e-05, 1.0081e-04, 1.1022e-04, 3.3264e-05,
        2.6119e-05, 1.5583e-04, 8.4396e-05, 8.9727e-05, 2.3610e-04, 1.9302e-05,
        3.4067e-05, 4.1095e-05, 8.7092e-06, 1.6531e-04, 1.0281e-04, 7.4638e-05,
        2.8581e-05, 1.9279e-05, 6.6816e-05, 6.5606e-05, 1.0315e-04, 6.0263e-06,
        5.9573e-05, 1.6222e-05, 1.8553e-05, 1.0690e-04, 1.4945e-04, 9.7250e-05,
        9.9278e-05, 1.4366e-04, 4.8099e-05, 1.1839e-04, 9.2982e-05, 5.6465e-05,
        4.0573e-06, 5.3371e-05, 7.0911e-05, 5.1267e-05, 1.0609e-04, 4.5062e-05,
        8.0968e-05, 1.1391e-04, 9.1133e-06, 5.0365e-05, 5.5376e-05, 9.7271e-05,
        6.6945e-05, 7.3538e-05, 7.1151e-06, 5.3820e-06, 1.2800e-04, 2.1990e-05,
        2.2970e-05, 5.1020e-05, 4.5692e-05, 1.1158e-04, 9.6304e-05, 1.0842e-04,
        3.8110e-05, 3.3636e-05, 1.5086e-04, 1.1436e-05, 1.5549e-04],
       grad_fn=<CatBackward>)

mean_overall=tensor(0.0001, grad_fn=<MeanBackward0>)

-----------------------------------------------ITERATION380-----------------------------------------------

final_causality=[[1, 1, 1, 1, 1, 1, 1, 1, 1, 1, 1, 1, 1], [1, 1, 1, 1, 1, 1, 1, 1, 1, 1, 1, 1, 1, 1, 1, 1, 1, 1, 1, 1, 1, 1, 1, 1, 1, 1, 1, 1, 1, 1, 1, 1, 1, 1, 1, 1, 1, 1, 1, 1, 1, 1, 1, 1, 1, 1, 1, 1, 1, 1], [1, 1, 1, 1, 1, 1, 1, 1, 1, 1, 1, 1, 1, 1, 1, 1, 1, 1, 1, 1, 1, 1, 1, 1, 1, 1, 1, 1, 1, 1, 1, 1, 1, 1, 1, 1, 1, 1, 1, 1, 1, 1, 1, 1, 1, 1, 1, 1, 1, 1]]

means=tensor([1.3845e-03, 0.0000e+00, 2.8991e-04, 0.0000e+00, 2.9026e-04, 5.7666e-05,
        3.8421e-05, 7.9597e-05, 5.4799e-04, 4.1560e-04, 2.4727e-04, 1.9820e-04,
        5.3798e-04, 6.3104e-06, 1.3922e-04, 2.6837e-05, 3.3391e-05, 4.9483e-05,
        3.4781e-04, 3.4620e-05, 6.1866e-05, 1.0931e-04, 8.2621e-05, 2.1086e-04,
        7.3517e-06, 1.5031e-05, 9.8945e-05, 2.1196e-05, 9.3022e-05, 1.2095e-04,
        2.2441e-05, 8.9805e-05, 3.9232e-05, 2.0976e-05, 1.2690e-04, 7.2958e-05,
        1.0692e-04, 1.0405e-04, 4.1939e-05, 9.8368e-05, 1.0357e-04, 1.9405e-04,
        7.3797e-05, 4.0377e-05, 9.7710e-05, 7.3521e-05, 1.5057e-04, 9.7041e-05,
        2.5587e-04, 6.2272e-05, 4.6311e-05, 1.0238e-04, 1.1087e-04, 3.4904e-05,
        2.7263e-05, 1.5644e-04, 8.6554e-05, 9.2899e-05, 2.3702e-04, 1.9698e-05,
        3.4005e-05, 4.1438e-05, 9.1477e-06, 1.6514e-04, 1.0460e-04, 7.6206e-05,
        2.8567e-05, 1.9641e-05, 6.6869e-05, 6.5384e-05, 1.0201e-04, 6.0789e-06,
        5.9558e-05, 1.6836e-05, 1.8324e-05, 1.0869e-04, 1.5213e-04, 9.7542e-05,
        1.0219e-04, 1.4510e-04, 4.8094e-05, 1.1858e-04, 9.3902e-05, 5.6571e-05,
        4.1300e-06, 5.3900e-05, 7.1577e-05, 5.1018e-05, 1.0933e-04, 4.5042e-05,
        8.3251e-05, 1.1570e-04, 9.2278e-06, 5.0238e-05, 5.5700e-05, 9.8714e-05,
        6.5741e-05, 7.5155e-05, 7.2406e-06, 5.4362e-06, 1.3088e-04, 2.1771e-05,
        2.2941e-05, 5.0573e-05, 4.6706e-05, 1.1159e-04, 9.7816e-05, 1.1049e-04,
        3.8038e-05, 3.3519e-05, 1.5238e-04, 1.1456e-05, 1.5850e-04],
       grad_fn=<CatBackward>)

mean_overall=tensor(0.0001, grad_fn=<MeanBackward0>)

-----------------------------------------------ITERATION390-----------------------------------------------

final_causality=[[1, 1, 1, 1, 1, 1, 1, 1, 1, 1, 1, 1, 1], [1, 1, 1, 1, 1, 1, 1, 1, 1, 1, 1, 1, 1, 1, 1, 1, 1, 1, 1, 1, 1, 1, 1, 1, 1, 1, 1, 1, 1, 1, 1, 1, 1, 1, 1, 1, 1, 1, 1, 1, 1, 1, 1, 1, 1, 1, 1, 1, 1, 1], [1, 1, 1, 1, 1, 1, 1, 1, 1, 1, 1, 1, 1, 1, 1, 1, 1, 1, 1, 1, 1, 1, 1, 1, 1, 1, 1, 1, 1, 1, 1, 1, 1, 1, 1, 1, 1, 1, 1, 1, 1, 1, 1, 1, 1, 1, 1, 1, 1, 1]]

means=tensor([1.4416e-03, 0.0000e+00, 3.0351e-04, 0.0000e+00, 2.9836e-04, 6.0967e-05,
        3.9593e-05, 8.0637e-05, 5.5845e-04, 4.3594e-04, 2.5634e-04, 2.0835e-04,
        5.6167e-04, 6.2481e-06, 1.4026e-04, 2.6812e-05, 3.3996e-05, 4.9458e-05,
        3.5753e-04, 3.6432e-05, 6.1322e-05, 1.1187e-04, 8.4670e-05, 2.1324e-04,
        7.4324e-06, 1.5660e-05, 1.0453e-04, 2.1944e-05, 9.4690e-05, 1.2282e-04,
        2.2776e-05, 9.1377e-05, 4.1066e-05, 2.1264e-05, 1.3065e-04, 7.3890e-05,
        1.0683e-04, 1.0683e-04, 4.3357e-05, 9.8905e-05, 1.0548e-04, 1.9838e-04,
        7.5849e-05, 4.0780e-05, 9.8942e-05, 7.4868e-05, 1.5399e-04, 1.0005e-04,
        2.6111e-04, 6.3161e-05, 4.8817e-05, 1.0399e-04, 1.1154e-04, 3.6593e-05,
        2.8483e-05, 1.5708e-04, 8.8781e-05, 9.6233e-05, 2.3799e-04, 2.0111e-05,
        3.3954e-05, 4.1799e-05, 9.5988e-06, 1.6495e-04, 1.0644e-04, 7.7824e-05,
        2.8987e-05, 2.0016e-05, 6.6925e-05, 6.5185e-05, 1.0082e-04, 6.1349e-06,
        5.9545e-05, 1.7470e-05, 1.8084e-05, 1.1055e-04, 1.5493e-04, 9.7844e-05,
        1.0522e-04, 1.4662e-04, 4.8099e-05, 1.1900e-04, 9.4880e-05, 5.6693e-05,
        4.2067e-06, 5.4455e-05, 7.2275e-05, 5.0763e-05, 1.1264e-04, 4.5013e-05,
        8.5603e-05, 1.1755e-04, 9.3633e-06, 5.0109e-05, 5.6033e-05, 1.0019e-04,
        6.4505e-05, 7.6827e-05, 7.3714e-06, 5.4900e-06, 1.3384e-04, 2.1541e-05,
        2.2907e-05, 5.0900e-05, 4.7753e-05, 1.1159e-04, 9.9402e-05, 1.1263e-04,
        3.7962e-05, 3.3397e-05, 1.5395e-04, 1.1543e-05, 1.6159e-04],
       grad_fn=<CatBackward>)

mean_overall=tensor(0.0001, grad_fn=<MeanBackward0>)

-----------------------------------------------ITERATION400-----------------------------------------------

final_causality=[[1, 1, 1, 1, 1, 1, 1, 1, 1, 1, 1, 1, 1], [1, 1, 1, 1, 1, 1, 1, 1, 1, 1, 1, 1, 1, 1, 1, 1, 1, 1, 1, 1, 1, 1, 1, 1, 1, 1, 1, 1, 1, 1, 1, 1, 1, 1, 1, 1, 1, 1, 1, 1, 1, 1, 1, 1, 1, 1, 1, 1, 1, 1], [1, 1, 1, 1, 1, 1, 1, 1, 1, 1, 1, 1, 1, 1, 1, 1, 1, 1, 1, 1, 1, 1, 1, 1, 1, 1, 1, 1, 1, 1, 1, 1, 1, 1, 1, 1, 1, 1, 1, 1, 1, 1, 1, 1, 1, 1, 1, 1, 1, 1]]

means=tensor([1.5008e-03, 0.0000e+00, 3.1771e-04, 0.0000e+00, 3.0680e-04, 6.4480e-05,
        4.0824e-05, 8.1749e-05, 5.6938e-04, 4.5712e-04, 2.6580e-04, 2.1888e-04,
        5.8642e-04, 6.1938e-06, 1.4134e-04, 2.6796e-05, 3.4632e-05, 4.9486e-05,
        3.6759e-04, 3.8360e-05, 6.1403e-05, 1.1454e-04, 8.6805e-05, 2.1569e-04,
        7.5325e-06, 1.6311e-05, 1.1044e-04, 2.2727e-05, 9.6426e-05, 1.2476e-04,
        2.3131e-05, 9.3003e-05, 4.2984e-05, 2.1555e-05, 1.3454e-04, 7.4859e-05,
        1.0674e-04, 1.0972e-04, 4.4847e-05, 9.9465e-05, 1.0745e-04, 2.0285e-04,
        7.7981e-05, 4.1205e-05, 1.0021e-04, 7.6259e-05, 1.5752e-04, 1.0317e-04,
        2.6652e-04, 6.4079e-05, 5.1473e-05, 1.0565e-04, 1.1223e-04, 3.8330e-05,
        2.9784e-05, 1.5774e-04, 9.1079e-05, 9.9736e-05, 2.3900e-04, 2.0541e-05,
        3.3913e-05, 4.2179e-05, 1.0063e-05, 1.6475e-04, 1.0833e-04, 7.9493e-05,
        2.9424e-05, 2.0403e-05, 6.8086e-05, 6.5010e-05, 9.9595e-05, 6.1947e-06,
        5.9534e-05, 1.8125e-05, 1.7833e-05, 1.1246e-04, 1.5900e-04, 9.8156e-05,
        1.0837e-04, 1.4912e-04, 4.8116e-05, 1.1945e-04, 9.5920e-05, 5.6834e-05,
        4.2931e-06, 5.5035e-05, 7.3004e-05, 5.0499e-05, 1.1602e-04, 4.4973e-05,
        8.8027e-05, 1.1947e-04, 9.5075e-06, 4.9979e-05, 5.6377e-05, 1.0171e-04,
        6.3237e-05, 7.8556e-05, 7.5077e-06, 5.5433e-06, 1.3688e-04, 2.1299e-05,
        2.2867e-05, 5.1246e-05, 4.8832e-05, 1.1160e-04, 1.0106e-04, 1.1485e-04,
        3.7903e-05, 3.3270e-05, 1.5557e-04, 1.1683e-05, 1.6477e-04],
       grad_fn=<CatBackward>)

mean_overall=tensor(0.0001, grad_fn=<MeanBackward0>)

-----------------------------------------------ITERATION410-----------------------------------------------

final_causality=[[1, 1, 1, 1, 1, 1, 1, 1, 1, 1, 1, 1, 1], [1, 1, 1, 1, 1, 1, 1, 1, 1, 1, 1, 1, 1, 1, 1, 1, 1, 1, 1, 1, 1, 1, 1, 1, 1, 1, 1, 1, 1, 1, 1, 1, 1, 1, 1, 1, 1, 1, 1, 1, 1, 1, 1, 1, 1, 1, 1, 1, 1, 1], [1, 1, 1, 1, 1, 1, 1, 1, 1, 1, 1, 1, 1, 1, 1, 1, 1, 1, 1, 1, 1, 1, 1, 1, 1, 1, 1, 1, 1, 1, 1, 1, 1, 1, 1, 1, 1, 1, 1, 1, 1, 1, 1, 1, 1, 1, 1, 1, 1, 1]]

means=tensor([1.5621e-03, 0.0000e+00, 3.3256e-04, 0.0000e+00, 3.1558e-04, 6.8218e-05,
        4.2116e-05, 8.2939e-05, 5.8081e-04, 4.7918e-04, 2.7567e-04, 2.2980e-04,
        6.1231e-04, 6.1480e-06, 1.4245e-04, 2.6788e-05, 3.5301e-05, 4.9532e-05,
        3.7800e-04, 4.0412e-05, 6.1493e-05, 1.1731e-04, 8.9027e-05, 2.1821e-04,
        7.6529e-06, 1.6987e-05, 1.1668e-04, 2.3548e-05, 9.8233e-05, 1.2676e-04,
        2.3506e-05, 9.4684e-05, 4.4988e-05, 2.1848e-05, 1.3858e-04, 7.5864e-05,
        1.0665e-04, 1.1273e-04, 4.6413e-05, 1.0005e-04, 1.0947e-04, 2.0746e-04,
        8.0194e-05, 4.1651e-05, 1.0151e-04, 7.7697e-05, 1.6117e-04, 1.0641e-04,
        2.7209e-04, 6.5026e-05, 5.4285e-05, 1.0735e-04, 1.1293e-04, 4.0118e-05,
        3.1169e-05, 1.5844e-04, 9.3449e-05, 1.0342e-04, 2.4006e-04, 2.0989e-05,
        3.3883e-05, 4.2579e-05, 1.0540e-05, 1.6452e-04, 1.1029e-04, 8.1215e-05,
        2.9880e-05, 2.0803e-05, 6.9795e-05, 6.4862e-05, 9.8322e-05, 6.2585e-06,
        5.9524e-05, 1.8940e-05, 1.7571e-05, 1.1444e-04, 1.6351e-04, 9.8480e-05,
        1.1165e-04, 1.5169e-04, 4.8145e-05, 1.1992e-04, 9.7025e-05, 5.6993e-05,
        4.3886e-06, 5.5643e-05, 7.3766e-05, 5.0228e-05, 1.1948e-04, 4.4922e-05,
        9.0523e-05, 1.2145e-04, 9.6610e-06, 4.9846e-05, 5.6731e-05, 1.0326e-04,
        6.1935e-05, 8.0343e-05, 7.6497e-06, 5.5960e-06, 1.3999e-04, 2.1045e-05,
        2.2821e-05, 5.1612e-05, 4.9944e-05, 1.1174e-04, 1.0281e-04, 1.1716e-04,
        3.7886e-05, 3.3136e-05, 1.5725e-04, 1.1832e-05, 1.6803e-04],
       grad_fn=<CatBackward>)

mean_overall=tensor(0.0001, grad_fn=<MeanBackward0>)

-----------------------------------------------ITERATION420-----------------------------------------------

final_causality=[[1, 1, 1, 1, 1, 1, 1, 1, 1, 1, 1, 1, 1], [1, 1, 1, 1, 1, 1, 1, 1, 1, 1, 1, 1, 1, 1, 1, 1, 1, 1, 1, 1, 1, 1, 1, 1, 1, 1, 1, 1, 1, 1, 1, 1, 1, 1, 1, 1, 1, 1, 1, 1, 1, 1, 1, 1, 1, 1, 1, 1, 1, 1], [1, 1, 1, 1, 1, 1, 1, 1, 1, 1, 1, 1, 1, 1, 1, 1, 1, 1, 1, 1, 1, 1, 1, 1, 1, 1, 1, 1, 1, 1, 1, 1, 1, 1, 1, 1, 1, 1, 1, 1, 1, 1, 1, 1, 1, 1, 1, 1, 1, 1]]

means=tensor([1.6257e-03, 0.0000e+00, 3.4809e-04, 0.0000e+00, 3.2474e-04, 7.2194e-05,
        4.3473e-05, 8.4213e-05, 5.9277e-04, 5.0216e-04, 2.8598e-04, 2.4112e-04,
        6.3938e-04, 6.1111e-06, 1.4359e-04, 2.6789e-05, 3.6003e-05, 4.9584e-05,
        3.8876e-04, 4.2596e-05, 6.1595e-05, 1.2018e-04, 9.1341e-05, 2.2082e-04,
        7.7947e-06, 1.7688e-05, 1.2328e-04, 2.4408e-05, 1.0011e-04, 1.2882e-04,
        2.3902e-05, 9.6422e-05, 4.7083e-05, 2.2144e-05, 1.4278e-04, 7.6908e-05,
        1.0657e-04, 1.1587e-04, 4.8059e-05, 1.0065e-04, 1.1156e-04, 2.1220e-04,
        8.2491e-05, 4.2119e-05, 1.0284e-04, 7.9183e-05, 1.6493e-04, 1.0978e-04,
        2.7783e-04, 6.6004e-05, 5.7262e-05, 1.0909e-04, 1.1365e-04, 4.1959e-05,
        3.2645e-05, 1.5916e-04, 9.5894e-05, 1.0728e-04, 2.4118e-04, 2.1455e-05,
        3.3864e-05, 4.2998e-05, 1.1030e-05, 1.6428e-04, 1.1230e-04, 8.2990e-05,
        3.0356e-05, 2.1218e-05, 7.1551e-05, 6.4740e-05, 9.7002e-05, 6.3264e-06,
        5.9516e-05, 1.9930e-05, 1.7356e-05, 1.1649e-04, 1.6818e-04, 9.8815e-05,
        1.1506e-04, 1.5434e-04, 4.8187e-05, 1.2042e-04, 9.8196e-05, 5.7171e-05,
        4.4893e-06, 5.6280e-05, 7.4561e-05, 4.9948e-05, 1.2302e-04, 4.4859e-05,
        9.3093e-05, 1.2351e-04, 9.8245e-06, 4.9713e-05, 5.7096e-05, 1.0485e-04,
        6.0660e-05, 8.2190e-05, 7.7979e-06, 5.6478e-06, 1.4318e-04, 2.0847e-05,
        2.2770e-05, 5.1999e-05, 5.1092e-05, 1.1211e-04, 1.0463e-04, 1.1954e-04,
        3.7868e-05, 3.3145e-05, 1.5899e-04, 1.1990e-05, 1.7137e-04],
       grad_fn=<CatBackward>)

mean_overall=tensor(0.0001, grad_fn=<MeanBackward0>)

-----------------------------------------------ITERATION430-----------------------------------------------

final_causality=[[1, 1, 1, 1, 1, 1, 1, 1, 1, 1, 1, 1, 1], [1, 1, 1, 1, 1, 1, 1, 1, 1, 1, 1, 1, 1, 1, 1, 1, 1, 1, 1, 1, 1, 1, 1, 1, 1, 1, 1, 1, 1, 1, 1, 1, 1, 1, 1, 1, 1, 1, 1, 1, 1, 1, 1, 1, 1, 1, 1, 1, 1, 1], [1, 1, 1, 1, 1, 1, 1, 1, 1, 1, 1, 1, 1, 1, 1, 1, 1, 1, 1, 1, 1, 1, 1, 1, 1, 1, 1, 1, 1, 1, 1, 1, 1, 1, 1, 1, 1, 1, 1, 1, 1, 1, 1, 1, 1, 1, 1, 1, 1, 1]]

means=tensor([1.6917e-03, 1.3878e-17, 3.6432e-04, 1.3878e-17, 3.3428e-04, 7.6423e-05,
        4.4899e-05, 8.5579e-05, 6.0529e-04, 5.2611e-04, 2.9674e-04, 2.5286e-04,
        6.6769e-04, 6.0835e-06, 1.4477e-04, 2.6799e-05, 3.6740e-05, 4.9642e-05,
        3.9988e-04, 4.4920e-05, 6.1708e-05, 1.2317e-04, 9.3750e-05, 2.2351e-04,
        7.9589e-06, 1.8414e-05, 1.3025e-04, 2.5310e-05, 1.0207e-04, 1.3096e-04,
        2.4320e-05, 9.8218e-05, 4.9271e-05, 2.2443e-05, 1.4712e-04, 7.7991e-05,
        1.0650e-04, 1.1913e-04, 4.9787e-05, 1.0128e-04, 1.1371e-04, 2.1708e-04,
        8.4874e-05, 4.2610e-05, 1.0421e-04, 8.0720e-05, 1.6881e-04, 1.1327e-04,
        2.8374e-04, 6.7012e-05, 6.0413e-05, 1.1089e-04, 1.1439e-04, 4.3854e-05,
        3.4216e-05, 1.5992e-04, 9.8416e-05, 1.1134e-04, 2.4235e-04, 2.1940e-05,
        3.3856e-05, 4.3438e-05, 1.1534e-05, 1.6402e-04, 1.1438e-04, 8.4820e-05,
        3.0853e-05, 2.1646e-05, 7.3355e-05, 6.4648e-05, 9.5631e-05, 6.3988e-06,
        5.9510e-05, 2.0955e-05, 1.7188e-05, 1.1861e-04, 1.7302e-04, 9.9162e-05,
        1.1860e-04, 1.5705e-04, 4.8243e-05, 1.2094e-04, 9.9436e-05, 5.7369e-05,
        4.5957e-06, 5.6946e-05, 7.5391e-05, 4.9660e-05, 1.2663e-04, 4.4784e-05,
        9.5738e-05, 1.2563e-04, 9.9987e-06, 4.9578e-05, 5.7472e-05, 1.0648e-04,
        5.9595e-05, 8.4098e-05, 7.9524e-06, 5.6988e-06, 1.4645e-04, 2.0649e-05,
        2.2711e-05, 5.2410e-05, 5.2275e-05, 1.1250e-04, 1.0653e-04, 1.2202e-04,
        3.7848e-05, 3.3606e-05, 1.6079e-04, 1.2158e-05, 1.7480e-04],
       grad_fn=<CatBackward>)

mean_overall=tensor(0.0001, grad_fn=<MeanBackward0>)

-----------------------------------------------ITERATION440-----------------------------------------------

final_causality=[[1, 1, 1, 1, 1, 1, 1, 1, 1, 1, 1, 1, 1], [1, 1, 1, 1, 1, 1, 1, 1, 1, 1, 1, 1, 1, 1, 1, 1, 1, 1, 1, 1, 1, 1, 1, 1, 1, 1, 1, 1, 1, 1, 1, 1, 1, 1, 1, 1, 1, 1, 1, 1, 1, 1, 1, 1, 1, 1, 1, 1, 1, 1], [1, 1, 1, 1, 1, 1, 1, 1, 1, 1, 1, 1, 1, 1, 1, 1, 1, 1, 1, 1, 1, 1, 1, 1, 1, 1, 1, 1, 1, 1, 1, 1, 1, 1, 1, 1, 1, 1, 1, 1, 1, 1, 1, 1, 1, 1, 1, 1, 1, 1]]

means=tensor([1.7602e-03, 0.0000e+00, 3.8130e-04, 0.0000e+00, 3.4423e-04, 8.0923e-05,
        4.6399e-05, 8.7045e-05, 6.1840e-04, 5.5106e-04, 3.0797e-04, 2.6502e-04,
        6.9730e-04, 6.0656e-06, 1.4599e-04, 2.6819e-05, 3.7514e-05, 4.9707e-05,
        4.1137e-04, 4.7393e-05, 6.1834e-05, 1.2627e-04, 9.6258e-05, 2.2629e-04,
        8.1469e-06, 1.9167e-05, 1.3760e-04, 2.6254e-05, 1.0410e-04, 1.3317e-04,
        2.4762e-05, 1.0007e-04, 5.1557e-05, 2.2742e-05, 1.5163e-04, 7.9115e-05,
        1.0642e-04, 1.2252e-04, 5.1601e-05, 1.0193e-04, 1.1592e-04, 2.2211e-04,
        8.7346e-05, 4.3124e-05, 1.0561e-04, 8.2308e-05, 1.7281e-04, 1.1690e-04,
        2.8983e-04, 6.8053e-05, 6.3746e-05, 1.1272e-04, 1.1514e-04, 4.5805e-05,
        3.5889e-05, 1.6071e-04, 1.0102e-04, 1.1560e-04, 2.4357e-04, 2.2446e-05,
        3.3861e-05, 4.3900e-05, 1.2052e-05, 1.6374e-04, 1.1652e-04, 8.6706e-05,
        3.1370e-05, 2.2090e-05, 7.5209e-05, 6.4586e-05, 9.4207e-05, 6.4760e-06,
        5.9513e-05, 2.2015e-05, 1.7012e-05, 1.2080e-04, 1.7803e-04, 9.9523e-05,
        1.2227e-04, 1.5984e-04, 4.8313e-05, 1.2195e-04, 1.0075e-04, 5.7587e-05,
        4.7081e-06, 5.7643e-05, 7.6257e-05, 4.9361e-05, 1.3033e-04, 4.4822e-05,
        9.8459e-05, 1.2783e-04, 1.0184e-05, 4.9442e-05, 5.7998e-05, 1.0815e-04,
        5.8502e-05, 8.6069e-05, 8.1135e-06, 5.7487e-06, 1.4981e-04, 2.0441e-05,
        2.2646e-05, 5.2844e-05, 5.3494e-05, 1.1291e-04, 1.0853e-04, 1.2459e-04,
        3.7826e-05, 3.4087e-05, 1.6264e-04, 1.2336e-05, 1.7833e-04],
       grad_fn=<CatBackward>)

mean_overall=tensor(0.0001, grad_fn=<MeanBackward0>)

