-----------------------------------------------ITERATION0-----------------------------------------------

final_causality=[[1, 1, 1, 1, 1, 1, 1, 1, 1, 1, 1, 1, 1], [1, 1, 1, 1, 1, 1, 1, 1, 1, 1, 1, 1, 1, 1, 1, 1, 1, 1, 1, 1, 1, 1, 1, 1, 1, 1, 1, 1, 1, 1, 1, 1, 1, 1, 1, 1, 1, 1, 1, 1, 1, 1, 1, 1, 1, 1, 1, 1, 1, 1], [1, 1, 1, 1, 1, 1, 1, 1, 1, 1, 1, 1, 1, 1, 1, 1, 1, 1, 1, 1, 1, 1, 1, 1, 1, 1, 1, 1, 1, 1, 1, 1, 1, 1, 1, 1, 1, 1, 1, 1, 1, 1, 1, 1, 1, 1, 1, 1, 1, 1]]

means=tensor([1.4542e-04, 0.0000e+00, 2.7411e-04, 0.0000e+00, 7.2895e-05, 4.9651e-07,
        3.9016e-06, 1.6202e-05, 3.3985e-05, 2.4293e-06, 4.8982e-06, 2.7735e-06,
        1.4136e-04, 3.1028e-05, 4.7661e-05, 6.0953e-05, 5.4742e-06, 7.7866e-05,
        3.7961e-05, 8.1553e-05, 3.3800e-05, 5.9214e-05, 1.0515e-04, 1.6029e-06,
        6.6443e-05, 2.9324e-05, 2.9639e-06, 5.7220e-05, 2.2995e-05, 9.6619e-06,
        2.3368e-05, 1.0299e-05, 3.9162e-05, 3.1396e-05, 5.2873e-05, 1.1748e-05,
        4.4467e-06, 2.2743e-05, 3.8922e-05, 2.5748e-05, 6.5340e-05, 2.8270e-05,
        6.8344e-05, 1.3962e-04, 5.4751e-05, 7.6829e-05, 1.0563e-05, 1.4990e-04,
        2.6774e-05, 1.2344e-05, 5.4672e-05, 1.3699e-04, 2.8812e-05, 3.5914e-05,
        6.9771e-05, 1.6748e-04, 1.4551e-04, 4.9014e-05, 1.3488e-04, 9.3333e-05,
        9.7883e-06, 5.8613e-05, 2.9177e-05, 3.1297e-05, 5.7633e-05, 6.5817e-05,
        8.3316e-05, 1.3729e-04, 8.3928e-05, 5.2685e-05, 1.9301e-05, 9.3412e-05,
        4.1048e-05, 1.6820e-04, 3.4865e-06, 2.9026e-05, 7.0695e-05, 1.0213e-04,
        7.3979e-05, 3.3738e-05, 2.1084e-05, 1.0207e-04, 5.1648e-05, 4.5889e-05,
        1.3105e-05, 3.4657e-05, 1.7912e-05, 8.2987e-05, 6.7193e-05, 5.5208e-05,
        3.0402e-05, 1.0786e-04, 3.9383e-05, 4.3007e-05, 4.3233e-05, 2.0142e-05,
        4.6757e-05, 1.5892e-04, 8.5346e-05, 6.8233e-06, 6.4639e-05, 1.4868e-05,
        4.3909e-05, 2.9512e-05, 2.2317e-04, 1.1787e-04, 3.4584e-05, 2.0169e-05,
        4.5775e-05, 5.0169e-05, 5.9652e-05, 4.6800e-05, 7.2030e-05],
       grad_fn=<CatBackward>)

mean_overall=tensor(5.6465e-05, grad_fn=<MeanBackward0>)

-----------------------------------------------ITERATION10-----------------------------------------------

final_causality=[[1, 1, 1, 1, 1, 1, 1, 1, 1, 1, 1, 1, 1], [1, 1, 1, 1, 1, 1, 1, 1, 1, 1, 1, 1, 1, 1, 1, 1, 1, 1, 1, 1, 1, 1, 1, 1, 1, 1, 1, 1, 1, 1, 1, 1, 1, 1, 1, 1, 1, 1, 1, 1, 1, 1, 1, 1, 1, 1, 1, 1, 1, 1], [1, 1, 1, 1, 1, 1, 1, 1, 1, 1, 1, 1, 1, 1, 1, 1, 1, 1, 1, 1, 1, 1, 1, 1, 1, 1, 1, 1, 1, 1, 1, 1, 1, 1, 1, 1, 1, 1, 1, 1, 1, 1, 1, 1, 1, 1, 1, 1, 1, 1]]

means=tensor([1.4655e-04, 0.0000e+00, 2.6867e-04, 0.0000e+00, 6.1873e-05, 1.4177e-06,
        6.9391e-06, 1.0522e-05, 3.8859e-05, 1.0560e-06, 1.0467e-05, 3.2533e-07,
        1.4073e-04, 2.5140e-05, 5.4672e-05, 5.5859e-05, 9.9539e-08, 7.2511e-05,
        4.0077e-05, 8.5608e-05, 2.3618e-05, 5.2932e-05, 9.8604e-05, 4.6921e-06,
        6.1473e-05, 3.2910e-05, 2.1506e-06, 6.4714e-05, 1.7592e-05, 1.4269e-05,
        3.2908e-05, 1.5410e-05, 3.1315e-05, 3.9498e-05, 5.6465e-05, 4.0472e-06,
        5.3189e-07, 1.4535e-05, 4.2487e-05, 2.9821e-05, 6.2049e-05, 3.2614e-05,
        7.4408e-05, 1.4505e-04, 5.9160e-05, 7.0867e-05, 5.1998e-06, 1.4233e-04,
        3.1133e-05, 6.2067e-06, 4.8859e-05, 1.3196e-04, 3.5254e-05, 4.0964e-05,
        6.2518e-05, 1.7313e-04, 1.5264e-04, 5.6715e-05, 1.2747e-04, 8.8218e-05,
        1.3029e-05, 6.3493e-05, 2.1874e-05, 3.2260e-05, 5.8322e-05, 6.5134e-05,
        8.1965e-05, 1.3804e-04, 8.4775e-05, 5.3081e-05, 1.8450e-05, 9.3943e-05,
        4.1393e-05, 1.6853e-04, 3.0527e-06, 2.8099e-05, 6.9476e-05, 1.0367e-04,
        7.5066e-05, 3.3108e-05, 2.1475e-05, 1.0211e-04, 5.0983e-05, 4.6514e-05,
        1.3751e-05, 3.3674e-05, 1.7129e-05, 8.1259e-05, 6.8426e-05, 5.6589e-05,
        3.0004e-05, 1.0619e-04, 4.0045e-05, 4.2490e-05, 4.3367e-05, 1.9917e-05,
        4.5240e-05, 1.5949e-04, 8.4428e-05, 7.4799e-06, 6.3407e-05, 1.3430e-05,
        4.4548e-05, 2.8864e-05, 2.2312e-04, 1.1672e-04, 3.5041e-05, 2.0873e-05,
        4.4215e-05, 5.0628e-05, 5.9780e-05, 4.5851e-05, 7.3899e-05],
       grad_fn=<CatBackward>)

mean_overall=tensor(5.6157e-05, grad_fn=<MeanBackward0>)

-----------------------------------------------ITERATION20-----------------------------------------------

final_causality=[[1, 1, 1, 1, 1, 1, 1, 1, 1, 1, 1, 1, 1], [1, 1, 1, 1, 1, 1, 1, 1, 1, 1, 1, 1, 1, 1, 1, 1, 1, 1, 1, 1, 1, 1, 1, 1, 1, 1, 1, 1, 1, 1, 1, 1, 1, 1, 1, 1, 1, 1, 1, 1, 1, 1, 1, 1, 1, 1, 1, 1, 1, 1], [1, 1, 1, 1, 1, 1, 1, 1, 1, 1, 1, 1, 1, 1, 1, 1, 1, 1, 1, 1, 1, 1, 1, 1, 1, 1, 1, 1, 1, 1, 1, 1, 1, 1, 1, 1, 1, 1, 1, 1, 1, 1, 1, 1, 1, 1, 1, 1, 1, 1]]

means=tensor([1.6609e-04, 1.3878e-17, 2.6558e-04, 1.3878e-17, 5.9922e-05, 3.3424e-07,
        6.9493e-06, 1.2636e-05, 3.8390e-05, 2.1246e-06, 1.4714e-05, 1.4209e-06,
        1.3303e-04, 2.4563e-05, 5.4950e-05, 5.4924e-05, 1.4355e-06, 7.0773e-05,
        4.0518e-05, 8.5837e-05, 2.1231e-05, 5.1413e-05, 9.7185e-05, 6.1682e-06,
        6.1257e-05, 3.3560e-05, 3.0923e-06, 6.6171e-05, 1.5939e-05, 1.5291e-05,
        3.4891e-05, 1.6491e-05, 2.8311e-05, 4.1595e-05, 5.6785e-05, 2.3140e-06,
        2.4606e-06, 1.1918e-05, 4.2607e-05, 3.0495e-05, 6.1969e-05, 3.4169e-05,
        7.5061e-05, 1.4527e-04, 5.9995e-05, 6.9382e-05, 3.4390e-06, 1.4143e-04,
        3.1785e-05, 4.5747e-06, 4.6683e-05, 1.3175e-04, 3.6887e-05, 4.1889e-05,
        6.1109e-05, 1.7524e-04, 1.5565e-04, 5.8687e-05, 1.2524e-04, 8.6740e-05,
        1.3264e-05, 6.4462e-05, 2.0403e-05, 3.2490e-05, 5.8024e-05, 6.4016e-05,
        8.1465e-05, 1.3864e-04, 8.4803e-05, 5.2431e-05, 1.8397e-05, 9.4435e-05,
        4.1633e-05, 1.6852e-04, 2.9434e-06, 2.7913e-05, 6.9169e-05, 1.0390e-04,
        7.5553e-05, 3.2825e-05, 2.1115e-05, 1.0336e-04, 5.0802e-05, 4.6538e-05,
        1.3968e-05, 3.3341e-05, 1.6982e-05, 8.0372e-05, 6.8619e-05, 5.6491e-05,
        3.0010e-05, 1.0510e-04, 4.0194e-05, 4.3501e-05, 4.3501e-05, 2.0192e-05,
        4.5542e-05, 1.5951e-04, 8.4456e-05, 7.5802e-06, 6.3479e-05, 1.3090e-05,
        4.5032e-05, 2.8568e-05, 2.2420e-04, 1.1719e-04, 3.5162e-05, 2.0870e-05,
        4.3822e-05, 5.0851e-05, 6.0016e-05, 4.5027e-05, 7.3681e-05],
       grad_fn=<CatBackward>)

mean_overall=tensor(5.6263e-05, grad_fn=<MeanBackward0>)

-----------------------------------------------ITERATION30-----------------------------------------------

final_causality=[[1, 1, 1, 1, 1, 1, 1, 1, 1, 1, 1, 1, 1], [1, 1, 1, 1, 1, 1, 1, 1, 1, 1, 1, 1, 1, 1, 1, 1, 1, 1, 1, 1, 1, 1, 1, 1, 1, 1, 1, 1, 1, 1, 1, 1, 1, 1, 1, 1, 1, 1, 1, 1, 1, 1, 1, 1, 1, 1, 1, 1, 1, 1], [1, 1, 1, 1, 1, 1, 1, 1, 1, 1, 1, 1, 1, 1, 1, 1, 1, 1, 1, 1, 1, 1, 1, 1, 1, 1, 1, 1, 1, 1, 1, 1, 1, 1, 1, 1, 1, 1, 1, 1, 1, 1, 1, 1, 1, 1, 1, 1, 1, 1]]

means=tensor([1.9412e-04, 0.0000e+00, 2.6478e-04, 0.0000e+00, 6.3918e-05, 1.7286e-06,
        5.0891e-06, 1.9873e-05, 3.5172e-05, 5.6439e-06, 8.0102e-06, 7.4052e-06,
        1.2157e-04, 2.7682e-05, 5.0814e-05, 5.6838e-05, 3.9164e-07, 7.1705e-05,
        3.9832e-05, 8.4513e-05, 2.4262e-05, 5.3307e-05, 9.9373e-05, 4.5515e-06,
        6.4385e-05, 3.2167e-05, 1.7017e-06, 6.3523e-05, 1.6957e-05, 1.3865e-05,
        3.1760e-05, 1.4830e-05, 2.8791e-05, 3.9509e-05, 5.4974e-05, 4.6649e-06,
        1.6786e-06, 1.3253e-05, 4.0470e-05, 2.8813e-05, 6.4034e-05, 3.3710e-05,
        7.2066e-05, 1.4211e-04, 5.8477e-05, 7.1090e-05, 4.2243e-06, 1.4521e-04,
        2.9922e-05, 6.0980e-06, 4.7127e-05, 1.3489e-04, 3.5108e-05, 4.0075e-05,
        6.3776e-05, 1.7466e-04, 1.5570e-04, 5.6550e-05, 1.2671e-04, 8.8706e-05,
        1.1507e-05, 6.2861e-05, 2.3059e-05, 3.2200e-05, 5.7391e-05, 6.2673e-05,
        8.1484e-05, 1.3904e-04, 8.4200e-05, 5.1243e-05, 1.8943e-05, 9.4854e-05,
        4.1758e-05, 1.6857e-04, 3.0723e-06, 2.8248e-05, 6.9541e-05, 1.0340e-04,
        7.5557e-05, 3.2908e-05, 2.0319e-05, 1.0529e-04, 5.0939e-05, 4.6129e-05,
        1.3882e-05, 3.3459e-05, 1.7242e-05, 8.0082e-05, 6.8098e-05, 5.5426e-05,
        3.0285e-05, 1.0448e-04, 4.0013e-05, 4.5448e-05, 4.3621e-05, 2.0810e-05,
        4.6860e-05, 1.5914e-04, 8.5077e-05, 7.3346e-06, 6.4429e-05, 1.3512e-05,
        4.5330e-05, 2.8603e-05, 2.2583e-04, 1.1870e-04, 3.5083e-05, 2.0415e-05,
        4.4251e-05, 5.0956e-05, 6.0282e-05, 4.4390e-05, 7.2263e-05],
       grad_fn=<CatBackward>)

mean_overall=tensor(5.6484e-05, grad_fn=<MeanBackward0>)

-----------------------------------------------ITERATION40-----------------------------------------------

final_causality=[[1, 1, 1, 1, 1, 1, 1, 1, 1, 1, 1, 1, 1], [1, 1, 1, 1, 1, 1, 1, 1, 1, 1, 1, 1, 1, 1, 1, 1, 1, 1, 1, 1, 1, 1, 1, 1, 1, 1, 1, 1, 1, 1, 1, 1, 1, 1, 1, 1, 1, 1, 1, 1, 1, 1, 1, 1, 1, 1, 1, 1, 1, 1], [1, 1, 1, 1, 1, 1, 1, 1, 1, 1, 1, 1, 1, 1, 1, 1, 1, 1, 1, 1, 1, 1, 1, 1, 1, 1, 1, 1, 1, 1, 1, 1, 1, 1, 1, 1, 1, 1, 1, 1, 1, 1, 1, 1, 1, 1, 1, 1, 1, 1]]

means=tensor([2.1969e-04, 1.3878e-17, 2.6094e-04, 1.3878e-17, 6.1961e-05, 4.8011e-06,
        4.8243e-06, 2.2913e-05, 3.4794e-05, 1.3844e-05, 1.2536e-05, 1.1562e-05,
        1.1042e-04, 2.7570e-05, 5.0751e-05, 5.5879e-05, 2.3242e-06, 6.9749e-05,
        4.0384e-05, 8.5763e-05, 2.1659e-05, 5.1804e-05, 9.7938e-05, 6.3149e-06,
        6.4739e-05, 3.2814e-05, 2.8373e-06, 6.5088e-05, 1.5108e-05, 1.5036e-05,
        3.4103e-05, 1.6062e-05, 2.5180e-05, 4.1944e-05, 5.5285e-05, 2.8181e-06,
        4.1733e-06, 1.0167e-05, 4.0481e-05, 2.9446e-05, 6.4161e-05, 3.5662e-05,
        7.2613e-05, 1.4216e-04, 5.9420e-05, 6.9483e-05, 2.0186e-06, 1.4528e-04,
        3.0547e-05, 4.2484e-06, 4.4551e-05, 1.3511e-04, 3.6910e-05, 4.1639e-05,
        6.2396e-05, 1.7711e-04, 1.5967e-04, 5.8660e-05, 1.2410e-04, 8.7868e-05,
        1.1645e-05, 6.4133e-05, 2.1725e-05, 3.2449e-05, 5.6519e-05, 6.0997e-05,
        8.1249e-05, 1.3951e-04, 8.4332e-05, 4.9985e-05, 1.8956e-05, 9.5657e-05,
        4.2206e-05, 1.6835e-04, 2.9714e-06, 2.8067e-05, 6.9077e-05, 1.0324e-04,
        7.6078e-05, 3.2730e-05, 1.9867e-05, 1.0721e-04, 5.0739e-05, 4.6055e-05,
        1.4171e-05, 3.3219e-05, 1.7099e-05, 7.9287e-05, 6.8295e-05, 5.5173e-05,
        3.0241e-05, 1.0335e-04, 4.0173e-05, 4.6813e-05, 4.3894e-05, 2.1014e-05,
        4.7516e-05, 1.5908e-04, 8.5278e-05, 7.4426e-06, 6.4539e-05, 1.3203e-05,
        4.5855e-05, 2.8251e-05, 2.2708e-04, 1.1943e-04, 3.5182e-05, 2.0375e-05,
        4.3842e-05, 5.1136e-05, 6.0628e-05, 4.3268e-05, 7.1699e-05],
       grad_fn=<CatBackward>)

mean_overall=tensor(5.6793e-05, grad_fn=<MeanBackward0>)

-----------------------------------------------ITERATION50-----------------------------------------------

final_causality=[[1, 1, 1, 1, 1, 1, 1, 1, 1, 1, 1, 1, 1], [1, 1, 1, 1, 1, 1, 1, 1, 1, 1, 1, 1, 1, 1, 1, 1, 1, 1, 1, 1, 1, 1, 1, 1, 1, 1, 1, 1, 1, 1, 1, 1, 1, 1, 1, 1, 1, 1, 1, 1, 1, 1, 1, 1, 1, 1, 1, 1, 1, 1], [1, 1, 1, 1, 1, 1, 1, 1, 1, 1, 1, 1, 1, 1, 1, 1, 1, 1, 1, 1, 1, 1, 1, 1, 1, 1, 1, 1, 1, 1, 1, 1, 1, 1, 1, 1, 1, 1, 1, 1, 1, 1, 1, 1, 1, 1, 1, 1, 1, 1]]

means=tensor([2.4990e-04, 0.0000e+00, 2.5842e-04, 0.0000e+00, 6.3430e-05, 7.7811e-06,
        3.4612e-06, 2.8913e-05, 3.2901e-05, 2.3822e-05, 1.0778e-05, 1.8067e-05,
        9.6902e-05, 2.9670e-05, 4.8166e-05, 5.6568e-05, 2.7922e-06, 6.9334e-05,
        4.0285e-05, 8.5867e-05, 2.2220e-05, 5.2286e-05, 9.8610e-05, 6.3286e-06,
        6.7103e-05, 3.2252e-05, 2.6461e-06, 6.4311e-05, 1.4785e-05, 1.4806e-05,
        3.3501e-05, 1.5715e-05, 2.3574e-05, 4.1989e-05, 5.4366e-05, 3.3226e-06,
        5.1520e-06, 9.3537e-06, 3.9197e-05, 2.8687e-05, 6.5551e-05, 3.6459e-05,
        7.1057e-05, 1.4030e-04, 5.8906e-05, 6.9715e-05, 1.2747e-06, 1.4830e-04,
        2.9706e-05, 4.2256e-06, 4.3484e-05, 1.3731e-04, 3.6748e-05, 4.1805e-05,
        6.3413e-05, 1.7798e-04, 1.6198e-04, 5.8380e-05, 1.2364e-04, 8.8607e-05,
        1.0637e-05, 6.4523e-05, 2.2812e-05, 3.2397e-05, 5.5519e-05, 5.9264e-05,
        8.1382e-05, 1.3993e-04, 8.4082e-05, 5.0520e-05, 1.9339e-05, 9.6360e-05,
        4.2569e-05, 1.6824e-04, 3.0068e-06, 2.8185e-05, 6.9002e-05, 1.0278e-04,
        7.6330e-05, 3.2739e-05, 1.9164e-05, 1.0956e-04, 5.0735e-05, 4.5740e-05,
        1.4285e-05, 3.3200e-05, 1.7184e-05, 7.8785e-05, 6.8079e-05, 5.4413e-05,
        3.0360e-05, 1.0242e-04, 4.0141e-05, 4.8753e-05, 4.4162e-05, 2.1447e-05,
        4.8738e-05, 1.5881e-04, 8.5783e-05, 7.3573e-06, 6.5157e-05, 1.3330e-05,
        4.6276e-05, 2.8082e-05, 2.2860e-04, 1.2077e-04, 3.5166e-05, 2.0074e-05,
        4.3908e-05, 5.1297e-05, 6.0984e-05, 4.2819e-05, 7.0519e-05],
       grad_fn=<CatBackward>)

mean_overall=tensor(5.7184e-05, grad_fn=<MeanBackward0>)

-----------------------------------------------ITERATION60-----------------------------------------------

final_causality=[[1, 1, 1, 1, 1, 1, 1, 1, 1, 1, 1, 1, 1], [1, 1, 1, 1, 1, 1, 1, 1, 1, 1, 1, 1, 1, 1, 1, 1, 1, 1, 1, 1, 1, 1, 1, 1, 1, 1, 1, 1, 1, 1, 1, 1, 1, 1, 1, 1, 1, 1, 1, 1, 1, 1, 1, 1, 1, 1, 1, 1, 1, 1], [1, 1, 1, 1, 1, 1, 1, 1, 1, 1, 1, 1, 1, 1, 1, 1, 1, 1, 1, 1, 1, 1, 1, 1, 1, 1, 1, 1, 1, 1, 1, 1, 1, 1, 1, 1, 1, 1, 1, 1, 1, 1, 1, 1, 1, 1, 1, 1, 1, 1]]

means=tensor([2.8149e-04, 0.0000e+00, 2.5549e-04, 0.0000e+00, 6.4597e-05, 1.1220e-05,
        2.0889e-06, 3.4894e-05, 3.1219e-05, 3.4772e-05, 9.7354e-06, 2.4984e-05,
        8.2267e-05, 3.1779e-05, 4.5752e-05, 5.7099e-05, 3.5530e-06, 6.8735e-05,
        4.0357e-05, 8.6194e-05, 2.2449e-05, 5.2600e-05, 9.9090e-05, 6.6391e-06,
        6.9525e-05, 3.1788e-05, 2.6521e-06, 6.3834e-05, 1.4249e-05, 1.4770e-05,
        3.3310e-05, 1.5578e-05, 2.1590e-05, 4.2413e-05, 5.3564e-05, 3.5603e-06,
        6.5312e-06, 8.1796e-06, 3.8012e-05, 2.8029e-05, 6.6912e-05, 3.7533e-05,
        6.9680e-05, 1.3861e-04, 5.8525e-05, 6.9744e-05, 2.4730e-07, 1.5127e-04,
        2.8989e-05, 3.9687e-06, 4.2159e-05, 1.3951e-04, 3.6856e-05, 4.2227e-05,
        6.4250e-05, 1.7912e-04, 1.6481e-04, 5.8389e-05, 1.2288e-04, 8.9152e-05,
        9.7154e-06, 6.5504e-05, 2.3735e-05, 3.2381e-05, 5.4447e-05, 5.7473e-05,
        8.1476e-05, 1.4039e-04, 8.3876e-05, 5.1293e-05, 1.9735e-05, 9.7102e-05,
        4.2981e-05, 1.6816e-04, 3.0290e-06, 2.8272e-05, 6.8840e-05, 1.0239e-04,
        7.6634e-05, 3.2753e-05, 1.8446e-05, 1.1211e-04, 5.0721e-05, 4.5434e-05,
        1.4442e-05, 3.3142e-05, 1.7242e-05, 7.8211e-05, 6.7903e-05, 5.3708e-05,
        3.0459e-05, 1.0136e-04, 4.0129e-05, 5.0805e-05, 4.4476e-05, 2.1878e-05,
        4.9986e-05, 1.5856e-04, 8.6275e-05, 7.3687e-06, 6.5736e-05, 1.3417e-05,
        4.6744e-05, 2.7870e-05, 2.3010e-04, 1.2215e-04, 3.5157e-05, 1.9785e-05,
        4.3925e-05, 5.1516e-05, 6.1370e-05, 4.4617e-05, 6.9379e-05],
       grad_fn=<CatBackward>)

mean_overall=tensor(5.7646e-05, grad_fn=<MeanBackward0>)

-----------------------------------------------ITERATION70-----------------------------------------------

final_causality=[[1, 1, 1, 1, 1, 1, 1, 1, 1, 1, 1, 1, 1], [1, 1, 1, 1, 1, 1, 1, 1, 1, 1, 1, 1, 1, 1, 1, 1, 1, 1, 1, 1, 1, 1, 1, 1, 1, 1, 1, 1, 1, 1, 1, 1, 1, 1, 1, 1, 1, 1, 1, 1, 1, 1, 1, 1, 1, 1, 1, 1, 1, 1], [1, 1, 1, 1, 1, 1, 1, 1, 1, 1, 1, 1, 1, 1, 1, 1, 1, 1, 1, 1, 1, 1, 1, 1, 1, 1, 1, 1, 1, 1, 1, 1, 1, 1, 1, 1, 1, 1, 1, 1, 1, 1, 1, 1, 1, 1, 1, 1, 1, 1]]

means=tensor([3.1396e-04, 1.3878e-17, 2.5187e-04, 1.3878e-17, 6.4967e-05, 1.5172e-05,
        8.5261e-07, 4.0461e-05, 2.9980e-05, 4.6564e-05, 1.0335e-05, 3.1992e-05,
        6.6695e-05, 3.3587e-05, 4.3861e-05, 5.7221e-05, 4.8301e-06, 6.7699e-05,
        4.1024e-05, 8.6919e-05, 2.1891e-05, 5.2470e-05, 9.9077e-05, 7.5088e-06,
        7.1719e-05, 3.1604e-05, 3.0376e-06, 6.4002e-05, 1.3286e-05, 1.5126e-05,
        3.3968e-05, 1.5884e-05, 1.8948e-05, 4.3572e-05, 5.3060e-05, 3.1803e-06,
        8.5808e-06, 6.3219e-06, 3.7102e-05, 2.7679e-05, 6.8058e-05, 3.9088e-05,
        6.8779e-05, 1.3737e-04, 5.8500e-05, 6.9315e-05, 1.3201e-06, 1.5379e-04,
        2.8609e-05, 3.2239e-06, 4.0373e-05, 1.4141e-04, 3.7538e-05, 4.3130e-05,
        6.4565e-05, 1.8077e-04, 1.6844e-04, 5.9059e-05, 1.2152e-04, 8.9255e-05,
        9.0402e-06, 6.6984e-05, 2.4141e-05, 3.2448e-05, 5.3328e-05, 5.5643e-05,
        8.1484e-05, 1.4090e-04, 8.3766e-05, 5.2058e-05, 2.0090e-05, 9.7892e-05,
        4.3455e-05, 1.6808e-04, 3.0169e-06, 2.8285e-05, 6.8527e-05, 1.0216e-04,
        7.7030e-05, 3.3502e-05, 1.7783e-05, 1.1483e-04, 5.0668e-05, 4.5178e-05,
        1.4672e-05, 3.3009e-05, 1.7239e-05, 7.7516e-05, 6.7825e-05, 5.3127e-05,
        3.0515e-05, 1.0013e-04, 4.0268e-05, 5.2905e-05, 4.4841e-05, 2.2278e-05,
        5.1167e-05, 1.5835e-04, 8.6714e-05, 7.5433e-06, 6.6189e-05, 1.3397e-05,
        4.7286e-05, 2.7594e-05, 2.3153e-04, 1.2348e-04, 3.5170e-05, 1.9544e-05,
        4.3830e-05, 5.1804e-05, 6.1786e-05, 4.6360e-05, 6.8379e-05],
       grad_fn=<CatBackward>)

mean_overall=tensor(5.8185e-05, grad_fn=<MeanBackward0>)

-----------------------------------------------ITERATION80-----------------------------------------------

final_causality=[[1, 1, 1, 1, 1, 1, 1, 1, 1, 1, 1, 1, 1], [1, 1, 1, 1, 1, 1, 1, 1, 1, 1, 1, 1, 1, 1, 1, 1, 1, 1, 1, 1, 1, 1, 1, 1, 1, 1, 1, 1, 1, 1, 1, 1, 1, 1, 1, 1, 1, 1, 1, 1, 1, 1, 1, 1, 1, 1, 1, 1, 1, 1], [1, 1, 1, 1, 1, 1, 1, 1, 1, 1, 1, 1, 1, 1, 1, 1, 1, 1, 1, 1, 1, 1, 1, 1, 1, 1, 1, 1, 1, 1, 1, 1, 1, 1, 1, 1, 1, 1, 1, 1, 1, 1, 1, 1, 1, 1, 1, 1, 1, 1]]

means=tensor([3.4814e-04, 0.0000e+00, 2.4819e-04, 0.0000e+00, 6.5793e-05, 1.9424e-05,
        6.5320e-07, 4.6562e-05, 2.8678e-05, 5.9360e-05, 1.0221e-05, 3.9646e-05,
        4.9898e-05, 3.5868e-05, 4.1637e-05, 5.7572e-05, 6.0266e-06, 6.6830e-05,
        4.1654e-05, 8.7576e-05, 2.1767e-05, 5.2625e-05, 9.9356e-05, 8.2510e-06,
        7.4362e-05, 3.1255e-05, 3.2993e-06, 6.3938e-05, 1.2498e-05, 1.5339e-05,
        3.4345e-05, 1.6033e-05, 1.6484e-05, 4.4537e-05, 5.2456e-05, 3.0923e-06,
        1.0676e-05, 4.6951e-06, 3.6030e-05, 2.7121e-05, 6.9435e-05, 4.0619e-05,
        6.7608e-05, 1.3591e-04, 5.8288e-05, 6.9130e-05, 2.8288e-06, 1.5683e-04,
        2.8030e-05, 2.6899e-06, 3.8743e-05, 1.4369e-04, 3.8029e-05, 4.3938e-05,
        6.5249e-05, 1.8228e-04, 1.7209e-04, 5.9470e-05, 1.2045e-04, 8.9533e-05,
        8.2094e-06, 6.8436e-05, 2.4923e-05, 3.2483e-05, 5.2199e-05, 5.4391e-05,
        8.1505e-05, 1.4143e-04, 8.3598e-05, 5.2900e-05, 2.0538e-05, 9.8645e-05,
        4.3925e-05, 1.6807e-04, 3.0202e-06, 2.8331e-05, 6.8231e-05, 1.0202e-04,
        7.7397e-05, 3.4516e-05, 1.8258e-05, 1.1776e-04, 5.0659e-05, 4.4900e-05,
        1.4897e-05, 3.2879e-05, 1.7262e-05, 7.6801e-05, 6.7696e-05, 5.2678e-05,
        3.0596e-05, 9.8846e-05, 4.0466e-05, 5.5232e-05, 4.5235e-05, 2.2743e-05,
        5.2443e-05, 1.5813e-04, 8.7214e-05, 7.7041e-06, 6.6687e-05, 1.3428e-05,
        4.8329e-05, 2.7330e-05, 2.3296e-04, 1.2495e-04, 3.5168e-05, 1.9622e-05,
        4.3808e-05, 5.2174e-05, 6.2220e-05, 4.8260e-05, 6.7350e-05],
       grad_fn=<CatBackward>)

mean_overall=tensor(5.8816e-05, grad_fn=<MeanBackward0>)

-----------------------------------------------ITERATION90-----------------------------------------------

final_causality=[[1, 1, 1, 1, 1, 1, 1, 1, 1, 1, 1, 1, 1], [1, 1, 1, 1, 1, 1, 1, 1, 1, 1, 1, 1, 1, 1, 1, 1, 1, 1, 1, 1, 1, 1, 1, 1, 1, 1, 1, 1, 1, 1, 1, 1, 1, 1, 1, 1, 1, 1, 1, 1, 1, 1, 1, 1, 1, 1, 1, 1, 1, 1], [1, 1, 1, 1, 1, 1, 1, 1, 1, 1, 1, 1, 1, 1, 1, 1, 1, 1, 1, 1, 1, 1, 1, 1, 1, 1, 1, 1, 1, 1, 1, 1, 1, 1, 1, 1, 1, 1, 1, 1, 1, 1, 1, 1, 1, 1, 1, 1, 1, 1]]

means=tensor([3.8384e-04, 0.0000e+00, 2.4437e-04, 0.0000e+00, 6.6850e-05, 2.3989e-05,
        4.3125e-07, 5.3022e-05, 2.7470e-05, 7.3152e-05, 9.7979e-06, 4.7785e-05,
        3.1956e-05, 3.8533e-05, 3.9214e-05, 5.8069e-05, 7.2349e-06, 6.6018e-05,
        4.2298e-05, 8.8247e-05, 2.1933e-05, 5.2938e-05, 9.9812e-05, 8.9926e-06,
        7.7338e-05, 3.0825e-05, 3.5417e-06, 6.3788e-05, 1.1819e-05, 1.5486e-05,
        3.4649e-05, 1.6127e-05, 1.4088e-05, 4.5490e-05, 5.1759e-05, 3.1713e-06,
        1.2974e-05, 3.1715e-06, 3.4895e-05, 2.6420e-05, 7.0967e-05, 4.2198e-05,
        6.6297e-05, 1.3438e-04, 5.7969e-05, 6.9086e-05, 4.3903e-06, 1.6023e-04,
        2.7333e-05, 2.2399e-06, 3.7161e-05, 1.4624e-04, 3.8441e-05, 4.4736e-05,
        6.6193e-05, 1.8377e-04, 1.7590e-04, 5.9783e-05, 1.1957e-04, 8.9898e-05,
        7.2771e-06, 6.9958e-05, 2.5942e-05, 3.2505e-05, 5.1072e-05, 5.3651e-05,
        8.1513e-05, 1.4197e-04, 8.3399e-05, 5.3825e-05, 2.1059e-05, 9.9361e-05,
        4.4390e-05, 1.6811e-04, 3.0300e-06, 2.8393e-05, 6.7925e-05, 1.0201e-04,
        7.7744e-05, 3.5579e-05, 1.9201e-05, 1.2088e-04, 5.0686e-05, 4.4623e-05,
        1.5131e-05, 3.2737e-05, 1.7295e-05, 7.6048e-05, 6.7548e-05, 5.2334e-05,
        3.0696e-05, 9.7488e-05, 4.0669e-05, 5.7780e-05, 4.5662e-05, 2.3261e-05,
        5.3771e-05, 1.5791e-04, 8.7775e-05, 7.8601e-06, 6.7185e-05, 1.3481e-05,
        5.0204e-05, 2.7068e-05, 2.3437e-04, 1.2650e-04, 3.5158e-05, 2.0487e-05,
        4.3839e-05, 5.2646e-05, 6.2669e-05, 5.0285e-05, 6.6347e-05],
       grad_fn=<CatBackward>)

mean_overall=tensor(5.9527e-05, grad_fn=<MeanBackward0>)

-----------------------------------------------ITERATION100-----------------------------------------------

final_causality=[[1, 1, 1, 1, 1, 1, 1, 1, 1, 1, 1, 1, 1], [1, 1, 1, 1, 1, 1, 1, 1, 1, 1, 1, 1, 1, 1, 1, 1, 1, 1, 1, 1, 1, 1, 1, 1, 1, 1, 1, 1, 1, 1, 1, 1, 1, 1, 1, 1, 1, 1, 1, 1, 1, 1, 1, 1, 1, 1, 1, 1, 1, 1], [1, 1, 1, 1, 1, 1, 1, 1, 1, 1, 1, 1, 1, 1, 1, 1, 1, 1, 1, 1, 1, 1, 1, 1, 1, 1, 1, 1, 1, 1, 1, 1, 1, 1, 1, 1, 1, 1, 1, 1, 1, 1, 1, 1, 1, 1, 1, 1, 1, 1]]

means=tensor([4.2090e-04, 0.0000e+00, 2.4028e-04, 0.0000e+00, 6.7874e-05, 2.8928e-05,
        2.7644e-06, 5.9632e-05, 2.6469e-05, 8.7880e-05, 9.6008e-06, 5.6230e-05,
        1.2919e-05, 4.1403e-05, 3.6821e-05, 5.8566e-05, 8.6051e-06, 6.5146e-05,
        4.3010e-05, 8.9034e-05, 2.2105e-05, 5.3256e-05, 1.0026e-04, 9.8942e-06,
        8.0499e-05, 3.0419e-05, 3.8665e-06, 6.3762e-05, 1.1111e-05, 1.5693e-05,
        3.5138e-05, 1.6309e-05, 1.1588e-05, 4.6634e-05, 5.1078e-05, 3.2045e-06,
        1.5665e-05, 1.5488e-06, 3.3798e-05, 2.5707e-05, 7.2551e-05, 4.3954e-05,
        6.5030e-05, 1.3294e-04, 5.7682e-05, 6.9030e-05, 6.1304e-06, 1.6375e-04,
        2.6649e-05, 1.7293e-06, 3.5520e-05, 1.4889e-04, 3.8963e-05, 4.5665e-05,
        6.7186e-05, 1.8539e-04, 1.8004e-04, 6.0211e-05, 1.1866e-04, 9.0208e-05,
        6.3492e-06, 7.1670e-05, 2.6998e-05, 3.2541e-05, 4.9947e-05, 5.2918e-05,
        8.1486e-05, 1.4252e-04, 8.3202e-05, 5.4823e-05, 2.1623e-05, 1.0005e-04,
        4.4863e-05, 1.6820e-04, 3.0340e-06, 2.8444e-05, 6.7571e-05, 1.0217e-04,
        7.8093e-05, 3.7194e-05, 2.0215e-05, 1.2418e-04, 5.0733e-05, 4.4375e-05,
        1.5393e-05, 3.2568e-05, 1.7321e-05, 7.5238e-05, 6.7415e-05, 5.2014e-05,
        3.0800e-05, 9.6046e-05, 4.0899e-05, 6.0516e-05, 4.6126e-05, 2.3816e-05,
        5.5106e-05, 1.5772e-04, 8.8392e-05, 8.0268e-06, 6.7633e-05, 1.3517e-05,
        5.2248e-05, 2.6798e-05, 2.3576e-04, 1.2808e-04, 3.5148e-05, 2.1506e-05,
        4.3886e-05, 5.3221e-05, 6.3137e-05, 5.2382e-05, 6.5423e-05],
       grad_fn=<CatBackward>)

mean_overall=tensor(6.0328e-05, grad_fn=<MeanBackward0>)

-----------------------------------------------ITERATION110-----------------------------------------------

final_causality=[[1, 1, 1, 1, 1, 1, 1, 1, 1, 1, 1, 1, 1], [1, 1, 1, 1, 1, 1, 1, 1, 1, 1, 1, 1, 1, 1, 1, 1, 1, 1, 1, 1, 1, 1, 1, 1, 1, 1, 1, 1, 1, 1, 1, 1, 1, 1, 1, 1, 1, 1, 1, 1, 1, 1, 1, 1, 1, 1, 1, 1, 1, 1], [1, 1, 1, 1, 1, 1, 1, 1, 1, 1, 1, 1, 1, 1, 1, 1, 1, 1, 1, 1, 1, 1, 1, 1, 1, 1, 1, 1, 1, 1, 1, 1, 1, 1, 1, 1, 1, 1, 1, 1, 1, 1, 1, 1, 1, 1, 1, 1, 1, 1]]

means=tensor([4.5940e-04, 0.0000e+00, 2.3590e-04, 0.0000e+00, 6.8907e-05, 3.4262e-05,
        5.2948e-06, 6.6434e-05, 2.5667e-05, 1.0356e-04, 9.5809e-06, 6.4973e-05,
        4.2526e-06, 4.4498e-05, 3.4461e-05, 5.9075e-05, 1.0138e-05, 6.4243e-05,
        4.3783e-05, 9.0802e-05, 2.2311e-05, 5.3601e-05, 1.0073e-04, 1.0948e-05,
        8.3868e-05, 3.0025e-05, 4.2557e-06, 6.3848e-05, 1.0383e-05, 1.5950e-05,
        3.5785e-05, 1.6566e-05, 9.0104e-06, 4.7941e-05, 5.0413e-05, 3.2075e-06,
        1.8837e-05, 1.9184e-07, 3.2730e-05, 2.4979e-05, 7.4201e-05, 4.5888e-05,
        6.3800e-05, 1.3157e-04, 5.7424e-05, 6.8982e-05, 8.0551e-06, 1.6741e-04,
        2.5972e-05, 1.1819e-06, 3.3857e-05, 1.5167e-04, 3.9588e-05, 4.6723e-05,
        6.8245e-05, 1.8711e-04, 1.8448e-04, 6.0735e-05, 1.1774e-04, 9.0475e-05,
        5.4242e-06, 7.3561e-05, 2.8119e-05, 3.2591e-05, 4.8825e-05, 5.2194e-05,
        8.1430e-05, 1.4308e-04, 8.3001e-05, 5.5889e-05, 2.2234e-05, 1.0073e-04,
        4.5341e-05, 1.6832e-04, 3.0334e-06, 2.8488e-05, 6.7170e-05, 1.0252e-04,
        7.8442e-05, 3.9161e-05, 2.1303e-05, 1.2829e-04, 5.0799e-05, 4.4161e-05,
        1.5682e-05, 3.2379e-05, 1.7343e-05, 7.4385e-05, 6.7294e-05, 5.1714e-05,
        3.0908e-05, 9.4532e-05, 4.1156e-05, 6.3446e-05, 4.6630e-05, 2.4411e-05,
        5.6452e-05, 1.5756e-04, 8.9081e-05, 8.2051e-06, 6.8036e-05, 1.3539e-05,
        5.4462e-05, 2.6890e-05, 2.3715e-04, 1.2969e-04, 3.5139e-05, 2.2525e-05,
        4.3956e-05, 5.3898e-05, 6.3620e-05, 5.4547e-05, 6.4576e-05],
       grad_fn=<CatBackward>)

mean_overall=tensor(6.1321e-05, grad_fn=<MeanBackward0>)

-----------------------------------------------ITERATION120-----------------------------------------------

final_causality=[[1, 1, 1, 1, 1, 1, 1, 1, 1, 1, 1, 1, 1], [1, 1, 1, 1, 1, 1, 1, 1, 1, 1, 1, 1, 1, 1, 1, 1, 1, 1, 1, 1, 1, 1, 1, 1, 1, 1, 1, 1, 1, 1, 1, 1, 1, 1, 1, 1, 1, 1, 1, 1, 1, 1, 1, 1, 1, 1, 1, 1, 1, 1], [1, 1, 1, 1, 1, 1, 1, 1, 1, 1, 1, 1, 1, 1, 1, 1, 1, 1, 1, 1, 1, 1, 1, 1, 1, 1, 1, 1, 1, 1, 1, 1, 1, 1, 1, 1, 1, 1, 1, 1, 1, 1, 1, 1, 1, 1, 1, 1, 1, 1]]

means=tensor([4.9956e-04, 1.3878e-17, 2.3127e-04, 1.3878e-17, 6.9978e-05, 4.0047e-05,
        8.0000e-06, 7.3492e-05, 2.4977e-05, 1.2032e-04, 9.6556e-06, 7.4085e-05,
        1.7984e-05, 4.7871e-05, 3.2101e-05, 5.9631e-05, 1.1828e-05, 6.3344e-05,
        4.4602e-05, 9.2822e-05, 2.2642e-05, 5.4033e-05, 1.0125e-04, 1.2137e-05,
        8.7502e-05, 2.9601e-05, 4.6862e-06, 6.4024e-05, 9.6690e-06, 1.6233e-05,
        3.6543e-05, 1.6876e-05, 6.4002e-06, 4.9366e-05, 5.0015e-05, 3.2158e-06,
        2.2846e-05, 2.0212e-06, 3.1661e-05, 2.4207e-05, 7.5950e-05, 4.7988e-05,
        6.2562e-05, 1.3024e-04, 5.7162e-05, 6.8988e-05, 1.0168e-05, 1.7131e-04,
        2.5270e-05, 6.4540e-07, 3.2223e-05, 1.5467e-04, 4.0262e-05, 4.7887e-05,
        6.9420e-05, 1.8888e-04, 1.8915e-04, 6.1288e-05, 1.1686e-04, 9.0725e-05,
        4.4720e-06, 7.5599e-05, 2.9370e-05, 3.2647e-05, 4.7695e-05, 5.1477e-05,
        8.1352e-05, 1.4365e-04, 8.2783e-05, 5.7011e-05, 2.2906e-05, 1.0139e-04,
        4.5817e-05, 1.6848e-04, 3.0313e-06, 2.8531e-05, 6.7816e-05, 1.0307e-04,
        7.8787e-05, 4.1216e-05, 2.2471e-05, 1.3319e-04, 5.0878e-05, 4.3986e-05,
        1.5997e-05, 3.2180e-05, 1.7367e-05, 7.3517e-05, 6.7179e-05, 5.1421e-05,
        3.1026e-05, 9.2960e-05, 4.1437e-05, 6.6588e-05, 4.7175e-05, 2.5061e-05,
        5.7824e-05, 1.5742e-04, 8.9858e-05, 8.4007e-06, 6.8411e-05, 1.3558e-05,
        5.6852e-05, 2.7001e-05, 2.3855e-04, 1.3133e-04, 3.5129e-05, 2.3541e-05,
        4.4058e-05, 5.4665e-05, 6.4506e-05, 5.6780e-05, 6.4173e-05],
       grad_fn=<CatBackward>)

mean_overall=tensor(6.2653e-05, grad_fn=<MeanBackward0>)

-----------------------------------------------ITERATION130-----------------------------------------------

final_causality=[[1, 1, 1, 1, 1, 1, 1, 1, 1, 1, 1, 1, 1], [1, 1, 1, 1, 1, 1, 1, 1, 1, 1, 1, 1, 1, 1, 1, 1, 1, 1, 1, 1, 1, 1, 1, 1, 1, 1, 1, 1, 1, 1, 1, 1, 1, 1, 1, 1, 1, 1, 1, 1, 1, 1, 1, 1, 1, 1, 1, 1, 1, 1], [1, 1, 1, 1, 1, 1, 1, 1, 1, 1, 1, 1, 1, 1, 1, 1, 1, 1, 1, 1, 1, 1, 1, 1, 1, 1, 1, 1, 1, 1, 1, 1, 1, 1, 1, 1, 1, 1, 1, 1, 1, 1, 1, 1, 1, 1, 1, 1, 1, 1]]

means=tensor([5.4147e-04, 0.0000e+00, 2.2635e-04, 0.0000e+00, 7.1175e-05, 4.6407e-05,
        1.0887e-05, 8.0796e-05, 2.4584e-05, 1.3828e-04, 9.8744e-06, 8.3642e-05,
        4.2981e-05, 5.1527e-05, 2.9741e-05, 6.0222e-05, 1.4006e-05, 6.2416e-05,
        4.5470e-05, 9.5038e-05, 2.3182e-05, 5.4596e-05, 1.0184e-04, 1.3513e-05,
        9.1443e-05, 2.9088e-05, 5.2222e-06, 6.4579e-05, 8.9738e-06, 1.6548e-05,
        3.7456e-05, 1.7263e-05, 3.7414e-06, 5.0940e-05, 4.9621e-05, 3.1814e-06,
        2.7625e-05, 4.0604e-06, 3.0569e-05, 2.3367e-05, 7.7864e-05, 5.0298e-05,
        6.1276e-05, 1.2893e-04, 5.6860e-05, 6.9952e-05, 1.2524e-05, 1.7548e-04,
        2.4523e-05, 1.4200e-07, 3.0645e-05, 1.5796e-04, 4.0941e-05, 4.9168e-05,
        7.0726e-05, 1.9067e-04, 1.9401e-04, 6.1819e-05, 1.1599e-04, 9.0922e-05,
        3.4484e-06, 7.7778e-05, 3.0784e-05, 3.2713e-05, 4.6533e-05, 5.0742e-05,
        8.1245e-05, 1.4424e-04, 8.2556e-05, 5.8154e-05, 2.3649e-05, 1.0205e-04,
        4.6287e-05, 1.6870e-04, 3.0290e-06, 2.8576e-05, 6.8708e-05, 1.0383e-04,
        7.9119e-05, 4.3399e-05, 2.3746e-05, 1.3976e-04, 5.1035e-05, 4.3846e-05,
        1.6340e-05, 3.1979e-05, 1.7394e-05, 7.2671e-05, 6.7093e-05, 5.1136e-05,
        3.1153e-05, 9.1355e-05, 4.1740e-05, 6.9959e-05, 4.7764e-05, 2.5784e-05,
        5.9226e-05, 1.5736e-04, 9.0724e-05, 8.6084e-06, 6.8755e-05, 1.3581e-05,
        5.9429e-05, 2.7112e-05, 2.3997e-04, 1.3298e-04, 3.5117e-05, 2.4549e-05,
        4.4189e-05, 5.5523e-05, 6.5655e-05, 5.9053e-05, 6.4096e-05],
       grad_fn=<CatBackward>)

mean_overall=tensor(6.4218e-05, grad_fn=<MeanBackward0>)

-----------------------------------------------ITERATION140-----------------------------------------------

final_causality=[[1, 1, 1, 1, 1, 1, 1, 1, 1, 1, 1, 1, 1], [1, 1, 1, 1, 1, 1, 1, 1, 1, 1, 1, 1, 1, 1, 1, 1, 1, 1, 1, 1, 1, 1, 1, 1, 1, 1, 1, 1, 1, 1, 1, 1, 1, 1, 1, 1, 1, 1, 1, 1, 1, 1, 1, 1, 1, 1, 1, 1, 1, 1], [1, 1, 1, 1, 1, 1, 1, 1, 1, 1, 1, 1, 1, 1, 1, 1, 1, 1, 1, 1, 1, 1, 1, 1, 1, 1, 1, 1, 1, 1, 1, 1, 1, 1, 1, 1, 1, 1, 1, 1, 1, 1, 1, 1, 1, 1, 1, 1, 1, 1]]

means=tensor([5.8530e-04, 0.0000e+00, 2.2107e-04, 0.0000e+00, 7.2485e-05, 5.3316e-05,
        1.3956e-05, 8.8419e-05, 2.4440e-05, 1.5748e-04, 1.0203e-05, 9.3562e-05,
        7.0048e-05, 5.5495e-05, 2.7401e-05, 6.0867e-05, 1.6471e-05, 6.1498e-05,
        4.6388e-05, 9.7413e-05, 2.3885e-05, 5.5263e-05, 1.0250e-04, 1.5063e-05,
        9.5681e-05, 2.8533e-05, 5.8564e-06, 6.5256e-05, 8.2981e-06, 1.6890e-05,
        3.8502e-05, 1.7716e-05, 1.0489e-06, 5.2645e-05, 4.9231e-05, 3.1429e-06,
        3.3222e-05, 6.2252e-06, 2.9483e-05, 2.2501e-05, 8.0361e-05, 5.2806e-05,
        5.9989e-05, 1.2767e-04, 5.6557e-05, 7.1332e-05, 1.5158e-05, 1.7989e-04,
        2.3751e-05, 2.4923e-07, 2.9123e-05, 1.6151e-04, 4.1670e-05, 5.0571e-05,
        7.2161e-05, 1.9251e-04, 1.9909e-04, 6.2373e-05, 1.1522e-04, 9.1102e-05,
        2.3909e-06, 8.0114e-05, 3.2355e-05, 3.2787e-05, 4.5359e-05, 4.9996e-05,
        8.1117e-05, 1.4487e-04, 8.2312e-05, 5.9326e-05, 2.4458e-05, 1.0272e-04,
        4.6754e-05, 1.6898e-04, 3.0264e-06, 2.8621e-05, 6.9585e-05, 1.0484e-04,
        7.9451e-05, 4.5694e-05, 2.5114e-05, 1.4663e-04, 5.1364e-05, 4.3751e-05,
        1.6710e-05, 3.1779e-05, 1.7426e-05, 7.1845e-05, 6.7023e-05, 5.0855e-05,
        3.1291e-05, 8.9707e-05, 4.2069e-05, 7.3542e-05, 4.8400e-05, 2.6576e-05,
        6.0670e-05, 1.5735e-04, 9.1685e-05, 8.8269e-06, 6.9082e-05, 1.3605e-05,
        6.2192e-05, 2.7222e-05, 2.4144e-04, 1.3465e-04, 3.5108e-05, 2.5552e-05,
        4.4348e-05, 5.6448e-05, 6.6833e-05, 6.1369e-05, 6.4032e-05],
       grad_fn=<CatBackward>)

mean_overall=tensor(6.5921e-05, grad_fn=<MeanBackward0>)

-----------------------------------------------ITERATION150-----------------------------------------------

final_causality=[[1, 1, 1, 1, 1, 1, 1, 1, 1, 1, 1, 1, 1], [1, 1, 1, 1, 1, 1, 1, 1, 1, 1, 1, 1, 1, 1, 1, 1, 1, 1, 1, 1, 1, 1, 1, 1, 1, 1, 1, 1, 1, 1, 1, 1, 1, 1, 1, 1, 1, 1, 1, 1, 1, 1, 1, 1, 1, 1, 1, 1, 1, 1], [1, 1, 1, 1, 1, 1, 1, 1, 1, 1, 1, 1, 1, 1, 1, 1, 1, 1, 1, 1, 1, 1, 1, 1, 1, 1, 1, 1, 1, 1, 1, 1, 1, 1, 1, 1, 1, 1, 1, 1, 1, 1, 1, 1, 1, 1, 1, 1, 1, 1]]

means=tensor([6.3139e-04, 0.0000e+00, 2.1537e-04, 0.0000e+00, 7.3888e-05, 6.0734e-05,
        1.7247e-05, 9.6423e-05, 2.4524e-05, 1.7799e-04, 1.0629e-05, 1.0391e-04,
        9.8991e-05, 5.9800e-05, 2.5090e-05, 6.1578e-05, 1.9231e-05, 6.0610e-05,
        4.7357e-05, 9.9934e-05, 2.4735e-05, 5.6026e-05, 1.0323e-04, 1.6786e-05,
        1.0022e-04, 2.7957e-05, 6.5594e-06, 6.6046e-05, 7.6465e-06, 1.7257e-05,
        3.9676e-05, 1.8232e-05, 1.7296e-06, 5.4477e-05, 4.9002e-05, 3.1172e-06,
        3.9716e-05, 8.4964e-06, 2.8745e-05, 2.1616e-05, 8.3006e-05, 5.5515e-05,
        5.8724e-05, 1.2647e-04, 5.6271e-05, 7.2837e-05, 1.8110e-05, 1.8455e-04,
        2.2963e-05, 8.4686e-07, 2.7664e-05, 1.6528e-04, 4.2470e-05, 5.2101e-05,
        7.3727e-05, 1.9441e-04, 2.0442e-04, 6.2972e-05, 1.1458e-04, 9.1279e-05,
        1.3128e-06, 8.2619e-05, 3.4086e-05, 3.2870e-05, 4.4295e-05, 4.9238e-05,
        8.0973e-05, 1.4554e-04, 8.2048e-05, 6.0536e-05, 2.5331e-05, 1.0341e-04,
        4.7439e-05, 1.6930e-04, 3.0239e-06, 2.8670e-05, 7.0434e-05, 1.0610e-04,
        7.9797e-05, 4.8106e-05, 2.6572e-05, 1.5377e-04, 5.1695e-05, 4.3714e-05,
        1.7112e-05, 3.1588e-05, 1.7468e-05, 7.1038e-05, 6.6961e-05, 5.0571e-05,
        3.1445e-05, 8.8003e-05, 4.2427e-05, 7.7336e-05, 4.9090e-05, 2.7437e-05,
        6.2169e-05, 1.5738e-04, 9.2755e-05, 9.0572e-06, 6.9402e-05, 1.3628e-05,
        6.5146e-05, 2.7331e-05, 2.4298e-04, 1.3634e-04, 3.5130e-05, 2.6552e-05,
        4.4538e-05, 5.7416e-05, 6.8048e-05, 6.3730e-05, 6.3977e-05],
       grad_fn=<CatBackward>)

mean_overall=tensor(6.7797e-05, grad_fn=<MeanBackward0>)

-----------------------------------------------ITERATION160-----------------------------------------------

final_causality=[[1, 1, 1, 1, 1, 1, 1, 1, 1, 1, 1, 1, 1], [1, 1, 1, 1, 1, 1, 1, 1, 1, 1, 1, 1, 1, 1, 1, 1, 1, 1, 1, 1, 1, 1, 1, 1, 1, 1, 1, 1, 1, 1, 1, 1, 1, 1, 1, 1, 1, 1, 1, 1, 1, 1, 1, 1, 1, 1, 1, 1, 1, 1], [1, 1, 1, 1, 1, 1, 1, 1, 1, 1, 1, 1, 1, 1, 1, 1, 1, 1, 1, 1, 1, 1, 1, 1, 1, 1, 1, 1, 1, 1, 1, 1, 1, 1, 1, 1, 1, 1, 1, 1, 1, 1, 1, 1, 1, 1, 1, 1, 1, 1]]

means=tensor([6.8003e-04, 0.0000e+00, 2.0912e-04, 0.0000e+00, 7.5446e-05, 6.8719e-05,
        2.0757e-05, 1.0486e-04, 2.4760e-05, 1.9987e-04, 1.1110e-05, 1.1473e-04,
        1.2988e-04, 6.4468e-05, 2.2813e-05, 6.2363e-05, 2.2303e-05, 5.9762e-05,
        4.8380e-05, 1.0260e-04, 2.5735e-05, 5.6883e-05, 1.0402e-04, 1.8696e-05,
        1.0507e-04, 2.7369e-05, 7.3346e-06, 6.6949e-05, 7.0421e-06, 1.7681e-05,
        4.0979e-05, 1.8813e-05, 5.4404e-06, 5.6436e-05, 4.8807e-05, 3.1112e-06,
        4.7202e-05, 1.0882e-05, 2.8143e-05, 2.0698e-05, 8.5802e-05, 5.8432e-05,
        5.7491e-05, 1.2532e-04, 5.6012e-05, 7.4473e-05, 2.1430e-05, 1.8946e-04,
        2.2163e-05, 1.5202e-06, 2.6273e-05, 1.6927e-04, 4.3350e-05, 5.3767e-05,
        7.5427e-05, 1.9639e-04, 2.1000e-04, 6.3624e-05, 1.1403e-04, 9.1464e-05,
        2.1709e-07, 8.5303e-05, 3.5984e-05, 3.2962e-05, 4.4772e-05, 4.8461e-05,
        8.0814e-05, 1.4629e-04, 8.1759e-05, 6.2154e-05, 2.6270e-05, 1.0413e-04,
        4.8387e-05, 1.6966e-04, 3.0211e-06, 2.8723e-05, 7.1257e-05, 1.0762e-04,
        8.0164e-05, 5.0646e-05, 2.8125e-05, 1.6119e-04, 5.2025e-05, 4.3744e-05,
        1.7546e-05, 3.1415e-05, 1.7520e-05, 7.0254e-05, 6.6903e-05, 5.0285e-05,
        3.1614e-05, 8.6518e-05, 4.2819e-05, 8.1347e-05, 4.9837e-05, 2.8375e-05,
        6.3733e-05, 1.5745e-04, 9.3942e-05, 9.3011e-06, 6.9720e-05, 1.3651e-05,
        6.8299e-05, 2.7442e-05, 2.4462e-04, 1.3808e-04, 3.5213e-05, 2.7552e-05,
        4.4762e-05, 5.8398e-05, 6.9693e-05, 6.6140e-05, 6.3929e-05],
       grad_fn=<CatBackward>)

mean_overall=tensor(6.9867e-05, grad_fn=<MeanBackward0>)

-----------------------------------------------ITERATION170-----------------------------------------------

final_causality=[[1, 1, 1, 1, 1, 1, 1, 1, 1, 1, 1, 1, 1], [1, 1, 1, 1, 1, 1, 1, 1, 1, 1, 1, 1, 1, 1, 1, 1, 1, 1, 1, 1, 1, 1, 1, 1, 1, 1, 1, 1, 1, 1, 1, 1, 1, 1, 1, 1, 1, 1, 1, 1, 1, 1, 1, 1, 1, 1, 1, 1, 1, 1], [1, 1, 1, 1, 1, 1, 1, 1, 1, 1, 1, 1, 1, 1, 1, 1, 1, 1, 1, 1, 1, 1, 1, 1, 1, 1, 1, 1, 1, 1, 1, 1, 1, 1, 1, 1, 1, 1, 1, 1, 1, 1, 1, 1, 1, 1, 1, 1, 1, 1]]

means=tensor([7.3134e-04, 0.0000e+00, 2.0231e-04, 0.0000e+00, 7.7133e-05, 7.7373e-05,
        2.4509e-05, 1.1380e-04, 2.5235e-05, 2.2328e-04, 1.1704e-05, 1.2597e-04,
        1.6286e-04, 6.9512e-05, 2.0575e-05, 6.3226e-05, 2.5705e-05, 5.9495e-05,
        4.9457e-05, 1.0541e-04, 2.6887e-05, 5.7832e-05, 1.0488e-04, 2.0810e-05,
        1.1023e-04, 2.6774e-05, 8.1897e-06, 6.7971e-05, 6.4544e-06, 1.8641e-05,
        4.2424e-05, 1.9464e-05, 9.3940e-06, 5.8528e-05, 4.8716e-05, 3.1253e-06,
        5.5781e-05, 1.3404e-05, 2.7563e-05, 1.9753e-05, 8.8751e-05, 6.1567e-05,
        5.6300e-05, 1.2424e-04, 5.5788e-05, 7.6247e-05, 2.5170e-05, 1.9461e-04,
        2.1358e-05, 2.2349e-06, 2.4956e-05, 1.7349e-04, 4.4324e-05, 5.5577e-05,
        7.7264e-05, 1.9845e-04, 2.1585e-04, 6.4341e-05, 1.1369e-04, 9.1659e-05,
        1.0205e-06, 8.8176e-05, 3.8057e-05, 3.3064e-05, 4.5279e-05, 4.7656e-05,
        8.0640e-05, 1.4710e-04, 8.1455e-05, 6.4320e-05, 2.7275e-05, 1.0490e-04,
        4.9349e-05, 1.7006e-04, 3.0172e-06, 2.8779e-05, 7.2051e-05, 1.0944e-04,
        8.0554e-05, 5.3324e-05, 2.9776e-05, 1.6890e-04, 5.2350e-05, 4.3845e-05,
        1.8014e-05, 3.1267e-05, 1.7583e-05, 6.9501e-05, 6.6856e-05, 5.0001e-05,
        3.1799e-05, 8.6159e-05, 4.3245e-05, 8.5571e-05, 5.0645e-05, 2.9390e-05,
        6.5367e-05, 1.5757e-04, 9.5243e-05, 9.5601e-06, 7.0033e-05, 1.3676e-05,
        7.1645e-05, 2.7554e-05, 2.4634e-04, 1.3985e-04, 3.5294e-05, 2.8553e-05,
        4.5018e-05, 5.9375e-05, 7.1849e-05, 6.8592e-05, 6.3894e-05],
       grad_fn=<CatBackward>)

mean_overall=tensor(7.2136e-05, grad_fn=<MeanBackward0>)

-----------------------------------------------ITERATION180-----------------------------------------------

final_causality=[[1, 1, 1, 1, 1, 1, 1, 1, 1, 1, 1, 1, 1], [1, 1, 1, 1, 1, 1, 1, 1, 1, 1, 1, 1, 1, 1, 1, 1, 1, 1, 1, 1, 1, 1, 1, 1, 1, 1, 1, 1, 1, 1, 1, 1, 1, 1, 1, 1, 1, 1, 1, 1, 1, 1, 1, 1, 1, 1, 1, 1, 1, 1], [1, 1, 1, 1, 1, 1, 1, 1, 1, 1, 1, 1, 1, 1, 1, 1, 1, 1, 1, 1, 1, 1, 1, 1, 1, 1, 1, 1, 1, 1, 1, 1, 1, 1, 1, 1, 1, 1, 1, 1, 1, 1, 1, 1, 1, 1, 1, 1, 1, 1]]

means=tensor([7.8552e-04, 0.0000e+00, 1.9491e-04, 0.0000e+00, 7.8936e-05, 8.6782e-05,
        2.8526e-05, 1.2329e-04, 2.6008e-05, 2.4837e-04, 1.2448e-05, 1.3759e-04,
        1.9813e-04, 7.4953e-05, 1.8376e-05, 6.4172e-05, 2.9462e-05, 5.9596e-05,
        5.0592e-05, 1.0837e-04, 2.8195e-05, 5.8875e-05, 1.0581e-04, 2.3147e-05,
        1.1572e-04, 2.6176e-05, 9.1320e-06, 6.9119e-05, 5.8839e-06, 1.9690e-05,
        4.4020e-05, 2.0191e-05, 1.3516e-05, 6.0758e-05, 4.9027e-05, 3.1600e-06,
        6.5553e-05, 1.6085e-05, 2.7008e-05, 1.8782e-05, 9.1858e-05, 6.4932e-05,
        5.5156e-05, 1.2323e-04, 5.5607e-05, 7.8164e-05, 2.9383e-05, 2.0000e-04,
        2.0548e-05, 2.9842e-06, 2.3715e-05, 1.7794e-04, 4.5397e-05, 5.7539e-05,
        7.9242e-05, 2.0059e-04, 2.2197e-04, 6.5126e-05, 1.1348e-04, 9.1869e-05,
        2.3188e-06, 9.1247e-05, 4.0314e-05, 3.3179e-05, 4.5817e-05, 4.6813e-05,
        8.0449e-05, 1.4797e-04, 8.1142e-05, 6.6587e-05, 2.8347e-05, 1.0571e-04,
        5.0333e-05, 1.7047e-04, 3.0116e-06, 2.8839e-05, 7.2844e-05, 1.1154e-04,
        8.0971e-05, 5.6152e-05, 3.2171e-05, 1.7690e-04, 5.2668e-05, 4.4021e-05,
        1.8517e-05, 3.1149e-05, 1.7656e-05, 6.9318e-05, 6.7369e-05, 4.9719e-05,
        3.2050e-05, 8.5802e-05, 4.3703e-05, 9.0010e-05, 5.1518e-05, 3.0495e-05,
        6.7073e-05, 1.5774e-04, 9.6657e-05, 9.8360e-06, 7.0340e-05, 1.3702e-05,
        7.5184e-05, 2.7671e-05, 2.4814e-04, 1.4166e-04, 3.5374e-05, 2.9554e-05,
        4.5307e-05, 6.0325e-05, 7.4098e-05, 7.1085e-05, 6.3874e-05],
       grad_fn=<CatBackward>)

mean_overall=tensor(7.4596e-05, grad_fn=<MeanBackward0>)

-----------------------------------------------ITERATION190-----------------------------------------------

final_causality=[[1, 1, 1, 1, 1, 1, 1, 1, 1, 1, 1, 1, 1], [1, 1, 1, 1, 1, 1, 1, 1, 1, 1, 1, 1, 1, 1, 1, 1, 1, 1, 1, 1, 1, 1, 1, 1, 1, 1, 1, 1, 1, 1, 1, 1, 1, 1, 1, 1, 1, 1, 1, 1, 1, 1, 1, 1, 1, 1, 1, 1, 1, 1], [1, 1, 1, 1, 1, 1, 1, 1, 1, 1, 1, 1, 1, 1, 1, 1, 1, 1, 1, 1, 1, 1, 1, 1, 1, 1, 1, 1, 1, 1, 1, 1, 1, 1, 1, 1, 1, 1, 1, 1, 1, 1, 1, 1, 1, 1, 1, 1, 1, 1]]

means=tensor([8.4282e-04, 0.0000e+00, 1.8681e-04, 0.0000e+00, 8.0833e-05, 9.6996e-05,
        3.2805e-05, 1.3340e-04, 2.7105e-05, 2.7529e-04, 1.3360e-05, 1.4957e-04,
        2.3583e-04, 8.0810e-05, 1.6218e-05, 6.5207e-05, 3.3583e-05, 5.9741e-05,
        5.1784e-05, 1.1148e-04, 2.9669e-05, 6.0565e-05, 1.0680e-04, 2.5722e-05,
        1.2155e-04, 2.5577e-05, 1.0168e-05, 7.0398e-05, 5.3321e-06, 2.0833e-05,
        4.5775e-05, 2.0995e-05, 1.7799e-05, 6.3130e-05, 4.9423e-05, 3.2159e-06,
        7.6612e-05, 1.8972e-05, 2.6480e-05, 1.7788e-05, 9.5613e-05, 6.8537e-05,
        5.4062e-05, 1.2230e-04, 5.5472e-05, 8.0235e-05, 3.4124e-05, 2.0564e-04,
        1.9737e-05, 3.7723e-06, 2.2558e-05, 1.8262e-04, 4.6575e-05, 5.9661e-05,
        8.1365e-05, 2.0281e-04, 2.2834e-04, 6.5984e-05, 1.1392e-04, 9.2097e-05,
        3.6838e-06, 9.4523e-05, 4.2764e-05, 3.3306e-05, 4.6388e-05, 4.5925e-05,
        8.0242e-05, 1.4890e-04, 8.1127e-05, 6.8959e-05, 2.9489e-05, 1.0656e-04,
        5.1346e-05, 1.7089e-04, 3.0041e-06, 2.8905e-05, 7.3828e-05, 1.1395e-04,
        8.1417e-05, 5.9142e-05, 3.4768e-05, 1.8520e-04, 5.2972e-05, 4.4278e-05,
        1.9057e-05, 3.1071e-05, 1.7739e-05, 7.0147e-05, 6.8177e-05, 4.9439e-05,
        3.2444e-05, 8.5452e-05, 4.4194e-05, 9.4666e-05, 5.3697e-05, 3.1896e-05,
        6.8859e-05, 1.5797e-04, 9.8185e-05, 1.0131e-05, 7.0640e-05, 1.3731e-05,
        7.8917e-05, 2.7793e-05, 2.5003e-04, 1.4353e-04, 3.5453e-05, 3.0558e-05,
        4.5630e-05, 6.1222e-05, 7.6446e-05, 7.3619e-05, 6.3868e-05],
       grad_fn=<CatBackward>)

mean_overall=tensor(7.7274e-05, grad_fn=<MeanBackward0>)

-----------------------------------------------ITERATION200-----------------------------------------------

final_causality=[[1, 1, 1, 1, 1, 1, 1, 1, 1, 1, 1, 1, 1], [1, 1, 1, 1, 1, 1, 1, 1, 1, 1, 1, 1, 1, 1, 1, 1, 1, 1, 1, 1, 1, 1, 1, 1, 1, 1, 1, 1, 1, 1, 1, 1, 1, 1, 1, 1, 1, 1, 1, 1, 1, 1, 1, 1, 1, 1, 1, 1, 1, 1], [1, 1, 1, 1, 1, 1, 1, 1, 1, 1, 1, 1, 1, 1, 1, 1, 1, 1, 1, 1, 1, 1, 1, 1, 1, 1, 1, 1, 1, 1, 1, 1, 1, 1, 1, 1, 1, 1, 1, 1, 1, 1, 1, 1, 1, 1, 1, 1, 1, 1]]

means=tensor([9.0350e-04, 0.0000e+00, 1.7791e-04, 0.0000e+00, 8.2807e-05, 1.0808e-04,
        3.7356e-05, 1.4420e-04, 2.8572e-05, 3.0419e-04, 1.4459e-05, 1.6192e-04,
        2.7617e-04, 8.7538e-05, 1.4097e-05, 6.6334e-05, 3.8079e-05, 5.9934e-05,
        5.3037e-05, 1.1475e-04, 3.1320e-05, 6.2876e-05, 1.0787e-04, 2.8555e-05,
        1.2771e-04, 2.4977e-05, 1.1303e-05, 7.1814e-05, 4.8001e-06, 2.2078e-05,
        4.7696e-05, 2.1882e-05, 2.2264e-05, 6.5648e-05, 4.9947e-05, 3.2929e-06,
        8.9040e-05, 2.2216e-05, 2.5980e-05, 1.6771e-05, 1.0045e-04, 7.2391e-05,
        5.3023e-05, 1.2145e-04, 5.5389e-05, 8.2467e-05, 3.9448e-05, 2.1152e-04,
        1.8924e-05, 4.6081e-06, 2.1487e-05, 1.8754e-04, 4.7864e-05, 6.1949e-05,
        8.3639e-05, 2.0513e-04, 2.3498e-04, 6.6916e-05, 1.1567e-04, 9.2347e-05,
        5.1074e-06, 9.8015e-05, 4.5707e-05, 3.3450e-05, 4.6992e-05, 4.4982e-05,
        8.0018e-05, 1.4990e-04, 8.1527e-05, 7.3065e-05, 3.0701e-05, 1.0748e-04,
        5.2478e-05, 1.7128e-04, 3.0471e-06, 2.8977e-05, 7.4874e-05, 1.1666e-04,
        8.1896e-05, 6.2306e-05, 3.7483e-05, 1.9382e-04, 5.3255e-05, 4.4620e-05,
        1.9634e-05, 3.1042e-05, 1.7832e-05, 7.1048e-05, 6.9074e-05, 4.9159e-05,
        3.3476e-05, 8.5116e-05, 4.4720e-05, 9.9542e-05, 5.9188e-05, 3.3646e-05,
        7.0728e-05, 1.5824e-04, 9.9827e-05, 1.0449e-05, 7.0931e-05, 1.3761e-05,
        8.2844e-05, 2.7921e-05, 2.5198e-04, 1.4544e-04, 3.5531e-05, 3.1568e-05,
        4.5989e-05, 6.2040e-05, 7.8900e-05, 7.6195e-05, 6.3875e-05],
       grad_fn=<CatBackward>)

mean_overall=tensor(8.0226e-05, grad_fn=<MeanBackward0>)

-----------------------------------------------ITERATION210-----------------------------------------------

final_causality=[[1, 1, 1, 1, 1, 1, 1, 1, 1, 1, 1, 1, 1], [1, 1, 1, 1, 1, 1, 1, 1, 1, 1, 1, 1, 1, 1, 1, 1, 1, 1, 1, 1, 1, 1, 1, 1, 1, 1, 1, 1, 1, 1, 1, 1, 1, 1, 1, 1, 1, 1, 1, 1, 1, 1, 1, 1, 1, 1, 1, 1, 1, 1], [1, 1, 1, 1, 1, 1, 1, 1, 1, 1, 1, 1, 1, 1, 1, 1, 1, 1, 1, 1, 1, 1, 1, 1, 1, 1, 1, 1, 1, 1, 1, 1, 1, 1, 1, 1, 1, 1, 1, 1, 1, 1, 1, 1, 1, 1, 1, 1, 1, 1]]

means=tensor([9.6784e-04, 0.0000e+00, 1.6810e-04, 0.0000e+00, 8.4839e-05, 1.2009e-04,
        4.2193e-05, 1.5574e-04, 3.0477e-05, 3.3525e-04, 1.5766e-05, 1.7462e-04,
        3.1936e-04, 9.5310e-05, 1.2013e-05, 6.7558e-05, 4.2960e-05, 6.0180e-05,
        5.4391e-05, 1.1818e-04, 3.3156e-05, 6.5371e-05, 1.0900e-04, 3.1662e-05,
        1.3434e-04, 2.4378e-05, 1.2543e-05, 7.3370e-05, 4.2886e-06, 2.3432e-05,
        4.9793e-05, 2.2854e-05, 2.6941e-05, 6.8317e-05, 5.0488e-05, 3.3907e-06,
        1.0291e-04, 2.5763e-05, 2.5509e-05, 1.5733e-05, 1.0554e-04, 7.6503e-05,
        5.2042e-05, 1.2067e-04, 5.5361e-05, 8.4869e-05, 4.5408e-05, 2.1765e-04,
        1.8112e-05, 5.5028e-06, 2.0508e-05, 1.9269e-04, 4.9268e-05, 6.4411e-05,
        8.6066e-05, 2.0752e-04, 2.4188e-04, 6.7924e-05, 1.1756e-04, 9.2622e-05,
        6.6060e-06, 1.0173e-04, 4.9145e-05, 3.3611e-05, 4.7629e-05, 4.3976e-05,
        7.9778e-05, 1.5095e-04, 8.1992e-05, 7.8228e-05, 3.1985e-05, 1.0846e-04,
        5.3805e-05, 1.7163e-04, 3.1041e-06, 2.9057e-05, 7.5905e-05, 1.1968e-04,
        8.2410e-05, 6.5656e-05, 4.0317e-05, 2.0278e-04, 5.3511e-05, 4.5050e-05,
        2.0248e-05, 3.1072e-05, 1.7935e-05, 7.3307e-05, 7.0072e-05, 4.8876e-05,
        3.4637e-05, 8.4803e-05, 4.5280e-05, 1.0464e-04, 6.5613e-05, 3.5806e-05,
        7.2685e-05, 1.5858e-04, 1.0158e-04, 1.0792e-05, 7.1209e-05, 1.3793e-05,
        8.6968e-05, 2.8056e-05, 2.5400e-04, 1.4742e-04, 3.5609e-05, 3.2587e-05,
        4.6385e-05, 6.2752e-05, 8.1466e-05, 7.8812e-05, 6.3895e-05],
       grad_fn=<CatBackward>)

mean_overall=tensor(8.3417e-05, grad_fn=<MeanBackward0>)

-----------------------------------------------ITERATION220-----------------------------------------------

final_causality=[[1, 1, 1, 1, 1, 1, 1, 1, 1, 1, 1, 1, 1], [1, 1, 1, 1, 1, 1, 1, 1, 1, 1, 1, 1, 1, 1, 1, 1, 1, 1, 1, 1, 1, 1, 1, 1, 1, 1, 1, 1, 1, 1, 1, 1, 1, 1, 1, 1, 1, 1, 1, 1, 1, 1, 1, 1, 1, 1, 1, 1, 1, 1], [1, 1, 1, 1, 1, 1, 1, 1, 1, 1, 1, 1, 1, 1, 1, 1, 1, 1, 1, 1, 1, 1, 1, 1, 1, 1, 1, 1, 1, 1, 1, 1, 1, 1, 1, 1, 1, 1, 1, 1, 1, 1, 1, 1, 1, 1, 1, 1, 1, 1]]

means=tensor([1.0361e-03, 0.0000e+00, 1.5730e-04, 0.0000e+00, 8.6905e-05, 1.3311e-04,
        4.7331e-05, 1.6811e-04, 3.2917e-05, 3.6862e-04, 1.7300e-05, 1.8767e-04,
        3.6563e-04, 1.0373e-04, 9.9621e-06, 6.8882e-05, 4.8235e-05, 6.0481e-05,
        5.6189e-05, 1.2177e-04, 3.5186e-05, 6.8061e-05, 1.1022e-04, 3.5065e-05,
        1.4148e-04, 2.3781e-05, 1.3895e-05, 7.5073e-05, 3.7981e-06, 2.4903e-05,
        5.2074e-05, 2.3916e-05, 3.1865e-05, 7.1142e-05, 5.1045e-05, 3.5088e-06,
        1.1825e-04, 2.9647e-05, 2.5069e-05, 1.4675e-05, 1.1088e-04, 8.0884e-05,
        5.1325e-05, 1.1997e-04, 5.5393e-05, 8.7449e-05, 5.2459e-05, 2.2403e-04,
        1.7301e-05, 6.4691e-06, 1.9624e-05, 1.9809e-04, 5.0791e-05, 6.7055e-05,
        8.8651e-05, 2.1001e-04, 2.4904e-04, 6.9011e-05, 1.1961e-04, 9.2924e-05,
        8.1860e-06, 1.0567e-04, 5.2888e-05, 3.3794e-05, 4.8298e-05, 4.3409e-05,
        7.9523e-05, 1.5204e-04, 8.2535e-05, 8.3641e-05, 3.3344e-05, 1.0952e-04,
        5.5201e-05, 1.7191e-04, 3.1689e-06, 2.9147e-05, 7.6918e-05, 1.2300e-04,
        8.2959e-05, 6.9200e-05, 4.3271e-05, 2.1208e-04, 5.3735e-05, 4.5569e-05,
        2.0902e-05, 3.1170e-05, 1.8047e-05, 7.6771e-05, 7.1181e-05, 4.8589e-05,
        3.5847e-05, 8.4525e-05, 4.5874e-05, 1.0996e-04, 7.2403e-05, 3.8100e-05,
        7.4736e-05, 1.5897e-04, 1.0345e-04, 1.1224e-05, 7.1472e-05, 1.3975e-05,
        9.1290e-05, 2.8200e-05, 2.5607e-04, 1.4945e-04, 3.5687e-05, 3.3619e-05,
        4.6819e-05, 6.3331e-05, 8.4149e-05, 8.1468e-05, 6.3925e-05],
       grad_fn=<CatBackward>)

mean_overall=tensor(8.6850e-05, grad_fn=<MeanBackward0>)

-----------------------------------------------ITERATION230-----------------------------------------------

final_causality=[[1, 1, 1, 1, 1, 1, 1, 1, 1, 1, 1, 1, 1], [1, 1, 1, 1, 1, 1, 1, 1, 1, 1, 1, 1, 1, 1, 1, 1, 1, 1, 1, 1, 1, 1, 1, 1, 1, 1, 1, 1, 1, 1, 1, 1, 1, 1, 1, 1, 1, 1, 1, 1, 1, 1, 1, 1, 1, 1, 1, 1, 1, 1], [1, 1, 1, 1, 1, 1, 1, 1, 1, 1, 1, 1, 1, 1, 1, 1, 1, 1, 1, 1, 1, 1, 1, 1, 1, 1, 1, 1, 1, 1, 1, 1, 1, 1, 1, 1, 1, 1, 1, 1, 1, 1, 1, 1, 1, 1, 1, 1, 1, 1]]

means=tensor([1.1086e-03, 0.0000e+00, 1.4538e-04, 0.0000e+00, 8.8974e-05, 1.4720e-04,
        5.2782e-05, 1.8138e-04, 3.6021e-05, 4.0447e-04, 1.9081e-05, 2.0104e-04,
        4.1520e-04, 1.1283e-04, 7.9416e-06, 7.0309e-05, 5.4048e-05, 6.0843e-05,
        5.8063e-05, 1.2553e-04, 3.7419e-05, 7.0952e-05, 1.1166e-04, 3.8783e-05,
        1.5014e-04, 2.3187e-05, 1.5517e-05, 7.6928e-05, 3.3291e-06, 2.6497e-05,
        5.4548e-05, 2.5071e-05, 3.7070e-05, 7.4127e-05, 5.1618e-05, 3.6464e-06,
        1.3510e-04, 3.3902e-05, 2.4661e-05, 1.3599e-05, 1.1647e-04, 8.5539e-05,
        5.0942e-05, 1.1936e-04, 5.5489e-05, 9.0213e-05, 6.0643e-05, 2.3064e-04,
        1.6495e-05, 7.5197e-06, 1.8839e-05, 2.0373e-04, 5.2438e-05, 6.9885e-05,
        9.1397e-05, 2.1258e-04, 2.5644e-04, 7.0175e-05, 1.2182e-04, 9.3254e-05,
        9.8625e-06, 1.0985e-04, 5.6952e-05, 3.4002e-05, 4.8997e-05, 4.4514e-05,
        7.9252e-05, 1.5318e-04, 8.3170e-05, 8.9311e-05, 3.4777e-05, 1.1065e-04,
        5.6675e-05, 1.7210e-04, 3.2428e-06, 2.9247e-05, 7.7911e-05, 1.2661e-04,
        8.3545e-05, 7.2948e-05, 4.6346e-05, 2.2173e-04, 5.3922e-05, 4.6179e-05,
        2.1595e-05, 3.1343e-05, 1.8168e-05, 8.0424e-05, 7.2417e-05, 4.8294e-05,
        3.7105e-05, 8.4569e-05, 4.6501e-05, 1.1550e-04, 7.9565e-05, 4.0529e-05,
        7.6886e-05, 1.5942e-04, 1.0542e-04, 1.1759e-05, 7.1717e-05, 1.4523e-05,
        9.5809e-05, 2.8353e-05, 2.5818e-04, 1.5154e-04, 3.5766e-05, 3.4665e-05,
        4.7290e-05, 6.3749e-05, 8.6955e-05, 8.4162e-05, 6.3964e-05],
       grad_fn=<CatBackward>)

mean_overall=tensor(9.0553e-05, grad_fn=<MeanBackward0>)

-----------------------------------------------ITERATION240-----------------------------------------------

final_causality=[[1, 1, 1, 1, 1, 1, 1, 1, 1, 1, 1, 1, 1], [1, 1, 1, 1, 1, 1, 1, 1, 1, 1, 1, 1, 1, 1, 1, 1, 1, 1, 1, 1, 1, 1, 1, 1, 1, 1, 1, 1, 1, 1, 1, 1, 1, 1, 1, 1, 1, 1, 1, 1, 1, 1, 1, 1, 1, 1, 1, 1, 1, 1], [1, 1, 1, 1, 1, 1, 1, 1, 1, 1, 1, 1, 1, 1, 1, 1, 1, 1, 1, 1, 1, 1, 1, 1, 1, 1, 1, 1, 1, 1, 1, 1, 1, 1, 1, 1, 1, 1, 1, 1, 1, 1, 1, 1, 1, 1, 1, 1, 1, 1]]

means=tensor([1.1855e-03, 0.0000e+00, 1.3225e-04, 0.0000e+00, 9.1009e-05, 1.6243e-04,
        5.8559e-05, 1.9563e-04, 3.9960e-05, 4.4295e-04, 2.1130e-05, 2.1471e-04,
        4.6831e-04, 1.2263e-04, 5.9480e-06, 7.1842e-05, 6.2015e-05, 6.1267e-05,
        6.0012e-05, 1.2945e-04, 3.9864e-05, 7.4055e-05, 1.1318e-04, 4.2838e-05,
        1.5953e-04, 2.2595e-05, 1.7457e-05, 7.8938e-05, 2.8818e-06, 2.8224e-05,
        5.7225e-05, 2.6323e-05, 4.2591e-05, 7.7279e-05, 5.2208e-05, 3.8028e-06,
        1.5344e-04, 3.8559e-05, 2.4286e-05, 1.2506e-05, 1.2233e-04, 9.0474e-05,
        5.0622e-05, 1.1882e-04, 5.5652e-05, 9.3169e-05, 6.9752e-05, 2.3749e-04,
        1.5694e-05, 8.6678e-06, 1.8157e-05, 2.0961e-04, 5.4211e-05, 7.2909e-05,
        9.4306e-05, 2.1523e-04, 2.6408e-04, 7.1418e-05, 1.2419e-04, 9.3613e-05,
        1.1653e-05, 1.1428e-04, 6.1352e-05, 3.4237e-05, 4.9724e-05, 4.5687e-05,
        7.8965e-05, 1.5436e-04, 8.3914e-05, 9.5239e-05, 3.6285e-05, 1.1187e-04,
        5.8236e-05, 1.7218e-04, 3.3269e-06, 2.9358e-05, 7.8879e-05, 1.3051e-04,
        8.4166e-05, 7.6905e-05, 4.9541e-05, 2.3175e-04, 5.4067e-05, 4.6878e-05,
        2.2328e-05, 3.1600e-05, 1.8297e-05, 8.4267e-05, 7.5155e-05, 4.7988e-05,
        3.8406e-05, 8.5502e-05, 4.7161e-05, 1.2126e-04, 8.7103e-05, 4.3092e-05,
        7.9141e-05, 1.5994e-04, 1.0800e-04, 1.2341e-05, 7.1940e-05, 1.5125e-05,
        1.0052e-04, 2.8517e-05, 2.6033e-04, 1.5368e-04, 3.5847e-05, 3.5731e-05,
        4.7798e-05, 6.3980e-05, 8.9885e-05, 8.8834e-05, 6.4010e-05],
       grad_fn=<CatBackward>)

mean_overall=tensor(9.4556e-05, grad_fn=<MeanBackward0>)

-----------------------------------------------ITERATION250-----------------------------------------------

final_causality=[[1, 1, 1, 1, 1, 1, 1, 1, 1, 1, 1, 1, 1], [1, 1, 1, 1, 1, 1, 1, 1, 1, 1, 1, 1, 1, 1, 1, 1, 1, 1, 1, 1, 1, 1, 1, 1, 1, 1, 1, 1, 1, 1, 1, 1, 1, 1, 1, 1, 1, 1, 1, 1, 1, 1, 1, 1, 1, 1, 1, 1, 1, 1], [1, 1, 1, 1, 1, 1, 1, 1, 1, 1, 1, 1, 1, 1, 1, 1, 1, 1, 1, 1, 1, 1, 1, 1, 1, 1, 1, 1, 1, 1, 1, 1, 1, 1, 1, 1, 1, 1, 1, 1, 1, 1, 1, 1, 1, 1, 1, 1, 1, 1]]

means=tensor([1.2671e-03, 1.3878e-17, 1.1779e-04, 1.3878e-17, 9.2964e-05, 1.7885e-04,
        6.4668e-05, 2.1091e-04, 4.4946e-05, 4.8421e-04, 2.3465e-05, 2.2862e-04,
        5.2518e-04, 1.3316e-04, 3.9775e-06, 7.3480e-05, 7.0936e-05, 6.1757e-05,
        6.2676e-05, 1.3355e-04, 4.2529e-05, 7.7377e-05, 1.1477e-04, 4.7252e-05,
        1.6948e-04, 2.2007e-05, 1.9887e-05, 8.1107e-05, 2.4568e-06, 3.0089e-05,
        6.0113e-05, 2.7676e-05, 4.8457e-05, 8.0600e-05, 5.2812e-05, 3.9770e-06,
        1.7322e-04, 4.3645e-05, 2.3944e-05, 1.1395e-05, 1.2844e-04, 9.5691e-05,
        5.0656e-05, 1.1921e-04, 5.5884e-05, 9.6323e-05, 7.9824e-05, 2.4457e-04,
        1.4901e-05, 9.9265e-06, 1.7581e-05, 2.1572e-04, 5.6114e-05, 7.6130e-05,
        9.7380e-05, 2.1795e-04, 2.7195e-04, 7.2738e-05, 1.2674e-04, 9.4002e-05,
        1.3574e-05, 1.1896e-04, 6.6101e-05, 3.4505e-05, 5.0474e-05, 4.6935e-05,
        7.8664e-05, 1.5556e-04, 8.4788e-05, 1.0142e-04, 3.7867e-05, 1.1318e-04,
        5.9892e-05, 1.7212e-04, 3.4223e-06, 2.9482e-05, 7.9818e-05, 1.3468e-04,
        8.4822e-05, 8.1075e-05, 5.2857e-05, 2.4213e-04, 5.4168e-05, 4.7665e-05,
        2.3102e-05, 3.1948e-05, 1.8433e-05, 8.9292e-05, 7.8592e-05, 4.7668e-05,
        3.9746e-05, 8.6582e-05, 4.7852e-05, 1.2722e-04, 9.5016e-05, 4.5787e-05,
        8.1505e-05, 1.6052e-04, 1.1352e-04, 1.2975e-05, 7.2139e-05, 1.5783e-05,
        1.0543e-04, 2.8933e-05, 2.6249e-04, 1.5588e-04, 3.5932e-05, 3.6818e-05,
        4.8342e-05, 6.3998e-05, 9.2941e-05, 9.3889e-05, 6.4063e-05],
       grad_fn=<CatBackward>)

mean_overall=tensor(9.8879e-05, grad_fn=<MeanBackward0>)

-----------------------------------------------ITERATION260-----------------------------------------------

final_causality=[[1, 1, 1, 1, 1, 1, 1, 1, 1, 1, 1, 1, 1], [1, 1, 1, 1, 1, 1, 1, 1, 1, 1, 1, 1, 1, 1, 1, 1, 1, 1, 1, 1, 1, 1, 1, 1, 1, 1, 1, 1, 1, 1, 1, 1, 1, 1, 1, 1, 1, 1, 1, 1, 1, 1, 1, 1, 1, 1, 1, 1, 1, 1], [1, 1, 1, 1, 1, 1, 1, 1, 1, 1, 1, 1, 1, 1, 1, 1, 1, 1, 1, 1, 1, 1, 1, 1, 1, 1, 1, 1, 1, 1, 1, 1, 1, 1, 1, 1, 1, 1, 1, 1, 1, 1, 1, 1, 1, 1, 1, 1, 1, 1]]

means=tensor([1.3536e-03, 0.0000e+00, 1.0191e-04, 0.0000e+00, 9.4782e-05, 1.9650e-04,
        7.1114e-05, 2.2730e-04, 5.1239e-05, 5.2838e-04, 2.6102e-05, 2.4270e-04,
        5.8604e-04, 1.4443e-04, 2.0261e-06, 7.5226e-05, 8.0586e-05, 6.2314e-05,
        6.5961e-05, 1.3781e-04, 4.5421e-05, 8.0925e-05, 1.1644e-04, 5.2051e-05,
        1.7999e-04, 2.1423e-05, 2.2945e-05, 8.3440e-05, 2.0544e-06, 3.2112e-05,
        6.3221e-05, 2.9132e-05, 5.4695e-05, 8.4097e-05, 5.3431e-05, 4.1679e-06,
        1.9436e-04, 4.9184e-05, 2.3636e-05, 1.0269e-05, 1.3481e-04, 1.0119e-04,
        5.0738e-05, 1.2010e-04, 5.6189e-05, 9.9680e-05, 9.0880e-05, 2.5185e-04,
        1.4115e-05, 1.1308e-05, 1.7114e-05, 2.2206e-04, 5.8148e-05, 7.9553e-05,
        1.0062e-04, 2.2075e-04, 2.8002e-04, 7.4134e-05, 1.2946e-04, 9.4420e-05,
        1.5646e-05, 1.2390e-04, 7.1209e-05, 3.4807e-05, 5.1247e-05, 4.8259e-05,
        7.8348e-05, 1.5679e-04, 8.5814e-05, 1.0786e-04, 3.9522e-05, 1.1457e-04,
        6.1650e-05, 1.7190e-04, 3.5300e-06, 2.9617e-05, 8.0723e-05, 1.3910e-04,
        8.5512e-05, 8.5458e-05, 5.6292e-05, 2.5287e-04, 5.4224e-05, 4.8538e-05,
        2.3916e-05, 3.2390e-05, 1.8577e-05, 9.4879e-05, 8.2233e-05, 4.7332e-05,
        4.1120e-05, 8.7911e-05, 4.8572e-05, 1.3338e-04, 1.0330e-04, 4.8612e-05,
        8.3982e-05, 1.6117e-04, 1.1947e-04, 1.3666e-05, 7.2312e-05, 1.6500e-05,
        1.1052e-04, 2.9874e-05, 2.6467e-04, 1.5812e-04, 3.6024e-05, 3.7929e-05,
        4.8920e-05, 6.3780e-05, 9.6123e-05, 9.9058e-05, 6.4120e-05],
       grad_fn=<CatBackward>)

mean_overall=tensor(0.0001, grad_fn=<MeanBackward0>)

-----------------------------------------------ITERATION270-----------------------------------------------

final_causality=[[1, 1, 1, 1, 1, 1, 1, 1, 1, 1, 1, 1, 1], [1, 1, 1, 1, 1, 1, 1, 1, 1, 1, 1, 1, 1, 1, 1, 1, 1, 1, 1, 1, 1, 1, 1, 1, 1, 1, 1, 1, 1, 1, 1, 1, 1, 1, 1, 1, 1, 1, 1, 1, 1, 1, 1, 1, 1, 1, 1, 1, 1, 1], [1, 1, 1, 1, 1, 1, 1, 1, 1, 1, 1, 1, 1, 1, 1, 1, 1, 1, 1, 1, 1, 1, 1, 1, 1, 1, 1, 1, 1, 1, 1, 1, 1, 1, 1, 1, 1, 1, 1, 1, 1, 1, 1, 1, 1, 1, 1, 1, 1, 1]]

means=tensor([1.4451e-03, 1.3878e-17, 8.4512e-05, 1.3878e-17, 9.6397e-05, 2.1544e-04,
        7.7898e-05, 2.4487e-04, 5.9142e-05, 5.7560e-04, 2.9053e-05, 2.5687e-04,
        6.5107e-04, 1.5643e-04, 8.9796e-08, 7.7078e-05, 9.0914e-05, 6.2942e-05,
        6.9376e-05, 1.4224e-04, 4.8547e-05, 8.4707e-05, 1.1818e-04, 5.7264e-05,
        1.9108e-04, 2.0842e-05, 2.7000e-05, 8.5938e-05, 1.6754e-06, 3.4372e-05,
        6.6557e-05, 3.0695e-05, 6.1327e-05, 8.7773e-05, 5.4064e-05, 4.3743e-06,
        2.1679e-04, 5.5197e-05, 2.3363e-05, 9.1271e-06, 1.4144e-04, 1.0698e-04,
        5.0872e-05, 1.2116e-04, 5.6568e-05, 1.0325e-04, 1.0292e-04, 2.5934e-04,
        1.3340e-05, 1.2825e-05, 1.6759e-05, 2.2862e-04, 6.0312e-05, 8.3181e-05,
        1.0411e-04, 2.2362e-04, 2.8829e-04, 7.5602e-05, 1.3236e-04, 9.4866e-05,
        1.7886e-05, 1.2909e-04, 7.6685e-05, 3.5146e-05, 5.2038e-05, 4.9659e-05,
        7.8315e-05, 1.5805e-04, 8.7014e-05, 1.1454e-04, 4.1249e-05, 1.1605e-04,
        6.3517e-05, 1.7151e-04, 3.6509e-06, 2.9765e-05, 8.1586e-05, 1.4376e-04,
        8.6235e-05, 9.0052e-05, 5.9844e-05, 2.6397e-04, 5.4234e-05, 4.9490e-05,
        2.4771e-05, 3.2931e-05, 1.8726e-05, 1.0061e-04, 8.6086e-05, 4.6977e-05,
        4.3554e-05, 8.9521e-05, 4.9320e-05, 1.3971e-04, 1.1194e-04, 5.1560e-05,
        8.6576e-05, 1.6190e-04, 1.2585e-04, 1.4418e-05, 7.2456e-05, 1.7279e-05,
        1.1578e-04, 3.0939e-05, 2.6685e-04, 1.6040e-04, 3.6128e-05, 3.9069e-05,
        4.9530e-05, 6.3303e-05, 9.9427e-05, 1.0433e-04, 6.4182e-05],
       grad_fn=<CatBackward>)

mean_overall=tensor(0.0001, grad_fn=<MeanBackward0>)

-----------------------------------------------ITERATION280-----------------------------------------------

final_causality=[[1, 1, 1, 1, 1, 1, 1, 1, 1, 1, 1, 1, 1], [1, 1, 1, 1, 1, 1, 1, 1, 1, 1, 1, 1, 1, 1, 1, 1, 1, 1, 1, 1, 1, 1, 1, 1, 1, 1, 1, 1, 1, 1, 1, 1, 1, 1, 1, 1, 1, 1, 1, 1, 1, 1, 1, 1, 1, 1, 1, 1, 1, 1], [1, 1, 1, 1, 1, 1, 1, 1, 1, 1, 1, 1, 1, 1, 1, 1, 1, 1, 1, 1, 1, 1, 1, 1, 1, 1, 1, 1, 1, 1, 1, 1, 1, 1, 1, 1, 1, 1, 1, 1, 1, 1, 1, 1, 1, 1, 1, 1, 1, 1]]

means=tensor([1.5419e-03, 1.3878e-17, 6.5477e-05, 1.3878e-17, 9.7677e-05, 2.3564e-04,
        8.5051e-05, 2.6367e-04, 6.9031e-05, 6.2600e-04, 3.2371e-05, 2.7110e-04,
        7.2045e-04, 1.6916e-04, 1.7694e-06, 7.9033e-05, 1.0185e-04, 6.3641e-05,
        7.2919e-05, 1.4684e-04, 5.1912e-05, 8.8726e-05, 1.2000e-04, 6.2925e-05,
        2.0274e-04, 2.0266e-05, 3.1757e-05, 8.8604e-05, 1.3197e-06, 3.6806e-05,
        7.0130e-05, 3.2367e-05, 6.8370e-05, 9.1633e-05, 5.4710e-05, 4.5925e-06,
        2.4040e-04, 6.1699e-05, 2.3125e-05, 7.9717e-06, 1.4831e-04, 1.1304e-04,
        5.1063e-05, 1.2229e-04, 5.7022e-05, 1.0702e-04, 1.1593e-04, 2.6701e-04,
        1.2579e-05, 1.4490e-05, 1.6521e-05, 2.3539e-04, 6.2609e-05, 8.7014e-05,
        1.0864e-04, 2.2655e-04, 2.9673e-04, 7.7139e-05, 1.3543e-04, 9.5338e-05,
        2.0312e-05, 1.3455e-04, 8.2529e-05, 3.5526e-05, 5.3775e-05, 5.1136e-05,
        7.8617e-05, 1.5932e-04, 8.8415e-05, 1.2144e-04, 4.3045e-05, 1.1762e-04,
        6.5499e-05, 1.7092e-04, 3.7855e-06, 2.9926e-05, 8.2402e-05, 1.4864e-04,
        8.6994e-05, 9.4851e-05, 6.3514e-05, 2.7542e-04, 5.4197e-05, 5.0520e-05,
        2.5667e-05, 3.3574e-05, 1.8880e-05, 1.0646e-04, 9.0850e-05, 4.6599e-05,
        4.7314e-05, 9.1349e-05, 5.0095e-05, 1.4620e-04, 1.2094e-04, 5.4627e-05,
        8.9291e-05, 1.6271e-04, 1.3263e-04, 1.5234e-05, 7.2570e-05, 1.8307e-05,
        1.2119e-04, 3.2124e-05, 2.6901e-04, 1.6272e-04, 3.6250e-05, 4.0241e-05,
        5.0167e-05, 6.2546e-05, 1.0285e-04, 1.0971e-04, 6.4246e-05],
       grad_fn=<CatBackward>)

mean_overall=tensor(0.0001, grad_fn=<MeanBackward0>)

-----------------------------------------------ITERATION290-----------------------------------------------

final_causality=[[1, 1, 1, 1, 1, 1, 1, 1, 1, 1, 1, 1, 1], [1, 1, 1, 1, 1, 1, 1, 1, 1, 1, 1, 1, 1, 1, 1, 1, 1, 1, 1, 1, 1, 1, 1, 1, 1, 1, 1, 1, 1, 1, 1, 1, 1, 1, 1, 1, 1, 1, 1, 1, 1, 1, 1, 1, 1, 1, 1, 1, 1, 1], [1, 1, 1, 1, 1, 1, 1, 1, 1, 1, 1, 1, 1, 1, 1, 1, 1, 1, 1, 1, 1, 1, 1, 1, 1, 1, 1, 1, 1, 1, 1, 1, 1, 1, 1, 1, 1, 1, 1, 1, 1, 1, 1, 1, 1, 1, 1, 1, 1, 1]]

means=tensor([1.6440e-03, 1.3878e-17, 4.4709e-05, 1.3878e-17, 9.8496e-05, 2.5709e-04,
        9.2583e-05, 2.8377e-04, 8.1300e-05, 6.7972e-04, 3.6085e-05, 2.8533e-04,
        7.9433e-04, 1.8260e-04, 3.9815e-06, 8.1087e-05, 1.1329e-04, 6.4410e-05,
        7.6588e-05, 1.5160e-04, 5.5517e-05, 9.2986e-05, 1.2188e-04, 7.0687e-05,
        2.1494e-04, 1.9696e-05, 3.7084e-05, 9.1439e-05, 9.8780e-07, 3.9421e-05,
        7.3948e-05, 3.4150e-05, 7.5836e-05, 9.5681e-05, 5.5369e-05, 4.8190e-06,
        2.6509e-04, 6.8699e-05, 2.2923e-05, 6.8041e-06, 1.5541e-04, 1.1937e-04,
        5.1314e-05, 1.2349e-04, 5.7555e-05, 1.1101e-04, 1.2987e-04, 2.7484e-04,
        1.1833e-05, 1.6312e-05, 1.6400e-05, 2.4234e-04, 6.5036e-05, 9.1054e-05,
        1.1338e-04, 2.2952e-04, 3.0532e-04, 7.8741e-05, 1.3868e-04, 9.5832e-05,
        2.2941e-05, 1.4027e-04, 8.8741e-05, 3.5949e-05, 5.5674e-05, 5.2683e-05,
        7.8972e-05, 1.6062e-04, 9.0038e-05, 1.2856e-04, 4.4907e-05, 1.1928e-04,
        6.7601e-05, 1.7012e-04, 3.9342e-06, 3.0101e-05, 8.4480e-05, 1.5371e-04,
        8.7792e-05, 9.9849e-05, 6.7298e-05, 2.8719e-04, 5.4116e-05, 5.1619e-05,
        2.6605e-05, 3.4317e-05, 1.9037e-05, 1.1242e-04, 9.8578e-05, 4.6197e-05,
        5.1232e-05, 9.3416e-05, 5.0897e-05, 1.5283e-04, 1.3027e-04, 5.7808e-05,
        9.2129e-05, 1.6362e-04, 1.4013e-04, 1.6117e-05, 7.2653e-05, 1.9463e-05,
        1.2673e-04, 3.3427e-05, 2.7113e-04, 1.6507e-04, 3.6397e-05, 4.1449e-05,
        5.1055e-05, 6.1488e-05, 1.0640e-04, 1.1517e-04, 6.4310e-05],
       grad_fn=<CatBackward>)

mean_overall=tensor(0.0001, grad_fn=<MeanBackward0>)

-----------------------------------------------ITERATION300-----------------------------------------------

final_causality=[[1, 1, 1, 1, 1, 1, 1, 1, 1, 1, 1, 1, 1], [1, 1, 1, 1, 1, 1, 1, 1, 1, 1, 1, 1, 1, 1, 1, 1, 1, 1, 1, 1, 1, 1, 1, 1, 1, 1, 1, 1, 1, 1, 1, 1, 1, 1, 1, 1, 1, 1, 1, 1, 1, 1, 1, 1, 1, 1, 1, 1, 1, 1], [1, 1, 1, 1, 1, 1, 1, 1, 1, 1, 1, 1, 1, 1, 1, 1, 1, 1, 1, 1, 1, 1, 1, 1, 1, 1, 1, 1, 1, 1, 1, 1, 1, 1, 1, 1, 1, 1, 1, 1, 1, 1, 1, 1, 1, 1, 1, 1, 1, 1]]

means=tensor([1.7514e-03, 0.0000e+00, 2.2166e-05, 0.0000e+00, 9.8804e-05, 2.7978e-04,
        1.0044e-04, 3.0519e-04, 9.6304e-05, 7.3673e-04, 4.0142e-05, 2.9934e-04,
        8.7282e-04, 1.9671e-04, 6.2901e-06, 8.3239e-05, 1.2516e-04, 6.5251e-05,
        8.0377e-05, 1.5653e-04, 5.9370e-05, 9.7491e-05, 1.2384e-04, 7.9325e-05,
        2.2768e-04, 1.9132e-05, 4.2976e-05, 9.4442e-05, 6.8163e-07, 4.2223e-05,
        7.8013e-05, 3.6045e-05, 8.3725e-05, 9.9919e-05, 5.6038e-05, 5.0543e-06,
        2.9076e-04, 7.6194e-05, 2.2756e-05, 5.6242e-06, 1.6274e-04, 1.2596e-04,
        5.1628e-05, 1.2477e-04, 5.8163e-05, 1.1520e-04, 1.4465e-04, 2.8282e-04,
        1.1103e-05, 1.8300e-05, 1.6399e-05, 2.4948e-04, 6.7588e-05, 9.5296e-05,
        1.1832e-04, 2.3254e-04, 3.1403e-04, 8.0401e-05, 1.4211e-04, 9.6347e-05,
        2.5790e-05, 1.4625e-04, 9.5317e-05, 3.6417e-05, 5.7654e-05, 5.4288e-05,
        7.9384e-05, 1.6194e-04, 9.1901e-05, 1.3633e-04, 4.6833e-05, 1.2100e-04,
        6.9822e-05, 1.6911e-04, 4.0973e-06, 3.0291e-05, 8.8729e-05, 1.5894e-04,
        8.8910e-05, 1.0503e-04, 7.1192e-05, 2.9927e-04, 5.3992e-05, 5.2777e-05,
        2.7583e-05, 3.5158e-05, 1.9195e-05, 1.1845e-04, 1.0655e-04, 4.5770e-05,
        5.5297e-05, 9.5737e-05, 5.1724e-05, 1.5954e-04, 1.3991e-04, 6.1092e-05,
        9.5089e-05, 1.6464e-04, 1.4841e-04, 1.7069e-05, 7.2712e-05, 2.0697e-05,
        1.3239e-04, 3.4837e-05, 2.7320e-04, 1.6745e-04, 3.6578e-05, 4.2698e-05,
        5.2626e-05, 6.0119e-05, 1.1006e-04, 1.2132e-04, 6.4376e-05],
       grad_fn=<CatBackward>)

mean_overall=tensor(0.0001, grad_fn=<MeanBackward0>)

-----------------------------------------------ITERATION310-----------------------------------------------

final_causality=[[1, 1, 1, 1, 1, 1, 1, 1, 1, 1, 1, 1, 1], [1, 1, 1, 1, 1, 1, 1, 1, 1, 1, 1, 1, 1, 1, 1, 1, 1, 1, 1, 1, 1, 1, 1, 1, 1, 1, 1, 1, 1, 1, 1, 1, 1, 1, 1, 1, 1, 1, 1, 1, 1, 1, 1, 1, 1, 1, 1, 1, 1, 1], [1, 1, 1, 1, 1, 1, 1, 1, 1, 1, 1, 1, 1, 1, 1, 1, 1, 1, 1, 1, 1, 1, 1, 1, 1, 1, 1, 1, 1, 1, 1, 1, 1, 1, 1, 1, 1, 1, 1, 1, 1, 1, 1, 1, 1, 1, 1, 1, 1, 1]]

means=tensor([1.8640e-03, 0.0000e+00, 6.1269e-06, 0.0000e+00, 9.8504e-05, 3.0365e-04,
        1.0860e-04, 3.2796e-04, 1.1443e-04, 7.9701e-04, 4.4505e-05, 3.1300e-04,
        9.5602e-04, 2.1148e-04, 8.6478e-06, 8.5485e-05, 1.3737e-04, 6.6163e-05,
        8.4281e-05, 1.6161e-04, 6.3473e-05, 1.0225e-04, 1.2586e-04, 8.8661e-05,
        2.4094e-04, 1.8572e-05, 4.9412e-05, 9.7612e-05, 4.0256e-07, 4.5214e-05,
        8.2334e-05, 3.8052e-05, 9.2039e-05, 1.0435e-04, 5.6716e-05, 5.2991e-06,
        3.1734e-04, 8.4175e-05, 2.2625e-05, 4.4338e-06, 1.7028e-04, 1.3279e-04,
        5.2005e-05, 1.2611e-04, 5.8845e-05, 1.1961e-04, 1.6019e-04, 2.9092e-04,
        1.0389e-05, 2.0460e-05, 1.6521e-05, 2.5677e-04, 7.0258e-05, 9.9735e-05,
        1.2345e-04, 2.3557e-04, 3.2282e-04, 8.2111e-05, 1.4570e-04, 9.6876e-05,
        2.8870e-05, 1.5249e-04, 1.0225e-04, 3.6928e-05, 5.9716e-05, 5.5937e-05,
        7.9940e-05, 1.6330e-04, 9.4020e-05, 1.4525e-04, 4.8821e-05, 1.2278e-04,
        7.2160e-05, 1.6790e-04, 4.2752e-06, 3.0494e-05, 9.3031e-05, 1.6433e-04,
        9.0257e-05, 1.1038e-04, 7.5189e-05, 3.1161e-04, 5.3830e-05, 5.3984e-05,
        2.8601e-05, 3.6092e-05, 1.9354e-05, 1.2453e-04, 1.1473e-04, 4.5319e-05,
        5.9497e-05, 9.8324e-05, 5.2574e-05, 1.6695e-04, 1.4982e-04, 6.4470e-05,
        9.8170e-05, 1.6776e-04, 1.5706e-04, 1.8091e-05, 7.2748e-05, 2.2005e-05,
        1.3813e-04, 3.6348e-05, 2.7520e-04, 1.6985e-04, 3.6907e-05, 4.3993e-05,
        5.4263e-05, 5.8431e-05, 1.1382e-04, 1.2789e-04, 6.4444e-05],
       grad_fn=<CatBackward>)

mean_overall=tensor(0.0001, grad_fn=<MeanBackward0>)

-----------------------------------------------ITERATION320-----------------------------------------------

final_causality=[[1, 1, 1, 1, 1, 1, 1, 1, 1, 1, 1, 1, 1], [1, 1, 1, 1, 1, 1, 1, 1, 1, 1, 1, 1, 1, 1, 1, 1, 1, 1, 1, 1, 1, 1, 1, 1, 1, 1, 1, 1, 1, 1, 1, 1, 1, 1, 1, 1, 1, 1, 1, 1, 1, 1, 1, 1, 1, 1, 1, 1, 1, 1], [1, 1, 1, 1, 1, 1, 1, 1, 1, 1, 1, 1, 1, 1, 1, 1, 1, 1, 1, 1, 1, 1, 1, 1, 1, 1, 1, 1, 1, 1, 1, 1, 1, 1, 1, 1, 1, 1, 1, 1, 1, 1, 1, 1, 1, 1, 1, 1, 1, 1]]

means=tensor([1.9817e-03, 1.3878e-17, 3.8818e-05, 1.3878e-17, 9.7437e-05, 3.2870e-04,
        1.1698e-04, 3.5211e-04, 1.3613e-04, 8.6064e-04, 4.9321e-05, 3.2643e-04,
        1.0442e-03, 2.2708e-04, 1.1084e-05, 8.7764e-05, 1.4992e-04, 6.7056e-05,
        8.8294e-05, 1.6680e-04, 6.7875e-05, 1.0745e-04, 1.2799e-04, 9.8879e-05,
        2.5461e-04, 1.7928e-05, 5.6361e-05, 1.0105e-04, 1.2612e-07, 4.8383e-05,
        8.7116e-05, 4.0200e-05, 1.0096e-04, 1.0901e-04, 5.7459e-05, 5.6486e-06,
        3.4516e-04, 9.2602e-05, 2.2614e-05, 3.2846e-06, 1.7804e-04, 1.4002e-04,
        5.2356e-05, 1.2747e-04, 5.9638e-05, 1.2420e-04, 1.7668e-04, 2.9917e-04,
        9.6918e-06, 2.2771e-05, 1.6757e-05, 2.6404e-04, 7.3077e-05, 1.0449e-04,
        1.2876e-04, 2.3883e-04, 3.3159e-04, 8.4264e-05, 1.4939e-04, 9.7364e-05,
        3.2128e-05, 1.5919e-04, 1.0969e-04, 3.7494e-05, 6.1852e-05, 5.7606e-05,
        8.0780e-05, 1.6465e-04, 9.6485e-05, 1.5439e-04, 5.0885e-05, 1.2460e-04,
        7.4628e-05, 1.6650e-04, 4.4695e-06, 3.0705e-05, 9.7421e-05, 1.6987e-04,
        9.1626e-05, 1.1592e-04, 7.9316e-05, 3.2429e-04, 5.3633e-05, 5.5216e-05,
        2.9660e-05, 3.7115e-05, 1.9505e-05, 1.3071e-04, 1.2318e-04, 4.4843e-05,
        6.3860e-05, 1.0308e-04, 5.3505e-05, 1.7473e-04, 1.6006e-04, 6.7958e-05,
        1.0141e-04, 1.7259e-04, 1.6610e-04, 1.9189e-05, 7.2733e-05, 2.3397e-05,
        1.4397e-04, 3.7963e-05, 2.7700e-04, 1.7224e-04, 3.7333e-05, 4.5363e-05,
        5.5968e-05, 5.6411e-05, 1.1772e-04, 1.3457e-04, 6.4518e-05],
       grad_fn=<CatBackward>)

mean_overall=tensor(0.0001, grad_fn=<MeanBackward0>)

-----------------------------------------------ITERATION330-----------------------------------------------

final_causality=[[1, 1, 1, 1, 1, 1, 1, 1, 1, 1, 1, 1, 1], [1, 1, 1, 1, 1, 1, 1, 1, 1, 1, 1, 1, 1, 1, 1, 1, 1, 1, 1, 1, 1, 1, 1, 1, 1, 1, 1, 1, 1, 1, 1, 1, 1, 1, 1, 1, 1, 1, 1, 1, 1, 1, 1, 1, 1, 1, 1, 1, 1, 1], [1, 1, 1, 1, 1, 1, 1, 1, 1, 1, 1, 1, 1, 1, 1, 1, 1, 1, 1, 1, 1, 1, 1, 1, 1, 1, 1, 1, 1, 1, 1, 1, 1, 1, 1, 1, 1, 1, 1, 1, 1, 1, 1, 1, 1, 1, 1, 1, 1, 1]]

means=tensor([2.1044e-03, 0.0000e+00, 7.7232e-05, 0.0000e+00, 9.5423e-05, 3.5481e-04,
        1.2552e-04, 3.7765e-04, 1.6178e-04, 9.2756e-04, 5.4474e-05, 3.3944e-04,
        1.1373e-03, 2.4342e-04, 1.3590e-05, 9.0084e-05, 1.6273e-04, 6.7951e-05,
        9.2407e-05, 1.7209e-04, 7.2569e-05, 1.1307e-04, 1.3022e-04, 1.0994e-04,
        2.6866e-04, 1.7220e-05, 6.3762e-05, 1.0474e-04, 1.7778e-07, 5.1734e-05,
        9.2319e-05, 4.2483e-05, 1.1044e-04, 1.1390e-04, 5.8253e-05, 6.0826e-06,
        3.7405e-04, 1.0146e-04, 2.2702e-05, 2.1652e-06, 1.8600e-04, 1.4760e-04,
        5.2700e-05, 1.2886e-04, 6.0531e-05, 1.2897e-04, 1.9393e-04, 3.0756e-04,
        9.0108e-06, 2.5241e-05, 1.7112e-05, 2.7130e-04, 7.6027e-05, 1.0996e-04,
        1.3423e-04, 2.4270e-04, 3.4031e-04, 8.6576e-05, 1.5318e-04, 9.7817e-05,
        3.5584e-05, 1.6632e-04, 1.1759e-04, 3.8112e-05, 6.4071e-05, 5.9281e-05,
        8.1706e-05, 1.6651e-04, 9.9268e-05, 1.6369e-04, 5.3018e-05, 1.2704e-04,
        7.7221e-05, 1.6491e-04, 4.6799e-06, 3.0924e-05, 1.0227e-04, 1.7555e-04,
        9.3020e-05, 1.2162e-04, 8.4150e-05, 3.3724e-04, 5.3402e-05, 5.6466e-05,
        3.0848e-05, 3.8226e-05, 1.9697e-05, 1.3694e-04, 1.3185e-04, 4.4341e-05,
        6.8365e-05, 1.0914e-04, 5.5622e-05, 1.8260e-04, 1.7057e-04, 7.1541e-05,
        1.0479e-04, 1.7752e-04, 1.7547e-04, 2.0361e-05, 7.2683e-05, 2.4867e-05,
        1.4989e-04, 3.9671e-05, 2.7860e-04, 1.7463e-04, 3.7853e-05, 4.6806e-05,
        5.7728e-05, 5.4062e-05, 1.2175e-04, 1.4132e-04, 6.4602e-05],
       grad_fn=<CatBackward>)

mean_overall=tensor(0.0001, grad_fn=<MeanBackward0>)

-----------------------------------------------ITERATION340-----------------------------------------------

final_causality=[[1, 1, 1, 1, 1, 1, 1, 1, 1, 1, 1, 1, 1], [1, 1, 1, 1, 1, 1, 1, 1, 1, 1, 1, 1, 1, 1, 1, 1, 1, 1, 1, 1, 1, 1, 1, 1, 1, 1, 1, 1, 1, 1, 1, 1, 1, 1, 1, 1, 1, 1, 1, 1, 1, 1, 1, 1, 1, 1, 1, 1, 1, 1], [1, 1, 1, 1, 1, 1, 1, 1, 1, 1, 1, 1, 1, 1, 1, 1, 1, 1, 1, 1, 1, 1, 1, 1, 1, 1, 1, 1, 1, 1, 1, 1, 1, 1, 1, 1, 1, 1, 1, 1, 1, 1, 1, 1, 1, 1, 1, 1, 1, 1]]

means=tensor([2.2320e-03, 0.0000e+00, 1.1939e-04, 0.0000e+00, 9.2283e-05, 3.8178e-04,
        1.3414e-04, 4.0456e-04, 1.9171e-04, 9.9765e-04, 5.9765e-05, 3.5174e-04,
        1.2353e-03, 2.6033e-04, 1.6149e-05, 9.2467e-05, 1.7572e-04, 6.8889e-05,
        9.6606e-05, 1.7750e-04, 7.7532e-05, 1.1903e-04, 1.3254e-04, 1.2171e-04,
        2.8311e-04, 1.6493e-05, 7.1532e-05, 1.0861e-04, 7.4397e-07, 5.5273e-05,
        9.7849e-05, 4.4976e-05, 1.2037e-04, 1.1898e-04, 5.9069e-05, 6.5566e-06,
        4.0373e-04, 1.1072e-04, 2.2834e-05, 1.0514e-06, 1.9412e-04, 1.5542e-04,
        5.3084e-05, 1.3048e-04, 6.1498e-05, 1.3394e-04, 2.1163e-04, 3.1603e-04,
        8.3483e-06, 2.7883e-05, 1.7593e-05, 2.7859e-04, 7.9076e-05, 1.1576e-04,
        1.3985e-04, 2.4658e-04, 3.4900e-04, 8.8964e-05, 1.5709e-04, 9.8259e-05,
        3.9274e-05, 1.7376e-04, 1.2587e-04, 3.8774e-05, 6.7705e-05, 6.0951e-05,
        8.2709e-05, 1.6871e-04, 1.0233e-04, 1.7308e-04, 5.5210e-05, 1.3158e-04,
        7.9923e-05, 1.6317e-04, 4.9051e-06, 3.1155e-05, 1.0768e-04, 1.8131e-04,
        9.4440e-05, 1.2744e-04, 8.9133e-05, 3.5037e-04, 5.3140e-05, 5.7729e-05,
        3.2755e-05, 3.9597e-05, 2.0116e-05, 1.4317e-04, 1.4067e-04, 4.3815e-05,
        7.2984e-05, 1.1542e-04, 5.7808e-05, 1.9050e-04, 1.8126e-04, 7.5192e-05,
        1.0830e-04, 1.8256e-04, 1.8509e-04, 2.1603e-05, 7.2620e-05, 2.6412e-05,
        1.5582e-04, 4.1456e-05, 2.8001e-04, 1.7703e-04, 3.8470e-05, 4.8313e-05,
        5.9525e-05, 5.1400e-05, 1.2585e-04, 1.4811e-04, 6.4699e-05],
       grad_fn=<CatBackward>)

mean_overall=tensor(0.0002, grad_fn=<MeanBackward0>)

-----------------------------------------------ITERATION350-----------------------------------------------

final_causality=[[1, 1, 1, 1, 1, 1, 1, 1, 1, 1, 1, 1, 1], [1, 1, 1, 1, 1, 1, 1, 1, 1, 1, 1, 1, 1, 1, 1, 1, 1, 1, 1, 1, 1, 1, 1, 1, 1, 1, 1, 1, 1, 1, 1, 1, 1, 1, 1, 1, 1, 1, 1, 1, 1, 1, 1, 1, 1, 1, 1, 1, 1, 1], [1, 1, 1, 1, 1, 1, 1, 1, 1, 1, 1, 1, 1, 1, 1, 1, 1, 1, 1, 1, 1, 1, 1, 1, 1, 1, 1, 1, 1, 1, 1, 1, 1, 1, 1, 1, 1, 1, 1, 1, 1, 1, 1, 1, 1, 1, 1, 1, 1, 1]]

means=tensor([2.3641e-03, 1.3878e-17, 1.6454e-04, 1.3878e-17, 8.7887e-05, 4.0928e-04,
        1.4283e-04, 4.3283e-04, 2.2633e-04, 1.0707e-03, 6.5107e-05, 3.6344e-04,
        1.3380e-03, 2.7768e-04, 1.8757e-05, 9.4911e-05, 1.8882e-04, 6.9882e-05,
        1.0088e-04, 1.8303e-04, 8.2743e-05, 1.2527e-04, 1.3492e-04, 1.3415e-04,
        2.9791e-04, 1.5766e-05, 7.9583e-05, 1.1264e-04, 1.3327e-06, 5.9001e-05,
        1.0367e-04, 4.7755e-05, 1.3069e-04, 1.2424e-04, 5.9899e-05, 7.0506e-06,
        4.3407e-04, 1.2036e-04, 2.3001e-05, 3.4032e-08, 2.0238e-04, 1.6344e-04,
        5.3526e-05, 1.3221e-04, 6.2531e-05, 1.3910e-04, 2.2958e-04, 3.2455e-04,
        7.7083e-06, 3.0701e-05, 1.8198e-05, 2.8592e-04, 8.2205e-05, 1.2181e-04,
        1.4560e-04, 2.5047e-04, 3.5762e-04, 9.1410e-05, 1.6113e-04, 9.8691e-05,
        4.3207e-05, 1.8146e-04, 1.3446e-04, 3.9477e-05, 7.1798e-05, 6.2602e-05,
        8.3778e-05, 1.7093e-04, 1.0565e-04, 1.8250e-04, 5.7454e-05, 1.3625e-04,
        8.2723e-05, 1.6130e-04, 5.1446e-06, 3.1393e-05, 1.1309e-04, 1.8712e-04,
        9.5885e-05, 1.3335e-04, 9.4189e-05, 3.6360e-04, 5.2850e-05, 5.8996e-05,
        3.4889e-05, 4.1194e-05, 2.0561e-05, 1.4938e-04, 1.4962e-04, 4.3531e-05,
        7.7699e-05, 1.2188e-04, 6.0054e-05, 1.9839e-04, 1.9207e-04, 7.8896e-05,
        1.1192e-04, 1.8975e-04, 1.9488e-04, 2.2912e-05, 7.2549e-05, 2.8027e-05,
        1.6174e-04, 4.3309e-05, 2.8162e-04, 1.7945e-04, 3.9193e-05, 4.9880e-05,
        6.1348e-05, 4.8546e-05, 1.3002e-04, 1.5491e-04, 6.4820e-05],
       grad_fn=<CatBackward>)

mean_overall=tensor(0.0002, grad_fn=<MeanBackward0>)

-----------------------------------------------ITERATION360-----------------------------------------------

final_causality=[[1, 1, 1, 1, 1, 1, 1, 1, 1, 1, 1, 1, 1], [1, 1, 1, 1, 1, 1, 1, 1, 1, 1, 1, 1, 1, 1, 1, 1, 1, 1, 1, 1, 1, 1, 1, 1, 1, 1, 1, 1, 1, 1, 1, 1, 1, 1, 1, 1, 1, 1, 1, 1, 1, 1, 1, 1, 1, 1, 1, 1, 1, 1], [1, 1, 1, 1, 1, 1, 1, 1, 1, 1, 1, 1, 1, 1, 1, 1, 1, 1, 1, 1, 1, 1, 1, 1, 1, 1, 1, 1, 1, 1, 1, 1, 1, 1, 1, 1, 1, 1, 1, 1, 1, 1, 1, 1, 1, 1, 1, 1, 1, 1]]

means=tensor([2.5004e-03, 1.3878e-17, 2.1237e-04, 1.3878e-17, 8.2008e-05, 4.3700e-04,
        1.5158e-04, 4.6237e-04, 2.6607e-04, 1.1467e-03, 7.0362e-05, 3.7463e-04,
        1.4454e-03, 2.9536e-04, 2.1412e-05, 9.7410e-05, 2.0196e-04, 7.0930e-05,
        1.0522e-04, 1.8867e-04, 8.8182e-05, 1.3179e-04, 1.3736e-04, 1.4720e-04,
        3.1300e-04, 1.5049e-05, 8.7829e-05, 1.1682e-04, 1.9122e-06, 6.2916e-05,
        1.0978e-04, 5.0681e-05, 1.4137e-04, 1.2967e-04, 6.0907e-05, 7.5550e-06,
        4.6493e-04, 1.3032e-04, 2.3203e-05, 1.3118e-06, 2.1073e-04, 1.7162e-04,
        5.4038e-05, 1.3395e-04, 6.3621e-05, 1.4445e-04, 2.4762e-04, 3.3310e-04,
        7.0933e-06, 3.3695e-05, 1.8989e-05, 2.9325e-04, 8.5397e-05, 1.2807e-04,
        1.5145e-04, 2.5435e-04, 3.6635e-04, 9.3900e-05, 1.6527e-04, 9.9108e-05,
        4.7380e-05, 1.8941e-04, 1.4331e-04, 4.0217e-05, 7.6035e-05, 6.4223e-05,
        8.4898e-05, 1.7317e-04, 1.0920e-04, 1.9191e-04, 5.9746e-05, 1.4105e-04,
        8.5605e-05, 1.5933e-04, 5.3966e-06, 3.1637e-05, 1.1849e-04, 1.9296e-04,
        9.7350e-05, 1.3932e-04, 9.9296e-05, 3.7687e-04, 5.2533e-05, 6.1567e-05,
        3.7115e-05, 4.2869e-05, 2.1032e-05, 1.5555e-04, 1.5865e-04, 4.3247e-05,
        8.2495e-05, 1.2852e-04, 6.2348e-05, 2.0625e-04, 2.0295e-04, 8.2637e-05,
        1.1585e-04, 1.9866e-04, 2.0478e-04, 2.4288e-05, 7.2466e-05, 2.9712e-05,
        1.6763e-04, 4.5219e-05, 2.8338e-04, 1.8188e-04, 4.0027e-05, 5.1498e-05,
        6.3190e-05, 4.5881e-05, 1.3423e-04, 1.6168e-04, 6.6060e-05],
       grad_fn=<CatBackward>)

mean_overall=tensor(0.0002, grad_fn=<MeanBackward0>)

-----------------------------------------------ITERATION370-----------------------------------------------

final_causality=[[1, 1, 1, 1, 1, 1, 1, 1, 1, 1, 1, 1, 1], [1, 1, 1, 1, 1, 1, 1, 1, 1, 1, 1, 1, 1, 1, 1, 1, 1, 1, 1, 1, 1, 1, 1, 1, 1, 1, 1, 1, 1, 1, 1, 1, 1, 1, 1, 1, 1, 1, 1, 1, 1, 1, 1, 1, 1, 1, 1, 1, 1, 1], [1, 1, 1, 1, 1, 1, 1, 1, 1, 1, 1, 1, 1, 1, 1, 1, 1, 1, 1, 1, 1, 1, 1, 1, 1, 1, 1, 1, 1, 1, 1, 1, 1, 1, 1, 1, 1, 1, 1, 1, 1, 1, 1, 1, 1, 1, 1, 1, 1, 1]]

means=tensor([2.6404e-03, 1.3878e-17, 2.6270e-04, 1.3878e-17, 7.4493e-05, 4.6454e-04,
        1.6029e-04, 4.9314e-04, 3.1114e-04, 1.2254e-03, 7.5349e-05, 3.8541e-04,
        1.5571e-03, 3.1325e-04, 2.4115e-05, 9.9954e-05, 2.1511e-04, 7.2030e-05,
        1.0961e-04, 1.9441e-04, 9.3832e-05, 1.3855e-04, 1.3986e-04, 1.6080e-04,
        3.2831e-04, 1.4347e-05, 9.6186e-05, 1.2138e-04, 2.4696e-06, 6.7010e-05,
        1.1617e-04, 5.3746e-05, 1.5234e-04, 1.3525e-04, 6.1944e-05, 8.0660e-06,
        4.9618e-04, 1.4059e-04, 2.3437e-05, 2.7399e-06, 2.1915e-04, 1.7994e-04,
        5.4621e-05, 1.3569e-04, 6.4760e-05, 1.4996e-04, 2.6562e-04, 3.4164e-04,
        6.5052e-06, 3.7121e-05, 1.9914e-05, 3.0055e-04, 8.8631e-05, 1.3454e-04,
        1.5737e-04, 2.5822e-04, 3.7514e-04, 9.6419e-05, 1.6950e-04, 9.9505e-05,
        5.1786e-05, 1.9756e-04, 1.5239e-04, 4.0988e-05, 8.0390e-05, 6.5810e-05,
        8.6048e-05, 1.7542e-04, 1.1298e-04, 2.0126e-04, 6.2079e-05, 1.4594e-04,
        8.8553e-05, 1.5727e-04, 5.7504e-06, 3.1885e-05, 1.2387e-04, 1.9879e-04,
        9.8828e-05, 1.4533e-04, 1.0444e-04, 3.9011e-04, 5.2190e-05, 6.5269e-05,
        3.9369e-05, 4.4613e-05, 2.1537e-05, 1.6166e-04, 1.6772e-04, 4.2954e-05,
        8.7356e-05, 1.3531e-04, 6.4679e-05, 2.1405e-04, 2.1386e-04, 8.6403e-05,
        1.2031e-04, 2.0753e-04, 2.1472e-04, 2.5727e-05, 7.2370e-05, 3.1467e-05,
        1.7348e-04, 4.7178e-05, 2.8494e-04, 1.8432e-04, 4.0975e-05, 5.3161e-05,
        6.5045e-05, 4.3011e-05, 1.3845e-04, 1.6842e-04, 6.8523e-05],
       grad_fn=<CatBackward>)

mean_overall=tensor(0.0002, grad_fn=<MeanBackward0>)

-----------------------------------------------ITERATION380-----------------------------------------------

final_causality=[[1, 1, 1, 1, 1, 1, 1, 1, 1, 1, 1, 1, 1], [1, 1, 1, 1, 1, 1, 1, 1, 1, 1, 1, 1, 1, 1, 1, 1, 1, 1, 1, 1, 1, 1, 1, 1, 1, 1, 1, 1, 1, 1, 1, 1, 1, 1, 1, 1, 1, 1, 1, 1, 1, 1, 1, 1, 1, 1, 1, 1, 1, 1], [1, 1, 1, 1, 1, 1, 1, 1, 1, 1, 1, 1, 1, 1, 1, 1, 1, 1, 1, 1, 1, 1, 1, 1, 1, 1, 1, 1, 1, 1, 1, 1, 1, 1, 1, 1, 1, 1, 1, 1, 1, 1, 1, 1, 1, 1, 1, 1, 1, 1]]

means=tensor([2.7836e-03, 0.0000e+00, 3.1543e-04, 0.0000e+00, 6.5239e-05, 4.9139e-04,
        1.6887e-04, 5.2508e-04, 3.6162e-04, 1.3064e-03, 7.9844e-05, 3.9589e-04,
        1.6730e-03, 3.3126e-04, 2.6868e-05, 1.0253e-04, 2.2820e-04, 7.3178e-05,
        1.1403e-04, 2.0024e-04, 9.9678e-05, 1.4568e-04, 1.4241e-04, 1.7489e-04,
        3.4379e-04, 1.3662e-05, 1.0458e-04, 1.2609e-04, 2.9985e-06, 7.1272e-05,
        1.2281e-04, 5.6940e-05, 1.6357e-04, 1.4097e-04, 6.2983e-05, 8.5818e-06,
        5.2772e-04, 1.5157e-04, 2.3701e-05, 4.2222e-06, 2.2761e-04, 1.8834e-04,
        5.5277e-05, 1.3742e-04, 6.5941e-05, 1.5562e-04, 2.8346e-04, 3.5015e-04,
        5.9447e-06, 4.1172e-05, 2.0968e-05, 3.0779e-04, 9.1887e-05, 1.4118e-04,
        1.6333e-04, 2.6204e-04, 3.8378e-04, 9.8951e-05, 1.7380e-04, 9.9877e-05,
        5.6808e-05, 2.0591e-04, 1.6163e-04, 4.1786e-05, 8.4835e-05, 6.7359e-05,
        8.7206e-05, 1.7767e-04, 1.1694e-04, 2.1051e-04, 6.4447e-05, 1.5089e-04,
        9.1546e-05, 1.5518e-04, 6.1634e-06, 3.2135e-05, 1.2921e-04, 2.0461e-04,
        1.0031e-04, 1.5135e-04, 1.0959e-04, 4.0326e-04, 5.1817e-05, 6.8994e-05,
        4.1642e-05, 4.6416e-05, 2.2409e-05, 1.6771e-04, 1.7681e-04, 4.2652e-05,
        9.2264e-05, 1.4223e-04, 6.7425e-05, 2.2176e-04, 2.2473e-04, 9.0181e-05,
        1.2480e-04, 2.1632e-04, 2.2466e-04, 2.7224e-05, 7.2254e-05, 3.3290e-05,
        1.7928e-04, 4.9176e-05, 2.9149e-04, 1.8677e-04, 4.2037e-05, 5.4859e-05,
        6.6910e-05, 4.0870e-05, 1.4267e-04, 1.7511e-04, 7.1118e-05],
       grad_fn=<CatBackward>)

mean_overall=tensor(0.0002, grad_fn=<MeanBackward0>)

-----------------------------------------------ITERATION390-----------------------------------------------

final_causality=[[1, 1, 1, 1, 1, 1, 1, 1, 1, 1, 1, 1, 1], [1, 1, 1, 1, 1, 1, 1, 1, 1, 1, 1, 1, 1, 1, 1, 1, 1, 1, 1, 1, 1, 1, 1, 1, 1, 1, 1, 1, 1, 1, 1, 1, 1, 1, 1, 1, 1, 1, 1, 1, 1, 1, 1, 1, 1, 1, 1, 1, 1, 1], [1, 1, 1, 1, 1, 1, 1, 1, 1, 1, 1, 1, 1, 1, 1, 1, 1, 1, 1, 1, 1, 1, 1, 1, 1, 1, 1, 1, 1, 1, 1, 1, 1, 1, 1, 1, 1, 1, 1, 1, 1, 1, 1, 1, 1, 1, 1, 1, 1, 1]]

means=tensor([2.9292e-03, 0.0000e+00, 3.7043e-04, 0.0000e+00, 5.4134e-05, 5.1701e-04,
        1.7720e-04, 5.5813e-04, 4.1752e-04, 1.3896e-03, 8.3588e-05, 4.0623e-04,
        1.7928e-03, 3.4929e-04, 2.9667e-05, 1.0514e-04, 2.4117e-04, 7.4367e-05,
        1.1847e-04, 2.0613e-04, 1.0570e-04, 1.5316e-04, 1.4502e-04, 1.8941e-04,
        3.5935e-04, 1.2997e-05, 1.1307e-04, 1.3091e-04, 3.4958e-06, 7.5689e-05,
        1.2970e-04, 6.0254e-05, 1.7499e-04, 1.4680e-04, 6.4022e-05, 9.0994e-06,
        5.5940e-04, 1.6275e-04, 2.3993e-05, 5.7217e-06, 2.3606e-04, 1.9679e-04,
        5.6007e-05, 1.3942e-04, 6.7156e-05, 1.6142e-04, 3.0106e-04, 3.5861e-04,
        5.4129e-06, 4.5470e-05, 2.2148e-05, 3.1764e-04, 9.5144e-05, 1.4798e-04,
        1.6930e-04, 2.6579e-04, 3.9224e-04, 1.0148e-04, 1.7814e-04, 1.0022e-04,
        6.2178e-05, 2.1441e-04, 1.7100e-04, 4.2602e-05, 8.9339e-05, 6.9576e-05,
        8.8348e-05, 1.7991e-04, 1.2105e-04, 2.1989e-04, 6.6843e-05, 1.5587e-04,
        9.4565e-05, 1.5308e-04, 6.5936e-06, 3.2386e-05, 1.3449e-04, 2.1038e-04,
        1.0179e-04, 1.5736e-04, 1.1472e-04, 4.1625e-04, 5.1414e-05, 7.2724e-05,
        4.3927e-05, 4.8268e-05, 2.3302e-05, 1.7369e-04, 1.8587e-04, 4.2340e-05,
        9.7197e-05, 1.4925e-04, 7.0268e-05, 2.2937e-04, 2.3552e-04, 9.3958e-05,
        1.2932e-04, 2.2499e-04, 2.3453e-04, 2.8777e-05, 7.2407e-05, 3.5180e-05,
        1.8500e-04, 5.1204e-05, 2.9927e-04, 1.8923e-04, 4.3210e-05, 5.6580e-05,
        6.8781e-05, 3.8781e-05, 1.4687e-04, 1.8172e-04, 7.3829e-05],
       grad_fn=<CatBackward>)

mean_overall=tensor(0.0002, grad_fn=<MeanBackward0>)

-----------------------------------------------ITERATION400-----------------------------------------------

final_causality=[[1, 1, 1, 1, 1, 1, 1, 1, 1, 1, 1, 1, 1], [1, 1, 1, 1, 1, 1, 1, 1, 1, 1, 1, 1, 1, 1, 1, 1, 1, 1, 1, 1, 1, 1, 1, 1, 1, 1, 1, 1, 1, 1, 1, 1, 1, 1, 1, 1, 1, 1, 1, 1, 1, 1, 1, 1, 1, 1, 1, 1, 1, 1], [1, 1, 1, 1, 1, 1, 1, 1, 1, 1, 1, 1, 1, 1, 1, 1, 1, 1, 1, 1, 1, 1, 1, 1, 1, 1, 1, 1, 1, 1, 1, 1, 1, 1, 1, 1, 1, 1, 1, 1, 1, 1, 1, 1, 1, 1, 1, 1, 1, 1]]

means=tensor([3.0766e-03, 0.0000e+00, 4.2751e-04, 0.0000e+00, 4.1082e-05, 5.4076e-04,
        1.8519e-04, 5.9218e-04, 4.7885e-04, 1.4746e-03, 8.6292e-05, 4.1658e-04,
        1.9161e-03, 3.6722e-04, 3.2509e-05, 1.0775e-04, 2.5395e-04, 7.5589e-05,
        1.2291e-04, 2.1209e-04, 1.1187e-04, 1.6085e-04, 1.4768e-04, 2.0427e-04,
        3.7493e-04, 1.2356e-05, 1.2368e-04, 1.3581e-04, 3.9598e-06, 8.0247e-05,
        1.3684e-04, 6.3674e-05, 1.8654e-04, 1.5271e-04, 6.5058e-05, 9.6144e-06,
        5.9108e-04, 1.7408e-04, 2.4310e-05, 7.2228e-06, 2.4449e-04, 2.0526e-04,
        5.6810e-05, 1.4157e-04, 6.8398e-05, 1.6734e-04, 3.1834e-04, 3.6700e-04,
        4.9109e-06, 4.9996e-05, 2.3451e-05, 3.2748e-04, 9.8379e-05, 1.5490e-04,
        1.7524e-04, 2.6947e-04, 4.0048e-04, 1.0400e-04, 1.8251e-04, 1.0076e-04,
        6.7741e-05, 2.2304e-04, 1.8043e-04, 4.3430e-05, 9.3868e-05, 7.3095e-05,
        8.9451e-05, 1.8215e-04, 1.2526e-04, 2.3022e-04, 6.9256e-05, 1.6087e-04,
        9.7591e-05, 1.5100e-04, 7.0392e-06, 3.2639e-05, 1.3971e-04, 2.1607e-04,
        1.0327e-04, 1.6333e-04, 1.1982e-04, 4.2900e-04, 5.0976e-05, 7.6441e-05,
        4.6215e-05, 5.0158e-05, 2.4210e-05, 1.7957e-04, 1.9486e-04, 4.2019e-05,
        1.0213e-04, 1.5635e-04, 7.3112e-05, 2.3683e-04, 2.4617e-04, 9.7718e-05,
        1.3383e-04, 2.3350e-04, 2.4428e-04, 3.0380e-05, 7.2564e-05, 3.7132e-05,
        1.9066e-04, 5.3250e-05, 3.0688e-04, 1.9170e-04, 4.4491e-05, 5.8313e-05,
        7.0655e-05, 3.7400e-05, 1.5103e-04, 1.8823e-04, 7.6639e-05],
       grad_fn=<CatBackward>)

mean_overall=tensor(0.0002, grad_fn=<MeanBackward0>)

-----------------------------------------------ITERATION410-----------------------------------------------

final_causality=[[1, 1, 1, 1, 1, 1, 1, 1, 1, 1, 1, 1, 1], [1, 1, 1, 1, 1, 1, 1, 1, 1, 1, 1, 1, 1, 1, 1, 1, 1, 1, 1, 1, 1, 1, 1, 1, 1, 1, 1, 1, 1, 1, 1, 1, 1, 1, 1, 1, 1, 1, 1, 1, 1, 1, 1, 1, 1, 1, 1, 1, 1, 1], [1, 1, 1, 1, 1, 1, 1, 1, 1, 1, 1, 1, 1, 1, 1, 1, 1, 1, 1, 1, 1, 1, 1, 1, 1, 1, 1, 1, 1, 1, 1, 1, 1, 1, 1, 1, 1, 1, 1, 1, 1, 1, 1, 1, 1, 1, 1, 1, 1, 1]]

means=tensor([3.2249e-03, 0.0000e+00, 4.8644e-04, 0.0000e+00, 2.6012e-05, 5.6195e-04,
        1.9272e-04, 6.2714e-04, 5.4552e-04, 1.5610e-03, 8.7635e-05, 4.2710e-04,
        2.0426e-03, 3.8497e-04, 3.5387e-05, 1.1037e-04, 2.6647e-04, 7.6832e-05,
        1.2732e-04, 2.1807e-04, 1.1818e-04, 1.6872e-04, 1.5038e-04, 2.1941e-04,
        3.9043e-04, 1.1741e-05, 1.3459e-04, 1.4079e-04, 4.3900e-06, 8.4927e-05,
        1.4419e-04, 6.7186e-05, 1.9818e-04, 1.5869e-04, 6.6087e-05, 1.0121e-05,
        6.2260e-04, 1.8547e-04, 2.4651e-05, 8.7171e-06, 2.5284e-04, 2.1371e-04,
        5.7688e-05, 1.4363e-04, 6.9659e-05, 1.7334e-04, 3.3829e-04, 3.7527e-04,
        4.4395e-06, 5.4727e-05, 2.4875e-05, 3.3719e-04, 1.0157e-04, 1.6192e-04,
        1.8113e-04, 2.7305e-04, 4.0847e-04, 1.0649e-04, 1.8688e-04, 1.0153e-04,
        7.3458e-05, 2.3177e-04, 1.8987e-04, 4.4260e-05, 9.8392e-05, 7.6586e-05,
        9.0492e-05, 1.8437e-04, 1.2952e-04, 2.4032e-04, 7.1674e-05, 1.6584e-04,
        1.0060e-04, 1.4897e-04, 7.4980e-06, 3.2896e-05, 1.4483e-04, 2.2165e-04,
        1.0473e-04, 1.6923e-04, 1.2485e-04, 4.4146e-04, 5.0499e-05, 8.0126e-05,
        4.8495e-05, 5.2076e-05, 2.5127e-05, 1.8533e-04, 2.0371e-04, 4.1992e-05,
        1.0704e-04, 1.6350e-04, 7.5941e-05, 2.4413e-04, 2.5663e-04, 1.0144e-04,
        1.3829e-04, 2.4183e-04, 2.5385e-04, 3.2027e-05, 7.2688e-05, 3.9143e-05,
        1.9622e-04, 5.5301e-05, 3.1431e-04, 1.9417e-04, 4.5874e-05, 6.0045e-05,
        7.2527e-05, 3.6022e-05, 1.5513e-04, 1.9463e-04, 7.9530e-05],
       grad_fn=<CatBackward>)

mean_overall=tensor(0.0002, grad_fn=<MeanBackward0>)

-----------------------------------------------ITERATION420-----------------------------------------------

final_causality=[[1, 1, 1, 1, 1, 1, 1, 1, 1, 1, 1, 1, 1], [1, 1, 1, 1, 1, 1, 1, 1, 1, 1, 1, 1, 1, 1, 1, 1, 1, 1, 1, 1, 1, 1, 1, 1, 1, 1, 1, 1, 1, 1, 1, 1, 1, 1, 1, 1, 1, 1, 1, 1, 1, 1, 1, 1, 1, 1, 1, 1, 1, 1], [1, 1, 1, 1, 1, 1, 1, 1, 1, 1, 1, 1, 1, 1, 1, 1, 1, 1, 1, 1, 1, 1, 1, 1, 1, 1, 1, 1, 1, 1, 1, 1, 1, 1, 1, 1, 1, 1, 1, 1, 1, 1, 1, 1, 1, 1, 1, 1, 1, 1]]

means=tensor([3.3732e-03, 0.0000e+00, 5.4698e-04, 0.0000e+00, 5.4897e-06, 5.7984e-04,
        1.9968e-04, 6.6287e-04, 6.1736e-04, 1.6486e-03, 8.7285e-05, 4.3787e-04,
        2.1720e-03, 4.0242e-04, 3.8283e-05, 1.1298e-04, 2.7872e-04, 7.8088e-05,
        1.3170e-04, 2.2407e-04, 1.2460e-04, 1.7675e-04, 1.5310e-04, 2.3475e-04,
        4.0579e-04, 1.1155e-05, 1.4573e-04, 1.4584e-04, 4.7827e-06, 8.9708e-05,
        1.5174e-04, 7.0791e-05, 2.0984e-04, 1.6474e-04, 6.7116e-05, 1.0610e-05,
        6.5392e-04, 1.9686e-04, 2.5013e-05, 1.0192e-05, 2.6109e-04, 2.2210e-04,
        5.8634e-05, 1.4560e-04, 7.0925e-05, 1.7939e-04, 3.5926e-04, 3.8343e-04,
        3.9968e-06, 5.9630e-05, 2.6415e-05, 3.4675e-04, 1.0472e-04, 1.6903e-04,
        1.8692e-04, 2.7652e-04, 4.1621e-04, 1.0893e-04, 1.9121e-04, 1.0227e-04,
        7.9289e-05, 2.4056e-04, 1.9925e-04, 4.5092e-05, 1.0287e-04, 8.0038e-05,
        9.1450e-05, 1.8655e-04, 1.3378e-04, 2.5015e-04, 7.4089e-05, 1.7076e-04,
        1.0358e-04, 1.4700e-04, 7.9680e-06, 3.3285e-05, 1.4984e-04, 2.2711e-04,
        1.0618e-04, 1.7504e-04, 1.2980e-04, 4.5356e-04, 4.9987e-05, 8.3768e-05,
        5.0761e-05, 5.4010e-05, 2.6200e-05, 1.9096e-04, 2.1239e-04, 4.2206e-05,
        1.1191e-04, 1.7065e-04, 7.8743e-05, 2.5124e-04, 2.6685e-04, 1.0512e-04,
        1.4269e-04, 2.4995e-04, 2.6318e-04, 3.3714e-05, 7.3292e-05, 4.1206e-05,
        2.0170e-04, 5.7347e-05, 3.2154e-04, 1.9663e-04, 4.7348e-05, 6.1767e-05,
        7.4394e-05, 3.4664e-05, 1.5916e-04, 2.0089e-04, 8.2476e-05],
       grad_fn=<CatBackward>)

mean_overall=tensor(0.0002, grad_fn=<MeanBackward0>)

-----------------------------------------------ITERATION430-----------------------------------------------

final_causality=[[1, 1, 1, 1, 1, 1, 1, 1, 1, 1, 1, 1, 1], [1, 1, 1, 1, 1, 1, 1, 1, 1, 1, 1, 1, 1, 1, 1, 1, 1, 1, 1, 1, 1, 1, 1, 1, 1, 1, 1, 1, 1, 1, 1, 1, 1, 1, 1, 1, 1, 1, 1, 1, 1, 1, 1, 1, 1, 1, 1, 1, 1, 1], [1, 1, 1, 1, 1, 1, 1, 1, 1, 1, 1, 1, 1, 1, 1, 1, 1, 1, 1, 1, 1, 1, 1, 1, 1, 1, 1, 1, 1, 1, 1, 1, 1, 1, 1, 1, 1, 1, 1, 1, 1, 1, 1, 1, 1, 1, 1, 1, 1, 1]]

means=tensor([3.5210e-03, 1.3878e-17, 6.0889e-04, 1.3878e-17, 3.6302e-05, 5.9370e-04,
        2.0603e-04, 6.9926e-04, 6.9443e-04, 1.7371e-03, 8.4853e-05, 4.4891e-04,
        2.3037e-03, 4.1948e-04, 4.1252e-05, 1.1554e-04, 2.9042e-04, 7.9331e-05,
        1.3598e-04, 2.3009e-04, 1.3099e-04, 1.8483e-04, 1.5594e-04, 2.5016e-04,
        4.2083e-04, 1.0591e-05, 1.5699e-04, 1.5083e-04, 5.1657e-06, 9.4600e-05,
        1.5956e-04, 7.4362e-05, 2.2132e-04, 1.7065e-04, 6.8088e-05, 1.1101e-05,
        6.8453e-04, 2.0822e-04, 2.5405e-05, 1.1689e-05, 2.6915e-04, 2.3033e-04,
        5.9689e-05, 1.4743e-04, 7.2244e-05, 1.8552e-04, 3.8015e-04, 3.9135e-04,
        3.6017e-06, 6.4684e-05, 2.8069e-05, 3.5601e-04, 1.0772e-04, 1.7608e-04,
        1.9259e-04, 2.7984e-04, 4.2348e-04, 1.1137e-04, 1.9560e-04, 1.0294e-04,
        8.5137e-05, 2.4937e-04, 2.0846e-04, 4.5888e-05, 1.0728e-04, 8.3408e-05,
        9.2321e-05, 1.8880e-04, 1.3862e-04, 2.5956e-04, 7.6466e-05, 1.7559e-04,
        1.0650e-04, 1.4513e-04, 8.4450e-06, 3.3981e-05, 1.5466e-04, 2.3234e-04,
        1.0764e-04, 1.8067e-04, 1.3459e-04, 4.6515e-04, 4.9426e-05, 8.7318e-05,
        5.2975e-05, 5.5944e-05, 2.7325e-05, 1.9635e-04, 2.2075e-04, 4.2459e-05,
        1.1665e-04, 1.7777e-04, 8.1485e-05, 2.5803e-04, 2.7667e-04, 1.0870e-04,
        1.4698e-04, 2.5778e-04, 2.7215e-04, 3.5420e-05, 7.5321e-05, 4.3300e-05,
        2.0702e-04, 5.9358e-05, 3.2849e-04, 1.9918e-04, 4.8929e-05, 6.3452e-05,
        7.6236e-05, 3.3335e-05, 1.6304e-04, 2.0724e-04, 8.6436e-05],
       grad_fn=<CatBackward>)

mean_overall=tensor(0.0002, grad_fn=<MeanBackward0>)

-----------------------------------------------ITERATION440-----------------------------------------------

final_causality=[[1, 1, 1, 1, 1, 1, 1, 1, 1, 1, 1, 1, 1], [1, 1, 1, 1, 1, 1, 1, 1, 1, 1, 1, 1, 1, 1, 1, 1, 1, 1, 1, 1, 1, 1, 1, 1, 1, 1, 1, 1, 1, 1, 1, 1, 1, 1, 1, 1, 1, 1, 1, 1, 1, 1, 1, 1, 1, 1, 1, 1, 1, 1], [1, 1, 1, 1, 1, 1, 1, 1, 1, 1, 1, 1, 1, 1, 1, 1, 1, 1, 1, 1, 1, 1, 1, 1, 1, 1, 1, 1, 1, 1, 1, 1, 1, 1, 1, 1, 1, 1, 1, 1, 1, 1, 1, 1, 1, 1, 1, 1, 1, 1]]

means=tensor([3.6679e-03, 0.0000e+00, 6.7205e-04, 0.0000e+00, 7.6224e-05, 6.0275e-04,
        2.1188e-04, 7.3622e-04, 7.7656e-04, 1.8263e-03, 7.9811e-05, 4.5991e-04,
        2.4376e-03, 4.3607e-04, 4.4382e-05, 1.1804e-04, 3.0108e-04, 8.0545e-05,
        1.4007e-04, 2.3614e-04, 1.3720e-04, 1.9284e-04, 1.5899e-04, 2.6553e-04,
        4.3539e-04, 1.0029e-05, 1.6822e-04, 1.5561e-04, 5.5640e-06, 9.9617e-05,
        1.6772e-04, 7.7719e-05, 2.3234e-04, 1.7617e-04, 6.8930e-05, 1.1643e-05,
        7.1372e-04, 2.1952e-04, 2.5837e-05, 1.3271e-05, 2.7693e-04, 2.3826e-04,
        6.0892e-05, 1.4904e-04, 7.3663e-05, 1.9180e-04, 4.0077e-04, 3.9893e-04,
        3.2672e-06, 6.9927e-05, 2.9846e-05, 3.6484e-04, 1.1063e-04, 1.8287e-04,
        1.9811e-04, 2.8298e-04, 4.3001e-04, 1.1385e-04, 2.0020e-04, 1.0352e-04,
        9.0902e-05, 2.5816e-04, 2.1737e-04, 4.6585e-05, 1.1157e-04, 8.6651e-05,
        9.3111e-05, 1.9381e-04, 1.4397e-04, 2.6840e-04, 7.8765e-05, 1.8026e-04,
        1.0932e-04, 1.4342e-04, 8.9262e-06, 3.5547e-05, 1.5920e-04, 2.3722e-04,
        1.1099e-04, 1.8604e-04, 1.3913e-04, 4.7600e-04, 4.8945e-05, 9.0725e-05,
        5.5092e-05, 5.7862e-05, 2.8437e-05, 2.0134e-04, 2.2860e-04, 4.2758e-05,
        1.2119e-04, 1.8482e-04, 8.4128e-05, 2.6438e-04, 2.8591e-04, 1.1211e-04,
        1.5113e-04, 2.6522e-04, 2.8062e-04, 3.7116e-05, 7.7288e-05, 4.5403e-05,
        2.1209e-04, 6.1303e-05, 3.3507e-04, 2.0203e-04, 5.0639e-05, 6.5062e-05,
        7.8034e-05, 3.2041e-05, 1.6668e-04, 2.1387e-04, 9.0638e-05],
       grad_fn=<CatBackward>)

mean_overall=tensor(0.0002, grad_fn=<MeanBackward0>)

