-----------------------------------------------ITERATION0-----------------------------------------------

final_causality=[[1, 1, 1, 1, 1, 1, 1, 1, 1, 1, 1, 1, 1], [1, 1, 1, 1, 1, 1, 1, 1, 1, 1, 1, 1, 1, 1, 1, 1, 1, 1, 1, 1, 1, 1, 1, 1, 1, 1, 1, 1, 1, 1, 1, 1, 1, 1, 1, 1, 1, 1, 1, 1, 1, 1, 1, 1, 1, 1, 1, 1, 1, 1], [1, 1, 1, 1, 1, 1, 1, 1, 1, 1, 1, 1, 1, 1, 1, 1, 1, 1, 1, 1, 1, 1, 1, 1, 1, 1, 1, 1, 1, 1, 1, 1, 1, 1, 1, 1, 1, 1, 1, 1, 1, 1, 1, 1, 1, 1, 1, 1, 1, 1]]

means=tensor([1.4572e-04, 0.0000e+00, 6.7342e-05, 0.0000e+00, 1.0758e-04, 6.7046e-05,
        3.2000e-05, 7.4470e-06, 6.9009e-05, 1.7182e-04, 1.5145e-04, 5.1790e-05,
        1.2261e-04, 1.8756e-05, 6.8196e-05, 9.0288e-05, 1.4281e-06, 3.1917e-05,
        8.2923e-06, 1.0169e-05, 7.3764e-05, 5.0904e-05, 1.5483e-05, 1.1217e-05,
        5.1322e-05, 3.9574e-05, 4.6773e-06, 8.4460e-06, 4.0006e-05, 2.7653e-05,
        5.8061e-05, 6.2045e-06, 8.6975e-06, 5.9107e-05, 6.4672e-05, 2.3072e-05,
        4.4369e-05, 1.1274e-06, 3.1112e-05, 6.6823e-05, 1.3142e-04, 3.5217e-05,
        3.8938e-05, 4.0485e-05, 5.1175e-05, 3.1887e-05, 1.5452e-05, 3.3403e-06,
        9.7376e-06, 3.6652e-05, 1.1321e-04, 7.5829e-05, 8.4312e-05, 2.2549e-06,
        4.7501e-05, 1.3398e-05, 6.4948e-05, 2.0633e-05, 2.2234e-05, 2.0891e-06,
        2.6487e-05, 1.7019e-04, 1.0922e-04, 8.3340e-05, 1.7290e-05, 6.2135e-05,
        4.7398e-05, 5.4795e-05, 1.8942e-05, 5.5492e-05, 4.7035e-05, 1.6440e-05,
        4.6766e-05, 1.4918e-05, 7.9230e-06, 1.0410e-04, 2.1615e-05, 4.8931e-05,
        2.1079e-05, 4.0473e-05, 6.3529e-06, 1.3891e-05, 4.6122e-05, 7.8626e-05,
        4.3613e-05, 1.5847e-04, 4.7962e-05, 4.4585e-05, 1.4958e-04, 6.2822e-05,
        8.7127e-07, 1.1558e-04, 1.0452e-04, 6.0603e-05, 5.0829e-05, 4.8519e-05,
        1.0385e-04, 4.2546e-06, 3.9036e-05, 2.6837e-05, 9.3195e-05, 1.1963e-04,
        2.5637e-05, 9.2230e-06, 2.6212e-05, 4.5780e-05, 7.0189e-06, 2.8162e-05,
        6.8225e-05, 3.1088e-05, 1.0386e-05, 3.1561e-05, 5.2264e-05],
       grad_fn=<CatBackward>)

mean_overall=tensor(4.8847e-05, grad_fn=<MeanBackward0>)

-----------------------------------------------ITERATION10-----------------------------------------------

final_causality=[[1, 1, 1, 1, 1, 1, 1, 1, 1, 1, 1, 1, 1], [1, 1, 1, 1, 1, 1, 1, 1, 1, 1, 1, 1, 1, 1, 1, 1, 1, 1, 1, 1, 1, 1, 1, 1, 1, 1, 1, 1, 1, 1, 1, 1, 1, 1, 1, 1, 1, 1, 1, 1, 1, 1, 1, 1, 1, 1, 1, 1, 1, 1], [1, 1, 1, 1, 1, 1, 1, 1, 1, 1, 1, 1, 1, 1, 1, 1, 1, 1, 1, 1, 1, 1, 1, 1, 1, 1, 1, 1, 1, 1, 1, 1, 1, 1, 1, 1, 1, 1, 1, 1, 1, 1, 1, 1, 1, 1, 1, 1, 1, 1]]

means=tensor([2.4359e-04, 6.9389e-18, 9.4615e-05, 6.9389e-18, 9.8363e-05, 5.2004e-05,
        4.5511e-06, 6.0496e-07, 6.3803e-06, 2.2690e-04, 1.7817e-04, 5.2750e-05,
        1.0974e-04, 3.0912e-05, 3.7911e-05, 6.7938e-05, 1.2560e-05, 1.3039e-05,
        4.2297e-06, 1.7154e-05, 9.1176e-05, 3.2322e-05, 7.6615e-06, 6.3721e-06,
        8.3850e-06, 7.1676e-05, 1.2986e-05, 3.1642e-05, 5.6384e-05, 4.4382e-05,
        3.5483e-05, 1.9107e-05, 2.6626e-05, 9.0118e-05, 4.3560e-05, 9.4486e-08,
        7.0723e-05, 2.2507e-05, 4.7273e-05, 8.7672e-05, 9.9924e-05, 6.3410e-05,
        2.3667e-05, 2.4055e-05, 6.1268e-05, 1.8348e-05, 9.0228e-06, 1.0194e-05,
        3.1231e-05, 5.4604e-05, 1.2976e-04, 9.8332e-05, 6.4199e-05, 5.0319e-06,
        1.9878e-05, 4.0712e-05, 7.7744e-05, 5.5916e-06, 1.0468e-05, 1.8994e-05,
        1.3131e-05, 1.4988e-04, 1.3857e-04, 8.5500e-05, 1.4688e-05, 5.9345e-05,
        4.1497e-05, 5.5702e-05, 2.1420e-05, 5.2596e-05, 4.3529e-05, 1.9811e-05,
        4.4422e-05, 9.8634e-06, 1.1797e-05, 1.0678e-04, 1.8562e-05, 5.1993e-05,
        1.7458e-05, 4.4057e-05, 7.5916e-07, 6.4939e-06, 4.5426e-05, 8.2525e-05,
        4.3430e-05, 1.6004e-04, 4.4992e-05, 5.1994e-05, 1.6085e-04, 6.8529e-05,
        3.9017e-06, 1.2232e-04, 1.1031e-04, 6.0305e-05, 5.4950e-05, 5.0114e-05,
        1.0777e-04, 7.5221e-06, 4.2947e-05, 3.1381e-05, 8.8091e-05, 1.1317e-04,
        2.4856e-05, 1.2590e-05, 3.0942e-05, 4.2269e-05, 1.2734e-06, 2.8368e-05,
        5.9108e-05, 2.6444e-05, 1.5614e-05, 2.9653e-05, 5.0321e-05],
       grad_fn=<CatBackward>)

mean_overall=tensor(5.0477e-05, grad_fn=<MeanBackward0>)

-----------------------------------------------ITERATION20-----------------------------------------------

final_causality=[[1, 1, 1, 1, 1, 1, 1, 1, 1, 1, 1, 1, 1], [1, 1, 1, 1, 1, 1, 1, 1, 1, 1, 1, 1, 1, 1, 1, 1, 1, 1, 1, 1, 1, 1, 1, 1, 1, 1, 1, 1, 1, 1, 1, 1, 1, 1, 1, 1, 1, 1, 1, 1, 1, 1, 1, 1, 1, 1, 1, 1, 1, 1], [1, 1, 1, 1, 1, 1, 1, 1, 1, 1, 1, 1, 1, 1, 1, 1, 1, 1, 1, 1, 1, 1, 1, 1, 1, 1, 1, 1, 1, 1, 1, 1, 1, 1, 1, 1, 1, 1, 1, 1, 1, 1, 1, 1, 1, 1, 1, 1, 1, 1]]

means=tensor([2.9190e-04, 0.0000e+00, 1.0909e-04, 0.0000e+00, 9.4032e-05, 4.3261e-05,
        1.0667e-05, 2.4875e-06, 4.6918e-05, 2.5429e-04, 1.9080e-04, 5.1552e-05,
        1.0249e-04, 3.7085e-05, 2.3052e-05, 5.6725e-05, 1.8609e-05, 3.1417e-06,
        1.0857e-05, 2.0480e-05, 9.9720e-05, 2.3129e-05, 1.9537e-05, 1.6122e-05,
        9.0983e-06, 8.8270e-05, 2.2122e-05, 4.3143e-05, 6.4523e-05, 5.3119e-05,
        2.3848e-05, 3.3111e-05, 4.4764e-05, 1.0562e-04, 3.2715e-05, 1.0720e-05,
        8.4171e-05, 3.4214e-05, 5.5743e-05, 9.8289e-05, 8.3473e-05, 7.7606e-05,
        1.5605e-05, 1.4914e-05, 6.6467e-05, 1.1484e-05, 2.1298e-05, 1.7391e-05,
        4.1900e-05, 6.3864e-05, 1.3779e-04, 1.0940e-04, 5.4029e-05, 8.8260e-06,
        5.0775e-06, 5.4422e-05, 8.3878e-05, 1.4472e-06, 4.5511e-06, 2.9591e-05,
        6.3225e-06, 1.3870e-04, 1.5364e-04, 8.5841e-05, 1.3298e-05, 5.7694e-05,
        3.8600e-05, 5.6010e-05, 2.2525e-05, 5.1425e-05, 4.1371e-05, 2.2021e-05,
        4.2749e-05, 7.4034e-06, 1.4089e-05, 1.0788e-04, 1.6999e-05, 5.3331e-05,
        1.5446e-05, 4.5832e-05, 2.0794e-06, 2.8342e-06, 4.4791e-05, 8.4229e-05,
        4.3170e-05, 1.6044e-04, 4.3324e-05, 5.5838e-05, 1.6599e-04, 7.1232e-05,
        6.4669e-06, 1.2545e-04, 1.1265e-04, 5.9961e-05, 5.8988e-05, 5.0658e-05,
        1.0942e-04, 9.0243e-06, 4.5165e-05, 3.3838e-05, 8.5248e-05, 1.0956e-04,
        2.4439e-05, 1.4205e-05, 3.3233e-05, 4.0413e-05, 1.8093e-06, 2.8502e-05,
        5.4680e-05, 2.4010e-05, 1.8348e-05, 2.8461e-05, 4.9238e-05],
       grad_fn=<CatBackward>)

mean_overall=tensor(5.3286e-05, grad_fn=<MeanBackward0>)

-----------------------------------------------ITERATION30-----------------------------------------------

final_causality=[[1, 1, 1, 1, 1, 1, 1, 1, 1, 1, 1, 1, 1], [1, 1, 1, 1, 1, 1, 1, 1, 1, 1, 1, 1, 1, 1, 1, 1, 1, 1, 1, 1, 1, 1, 1, 1, 1, 1, 1, 1, 1, 1, 1, 1, 1, 1, 1, 1, 1, 1, 1, 1, 1, 1, 1, 1, 1, 1, 1, 1, 1, 1], [1, 1, 1, 1, 1, 1, 1, 1, 1, 1, 1, 1, 1, 1, 1, 1, 1, 1, 1, 1, 1, 1, 1, 1, 1, 1, 1, 1, 1, 1, 1, 1, 1, 1, 1, 1, 1, 1, 1, 1, 1, 1, 1, 1, 1, 1, 1, 1, 1, 1]]

means=tensor([2.6855e-04, 0.0000e+00, 1.0175e-04, 0.0000e+00, 9.2555e-05, 4.6691e-05,
        5.3829e-06, 1.5482e-06, 3.2111e-05, 2.5042e-04, 1.8940e-04, 5.5125e-05,
        9.9099e-05, 3.5442e-05, 2.6899e-05, 5.9867e-05, 1.6357e-05, 5.6387e-06,
        9.2074e-06, 1.9817e-05, 9.7484e-05, 2.5502e-05, 1.6556e-05, 1.3780e-05,
        4.4671e-06, 8.3187e-05, 1.9067e-05, 4.0472e-05, 6.1834e-05, 5.0120e-05,
        2.6510e-05, 3.0345e-05, 3.9584e-05, 1.0128e-04, 3.5520e-05, 7.7220e-06,
        7.9741e-05, 3.1479e-05, 5.2995e-05, 9.4712e-05, 8.7405e-05, 7.3617e-05,
        1.7437e-05, 1.7264e-05, 6.4888e-05, 1.3229e-05, 1.7941e-05, 1.5786e-05,
        3.9110e-05, 6.0838e-05, 1.3591e-04, 1.0642e-04, 5.6543e-05, 7.3398e-06,
        8.6722e-06, 5.0579e-05, 8.2464e-05, 2.6194e-07, 6.1821e-06, 2.6915e-05,
        8.0404e-06, 1.4103e-04, 1.4866e-04, 8.5599e-05, 1.3639e-05, 5.7756e-05,
        3.9109e-05, 5.5094e-05, 2.2263e-05, 5.1701e-05, 4.1580e-05, 2.1191e-05,
        4.3369e-05, 7.8345e-06, 1.3276e-05, 1.0733e-04, 1.6843e-05, 5.3084e-05,
        1.5847e-05, 4.5871e-05, 1.4073e-06, 3.6400e-06, 4.5046e-05, 8.4143e-05,
        4.2259e-05, 1.5992e-04, 4.3038e-05, 5.4046e-05, 1.6465e-04, 7.0433e-05,
        5.7841e-06, 1.2378e-04, 1.1263e-04, 5.9827e-05, 5.7067e-05, 5.0478e-05,
        1.0750e-04, 8.4510e-06, 4.4487e-05, 3.2284e-05, 8.5332e-05, 1.1035e-04,
        2.4313e-05, 1.3848e-05, 3.2848e-05, 4.0700e-05, 1.1075e-06, 2.7370e-05,
        5.5669e-05, 2.5228e-05, 1.7469e-05, 2.8758e-05, 4.9939e-05],
       grad_fn=<CatBackward>)

mean_overall=tensor(5.2123e-05, grad_fn=<MeanBackward0>)

-----------------------------------------------ITERATION40-----------------------------------------------

final_causality=[[1, 1, 1, 1, 1, 1, 1, 1, 1, 1, 1, 1, 1], [1, 1, 1, 1, 1, 1, 1, 1, 1, 1, 1, 1, 1, 1, 1, 1, 1, 1, 1, 1, 1, 1, 1, 1, 1, 1, 1, 1, 1, 1, 1, 1, 1, 1, 1, 1, 1, 1, 1, 1, 1, 1, 1, 1, 1, 1, 1, 1, 1, 1], [1, 1, 1, 1, 1, 1, 1, 1, 1, 1, 1, 1, 1, 1, 1, 1, 1, 1, 1, 1, 1, 1, 1, 1, 1, 1, 1, 1, 1, 1, 1, 1, 1, 1, 1, 1, 1, 1, 1, 1, 1, 1, 1, 1, 1, 1, 1, 1, 1, 1]]

means=tensor([2.3875e-04, 0.0000e+00, 9.3526e-05, 0.0000e+00, 9.3120e-05, 5.0305e-05,
        2.4403e-06, 9.8453e-07, 1.2714e-05, 2.4059e-04, 1.8457e-04, 5.6488e-05,
        9.8151e-05, 3.2832e-05, 3.3316e-05, 6.4956e-05, 1.3345e-05, 9.7947e-06,
        6.4903e-06, 1.8570e-05, 9.3834e-05, 2.9431e-05, 1.1560e-05, 9.8309e-06,
        2.4593e-06, 7.5491e-05, 1.4805e-05, 3.5685e-05, 5.7822e-05, 4.5796e-05,
        3.1058e-05, 2.5168e-05, 3.1512e-05, 9.4346e-05, 4.0149e-05, 3.0814e-06,
        7.3123e-05, 2.6492e-05, 4.8977e-05, 8.9409e-05, 9.4044e-05, 6.7293e-05,
        2.0518e-05, 2.1089e-05, 6.2500e-05, 1.6080e-05, 1.2648e-05, 1.2880e-05,
        3.4437e-05, 5.6315e-05, 1.3279e-04, 1.0160e-04, 6.0795e-05, 5.5170e-06,
        1.4684e-05, 4.4357e-05, 8.0034e-05, 2.7741e-06, 8.7702e-06, 2.2359e-05,
        1.0841e-05, 1.4507e-04, 1.4127e-04, 8.5264e-05, 1.4238e-05, 5.8121e-05,
        4.0129e-05, 5.4129e-05, 2.1785e-05, 5.2217e-05, 4.2090e-05, 2.0168e-05,
        4.4259e-05, 8.7033e-06, 1.2163e-05, 1.0658e-04, 1.7008e-05, 5.2579e-05,
        1.6584e-05, 4.5656e-05, 2.6248e-07, 5.0910e-06, 4.5382e-05, 8.3634e-05,
        4.1603e-05, 1.5915e-04, 4.3147e-05, 5.1739e-05, 1.6244e-04, 6.9162e-05,
        4.6512e-06, 1.2175e-04, 1.1213e-04, 5.9820e-05, 5.4775e-05, 5.0108e-05,
        1.0544e-04, 7.6276e-06, 4.3444e-05, 3.0478e-05, 8.5960e-05, 1.1178e-04,
        2.4208e-05, 1.3157e-05, 3.1962e-05, 4.1282e-05, 1.3224e-07, 2.6985e-05,
        5.7476e-05, 2.6728e-05, 1.6143e-05, 2.9243e-05, 5.0761e-05],
       grad_fn=<CatBackward>)

mean_overall=tensor(5.0610e-05, grad_fn=<MeanBackward0>)

-----------------------------------------------ITERATION50-----------------------------------------------

final_causality=[[1, 1, 1, 1, 1, 1, 1, 1, 1, 1, 1, 1, 1], [1, 1, 1, 1, 1, 1, 1, 1, 1, 1, 1, 1, 1, 1, 1, 1, 1, 1, 1, 1, 1, 1, 1, 1, 1, 1, 1, 1, 1, 1, 1, 1, 1, 1, 1, 1, 1, 1, 1, 1, 1, 1, 1, 1, 1, 1, 1, 1, 1, 1], [1, 1, 1, 1, 1, 1, 1, 1, 1, 1, 1, 1, 1, 1, 1, 1, 1, 1, 1, 1, 1, 1, 1, 1, 1, 1, 1, 1, 1, 1, 1, 1, 1, 1, 1, 1, 1, 1, 1, 1, 1, 1, 1, 1, 1, 1, 1, 1, 1, 1]]

means=tensor([2.3451e-04, 0.0000e+00, 9.3228e-05, 0.0000e+00, 9.2233e-05, 4.9446e-05,
        1.9775e-06, 1.9821e-06, 1.3930e-05, 2.4392e-04, 1.8574e-04, 5.6186e-05,
        9.4701e-05, 3.3306e-05, 3.2759e-05, 6.4650e-05, 1.3453e-05, 9.1880e-06,
        6.9007e-06, 1.8926e-05, 9.4453e-05, 2.9023e-05, 1.2196e-05, 1.0519e-05,
        1.6208e-06, 7.6294e-05, 1.5132e-05, 3.6495e-05, 5.7989e-05, 4.6023e-05,
        3.0126e-05, 2.6617e-05, 3.2286e-05, 9.5179e-05, 3.9601e-05, 3.5218e-06,
        7.3455e-05, 2.7234e-05, 4.9374e-05, 8.9641e-05, 9.2823e-05, 6.8136e-05,
        1.9793e-05, 2.0377e-05, 6.2802e-05, 1.5642e-05, 1.3245e-05, 1.3386e-05,
        3.5050e-05, 5.6578e-05, 1.3372e-04, 1.0239e-04, 6.0284e-05, 5.6294e-06,
        1.3584e-05, 4.4906e-05, 8.0658e-05, 2.2012e-06, 8.5218e-06, 2.2939e-05,
        1.0459e-05, 1.4388e-04, 1.4172e-04, 8.4845e-05, 1.4196e-05, 5.7876e-05,
        3.9966e-05, 5.3792e-05, 2.1870e-05, 5.2050e-05, 4.1834e-05, 2.0201e-05,
        4.4145e-05, 8.5400e-06, 1.2212e-05, 1.0670e-04, 1.6752e-05, 5.2690e-05,
        1.6437e-05, 4.5990e-05, 4.0526e-07, 4.8907e-06, 4.5363e-05, 8.3825e-05,
        4.1286e-05, 1.5931e-04, 4.2873e-05, 5.1642e-05, 1.6254e-04, 6.9320e-05,
        4.7579e-06, 1.2161e-04, 1.1224e-04, 5.9766e-05, 5.4633e-05, 5.0116e-05,
        1.0496e-04, 7.6959e-06, 4.3480e-05, 3.0366e-05, 8.5487e-05, 1.1160e-04,
        2.4260e-05, 1.3292e-05, 3.2140e-05, 4.1179e-05, 3.3947e-08, 2.6671e-05,
        5.7409e-05, 2.6741e-05, 1.6253e-05, 2.9148e-05, 5.0828e-05],
       grad_fn=<CatBackward>)

mean_overall=tensor(5.0609e-05, grad_fn=<MeanBackward0>)

-----------------------------------------------ITERATION60-----------------------------------------------

final_causality=[[1, 1, 1, 1, 1, 1, 1, 1, 1, 1, 1, 1, 1], [1, 1, 1, 1, 1, 1, 1, 1, 1, 1, 1, 1, 1, 1, 1, 1, 1, 1, 1, 1, 1, 1, 1, 1, 1, 1, 1, 1, 1, 1, 1, 1, 1, 1, 1, 1, 1, 1, 1, 1, 1, 1, 1, 1, 1, 1, 1, 1, 1, 1], [1, 1, 1, 1, 1, 1, 1, 1, 1, 1, 1, 1, 1, 1, 1, 1, 1, 1, 1, 1, 1, 1, 1, 1, 1, 1, 1, 1, 1, 1, 1, 1, 1, 1, 1, 1, 1, 1, 1, 1, 1, 1, 1, 1, 1, 1, 1, 1, 1, 1]]

means=tensor([2.3567e-04, 0.0000e+00, 9.4757e-05, 0.0000e+00, 9.0985e-05, 4.7475e-05,
        1.2188e-06, 2.8688e-06, 2.0037e-05, 2.5066e-04, 1.8843e-04, 5.5442e-05,
        9.0346e-05, 3.4515e-05, 3.0567e-05, 6.3084e-05, 1.4291e-05, 7.4377e-06,
        8.0684e-06, 1.9689e-05, 9.6119e-05, 2.7594e-05, 1.4188e-05, 1.2345e-05,
        2.7582e-07, 7.9151e-05, 1.6546e-05, 3.8683e-05, 5.9143e-05, 4.7333e-05,
        2.7874e-05, 2.9758e-05, 3.5169e-05, 9.7896e-05, 3.7824e-05, 5.1601e-06,
        7.5445e-05, 2.9391e-05, 5.0842e-05, 9.1192e-05, 8.9710e-05, 7.0713e-05,
        1.8147e-05, 1.8561e-05, 6.3766e-05, 1.4416e-05, 1.5248e-05, 1.4743e-05,
        3.6954e-05, 5.7981e-05, 1.3568e-04, 1.0457e-04, 5.8649e-05, 6.1298e-06,
        1.0761e-05, 4.7069e-05, 8.2048e-05, 7.5673e-07, 7.6024e-06, 2.4768e-05,
        9.3244e-06, 1.4143e-04, 1.4405e-04, 8.4340e-05, 1.4002e-05, 5.7480e-05,
        3.9550e-05, 5.3615e-05, 2.2097e-05, 5.1705e-05, 4.1410e-05, 2.0429e-05,
        4.3776e-05, 8.1402e-06, 1.2532e-05, 1.0708e-04, 1.6411e-05, 5.2955e-05,
        1.6087e-05, 4.6473e-05, 8.5498e-07, 4.2978e-06, 4.5253e-05, 8.4185e-05,
        4.1058e-05, 1.5976e-04, 4.2517e-05, 5.2064e-05, 1.6314e-04, 6.9830e-05,
        5.1675e-06, 1.2191e-04, 1.1245e-04, 5.9704e-05, 5.4735e-05, 5.0233e-05,
        1.0485e-04, 7.9930e-06, 4.3763e-05, 3.0667e-05, 8.4749e-05, 1.1106e-04,
        2.4388e-05, 1.3638e-05, 3.2586e-05, 4.0935e-05, 5.4524e-07, 2.6351e-05,
        5.6941e-05, 2.6387e-05, 1.6709e-05, 2.8909e-05, 5.0716e-05],
       grad_fn=<CatBackward>)

mean_overall=tensor(5.0947e-05, grad_fn=<MeanBackward0>)

-----------------------------------------------ITERATION70-----------------------------------------------

final_causality=[[1, 1, 1, 1, 1, 1, 1, 1, 1, 1, 1, 1, 1], [1, 1, 1, 1, 1, 1, 1, 1, 1, 1, 1, 1, 1, 1, 1, 1, 1, 1, 1, 1, 1, 1, 1, 1, 1, 1, 1, 1, 1, 1, 1, 1, 1, 1, 1, 1, 1, 1, 1, 1, 1, 1, 1, 1, 1, 1, 1, 1, 1, 1], [1, 1, 1, 1, 1, 1, 1, 1, 1, 1, 1, 1, 1, 1, 1, 1, 1, 1, 1, 1, 1, 1, 1, 1, 1, 1, 1, 1, 1, 1, 1, 1, 1, 1, 1, 1, 1, 1, 1, 1, 1, 1, 1, 1, 1, 1, 1, 1, 1, 1]]

means=tensor([2.2598e-04, 0.0000e+00, 9.3289e-05, 0.0000e+00, 9.0737e-05, 4.7053e-05,
        1.7887e-07, 4.4998e-06, 1.7913e-05, 2.5172e-04, 1.8830e-04, 5.4711e-05,
        8.7184e-05, 3.4464e-05, 3.1456e-05, 6.3920e-05, 1.3875e-05, 7.7322e-06,
        7.9155e-06, 1.9784e-05, 9.5993e-05, 2.8070e-05, 1.3773e-05, 1.2232e-05,
        5.0003e-09, 7.8476e-05, 1.6099e-05, 3.8459e-05, 5.8522e-05, 4.6753e-05,
        2.7944e-05, 3.0213e-05, 3.4338e-05, 9.7325e-05, 3.8294e-05, 4.6531e-06,
        7.4504e-05, 2.9062e-05, 5.0501e-05, 9.0406e-05, 8.9961e-05, 7.0301e-05,
        1.8095e-05, 1.8645e-05, 6.3624e-05, 1.4599e-05, 1.4778e-05, 1.4656e-05,
        3.6599e-05, 5.7365e-05, 1.3602e-04, 1.0439e-04, 5.9112e-05, 5.9443e-06,
        1.0950e-05, 4.6309e-05, 8.2178e-05, 8.3082e-07, 7.9077e-06, 2.4405e-05,
        9.5628e-06, 1.4117e-04, 1.4309e-04, 8.3802e-05, 1.4103e-05, 5.7368e-05,
        3.9673e-05, 5.3173e-05, 2.2079e-05, 5.1660e-05, 4.1322e-05, 2.0290e-05,
        4.3822e-05, 8.2016e-06, 1.2376e-05, 1.0714e-04, 1.6288e-05, 5.2939e-05,
        1.6125e-05, 4.6687e-05, 7.5431e-07, 4.4308e-06, 4.5295e-05, 8.4203e-05,
        4.0766e-05, 1.5987e-04, 4.2400e-05, 5.1589e-05, 1.6275e-04, 6.9740e-05,
        5.0598e-06, 1.2146e-04, 1.1232e-04, 5.9687e-05, 5.4360e-05, 5.0182e-05,
        1.0413e-04, 7.9329e-06, 4.3584e-05, 3.0317e-05, 8.4500e-05, 1.1124e-04,
        2.4478e-05, 1.3627e-05, 3.2555e-05, 4.1011e-05, 4.4638e-07, 2.6020e-05,
        5.7346e-05, 2.6622e-05, 1.6567e-05, 2.8922e-05, 5.0896e-05],
       grad_fn=<CatBackward>)

mean_overall=tensor(5.0698e-05, grad_fn=<MeanBackward0>)

-----------------------------------------------ITERATION80-----------------------------------------------

final_causality=[[1, 1, 1, 1, 1, 1, 1, 1, 1, 1, 1, 1, 1], [1, 1, 1, 1, 1, 1, 1, 1, 1, 1, 1, 1, 1, 1, 1, 1, 1, 1, 1, 1, 1, 1, 1, 1, 1, 1, 1, 1, 1, 1, 1, 1, 1, 1, 1, 1, 1, 1, 1, 1, 1, 1, 1, 1, 1, 1, 1, 1, 1, 1], [1, 1, 1, 1, 1, 1, 1, 1, 1, 1, 1, 1, 1, 1, 1, 1, 1, 1, 1, 1, 1, 1, 1, 1, 1, 1, 1, 1, 1, 1, 1, 1, 1, 1, 1, 1, 1, 1, 1, 1, 1, 1, 1, 1, 1, 1, 1, 1, 1, 1]]

means=tensor([2.1480e-04, 0.0000e+00, 9.1487e-05, 0.0000e+00, 9.0628e-05, 4.6734e-05,
        1.6109e-06, 6.3008e-06, 1.4894e-05, 2.5221e-04, 1.8785e-04, 5.3868e-05,
        8.4029e-05, 3.4278e-05, 3.2732e-05, 6.5067e-05, 1.3322e-05, 8.2575e-06,
        7.6177e-06, 1.9817e-05, 9.5675e-05, 2.8779e-05, 1.3084e-05, 1.1916e-05,
        1.1594e-06, 7.7413e-05, 1.5450e-05, 3.7965e-05, 5.7689e-05, 4.5958e-05,
        2.8261e-05, 3.0432e-05, 3.3091e-05, 9.6383e-05, 3.9029e-05, 3.8990e-06,
        7.3218e-05, 2.8445e-05, 4.9963e-05, 8.9341e-05, 9.0581e-05, 6.9560e-05,
        1.8205e-05, 1.8927e-05, 6.3438e-05, 1.4941e-05, 1.4033e-05, 1.4414e-05,
        3.5986e-05, 5.6513e-05, 1.3621e-04, 1.0396e-04, 5.9829e-05, 5.6786e-06,
        1.1462e-05, 4.5203e-05, 8.2185e-05, 1.0660e-06, 8.3604e-06, 2.3794e-05,
        9.9605e-06, 1.4113e-04, 1.4174e-04, 8.3227e-05, 1.4244e-05, 5.7284e-05,
        3.9864e-05, 5.2684e-05, 2.2033e-05, 5.1647e-05, 4.1264e-05, 2.0106e-05,
        4.3912e-05, 8.3171e-06, 1.2166e-05, 1.0717e-04, 1.6187e-05, 5.2891e-05,
        1.6207e-05, 4.6878e-05, 5.9070e-07, 4.6501e-06, 4.5357e-05, 8.4179e-05,
        4.0467e-05, 1.5995e-04, 4.2314e-05, 5.1007e-05, 1.6224e-04, 6.9583e-05,
        4.8947e-06, 1.2092e-04, 1.1214e-04, 5.9677e-05, 5.3920e-05, 5.0111e-05,
        1.0333e-04, 7.8352e-06, 4.3349e-05, 2.9895e-05, 8.4293e-05, 1.1152e-04,
        2.4572e-05, 1.3577e-05, 3.2470e-05, 4.1129e-05, 2.7787e-07, 2.5672e-05,
        5.7874e-05, 2.6921e-05, 1.6358e-05, 2.8964e-05, 5.1110e-05],
       grad_fn=<CatBackward>)

mean_overall=tensor(5.0416e-05, grad_fn=<MeanBackward0>)

-----------------------------------------------ITERATION90-----------------------------------------------

final_causality=[[1, 1, 1, 1, 1, 1, 1, 1, 1, 1, 1, 1, 1], [1, 1, 1, 1, 1, 1, 1, 1, 1, 1, 1, 1, 1, 1, 1, 1, 1, 1, 1, 1, 1, 1, 1, 1, 1, 1, 1, 1, 1, 1, 1, 1, 1, 1, 1, 1, 1, 1, 1, 1, 1, 1, 1, 1, 1, 1, 1, 1, 1, 1], [1, 1, 1, 1, 1, 1, 1, 1, 1, 1, 1, 1, 1, 1, 1, 1, 1, 1, 1, 1, 1, 1, 1, 1, 1, 1, 1, 1, 1, 1, 1, 1, 1, 1, 1, 1, 1, 1, 1, 1, 1, 1, 1, 1, 1, 1, 1, 1, 1, 1]]

means=tensor([2.0733e-04, 0.0000e+00, 9.0894e-05, 0.0000e+00, 9.0121e-05, 4.5651e-05,
        1.4515e-06, 8.0042e-06, 1.5329e-05, 2.5532e-04, 1.8859e-04, 5.2854e-05,
        8.0022e-05, 3.4643e-05, 3.2767e-05, 6.5260e-05, 1.3282e-05, 7.9250e-06,
        7.8826e-06, 2.0156e-05, 9.6134e-05, 2.8713e-05, 1.3404e-05, 1.2440e-05,
        1.0170e-06, 7.7840e-05, 1.5576e-05, 3.8507e-05, 5.7575e-05, 4.5938e-05,
        2.7581e-05, 3.1903e-05, 3.3386e-05, 9.6830e-05, 3.8839e-05, 4.0291e-06,
        7.3131e-05, 2.8887e-05, 5.0195e-05, 8.9230e-05, 8.9767e-05, 7.0096e-05,
        1.7621e-05, 1.8391e-05, 6.3840e-05, 1.4687e-05, 1.4321e-05, 1.4803e-05,
        3.6331e-05, 5.6487e-05, 1.3717e-04, 1.0455e-04, 5.9687e-05, 5.6965e-06,
        1.0684e-05, 4.5297e-05, 8.2765e-05, 6.4725e-07, 8.3112e-06, 2.4106e-05,
        9.7885e-06, 1.4013e-04, 1.4174e-04, 8.2598e-05, 1.4266e-05, 5.7072e-05,
        3.9848e-05, 5.2287e-05, 2.2095e-05, 5.1496e-05, 4.1066e-05, 2.0065e-05,
        4.3820e-05, 8.2454e-06, 1.2149e-05, 1.0736e-04, 1.5997e-05, 5.2964e-05,
        1.6130e-05, 4.7203e-05, 6.5563e-07, 4.5697e-06, 4.5352e-05, 8.4298e-05,
        4.0190e-05, 1.6022e-04, 4.2130e-05, 5.0779e-05, 1.6212e-04, 6.9684e-05,
        4.9465e-06, 1.2067e-04, 1.1206e-04, 5.9650e-05, 5.3650e-05, 5.0115e-05,
        1.0275e-04, 7.8959e-06, 4.3295e-05, 2.9741e-05, 8.3861e-05, 1.1150e-04,
        2.4708e-05, 1.3684e-05, 3.2592e-05, 4.1124e-05, 3.6348e-07, 2.5305e-05,
        5.8079e-05, 2.6974e-05, 1.6399e-05, 2.8896e-05, 5.1208e-05],
       grad_fn=<CatBackward>)

mean_overall=tensor(5.0351e-05, grad_fn=<MeanBackward0>)

-----------------------------------------------ITERATION100-----------------------------------------------

final_causality=[[1, 1, 1, 1, 1, 1, 1, 1, 1, 1, 1, 1, 1], [1, 1, 1, 1, 1, 1, 1, 1, 1, 1, 1, 1, 1, 1, 1, 1, 1, 1, 1, 1, 1, 1, 1, 1, 1, 1, 1, 1, 1, 1, 1, 1, 1, 1, 1, 1, 1, 1, 1, 1, 1, 1, 1, 1, 1, 1, 1, 1, 1, 1], [1, 1, 1, 1, 1, 1, 1, 1, 1, 1, 1, 1, 1, 1, 1, 1, 1, 1, 1, 1, 1, 1, 1, 1, 1, 1, 1, 1, 1, 1, 1, 1, 1, 1, 1, 1, 1, 1, 1, 1, 1, 1, 1, 1, 1, 1, 1, 1, 1, 1]]

means=tensor([1.9861e-04, 0.0000e+00, 9.0024e-05, 0.0000e+00, 8.9683e-05, 4.4644e-05,
        1.5388e-06, 9.8511e-06, 1.5100e-05, 2.5811e-04, 1.8913e-04, 5.1787e-05,
        7.5919e-05, 3.4919e-05, 3.3071e-05, 6.5672e-05, 1.3137e-05, 7.7509e-06,
        8.0501e-06, 2.0459e-05, 9.6465e-05, 2.8809e-05, 1.3537e-05, 1.2829e-05,
        1.2481e-06, 7.7993e-05, 1.5555e-05, 3.8872e-05, 5.7310e-05, 4.5760e-05,
        2.7066e-05, 3.3240e-05, 3.3387e-05, 9.7022e-05, 3.8833e-05, 3.9845e-06,
        7.2797e-05, 2.9139e-05, 5.0288e-05, 8.8917e-05, 8.9200e-05, 7.0407e-05,
        1.7145e-05, 1.7993e-05, 6.4184e-05, 1.4541e-05, 1.4415e-05, 1.5093e-05,
        3.6503e-05, 5.6291e-05, 1.3804e-04, 1.0497e-04, 5.9719e-05, 5.6587e-06,
        1.0126e-05, 4.5148e-05, 8.3268e-05, 3.3675e-07, 8.3654e-06, 2.4250e-05,
        9.7258e-06, 1.3926e-04, 1.4148e-04, 8.1937e-05, 1.4314e-05, 5.6874e-05,
        3.9879e-05, 5.1848e-05, 2.2140e-05, 5.1366e-05, 4.0888e-05, 1.9992e-05,
        4.3760e-05, 8.2096e-06, 1.2092e-05, 1.0754e-04, 1.5816e-05, 5.3019e-05,
        1.6083e-05, 4.7521e-05, 6.7708e-07, 4.5475e-06, 4.5359e-05, 8.4391e-05,
        3.9896e-05, 1.6048e-04, 4.1959e-05, 5.0468e-05, 1.6191e-04, 6.9738e-05,
        4.9570e-06, 1.2035e-04, 1.1196e-04, 5.9624e-05, 5.3327e-05, 5.0106e-05,
        1.0209e-04, 7.9289e-06, 4.3201e-05, 2.9524e-05, 8.3450e-05, 1.1155e-04,
        2.4847e-05, 1.3766e-05, 3.2682e-05, 4.1148e-05, 4.0141e-07, 2.4920e-05,
        5.8372e-05, 2.7078e-05, 1.6391e-05, 2.8846e-05, 5.1336e-05],
       grad_fn=<CatBackward>)

mean_overall=tensor(5.0241e-05, grad_fn=<MeanBackward0>)

-----------------------------------------------ITERATION110-----------------------------------------------

final_causality=[[1, 1, 1, 1, 1, 1, 1, 1, 1, 1, 1, 1, 1], [1, 1, 1, 1, 1, 1, 1, 1, 1, 1, 1, 1, 1, 1, 1, 1, 1, 1, 1, 1, 1, 1, 1, 1, 1, 1, 1, 1, 1, 1, 1, 1, 1, 1, 1, 1, 1, 1, 1, 1, 1, 1, 1, 1, 1, 1, 1, 1, 1, 1], [1, 1, 1, 1, 1, 1, 1, 1, 1, 1, 1, 1, 1, 1, 1, 1, 1, 1, 1, 1, 1, 1, 1, 1, 1, 1, 1, 1, 1, 1, 1, 1, 1, 1, 1, 1, 1, 1, 1, 1, 1, 1, 1, 1, 1, 1, 1, 1, 1, 1]]

means=tensor([1.8823e-04, 0.0000e+00, 8.8723e-05, 0.0000e+00, 8.9361e-05, 4.3813e-05,
        2.0365e-06, 1.1840e-05, 1.3763e-05, 2.6025e-04, 1.8932e-04, 5.0692e-05,
        7.1835e-05, 3.5037e-05, 3.3810e-05, 6.6432e-05, 1.2828e-05, 7.8443e-06,
        8.0486e-06, 2.0687e-05, 9.6568e-05, 2.9168e-05, 1.3353e-05, 1.2977e-05,
        2.0890e-06, 7.7685e-05, 1.5290e-05, 3.8925e-05, 5.6802e-05, 4.5327e-05,
        2.6842e-05, 3.4288e-05, 3.2903e-05, 9.6780e-05, 3.9129e-05, 3.6526e-06,
        7.2063e-05, 2.9060e-05, 5.0144e-05, 8.8281e-05, 8.9063e-05, 7.0332e-05,
        1.6865e-05, 1.7834e-05, 6.4428e-05, 1.4579e-05, 1.4187e-05, 1.5200e-05,
        3.6376e-05, 5.5820e-05, 1.3873e-04, 1.0509e-04, 6.0038e-05, 5.5289e-06,
        9.9483e-06, 4.4606e-05, 8.3622e-05, 2.1726e-07, 8.5891e-06, 2.4107e-05,
        9.8457e-06, 1.3866e-04, 1.4076e-04, 8.1251e-05, 1.4405e-05, 5.6707e-05,
        3.9981e-05, 5.1353e-05, 2.2152e-05, 5.1273e-05, 4.0744e-05, 1.9869e-05,
        4.3755e-05, 8.2327e-06, 1.1971e-05, 1.0768e-04, 1.5655e-05, 5.3037e-05,
        1.6085e-05, 4.7816e-05, 6.2604e-07, 4.6222e-06, 4.5389e-05, 8.4438e-05,
        3.9580e-05, 1.6070e-04, 4.1813e-05, 5.0030e-05, 1.6158e-04, 6.9714e-05,
        4.8991e-06, 1.1992e-04, 1.1182e-04, 5.9602e-05, 5.2930e-05, 5.0074e-05,
        1.0133e-04, 7.9131e-06, 4.3045e-05, 2.9210e-05, 8.3086e-05, 1.1170e-04,
        2.4981e-05, 1.3801e-05, 3.2714e-05, 4.1219e-05, 3.5939e-07, 2.4518e-05,
        5.8793e-05, 2.7267e-05, 1.6302e-05, 2.8828e-05, 5.1509e-05],
       grad_fn=<CatBackward>)

mean_overall=tensor(5.0058e-05, grad_fn=<MeanBackward0>)

-----------------------------------------------ITERATION120-----------------------------------------------

final_causality=[[1, 1, 1, 1, 1, 1, 1, 1, 1, 1, 1, 1, 1], [1, 1, 1, 1, 1, 1, 1, 1, 1, 1, 1, 1, 1, 1, 1, 1, 1, 1, 1, 1, 1, 1, 1, 1, 1, 1, 1, 1, 1, 1, 1, 1, 1, 1, 1, 1, 1, 1, 1, 1, 1, 1, 1, 1, 1, 1, 1, 1, 1, 1], [1, 1, 1, 1, 1, 1, 1, 1, 1, 1, 1, 1, 1, 1, 1, 1, 1, 1, 1, 1, 1, 1, 1, 1, 1, 1, 1, 1, 1, 1, 1, 1, 1, 1, 1, 1, 1, 1, 1, 1, 1, 1, 1, 1, 1, 1, 1, 1, 1, 1]]

means=tensor([1.7825e-04, 1.3878e-17, 8.7624e-05, 1.3878e-17, 8.8944e-05, 4.2793e-05,
        2.2908e-06, 1.3887e-05, 1.3102e-05, 2.6303e-04, 1.8978e-04, 4.9528e-05,
        6.7405e-05, 3.5277e-05, 3.4316e-05, 6.7021e-05, 1.2616e-05, 7.7621e-06,
        8.1663e-06, 2.0991e-05, 9.6840e-05, 2.9379e-05, 1.3376e-05, 1.3308e-05,
        2.5770e-06, 7.7678e-05, 1.5177e-05, 3.9200e-05, 5.6430e-05, 4.5041e-05,
        2.6403e-05, 3.5655e-05, 3.2726e-05, 9.6823e-05, 3.9242e-05, 3.4940e-06,
        7.1556e-05, 2.9204e-05, 5.0157e-05, 8.7823e-05, 8.8620e-05, 7.0524e-05,
        1.6433e-05, 1.7501e-05, 6.4862e-05, 1.4494e-05, 1.4167e-05, 1.5448e-05,
        3.6447e-05, 5.5506e-05, 1.3961e-04, 1.0542e-04, 6.0188e-05, 5.4553e-06,
        9.4966e-06, 4.4297e-05, 8.4112e-05, 4.3462e-08, 8.7162e-06, 2.4154e-05,
        9.8509e-06, 1.3784e-04, 1.4030e-04, 8.0531e-05, 1.4473e-05, 5.6507e-05,
        4.0046e-05, 5.0862e-05, 2.2189e-05, 5.1149e-05, 4.0567e-05, 1.9782e-05,
        4.3712e-05, 8.2177e-06, 1.1886e-05, 1.0786e-04, 1.5471e-05, 5.3084e-05,
        1.6056e-05, 4.8152e-05, 6.2096e-07, 4.6366e-06, 4.5405e-05, 8.4515e-05,
        3.9258e-05, 1.6096e-04, 4.1641e-05, 4.9653e-05, 1.6132e-04, 6.9742e-05,
        4.8842e-06, 1.1954e-04, 1.1169e-04, 5.9575e-05, 5.2555e-05, 5.0057e-05,
        1.0058e-04, 7.9299e-06, 4.2921e-05, 2.8941e-05, 8.2662e-05, 1.1179e-04,
        2.5130e-05, 1.3871e-05, 3.2793e-05, 4.1289e-05, 3.6895e-07, 2.4100e-05,
        5.9164e-05, 2.7410e-05, 1.6263e-05, 2.8786e-05, 5.1666e-05],
       grad_fn=<CatBackward>)

mean_overall=tensor(4.9917e-05, grad_fn=<MeanBackward0>)

-----------------------------------------------ITERATION130-----------------------------------------------

final_causality=[[1, 1, 1, 1, 1, 1, 1, 1, 1, 1, 1, 1, 1], [1, 1, 1, 1, 1, 1, 1, 1, 1, 1, 1, 1, 1, 1, 1, 1, 1, 1, 1, 1, 1, 1, 1, 1, 1, 1, 1, 1, 1, 1, 1, 1, 1, 1, 1, 1, 1, 1, 1, 1, 1, 1, 1, 1, 1, 1, 1, 1, 1, 1], [1, 1, 1, 1, 1, 1, 1, 1, 1, 1, 1, 1, 1, 1, 1, 1, 1, 1, 1, 1, 1, 1, 1, 1, 1, 1, 1, 1, 1, 1, 1, 1, 1, 1, 1, 1, 1, 1, 1, 1, 1, 1, 1, 1, 1, 1, 1, 1, 1, 1]]

means=tensor([1.6794e-04, 1.3878e-17, 8.6500e-05, 1.3878e-17, 8.8509e-05, 4.1718e-05,
        2.5360e-06, 1.6017e-05, 1.2477e-05, 2.6598e-04, 1.9028e-04, 4.8314e-05,
        6.2765e-05, 3.5537e-05, 3.4828e-05, 6.7624e-05, 1.2406e-05, 7.6634e-06,
        8.3001e-06, 2.1317e-05, 9.7137e-05, 2.9588e-05, 1.3417e-05, 1.3670e-05,
        3.0558e-06, 7.7701e-05, 1.5074e-05, 3.9507e-05, 5.6059e-05, 4.4759e-05,
        2.5931e-05, 3.7127e-05, 3.2574e-05, 9.6893e-05, 3.9347e-05, 3.3441e-06,
        7.1056e-05, 2.9372e-05, 5.0186e-05, 8.7366e-05, 8.8136e-05, 7.0749e-05,
        1.5975e-05, 1.7145e-05, 6.5323e-05, 1.4395e-05, 1.4166e-05, 1.5723e-05,
        3.6540e-05, 5.5194e-05, 1.4055e-04, 1.0579e-04, 6.0332e-05, 5.3853e-06,
        9.0068e-06, 4.3999e-05, 8.4634e-05, 8.5378e-09, 8.8420e-06, 2.4221e-05,
        9.8479e-06, 1.3697e-04, 1.3985e-04, 7.9781e-05, 1.4541e-05, 5.6298e-05,
        4.0112e-05, 5.0354e-05, 2.2230e-05, 5.1018e-05, 4.0383e-05, 1.9699e-05,
        4.3665e-05, 8.1994e-06, 1.1801e-05, 1.0805e-04, 1.5279e-05, 5.3136e-05,
        1.6024e-05, 4.8506e-05, 6.1943e-07, 4.6468e-06, 4.5419e-05, 8.4595e-05,
        3.8924e-05, 1.6124e-04, 4.1462e-05, 4.9299e-05, 1.6107e-04, 6.9776e-05,
        4.8961e-06, 1.1914e-04, 1.1156e-04, 5.9546e-05, 5.2168e-05, 5.0043e-05,
        9.9817e-05, 7.9499e-06, 4.2796e-05, 2.8666e-05, 8.2217e-05, 1.1188e-04,
        2.5286e-05, 1.3947e-05, 3.2883e-05, 4.1361e-05, 3.8296e-07, 2.3666e-05,
        5.9548e-05, 2.7555e-05, 1.6225e-05, 2.8739e-05, 5.1827e-05],
       grad_fn=<CatBackward>)

mean_overall=tensor(4.9778e-05, grad_fn=<MeanBackward0>)

-----------------------------------------------ITERATION140-----------------------------------------------

final_causality=[[1, 1, 1, 1, 1, 1, 1, 1, 1, 1, 1, 1, 1], [1, 1, 1, 1, 1, 1, 1, 1, 1, 1, 1, 1, 1, 1, 1, 1, 1, 1, 1, 1, 1, 1, 1, 1, 1, 1, 1, 1, 1, 1, 1, 1, 1, 1, 1, 1, 1, 1, 1, 1, 1, 1, 1, 1, 1, 1, 1, 1, 1, 1], [1, 1, 1, 1, 1, 1, 1, 1, 1, 1, 1, 1, 1, 1, 1, 1, 1, 1, 1, 1, 1, 1, 1, 1, 1, 1, 1, 1, 1, 1, 1, 1, 1, 1, 1, 1, 1, 1, 1, 1, 1, 1, 1, 1, 1, 1, 1, 1, 1, 1]]

means=tensor([1.5695e-04, 0.0000e+00, 8.5231e-05, 0.0000e+00, 8.8098e-05, 4.0665e-05,
        2.9016e-06, 1.8235e-05, 1.1542e-05, 2.6886e-04, 1.9071e-04, 4.7065e-05,
        5.8006e-05, 3.5763e-05, 3.5479e-05, 6.8344e-05, 1.2151e-05, 7.6360e-06,
        8.4172e-06, 2.1636e-05, 9.7381e-05, 2.9878e-05, 1.3376e-05, 1.3979e-05,
        3.7154e-06, 7.7602e-05, 1.4905e-05, 3.9737e-05, 5.5619e-05, 4.4403e-05,
        2.5528e-05, 3.8583e-05, 3.2293e-05, 9.6849e-05, 3.9539e-05, 3.1125e-06,
        7.0438e-05, 2.9453e-05, 5.0154e-05, 8.6812e-05, 8.7758e-05, 7.0878e-05,
        1.5560e-05, 1.6846e-05, 6.5770e-05, 1.4344e-05, 1.4078e-05, 1.5958e-05,
        3.6554e-05, 5.4802e-05, 1.4146e-04, 1.0609e-04, 6.0561e-05, 5.2900e-06,
        8.6098e-06, 4.3589e-05, 8.5131e-05, 9.1915e-08, 9.0195e-06, 2.4214e-05,
        9.8960e-06, 1.3616e-04, 1.3927e-04, 7.9008e-05, 1.4622e-05, 5.6092e-05,
        4.0201e-05, 4.9819e-05, 2.2264e-05, 5.0894e-05, 4.0205e-05, 1.9596e-05,
        4.3633e-05, 8.1968e-06, 1.1697e-05, 1.0823e-04, 1.5088e-05, 5.3181e-05,
        1.6005e-05, 4.8863e-05, 5.9809e-07, 4.6842e-06, 4.5440e-05, 8.4662e-05,
        3.8577e-05, 1.6151e-04, 4.1285e-05, 4.8907e-05, 1.6078e-04, 6.9789e-05,
        4.9019e-06, 1.1893e-04, 1.1142e-04, 5.9516e-05, 5.1752e-05, 5.0023e-05,
        9.9003e-05, 7.9566e-06, 4.2652e-05, 2.8357e-05, 8.1773e-05, 1.1199e-04,
        2.5445e-05, 1.4011e-05, 3.2962e-05, 4.1450e-05, 3.7541e-07, 2.3304e-05,
        5.9980e-05, 2.7727e-05, 1.6165e-05, 2.8700e-05, 5.2006e-05],
       grad_fn=<CatBackward>)

mean_overall=tensor(4.9621e-05, grad_fn=<MeanBackward0>)

-----------------------------------------------ITERATION150-----------------------------------------------

final_causality=[[1, 1, 1, 1, 1, 1, 1, 1, 1, 1, 1, 1, 1], [1, 1, 1, 1, 1, 1, 1, 1, 1, 1, 1, 1, 1, 1, 1, 1, 1, 1, 1, 1, 1, 1, 1, 1, 1, 1, 1, 1, 1, 1, 1, 1, 1, 1, 1, 1, 1, 1, 1, 1, 1, 1, 1, 1, 1, 1, 1, 1, 1, 1], [1, 1, 1, 1, 1, 1, 1, 1, 1, 1, 1, 1, 1, 1, 1, 1, 1, 1, 1, 1, 1, 1, 1, 1, 1, 1, 1, 1, 1, 1, 1, 1, 1, 1, 1, 1, 1, 1, 1, 1, 1, 1, 1, 1, 1, 1, 1, 1, 1, 1]]

means=tensor([1.4577e-04, 0.0000e+00, 8.3971e-05, 0.0000e+00, 8.7661e-05, 3.9543e-05,
        3.2267e-06, 2.0529e-05, 1.0731e-05, 2.7197e-04, 1.9121e-04, 4.5770e-05,
        5.3030e-05, 3.6023e-05, 3.6103e-05, 6.9051e-05, 1.1913e-05, 7.5714e-06,
        8.5681e-06, 2.2043e-05, 9.7671e-05, 3.0147e-05, 1.3378e-05, 1.4339e-05,
        4.3188e-06, 7.7569e-05, 1.4766e-05, 4.0025e-05, 5.5200e-05, 4.4071e-05,
        2.5070e-05, 4.0175e-05, 3.2075e-05, 9.6867e-05, 3.9699e-05, 2.9122e-06,
        6.9859e-05, 2.9586e-05, 5.0157e-05, 8.6284e-05, 8.7306e-05, 7.1072e-05,
        1.5105e-05, 1.6506e-05, 6.6251e-05, 1.4266e-05, 1.4035e-05, 1.6235e-05,
        3.6614e-05, 5.4435e-05, 1.4245e-04, 1.0644e-04, 6.0763e-05, 5.2060e-06,
        8.1451e-06, 4.3221e-05, 8.5674e-05, 2.1748e-07, 9.1830e-06, 2.4249e-05,
        9.9217e-06, 1.3529e-04, 1.3881e-04, 7.8208e-05, 1.4701e-05, 5.5874e-05,
        4.0286e-05, 4.9272e-05, 2.2305e-05, 5.0761e-05, 4.0016e-05, 1.9499e-05,
        4.3593e-05, 8.1862e-06, 1.1598e-05, 1.0843e-04, 1.4888e-05, 5.3235e-05,
        1.5981e-05, 4.9241e-05, 5.8597e-07, 4.7099e-06, 4.5458e-05, 8.4736e-05,
        3.8220e-05, 1.6180e-04, 4.1099e-05, 4.8519e-05, 1.6050e-04, 6.9814e-05,
        4.9170e-06, 1.1928e-04, 1.1128e-04, 5.9482e-05, 5.1330e-05, 5.0006e-05,
        9.8174e-05, 7.9704e-06, 4.2513e-05, 2.8050e-05, 8.1304e-05, 1.1210e-04,
        2.5612e-05, 1.4085e-05, 3.3056e-05, 4.1538e-05, 3.7853e-07, 2.3125e-05,
        6.0416e-05, 2.7894e-05, 1.6113e-05, 2.8654e-05, 5.2187e-05],
       grad_fn=<CatBackward>)

mean_overall=tensor(4.9480e-05, grad_fn=<MeanBackward0>)

-----------------------------------------------ITERATION160-----------------------------------------------

final_causality=[[1, 1, 1, 1, 1, 1, 1, 1, 1, 1, 1, 1, 1], [1, 1, 1, 1, 1, 1, 1, 1, 1, 1, 1, 1, 1, 1, 1, 1, 1, 1, 1, 1, 1, 1, 1, 1, 1, 1, 1, 1, 1, 1, 1, 1, 1, 1, 1, 1, 1, 1, 1, 1, 1, 1, 1, 1, 1, 1, 1, 1, 1, 1], [1, 1, 1, 1, 1, 1, 1, 1, 1, 1, 1, 1, 1, 1, 1, 1, 1, 1, 1, 1, 1, 1, 1, 1, 1, 1, 1, 1, 1, 1, 1, 1, 1, 1, 1, 1, 1, 1, 1, 1, 1, 1, 1, 1, 1, 1, 1, 1, 1, 1]]

means=tensor([1.3426e-04, 0.0000e+00, 8.2675e-05, 0.0000e+00, 8.7215e-05, 3.8382e-05,
        3.5606e-06, 2.2899e-05, 9.9126e-06, 2.7521e-04, 1.9174e-04, 4.4434e-05,
        4.7871e-05, 3.6296e-05, 3.6752e-05, 6.9787e-05, 1.1673e-05, 7.5032e-06,
        8.7293e-06, 2.2513e-05, 9.7974e-05, 3.0426e-05, 1.3386e-05, 1.4718e-05,
        4.9381e-06, 7.7545e-05, 1.4628e-05, 4.0329e-05, 5.4776e-05, 4.3734e-05,
        2.4597e-05, 4.1859e-05, 3.1864e-05, 9.6894e-05, 3.9864e-05, 2.7087e-06,
        6.9272e-05, 2.9727e-05, 5.0165e-05, 8.5746e-05, 8.6836e-05, 7.1282e-05,
        1.4637e-05, 1.6156e-05, 6.6752e-05, 1.4184e-05, 1.3997e-05, 1.6530e-05,
        3.6681e-05, 5.4062e-05, 1.4348e-04, 1.0681e-04, 6.0971e-05, 5.1224e-06,
        7.6630e-06, 4.2849e-05, 8.6241e-05, 5.3939e-07, 9.3527e-06, 2.4292e-05,
        9.9480e-06, 1.3439e-04, 1.3853e-04, 7.7384e-05, 1.4781e-05, 5.5650e-05,
        4.0376e-05, 4.8709e-05, 2.2348e-05, 5.0623e-05, 3.9823e-05, 1.9400e-05,
        4.3551e-05, 8.1750e-06, 1.1497e-05, 1.0863e-04, 1.4682e-05, 5.3293e-05,
        1.5957e-05, 4.9634e-05, 5.7416e-07, 4.7359e-06, 4.5476e-05, 8.4808e-05,
        3.7854e-05, 1.6211e-04, 4.0907e-05, 4.8124e-05, 1.6023e-04, 6.9840e-05,
        4.9334e-06, 1.1965e-04, 1.1114e-04, 5.9447e-05, 5.1303e-05, 4.9991e-05,
        9.7322e-05, 7.9850e-06, 4.2371e-05, 2.7733e-05, 8.0818e-05, 1.1221e-04,
        2.5785e-05, 1.4161e-05, 3.3160e-05, 4.1632e-05, 3.8239e-07, 2.2970e-05,
        6.0869e-05, 2.8065e-05, 1.6060e-05, 2.8606e-05, 5.2375e-05],
       grad_fn=<CatBackward>)

mean_overall=tensor(4.9345e-05, grad_fn=<MeanBackward0>)

-----------------------------------------------ITERATION170-----------------------------------------------

final_causality=[[1, 1, 1, 1, 1, 1, 1, 1, 1, 1, 1, 1, 1], [1, 1, 1, 1, 1, 1, 1, 1, 1, 1, 1, 1, 1, 1, 1, 1, 1, 1, 1, 1, 1, 1, 1, 1, 1, 1, 1, 1, 1, 1, 1, 1, 1, 1, 1, 1, 1, 1, 1, 1, 1, 1, 1, 1, 1, 1, 1, 1, 1, 1], [1, 1, 1, 1, 1, 1, 1, 1, 1, 1, 1, 1, 1, 1, 1, 1, 1, 1, 1, 1, 1, 1, 1, 1, 1, 1, 1, 1, 1, 1, 1, 1, 1, 1, 1, 1, 1, 1, 1, 1, 1, 1, 1, 1, 1, 1, 1, 1, 1, 1]]

means=tensor([1.2237e-04, 0.0000e+00, 8.1318e-05, 0.0000e+00, 8.6769e-05, 3.7199e-05,
        3.9300e-06, 2.5344e-05, 9.0162e-06, 2.7853e-04, 1.9228e-04, 4.3062e-05,
        4.2553e-05, 3.6570e-05, 3.7453e-05, 7.0571e-05, 1.1423e-05, 7.4500e-06,
        8.8889e-06, 2.3000e-05, 9.8275e-05, 3.0732e-05, 1.3378e-05, 1.5099e-05,
        5.6130e-06, 7.7499e-05, 1.4475e-05, 4.0627e-05, 5.4333e-05, 4.3377e-05,
        2.4129e-05, 4.3614e-05, 3.1626e-05, 9.6900e-05, 4.0054e-05, 2.4834e-06,
        6.8653e-05, 2.9853e-05, 5.0164e-05, 8.5178e-05, 8.6379e-05, 7.1481e-05,
        1.4170e-05, 1.5814e-05, 6.7263e-05, 1.4111e-05, 1.3941e-05, 1.6838e-05,
        3.6736e-05, 5.3665e-05, 1.4454e-04, 1.0718e-04, 6.1206e-05, 5.0334e-06,
        7.1914e-06, 4.2447e-05, 8.6818e-05, 8.5839e-07, 9.5400e-06, 2.4322e-05,
        9.9872e-06, 1.3356e-04, 1.3822e-04, 7.6538e-05, 1.4865e-05, 5.5421e-05,
        4.0476e-05, 4.8128e-05, 2.2391e-05, 5.0563e-05, 3.9627e-05, 1.9295e-05,
        4.3513e-05, 8.1671e-06, 1.1390e-05, 1.0884e-04, 1.4472e-05, 5.3352e-05,
        1.5937e-05, 5.0039e-05, 5.5778e-07, 4.7687e-06, 4.5496e-05, 8.4877e-05,
        3.7476e-05, 1.6242e-04, 4.0713e-05, 4.7715e-05, 1.5996e-04, 6.9863e-05,
        4.9465e-06, 1.2002e-04, 1.1099e-04, 5.9409e-05, 5.1369e-05, 4.9975e-05,
        9.6443e-05, 7.9967e-06, 4.2223e-05, 2.7402e-05, 8.0322e-05, 1.1233e-04,
        2.5963e-05, 1.4237e-05, 3.3267e-05, 4.1734e-05, 3.8152e-07, 2.2812e-05,
        6.1347e-05, 2.8245e-05, 1.6001e-05, 2.8558e-05, 5.2572e-05],
       grad_fn=<CatBackward>)

mean_overall=tensor(4.9208e-05, grad_fn=<MeanBackward0>)

-----------------------------------------------ITERATION180-----------------------------------------------

final_causality=[[1, 1, 1, 1, 1, 1, 1, 1, 1, 1, 1, 1, 1], [1, 1, 1, 1, 1, 1, 1, 1, 1, 1, 1, 1, 1, 1, 1, 1, 1, 1, 1, 1, 1, 1, 1, 1, 1, 1, 1, 1, 1, 1, 1, 1, 1, 1, 1, 1, 1, 1, 1, 1, 1, 1, 1, 1, 1, 1, 1, 1, 1, 1], [1, 1, 1, 1, 1, 1, 1, 1, 1, 1, 1, 1, 1, 1, 1, 1, 1, 1, 1, 1, 1, 1, 1, 1, 1, 1, 1, 1, 1, 1, 1, 1, 1, 1, 1, 1, 1, 1, 1, 1, 1, 1, 1, 1, 1, 1, 1, 1, 1, 1]]

means=tensor([1.1020e-04, 0.0000e+00, 7.9935e-05, 0.0000e+00, 8.6313e-05, 3.5974e-05,
        4.2981e-06, 2.7862e-05, 8.1414e-06, 2.8201e-04, 1.9286e-04, 4.1653e-05,
        3.7052e-05, 3.6861e-05, 3.8170e-05, 7.1376e-05, 1.1175e-05, 7.3872e-06,
        9.0634e-06, 2.3513e-05, 9.8597e-05, 3.1043e-05, 1.3384e-05, 1.5505e-05,
        6.2890e-06, 7.7474e-05, 1.4329e-05, 4.0949e-05, 5.3892e-05, 4.3022e-05,
        2.3640e-05, 4.5475e-05, 3.1408e-05, 9.6925e-05, 4.0241e-05, 2.2621e-06,
        6.8038e-05, 2.9996e-05, 5.0175e-05, 8.4609e-05, 8.5894e-05, 7.1705e-05,
        1.3686e-05, 1.5456e-05, 6.7796e-05, 1.4029e-05, 1.3898e-05, 1.7173e-05,
        3.6805e-05, 5.3269e-05, 1.4565e-04, 1.0756e-04, 6.1442e-05, 4.9474e-06,
        6.6942e-06, 4.2052e-05, 8.7423e-05, 1.1947e-06, 9.7299e-06, 2.4367e-05,
        1.0023e-05, 1.3274e-04, 1.3792e-04, 7.5669e-05, 1.4950e-05, 5.5186e-05,
        4.0579e-05, 4.7534e-05, 2.2438e-05, 5.0521e-05, 3.9427e-05, 1.9191e-05,
        4.3472e-05, 8.1574e-06, 1.1284e-05, 1.0906e-04, 1.4257e-05, 5.3417e-05,
        1.5915e-05, 5.0459e-05, 5.4347e-07, 4.7995e-06, 4.5514e-05, 8.4946e-05,
        3.7090e-05, 1.6275e-04, 4.0512e-05, 4.7303e-05, 1.5969e-04, 6.9889e-05,
        4.9624e-06, 1.2041e-04, 1.1084e-04, 5.9369e-05, 5.1436e-05, 4.9961e-05,
        9.5546e-05, 8.0104e-06, 4.2075e-05, 2.7065e-05, 7.9808e-05, 1.1245e-04,
        2.6149e-05, 1.4317e-05, 3.3384e-05, 4.1840e-05, 3.8327e-07, 2.2650e-05,
        6.1839e-05, 2.8428e-05, 1.5943e-05, 2.8507e-05, 5.2774e-05],
       grad_fn=<CatBackward>)

mean_overall=tensor(4.9073e-05, grad_fn=<MeanBackward0>)

-----------------------------------------------ITERATION190-----------------------------------------------

final_causality=[[1, 1, 1, 1, 1, 1, 1, 1, 1, 1, 1, 1, 1], [1, 1, 1, 1, 1, 1, 1, 1, 1, 1, 1, 1, 1, 1, 1, 1, 1, 1, 1, 1, 1, 1, 1, 1, 1, 1, 1, 1, 1, 1, 1, 1, 1, 1, 1, 1, 1, 1, 1, 1, 1, 1, 1, 1, 1, 1, 1, 1, 1, 1], [1, 1, 1, 1, 1, 1, 1, 1, 1, 1, 1, 1, 1, 1, 1, 1, 1, 1, 1, 1, 1, 1, 1, 1, 1, 1, 1, 1, 1, 1, 1, 1, 1, 1, 1, 1, 1, 1, 1, 1, 1, 1, 1, 1, 1, 1, 1, 1, 1, 1]]

means=tensor([9.7718e-05, 1.3878e-17, 7.8512e-05, 1.3878e-17, 8.5854e-05, 3.4717e-05,
        4.6817e-06, 3.0453e-05, 7.2444e-06, 2.8561e-04, 1.9346e-04, 4.0209e-05,
        3.1383e-05, 3.7162e-05, 3.8918e-05, 7.2213e-05, 1.0925e-05, 7.3262e-06,
        9.2456e-06, 2.4050e-05, 9.8928e-05, 3.1369e-05, 1.3390e-05, 1.5927e-05,
        6.9908e-06, 7.7450e-05, 1.4180e-05, 4.1282e-05, 5.3445e-05, 4.2659e-05,
        2.3143e-05, 4.7432e-05, 3.1189e-05, 9.6952e-05, 4.0438e-05, 2.0333e-06,
        6.7411e-05, 3.0142e-05, 5.0188e-05, 8.4028e-05, 8.5402e-05, 7.1939e-05,
        1.3195e-05, 1.5095e-05, 6.8345e-05, 1.3947e-05, 1.3855e-05, 1.7525e-05,
        3.6878e-05, 5.2864e-05, 1.4680e-04, 1.0796e-04, 6.1690e-05, 4.8611e-06,
        6.1887e-06, 4.1648e-05, 8.8048e-05, 1.5386e-06, 9.9293e-06, 2.4414e-05,
        1.0062e-05, 1.3191e-04, 1.3761e-04, 7.4779e-05, 1.5037e-05, 5.4945e-05,
        4.0688e-05, 4.6926e-05, 2.2487e-05, 5.0478e-05, 3.9224e-05, 1.9083e-05,
        4.3431e-05, 8.1482e-06, 1.1174e-05, 1.0928e-04, 1.4037e-05, 5.3486e-05,
        1.5896e-05, 5.1192e-05, 5.2818e-07, 4.8324e-06, 4.5533e-05, 8.5013e-05,
        3.6695e-05, 1.6308e-04, 4.0308e-05, 4.6883e-05, 1.5942e-04, 6.9915e-05,
        4.9783e-06, 1.2081e-04, 1.1069e-04, 5.9327e-05, 5.1503e-05, 4.9948e-05,
        9.4627e-05, 8.0238e-06, 4.1924e-05, 2.6718e-05, 7.9281e-05, 1.1257e-04,
        2.6340e-05, 1.4398e-05, 3.3510e-05, 4.1953e-05, 3.8424e-07, 2.2485e-05,
        6.2350e-05, 2.8616e-05, 1.5883e-05, 2.8453e-05, 5.2983e-05],
       grad_fn=<CatBackward>)

mean_overall=tensor(4.8940e-05, grad_fn=<MeanBackward0>)

-----------------------------------------------ITERATION200-----------------------------------------------

final_causality=[[1, 1, 1, 1, 1, 1, 1, 1, 1, 1, 1, 1, 1], [1, 1, 1, 1, 1, 1, 1, 1, 1, 1, 1, 1, 1, 1, 1, 1, 1, 1, 1, 1, 1, 1, 1, 1, 1, 1, 1, 1, 1, 1, 1, 1, 1, 1, 1, 1, 1, 1, 1, 1, 1, 1, 1, 1, 1, 1, 1, 1, 1, 1], [1, 1, 1, 1, 1, 1, 1, 1, 1, 1, 1, 1, 1, 1, 1, 1, 1, 1, 1, 1, 1, 1, 1, 1, 1, 1, 1, 1, 1, 1, 1, 1, 1, 1, 1, 1, 1, 1, 1, 1, 1, 1, 1, 1, 1, 1, 1, 1, 1, 1]]

means=tensor([8.4929e-05, 0.0000e+00, 7.7050e-05, 0.0000e+00, 8.5393e-05, 3.3429e-05,
        5.0810e-06, 3.3115e-05, 6.3254e-06, 2.8932e-04, 1.9408e-04, 3.8731e-05,
        2.5547e-05, 3.7472e-05, 3.9701e-05, 7.3085e-05, 1.0673e-05, 7.2676e-06,
        9.4356e-06, 2.4611e-05, 9.9268e-05, 3.1710e-05, 1.3396e-05, 1.6363e-05,
        7.7190e-06, 7.7429e-05, 1.4029e-05, 4.1624e-05, 5.2992e-05, 4.2289e-05,
        2.2639e-05, 4.9486e-05, 3.0970e-05, 9.6980e-05, 4.0646e-05, 1.7966e-06,
        6.6775e-05, 3.0290e-05, 5.0203e-05, 8.3434e-05, 8.4903e-05, 7.2182e-05,
        1.2698e-05, 1.4732e-05, 6.8910e-05, 1.3865e-05, 1.3811e-05, 1.7893e-05,
        3.6953e-05, 5.2449e-05, 1.4799e-04, 1.0837e-04, 6.1951e-05, 4.7744e-06,
        5.6759e-06, 4.1236e-05, 8.8692e-05, 1.8898e-06, 1.0139e-05, 2.4464e-05,
        1.0106e-05, 1.3107e-04, 1.3730e-04, 7.3869e-05, 1.5126e-05, 5.4698e-05,
        4.0805e-05, 4.6304e-05, 2.2538e-05, 5.0435e-05, 3.9019e-05, 1.8974e-05,
        4.3391e-05, 8.1396e-06, 1.1063e-05, 1.0952e-04, 1.3812e-05, 5.3558e-05,
        1.5878e-05, 5.2130e-05, 5.1185e-07, 4.8675e-06, 4.5551e-05, 8.5077e-05,
        3.6291e-05, 1.6343e-04, 4.0099e-05, 4.6456e-05, 1.5915e-04, 6.9942e-05,
        4.9942e-06, 1.2121e-04, 1.1053e-04, 5.9281e-05, 5.1570e-05, 4.9935e-05,
        9.3687e-05, 8.0369e-06, 4.1873e-05, 2.6362e-05, 7.8740e-05, 1.1270e-04,
        2.6538e-05, 1.4481e-05, 3.3644e-05, 4.2073e-05, 3.8432e-07, 2.2317e-05,
        6.2880e-05, 2.8809e-05, 1.5820e-05, 2.8399e-05, 5.3200e-05],
       grad_fn=<CatBackward>)

mean_overall=tensor(4.8809e-05, grad_fn=<MeanBackward0>)

-----------------------------------------------ITERATION210-----------------------------------------------

final_causality=[[1, 1, 1, 1, 1, 1, 1, 1, 1, 1, 1, 1, 1], [1, 1, 1, 1, 1, 1, 1, 1, 1, 1, 1, 1, 1, 1, 1, 1, 1, 1, 1, 1, 1, 1, 1, 1, 1, 1, 1, 1, 1, 1, 1, 1, 1, 1, 1, 1, 1, 1, 1, 1, 1, 1, 1, 1, 1, 1, 1, 1, 1, 1], [1, 1, 1, 1, 1, 1, 1, 1, 1, 1, 1, 1, 1, 1, 1, 1, 1, 1, 1, 1, 1, 1, 1, 1, 1, 1, 1, 1, 1, 1, 1, 1, 1, 1, 1, 1, 1, 1, 1, 1, 1, 1, 1, 1, 1, 1, 1, 1, 1, 1]]

means=tensor([7.1855e-05, 0.0000e+00, 7.5554e-05, 0.0000e+00, 8.4928e-05, 3.2108e-05,
        5.4896e-06, 3.5848e-05, 5.4024e-06, 2.9317e-04, 1.9473e-04, 3.7221e-05,
        1.9541e-05, 3.7796e-05, 4.0510e-05, 7.3985e-05, 1.0422e-05, 7.2073e-06,
        9.6364e-06, 2.5198e-05, 9.9622e-05, 3.2063e-05, 1.3407e-05, 1.6818e-05,
        8.4640e-06, 7.7416e-05, 1.3879e-05, 4.1983e-05, 5.2538e-05, 4.1915e-05,
        2.2124e-05, 5.1648e-05, 3.0759e-05, 9.7017e-05, 4.0860e-05, 1.5567e-06,
        6.6135e-05, 3.0446e-05, 5.0225e-05, 8.2833e-05, 8.4390e-05, 7.2441e-05,
        1.2191e-05, 1.4362e-05, 6.9493e-05, 1.3781e-05, 1.3772e-05, 1.8280e-05,
        3.7035e-05, 5.2031e-05, 1.4921e-04, 1.0880e-04, 6.2222e-05, 4.6890e-06,
        5.1498e-06, 4.0821e-05, 8.9359e-05, 2.2515e-06, 1.0356e-05, 2.4522e-05,
        1.0152e-05, 1.3021e-04, 1.3698e-04, 7.2939e-05, 1.5216e-05, 5.4446e-05,
        4.0926e-05, 4.5669e-05, 2.2591e-05, 5.0389e-05, 3.8810e-05, 1.8862e-05,
        4.3350e-05, 8.1308e-06, 1.0950e-05, 1.0975e-04, 1.3583e-05, 5.3636e-05,
        1.5862e-05, 5.3095e-05, 4.9563e-07, 4.9033e-06, 4.5570e-05, 8.5141e-05,
        3.5878e-05, 1.6379e-04, 3.9886e-05, 4.6025e-05, 1.5889e-04, 6.9970e-05,
        5.0110e-06, 1.2163e-04, 1.1037e-04, 5.9234e-05, 5.1638e-05, 4.9924e-05,
        9.2729e-05, 8.0505e-06, 4.1910e-05, 2.5998e-05, 7.8186e-05, 1.1282e-04,
        2.6742e-05, 1.4566e-05, 3.3787e-05, 4.2199e-05, 3.8478e-07, 2.2294e-05,
        6.3428e-05, 2.9007e-05, 1.5756e-05, 2.8342e-05, 5.3423e-05],
       grad_fn=<CatBackward>)

mean_overall=tensor(4.8681e-05, grad_fn=<MeanBackward0>)

-----------------------------------------------ITERATION220-----------------------------------------------

final_causality=[[1, 1, 1, 1, 1, 1, 1, 1, 1, 1, 1, 1, 1], [1, 1, 1, 1, 1, 1, 1, 1, 1, 1, 1, 1, 1, 1, 1, 1, 1, 1, 1, 1, 1, 1, 1, 1, 1, 1, 1, 1, 1, 1, 1, 1, 1, 1, 1, 1, 1, 1, 1, 1, 1, 1, 1, 1, 1, 1, 1, 1, 1, 1], [1, 1, 1, 1, 1, 1, 1, 1, 1, 1, 1, 1, 1, 1, 1, 1, 1, 1, 1, 1, 1, 1, 1, 1, 1, 1, 1, 1, 1, 1, 1, 1, 1, 1, 1, 1, 1, 1, 1, 1, 1, 1, 1, 1, 1, 1, 1, 1, 1, 1]]

means=tensor([5.8489e-05, 0.0000e+00, 7.4020e-05, 0.0000e+00, 8.4462e-05, 3.0756e-05,
        5.9124e-06, 3.8653e-05, 4.4630e-06, 2.9714e-04, 1.9541e-04, 3.5680e-05,
        1.3368e-05, 3.8129e-05, 4.1353e-05, 7.4919e-05, 1.0169e-05, 7.1488e-06,
        9.8463e-06, 2.5809e-05, 9.9987e-05, 3.2432e-05, 1.3419e-05, 1.7289e-05,
        9.2335e-06, 7.7408e-05, 1.3728e-05, 4.2353e-05, 5.2080e-05, 4.1536e-05,
        2.1602e-05, 5.3917e-05, 3.0550e-05, 9.7057e-05, 4.1084e-05, 1.3100e-06,
        6.5489e-05, 3.0606e-05, 5.0250e-05, 8.2223e-05, 8.3871e-05, 7.2712e-05,
        1.1679e-05, 1.3989e-05, 7.0093e-05, 1.3696e-05, 1.3733e-05, 1.8686e-05,
        3.7122e-05, 5.1605e-05, 1.5048e-04, 1.0923e-04, 6.2504e-05, 4.6040e-06,
        4.6161e-06, 4.0399e-05, 9.0045e-05, 2.6209e-06, 1.0582e-05, 2.4583e-05,
        1.0202e-05, 1.2935e-04, 1.3667e-04, 7.2285e-05, 1.5308e-05, 5.4189e-05,
        4.1055e-05, 4.5022e-05, 2.2647e-05, 5.0342e-05, 3.8600e-05, 1.8749e-05,
        4.3310e-05, 8.1226e-06, 1.0834e-05, 1.1000e-04, 1.3350e-05, 5.3718e-05,
        1.5847e-05, 5.4086e-05, 4.7860e-07, 4.9410e-06, 4.5588e-05, 8.5201e-05,
        3.5458e-05, 1.6416e-04, 3.9670e-05, 4.5587e-05, 1.5863e-04, 6.9998e-05,
        5.0280e-06, 1.2206e-04, 1.1021e-04, 5.9183e-05, 5.1705e-05, 4.9913e-05,
        9.1751e-05, 8.0639e-06, 4.1948e-05, 2.5625e-05, 7.7618e-05, 1.1296e-04,
        2.6953e-05, 1.4652e-05, 3.3939e-05, 4.2332e-05, 3.8457e-07, 2.2332e-05,
        6.3995e-05, 2.9210e-05, 1.5689e-05, 2.8283e-05, 5.3654e-05],
       grad_fn=<CatBackward>)

mean_overall=tensor(4.8558e-05, grad_fn=<MeanBackward0>)

-----------------------------------------------ITERATION230-----------------------------------------------

final_causality=[[1, 1, 1, 1, 1, 1, 1, 1, 1, 1, 1, 1, 1], [1, 1, 1, 1, 1, 1, 1, 1, 1, 1, 1, 1, 1, 1, 1, 1, 1, 1, 1, 1, 1, 1, 1, 1, 1, 1, 1, 1, 1, 1, 1, 1, 1, 1, 1, 1, 1, 1, 1, 1, 1, 1, 1, 1, 1, 1, 1, 1, 1, 1], [1, 1, 1, 1, 1, 1, 1, 1, 1, 1, 1, 1, 1, 1, 1, 1, 1, 1, 1, 1, 1, 1, 1, 1, 1, 1, 1, 1, 1, 1, 1, 1, 1, 1, 1, 1, 1, 1, 1, 1, 1, 1, 1, 1, 1, 1, 1, 1, 1, 1]]

means=tensor([4.4839e-05, 1.3878e-17, 7.2451e-05, 1.3878e-17, 8.3997e-05, 2.9374e-05,
        6.3474e-06, 4.1529e-05, 3.5136e-06, 3.0123e-04, 1.9612e-04, 3.4108e-05,
        7.0281e-06, 3.8474e-05, 4.2227e-05, 7.5884e-05, 9.9172e-06, 7.0910e-06,
        1.0066e-05, 2.6447e-05, 1.0036e-04, 3.2815e-05, 1.3435e-05, 1.7779e-05,
        1.0024e-05, 7.7406e-05, 1.3577e-05, 4.2737e-05, 5.1620e-05, 4.1153e-05,
        2.1071e-05, 5.6299e-05, 3.0347e-05, 9.7102e-05, 4.1316e-05, 1.0581e-06,
        6.4837e-05, 3.0770e-05, 5.0281e-05, 8.1605e-05, 8.3342e-05, 7.2996e-05,
        1.1160e-05, 1.3614e-05, 7.0708e-05, 1.3610e-05, 1.3698e-05, 1.9112e-05,
        3.7215e-05, 5.1173e-05, 1.5179e-04, 1.0968e-04, 6.2799e-05, 4.5200e-06,
        4.0730e-06, 3.9974e-05, 9.0751e-05, 2.9990e-06, 1.0818e-05, 2.4650e-05,
        1.0255e-05, 1.2847e-04, 1.3635e-04, 7.2578e-05, 1.5402e-05, 5.3927e-05,
        4.1190e-05, 4.4362e-05, 2.2705e-05, 5.0294e-05, 3.8387e-05, 1.8634e-05,
        4.3270e-05, 8.1147e-06, 1.0717e-05, 1.1025e-04, 1.3112e-05, 5.3805e-05,
        1.5834e-05, 5.5103e-05, 4.6113e-07, 4.9802e-06, 4.5606e-05, 8.5260e-05,
        3.5030e-05, 1.6454e-04, 3.9449e-05, 4.5145e-05, 1.5838e-04, 7.0027e-05,
        5.0455e-06, 1.2249e-04, 1.1005e-04, 5.9130e-05, 5.1773e-05, 4.9903e-05,
        9.0756e-05, 8.0774e-06, 4.1986e-05, 2.5893e-05, 7.7036e-05, 1.1309e-04,
        2.7171e-05, 1.4740e-05, 3.4102e-05, 4.2472e-05, 3.8408e-07, 2.2372e-05,
        6.4581e-05, 2.9417e-05, 1.5621e-05, 2.8222e-05, 5.3891e-05],
       grad_fn=<CatBackward>)

mean_overall=tensor(4.8449e-05, grad_fn=<MeanBackward0>)

-----------------------------------------------ITERATION240-----------------------------------------------

final_causality=[[1, 1, 1, 1, 1, 1, 1, 1, 1, 1, 1, 1, 1], [1, 1, 1, 1, 1, 1, 1, 1, 1, 1, 1, 1, 1, 1, 1, 1, 1, 1, 1, 1, 1, 1, 1, 1, 1, 1, 1, 1, 1, 1, 1, 1, 1, 1, 1, 1, 1, 1, 1, 1, 1, 1, 1, 1, 1, 1, 1, 1, 1, 1], [1, 1, 1, 1, 1, 1, 1, 1, 1, 1, 1, 1, 1, 1, 1, 1, 1, 1, 1, 1, 1, 1, 1, 1, 1, 1, 1, 1, 1, 1, 1, 1, 1, 1, 1, 1, 1, 1, 1, 1, 1, 1, 1, 1, 1, 1, 1, 1, 1, 1]]

means=tensor([3.0909e-05, 0.0000e+00, 7.0846e-05, 0.0000e+00, 8.3532e-05, 2.7962e-05,
        6.7945e-06, 4.4477e-05, 2.5552e-06, 3.0545e-04, 1.9685e-04, 3.2507e-05,
        8.5878e-06, 3.8831e-05, 4.3134e-05, 7.6882e-05, 9.6656e-06, 7.0340e-06,
        1.0297e-05, 2.7113e-05, 1.0075e-04, 3.3212e-05, 1.3454e-05, 1.8286e-05,
        1.0837e-05, 7.7410e-05, 1.3586e-05, 4.3134e-05, 5.1160e-05, 4.0766e-05,
        2.0534e-05, 5.8800e-05, 3.0149e-05, 9.7154e-05, 4.1557e-05, 8.0099e-07,
        6.4183e-05, 3.0941e-05, 5.0316e-05, 8.0981e-05, 8.2806e-05, 7.3293e-05,
        1.0635e-05, 1.3235e-05, 7.1341e-05, 1.3523e-05, 1.3665e-05, 1.9558e-05,
        3.7313e-05, 5.0737e-05, 1.5313e-04, 1.1014e-04, 6.3105e-05, 4.4372e-06,
        3.5209e-06, 3.9546e-05, 9.1479e-05, 3.3856e-06, 1.1063e-05, 2.4723e-05,
        1.0311e-05, 1.2759e-04, 1.3603e-04, 7.3227e-05, 1.5496e-05, 5.3659e-05,
        4.1333e-05, 4.3692e-05, 2.2766e-05, 5.0243e-05, 3.8173e-05, 1.8518e-05,
        4.3230e-05, 8.1072e-06, 1.0599e-05, 1.1051e-04, 1.2870e-05, 5.3897e-05,
        1.5823e-05, 5.6147e-05, 4.4323e-07, 5.0210e-06, 4.5624e-05, 8.5316e-05,
        3.4594e-05, 1.6493e-04, 3.9225e-05, 4.4699e-05, 1.5813e-04, 7.0056e-05,
        5.0634e-06, 1.2294e-04, 1.0989e-04, 5.9074e-05, 5.1841e-05, 4.9894e-05,
        8.9743e-05, 8.0911e-06, 4.2025e-05, 2.6277e-05, 7.6442e-05, 1.1323e-04,
        2.7396e-05, 1.4830e-05, 3.4274e-05, 4.2618e-05, 3.8330e-07, 2.2413e-05,
        6.5186e-05, 2.9629e-05, 1.5551e-05, 2.8159e-05, 5.4135e-05],
       grad_fn=<CatBackward>)

mean_overall=tensor(4.8420e-05, grad_fn=<MeanBackward0>)

-----------------------------------------------ITERATION250-----------------------------------------------

final_causality=[[1, 1, 1, 1, 1, 1, 1, 1, 1, 1, 1, 1, 1], [1, 1, 1, 1, 1, 1, 1, 1, 1, 1, 1, 1, 1, 1, 1, 1, 1, 1, 1, 1, 1, 1, 1, 1, 1, 1, 1, 1, 1, 1, 1, 1, 1, 1, 1, 1, 1, 1, 1, 1, 1, 1, 1, 1, 1, 1, 1, 1, 1, 1], [1, 1, 1, 1, 1, 1, 1, 1, 1, 1, 1, 1, 1, 1, 1, 1, 1, 1, 1, 1, 1, 1, 1, 1, 1, 1, 1, 1, 1, 1, 1, 1, 1, 1, 1, 1, 1, 1, 1, 1, 1, 1, 1, 1, 1, 1, 1, 1, 1, 1]]

means=tensor([1.6699e-05, 0.0000e+00, 6.9205e-05, 0.0000e+00, 8.3068e-05, 2.6519e-05,
        7.2542e-06, 4.7497e-05, 7.4305e-07, 3.0981e-04, 1.9762e-04, 3.0877e-05,
        1.5558e-05, 3.9199e-05, 4.4074e-05, 7.7912e-05, 9.4147e-06, 6.9793e-06,
        1.0539e-05, 2.7805e-05, 1.0115e-04, 3.3624e-05, 1.3477e-05, 1.8812e-05,
        1.1672e-05, 7.7421e-05, 1.3692e-05, 4.3546e-05, 5.0698e-05, 4.0375e-05,
        1.9990e-05, 6.1423e-05, 2.9957e-05, 9.7211e-05, 4.1807e-05, 5.3806e-07,
        6.3525e-05, 3.1116e-05, 5.0357e-05, 8.0349e-05, 8.2262e-05, 7.3605e-05,
        1.0105e-05, 1.2854e-05, 7.1990e-05, 1.3436e-05, 1.3635e-05, 2.0025e-05,
        3.7418e-05, 5.0295e-05, 1.5452e-04, 1.1061e-04, 6.3424e-05, 4.3557e-06,
        2.9607e-06, 3.9114e-05, 9.2227e-05, 3.7804e-06, 1.1319e-05, 2.4801e-05,
        1.0372e-05, 1.2670e-04, 1.3571e-04, 7.3885e-05, 1.5592e-05, 5.3387e-05,
        4.1482e-05, 4.3011e-05, 2.2829e-05, 5.0191e-05, 3.7958e-05, 1.8400e-05,
        4.3190e-05, 8.1002e-06, 1.0479e-05, 1.1077e-04, 1.2624e-05, 5.3995e-05,
        1.5815e-05, 5.7218e-05, 4.2475e-07, 5.0634e-06, 4.5642e-05, 8.5369e-05,
        3.4152e-05, 1.6533e-04, 3.8998e-05, 4.4248e-05, 1.5789e-04, 7.0087e-05,
        5.0817e-06, 1.2339e-04, 1.0973e-04, 5.9015e-05, 5.1909e-05, 4.9885e-05,
        8.8713e-05, 8.1048e-06, 4.2064e-05, 2.6673e-05, 7.5835e-05, 1.1336e-04,
        2.7628e-05, 1.4922e-05, 3.4457e-05, 4.2773e-05, 3.8206e-07, 2.2456e-05,
        6.5810e-05, 2.9845e-05, 1.5480e-05, 2.8094e-05, 5.4387e-05],
       grad_fn=<CatBackward>)

mean_overall=tensor(4.8435e-05, grad_fn=<MeanBackward0>)

-----------------------------------------------ITERATION260-----------------------------------------------

final_causality=[[1, 1, 1, 1, 1, 1, 1, 1, 1, 1, 1, 1, 1], [1, 1, 1, 1, 1, 1, 1, 1, 1, 1, 1, 1, 1, 1, 1, 1, 1, 1, 1, 1, 1, 1, 1, 1, 1, 1, 1, 1, 1, 1, 1, 1, 1, 1, 1, 1, 1, 1, 1, 1, 1, 1, 1, 1, 1, 1, 1, 1, 1, 1], [1, 1, 1, 1, 1, 1, 1, 1, 1, 1, 1, 1, 1, 1, 1, 1, 1, 1, 1, 1, 1, 1, 1, 1, 1, 1, 1, 1, 1, 1, 1, 1, 1, 1, 1, 1, 1, 1, 1, 1, 1, 1, 1, 1, 1, 1, 1, 1, 1, 1]]

means=tensor([1.4509e-06, 0.0000e+00, 6.7529e-05, 0.0000e+00, 8.2608e-05, 2.5047e-05,
        7.7261e-06, 5.0590e-05, 2.3981e-06, 3.1429e-04, 1.9841e-04, 2.9219e-05,
        2.2712e-05, 3.9579e-05, 4.5047e-05, 7.8975e-05, 9.1648e-06, 6.9258e-06,
        1.0802e-05, 2.8527e-05, 1.0156e-04, 3.4052e-05, 1.3503e-05, 1.9357e-05,
        1.2530e-05, 7.7439e-05, 1.3803e-05, 4.3971e-05, 5.0237e-05, 3.9981e-05,
        1.9439e-05, 6.4174e-05, 2.9773e-05, 9.7274e-05, 4.2066e-05, 2.6978e-07,
        6.2865e-05, 3.1298e-05, 5.0403e-05, 7.9713e-05, 8.1711e-05, 7.3931e-05,
        9.5701e-06, 1.2489e-05, 7.2656e-05, 1.3348e-05, 1.3608e-05, 2.0514e-05,
        3.7529e-05, 4.9850e-05, 1.5595e-04, 1.1110e-04, 6.3755e-05, 4.2756e-06,
        2.3921e-06, 3.8680e-05, 9.2995e-05, 4.1836e-06, 1.1584e-05, 2.4886e-05,
        1.0436e-05, 1.2580e-04, 1.3540e-04, 7.4551e-05, 1.5689e-05, 5.3109e-05,
        4.1639e-05, 4.2320e-05, 2.2895e-05, 5.0138e-05, 3.7742e-05, 1.8280e-05,
        4.3151e-05, 8.0937e-06, 1.0357e-05, 1.1105e-04, 1.2374e-05, 5.4099e-05,
        1.5809e-05, 5.8315e-05, 4.0583e-07, 5.1075e-06, 4.5659e-05, 8.5420e-05,
        3.3702e-05, 1.6575e-04, 3.8766e-05, 4.3793e-05, 1.5765e-04, 7.0117e-05,
        5.1005e-06, 1.2385e-04, 1.0956e-04, 5.9025e-05, 5.1977e-05, 4.9877e-05,
        8.7667e-05, 8.1186e-06, 4.2104e-05, 2.7081e-05, 7.5215e-05, 1.1350e-04,
        2.7868e-05, 1.5015e-05, 3.4651e-05, 4.2934e-05, 3.8049e-07, 2.2502e-05,
        6.6453e-05, 3.0066e-05, 1.5406e-05, 2.8027e-05, 5.4645e-05],
       grad_fn=<CatBackward>)

mean_overall=tensor(4.8481e-05, grad_fn=<MeanBackward0>)

-----------------------------------------------ITERATION270-----------------------------------------------

final_causality=[[1, 1, 1, 1, 1, 1, 1, 1, 1, 1, 1, 1, 1], [1, 1, 1, 1, 1, 1, 1, 1, 1, 1, 1, 1, 1, 1, 1, 1, 1, 1, 1, 1, 1, 1, 1, 1, 1, 1, 1, 1, 1, 1, 1, 1, 1, 1, 1, 1, 1, 1, 1, 1, 1, 1, 1, 1, 1, 1, 1, 1, 1, 1], [1, 1, 1, 1, 1, 1, 1, 1, 1, 1, 1, 1, 1, 1, 1, 1, 1, 1, 1, 1, 1, 1, 1, 1, 1, 1, 1, 1, 1, 1, 1, 1, 1, 1, 1, 1, 1, 1, 1, 1, 1, 1, 1, 1, 1, 1, 1, 1, 1, 1]]

means=tensor([1.6864e-05, 0.0000e+00, 6.5816e-05, 0.0000e+00, 8.2151e-05, 2.3545e-05,
        8.2102e-06, 5.3758e-05, 3.6305e-06, 3.1890e-04, 1.9923e-04, 2.7535e-05,
        3.0050e-05, 3.9971e-05, 4.6056e-05, 8.0071e-05, 8.9161e-06, 6.8738e-06,
        1.1078e-05, 2.9278e-05, 1.0198e-04, 3.4495e-05, 1.3533e-05, 1.9921e-05,
        1.3410e-05, 7.7464e-05, 1.3918e-05, 4.4411e-05, 4.9775e-05, 3.9583e-05,
        1.8882e-05, 6.7058e-05, 2.9594e-05, 9.7344e-05, 4.2334e-05, 4.2002e-09,
        6.2204e-05, 3.1485e-05, 5.0455e-05, 7.9071e-05, 8.1153e-05, 7.4272e-05,
        9.0306e-06, 1.2133e-05, 7.3338e-05, 1.3260e-05, 1.3584e-05, 2.1025e-05,
        3.7646e-05, 4.9400e-05, 1.5742e-04, 1.1159e-04, 6.4098e-05, 4.1971e-06,
        1.8156e-06, 3.8243e-05, 9.3785e-05, 4.5952e-06, 1.1859e-05, 2.4999e-05,
        1.0504e-05, 1.2489e-04, 1.3508e-04, 7.5224e-05, 1.5787e-05, 5.2826e-05,
        4.1803e-05, 4.1619e-05, 2.2963e-05, 5.0082e-05, 3.7525e-05, 1.8159e-05,
        4.3112e-05, 8.0878e-06, 1.0235e-05, 1.1133e-04, 1.2120e-05, 5.4209e-05,
        1.5805e-05, 5.9440e-05, 3.8639e-07, 5.1556e-06, 4.5676e-05, 8.5469e-05,
        3.3246e-05, 1.6617e-04, 3.8532e-05, 4.3334e-05, 1.5741e-04, 7.0149e-05,
        5.1196e-06, 1.2432e-04, 1.0939e-04, 5.9108e-05, 5.2044e-05, 4.9870e-05,
        8.6605e-05, 8.1325e-06, 4.2145e-05, 2.7501e-05, 7.4583e-05, 1.1365e-04,
        2.8116e-05, 1.5110e-05, 3.4855e-05, 4.3104e-05, 3.7848e-07, 2.2549e-05,
        6.7116e-05, 3.0292e-05, 1.5331e-05, 2.7958e-05, 5.4911e-05],
       grad_fn=<CatBackward>)

mean_overall=tensor(4.8804e-05, grad_fn=<MeanBackward0>)

-----------------------------------------------ITERATION280-----------------------------------------------

final_causality=[[1, 1, 1, 1, 1, 1, 1, 1, 1, 1, 1, 1, 1], [1, 1, 1, 1, 1, 1, 1, 1, 1, 1, 1, 1, 1, 1, 1, 1, 1, 1, 1, 1, 1, 1, 1, 1, 1, 1, 1, 1, 1, 1, 1, 1, 1, 1, 1, 1, 1, 1, 1, 1, 1, 1, 1, 1, 1, 1, 1, 1, 1, 1], [1, 1, 1, 1, 1, 1, 1, 1, 1, 1, 1, 1, 1, 1, 1, 1, 1, 1, 1, 1, 1, 1, 1, 1, 1, 1, 1, 1, 1, 1, 1, 1, 1, 1, 1, 1, 1, 1, 1, 1, 1, 1, 1, 1, 1, 1, 1, 1, 1, 1]]

means=tensor([3.2579e-05, 0.0000e+00, 6.4067e-05, 0.0000e+00, 8.1699e-05, 2.2014e-05,
        8.7066e-06, 5.7002e-05, 4.8764e-06, 3.2365e-04, 2.0008e-04, 2.5823e-05,
        3.7575e-05, 4.0376e-05, 4.7100e-05, 8.1201e-05, 8.6688e-06, 6.8234e-06,
        1.1367e-05, 3.0059e-05, 1.0241e-04, 3.4954e-05, 1.3566e-05, 2.0505e-05,
        1.4314e-05, 7.7497e-05, 1.4050e-05, 4.4866e-05, 4.9315e-05, 3.9184e-05,
        1.8320e-05, 7.0081e-05, 2.9424e-05, 9.7420e-05, 4.2612e-05, 6.1421e-08,
        6.1542e-05, 3.1678e-05, 5.0513e-05, 7.8424e-05, 8.0590e-05, 7.4627e-05,
        8.4871e-06, 1.1773e-05, 7.4037e-05, 1.3172e-05, 1.3563e-05, 2.1560e-05,
        3.7771e-05, 4.8947e-05, 1.5893e-04, 1.1211e-04, 6.4455e-05, 4.1204e-06,
        1.2314e-06, 3.7804e-05, 9.4594e-05, 5.0150e-06, 1.2145e-05, 2.5247e-05,
        1.0576e-05, 1.2399e-04, 1.3476e-04, 7.5904e-05, 1.5885e-05, 5.2538e-05,
        4.1975e-05, 4.0909e-05, 2.3034e-05, 5.0025e-05, 3.7307e-05, 1.8036e-05,
        4.3073e-05, 8.0825e-06, 1.0110e-05, 1.1161e-04, 1.1862e-05, 5.4325e-05,
        1.5804e-05, 6.0592e-05, 3.6644e-07, 5.2117e-06, 4.5692e-05, 8.5515e-05,
        3.2783e-05, 1.6661e-04, 3.8294e-05, 4.2872e-05, 1.5718e-04, 7.0180e-05,
        5.1393e-06, 1.2480e-04, 1.0923e-04, 5.9191e-05, 5.2112e-05, 4.9863e-05,
        8.5527e-05, 8.1466e-06, 4.2186e-05, 2.7932e-05, 7.3938e-05, 1.1379e-04,
        2.8372e-05, 1.5207e-05, 3.5071e-05, 4.3281e-05, 3.7605e-07, 2.2599e-05,
        6.7798e-05, 3.0522e-05, 1.5253e-05, 2.7887e-05, 5.5185e-05],
       grad_fn=<CatBackward>)

mean_overall=tensor(4.9143e-05, grad_fn=<MeanBackward0>)

-----------------------------------------------ITERATION290-----------------------------------------------

final_causality=[[1, 1, 1, 1, 1, 1, 1, 1, 1, 1, 1, 1, 1], [1, 1, 1, 1, 1, 1, 1, 1, 1, 1, 1, 1, 1, 1, 1, 1, 1, 1, 1, 1, 1, 1, 1, 1, 1, 1, 1, 1, 1, 1, 1, 1, 1, 1, 1, 1, 1, 1, 1, 1, 1, 1, 1, 1, 1, 1, 1, 1, 1, 1], [1, 1, 1, 1, 1, 1, 1, 1, 1, 1, 1, 1, 1, 1, 1, 1, 1, 1, 1, 1, 1, 1, 1, 1, 1, 1, 1, 1, 1, 1, 1, 1, 1, 1, 1, 1, 1, 1, 1, 1, 1, 1, 1, 1, 1, 1, 1, 1, 1, 1]]

means=tensor([4.8600e-05, 1.3878e-17, 6.2281e-05, 1.3878e-17, 8.1252e-05, 2.0452e-05,
        9.2152e-06, 6.0323e-05, 6.1350e-06, 3.2854e-04, 2.0096e-04, 2.4086e-05,
        4.5292e-05, 4.0792e-05, 4.8181e-05, 8.2365e-05, 8.4232e-06, 6.7747e-06,
        1.1669e-05, 3.0871e-05, 1.0286e-04, 3.5429e-05, 1.3604e-05, 2.1110e-05,
        1.5242e-05, 7.7537e-05, 1.4221e-05, 4.5336e-05, 4.8856e-05, 3.8781e-05,
        1.7753e-05, 7.3249e-05, 2.9261e-05, 9.7504e-05, 4.2898e-05, 3.5871e-07,
        6.0880e-05, 3.1876e-05, 5.0576e-05, 7.7773e-05, 8.0020e-05, 7.4999e-05,
        7.9397e-06, 1.1411e-05, 7.4753e-05, 1.3083e-05, 1.3546e-05, 2.2119e-05,
        3.7902e-05, 4.8490e-05, 1.6048e-04, 1.1263e-04, 6.4826e-05, 4.0455e-06,
        6.3965e-07, 3.7365e-05, 9.5425e-05, 5.4433e-06, 1.2442e-05, 2.5504e-05,
        1.0653e-05, 1.2307e-04, 1.3445e-04, 7.6591e-05, 1.5985e-05, 5.2244e-05,
        4.2156e-05, 4.0191e-05, 2.3108e-05, 4.9965e-05, 3.7090e-05, 1.7928e-05,
        4.3035e-05, 8.0779e-06, 9.9851e-06, 1.1191e-04, 1.1600e-05, 5.4448e-05,
        1.5805e-05, 6.1771e-05, 3.4599e-07, 5.2699e-06, 4.5708e-05, 8.5559e-05,
        3.2313e-05, 1.6706e-04, 3.8052e-05, 4.2406e-05, 1.5696e-04, 7.0213e-05,
        5.1593e-06, 1.2529e-04, 1.0906e-04, 5.9272e-05, 5.2179e-05, 4.9857e-05,
        8.4433e-05, 8.1608e-06, 4.2228e-05, 2.8376e-05, 7.3281e-05, 1.1394e-04,
        2.8637e-05, 1.5305e-05, 3.5299e-05, 4.3467e-05, 3.7319e-07, 2.2650e-05,
        6.8501e-05, 3.0756e-05, 1.5174e-05, 2.7814e-05, 5.5466e-05],
       grad_fn=<CatBackward>)

mean_overall=tensor(4.9496e-05, grad_fn=<MeanBackward0>)

-----------------------------------------------ITERATION300-----------------------------------------------

final_causality=[[1, 1, 1, 1, 1, 1, 1, 1, 1, 1, 1, 1, 1], [1, 1, 1, 1, 1, 1, 1, 1, 1, 1, 1, 1, 1, 1, 1, 1, 1, 1, 1, 1, 1, 1, 1, 1, 1, 1, 1, 1, 1, 1, 1, 1, 1, 1, 1, 1, 1, 1, 1, 1, 1, 1, 1, 1, 1, 1, 1, 1, 1, 1], [1, 1, 1, 1, 1, 1, 1, 1, 1, 1, 1, 1, 1, 1, 1, 1, 1, 1, 1, 1, 1, 1, 1, 1, 1, 1, 1, 1, 1, 1, 1, 1, 1, 1, 1, 1, 1, 1, 1, 1, 1, 1, 1, 1, 1, 1, 1, 1, 1, 1]]

means=tensor([6.4932e-05, 0.0000e+00, 6.0457e-05, 0.0000e+00, 8.0812e-05, 1.8861e-05,
        9.7359e-06, 6.3723e-05, 7.4059e-06, 3.3357e-04, 2.0187e-04, 2.2324e-05,
        5.3204e-05, 4.1222e-05, 4.9299e-05, 8.3563e-05, 8.2288e-06, 6.7279e-06,
        1.1986e-05, 3.1716e-05, 1.0332e-04, 3.5921e-05, 1.3646e-05, 2.1735e-05,
        1.6193e-05, 7.7585e-05, 1.4399e-05, 4.5822e-05, 4.8400e-05, 3.8376e-05,
        1.7180e-05, 7.6569e-05, 2.9106e-05, 9.7595e-05, 4.3195e-05, 6.6218e-07,
        6.0218e-05, 3.2082e-05, 5.0646e-05, 7.7119e-05, 7.9446e-05, 7.5386e-05,
        7.3888e-06, 1.1046e-05, 7.5485e-05, 1.2994e-05, 1.3532e-05, 2.2703e-05,
        3.8042e-05, 4.8031e-05, 1.6207e-04, 1.1317e-04, 6.5210e-05, 3.9726e-06,
        4.0441e-08, 3.6923e-05, 9.6277e-05, 5.8801e-06, 1.2750e-05, 2.5771e-05,
        1.0734e-05, 1.2216e-04, 1.3413e-04, 7.7284e-05, 1.6085e-05, 5.1945e-05,
        4.2344e-05, 3.9464e-05, 2.3185e-05, 4.9904e-05, 3.6873e-05, 1.7827e-05,
        4.2996e-05, 8.0740e-06, 9.8587e-06, 1.1221e-04, 1.1334e-05, 5.4578e-05,
        1.5810e-05, 6.2978e-05, 3.2502e-07, 5.3302e-06, 4.5723e-05, 8.5600e-05,
        3.1838e-05, 1.6752e-04, 3.7807e-05, 4.1937e-05, 1.5674e-04, 7.0246e-05,
        5.1798e-06, 1.2579e-04, 1.0889e-04, 5.9351e-05, 5.2246e-05, 4.9851e-05,
        8.3325e-05, 8.1753e-06, 4.2270e-05, 2.8832e-05, 7.2612e-05, 1.1409e-04,
        2.8911e-05, 1.5405e-05, 3.5540e-05, 4.3661e-05, 3.6987e-07, 2.2704e-05,
        6.9224e-05, 3.0996e-05, 1.5093e-05, 2.7739e-05, 5.5754e-05],
       grad_fn=<CatBackward>)

mean_overall=tensor(4.9862e-05, grad_fn=<MeanBackward0>)

-----------------------------------------------ITERATION310-----------------------------------------------

final_causality=[[1, 1, 1, 1, 1, 1, 1, 1, 1, 1, 1, 1, 1], [1, 1, 1, 1, 1, 1, 1, 1, 1, 1, 1, 1, 1, 1, 1, 1, 1, 1, 1, 1, 1, 1, 1, 1, 1, 1, 1, 1, 1, 1, 1, 1, 1, 1, 1, 1, 1, 1, 1, 1, 1, 1, 1, 1, 1, 1, 1, 1, 1, 1], [1, 1, 1, 1, 1, 1, 1, 1, 1, 1, 1, 1, 1, 1, 1, 1, 1, 1, 1, 1, 1, 1, 1, 1, 1, 1, 1, 1, 1, 1, 1, 1, 1, 1, 1, 1, 1, 1, 1, 1, 1, 1, 1, 1, 1, 1, 1, 1, 1, 1]]

means=tensor([8.1579e-05, 0.0000e+00, 5.8594e-05, 0.0000e+00, 8.0380e-05, 1.7240e-05,
        1.0269e-05, 6.7203e-05, 8.6885e-06, 3.3874e-04, 2.0281e-04, 2.0536e-05,
        6.1314e-05, 4.1664e-05, 5.0456e-05, 8.4797e-05, 8.0975e-06, 6.6831e-06,
        1.2317e-05, 3.2593e-05, 1.0379e-04, 3.6430e-05, 1.3693e-05, 2.2382e-05,
        1.7170e-05, 7.7641e-05, 1.4582e-05, 4.6324e-05, 4.7945e-05, 3.7970e-05,
        1.6604e-05, 8.0045e-05, 2.8959e-05, 9.7693e-05, 4.3501e-05, 9.7200e-07,
        5.9558e-05, 3.2293e-05, 5.0722e-05, 7.6462e-05, 7.8866e-05, 7.5789e-05,
        6.8348e-06, 1.0678e-05, 7.6235e-05, 1.2906e-05, 1.3522e-05, 2.3313e-05,
        3.8189e-05, 4.7569e-05, 1.6371e-04, 1.1372e-04, 6.5609e-05, 3.9018e-06,
        1.1044e-07, 3.6482e-05, 9.7149e-05, 6.3254e-06, 1.3070e-05, 2.6049e-05,
        1.0819e-05, 1.2124e-04, 1.3382e-04, 7.7983e-05, 1.6186e-05, 5.1640e-05,
        4.2542e-05, 3.8730e-05, 2.3264e-05, 4.9841e-05, 3.6656e-05, 1.7725e-05,
        4.2959e-05, 8.0710e-06, 9.7311e-06, 1.1252e-04, 1.1064e-05, 5.4716e-05,
        1.5817e-05, 6.4214e-05, 3.0353e-07, 5.3926e-06, 4.5738e-05, 8.5639e-05,
        3.1356e-05, 1.6800e-04, 3.7558e-05, 4.1465e-05, 1.5652e-04, 7.0280e-05,
        5.2008e-06, 1.2630e-04, 1.0872e-04, 5.9430e-05, 5.2313e-05, 4.9846e-05,
        8.2201e-05, 8.1901e-06, 4.2313e-05, 2.9300e-05, 7.1930e-05, 1.1424e-04,
        2.9194e-05, 1.5506e-05, 3.5792e-05, 4.3864e-05, 3.6608e-07, 2.2760e-05,
        6.9969e-05, 3.1240e-05, 1.5010e-05, 2.7661e-05, 5.6051e-05],
       grad_fn=<CatBackward>)

mean_overall=tensor(5.0247e-05, grad_fn=<MeanBackward0>)

-----------------------------------------------ITERATION320-----------------------------------------------

final_causality=[[1, 1, 1, 1, 1, 1, 1, 1, 1, 1, 1, 1, 1], [1, 1, 1, 1, 1, 1, 1, 1, 1, 1, 1, 1, 1, 1, 1, 1, 1, 1, 1, 1, 1, 1, 1, 1, 1, 1, 1, 1, 1, 1, 1, 1, 1, 1, 1, 1, 1, 1, 1, 1, 1, 1, 1, 1, 1, 1, 1, 1, 1, 1], [1, 1, 1, 1, 1, 1, 1, 1, 1, 1, 1, 1, 1, 1, 1, 1, 1, 1, 1, 1, 1, 1, 1, 1, 1, 1, 1, 1, 1, 1, 1, 1, 1, 1, 1, 1, 1, 1, 1, 1, 1, 1, 1, 1, 1, 1, 1, 1, 1, 1]]

means=tensor([9.8548e-05, 0.0000e+00, 5.6693e-05, 0.0000e+00, 7.9956e-05, 1.5588e-05,
        1.0814e-05, 7.0767e-05, 9.9823e-06, 3.4405e-04, 2.0378e-04, 1.8723e-05,
        6.9628e-05, 4.2120e-05, 5.1652e-05, 8.6065e-05, 7.9679e-06, 6.6403e-06,
        1.2663e-05, 3.3505e-05, 1.0427e-04, 3.6957e-05, 1.3744e-05, 2.3050e-05,
        1.8171e-05, 7.7705e-05, 1.4772e-05, 4.6842e-05, 4.7493e-05, 3.7561e-05,
        1.6022e-05, 8.3686e-05, 2.8821e-05, 9.7799e-05, 4.3817e-05, 1.2884e-06,
        5.8899e-05, 3.2512e-05, 5.0804e-05, 7.5803e-05, 7.8282e-05, 7.6209e-05,
        6.2778e-06, 1.0308e-05, 7.7001e-05, 1.2817e-05, 1.3516e-05, 2.3950e-05,
        3.8343e-05, 4.7104e-05, 1.6538e-04, 1.1428e-04, 6.6022e-05, 3.8333e-06,
        8.0765e-07, 3.6040e-05, 9.8043e-05, 6.7794e-06, 1.3401e-05, 2.6338e-05,
        1.0909e-05, 1.2032e-04, 1.3351e-04, 7.8688e-05, 1.6288e-05, 5.1330e-05,
        4.2748e-05, 3.7990e-05, 2.3347e-05, 4.9775e-05, 3.6440e-05, 1.7622e-05,
        4.2921e-05, 8.0687e-06, 9.6025e-06, 1.1283e-04, 1.0795e-05, 5.4861e-05,
        1.5828e-05, 6.5479e-05, 2.8152e-07, 5.4573e-06, 4.5752e-05, 8.5675e-05,
        3.1089e-05, 1.6849e-04, 3.7306e-05, 4.0990e-05, 1.5631e-04, 7.0314e-05,
        5.2223e-06, 1.2681e-04, 1.0855e-04, 5.9507e-05, 5.2379e-05, 4.9840e-05,
        8.1064e-05, 8.2051e-06, 4.2357e-05, 2.9781e-05, 7.1236e-05, 1.1627e-04,
        2.9487e-05, 1.5609e-05, 3.6058e-05, 4.4075e-05, 3.6181e-07, 2.2859e-05,
        7.0734e-05, 3.1488e-05, 1.4926e-05, 2.7581e-05, 5.6356e-05],
       grad_fn=<CatBackward>)

mean_overall=tensor(5.0670e-05, grad_fn=<MeanBackward0>)

-----------------------------------------------ITERATION330-----------------------------------------------

final_causality=[[1, 1, 1, 1, 1, 1, 1, 1, 1, 1, 1, 1, 1], [1, 1, 1, 1, 1, 1, 1, 1, 1, 1, 1, 1, 1, 1, 1, 1, 1, 1, 1, 1, 1, 1, 1, 1, 1, 1, 1, 1, 1, 1, 1, 1, 1, 1, 1, 1, 1, 1, 1, 1, 1, 1, 1, 1, 1, 1, 1, 1, 1, 1], [1, 1, 1, 1, 1, 1, 1, 1, 1, 1, 1, 1, 1, 1, 1, 1, 1, 1, 1, 1, 1, 1, 1, 1, 1, 1, 1, 1, 1, 1, 1, 1, 1, 1, 1, 1, 1, 1, 1, 1, 1, 1, 1, 1, 1, 1, 1, 1, 1, 1]]

means=tensor([1.1585e-04, 1.3878e-17, 5.4751e-05, 1.3878e-17, 7.9541e-05, 1.3906e-05,
        1.1371e-05, 7.4415e-05, 1.1287e-05, 3.4951e-04, 2.0479e-04, 1.6886e-05,
        7.8151e-05, 4.2589e-05, 5.2889e-05, 8.7370e-05, 7.8400e-06, 6.5998e-06,
        1.3025e-05, 3.4452e-05, 1.0476e-04, 3.7501e-05, 1.3800e-05, 2.3742e-05,
        1.9198e-05, 7.7777e-05, 1.4968e-05, 4.7377e-05, 4.7044e-05, 3.7150e-05,
        1.5437e-05, 8.7497e-05, 2.8692e-05, 9.7913e-05, 4.4142e-05, 1.6116e-06,
        5.8243e-05, 3.2737e-05, 5.0893e-05, 7.5141e-05, 7.7694e-05, 7.6646e-05,
        5.7181e-06, 9.9362e-06, 7.7785e-05, 1.2729e-05, 1.3514e-05, 2.4615e-05,
        3.8507e-05, 4.6638e-05, 1.6710e-04, 1.1486e-04, 6.6450e-05, 3.7671e-06,
        1.5130e-06, 3.5598e-05, 9.8958e-05, 7.2423e-06, 1.3745e-05, 2.6637e-05,
        1.1004e-05, 1.1941e-04, 1.3320e-04, 7.9399e-05, 1.6389e-05, 5.1013e-05,
        4.2963e-05, 3.7242e-05, 2.3433e-05, 4.9707e-05, 3.6225e-05, 1.7519e-05,
        4.2884e-05, 8.0674e-06, 9.4729e-06, 1.1318e-04, 1.0620e-05, 5.5015e-05,
        1.5842e-05, 6.6772e-05, 2.5898e-07, 5.5242e-06, 4.5765e-05, 8.5710e-05,
        3.0844e-05, 1.6899e-04, 3.7051e-05, 4.0511e-05, 1.5609e-04, 7.0348e-05,
        5.2442e-06, 1.2734e-04, 1.0837e-04, 5.9582e-05, 5.2445e-05, 4.9835e-05,
        8.0472e-05, 8.2205e-06, 4.2401e-05, 3.0275e-05, 7.0529e-05, 1.1839e-04,
        2.9790e-05, 1.5713e-05, 3.6337e-05, 4.4296e-05, 3.5704e-07, 2.2994e-05,
        7.1520e-05, 3.1742e-05, 1.4839e-05, 2.7500e-05, 5.6668e-05],
       grad_fn=<CatBackward>)

mean_overall=tensor(5.1113e-05, grad_fn=<MeanBackward0>)

-----------------------------------------------ITERATION340-----------------------------------------------

final_causality=[[1, 1, 1, 1, 1, 1, 1, 1, 1, 1, 1, 1, 1], [1, 1, 1, 1, 1, 1, 1, 1, 1, 1, 1, 1, 1, 1, 1, 1, 1, 1, 1, 1, 1, 1, 1, 1, 1, 1, 1, 1, 1, 1, 1, 1, 1, 1, 1, 1, 1, 1, 1, 1, 1, 1, 1, 1, 1, 1, 1, 1, 1, 1], [1, 1, 1, 1, 1, 1, 1, 1, 1, 1, 1, 1, 1, 1, 1, 1, 1, 1, 1, 1, 1, 1, 1, 1, 1, 1, 1, 1, 1, 1, 1, 1, 1, 1, 1, 1, 1, 1, 1, 1, 1, 1, 1, 1, 1, 1, 1, 1, 1, 1]]

means=tensor([1.3348e-04, 0.0000e+00, 5.2767e-05, 0.0000e+00, 7.9137e-05, 1.2192e-05,
        1.1940e-05, 7.8152e-05, 1.2602e-05, 3.5512e-04, 2.0582e-04, 1.5024e-05,
        8.6888e-05, 4.3072e-05, 5.4167e-05, 8.8711e-05, 7.7139e-06, 6.5616e-06,
        1.3404e-05, 3.5435e-05, 1.0526e-04, 3.8063e-05, 1.3862e-05, 2.4457e-05,
        2.0252e-05, 7.7858e-05, 1.5171e-05, 4.7929e-05, 4.6599e-05, 3.6738e-05,
        1.4848e-05, 9.1486e-05, 2.8571e-05, 9.8036e-05, 4.4478e-05, 1.9420e-06,
        5.7590e-05, 3.2969e-05, 5.0989e-05, 7.4478e-05, 7.7102e-05, 7.7101e-05,
        5.1559e-06, 9.5620e-06, 7.8586e-05, 1.2642e-05, 1.3516e-05, 2.5308e-05,
        3.8679e-05, 4.6170e-05, 1.6886e-04, 1.1545e-04, 6.6893e-05, 3.7033e-06,
        2.2264e-06, 3.5156e-05, 9.9894e-05, 7.7142e-06, 1.4101e-05, 2.6948e-05,
        1.1104e-05, 1.1849e-04, 1.3290e-04, 8.0114e-05, 1.6492e-05, 5.0691e-05,
        4.3187e-05, 3.6522e-05, 2.3522e-05, 4.9637e-05, 3.6011e-05, 1.7415e-05,
        4.2846e-05, 8.0671e-06, 9.3423e-06, 1.1358e-04, 1.0443e-05, 5.5177e-05,
        1.5860e-05, 6.8096e-05, 2.3591e-07, 5.5934e-06, 4.5777e-05, 8.5742e-05,
        3.0598e-05, 1.6950e-04, 3.6792e-05, 4.0030e-05, 1.5589e-04, 7.0384e-05,
        5.2666e-06, 1.2787e-04, 1.0820e-04, 5.9656e-05, 5.2511e-05, 4.9830e-05,
        8.0597e-05, 8.2363e-06, 4.2447e-05, 3.0782e-05, 6.9810e-05, 1.2054e-04,
        3.0104e-05, 1.5819e-05, 3.6630e-05, 4.4525e-05, 3.5176e-07, 2.3133e-05,
        7.2329e-05, 3.2000e-05, 1.4750e-05, 2.7415e-05, 5.6989e-05],
       grad_fn=<CatBackward>)

mean_overall=tensor(5.1578e-05, grad_fn=<MeanBackward0>)

-----------------------------------------------ITERATION350-----------------------------------------------

final_causality=[[1, 1, 1, 1, 1, 1, 1, 1, 1, 1, 1, 1, 1], [1, 1, 1, 1, 1, 1, 1, 1, 1, 1, 1, 1, 1, 1, 1, 1, 1, 1, 1, 1, 1, 1, 1, 1, 1, 1, 1, 1, 1, 1, 1, 1, 1, 1, 1, 1, 1, 1, 1, 1, 1, 1, 1, 1, 1, 1, 1, 1, 1, 1], [1, 1, 1, 1, 1, 1, 1, 1, 1, 1, 1, 1, 1, 1, 1, 1, 1, 1, 1, 1, 1, 1, 1, 1, 1, 1, 1, 1, 1, 1, 1, 1, 1, 1, 1, 1, 1, 1, 1, 1, 1, 1, 1, 1, 1, 1, 1, 1, 1, 1]]

means=tensor([1.5146e-04, 1.3878e-17, 5.0741e-05, 1.3878e-17, 7.8745e-05, 1.0446e-05,
        1.2521e-05, 8.1978e-05, 1.3926e-05, 3.6089e-04, 2.0689e-04, 1.3139e-05,
        9.5845e-05, 4.3568e-05, 5.5489e-05, 9.0088e-05, 7.6056e-06, 6.5259e-06,
        1.3800e-05, 3.6455e-05, 1.0578e-04, 3.8644e-05, 1.3928e-05, 2.5196e-05,
        2.1334e-05, 7.7948e-05, 1.5381e-05, 4.8498e-05, 4.6157e-05, 3.6325e-05,
        1.4255e-05, 9.5660e-05, 2.8460e-05, 9.8167e-05, 4.4824e-05, 2.2798e-06,
        5.6939e-05, 3.3208e-05, 5.1092e-05, 7.3814e-05, 7.6507e-05, 7.7573e-05,
        4.5914e-06, 9.1860e-06, 7.9404e-05, 1.2554e-05, 1.3522e-05, 2.6031e-05,
        3.8860e-05, 4.5701e-05, 1.7067e-04, 1.1605e-04, 6.7351e-05, 3.6421e-06,
        2.9481e-06, 3.4715e-05, 1.0085e-04, 8.1952e-06, 1.4471e-05, 2.7271e-05,
        1.1209e-05, 1.1757e-04, 1.3260e-04, 8.0835e-05, 1.6594e-05, 5.0607e-05,
        4.3421e-05, 3.5806e-05, 2.3614e-05, 4.9565e-05, 3.5799e-05, 1.7310e-05,
        4.2810e-05, 8.0678e-06, 9.2108e-06, 1.1398e-04, 1.0263e-05, 5.5348e-05,
        1.5881e-05, 6.9449e-05, 2.1228e-07, 5.6650e-06, 4.5787e-05, 8.5773e-05,
        3.0352e-05, 1.7003e-04, 3.6529e-05, 3.9546e-05, 1.5568e-04, 7.0419e-05,
        5.2896e-06, 1.2841e-04, 1.0802e-04, 5.9728e-05, 5.2576e-05, 4.9825e-05,
        8.0729e-05, 8.2525e-06, 4.2493e-05, 3.1302e-05, 6.9985e-05, 1.2272e-04,
        3.0428e-05, 1.5927e-05, 3.6936e-05, 4.4765e-05, 3.4596e-07, 2.3276e-05,
        7.3159e-05, 3.2263e-05, 1.4660e-05, 2.7329e-05, 5.7319e-05],
       grad_fn=<CatBackward>)

mean_overall=tensor(5.2069e-05, grad_fn=<MeanBackward0>)

-----------------------------------------------ITERATION360-----------------------------------------------

final_causality=[[1, 1, 1, 1, 1, 1, 1, 1, 1, 1, 1, 1, 1], [1, 1, 1, 1, 1, 1, 1, 1, 1, 1, 1, 1, 1, 1, 1, 1, 1, 1, 1, 1, 1, 1, 1, 1, 1, 1, 1, 1, 1, 1, 1, 1, 1, 1, 1, 1, 1, 1, 1, 1, 1, 1, 1, 1, 1, 1, 1, 1, 1, 1], [1, 1, 1, 1, 1, 1, 1, 1, 1, 1, 1, 1, 1, 1, 1, 1, 1, 1, 1, 1, 1, 1, 1, 1, 1, 1, 1, 1, 1, 1, 1, 1, 1, 1, 1, 1, 1, 1, 1, 1, 1, 1, 1, 1, 1, 1, 1, 1, 1, 1]]

means=tensor([1.6979e-04, 0.0000e+00, 4.8670e-05, 0.0000e+00, 7.8365e-05, 8.6672e-06,
        1.3114e-05, 8.5898e-05, 1.5260e-05, 3.6681e-04, 2.0799e-04, 1.1229e-05,
        1.0503e-04, 4.4080e-05, 5.6855e-05, 9.1503e-05, 7.6886e-06, 6.4928e-06,
        1.4213e-05, 3.7515e-05, 1.0631e-04, 3.9245e-05, 1.4000e-05, 2.5960e-05,
        2.2443e-05, 7.8047e-05, 1.5599e-05, 4.9086e-05, 4.5720e-05, 3.5910e-05,
        1.3659e-05, 1.0003e-04, 2.8359e-05, 9.8306e-05, 4.5180e-05, 2.6254e-06,
        5.6293e-05, 3.3455e-05, 5.1201e-05, 7.3149e-05, 7.5909e-05, 7.8063e-05,
        4.0247e-06, 8.8083e-06, 8.0240e-05, 1.2468e-05, 1.3533e-05, 2.6785e-05,
        3.9050e-05, 4.5231e-05, 1.7252e-04, 1.1667e-04, 6.7826e-05, 3.5836e-06,
        3.6780e-06, 3.4275e-05, 1.0183e-04, 8.6856e-06, 1.4854e-05, 2.7606e-05,
        1.1318e-05, 1.1666e-04, 1.3231e-04, 8.1561e-05, 1.6697e-05, 5.1217e-05,
        4.3666e-05, 3.5086e-05, 2.3710e-05, 4.9490e-05, 3.5589e-05, 1.7204e-05,
        4.2773e-05, 8.0696e-06, 9.0784e-06, 1.1440e-04, 1.0080e-05, 5.5529e-05,
        1.5907e-05, 7.0834e-05, 1.8811e-07, 5.7390e-06, 4.5797e-05, 8.5801e-05,
        3.0105e-05, 1.7057e-04, 3.6262e-05, 3.9059e-05, 1.5547e-04, 7.0456e-05,
        5.3131e-06, 1.2896e-04, 1.0785e-04, 5.9798e-05, 5.2641e-05, 4.9820e-05,
        8.0868e-05, 8.2692e-06, 4.2540e-05, 3.1835e-05, 7.1262e-05, 1.2493e-04,
        3.0764e-05, 1.6036e-05, 3.7257e-05, 4.5013e-05, 3.3962e-07, 2.3422e-05,
        7.4013e-05, 3.2531e-05, 1.4567e-05, 2.7240e-05, 5.7658e-05],
       grad_fn=<CatBackward>)

mean_overall=tensor(5.2592e-05, grad_fn=<MeanBackward0>)

-----------------------------------------------ITERATION370-----------------------------------------------

final_causality=[[1, 1, 1, 1, 1, 1, 1, 1, 1, 1, 1, 1, 1], [1, 1, 1, 1, 1, 1, 1, 1, 1, 1, 1, 1, 1, 1, 1, 1, 1, 1, 1, 1, 1, 1, 1, 1, 1, 1, 1, 1, 1, 1, 1, 1, 1, 1, 1, 1, 1, 1, 1, 1, 1, 1, 1, 1, 1, 1, 1, 1, 1, 1], [1, 1, 1, 1, 1, 1, 1, 1, 1, 1, 1, 1, 1, 1, 1, 1, 1, 1, 1, 1, 1, 1, 1, 1, 1, 1, 1, 1, 1, 1, 1, 1, 1, 1, 1, 1, 1, 1, 1, 1, 1, 1, 1, 1, 1, 1, 1, 1, 1, 1]]

means=tensor([1.8849e-04, 0.0000e+00, 4.6554e-05, 0.0000e+00, 7.7998e-05, 6.8553e-06,
        1.3719e-05, 8.9914e-05, 1.6602e-05, 3.7290e-04, 2.0912e-04, 9.2955e-06,
        1.1445e-04, 4.4606e-05, 5.8266e-05, 9.2956e-05, 7.7818e-06, 6.4627e-06,
        1.4646e-05, 3.8613e-05, 1.0686e-04, 3.9864e-05, 1.4077e-05, 2.6750e-05,
        2.3582e-05, 7.8154e-05, 1.5825e-05, 4.9692e-05, 4.5287e-05, 3.5493e-05,
        1.3059e-05, 1.0459e-04, 2.8267e-05, 9.8454e-05, 4.5547e-05, 2.9791e-06,
        5.5651e-05, 3.3709e-05, 5.1318e-05, 7.2484e-05, 7.5308e-05, 7.8572e-05,
        3.4561e-06, 8.4290e-06, 8.1093e-05, 1.2382e-05, 1.3547e-05, 2.7571e-05,
        3.9249e-05, 4.4760e-05, 1.7441e-04, 1.1731e-04, 6.8317e-05, 3.5277e-06,
        4.4163e-06, 3.3837e-05, 1.0283e-04, 9.1857e-06, 1.5251e-05, 2.7954e-05,
        1.1434e-05, 1.1574e-04, 1.3201e-04, 8.2291e-05, 1.6799e-05, 5.1841e-05,
        4.3920e-05, 3.4480e-05, 2.3809e-05, 4.9412e-05, 3.5382e-05, 1.7097e-05,
        4.2736e-05, 8.0725e-06, 8.9450e-06, 1.1483e-04, 9.8954e-06, 5.5719e-05,
        1.5936e-05, 7.2249e-05, 1.6337e-07, 5.8155e-06, 4.5805e-05, 8.5828e-05,
        3.0194e-05, 1.7113e-04, 3.5992e-05, 3.8569e-05, 1.5527e-04, 7.0492e-05,
        5.3371e-06, 1.2952e-04, 1.0767e-04, 5.9867e-05, 5.2706e-05, 4.9815e-05,
        8.1014e-05, 8.2864e-06, 4.2588e-05, 3.2383e-05, 7.2555e-05, 1.2716e-04,
        3.1112e-05, 1.6146e-05, 3.7593e-05, 4.5272e-05, 3.3274e-07, 2.3573e-05,
        7.4888e-05, 3.2803e-05, 1.4473e-05, 2.7149e-05, 5.8006e-05],
       grad_fn=<CatBackward>)

mean_overall=tensor(5.3136e-05, grad_fn=<MeanBackward0>)

-----------------------------------------------ITERATION380-----------------------------------------------

final_causality=[[1, 1, 1, 1, 1, 1, 1, 1, 1, 1, 1, 1, 1], [1, 1, 1, 1, 1, 1, 1, 1, 1, 1, 1, 1, 1, 1, 1, 1, 1, 1, 1, 1, 1, 1, 1, 1, 1, 1, 1, 1, 1, 1, 1, 1, 1, 1, 1, 1, 1, 1, 1, 1, 1, 1, 1, 1, 1, 1, 1, 1, 1, 1], [1, 1, 1, 1, 1, 1, 1, 1, 1, 1, 1, 1, 1, 1, 1, 1, 1, 1, 1, 1, 1, 1, 1, 1, 1, 1, 1, 1, 1, 1, 1, 1, 1, 1, 1, 1, 1, 1, 1, 1, 1, 1, 1, 1, 1, 1, 1, 1, 1, 1]]

means=tensor([2.0756e-04, 0.0000e+00, 4.4391e-05, 0.0000e+00, 7.7646e-05, 5.0091e-06,
        1.4336e-05, 9.4030e-05, 1.7953e-05, 3.7915e-04, 2.1028e-04, 7.3376e-06,
        1.2410e-04, 4.5147e-05, 5.9725e-05, 9.4447e-05, 7.8756e-06, 6.4526e-06,
        1.5097e-05, 3.9753e-05, 1.0741e-04, 4.0504e-05, 1.4161e-05, 2.7566e-05,
        2.4750e-05, 7.8271e-05, 1.6058e-05, 5.0318e-05, 4.4858e-05, 3.5076e-05,
        1.2457e-05, 1.0937e-04, 2.8185e-05, 9.8612e-05, 4.5925e-05, 3.3414e-06,
        5.5013e-05, 3.3971e-05, 5.1442e-05, 7.1819e-05, 7.4705e-05, 7.9099e-05,
        2.8856e-06, 8.0483e-06, 8.1964e-05, 1.2297e-05, 1.3567e-05, 2.8390e-05,
        3.9458e-05, 4.4288e-05, 1.7635e-04, 1.1795e-04, 6.8824e-05, 3.4747e-06,
        5.1632e-06, 3.3399e-05, 1.0385e-04, 9.6957e-06, 1.5662e-05, 2.8314e-05,
        1.1555e-05, 1.1483e-04, 1.3173e-04, 8.3026e-05, 1.6902e-05, 5.2479e-05,
        4.4185e-05, 3.3891e-05, 2.3911e-05, 4.9332e-05, 3.5177e-05, 1.6990e-05,
        4.2699e-05, 8.0767e-06, 8.8108e-06, 1.1527e-04, 9.7078e-06, 5.5920e-05,
        1.5969e-05, 7.3696e-05, 1.3806e-07, 5.8947e-06, 4.5811e-05, 8.5854e-05,
        3.0350e-05, 1.7170e-04, 3.5718e-05, 3.8076e-05, 1.5507e-04, 7.0530e-05,
        5.3617e-06, 1.3009e-04, 1.0749e-04, 5.9934e-05, 5.2770e-05, 4.9810e-05,
        8.1168e-05, 8.3043e-06, 4.2637e-05, 3.3193e-05, 7.3864e-05, 1.2942e-04,
        3.1473e-05, 1.6259e-05, 3.7944e-05, 4.5541e-05, 3.2530e-07, 2.3728e-05,
        7.5788e-05, 3.3081e-05, 1.4376e-05, 2.7056e-05, 5.8363e-05],
       grad_fn=<CatBackward>)

mean_overall=tensor(5.3700e-05, grad_fn=<MeanBackward0>)

-----------------------------------------------ITERATION390-----------------------------------------------

final_causality=[[1, 1, 1, 1, 1, 1, 1, 1, 1, 1, 1, 1, 1], [1, 1, 1, 1, 1, 1, 1, 1, 1, 1, 1, 1, 1, 1, 1, 1, 1, 1, 1, 1, 1, 1, 1, 1, 1, 1, 1, 1, 1, 1, 1, 1, 1, 1, 1, 1, 1, 1, 1, 1, 1, 1, 1, 1, 1, 1, 1, 1, 1, 1], [1, 1, 1, 1, 1, 1, 1, 1, 1, 1, 1, 1, 1, 1, 1, 1, 1, 1, 1, 1, 1, 1, 1, 1, 1, 1, 1, 1, 1, 1, 1, 1, 1, 1, 1, 1, 1, 1, 1, 1, 1, 1, 1, 1, 1, 1, 1, 1, 1, 1]]

means=tensor([2.2702e-04, 1.3878e-17, 4.2178e-05, 1.3878e-17, 7.7310e-05, 1.5493e-06,
        1.4965e-05, 9.8248e-05, 1.9311e-05, 3.8556e-04, 2.1148e-04, 1.6032e-06,
        1.3401e-04, 4.5703e-05, 6.1232e-05, 9.5976e-05, 7.9699e-06, 6.4454e-06,
        1.5569e-05, 4.0935e-05, 1.0798e-04, 4.1164e-05, 1.4250e-05, 2.8408e-05,
        2.5949e-05, 7.8397e-05, 1.6300e-05, 5.0963e-05, 4.4435e-05, 3.4657e-05,
        1.1851e-05, 1.1435e-04, 2.8178e-05, 9.8778e-05, 4.6313e-05, 3.7127e-06,
        5.4380e-05, 3.4241e-05, 5.1573e-05, 7.1155e-05, 7.4100e-05, 7.9646e-05,
        2.3134e-06, 7.6662e-06, 8.2854e-05, 1.2213e-05, 1.3591e-05, 2.9242e-05,
        3.9678e-05, 4.3817e-05, 1.7833e-04, 1.1862e-04, 6.9349e-05, 3.4247e-06,
        5.9188e-06, 3.2964e-05, 1.0490e-04, 1.0216e-05, 1.6088e-05, 2.8688e-05,
        1.1681e-05, 1.1393e-04, 1.3145e-04, 8.3765e-05, 1.7005e-05, 5.3132e-05,
        4.4461e-05, 3.3300e-05, 2.4018e-05, 4.9249e-05, 3.4975e-05, 1.6881e-05,
        4.2662e-05, 8.0821e-06, 8.6757e-06, 1.1572e-04, 9.5176e-06, 5.6132e-05,
        1.6007e-05, 7.5176e-05, 1.1216e-07, 5.9764e-06, 4.5816e-05, 8.5879e-05,
        3.0511e-05, 1.7229e-04, 3.5440e-05, 3.7579e-05, 1.5486e-04, 7.0568e-05,
        5.3868e-06, 1.3066e-04, 1.0731e-04, 5.9998e-05, 5.2989e-05, 4.9805e-05,
        8.1329e-05, 8.3228e-06, 4.2687e-05, 3.4223e-05, 7.5189e-05, 1.3171e-04,
        3.1846e-05, 1.6373e-05, 3.8310e-05, 4.5820e-05, 3.1729e-07, 2.4000e-05,
        7.6710e-05, 3.3365e-05, 1.4278e-05, 2.6960e-05, 5.8729e-05],
       grad_fn=<CatBackward>)

mean_overall=tensor(5.4238e-05, grad_fn=<MeanBackward0>)

-----------------------------------------------ITERATION400-----------------------------------------------

final_causality=[[1, 1, 1, 1, 1, 1, 1, 1, 1, 1, 1, 1, 1], [1, 1, 1, 1, 1, 1, 1, 1, 1, 1, 1, 1, 1, 1, 1, 1, 1, 1, 1, 1, 1, 1, 1, 1, 1, 1, 1, 1, 1, 1, 1, 1, 1, 1, 1, 1, 1, 1, 1, 1, 1, 1, 1, 1, 1, 1, 1, 1, 1, 1], [1, 1, 1, 1, 1, 1, 1, 1, 1, 1, 1, 1, 1, 1, 1, 1, 1, 1, 1, 1, 1, 1, 1, 1, 1, 1, 1, 1, 1, 1, 1, 1, 1, 1, 1, 1, 1, 1, 1, 1, 1, 1, 1, 1, 1, 1, 1, 1, 1, 1]]

means=tensor([2.4688e-04, 0.0000e+00, 3.9915e-05, 0.0000e+00, 7.6991e-05, 4.8811e-06,
        1.5606e-05, 1.0257e-04, 2.0676e-05, 3.9216e-04, 2.1271e-04, 7.7214e-06,
        1.4417e-04, 4.6275e-05, 6.2789e-05, 9.7545e-05, 8.0649e-06, 6.4411e-06,
        1.6062e-05, 4.2161e-05, 1.0856e-04, 4.1846e-05, 1.4346e-05, 2.9279e-05,
        2.7179e-05, 7.8532e-05, 1.6550e-05, 5.1628e-05, 4.4016e-05, 3.4237e-05,
        1.1243e-05, 1.1957e-04, 2.8199e-05, 9.8955e-05, 4.6712e-05, 4.0935e-06,
        5.3753e-05, 3.4520e-05, 5.1712e-05, 7.0492e-05, 7.3493e-05, 8.0213e-05,
        1.7396e-06, 7.2830e-06, 8.3761e-05, 1.2129e-05, 1.3620e-05, 3.0130e-05,
        3.9907e-05, 4.3345e-05, 1.8036e-04, 1.1929e-04, 6.9892e-05, 3.3776e-06,
        6.6833e-06, 3.2531e-05, 1.0597e-04, 1.0746e-05, 1.6529e-05, 2.9076e-05,
        1.1813e-05, 1.1303e-04, 1.3117e-04, 8.4509e-05, 1.7107e-05, 5.3801e-05,
        4.4748e-05, 3.3110e-05, 2.4128e-05, 4.9185e-05, 3.4776e-05, 1.6772e-05,
        4.2626e-05, 8.0889e-06, 8.5442e-06, 1.1618e-04, 9.3247e-06, 5.6354e-05,
        1.6049e-05, 7.6689e-05, 8.5681e-08, 6.0608e-06, 4.5818e-05, 8.5903e-05,
        3.0676e-05, 1.7289e-04, 3.5157e-05, 3.7080e-05, 1.5466e-04, 7.0606e-05,
        5.4126e-06, 1.3145e-04, 1.0713e-04, 6.0061e-05, 5.3939e-05, 4.9800e-05,
        8.1498e-05, 8.3421e-06, 4.2738e-05, 3.5275e-05, 7.6530e-05, 1.3403e-04,
        3.2232e-05, 1.6488e-05, 3.8692e-05, 4.6109e-05, 3.0870e-07, 2.4887e-05,
        7.7657e-05, 3.3653e-05, 1.4234e-05, 2.6861e-05, 5.9106e-05],
       grad_fn=<CatBackward>)

mean_overall=tensor(5.4978e-05, grad_fn=<MeanBackward0>)

-----------------------------------------------ITERATION410-----------------------------------------------

final_causality=[[1, 1, 1, 1, 1, 1, 1, 1, 1, 1, 1, 1, 1], [1, 1, 1, 1, 1, 1, 1, 1, 1, 1, 1, 1, 1, 1, 1, 1, 1, 1, 1, 1, 1, 1, 1, 1, 1, 1, 1, 1, 1, 1, 1, 1, 1, 1, 1, 1, 1, 1, 1, 1, 1, 1, 1, 1, 1, 1, 1, 1, 1, 1], [1, 1, 1, 1, 1, 1, 1, 1, 1, 1, 1, 1, 1, 1, 1, 1, 1, 1, 1, 1, 1, 1, 1, 1, 1, 1, 1, 1, 1, 1, 1, 1, 1, 1, 1, 1, 1, 1, 1, 1, 1, 1, 1, 1, 1, 1, 1, 1, 1, 1]]

means=tensor([2.6714e-04, 1.3878e-17, 3.7599e-05, 1.3878e-17, 7.6690e-05, 6.9902e-06,
        1.6258e-05, 1.0701e-04, 2.2046e-05, 3.9893e-04, 2.1397e-04, 1.0177e-05,
        1.5460e-04, 4.6864e-05, 6.4397e-05, 9.9154e-05, 8.1608e-06, 6.4401e-06,
        1.6577e-05, 4.3432e-05, 1.0916e-04, 4.2549e-05, 1.4448e-05, 3.0179e-05,
        2.8443e-05, 7.8677e-05, 1.6810e-05, 5.2314e-05, 4.3603e-05, 3.3816e-05,
        1.0632e-05, 1.2501e-04, 2.8233e-05, 9.9141e-05, 4.7122e-05, 4.4843e-06,
        5.3132e-05, 3.4806e-05, 5.1858e-05, 6.9830e-05, 7.2885e-05, 8.0799e-05,
        1.1642e-06, 6.8987e-06, 8.4687e-05, 1.2047e-05, 1.3653e-05, 3.1054e-05,
        4.0148e-05, 4.2873e-05, 1.8243e-04, 1.1998e-04, 7.0452e-05, 3.3336e-06,
        7.4569e-06, 3.2100e-05, 1.0705e-04, 1.1288e-05, 1.6986e-05, 2.9477e-05,
        1.1951e-05, 1.1213e-04, 1.3090e-04, 8.5257e-05, 1.7209e-05, 5.4486e-05,
        4.5046e-05, 3.3043e-05, 2.4242e-05, 4.9132e-05, 3.4581e-05, 1.6661e-05,
        4.2588e-05, 8.0972e-06, 8.5735e-06, 1.1665e-04, 9.1290e-06, 5.6589e-05,
        1.6096e-05, 7.8235e-05, 5.8595e-08, 6.1481e-06, 4.5818e-05, 8.5926e-05,
        3.0972e-05, 1.7351e-04, 3.4982e-05, 3.6576e-05, 1.5445e-04, 7.0644e-05,
        5.4390e-06, 1.3235e-04, 1.0695e-04, 6.0122e-05, 5.4902e-05, 4.9795e-05,
        8.1675e-05, 8.3621e-06, 4.2790e-05, 3.6348e-05, 7.7887e-05, 1.3637e-04,
        3.2633e-05, 1.6606e-05, 3.9091e-05, 4.6410e-05, 2.9951e-07, 2.5787e-05,
        7.8628e-05, 3.4243e-05, 1.4209e-05, 2.6760e-05, 5.9492e-05],
       grad_fn=<CatBackward>)

mean_overall=tensor(5.5702e-05, grad_fn=<MeanBackward0>)

-----------------------------------------------ITERATION420-----------------------------------------------

final_causality=[[1, 1, 1, 1, 1, 1, 1, 1, 1, 1, 1, 1, 1], [1, 1, 1, 1, 1, 1, 1, 1, 1, 1, 1, 1, 1, 1, 1, 1, 1, 1, 1, 1, 1, 1, 1, 1, 1, 1, 1, 1, 1, 1, 1, 1, 1, 1, 1, 1, 1, 1, 1, 1, 1, 1, 1, 1, 1, 1, 1, 1, 1, 1], [1, 1, 1, 1, 1, 1, 1, 1, 1, 1, 1, 1, 1, 1, 1, 1, 1, 1, 1, 1, 1, 1, 1, 1, 1, 1, 1, 1, 1, 1, 1, 1, 1, 1, 1, 1, 1, 1, 1, 1, 1, 1, 1, 1, 1, 1, 1, 1, 1, 1]]

means=tensor([2.8784e-04, 1.3878e-17, 3.5227e-05, 1.3878e-17, 7.6409e-05, 9.1425e-06,
        1.6922e-05, 1.1155e-04, 2.3423e-05, 4.0588e-04, 2.1527e-04, 1.2668e-05,
        1.6530e-04, 4.7469e-05, 6.6059e-05, 1.0080e-04, 8.2577e-06, 6.4422e-06,
        1.7115e-05, 4.4748e-05, 1.0976e-04, 4.3273e-05, 1.4557e-05, 3.1108e-05,
        2.9740e-05, 7.8831e-05, 1.7078e-05, 5.3020e-05, 4.3196e-05, 3.3394e-05,
        1.0019e-05, 1.3069e-04, 2.8279e-05, 9.9336e-05, 4.7543e-05, 4.8856e-06,
        5.2517e-05, 3.5102e-05, 5.2012e-05, 6.9170e-05, 7.2276e-05, 8.1406e-05,
        5.8732e-07, 6.5134e-06, 8.5632e-05, 1.1966e-05, 1.3691e-05, 3.2015e-05,
        4.0399e-05, 4.2402e-05, 1.8482e-04, 1.2069e-04, 7.1031e-05, 3.2928e-06,
        8.2398e-06, 3.1671e-05, 1.0817e-04, 1.1840e-05, 1.7459e-05, 2.9894e-05,
        1.2095e-05, 1.1124e-04, 1.3064e-04, 8.6010e-05, 1.7311e-05, 5.5187e-05,
        4.5357e-05, 3.2975e-05, 2.4360e-05, 4.9078e-05, 3.4390e-05, 1.6549e-05,
        4.2551e-05, 8.1068e-06, 8.7226e-06, 1.1713e-04, 9.0712e-06, 5.6835e-05,
        1.6148e-05, 7.9816e-05, 3.0895e-08, 6.2381e-06, 4.5815e-05, 8.5949e-05,
        3.1460e-05, 1.7414e-04, 3.4871e-05, 3.6096e-05, 1.5424e-04, 7.0684e-05,
        5.4661e-06, 1.3327e-04, 1.0676e-04, 6.0181e-05, 5.5880e-05, 4.9789e-05,
        8.2264e-05, 8.3830e-06, 4.2843e-05, 3.7443e-05, 7.9260e-05, 1.3874e-04,
        3.3047e-05, 1.6725e-05, 3.9506e-05, 4.6721e-05, 2.8973e-07, 2.6699e-05,
        7.9624e-05, 3.4859e-05, 1.4183e-05, 2.6657e-05, 5.9890e-05],
       grad_fn=<CatBackward>)

mean_overall=tensor(5.6457e-05, grad_fn=<MeanBackward0>)

-----------------------------------------------ITERATION430-----------------------------------------------

final_causality=[[1, 1, 1, 1, 1, 1, 1, 1, 1, 1, 1, 1, 1], [1, 1, 1, 1, 1, 1, 1, 1, 1, 1, 1, 1, 1, 1, 1, 1, 1, 1, 1, 1, 1, 1, 1, 1, 1, 1, 1, 1, 1, 1, 1, 1, 1, 1, 1, 1, 1, 1, 1, 1, 1, 1, 1, 1, 1, 1, 1, 1, 1, 1], [1, 1, 1, 1, 1, 1, 1, 1, 1, 1, 1, 1, 1, 1, 1, 1, 1, 1, 1, 1, 1, 1, 1, 1, 1, 1, 1, 1, 1, 1, 1, 1, 1, 1, 1, 1, 1, 1, 1, 1, 1, 1, 1, 1, 1, 1, 1, 1, 1, 1]]

means=tensor([3.0897e-04, 0.0000e+00, 3.2799e-05, 0.0000e+00, 7.6148e-05, 1.1340e-05,
        1.7597e-05, 1.1622e-04, 2.4803e-05, 4.1301e-04, 2.1659e-04, 1.5197e-05,
        1.7628e-04, 4.8091e-05, 6.7775e-05, 1.0249e-04, 8.3557e-06, 6.4477e-06,
        1.7676e-05, 4.6119e-05, 1.1038e-04, 4.4021e-05, 1.4672e-05, 3.2067e-05,
        3.1072e-05, 7.8994e-05, 1.7357e-05, 5.3749e-05, 4.2794e-05, 3.2971e-05,
        9.4033e-06, 1.3662e-04, 2.8338e-05, 9.9542e-05, 4.7975e-05, 5.2980e-06,
        5.1909e-05, 3.5406e-05, 5.2173e-05, 6.8512e-05, 7.1666e-05, 8.2033e-05,
        9.0418e-09, 6.1272e-06, 8.6595e-05, 1.1887e-05, 1.3734e-05, 3.3015e-05,
        4.0662e-05, 4.2204e-05, 1.8741e-04, 1.2141e-04, 7.1629e-05, 3.2552e-06,
        9.0324e-06, 3.1245e-05, 1.0930e-04, 1.2404e-05, 1.7949e-05, 3.0325e-05,
        1.2245e-05, 1.1036e-04, 1.3038e-04, 8.6767e-05, 1.7412e-05, 5.5904e-05,
        4.5679e-05, 3.2906e-05, 2.4483e-05, 4.9022e-05, 3.4203e-05, 1.6436e-05,
        4.2513e-05, 8.1181e-06, 8.8749e-06, 1.1762e-04, 9.0370e-06, 5.7094e-05,
        1.6204e-05, 8.1431e-05, 2.5693e-09, 6.3312e-06, 4.5810e-05, 8.5971e-05,
        3.1999e-05, 1.7480e-04, 3.4760e-05, 3.5767e-05, 1.5402e-04, 7.0723e-05,
        5.4938e-06, 1.3420e-04, 1.0658e-04, 6.0237e-05, 5.6872e-05, 4.9784e-05,
        8.3707e-05, 8.4049e-06, 4.2897e-05, 3.8560e-05, 8.0648e-05, 1.4114e-04,
        3.3477e-05, 1.6845e-05, 3.9938e-05, 4.7043e-05, 2.7933e-07, 2.7623e-05,
        8.0645e-05, 3.5488e-05, 1.4158e-05, 2.6551e-05, 6.0297e-05],
       grad_fn=<CatBackward>)

mean_overall=tensor(5.7246e-05, grad_fn=<MeanBackward0>)

-----------------------------------------------ITERATION440-----------------------------------------------

final_causality=[[1, 1, 1, 1, 1, 1, 1, 1, 1, 1, 1, 1, 1], [1, 1, 1, 1, 1, 1, 1, 1, 1, 1, 1, 1, 1, 1, 1, 1, 1, 1, 1, 1, 1, 1, 1, 1, 1, 1, 1, 1, 1, 1, 1, 1, 1, 1, 1, 1, 1, 1, 1, 1, 1, 1, 1, 1, 1, 1, 1, 1, 1, 1], [1, 1, 1, 1, 1, 1, 1, 1, 1, 1, 1, 1, 1, 1, 1, 1, 1, 1, 1, 1, 1, 1, 1, 1, 1, 1, 1, 1, 1, 1, 1, 1, 1, 1, 1, 1, 1, 1, 1, 1, 1, 1, 1, 1, 1, 1, 1, 1, 1, 1]]

means=tensor([3.3055e-04, 1.3878e-17, 3.0311e-05, 1.3878e-17, 7.5909e-05, 1.3583e-05,
        1.8284e-05, 1.2101e-04, 2.6187e-05, 4.2034e-04, 2.1796e-04, 1.7762e-05,
        1.8755e-04, 4.8730e-05, 6.9548e-05, 1.0422e-04, 8.4550e-06, 6.4568e-06,
        1.8262e-05, 4.7592e-05, 1.1102e-04, 4.4792e-05, 1.4795e-05, 3.3058e-05,
        3.2440e-05, 7.9168e-05, 1.7669e-05, 5.4500e-05, 4.2399e-05, 3.2547e-05,
        8.7854e-06, 1.4281e-04, 2.8409e-05, 9.9758e-05, 4.8419e-05, 5.7221e-06,
        5.1307e-05, 3.5719e-05, 5.2342e-05, 6.7856e-05, 7.1055e-05, 8.2682e-05,
        2.5272e-07, 5.7402e-06, 8.7577e-05, 1.1808e-05, 1.3782e-05, 3.4054e-05,
        4.0936e-05, 4.2020e-05, 1.9005e-04, 1.2215e-04, 7.2246e-05, 3.2209e-06,
        9.8350e-06, 3.0822e-05, 1.1046e-04, 1.2980e-05, 1.8456e-05, 3.0846e-05,
        1.2402e-05, 1.0948e-04, 1.3013e-04, 8.7529e-05, 1.7513e-05, 5.6639e-05,
        4.6014e-05, 3.2836e-05, 2.4609e-05, 4.8964e-05, 3.4021e-05, 1.6321e-05,
        4.2475e-05, 8.1309e-06, 9.0307e-06, 1.1812e-04, 9.0028e-06, 5.7366e-05,
        1.6266e-05, 8.3082e-05, 2.6226e-08, 6.4272e-06, 4.5802e-05, 8.5995e-05,
        3.2548e-05, 1.7547e-04, 3.4649e-05, 3.5436e-05, 1.5380e-04, 7.0763e-05,
        5.5223e-06, 1.3515e-04, 1.0639e-04, 6.0292e-05, 5.7878e-05, 4.9779e-05,
        8.5184e-05, 8.4278e-06, 4.2953e-05, 3.9700e-05, 8.2052e-05, 1.4356e-04,
        3.3921e-05, 1.6968e-05, 4.0388e-05, 4.7377e-05, 2.6831e-07, 2.8559e-05,
        8.1691e-05, 3.6131e-05, 1.4133e-05, 2.6442e-05, 6.0716e-05],
       grad_fn=<CatBackward>)

mean_overall=tensor(5.8067e-05, grad_fn=<MeanBackward0>)

