-----------------------------------------------ITERATION0-----------------------------------------------

final_causality=[[1, 1, 1, 1, 1, 1, 1, 1, 1, 1, 1, 1, 1], [1, 1, 1, 1, 1, 1, 1, 1, 1, 1, 1, 1, 1, 1, 1, 1, 1, 1, 1, 1, 1, 1, 1, 1, 1, 1, 1, 1, 1, 1, 1, 1, 1, 1, 1, 1, 1, 1, 1, 1, 1, 1, 1, 1, 1, 1, 1, 1, 1, 1], [1, 1, 1, 1, 1, 1, 1, 1, 1, 1, 1, 1, 1, 1, 1, 1, 1, 1, 1, 1, 1, 1, 1, 1, 1, 1, 1, 1, 1, 1, 1, 1, 1, 1, 1, 1, 1, 1, 1, 1, 1, 1, 1, 1, 1, 1, 1, 1, 1, 1]]

means=tensor([5.3709e-06, 1.0205e-04, 1.7550e-04, 3.1569e-04, 1.5680e-09, 1.0732e-04,
        6.8940e-06, 5.1398e-05, 1.3205e-04, 2.5397e-04, 1.8164e-04, 2.9264e-06,
        5.8110e-05, 6.5985e-05, 3.5941e-05, 5.5590e-05, 1.3907e-04, 1.9207e-05,
        8.5913e-05, 3.3289e-05, 1.4674e-04, 1.5060e-06, 6.0346e-05, 4.4489e-06,
        4.7648e-06, 5.4968e-06, 1.1514e-04, 8.7496e-05, 2.9770e-04, 1.0211e-04,
        7.3151e-05, 6.2660e-05, 3.2885e-06, 1.4853e-05, 1.6229e-04, 9.3005e-05,
        3.2865e-04, 2.7694e-06, 2.9811e-05, 8.0273e-05, 7.5427e-05, 1.0099e-04,
        3.6762e-05, 5.6938e-05, 4.8912e-05, 8.7362e-06, 3.7596e-05, 9.6666e-05,
        4.4039e-05, 2.1943e-05, 2.2919e-04, 3.6798e-05, 6.7016e-05, 1.6303e-05,
        5.5181e-05, 8.6356e-05, 1.3532e-04, 1.2830e-05, 9.4674e-05, 3.3713e-05,
        9.5011e-06, 5.4217e-05, 2.8610e-05, 1.7684e-04, 9.2915e-06, 3.5149e-05,
        1.6984e-04, 4.5650e-05, 7.2173e-05, 1.5822e-04, 9.0395e-06, 2.4929e-05,
        1.6591e-04, 4.1210e-05, 3.9339e-05, 1.7102e-04, 3.1174e-05, 4.7360e-05,
        7.1798e-05, 1.8314e-05, 2.7812e-05, 1.7666e-04, 1.7642e-07, 5.6395e-05,
        7.7472e-05, 8.1842e-05, 2.1050e-05, 1.0233e-04, 1.0886e-04, 8.9843e-05,
        3.0058e-06, 5.8391e-05, 3.8459e-05, 5.1606e-05, 6.7254e-05, 1.7561e-05,
        9.9487e-05, 5.0987e-05, 4.9221e-05, 3.3291e-05, 3.1452e-06, 3.1546e-05,
        8.6727e-05, 3.2536e-05, 5.3862e-05, 7.5672e-06, 1.8047e-05, 1.2106e-04,
        2.5842e-05, 1.4583e-05, 1.6365e-05, 1.2550e-04, 1.4735e-04],
       grad_fn=<CatBackward>)

mean_overall=tensor(7.1462e-05, grad_fn=<MeanBackward0>)

-----------------------------------------------ITERATION10-----------------------------------------------

final_causality=[[1, 1, 1, 1, 1, 1, 1, 1, 1, 1, 1, 1, 1], [1, 1, 1, 1, 1, 1, 1, 1, 1, 1, 1, 1, 1, 1, 1, 1, 1, 1, 1, 1, 1, 1, 1, 1, 1, 1, 1, 1, 1, 1, 1, 1, 1, 1, 1, 1, 1, 1, 1, 1, 1, 1, 1, 1, 1, 1, 1, 1, 1, 1], [1, 1, 1, 1, 1, 1, 1, 1, 1, 1, 1, 1, 1, 1, 1, 1, 1, 1, 1, 1, 1, 1, 1, 1, 1, 1, 1, 1, 1, 1, 1, 1, 1, 1, 1, 1, 1, 1, 1, 1, 1, 1, 1, 1, 1, 1, 1, 1, 1, 1]]

means=tensor([3.5420e-05, 1.1080e-04, 2.1320e-04, 2.7967e-04, 4.1519e-05, 1.1450e-04,
        4.0046e-06, 4.0080e-05, 1.0900e-04, 2.4227e-04, 1.8068e-04, 3.6065e-05,
        4.8626e-05, 7.9259e-05, 5.4430e-05, 7.0822e-05, 1.5324e-04, 2.7544e-05,
        6.2094e-05, 4.6060e-05, 1.2785e-04, 9.9113e-06, 7.3453e-05, 2.0160e-05,
        2.9201e-05, 1.6475e-05, 8.6101e-05, 1.0440e-04, 3.2450e-04, 1.2373e-04,
        8.8520e-05, 4.6076e-05, 1.7666e-05, 3.8614e-05, 1.4043e-04, 1.0966e-04,
        3.5732e-04, 1.3933e-05, 7.6158e-06, 1.0263e-04, 9.5823e-05, 1.1329e-04,
        5.3207e-05, 7.2107e-05, 7.0406e-05, 1.9894e-05, 5.9640e-05, 1.1708e-04,
        6.4117e-05, 1.5221e-05, 2.0810e-04, 5.8973e-05, 5.3174e-05, 1.4772e-05,
        3.6265e-05, 1.0998e-04, 1.2334e-04, 2.5191e-05, 1.1610e-04, 2.5555e-06,
        2.4337e-06, 3.9099e-05, 3.7410e-06, 1.7864e-04, 1.2097e-05, 3.8697e-05,
        1.7703e-04, 4.3246e-05, 6.9571e-05, 1.6821e-04, 5.1482e-06, 2.3683e-05,
        1.7666e-04, 4.2654e-05, 3.4442e-05, 1.7654e-04, 2.6847e-05, 4.4477e-05,
        7.2492e-05, 2.0561e-05, 2.4136e-05, 1.6904e-04, 5.4379e-06, 5.1707e-05,
        7.7294e-05, 7.6749e-05, 2.0017e-05, 1.0806e-04, 1.0388e-04, 8.5726e-05,
        6.8422e-06, 5.2502e-05, 3.5172e-05, 4.8244e-05, 6.5247e-05, 1.5564e-05,
        8.7757e-05, 5.3975e-05, 5.0990e-05, 3.6798e-05, 1.4515e-07, 3.5041e-05,
        8.1940e-05, 2.7408e-05, 5.1866e-05, 9.9278e-06, 1.9986e-05, 1.2742e-04,
        2.3516e-05, 1.2128e-05, 2.0210e-05, 1.2749e-04, 1.4500e-04],
       grad_fn=<CatBackward>)

mean_overall=tensor(7.4604e-05, grad_fn=<MeanBackward0>)

-----------------------------------------------ITERATION20-----------------------------------------------

final_causality=[[1, 1, 1, 1, 1, 1, 1, 1, 1, 1, 1, 1, 1], [1, 1, 1, 1, 1, 1, 1, 1, 1, 1, 1, 1, 1, 1, 1, 1, 1, 1, 1, 1, 1, 1, 1, 1, 1, 1, 1, 1, 1, 1, 1, 1, 1, 1, 1, 1, 1, 1, 1, 1, 1, 1, 1, 1, 1, 1, 1, 1, 1, 1], [1, 1, 1, 1, 1, 1, 1, 1, 1, 1, 1, 1, 1, 1, 1, 1, 1, 1, 1, 1, 1, 1, 1, 1, 1, 1, 1, 1, 1, 1, 1, 1, 1, 1, 1, 1, 1, 1, 1, 1, 1, 1, 1, 1, 1, 1, 1, 1, 1, 1]]

means=tensor([2.3160e-05, 1.0643e-04, 2.0037e-04, 2.8536e-04, 2.7541e-05, 1.1105e-04,
        4.2612e-06, 4.5183e-05, 1.1223e-04, 2.4787e-04, 1.8313e-04, 2.4616e-05,
        5.2740e-05, 7.5303e-05, 4.8831e-05, 6.6486e-05, 1.4946e-04, 2.5094e-05,
        6.8786e-05, 4.2233e-05, 1.3309e-04, 7.5016e-06, 6.9225e-05, 1.2860e-05,
        2.1930e-05, 1.3345e-05, 9.4574e-05, 9.9496e-05, 3.1681e-04, 1.1693e-04,
        8.3625e-05, 5.1038e-05, 1.3452e-05, 3.1871e-05, 1.4714e-04, 1.0476e-04,
        3.4863e-04, 1.0798e-05, 1.3932e-05, 9.5811e-05, 8.9264e-05, 1.0964e-04,
        4.8423e-05, 6.7632e-05, 6.3858e-05, 1.6327e-05, 5.2793e-05, 1.1104e-04,
        5.8254e-05, 1.7207e-05, 2.1363e-04, 5.2340e-05, 5.7566e-05, 7.1118e-06,
        4.1659e-05, 1.0311e-04, 1.2617e-04, 2.1192e-05, 1.1015e-04, 9.3290e-06,
        4.5568e-06, 4.3086e-05, 1.0712e-05, 1.7749e-04, 1.1271e-05, 3.7643e-05,
        1.7503e-04, 4.4140e-05, 7.1240e-05, 1.6489e-04, 6.3071e-06, 2.4196e-05,
        1.7399e-04, 4.1808e-05, 3.7169e-05, 1.7528e-04, 2.7858e-05, 4.5677e-05,
        7.2199e-05, 2.0093e-05, 2.5255e-05, 1.7047e-04, 3.7390e-06, 5.2800e-05,
        7.7226e-05, 7.8068e-05, 2.0271e-05, 1.0626e-04, 1.0526e-04, 8.6836e-05,
        5.6766e-06, 5.4111e-05, 3.6026e-05, 4.9268e-05, 6.5374e-05, 1.6005e-05,
        9.0765e-05, 5.2697e-05, 5.0481e-05, 3.5850e-05, 1.0023e-06, 3.3947e-05,
        8.3670e-05, 2.8880e-05, 5.2019e-05, 9.2255e-06, 1.9415e-05, 1.2600e-04,
        2.3976e-05, 1.2939e-05, 1.9033e-05, 1.2729e-04, 1.4570e-04],
       grad_fn=<CatBackward>)

mean_overall=tensor(7.3396e-05, grad_fn=<MeanBackward0>)

-----------------------------------------------ITERATION30-----------------------------------------------

final_causality=[[1, 1, 1, 1, 1, 1, 1, 1, 1, 1, 1, 1, 1], [1, 1, 1, 1, 1, 1, 1, 1, 1, 1, 1, 1, 1, 1, 1, 1, 1, 1, 1, 1, 1, 1, 1, 1, 1, 1, 1, 1, 1, 1, 1, 1, 1, 1, 1, 1, 1, 1, 1, 1, 1, 1, 1, 1, 1, 1, 1, 1, 1, 1], [1, 1, 1, 1, 1, 1, 1, 1, 1, 1, 1, 1, 1, 1, 1, 1, 1, 1, 1, 1, 1, 1, 1, 1, 1, 1, 1, 1, 1, 1, 1, 1, 1, 1, 1, 1, 1, 1, 1, 1, 1, 1, 1, 1, 1, 1, 1, 1, 1, 1]]

means=tensor([2.1044e-05, 1.0450e-04, 1.9803e-04, 2.8063e-04, 2.6966e-05, 1.1000e-04,
        4.6562e-06, 4.6864e-05, 1.1144e-04, 2.4985e-04, 1.8448e-04, 2.1738e-05,
        5.3819e-05, 7.4735e-05, 4.7758e-05, 6.5664e-05, 1.4916e-04, 2.4564e-05,
        6.9657e-05, 4.1509e-05, 1.3390e-04, 7.1008e-06, 6.8220e-05, 1.1458e-05,
        2.0471e-05, 1.2792e-05, 9.5951e-05, 9.8636e-05, 3.1557e-04, 1.1544e-04,
        8.2419e-05, 5.1912e-05, 1.2769e-05, 3.0844e-05, 1.4860e-04, 1.0398e-04,
        3.4713e-04, 1.0242e-05, 1.5029e-05, 9.4644e-05, 8.7746e-05, 1.0884e-04,
        4.7779e-05, 6.6892e-05, 6.2761e-05, 1.5541e-05, 5.1557e-05, 1.0996e-04,
        5.7198e-05, 1.7566e-05, 2.1409e-04, 5.1138e-05, 5.8424e-05, 5.7314e-06,
        4.2414e-05, 1.0215e-04, 1.2621e-04, 2.0399e-05, 1.0939e-04, 1.1136e-05,
        4.9388e-06, 4.3527e-05, 1.1881e-05, 1.7697e-04, 1.1147e-05, 3.7483e-05,
        1.7457e-04, 4.4448e-05, 7.1607e-05, 1.6415e-04, 6.5070e-06, 2.4367e-05,
        1.7385e-04, 4.1497e-05, 3.7840e-05, 1.7501e-04, 2.7955e-05, 4.5977e-05,
        7.2118e-05, 2.0024e-05, 2.5472e-05, 1.6995e-04, 3.3917e-06, 5.2882e-05,
        7.7164e-05, 7.8303e-05, 2.0415e-05, 1.0585e-04, 1.0549e-04, 8.6902e-05,
        5.4475e-06, 5.4260e-05, 3.6144e-05, 4.9495e-05, 6.5264e-05, 1.6058e-05,
        9.0772e-05, 5.2196e-05, 5.0406e-05, 3.5668e-05, 1.1586e-06, 3.3736e-05,
        8.4346e-05, 2.9124e-05, 5.2013e-05, 9.0851e-06, 1.9299e-05, 1.2627e-04,
        2.4030e-05, 1.3108e-05, 1.8834e-05, 1.2733e-04, 1.4580e-04],
       grad_fn=<CatBackward>)

mean_overall=tensor(7.3121e-05, grad_fn=<MeanBackward0>)

-----------------------------------------------ITERATION40-----------------------------------------------

final_causality=[[1, 1, 1, 1, 1, 1, 1, 1, 1, 1, 1, 1, 1], [1, 1, 1, 1, 1, 1, 1, 1, 1, 1, 1, 1, 1, 1, 1, 1, 1, 1, 1, 1, 1, 1, 1, 1, 1, 1, 1, 1, 1, 1, 1, 1, 1, 1, 1, 1, 1, 1, 1, 1, 1, 1, 1, 1, 1, 1, 1, 1, 1, 1], [1, 1, 1, 1, 1, 1, 1, 1, 1, 1, 1, 1, 1, 1, 1, 1, 1, 1, 1, 1, 1, 1, 1, 1, 1, 1, 1, 1, 1, 1, 1, 1, 1, 1, 1, 1, 1, 1, 1, 1, 1, 1, 1, 1, 1, 1, 1, 1, 1, 1]]

means=tensor([2.6750e-05, 1.0413e-04, 2.0323e-04, 2.6807e-04, 3.6268e-05, 1.1041e-04,
        3.9181e-06, 4.6408e-05, 1.0639e-04, 2.4970e-04, 1.8559e-04, 2.4818e-05,
        5.3088e-05, 7.6813e-05, 5.0261e-05, 6.7696e-05, 1.5165e-04, 2.5572e-05,
        6.5932e-05, 4.3243e-05, 1.3118e-04, 8.3187e-06, 6.9739e-05, 1.4502e-05,
        2.3665e-05, 1.4318e-05, 9.1687e-05, 1.0104e-04, 3.1955e-04, 1.1812e-04,
        8.4124e-05, 4.9565e-05, 1.4896e-05, 3.4384e-05, 1.4588e-04, 1.0650e-04,
        3.5129e-04, 1.1819e-05, 1.1967e-05, 9.7916e-05, 9.0172e-05, 1.1034e-04,
        5.0418e-05, 6.9121e-05, 6.5951e-05, 1.6912e-05, 5.4696e-05, 1.1284e-04,
        5.9999e-05, 1.6645e-05, 2.1056e-04, 5.4241e-05, 5.6489e-05, 9.4505e-06,
        3.9477e-05, 1.0587e-04, 1.2410e-04, 2.2061e-05, 1.1282e-04, 6.3202e-06,
        3.9192e-06, 4.1153e-05, 8.4369e-06, 1.7693e-04, 1.1594e-05, 3.8041e-05,
        1.7545e-04, 4.3958e-05, 7.1214e-05, 1.6543e-04, 5.9332e-06, 2.4286e-05,
        1.7562e-04, 4.1560e-05, 3.7027e-05, 1.7570e-04, 2.7287e-05, 4.5627e-05,
        7.2253e-05, 2.0415e-05, 2.4958e-05, 1.6789e-04, 4.1480e-06, 5.2120e-05,
        7.7132e-05, 7.7683e-05, 2.0434e-05, 1.0662e-04, 1.0476e-04, 8.6135e-05,
        5.9782e-06, 5.3276e-05, 3.5675e-05, 4.9089e-05, 6.5357e-05, 1.5768e-05,
        8.8512e-05, 5.2330e-05, 5.0684e-05, 3.6148e-05, 7.2700e-07, 3.4221e-05,
        8.4164e-05, 2.8384e-05, 5.1819e-05, 9.4038e-06, 1.9550e-05, 1.2791e-04,
        2.3759e-05, 1.2757e-05, 1.9418e-05, 1.2762e-04, 1.4547e-04],
       grad_fn=<CatBackward>)

mean_overall=tensor(7.3545e-05, grad_fn=<MeanBackward0>)

-----------------------------------------------ITERATION50-----------------------------------------------

final_causality=[[1, 1, 1, 1, 1, 1, 1, 1, 1, 1, 1, 1, 1], [1, 1, 1, 1, 1, 1, 1, 1, 1, 1, 1, 1, 1, 1, 1, 1, 1, 1, 1, 1, 1, 1, 1, 1, 1, 1, 1, 1, 1, 1, 1, 1, 1, 1, 1, 1, 1, 1, 1, 1, 1, 1, 1, 1, 1, 1, 1, 1, 1, 1], [1, 1, 1, 1, 1, 1, 1, 1, 1, 1, 1, 1, 1, 1, 1, 1, 1, 1, 1, 1, 1, 1, 1, 1, 1, 1, 1, 1, 1, 1, 1, 1, 1, 1, 1, 1, 1, 1, 1, 1, 1, 1, 1, 1, 1, 1, 1, 1, 1, 1]]

means=tensor([2.2506e-05, 1.0155e-04, 1.9934e-04, 2.6344e-04, 3.4229e-05, 1.0911e-04,
        4.3813e-06, 4.8707e-05, 1.0719e-04, 2.5248e-04, 1.8709e-04, 2.0459e-05,
        5.4621e-05, 7.5611e-05, 4.8190e-05, 6.6008e-05, 1.5075e-04, 2.4547e-05,
        6.8066e-05, 4.1856e-05, 1.3312e-04, 7.5018e-06, 6.8004e-05, 1.1980e-05,
        2.0855e-05, 1.3165e-05, 9.4699e-05, 9.9307e-05, 3.1696e-04, 1.1543e-04,
        8.2008e-05, 5.1407e-05, 1.3483e-05, 3.2171e-05, 1.4877e-04, 1.0492e-04,
        3.4842e-04, 1.0665e-05, 1.4315e-05, 9.5619e-05, 8.7492e-05, 1.0883e-04,
        4.8998e-05, 6.7626e-05, 6.3807e-05, 1.5540e-05, 5.2346e-05, 1.1070e-04,
        5.7842e-05, 1.7403e-05, 2.1217e-04, 5.1903e-05, 5.8166e-05, 6.5927e-06,
        4.1258e-05, 1.0377e-04, 1.2469e-04, 2.0650e-05, 1.1100e-04, 1.0064e-05,
        4.6998e-06, 4.2400e-05, 1.1013e-05, 1.7639e-04, 1.1331e-05, 3.7700e-05,
        1.7463e-04, 4.4312e-05, 7.1566e-05, 1.6420e-04, 6.3614e-06, 2.4571e-05,
        1.7498e-04, 4.1266e-05, 3.7612e-05, 1.7507e-04, 2.7701e-05, 4.6033e-05,
        7.2182e-05, 2.0161e-05, 2.5402e-05, 1.6762e-04, 3.5463e-06, 5.2475e-05,
        7.7155e-05, 7.8251e-05, 2.0758e-05, 1.0593e-04, 1.0530e-04, 8.6409e-05,
        5.5611e-06, 5.3714e-05, 3.6007e-05, 4.9555e-05, 6.5490e-05, 1.6009e-05,
        8.8956e-05, 5.1678e-05, 5.0529e-05, 3.5769e-05, 1.0488e-06, 3.3832e-05,
        8.5319e-05, 2.8946e-05, 5.2074e-05, 9.1403e-06, 1.9336e-05, 1.2806e-04,
        2.3940e-05, 1.3045e-05, 1.9030e-05, 1.2742e-04, 1.4572e-04],
       grad_fn=<CatBackward>)

mean_overall=tensor(7.3106e-05, grad_fn=<MeanBackward0>)

-----------------------------------------------ITERATION60-----------------------------------------------

final_causality=[[1, 1, 1, 1, 1, 1, 1, 1, 1, 1, 1, 1, 1], [1, 1, 1, 1, 1, 1, 1, 1, 1, 1, 1, 1, 1, 1, 1, 1, 1, 1, 1, 1, 1, 1, 1, 1, 1, 1, 1, 1, 1, 1, 1, 1, 1, 1, 1, 1, 1, 1, 1, 1, 1, 1, 1, 1, 1, 1, 1, 1, 1, 1], [1, 1, 1, 1, 1, 1, 1, 1, 1, 1, 1, 1, 1, 1, 1, 1, 1, 1, 1, 1, 1, 1, 1, 1, 1, 1, 1, 1, 1, 1, 1, 1, 1, 1, 1, 1, 1, 1, 1, 1, 1, 1, 1, 1, 1, 1, 1, 1, 1, 1]]

means=tensor([2.4775e-05, 1.0019e-04, 2.0156e-04, 2.5228e-04, 4.0311e-05, 1.0893e-04,
        3.9523e-06, 4.9318e-05, 1.0416e-04, 2.5358e-04, 1.8848e-04, 2.0908e-05,
        5.4713e-05, 7.6610e-05, 4.9093e-05, 6.6711e-05, 1.5218e-04, 2.4805e-05,
        6.6353e-05, 4.2507e-05, 1.3206e-04, 8.0244e-06, 6.8353e-05, 1.3108e-05,
        2.1908e-05, 1.3748e-05, 9.2978e-05, 1.0029e-04, 3.1880e-04, 1.1620e-04,
        8.2310e-05, 5.0544e-05, 1.4414e-05, 3.3750e-05, 1.4810e-04, 1.0607e-04,
        3.5023e-04, 1.1287e-05, 1.3178e-05, 9.7005e-05, 8.8080e-05, 1.0925e-04,
        5.0315e-05, 6.8597e-05, 6.5215e-05, 1.5940e-05, 5.3618e-05, 1.1186e-04,
        5.8908e-05, 1.7084e-05, 2.1041e-04, 5.3137e-05, 5.7494e-05, 7.9843e-06,
        3.9941e-05, 1.0557e-04, 1.2347e-04, 2.1259e-05, 1.1268e-04, 8.2701e-06,
        4.3094e-06, 4.1286e-05, 9.7182e-06, 1.7620e-04, 1.1546e-05, 3.7963e-05,
        1.7491e-04, 4.4050e-05, 7.1421e-05, 1.6462e-04, 6.1408e-06, 2.4642e-05,
        1.7595e-04, 4.1240e-05, 3.7095e-05, 1.7526e-04, 2.7447e-05, 4.5921e-05,
        7.2267e-05, 2.0276e-05, 2.5228e-05, 1.6605e-04, 3.8406e-06, 5.2103e-05,
        7.7173e-05, 7.8085e-05, 2.0944e-05, 1.0621e-04, 1.0503e-04, 8.5977e-05,
        5.7681e-06, 5.3204e-05, 3.5835e-05, 4.9481e-05, 6.5660e-05, 1.5938e-05,
        8.7530e-05, 5.1525e-05, 5.0667e-05, 3.5946e-05, 8.8273e-07, 3.4018e-05,
        8.5724e-05, 2.8675e-05, 5.2121e-05, 9.2564e-06, 1.9423e-05, 1.2935e-04,
        2.3839e-05, 1.2907e-05, 1.9293e-05, 1.2748e-04, 1.4560e-04],
       grad_fn=<CatBackward>)

mean_overall=tensor(7.3238e-05, grad_fn=<MeanBackward0>)

-----------------------------------------------ITERATION70-----------------------------------------------

final_causality=[[1, 1, 1, 1, 1, 1, 1, 1, 1, 1, 1, 1, 1], [1, 1, 1, 1, 1, 1, 1, 1, 1, 1, 1, 1, 1, 1, 1, 1, 1, 1, 1, 1, 1, 1, 1, 1, 1, 1, 1, 1, 1, 1, 1, 1, 1, 1, 1, 1, 1, 1, 1, 1, 1, 1, 1, 1, 1, 1, 1, 1, 1, 1], [1, 1, 1, 1, 1, 1, 1, 1, 1, 1, 1, 1, 1, 1, 1, 1, 1, 1, 1, 1, 1, 1, 1, 1, 1, 1, 1, 1, 1, 1, 1, 1, 1, 1, 1, 1, 1, 1, 1, 1, 1, 1, 1, 1, 1, 1, 1, 1, 1, 1]]

means=tensor([2.3957e-05, 9.8104e-05, 2.0097e-04, 2.4342e-04, 4.3007e-05, 1.0821e-04,
        3.8808e-06, 5.0804e-05, 1.0291e-04, 2.5566e-04, 1.9003e-04, 1.9010e-05,
        5.5522e-05, 7.6593e-05, 4.8570e-05, 6.6251e-05, 1.5258e-04, 2.4432e-05,
        6.6445e-05, 4.2191e-05, 1.3246e-04, 7.9191e-06, 6.7684e-05, 1.2502e-05,
        2.1096e-05, 1.3497e-05, 9.3518e-05, 9.9985e-05, 3.1858e-04, 1.1529e-04,
        8.1413e-05, 5.0989e-05, 1.4239e-05, 3.3559e-05, 1.4922e-04, 1.0595e-04,
        3.4986e-04, 1.1060e-05, 1.3726e-05, 9.6654e-05, 8.7069e-05, 1.0872e-04,
        5.0377e-05, 6.8414e-05, 6.4971e-05, 1.5488e-05, 5.3178e-05, 1.1145e-04,
        5.8425e-05, 1.7290e-05, 2.1022e-04, 5.2682e-05, 5.7957e-05, 7.3345e-06,
        4.0079e-05, 1.0556e-04, 1.2305e-04, 2.0911e-05, 1.1274e-04, 9.1455e-06,
        4.4803e-06, 4.1281e-05, 1.0297e-05, 1.7585e-04, 1.1539e-05, 3.7943e-05,
        1.7466e-04, 4.4049e-05, 7.1473e-05, 1.6426e-04, 6.2319e-06, 2.4831e-05,
        1.7618e-04, 4.1101e-05, 3.7012e-05, 1.7504e-04, 2.7529e-05, 4.6047e-05,
        7.2292e-05, 2.0190e-05, 2.5356e-05, 1.6500e-04, 3.7137e-06, 5.2078e-05,
        7.7210e-05, 7.8292e-05, 2.1234e-05, 1.0603e-04, 1.0515e-04, 8.5863e-05,
        5.6797e-06, 5.3129e-05, 3.5912e-05, 4.9685e-05, 6.5846e-05, 1.6033e-05,
        8.6922e-05, 5.1121e-05, 5.0671e-05, 3.5854e-05, 9.5099e-07, 3.3931e-05,
        8.6574e-05, 2.8810e-05, 5.2313e-05, 9.1908e-06, 1.9366e-05, 1.3020e-04,
        2.3878e-05, 1.2969e-05, 1.9252e-05, 1.2738e-04, 1.4567e-04],
       grad_fn=<CatBackward>)

mean_overall=tensor(7.3100e-05, grad_fn=<MeanBackward0>)

-----------------------------------------------ITERATION80-----------------------------------------------

final_causality=[[1, 1, 1, 1, 1, 1, 1, 1, 1, 1, 1, 1, 1], [1, 1, 1, 1, 1, 1, 1, 1, 1, 1, 1, 1, 1, 1, 1, 1, 1, 1, 1, 1, 1, 1, 1, 1, 1, 1, 1, 1, 1, 1, 1, 1, 1, 1, 1, 1, 1, 1, 1, 1, 1, 1, 1, 1, 1, 1, 1, 1, 1, 1], [1, 1, 1, 1, 1, 1, 1, 1, 1, 1, 1, 1, 1, 1, 1, 1, 1, 1, 1, 1, 1, 1, 1, 1, 1, 1, 1, 1, 1, 1, 1, 1, 1, 1, 1, 1, 1, 1, 1, 1, 1, 1, 1, 1, 1, 1, 1, 1, 1, 1]]

means=tensor([2.4348e-05, 9.6143e-05, 2.0150e-04, 2.3300e-04, 4.7400e-05, 1.0766e-04,
        3.6314e-06, 5.2043e-05, 1.0087e-04, 2.5753e-04, 1.9164e-04, 1.7924e-05,
        5.6106e-05, 7.6994e-05, 4.8591e-05, 6.6225e-05, 1.5343e-04, 2.4286e-05,
        6.5815e-05, 4.2251e-05, 1.3231e-04, 8.0661e-06, 6.7383e-05, 1.2563e-05,
        2.0982e-05, 1.3567e-05, 9.3184e-05, 1.0019e-04, 3.1919e-04, 1.1500e-04,
        8.0937e-05, 5.0941e-05, 1.4508e-05, 3.4085e-05, 1.4970e-04, 1.0635e-04,
        3.5038e-04, 1.1163e-05, 1.3636e-05, 9.6986e-05, 8.6637e-05, 1.0854e-04,
        5.0969e-05, 6.8694e-05, 6.5397e-05, 1.5353e-05, 5.3408e-05, 1.1165e-04,
        5.8534e-05, 1.7302e-05, 2.0939e-04, 5.2891e-05, 5.7988e-05, 7.4644e-06,
        3.9634e-05, 1.0630e-04, 1.2229e-04, 2.0932e-05, 1.1347e-04, 9.0079e-06,
        4.4360e-06, 4.0834e-05, 1.0168e-05, 1.7555e-04, 1.1623e-05, 3.8040e-05,
        1.7462e-04, 4.3932e-05, 7.1431e-05, 1.6420e-04, 6.2037e-06, 2.4987e-05,
        1.7671e-04, 4.1008e-05, 3.6718e-05, 1.7497e-04, 2.7488e-05, 4.6080e-05,
        7.2345e-05, 2.0170e-05, 2.5371e-05, 1.6366e-04, 3.7518e-06, 5.1913e-05,
        7.7246e-05, 7.8371e-05, 2.1506e-05, 1.0603e-04, 1.0512e-04, 8.5608e-05,
        5.7064e-06, 5.2870e-05, 3.5896e-05, 4.9795e-05, 6.6049e-05, 1.6071e-05,
        8.5946e-05, 5.0797e-05, 5.0731e-05, 3.5864e-05, 9.2945e-07, 3.3949e-05,
        8.7316e-05, 2.8792e-05, 5.2475e-05, 9.1944e-06, 1.9365e-05, 1.3129e-04,
        2.3866e-05, 1.2952e-05, 1.9334e-05, 1.2733e-04, 1.4566e-04],
       grad_fn=<CatBackward>)

mean_overall=tensor(7.3067e-05, grad_fn=<MeanBackward0>)

-----------------------------------------------ITERATION90-----------------------------------------------

final_causality=[[1, 1, 1, 1, 1, 1, 1, 1, 1, 1, 1, 1, 1], [1, 1, 1, 1, 1, 1, 1, 1, 1, 1, 1, 1, 1, 1, 1, 1, 1, 1, 1, 1, 1, 1, 1, 1, 1, 1, 1, 1, 1, 1, 1, 1, 1, 1, 1, 1, 1, 1, 1, 1, 1, 1, 1, 1, 1, 1, 1, 1, 1, 1], [1, 1, 1, 1, 1, 1, 1, 1, 1, 1, 1, 1, 1, 1, 1, 1, 1, 1, 1, 1, 1, 1, 1, 1, 1, 1, 1, 1, 1, 1, 1, 1, 1, 1, 1, 1, 1, 1, 1, 1, 1, 1, 1, 1, 1, 1, 1, 1, 1, 1]]

means=tensor([2.4382e-05, 9.4017e-05, 2.0169e-04, 2.2259e-04, 5.1577e-05, 1.0701e-04,
        3.4101e-06, 5.3432e-05, 9.8967e-05, 2.5963e-04, 1.9335e-04, 1.6495e-05,
        5.6810e-05, 7.7286e-05, 4.8440e-05, 6.6056e-05, 1.5419e-04, 2.4061e-05,
        6.5385e-05, 4.2201e-05, 1.3233e-04, 8.1449e-06, 6.6949e-05, 1.2412e-05,
        2.0643e-05, 1.3537e-05, 9.3114e-05, 1.0024e-04, 3.1958e-04, 1.1450e-04,
        8.0302e-05, 5.1055e-05, 1.4652e-05, 3.4423e-05, 1.5043e-04, 1.0662e-04,
        3.5064e-04, 1.1167e-05, 1.3749e-05, 9.7114e-05, 8.5998e-05, 1.0825e-04,
        5.1434e-05, 6.8845e-05, 6.5642e-05, 1.5113e-05, 5.3434e-05, 1.1167e-04,
        5.8456e-05, 1.7379e-05, 2.0872e-04, 5.2906e-05, 5.8156e-05, 7.3518e-06,
        3.9347e-05, 1.0684e-04, 1.2159e-04, 2.0838e-05, 1.1402e-04, 9.1943e-06,
        4.4589e-06, 4.0507e-05, 1.0266e-05, 1.7522e-04, 1.1683e-05, 3.8107e-05,
        1.7451e-04, 4.3842e-05, 7.1411e-05, 1.6404e-04, 6.2126e-06, 2.5163e-05,
        1.7717e-04, 4.0899e-05, 3.6468e-05, 1.7484e-04, 2.7487e-05, 4.6142e-05,
        7.2393e-05, 2.0126e-05, 2.5423e-05, 1.6235e-04, 3.7402e-06, 5.1785e-05,
        7.7287e-05, 7.8499e-05, 2.1799e-05, 1.0597e-04, 1.0515e-04, 8.5383e-05,
        5.6980e-06, 5.2655e-05, 3.5911e-05, 4.9946e-05, 6.6265e-05, 1.6130e-05,
        8.5049e-05, 5.0435e-05, 5.0776e-05, 3.5842e-05, 9.3582e-07, 3.3935e-05,
        8.8141e-05, 2.8824e-05, 5.2662e-05, 9.1759e-06, 1.9346e-05, 1.3237e-04,
        2.3870e-05, 1.2959e-05, 1.9381e-05, 1.2725e-04, 1.4568e-04],
       grad_fn=<CatBackward>)

mean_overall=tensor(7.3003e-05, grad_fn=<MeanBackward0>)

-----------------------------------------------ITERATION100-----------------------------------------------

final_causality=[[1, 1, 1, 1, 1, 1, 1, 1, 1, 1, 1, 1, 1], [1, 1, 1, 1, 1, 1, 1, 1, 1, 1, 1, 1, 1, 1, 1, 1, 1, 1, 1, 1, 1, 1, 1, 1, 1, 1, 1, 1, 1, 1, 1, 1, 1, 1, 1, 1, 1, 1, 1, 1, 1, 1, 1, 1, 1, 1, 1, 1, 1, 1], [1, 1, 1, 1, 1, 1, 1, 1, 1, 1, 1, 1, 1, 1, 1, 1, 1, 1, 1, 1, 1, 1, 1, 1, 1, 1, 1, 1, 1, 1, 1, 1, 1, 1, 1, 1, 1, 1, 1, 1, 1, 1, 1, 1, 1, 1, 1, 1, 1, 1]]

means=tensor([2.4516e-05, 9.1824e-05, 2.0196e-04, 2.1184e-04, 5.6060e-05, 1.0634e-04,
        3.1609e-06, 5.4850e-05, 9.6929e-05, 2.6183e-04, 1.9513e-04, 1.5059e-05,
        5.7536e-05, 7.7619e-05, 4.8327e-05, 6.5914e-05, 1.5502e-04, 2.3847e-05,
        6.4891e-05, 4.2181e-05, 1.3231e-04, 8.2487e-06, 6.6533e-05, 1.2305e-05,
        2.0384e-05, 1.3596e-05, 9.2978e-05, 1.0033e-04, 3.2004e-04, 1.1404e-04,
        7.9683e-05, 5.1139e-05, 1.4835e-05, 3.4833e-05, 1.5113e-04, 1.0693e-04,
        3.5099e-04, 1.1198e-05, 1.3818e-05, 9.7293e-05, 8.5385e-05, 1.0798e-04,
        5.1959e-05, 6.9039e-05, 6.5950e-05, 1.4891e-05, 5.3509e-05, 1.1174e-04,
        5.8418e-05, 1.7446e-05, 2.0800e-04, 5.2977e-05, 5.8294e-05, 7.2960e-06,
        3.9005e-05, 1.0746e-04, 1.2085e-04, 2.0769e-05, 1.1464e-04, 9.3138e-06,
        4.4666e-06, 4.0140e-05, 1.0316e-05, 1.7489e-04, 1.1751e-05, 3.8185e-05,
        1.7442e-04, 4.3741e-05, 7.1381e-05, 1.6391e-04, 6.2129e-06, 2.5341e-05,
        1.7766e-04, 4.0792e-05, 3.6198e-05, 1.7472e-04, 2.7478e-05, 4.6199e-05,
        7.2444e-05, 2.0085e-05, 2.5469e-05, 1.6098e-04, 3.7408e-06, 5.1642e-05,
        7.7328e-05, 7.8624e-05, 2.2098e-05, 1.0593e-04, 1.0516e-04, 8.5138e-05,
        5.6982e-06, 5.2418e-05, 3.5920e-05, 5.0097e-05, 6.6492e-05, 1.6186e-05,
        8.4110e-05, 5.0071e-05, 5.0826e-05, 3.5827e-05, 9.3571e-07, 3.3929e-05,
        8.8985e-05, 2.8847e-05, 5.2855e-05, 9.1620e-06, 1.9332e-05, 1.3351e-04,
        2.3871e-05, 1.2959e-05, 1.9439e-05, 1.2718e-04, 1.4569e-04],
       grad_fn=<CatBackward>)

mean_overall=tensor(7.2948e-05, grad_fn=<MeanBackward0>)

-----------------------------------------------ITERATION110-----------------------------------------------

final_causality=[[1, 1, 1, 1, 1, 1, 1, 1, 1, 1, 1, 1, 1], [1, 1, 1, 1, 1, 1, 1, 1, 1, 1, 1, 1, 1, 1, 1, 1, 1, 1, 1, 1, 1, 1, 1, 1, 1, 1, 1, 1, 1, 1, 1, 1, 1, 1, 1, 1, 1, 1, 1, 1, 1, 1, 1, 1, 1, 1, 1, 1, 1, 1], [1, 1, 1, 1, 1, 1, 1, 1, 1, 1, 1, 1, 1, 1, 1, 1, 1, 1, 1, 1, 1, 1, 1, 1, 1, 1, 1, 1, 1, 1, 1, 1, 1, 1, 1, 1, 1, 1, 1, 1, 1, 1, 1, 1, 1, 1, 1, 1, 1, 1]]

means=tensor([2.4640e-05, 8.9552e-05, 2.0219e-04, 2.0093e-04, 6.0696e-05, 1.0564e-04,
        1.7657e-06, 5.6318e-05, 9.4830e-05, 2.6415e-04, 1.9699e-04, 1.3537e-05,
        5.8306e-05, 7.7954e-05, 4.8201e-05, 6.5760e-05, 1.5586e-04, 2.3626e-05,
        6.4399e-05, 4.2160e-05, 1.3230e-04, 8.3551e-06, 6.6100e-05, 1.2179e-05,
        2.0159e-05, 1.3657e-05, 9.2857e-05, 1.0043e-04, 3.2052e-04, 1.1356e-04,
        7.9238e-05, 5.1239e-05, 1.5017e-05, 3.5251e-05, 1.5187e-04, 1.0725e-04,
        3.5134e-04, 1.1226e-05, 1.3902e-05, 9.7458e-05, 8.4747e-05, 1.0770e-04,
        5.2496e-05, 6.9233e-05, 6.6261e-05, 1.4660e-05, 5.3570e-05, 1.1180e-04,
        5.8365e-05, 1.7520e-05, 2.0727e-04, 5.3043e-05, 5.8441e-05, 7.2267e-06,
        3.8660e-05, 1.0808e-04, 1.2010e-04, 2.0691e-05, 1.1527e-04, 9.4594e-06,
        4.4792e-06, 3.9773e-05, 1.0386e-05, 1.7456e-04, 1.1820e-05, 3.8264e-05,
        1.7433e-04, 4.3640e-05, 7.1352e-05, 1.6376e-04, 6.2155e-06, 2.5526e-05,
        1.7815e-04, 4.0681e-05, 3.5928e-05, 1.7460e-04, 2.7471e-05, 4.6260e-05,
        7.2495e-05, 2.0042e-05, 2.5517e-05, 1.5958e-04, 3.7385e-06, 5.1499e-05,
        7.7370e-05, 7.8756e-05, 2.2403e-05, 1.0588e-04, 1.0517e-04, 8.4887e-05,
        5.6961e-06, 5.2177e-05, 3.5931e-05, 5.0256e-05, 6.6728e-05, 1.6242e-05,
        8.3167e-05, 4.9699e-05, 5.0877e-05, 3.5810e-05, 9.3738e-07, 3.3920e-05,
        8.9858e-05, 2.8873e-05, 5.3054e-05, 9.1462e-06, 1.9317e-05, 1.3467e-04,
        2.3873e-05, 1.2961e-05, 1.9496e-05, 1.2710e-04, 1.4571e-04],
       grad_fn=<CatBackward>)

mean_overall=tensor(7.2885e-05, grad_fn=<MeanBackward0>)

-----------------------------------------------ITERATION120-----------------------------------------------

final_causality=[[1, 1, 1, 1, 1, 1, 1, 1, 1, 1, 1, 1, 1], [1, 1, 1, 1, 1, 1, 1, 1, 1, 1, 1, 1, 1, 1, 1, 1, 1, 1, 1, 1, 1, 1, 1, 1, 1, 1, 1, 1, 1, 1, 1, 1, 1, 1, 1, 1, 1, 1, 1, 1, 1, 1, 1, 1, 1, 1, 1, 1, 1, 1], [1, 1, 1, 1, 1, 1, 1, 1, 1, 1, 1, 1, 1, 1, 1, 1, 1, 1, 1, 1, 1, 1, 1, 1, 1, 1, 1, 1, 1, 1, 1, 1, 1, 1, 1, 1, 1, 1, 1, 1, 1, 1, 1, 1, 1, 1, 1, 1, 1, 1]]

means=tensor([2.4801e-05, 8.7220e-05, 2.0243e-04, 1.8986e-04, 6.5523e-05, 1.0491e-04,
        8.9969e-07, 5.7818e-05, 9.2649e-05, 2.6658e-04, 1.9891e-04, 1.1965e-05,
        5.9110e-05, 7.8305e-05, 4.8085e-05, 6.5610e-05, 1.5673e-04, 2.3408e-05,
        6.3885e-05, 4.2151e-05, 1.3228e-04, 8.4731e-06, 6.5668e-05, 1.2060e-05,
        1.9944e-05, 1.3726e-05, 9.2716e-05, 1.0053e-04, 3.2103e-04, 1.1309e-04,
        7.8913e-05, 5.1335e-05, 1.5215e-05, 3.5704e-05, 1.5261e-04, 1.0760e-04,
        3.5172e-04, 1.1263e-05, 1.3975e-05, 9.7737e-05, 8.4110e-05, 1.0742e-04,
        5.3063e-05, 6.9443e-05, 6.6599e-05, 1.4433e-05, 5.3642e-05, 1.1188e-04,
        5.8321e-05, 1.7593e-05, 2.0651e-04, 5.3132e-05, 5.8578e-05, 7.1739e-06,
        3.8291e-05, 1.0873e-04, 1.1936e-04, 2.0618e-05, 1.1592e-04, 9.5914e-06,
        4.4880e-06, 3.9392e-05, 1.0445e-05, 1.7423e-04, 1.1892e-05, 3.8348e-05,
        1.7425e-04, 4.3537e-05, 7.1321e-05, 1.6363e-04, 6.2157e-06, 2.5713e-05,
        1.7872e-04, 4.0570e-05, 3.5655e-05, 1.7448e-04, 2.7461e-05, 4.6321e-05,
        7.2546e-05, 2.0001e-05, 2.5563e-05, 1.5815e-04, 3.7395e-06, 5.1349e-05,
        7.7413e-05, 7.8891e-05, 2.2710e-05, 1.0583e-04, 1.0519e-04, 8.4626e-05,
        5.6964e-06, 5.1925e-05, 3.5941e-05, 5.0420e-05, 6.6972e-05, 1.6295e-05,
        8.2214e-05, 4.9324e-05, 5.0928e-05, 3.5794e-05, 9.3731e-07, 3.3913e-05,
        9.0750e-05, 2.8896e-05, 5.3257e-05, 9.1313e-06, 1.9304e-05, 1.3586e-04,
        2.3874e-05, 1.2962e-05, 1.9557e-05, 1.2702e-04, 1.4573e-04],
       grad_fn=<CatBackward>)

mean_overall=tensor(7.2834e-05, grad_fn=<MeanBackward0>)

-----------------------------------------------ITERATION130-----------------------------------------------

final_causality=[[1, 1, 1, 1, 1, 1, 1, 1, 1, 1, 1, 1, 1], [1, 1, 1, 1, 1, 1, 1, 1, 1, 1, 1, 1, 1, 1, 1, 1, 1, 1, 1, 1, 1, 1, 1, 1, 1, 1, 1, 1, 1, 1, 1, 1, 1, 1, 1, 1, 1, 1, 1, 1, 1, 1, 1, 1, 1, 1, 1, 1, 1, 1], [1, 1, 1, 1, 1, 1, 1, 1, 1, 1, 1, 1, 1, 1, 1, 1, 1, 1, 1, 1, 1, 1, 1, 1, 1, 1, 1, 1, 1, 1, 1, 1, 1, 1, 1, 1, 1, 1, 1, 1, 1, 1, 1, 1, 1, 1, 1, 1, 1, 1]]

means=tensor([2.4938e-05, 8.4825e-05, 2.0261e-04, 1.7877e-04, 7.0448e-05, 1.0415e-04,
        7.6393e-07, 5.9358e-05, 9.0432e-05, 2.6912e-04, 2.0089e-04, 1.0303e-05,
        5.9958e-05, 7.8650e-05, 4.7952e-05, 6.5443e-05, 1.5761e-04, 2.3181e-05,
        6.3387e-05, 4.2137e-05, 1.3228e-04, 8.5902e-06, 6.5219e-05, 1.1914e-05,
        1.9706e-05, 1.3786e-05, 9.2601e-05, 1.0063e-04, 3.2153e-04, 1.1259e-04,
        7.8568e-05, 5.1453e-05, 1.5404e-05, 3.6155e-05, 1.5339e-04, 1.0793e-04,
        3.5209e-04, 1.1294e-05, 1.4069e-05, 9.7996e-05, 8.3448e-05, 1.0714e-04,
        5.3631e-05, 6.9647e-05, 6.6930e-05, 1.4195e-05, 5.3691e-05, 1.1194e-04,
        5.8255e-05, 1.7676e-05, 2.0577e-04, 5.3209e-05, 5.8728e-05, 7.0983e-06,
        3.7928e-05, 1.0937e-04, 1.1872e-04, 2.0533e-05, 1.1656e-04, 9.7617e-06,
        4.5040e-06, 3.9020e-05, 1.0530e-05, 1.7390e-04, 1.1962e-05, 3.8431e-05,
        1.7416e-04, 4.3483e-05, 7.1291e-05, 1.6348e-04, 6.2197e-06, 2.5905e-05,
        1.7943e-04, 4.0456e-05, 3.5388e-05, 1.7435e-04, 2.7455e-05, 4.6386e-05,
        7.2596e-05, 1.9958e-05, 2.5614e-05, 1.5671e-04, 3.7355e-06, 5.1200e-05,
        7.7455e-05, 7.9034e-05, 2.3020e-05, 1.0578e-04, 1.0520e-04, 8.4363e-05,
        5.6930e-06, 5.1674e-05, 3.5954e-05, 5.0592e-05, 6.7224e-05, 1.6350e-05,
        8.1967e-05, 4.8944e-05, 5.0979e-05, 3.5776e-05, 9.4009e-07, 3.3902e-05,
        9.1664e-05, 2.8926e-05, 5.3467e-05, 9.1138e-06, 1.9289e-05, 1.3706e-04,
        2.3877e-05, 1.2965e-05, 1.9615e-05, 1.2693e-04, 1.4574e-04],
       grad_fn=<CatBackward>)

mean_overall=tensor(7.2797e-05, grad_fn=<MeanBackward0>)

-----------------------------------------------ITERATION140-----------------------------------------------

final_causality=[[1, 1, 1, 1, 1, 1, 1, 1, 1, 1, 1, 1, 1], [1, 1, 1, 1, 1, 1, 1, 1, 1, 1, 1, 1, 1, 1, 1, 1, 1, 1, 1, 1, 1, 1, 1, 1, 1, 1, 1, 1, 1, 1, 1, 1, 1, 1, 1, 1, 1, 1, 1, 1, 1, 1, 1, 1, 1, 1, 1, 1, 1, 1], [1, 1, 1, 1, 1, 1, 1, 1, 1, 1, 1, 1, 1, 1, 1, 1, 1, 1, 1, 1, 1, 1, 1, 1, 1, 1, 1, 1, 1, 1, 1, 1, 1, 1, 1, 1, 1, 1, 1, 1, 1, 1, 1, 1, 1, 1, 1, 1, 1, 1]]

means=tensor([2.5133e-05, 8.2389e-05, 2.0281e-04, 1.6762e-04, 7.5559e-05, 1.0336e-04,
        9.6880e-07, 6.0915e-05, 8.8136e-05, 2.7175e-04, 2.0292e-04, 6.7779e-06,
        6.0834e-05, 7.9014e-05, 4.7840e-05, 6.5290e-05, 1.5852e-04, 2.2962e-05,
        6.2862e-05, 4.2143e-05, 1.3226e-04, 8.7225e-06, 6.4781e-05, 1.1786e-05,
        1.9492e-05, 1.3859e-05, 9.2454e-05, 1.0076e-04, 3.2208e-04, 1.1212e-04,
        7.8234e-05, 5.1561e-05, 1.5614e-05, 3.6649e-05, 1.5416e-04, 1.0830e-04,
        3.5250e-04, 1.1339e-05, 1.4141e-05, 9.8278e-05, 8.2801e-05, 1.0688e-04,
        5.4234e-05, 6.9872e-05, 6.7296e-05, 1.3967e-05, 5.3761e-05, 1.1203e-04,
        5.8206e-05, 1.7755e-05, 2.0500e-04, 5.3318e-05, 5.8859e-05, 7.0521e-06,
        3.7535e-05, 1.1004e-04, 1.1806e-04, 2.0458e-05, 1.1723e-04, 9.9017e-06,
        4.5128e-06, 3.8630e-05, 1.0594e-05, 1.7357e-04, 1.2037e-05, 3.8520e-05,
        1.7409e-04, 4.3487e-05, 7.1258e-05, 1.6334e-04, 6.2194e-06, 2.6098e-05,
        1.8015e-04, 4.0343e-05, 3.5118e-05, 1.7423e-04, 2.7444e-05, 4.6448e-05,
        7.2646e-05, 1.9918e-05, 2.5660e-05, 1.5525e-04, 3.7374e-06, 5.1044e-05,
        7.7497e-05, 7.9176e-05, 2.3330e-05, 1.0573e-04, 1.0522e-04, 8.4089e-05,
        5.6937e-06, 5.1412e-05, 3.5964e-05, 5.0766e-05, 6.7482e-05, 1.6401e-05,
        8.2269e-05, 4.8567e-05, 5.1031e-05, 3.5761e-05, 9.3968e-07, 3.3895e-05,
        9.2587e-05, 2.8950e-05, 5.3678e-05, 9.0984e-06, 1.9278e-05, 1.3828e-04,
        2.3877e-05, 1.2965e-05, 1.9678e-05, 1.2685e-04, 1.4576e-04],
       grad_fn=<CatBackward>)

mean_overall=tensor(7.2758e-05, grad_fn=<MeanBackward0>)

-----------------------------------------------ITERATION150-----------------------------------------------

final_causality=[[1, 1, 1, 1, 1, 1, 1, 1, 1, 1, 1, 1, 1], [1, 1, 1, 1, 1, 1, 1, 1, 1, 1, 1, 1, 1, 1, 1, 1, 1, 1, 1, 1, 1, 1, 1, 1, 1, 1, 1, 1, 1, 1, 1, 1, 1, 1, 1, 1, 1, 1, 1, 1, 1, 1, 1, 1, 1, 1, 1, 1, 1, 1], [1, 1, 1, 1, 1, 1, 1, 1, 1, 1, 1, 1, 1, 1, 1, 1, 1, 1, 1, 1, 1, 1, 1, 1, 1, 1, 1, 1, 1, 1, 1, 1, 1, 1, 1, 1, 1, 1, 1, 1, 1, 1, 1, 1, 1, 1, 1, 1, 1, 1]]

means=tensor([2.5301e-05, 7.9904e-05, 2.0293e-04, 1.5654e-04, 8.0735e-05, 1.0254e-04,
        1.9005e-06, 6.2504e-05, 8.5823e-05, 2.7449e-04, 2.0501e-04, 2.2784e-06,
        6.1754e-05, 7.9368e-05, 4.7708e-05, 6.5119e-05, 1.5943e-04, 2.2737e-05,
        6.2360e-05, 4.2142e-05, 1.3226e-04, 8.8521e-06, 6.4329e-05, 1.1628e-05,
        1.9253e-05, 1.3920e-05, 9.2339e-05, 1.0089e-04, 3.2262e-04, 1.1163e-04,
        7.7880e-05, 5.1692e-05, 1.5811e-05, 3.7138e-05, 1.5497e-04, 1.0865e-04,
        3.5289e-04, 1.1375e-05, 1.4236e-05, 9.8534e-05, 8.2131e-05, 1.0660e-04,
        5.4831e-05, 7.0087e-05, 6.7652e-05, 1.3730e-05, 5.3803e-05, 1.1209e-04,
        5.8133e-05, 1.7844e-05, 2.0425e-04, 5.3415e-05, 5.9004e-05, 6.9798e-06,
        3.7151e-05, 1.1069e-04, 1.1741e-04, 2.0371e-05, 1.1788e-04, 1.0084e-05,
        4.5294e-06, 3.8253e-05, 1.0687e-05, 1.7325e-04, 1.2109e-05, 3.8607e-05,
        1.7402e-04, 4.3493e-05, 7.1228e-05, 1.6319e-04, 6.2233e-06, 2.6293e-05,
        1.8086e-04, 4.0229e-05, 3.4918e-05, 1.7410e-04, 2.7437e-05, 4.6515e-05,
        7.2695e-05, 1.9876e-05, 2.5711e-05, 1.5378e-04, 3.7336e-06, 5.0892e-05,
        7.7539e-05, 7.9327e-05, 2.3641e-05, 1.0568e-04, 1.0523e-04, 8.3815e-05,
        5.6904e-06, 5.1151e-05, 3.5978e-05, 5.0949e-05, 6.7746e-05, 1.6452e-05,
        8.2583e-05, 4.8187e-05, 5.1080e-05, 3.5743e-05, 9.4246e-07, 3.3884e-05,
        9.3527e-05, 2.8981e-05, 5.3893e-05, 9.0803e-06, 1.9265e-05, 1.3951e-04,
        2.3880e-05, 1.2968e-05, 1.9737e-05, 1.2676e-04, 1.4578e-04],
       grad_fn=<CatBackward>)

mean_overall=tensor(7.2719e-05, grad_fn=<MeanBackward0>)

-----------------------------------------------ITERATION160-----------------------------------------------

final_causality=[[1, 1, 1, 1, 1, 1, 1, 1, 1, 1, 1, 1, 1], [1, 1, 1, 1, 1, 1, 1, 1, 1, 1, 1, 1, 1, 1, 1, 1, 1, 1, 1, 1, 1, 1, 1, 1, 1, 1, 1, 1, 1, 1, 1, 1, 1, 1, 1, 1, 1, 1, 1, 1, 1, 1, 1, 1, 1, 1, 1, 1, 1, 1], [1, 1, 1, 1, 1, 1, 1, 1, 1, 1, 1, 1, 1, 1, 1, 1, 1, 1, 1, 1, 1, 1, 1, 1, 1, 1, 1, 1, 1, 1, 1, 1, 1, 1, 1, 1, 1, 1, 1, 1, 1, 1, 1, 1, 1, 1, 1, 1, 1, 1]]

means=tensor([2.5519e-05, 7.7389e-05, 2.0305e-04, 1.4549e-04, 8.6059e-05, 1.0169e-04,
        3.1487e-06, 6.4101e-05, 8.3452e-05, 2.7731e-04, 2.0714e-04, 5.0200e-06,
        6.2701e-05, 7.9735e-05, 4.7595e-05, 6.4958e-05, 1.6036e-04, 2.2519e-05,
        6.1840e-05, 4.2161e-05, 1.3225e-04, 8.9954e-06, 6.3887e-05, 1.1481e-05,
        1.9033e-05, 1.3992e-05, 9.2199e-05, 1.0105e-04, 3.2319e-04, 1.1116e-04,
        7.7536e-05, 5.1818e-05, 1.6026e-05, 3.7663e-05, 1.5576e-04, 1.0903e-04,
        3.5332e-04, 1.1423e-05, 1.4313e-05, 9.8805e-05, 8.1477e-05, 1.0634e-04,
        5.5455e-05, 7.0318e-05, 6.8038e-05, 1.3503e-05, 5.3861e-05, 1.1218e-04,
        5.8072e-05, 1.7930e-05, 2.0348e-04, 5.3539e-05, 5.9132e-05, 6.9319e-06,
        3.6743e-05, 1.1137e-04, 1.1675e-04, 2.0292e-05, 1.1855e-04, 1.0243e-05,
        4.5404e-06, 3.7863e-05, 1.0763e-05, 1.7293e-04, 1.2184e-05, 3.8699e-05,
        1.7396e-04, 4.3497e-05, 7.1195e-05, 1.6305e-04, 6.2340e-06, 2.6489e-05,
        1.8158e-04, 4.0115e-05, 3.4985e-05, 1.7397e-04, 2.7427e-05, 4.6580e-05,
        7.2743e-05, 1.9837e-05, 2.5758e-05, 1.5231e-04, 3.7344e-06, 5.0734e-05,
        7.7580e-05, 7.9476e-05, 2.3948e-05, 1.0563e-04, 1.0524e-04, 8.3534e-05,
        5.6903e-06, 5.0883e-05, 3.5990e-05, 5.1133e-05, 6.8013e-05, 1.6499e-05,
        8.2898e-05, 4.7812e-05, 5.1131e-05, 3.5727e-05, 9.4275e-07, 3.3875e-05,
        9.4472e-05, 2.9007e-05, 5.4109e-05, 9.0638e-06, 1.9255e-05, 1.4075e-04,
        2.3881e-05, 1.2969e-05, 1.9800e-05, 1.2668e-04, 1.4579e-04],
       grad_fn=<CatBackward>)

mean_overall=tensor(7.2755e-05, grad_fn=<MeanBackward0>)

-----------------------------------------------ITERATION170-----------------------------------------------

final_causality=[[1, 1, 1, 1, 1, 1, 1, 1, 1, 1, 1, 1, 1], [1, 1, 1, 1, 1, 1, 1, 1, 1, 1, 1, 1, 1, 1, 1, 1, 1, 1, 1, 1, 1, 1, 1, 1, 1, 1, 1, 1, 1, 1, 1, 1, 1, 1, 1, 1, 1, 1, 1, 1, 1, 1, 1, 1, 1, 1, 1, 1, 1, 1], [1, 1, 1, 1, 1, 1, 1, 1, 1, 1, 1, 1, 1, 1, 1, 1, 1, 1, 1, 1, 1, 1, 1, 1, 1, 1, 1, 1, 1, 1, 1, 1, 1, 1, 1, 1, 1, 1, 1, 1, 1, 1, 1, 1, 1, 1, 1, 1, 1, 1]]

means=tensor([2.5730e-05, 7.4841e-05, 2.0311e-04, 1.3458e-04, 9.1449e-05, 1.0081e-04,
        3.4738e-06, 6.5714e-05, 8.1066e-05, 2.8024e-04, 2.0931e-04, 1.0220e-05,
        6.3687e-05, 8.0097e-05, 4.7473e-05, 6.4787e-05, 1.6129e-04, 2.2299e-05,
        6.1336e-05, 4.2180e-05, 1.3225e-04, 9.1411e-06, 6.3441e-05, 1.1315e-05,
        1.8799e-05, 1.4056e-05, 9.2079e-05, 1.0119e-04, 3.2376e-04, 1.1069e-04,
        7.7180e-05, 5.1961e-05, 1.6235e-05, 3.8191e-05, 1.5658e-04, 1.0941e-04,
        3.5375e-04, 1.1468e-05, 1.4401e-05, 9.9059e-05, 8.0812e-05, 1.0609e-04,
        5.6081e-05, 7.0544e-05, 6.8419e-05, 1.3271e-05, 5.3901e-05, 1.1226e-04,
        5.7994e-05, 1.8023e-05, 2.0273e-04, 5.3659e-05, 5.9264e-05, 6.8723e-06,
        3.6338e-05, 1.1204e-04, 1.1611e-04, 2.0205e-05, 1.1921e-04, 1.0428e-05,
        4.5564e-06, 3.7482e-05, 1.0857e-05, 1.7262e-04, 1.2257e-05, 3.8790e-05,
        1.7391e-04, 4.3502e-05, 7.1164e-05, 1.6291e-04, 6.2559e-06, 2.6685e-05,
        1.8229e-04, 4.0002e-05, 3.5057e-05, 1.7385e-04, 2.7420e-05, 4.6648e-05,
        7.2789e-05, 1.9798e-05, 2.5808e-05, 1.5083e-04, 3.7319e-06, 5.0578e-05,
        7.7621e-05, 7.9629e-05, 2.4253e-05, 1.0558e-04, 1.0526e-04, 8.3253e-05,
        5.6879e-06, 5.0616e-05, 3.6004e-05, 5.1323e-05, 6.8283e-05, 1.6544e-05,
        8.3219e-05, 4.7438e-05, 5.1181e-05, 3.5709e-05, 9.4491e-07, 3.3864e-05,
        9.5428e-05, 2.9037e-05, 5.4328e-05, 9.0457e-06, 1.9245e-05, 1.4199e-04,
        2.3883e-05, 1.2972e-05, 1.9860e-05, 1.2659e-04, 1.4581e-04],
       grad_fn=<CatBackward>)

mean_overall=tensor(7.2808e-05, grad_fn=<MeanBackward0>)

-----------------------------------------------ITERATION180-----------------------------------------------

final_causality=[[1, 1, 1, 1, 1, 1, 1, 1, 1, 1, 1, 1, 1], [1, 1, 1, 1, 1, 1, 1, 1, 1, 1, 1, 1, 1, 1, 1, 1, 1, 1, 1, 1, 1, 1, 1, 1, 1, 1, 1, 1, 1, 1, 1, 1, 1, 1, 1, 1, 1, 1, 1, 1, 1, 1, 1, 1, 1, 1, 1, 1, 1, 1], [1, 1, 1, 1, 1, 1, 1, 1, 1, 1, 1, 1, 1, 1, 1, 1, 1, 1, 1, 1, 1, 1, 1, 1, 1, 1, 1, 1, 1, 1, 1, 1, 1, 1, 1, 1, 1, 1, 1, 1, 1, 1, 1, 1, 1, 1, 1, 1, 1, 1]]

means=tensor([2.5972e-05, 7.2271e-05, 2.0314e-04, 1.2379e-04, 9.6945e-05, 9.9914e-05,
        3.8111e-06, 6.7332e-05, 7.8648e-05, 2.8324e-04, 2.1152e-04, 1.2103e-05,
        6.4702e-05, 8.0464e-05, 4.7359e-05, 6.4619e-05, 1.6223e-04, 2.2084e-05,
        6.0828e-05, 4.2210e-05, 1.3224e-04, 9.2961e-06, 6.3001e-05, 1.1152e-05,
        1.8576e-05, 1.4124e-05, 9.1950e-05, 1.0135e-04, 3.2435e-04, 1.1023e-04,
        7.6828e-05, 5.2105e-05, 1.6452e-05, 3.8742e-05, 1.5739e-04, 1.0980e-04,
        3.5419e-04, 1.1520e-05, 1.4481e-05, 9.9314e-05, 8.0157e-05, 1.0584e-04,
        5.6723e-05, 7.0782e-05, 6.8817e-05, 1.3046e-05, 5.3944e-05, 1.1234e-04,
        5.7919e-05, 1.8115e-05, 2.0198e-04, 5.3796e-05, 5.9385e-05, 6.8246e-06,
        3.5919e-05, 1.1272e-04, 1.1546e-04, 2.0121e-05, 1.1987e-04, 1.0605e-05,
        4.5705e-06, 3.7100e-05, 1.0947e-05, 1.7231e-04, 1.2331e-05, 3.8884e-05,
        1.7387e-04, 4.3506e-05, 7.1131e-05, 1.6278e-04, 6.2762e-06, 2.6882e-05,
        1.8299e-04, 3.9889e-05, 3.5130e-05, 1.7372e-04, 2.7410e-05, 4.6715e-05,
        7.2835e-05, 1.9761e-05, 2.5855e-05, 1.4936e-04, 3.7312e-06, 5.0419e-05,
        7.7660e-05, 7.9783e-05, 2.4553e-05, 1.0553e-04, 1.0527e-04, 8.3043e-05,
        5.6867e-06, 5.0499e-05, 3.6017e-05, 5.1515e-05, 6.8556e-05, 1.6586e-05,
        8.3543e-05, 4.7070e-05, 5.1231e-05, 3.5692e-05, 9.4612e-07, 3.3853e-05,
        9.6385e-05, 2.9066e-05, 5.4587e-05, 9.0282e-06, 1.9236e-05, 1.4323e-04,
        2.3884e-05, 1.2973e-05, 1.9922e-05, 1.2651e-04, 1.4583e-04],
       grad_fn=<CatBackward>)

mean_overall=tensor(7.2838e-05, grad_fn=<MeanBackward0>)

-----------------------------------------------ITERATION190-----------------------------------------------

final_causality=[[1, 1, 1, 1, 1, 1, 1, 1, 1, 1, 1, 1, 1], [1, 1, 1, 1, 1, 1, 1, 1, 1, 1, 1, 1, 1, 1, 1, 1, 1, 1, 1, 1, 1, 1, 1, 1, 1, 1, 1, 1, 1, 1, 1, 1, 1, 1, 1, 1, 1, 1, 1, 1, 1, 1, 1, 1, 1, 1, 1, 1, 1, 1], [1, 1, 1, 1, 1, 1, 1, 1, 1, 1, 1, 1, 1, 1, 1, 1, 1, 1, 1, 1, 1, 1, 1, 1, 1, 1, 1, 1, 1, 1, 1, 1, 1, 1, 1, 1, 1, 1, 1, 1, 1, 1, 1, 1, 1, 1, 1, 1, 1, 1]]

means=tensor([2.6227e-05, 6.9680e-05, 2.0312e-04, 1.1317e-04, 1.0251e-04, 9.8988e-05,
        4.1593e-06, 6.8957e-05, 7.6216e-05, 2.8633e-04, 2.1376e-04, 1.4037e-05,
        6.5751e-05, 8.0830e-05, 4.7245e-05, 6.4447e-05, 1.6317e-04, 2.1872e-05,
        6.0328e-05, 4.2247e-05, 1.3223e-04, 9.4561e-06, 6.2564e-05, 1.0980e-05,
        1.8351e-05, 1.4190e-05, 9.1828e-05, 1.0151e-04, 3.2494e-04, 1.0978e-04,
        7.6473e-05, 5.2257e-05, 1.6669e-05, 3.9304e-05, 1.5821e-04, 1.1019e-04,
        3.5464e-04, 1.1573e-05, 1.4564e-05, 9.9561e-05, 7.9504e-05, 1.0560e-04,
        5.7370e-05, 7.1023e-05, 6.9221e-05, 1.2821e-05, 5.3978e-05, 1.1243e-04,
        5.7836e-05, 1.8212e-05, 2.0124e-04, 5.3939e-05, 5.9504e-05, 6.7760e-06,
        3.5498e-05, 1.1339e-04, 1.1483e-04, 2.0036e-05, 1.2053e-04, 1.0793e-05,
        4.5861e-06, 3.6722e-05, 1.1045e-05, 1.7201e-04, 1.2405e-05, 3.8979e-05,
        1.7383e-04, 4.3510e-05, 7.1100e-05, 1.6264e-04, 6.2969e-06, 2.7077e-05,
        1.8367e-04, 3.9778e-05, 3.5205e-05, 1.7360e-04, 2.7402e-05, 4.6783e-05,
        7.2879e-05, 1.9725e-05, 2.5903e-05, 1.4789e-04, 3.7298e-06, 5.0261e-05,
        7.7698e-05, 7.9939e-05, 2.4849e-05, 1.0548e-04, 1.0529e-04, 8.2874e-05,
        5.6849e-06, 5.0422e-05, 3.6032e-05, 5.1711e-05, 6.8831e-05, 1.6626e-05,
        8.3870e-05, 4.6706e-05, 5.1279e-05, 3.5676e-05, 9.4785e-07, 3.3842e-05,
        9.7346e-05, 2.9095e-05, 5.4945e-05, 9.0101e-06, 1.9228e-05, 1.4447e-04,
        2.3886e-05, 1.2975e-05, 1.9982e-05, 1.2642e-04, 1.4585e-04],
       grad_fn=<CatBackward>)

mean_overall=tensor(7.2875e-05, grad_fn=<MeanBackward0>)

-----------------------------------------------ITERATION200-----------------------------------------------

final_causality=[[1, 1, 1, 1, 1, 1, 1, 1, 1, 1, 1, 1, 1], [1, 1, 1, 1, 1, 1, 1, 1, 1, 1, 1, 1, 1, 1, 1, 1, 1, 1, 1, 1, 1, 1, 1, 1, 1, 1, 1, 1, 1, 1, 1, 1, 1, 1, 1, 1, 1, 1, 1, 1, 1, 1, 1, 1, 1, 1, 1, 1, 1, 1], [1, 1, 1, 1, 1, 1, 1, 1, 1, 1, 1, 1, 1, 1, 1, 1, 1, 1, 1, 1, 1, 1, 1, 1, 1, 1, 1, 1, 1, 1, 1, 1, 1, 1, 1, 1, 1, 1, 1, 1, 1, 1, 1, 1, 1, 1, 1, 1, 1, 1]]

means=tensor([2.6502e-05, 6.7074e-05, 2.0306e-04, 1.0274e-04, 1.0815e-04, 9.8039e-05,
        4.5210e-06, 7.0583e-05, 7.3773e-05, 2.8950e-04, 2.1604e-04, 1.6018e-05,
        6.6830e-05, 8.1195e-05, 4.7135e-05, 6.4276e-05, 1.6411e-04, 2.1664e-05,
        5.9834e-05, 4.2293e-05, 1.3223e-04, 9.6227e-06, 6.2132e-05, 1.0804e-05,
        1.8130e-05, 1.4257e-05, 9.1710e-05, 1.0167e-04, 3.2555e-04, 1.0933e-04,
        7.6118e-05, 5.2416e-05, 1.6888e-05, 3.9881e-05, 1.5903e-04, 1.1059e-04,
        3.5510e-04, 1.1630e-05, 1.4644e-05, 9.9801e-05, 7.8857e-05, 1.0538e-04,
        5.8026e-05, 7.1268e-05, 6.9634e-05, 1.2600e-05, 5.4007e-05, 1.1251e-04,
        5.7748e-05, 1.8310e-05, 2.0051e-04, 5.4091e-05, 5.9616e-05, 6.7313e-06,
        3.5070e-05, 1.1406e-04, 1.1420e-04, 1.9950e-05, 1.2118e-04, 1.0984e-05,
        4.6020e-06, 3.6347e-05, 1.1146e-05, 1.7173e-04, 1.2478e-05, 3.9074e-05,
        1.7381e-04, 4.3514e-05, 7.1068e-05, 1.6251e-04, 6.3173e-06, 2.7272e-05,
        1.8435e-04, 3.9668e-05, 3.5283e-05, 1.7347e-04, 2.7393e-05, 4.6852e-05,
        7.2922e-05, 1.9690e-05, 2.5950e-05, 1.4644e-04, 3.7284e-06, 5.0103e-05,
        7.7735e-05, 8.0096e-05, 2.5140e-05, 1.0543e-04, 1.0530e-04, 8.2704e-05,
        5.6831e-06, 5.0346e-05, 3.6046e-05, 5.1911e-05, 6.9107e-05, 1.6663e-05,
        8.4200e-05, 4.6349e-05, 5.1326e-05, 3.5659e-05, 9.4957e-07, 3.3830e-05,
        9.8306e-05, 2.9125e-05, 5.5304e-05, 8.9920e-06, 1.9221e-05, 1.4570e-04,
        2.3888e-05, 1.2977e-05, 2.0043e-05, 1.2633e-04, 1.4586e-04],
       grad_fn=<CatBackward>)

mean_overall=tensor(7.2916e-05, grad_fn=<MeanBackward0>)

-----------------------------------------------ITERATION210-----------------------------------------------

final_causality=[[1, 1, 1, 1, 1, 1, 1, 1, 1, 1, 1, 1, 1], [1, 1, 1, 1, 1, 1, 1, 1, 1, 1, 1, 1, 1, 1, 1, 1, 1, 1, 1, 1, 1, 1, 1, 1, 1, 1, 1, 1, 1, 1, 1, 1, 1, 1, 1, 1, 1, 1, 1, 1, 1, 1, 1, 1, 1, 1, 1, 1, 1, 1], [1, 1, 1, 1, 1, 1, 1, 1, 1, 1, 1, 1, 1, 1, 1, 1, 1, 1, 1, 1, 1, 1, 1, 1, 1, 1, 1, 1, 1, 1, 1, 1, 1, 1, 1, 1, 1, 1, 1, 1, 1, 1, 1, 1, 1, 1, 1, 1, 1, 1]]

means=tensor([2.6799e-05, 6.4458e-05, 2.0295e-04, 9.2534e-05, 1.1385e-04, 9.7067e-05,
        4.8967e-06, 7.2208e-05, 7.1324e-05, 2.9274e-04, 2.1834e-04, 1.8044e-05,
        6.7940e-05, 8.1560e-05, 4.7029e-05, 6.4104e-05, 1.6505e-04, 2.1461e-05,
        5.9346e-05, 4.2347e-05, 1.3222e-04, 9.7957e-06, 6.1706e-05, 1.0624e-05,
        1.7912e-05, 1.4323e-05, 9.1593e-05, 1.0183e-04, 3.2616e-04, 1.0890e-04,
        7.5765e-05, 5.2582e-05, 1.7110e-05, 4.0472e-05, 1.5985e-04, 1.1099e-04,
        3.5556e-04, 1.1690e-05, 1.4723e-05, 1.0003e-04, 7.8218e-05, 1.0516e-04,
        5.8689e-05, 7.1515e-05, 7.0054e-05, 1.2383e-05, 5.4031e-05, 1.1260e-04,
        5.7656e-05, 1.8410e-05, 1.9979e-04, 5.4253e-05, 5.9721e-05, 6.6905e-06,
        3.4636e-05, 1.1472e-04, 1.1358e-04, 1.9865e-05, 1.2182e-04, 1.1179e-05,
        4.6182e-06, 3.5977e-05, 1.1251e-05, 1.7145e-04, 1.2551e-05, 3.9170e-05,
        1.7379e-04, 4.3518e-05, 7.1412e-05, 1.6238e-04, 6.3374e-06, 2.7465e-05,
        1.8501e-04, 3.9561e-05, 3.5362e-05, 1.7335e-04, 2.7384e-05, 4.6921e-05,
        7.2964e-05, 1.9656e-05, 2.5996e-05, 1.4499e-04, 3.7273e-06, 4.9945e-05,
        7.7770e-05, 8.0254e-05, 2.5424e-05, 1.0538e-04, 1.0531e-04, 8.2535e-05,
        5.6815e-06, 5.0272e-05, 3.6061e-05, 5.2113e-05, 6.9383e-05, 1.6718e-05,
        8.4530e-05, 4.5998e-05, 5.1373e-05, 3.5642e-05, 9.5127e-07, 3.3818e-05,
        9.9265e-05, 2.9154e-05, 5.5662e-05, 8.9738e-06, 1.9216e-05, 1.4692e-04,
        2.3889e-05, 1.2979e-05, 2.0103e-05, 1.2624e-04, 1.4588e-04],
       grad_fn=<CatBackward>)

mean_overall=tensor(7.2966e-05, grad_fn=<MeanBackward0>)

-----------------------------------------------ITERATION220-----------------------------------------------

final_causality=[[1, 1, 1, 1, 1, 1, 1, 1, 1, 1, 1, 1, 1], [1, 1, 1, 1, 1, 1, 1, 1, 1, 1, 1, 1, 1, 1, 1, 1, 1, 1, 1, 1, 1, 1, 1, 1, 1, 1, 1, 1, 1, 1, 1, 1, 1, 1, 1, 1, 1, 1, 1, 1, 1, 1, 1, 1, 1, 1, 1, 1, 1, 1], [1, 1, 1, 1, 1, 1, 1, 1, 1, 1, 1, 1, 1, 1, 1, 1, 1, 1, 1, 1, 1, 1, 1, 1, 1, 1, 1, 1, 1, 1, 1, 1, 1, 1, 1, 1, 1, 1, 1, 1, 1, 1, 1, 1, 1, 1, 1, 1, 1, 1]]

means=tensor([2.7115e-05, 6.1833e-05, 2.0278e-04, 8.2566e-05, 1.1960e-04, 9.6071e-05,
        5.2863e-06, 7.3828e-05, 6.8877e-05, 2.9606e-04, 2.2066e-04, 2.0117e-05,
        6.9080e-05, 8.1923e-05, 4.6925e-05, 6.3931e-05, 1.6599e-04, 2.1262e-05,
        5.8868e-05, 4.2409e-05, 1.3222e-04, 9.9744e-06, 6.1286e-05, 1.0438e-05,
        1.7697e-05, 1.4388e-05, 9.1482e-05, 1.0199e-04, 3.2678e-04, 1.0848e-04,
        7.5412e-05, 5.2755e-05, 1.7332e-05, 4.1076e-05, 1.6067e-04, 1.1139e-04,
        3.5604e-04, 1.1753e-05, 1.4800e-05, 1.0026e-04, 7.7587e-05, 1.0495e-04,
        5.9356e-05, 7.1763e-05, 7.0482e-05, 1.2169e-05, 5.4049e-05, 1.1269e-04,
        5.7559e-05, 1.8513e-05, 1.9908e-04, 5.4423e-05, 5.9820e-05, 6.6519e-06,
        3.4199e-05, 1.1538e-04, 1.1298e-04, 1.9779e-05, 1.2246e-04, 1.1379e-05,
        4.6350e-06, 3.5612e-05, 1.1360e-05, 1.7118e-04, 1.2623e-05, 3.9267e-05,
        1.7379e-04, 4.3521e-05, 7.1835e-05, 1.6225e-04, 6.3572e-06, 2.7656e-05,
        1.8565e-04, 3.9455e-05, 3.5443e-05, 1.7323e-04, 2.7375e-05, 4.6990e-05,
        7.3004e-05, 1.9624e-05, 2.6042e-05, 1.4356e-04, 3.7258e-06, 4.9787e-05,
        7.7805e-05, 8.0584e-05, 2.5702e-05, 1.0533e-04, 1.0533e-04, 8.2365e-05,
        5.6796e-06, 5.0201e-05, 3.6076e-05, 5.2317e-05, 6.9659e-05, 1.6817e-05,
        8.4862e-05, 4.5656e-05, 5.1418e-05, 3.5626e-05, 9.5315e-07, 3.3806e-05,
        1.0022e-04, 2.9184e-05, 5.6019e-05, 8.9554e-06, 1.9211e-05, 1.4813e-04,
        2.3890e-05, 1.2982e-05, 2.0163e-05, 1.2615e-04, 1.4590e-04],
       grad_fn=<CatBackward>)

mean_overall=tensor(7.3024e-05, grad_fn=<MeanBackward0>)

-----------------------------------------------ITERATION230-----------------------------------------------

final_causality=[[1, 1, 1, 1, 1, 1, 1, 1, 1, 1, 1, 1, 1], [1, 1, 1, 1, 1, 1, 1, 1, 1, 1, 1, 1, 1, 1, 1, 1, 1, 1, 1, 1, 1, 1, 1, 1, 1, 1, 1, 1, 1, 1, 1, 1, 1, 1, 1, 1, 1, 1, 1, 1, 1, 1, 1, 1, 1, 1, 1, 1, 1, 1], [1, 1, 1, 1, 1, 1, 1, 1, 1, 1, 1, 1, 1, 1, 1, 1, 1, 1, 1, 1, 1, 1, 1, 1, 1, 1, 1, 1, 1, 1, 1, 1, 1, 1, 1, 1, 1, 1, 1, 1, 1, 1, 1, 1, 1, 1, 1, 1, 1, 1]]

means=tensor([2.7455e-05, 5.9205e-05, 2.0257e-04, 7.2855e-05, 1.2541e-04, 9.5054e-05,
        5.6908e-06, 7.5442e-05, 6.6435e-05, 2.9945e-04, 2.2301e-04, 2.2234e-05,
        7.0249e-05, 8.2284e-05, 4.6827e-05, 6.3758e-05, 1.6693e-04, 2.1068e-05,
        5.8398e-05, 4.2480e-05, 1.3221e-04, 1.0159e-05, 6.0875e-05, 1.0247e-05,
        1.7487e-05, 1.4452e-05, 9.1375e-05, 1.0216e-04, 3.2740e-04, 1.0808e-04,
        7.5062e-05, 5.2934e-05, 1.7555e-05, 4.1692e-05, 1.6148e-04, 1.1180e-04,
        3.5652e-04, 1.1819e-05, 1.4875e-05, 1.0048e-04, 7.6966e-05, 1.0475e-04,
        6.0027e-05, 7.2014e-05, 7.0916e-05, 1.1959e-05, 5.4061e-05, 1.1279e-04,
        5.7456e-05, 1.8617e-05, 1.9839e-04, 5.4603e-05, 5.9911e-05, 6.6172e-06,
        3.3756e-05, 1.1603e-04, 1.1238e-04, 1.9693e-05, 1.2308e-04, 1.1582e-05,
        4.6529e-06, 3.5252e-05, 1.1473e-05, 1.7093e-04, 1.2694e-05, 3.9364e-05,
        1.7380e-04, 4.3524e-05, 7.2257e-05, 1.6213e-04, 6.3766e-06, 2.7845e-05,
        1.8628e-04, 3.9352e-05, 3.5525e-05, 1.7311e-04, 2.7366e-05, 4.7059e-05,
        7.3043e-05, 1.9593e-05, 2.6086e-05, 1.4215e-04, 3.7246e-06, 4.9630e-05,
        7.7837e-05, 8.0915e-05, 2.5972e-05, 1.0529e-04, 1.0534e-04, 8.2196e-05,
        5.6778e-06, 5.0132e-05, 3.6092e-05, 5.2524e-05, 6.9934e-05, 1.6913e-05,
        8.5193e-05, 4.5321e-05, 5.1462e-05, 3.5609e-05, 9.5503e-07, 3.3793e-05,
        1.0117e-04, 2.9213e-05, 5.6375e-05, 8.9370e-06, 1.9208e-05, 1.4934e-04,
        2.3892e-05, 1.2984e-05, 2.0222e-05, 1.2607e-04, 1.4591e-04],
       grad_fn=<CatBackward>)

mean_overall=tensor(7.3086e-05, grad_fn=<MeanBackward0>)

-----------------------------------------------ITERATION240-----------------------------------------------

final_causality=[[1, 1, 1, 1, 1, 1, 1, 1, 1, 1, 1, 1, 1], [1, 1, 1, 1, 1, 1, 1, 1, 1, 1, 1, 1, 1, 1, 1, 1, 1, 1, 1, 1, 1, 1, 1, 1, 1, 1, 1, 1, 1, 1, 1, 1, 1, 1, 1, 1, 1, 1, 1, 1, 1, 1, 1, 1, 1, 1, 1, 1, 1, 1], [1, 1, 1, 1, 1, 1, 1, 1, 1, 1, 1, 1, 1, 1, 1, 1, 1, 1, 1, 1, 1, 1, 1, 1, 1, 1, 1, 1, 1, 1, 1, 1, 1, 1, 1, 1, 1, 1, 1, 1, 1, 1, 1, 1, 1, 1, 1, 1, 1, 1]]

means=tensor([2.7817e-05, 5.6576e-05, 2.0229e-04, 6.3419e-05, 1.3126e-04, 9.4015e-05,
        6.1102e-06, 7.7047e-05, 6.4006e-05, 3.0291e-04, 2.2537e-04, 2.4394e-05,
        7.1447e-05, 8.2642e-05, 4.6733e-05, 6.3585e-05, 1.6785e-04, 2.0880e-05,
        5.7938e-05, 4.2559e-05, 1.3221e-04, 1.0437e-05, 6.0471e-05, 1.0053e-05,
        1.7280e-05, 1.4516e-05, 9.1272e-05, 1.0233e-04, 3.2804e-04, 1.0769e-04,
        7.4714e-05, 5.3121e-05, 1.7779e-05, 4.2321e-05, 1.6230e-04, 1.1222e-04,
        3.5701e-04, 1.1888e-05, 1.4946e-05, 1.0069e-04, 7.6356e-05, 1.0457e-04,
        6.0702e-05, 7.2264e-05, 7.1357e-05, 1.1754e-05, 5.4067e-05, 1.1288e-04,
        5.7348e-05, 1.8723e-05, 1.9771e-04, 5.4791e-05, 5.9996e-05, 6.5856e-06,
        3.3310e-05, 1.1668e-04, 1.1180e-04, 1.9607e-05, 1.2369e-04, 1.1788e-05,
        4.6842e-06, 3.4898e-05, 1.1589e-05, 1.7068e-04, 1.2764e-05, 3.9461e-05,
        1.7381e-04, 4.3527e-05, 7.2677e-05, 1.6201e-04, 6.3957e-06, 2.8032e-05,
        1.8690e-04, 3.9252e-05, 3.5609e-05, 1.7299e-04, 2.7357e-05, 4.7128e-05,
        7.3081e-05, 1.9564e-05, 2.6130e-05, 1.4075e-04, 3.7232e-06, 4.9474e-05,
        7.7868e-05, 8.1246e-05, 2.6235e-05, 1.0524e-04, 1.0535e-04, 8.2027e-05,
        5.6759e-06, 5.0065e-05, 3.6107e-05, 5.2733e-05, 7.0207e-05, 1.7006e-05,
        8.5524e-05, 4.4995e-05, 5.1505e-05, 3.5593e-05, 9.5698e-07, 3.3780e-05,
        1.0212e-04, 2.9243e-05, 5.6729e-05, 8.9185e-06, 1.9205e-05, 1.5052e-04,
        2.3893e-05, 1.2986e-05, 2.0280e-05, 1.2598e-04, 1.4593e-04],
       grad_fn=<CatBackward>)

mean_overall=tensor(7.3155e-05, grad_fn=<MeanBackward0>)

-----------------------------------------------ITERATION250-----------------------------------------------

final_causality=[[1, 1, 1, 1, 1, 1, 1, 1, 1, 1, 1, 1, 1], [1, 1, 1, 1, 1, 1, 1, 1, 1, 1, 1, 1, 1, 1, 1, 1, 1, 1, 1, 1, 1, 1, 1, 1, 1, 1, 1, 1, 1, 1, 1, 1, 1, 1, 1, 1, 1, 1, 1, 1, 1, 1, 1, 1, 1, 1, 1, 1, 1, 1], [1, 1, 1, 1, 1, 1, 1, 1, 1, 1, 1, 1, 1, 1, 1, 1, 1, 1, 1, 1, 1, 1, 1, 1, 1, 1, 1, 1, 1, 1, 1, 1, 1, 1, 1, 1, 1, 1, 1, 1, 1, 1, 1, 1, 1, 1, 1, 1, 1, 1]]

means=tensor([2.8204e-05, 5.3949e-05, 2.0196e-04, 5.4274e-05, 1.3714e-04, 9.2954e-05,
        6.5448e-06, 7.8641e-05, 6.1593e-05, 3.0643e-04, 2.2775e-04, 2.6597e-05,
        7.2673e-05, 8.2997e-05, 4.6643e-05, 6.3412e-05, 1.6877e-04, 2.0697e-05,
        5.7488e-05, 4.2647e-05, 1.3220e-04, 1.0728e-05, 6.0077e-05, 9.8536e-06,
        1.7078e-05, 1.4579e-05, 9.1175e-05, 1.0249e-04, 3.2867e-04, 1.0731e-04,
        7.4368e-05, 5.3315e-05, 1.8002e-05, 4.2960e-05, 1.6311e-04, 1.1263e-04,
        3.5751e-04, 1.1959e-05, 1.5015e-05, 1.0089e-04, 7.5756e-05, 1.0439e-04,
        6.1379e-05, 7.2516e-05, 7.1804e-05, 1.1553e-05, 5.4067e-05, 1.1297e-04,
        5.7234e-05, 1.8831e-05, 1.9704e-04, 5.4988e-05, 6.0072e-05, 6.5572e-06,
        3.2861e-05, 1.1731e-04, 1.1124e-04, 1.9522e-05, 1.2429e-04, 1.1998e-05,
        4.7155e-06, 3.4551e-05, 1.1709e-05, 1.7045e-04, 1.2833e-05, 3.9559e-05,
        1.7384e-04, 4.3529e-05, 7.3097e-05, 1.6189e-04, 6.4144e-06, 2.8216e-05,
        1.8749e-04, 3.9154e-05, 3.5694e-05, 1.7287e-04, 2.7349e-05, 4.7197e-05,
        7.3117e-05, 1.9536e-05, 2.6172e-05, 1.3937e-04, 3.7219e-06, 4.9319e-05,
        7.7898e-05, 8.1579e-05, 2.6489e-05, 1.0519e-04, 1.0536e-04, 8.1860e-05,
        5.6740e-06, 5.0000e-05, 3.6123e-05, 5.2943e-05, 7.0477e-05, 1.7097e-05,
        8.5853e-05, 4.4679e-05, 5.1547e-05, 3.5577e-05, 9.5900e-07, 3.3766e-05,
        1.0305e-04, 2.9272e-05, 5.7080e-05, 8.9000e-06, 1.9204e-05, 1.5169e-04,
        2.3894e-05, 1.2988e-05, 2.0337e-05, 1.2589e-04, 1.4595e-04],
       grad_fn=<CatBackward>)

mean_overall=tensor(7.3228e-05, grad_fn=<MeanBackward0>)

-----------------------------------------------ITERATION260-----------------------------------------------

final_causality=[[1, 1, 1, 1, 1, 1, 1, 1, 1, 1, 1, 1, 1], [1, 1, 1, 1, 1, 1, 1, 1, 1, 1, 1, 1, 1, 1, 1, 1, 1, 1, 1, 1, 1, 1, 1, 1, 1, 1, 1, 1, 1, 1, 1, 1, 1, 1, 1, 1, 1, 1, 1, 1, 1, 1, 1, 1, 1, 1, 1, 1, 1, 1], [1, 1, 1, 1, 1, 1, 1, 1, 1, 1, 1, 1, 1, 1, 1, 1, 1, 1, 1, 1, 1, 1, 1, 1, 1, 1, 1, 1, 1, 1, 1, 1, 1, 1, 1, 1, 1, 1, 1, 1, 1, 1, 1, 1, 1, 1, 1, 1, 1, 1]]

means=tensor([2.8615e-05, 5.1326e-05, 2.0157e-04, 4.5432e-05, 1.4306e-04, 9.1873e-05,
        6.9951e-06, 8.0221e-05, 5.9202e-05, 3.1002e-04, 2.3015e-04, 2.8841e-05,
        7.3928e-05, 8.3349e-05, 4.6558e-05, 6.3238e-05, 1.6969e-04, 2.0521e-05,
        5.7050e-05, 4.2744e-05, 1.3220e-04, 1.1028e-05, 5.9691e-05, 9.6507e-06,
        1.6880e-05, 1.4641e-05, 9.1082e-05, 1.0266e-04, 3.2931e-04, 1.0695e-04,
        7.4026e-05, 5.3515e-05, 1.8226e-05, 4.3611e-05, 1.6391e-04, 1.1304e-04,
        3.5801e-04, 1.2033e-05, 1.5080e-05, 1.0108e-04, 7.5169e-05, 1.0423e-04,
        6.2057e-05, 7.2767e-05, 7.2256e-05, 1.1356e-05, 5.4061e-05, 1.1307e-04,
        5.7115e-05, 1.8940e-05, 1.9640e-04, 5.5193e-05, 6.0141e-05, 6.5321e-06,
        3.2408e-05, 1.1793e-04, 1.1069e-04, 1.9437e-05, 1.2488e-04, 1.2211e-05,
        4.7469e-06, 3.4209e-05, 1.1832e-05, 1.7024e-04, 1.2901e-05, 3.9657e-05,
        1.7388e-04, 4.3531e-05, 7.3514e-05, 1.6178e-04, 6.4326e-06, 2.8397e-05,
        1.8807e-04, 3.9060e-05, 3.5780e-05, 1.7275e-04, 2.7340e-05, 4.7266e-05,
        7.3153e-05, 1.9509e-05, 2.6214e-05, 1.3801e-04, 3.7206e-06, 4.9165e-05,
        7.7926e-05, 8.1911e-05, 2.6735e-05, 1.0514e-04, 1.0537e-04, 8.1695e-05,
        5.6721e-06, 4.9938e-05, 3.6140e-05, 5.3155e-05, 7.1362e-05, 1.7184e-05,
        8.6179e-05, 4.4372e-05, 5.1588e-05, 3.5560e-05, 9.6107e-07, 3.3752e-05,
        1.0398e-04, 2.9301e-05, 5.7428e-05, 8.8816e-06, 1.9203e-05, 1.5285e-04,
        2.3895e-05, 1.2991e-05, 2.0394e-05, 1.2580e-04, 1.4596e-04],
       grad_fn=<CatBackward>)

mean_overall=tensor(7.3313e-05, grad_fn=<MeanBackward0>)

-----------------------------------------------ITERATION270-----------------------------------------------

final_causality=[[1, 1, 1, 1, 1, 1, 1, 1, 1, 1, 1, 1, 1], [1, 1, 1, 1, 1, 1, 1, 1, 1, 1, 1, 1, 1, 1, 1, 1, 1, 1, 1, 1, 1, 1, 1, 1, 1, 1, 1, 1, 1, 1, 1, 1, 1, 1, 1, 1, 1, 1, 1, 1, 1, 1, 1, 1, 1, 1, 1, 1, 1, 1], [1, 1, 1, 1, 1, 1, 1, 1, 1, 1, 1, 1, 1, 1, 1, 1, 1, 1, 1, 1, 1, 1, 1, 1, 1, 1, 1, 1, 1, 1, 1, 1, 1, 1, 1, 1, 1, 1, 1, 1, 1, 1, 1, 1, 1, 1, 1, 1, 1, 1]]

means=tensor([2.9052e-05, 4.8710e-05, 2.0112e-04, 3.6905e-05, 1.4901e-04, 9.0772e-05,
        7.4613e-06, 8.1787e-05, 5.6838e-05, 3.1366e-04, 2.3255e-04, 3.1127e-05,
        7.5210e-05, 8.3698e-05, 4.6478e-05, 6.3064e-05, 1.7059e-04, 2.0350e-05,
        5.6623e-05, 4.2849e-05, 1.3219e-04, 1.1337e-05, 5.9316e-05, 9.4438e-06,
        1.6687e-05, 1.4703e-05, 9.0995e-05, 1.0283e-04, 3.2995e-04, 1.0660e-04,
        7.3687e-05, 5.3722e-05, 1.8449e-05, 4.4273e-05, 1.6471e-04, 1.1346e-04,
        3.5852e-04, 1.2110e-05, 1.5141e-05, 1.0126e-04, 7.4595e-05, 1.0408e-04,
        6.2736e-05, 7.3018e-05, 7.2713e-05, 1.1164e-05, 5.4049e-05, 1.1316e-04,
        5.6990e-05, 1.9051e-05, 1.9577e-04, 5.5407e-05, 6.0202e-05, 6.5100e-06,
        3.1952e-05, 1.1854e-04, 1.1015e-04, 1.9353e-05, 1.2545e-04, 1.2426e-05,
        4.7783e-06, 3.3875e-05, 1.1959e-05, 1.7003e-04, 1.2967e-05, 3.9754e-05,
        1.7393e-04, 4.3533e-05, 7.3929e-05, 1.6167e-04, 6.4504e-06, 2.8575e-05,
        1.8863e-04, 3.8969e-05, 3.5868e-05, 1.7264e-04, 2.7331e-05, 4.7335e-05,
        7.3187e-05, 1.9484e-05, 2.6254e-05, 1.3668e-04, 3.7192e-06, 4.9012e-05,
        7.7952e-05, 8.2243e-05, 2.6977e-05, 1.0509e-04, 1.0538e-04, 8.1531e-05,
        5.6702e-06, 4.9879e-05, 3.6156e-05, 5.3368e-05, 7.3079e-05, 1.7269e-05,
        8.6503e-05, 4.4075e-05, 5.1627e-05, 3.5544e-05, 9.6319e-07, 3.3738e-05,
        1.0490e-04, 2.9330e-05, 5.7773e-05, 8.8632e-06, 1.9204e-05, 1.5398e-04,
        2.3895e-05, 1.2993e-05, 2.0450e-05, 1.2572e-04, 1.4598e-04],
       grad_fn=<CatBackward>)

mean_overall=tensor(7.3409e-05, grad_fn=<MeanBackward0>)

-----------------------------------------------ITERATION280-----------------------------------------------

final_causality=[[1, 1, 1, 1, 1, 1, 1, 1, 1, 1, 1, 1, 1], [1, 1, 1, 1, 1, 1, 1, 1, 1, 1, 1, 1, 1, 1, 1, 1, 1, 1, 1, 1, 1, 1, 1, 1, 1, 1, 1, 1, 1, 1, 1, 1, 1, 1, 1, 1, 1, 1, 1, 1, 1, 1, 1, 1, 1, 1, 1, 1, 1, 1], [1, 1, 1, 1, 1, 1, 1, 1, 1, 1, 1, 1, 1, 1, 1, 1, 1, 1, 1, 1, 1, 1, 1, 1, 1, 1, 1, 1, 1, 1, 1, 1, 1, 1, 1, 1, 1, 1, 1, 1, 1, 1, 1, 1, 1, 1, 1, 1, 1, 1]]

means=tensor([2.9515e-05, 4.6102e-05, 2.0061e-04, 2.8703e-05, 1.5498e-04, 8.9650e-05,
        7.9438e-06, 8.3336e-05, 5.4506e-05, 3.1737e-04, 2.3497e-04, 3.3452e-05,
        7.6519e-05, 8.4042e-05, 4.6404e-05, 6.2891e-05, 1.7148e-04, 2.0185e-05,
        5.6207e-05, 4.2963e-05, 1.3218e-04, 1.1656e-05, 5.8950e-05, 9.2333e-06,
        1.6499e-05, 1.4763e-05, 9.0915e-05, 1.0299e-04, 3.3059e-04, 1.0628e-04,
        7.3351e-05, 5.3936e-05, 1.8672e-05, 4.4944e-05, 1.6549e-04, 1.1388e-04,
        3.5904e-04, 1.2190e-05, 1.5199e-05, 1.0144e-04, 7.4033e-05, 1.0394e-04,
        6.3414e-05, 7.3268e-05, 7.3176e-05, 1.0977e-05, 5.4031e-05, 1.1326e-04,
        5.6858e-05, 1.9163e-05, 1.9516e-04, 5.5629e-05, 6.0254e-05, 6.4910e-06,
        3.1494e-05, 1.1914e-04, 1.0963e-04, 1.9269e-05, 1.2600e-04, 1.2643e-05,
        4.8096e-06, 3.3547e-05, 1.2088e-05, 1.6984e-04, 1.3033e-05, 3.9852e-05,
        1.7399e-04, 4.3534e-05, 7.4340e-05, 1.6157e-04, 6.4677e-06, 2.8749e-05,
        1.8916e-04, 3.8881e-05, 3.5956e-05, 1.7252e-04, 2.7323e-05, 4.7403e-05,
        7.3221e-05, 1.9460e-05, 2.6293e-05, 1.3537e-04, 3.7179e-06, 4.8860e-05,
        7.7976e-05, 8.2573e-05, 2.7365e-05, 1.0504e-04, 1.0539e-04, 8.1369e-05,
        5.6683e-06, 4.9823e-05, 3.6173e-05, 5.3582e-05, 7.4759e-05, 1.7351e-05,
        8.6822e-05, 4.3788e-05, 5.1665e-05, 3.5546e-05, 9.6536e-07, 3.3723e-05,
        1.0580e-04, 2.9358e-05, 5.8115e-05, 8.8448e-06, 1.9205e-05, 1.5509e-04,
        2.3896e-05, 1.2996e-05, 2.0505e-05, 1.2563e-04, 1.4599e-04],
       grad_fn=<CatBackward>)

mean_overall=tensor(7.3512e-05, grad_fn=<MeanBackward0>)

-----------------------------------------------ITERATION290-----------------------------------------------

final_causality=[[1, 1, 1, 1, 1, 1, 1, 1, 1, 1, 1, 1, 1], [1, 1, 1, 1, 1, 1, 1, 1, 1, 1, 1, 1, 1, 1, 1, 1, 1, 1, 1, 1, 1, 1, 1, 1, 1, 1, 1, 1, 1, 1, 1, 1, 1, 1, 1, 1, 1, 1, 1, 1, 1, 1, 1, 1, 1, 1, 1, 1, 1, 1], [1, 1, 1, 1, 1, 1, 1, 1, 1, 1, 1, 1, 1, 1, 1, 1, 1, 1, 1, 1, 1, 1, 1, 1, 1, 1, 1, 1, 1, 1, 1, 1, 1, 1, 1, 1, 1, 1, 1, 1, 1, 1, 1, 1, 1, 1, 1, 1, 1, 1]]

means=tensor([3.0006e-05, 4.3506e-05, 2.0003e-04, 2.0834e-05, 1.6098e-04, 8.8509e-05,
        8.4428e-06, 8.4867e-05, 5.2210e-05, 3.2112e-04, 2.3740e-04, 3.5817e-05,
        7.7855e-05, 8.4382e-05, 4.6335e-05, 6.2717e-05, 1.7236e-04, 2.0027e-05,
        5.5804e-05, 4.3086e-05, 1.3217e-04, 1.1983e-05, 5.8707e-05, 9.0193e-06,
        1.6315e-05, 1.4822e-05, 9.0840e-05, 1.0316e-04, 3.3123e-04, 1.0597e-04,
        7.3020e-05, 5.4157e-05, 1.8894e-05, 4.5625e-05, 1.6628e-04, 1.1429e-04,
        3.5956e-04, 1.2272e-05, 1.5252e-05, 1.0160e-04, 7.3485e-05, 1.0381e-04,
        6.4092e-05, 7.3518e-05, 7.3642e-05, 1.0794e-05, 5.4007e-05, 1.1336e-04,
        5.6721e-05, 1.9277e-05, 1.9456e-04, 5.5858e-05, 6.0299e-05, 6.4750e-06,
        3.1033e-05, 1.1972e-04, 1.0913e-04, 1.9186e-05, 1.2654e-04, 1.2863e-05,
        4.8409e-06, 3.3226e-05, 1.2221e-05, 1.6966e-04, 1.3096e-05, 3.9949e-05,
        1.7407e-04, 4.3535e-05, 7.4749e-05, 1.6147e-04, 6.4845e-06, 2.8920e-05,
        1.8968e-04, 3.8797e-05, 3.6045e-05, 1.7241e-04, 2.7315e-05, 4.7471e-05,
        7.3254e-05, 1.9438e-05, 2.6331e-05, 1.3409e-04, 3.7165e-06, 4.8710e-05,
        7.7999e-05, 8.2902e-05, 2.7751e-05, 1.0499e-04, 1.0541e-04, 8.1210e-05,
        5.6663e-06, 4.9769e-05, 3.6191e-05, 5.3796e-05, 7.6400e-05, 1.7436e-05,
        8.7138e-05, 4.3512e-05, 5.1702e-05, 3.5692e-05, 9.6758e-07, 3.3708e-05,
        1.0670e-04, 2.9386e-05, 5.8453e-05, 8.8265e-06, 1.9208e-05, 1.5619e-04,
        2.3896e-05, 1.2999e-05, 2.0558e-05, 1.2554e-04, 1.4601e-04],
       grad_fn=<CatBackward>)

mean_overall=tensor(7.3622e-05, grad_fn=<MeanBackward0>)

-----------------------------------------------ITERATION300-----------------------------------------------

final_causality=[[1, 1, 1, 1, 1, 1, 1, 1, 1, 1, 1, 1, 1], [1, 1, 1, 1, 1, 1, 1, 1, 1, 1, 1, 1, 1, 1, 1, 1, 1, 1, 1, 1, 1, 1, 1, 1, 1, 1, 1, 1, 1, 1, 1, 1, 1, 1, 1, 1, 1, 1, 1, 1, 1, 1, 1, 1, 1, 1, 1, 1, 1, 1], [1, 1, 1, 1, 1, 1, 1, 1, 1, 1, 1, 1, 1, 1, 1, 1, 1, 1, 1, 1, 1, 1, 1, 1, 1, 1, 1, 1, 1, 1, 1, 1, 1, 1, 1, 1, 1, 1, 1, 1, 1, 1, 1, 1, 1, 1, 1, 1, 1, 1]]

means=tensor([3.0526e-05, 4.0922e-05, 1.9939e-04, 1.3304e-05, 1.6699e-04, 8.7349e-05,
        8.9587e-06, 8.6379e-05, 4.9954e-05, 3.2493e-04, 2.3983e-04, 3.8221e-05,
        7.9218e-05, 8.4717e-05, 4.6271e-05, 6.2543e-05, 1.7322e-04, 1.9875e-05,
        5.5413e-05, 4.3217e-05, 1.3216e-04, 1.2319e-05, 5.8607e-05, 8.8020e-06,
        1.6137e-05, 1.4880e-05, 9.0771e-05, 1.0333e-04, 3.3188e-04, 1.0567e-04,
        7.2694e-05, 5.4385e-05, 1.9114e-05, 4.6316e-05, 1.6705e-04, 1.1471e-04,
        3.6009e-04, 1.2356e-05, 1.5300e-05, 1.0176e-04, 7.2951e-05, 1.0370e-04,
        6.4767e-05, 7.3765e-05, 7.4113e-05, 1.0616e-05, 5.3978e-05, 1.1345e-04,
        5.6578e-05, 1.9391e-05, 1.9399e-04, 5.6095e-05, 6.0335e-05, 6.4618e-06,
        3.0570e-05, 1.2029e-04, 1.0864e-04, 1.9103e-05, 1.2706e-04, 1.3084e-05,
        4.8721e-06, 3.2913e-05, 1.2356e-05, 1.6949e-04, 1.3159e-05, 4.0046e-05,
        1.7415e-04, 4.3536e-05, 7.5154e-05, 1.6137e-04, 6.5008e-06, 2.9087e-05,
        1.9017e-04, 3.8717e-05, 3.6135e-05, 1.7229e-04, 2.7307e-05, 4.7538e-05,
        7.3286e-05, 1.9416e-05, 2.6368e-05, 1.3283e-04, 3.7152e-06, 4.8561e-05,
        7.8020e-05, 8.3230e-05, 2.8128e-05, 1.0494e-04, 1.0542e-04, 8.1053e-05,
        5.6644e-06, 4.9719e-05, 3.6208e-05, 5.4011e-05, 7.8000e-05, 1.7530e-05,
        8.7448e-05, 4.3246e-05, 5.1738e-05, 3.5835e-05, 9.6984e-07, 3.3692e-05,
        1.0758e-04, 2.9413e-05, 5.8787e-05, 8.8083e-06, 1.9211e-05, 1.5726e-04,
        2.3896e-05, 1.3002e-05, 2.0611e-05, 1.2546e-04, 1.4602e-04],
       grad_fn=<CatBackward>)

mean_overall=tensor(7.3738e-05, grad_fn=<MeanBackward0>)

-----------------------------------------------ITERATION310-----------------------------------------------

final_causality=[[1, 1, 1, 1, 1, 1, 1, 1, 1, 1, 1, 1, 1], [1, 1, 1, 1, 1, 1, 1, 1, 1, 1, 1, 1, 1, 1, 1, 1, 1, 1, 1, 1, 1, 1, 1, 1, 1, 1, 1, 1, 1, 1, 1, 1, 1, 1, 1, 1, 1, 1, 1, 1, 1, 1, 1, 1, 1, 1, 1, 1, 1, 1], [1, 1, 1, 1, 1, 1, 1, 1, 1, 1, 1, 1, 1, 1, 1, 1, 1, 1, 1, 1, 1, 1, 1, 1, 1, 1, 1, 1, 1, 1, 1, 1, 1, 1, 1, 1, 1, 1, 1, 1, 1, 1, 1, 1, 1, 1, 1, 1, 1, 1]]

means=tensor([3.1074e-05, 3.8352e-05, 1.9868e-04, 6.1208e-06, 1.7302e-04, 8.6170e-05,
        9.4916e-06, 8.7870e-05, 4.7744e-05, 3.2879e-04, 2.4226e-04, 4.0663e-05,
        8.0607e-05, 8.5048e-05, 4.6213e-05, 6.2370e-05, 1.7407e-04, 1.9733e-05,
        5.5035e-05, 4.3357e-05, 1.3215e-04, 1.2664e-05, 5.8511e-05, 8.5817e-06,
        1.5964e-05, 1.4937e-05, 9.0709e-05, 1.0349e-04, 3.3252e-04, 1.0540e-04,
        7.2371e-05, 5.4620e-05, 1.9333e-05, 4.7016e-05, 1.6781e-04, 1.1513e-04,
        3.6063e-04, 1.2442e-05, 1.5344e-05, 1.0190e-04, 7.2432e-05, 1.0360e-04,
        6.5441e-05, 7.4011e-05, 7.4587e-05, 1.0442e-05, 5.3942e-05, 1.1355e-04,
        5.6429e-05, 1.9508e-05, 1.9344e-04, 5.6340e-05, 6.0363e-05, 6.4514e-06,
        3.0106e-05, 1.2084e-04, 1.0817e-04, 1.9051e-05, 1.2756e-04, 1.3306e-05,
        4.9031e-06, 3.2606e-05, 1.2494e-05, 1.6934e-04, 1.3219e-05, 4.0142e-05,
        1.7425e-04, 4.3536e-05, 7.5554e-05, 1.6128e-04, 6.5166e-06, 2.9250e-05,
        1.9065e-04, 3.8640e-05, 3.6226e-05, 1.7218e-04, 2.7299e-05, 4.7606e-05,
        7.3319e-05, 1.9397e-05, 2.6403e-05, 1.3159e-04, 3.7139e-06, 4.8414e-05,
        7.8040e-05, 8.3555e-05, 2.8494e-05, 1.0490e-04, 1.0543e-04, 8.0898e-05,
        5.6625e-06, 4.9671e-05, 3.6226e-05, 5.4227e-05, 7.9557e-05, 1.7620e-05,
        8.7753e-05, 4.2991e-05, 5.1772e-05, 3.5973e-05, 9.7214e-07, 3.3676e-05,
        1.0845e-04, 2.9440e-05, 5.9117e-05, 8.7902e-06, 1.9215e-05, 1.5831e-04,
        2.3896e-05, 1.3005e-05, 2.0663e-05, 1.2537e-04, 1.4603e-04],
       grad_fn=<CatBackward>)

mean_overall=tensor(7.3858e-05, grad_fn=<MeanBackward0>)

-----------------------------------------------ITERATION320-----------------------------------------------

final_causality=[[1, 1, 1, 1, 1, 1, 1, 1, 1, 1, 1, 1, 1], [1, 1, 1, 1, 1, 1, 1, 1, 1, 1, 1, 1, 1, 1, 1, 1, 1, 1, 1, 1, 1, 1, 1, 1, 1, 1, 1, 1, 1, 1, 1, 1, 1, 1, 1, 1, 1, 1, 1, 1, 1, 1, 1, 1, 1, 1, 1, 1, 1, 1], [1, 1, 1, 1, 1, 1, 1, 1, 1, 1, 1, 1, 1, 1, 1, 1, 1, 1, 1, 1, 1, 1, 1, 1, 1, 1, 1, 1, 1, 1, 1, 1, 1, 1, 1, 1, 1, 1, 1, 1, 1, 1, 1, 1, 1, 1, 1, 1, 1, 1]]

means=tensor([3.1652e-05, 3.5797e-05, 1.9790e-04, 7.8747e-06, 1.7906e-04, 8.4972e-05,
        1.0042e-05, 8.9340e-05, 4.5582e-05, 3.3270e-04, 2.4470e-04, 4.3143e-05,
        8.2022e-05, 8.5375e-05, 4.6161e-05, 6.2196e-05, 1.7490e-04, 1.9606e-05,
        5.4669e-05, 4.3506e-05, 1.3214e-04, 1.3018e-05, 5.8419e-05, 8.3585e-06,
        1.5796e-05, 1.4993e-05, 9.0654e-05, 1.0366e-04, 3.3316e-04, 1.0514e-04,
        7.2054e-05, 5.4862e-05, 1.9551e-05, 4.7724e-05, 1.6857e-04, 1.1554e-04,
        3.6117e-04, 1.2531e-05, 1.5383e-05, 1.0204e-04, 7.1927e-05, 1.0351e-04,
        6.6111e-05, 7.4255e-05, 7.5065e-05, 1.0273e-05, 5.3901e-05, 1.1365e-04,
        5.6273e-05, 1.9694e-05, 1.9290e-04, 5.6592e-05, 6.0383e-05, 6.4435e-06,
        2.9640e-05, 1.2138e-04, 1.0772e-04, 1.9015e-05, 1.2805e-04, 1.3530e-05,
        4.9340e-06, 3.2307e-05, 1.2635e-05, 1.6919e-04, 1.3278e-05, 4.0238e-05,
        1.7435e-04, 4.3536e-05, 7.5951e-05, 1.6119e-04, 6.5319e-06, 2.9410e-05,
        1.9110e-04, 3.8568e-05, 3.6317e-05, 1.7207e-04, 2.7292e-05, 4.7672e-05,
        7.3350e-05, 1.9378e-05, 2.6437e-05, 1.3038e-04, 3.7125e-06, 4.8268e-05,
        7.8057e-05, 8.3878e-05, 2.8850e-05, 1.0485e-04, 1.0544e-04, 8.0747e-05,
        5.6606e-06, 4.9626e-05, 3.6243e-05, 5.4442e-05, 8.1073e-05, 1.7707e-05,
        8.8052e-05, 4.2747e-05, 5.1805e-05, 3.6107e-05, 9.7448e-07, 3.3660e-05,
        1.0930e-04, 2.9466e-05, 5.9443e-05, 8.7722e-06, 1.9219e-05, 1.5933e-04,
        2.3896e-05, 1.3008e-05, 2.0713e-05, 1.2529e-04, 1.4604e-04],
       grad_fn=<CatBackward>)

mean_overall=tensor(7.4060e-05, grad_fn=<MeanBackward0>)

-----------------------------------------------ITERATION330-----------------------------------------------

final_causality=[[1, 1, 1, 1, 1, 1, 1, 1, 1, 1, 1, 1, 1], [1, 1, 1, 1, 1, 1, 1, 1, 1, 1, 1, 1, 1, 1, 1, 1, 1, 1, 1, 1, 1, 1, 1, 1, 1, 1, 1, 1, 1, 1, 1, 1, 1, 1, 1, 1, 1, 1, 1, 1, 1, 1, 1, 1, 1, 1, 1, 1, 1, 1], [1, 1, 1, 1, 1, 1, 1, 1, 1, 1, 1, 1, 1, 1, 1, 1, 1, 1, 1, 1, 1, 1, 1, 1, 1, 1, 1, 1, 1, 1, 1, 1, 1, 1, 1, 1, 1, 1, 1, 1, 1, 1, 1, 1, 1, 1, 1, 1, 1, 1]]

means=tensor([3.2260e-05, 3.3260e-05, 1.9705e-04, 1.4477e-05, 1.8510e-04, 8.3757e-05,
        1.0608e-05, 9.0786e-05, 4.3474e-05, 3.3665e-04, 2.4714e-04, 4.5659e-05,
        8.3464e-05, 8.5699e-05, 4.6115e-05, 6.2023e-05, 1.7573e-04, 1.9485e-05,
        5.4315e-05, 4.3661e-05, 1.3212e-04, 1.3381e-05, 5.8330e-05, 8.1337e-06,
        1.5633e-05, 1.5049e-05, 9.0605e-05, 1.0382e-04, 3.3380e-04, 1.0490e-04,
        7.1742e-05, 5.5111e-05, 1.9768e-05, 4.8439e-05, 1.6932e-04, 1.1596e-04,
        3.6171e-04, 1.2622e-05, 1.5416e-05, 1.0218e-04, 7.1434e-05, 1.0343e-04,
        6.6780e-05, 7.4497e-05, 7.5546e-05, 1.0107e-05, 5.3857e-05, 1.1375e-04,
        5.6112e-05, 1.9900e-05, 1.9238e-04, 5.6850e-05, 6.0396e-05, 6.4371e-06,
        2.9172e-05, 1.2191e-04, 1.0728e-04, 1.8977e-05, 1.2852e-04, 1.3756e-05,
        4.9650e-06, 3.2014e-05, 1.2778e-05, 1.6906e-04, 1.3336e-05, 4.0333e-05,
        1.7447e-04, 4.3536e-05, 7.6344e-05, 1.6111e-04, 6.5468e-06, 2.9566e-05,
        1.9154e-04, 3.8498e-05, 3.6408e-05, 1.7196e-04, 2.7284e-05, 4.7738e-05,
        7.3382e-05, 1.9360e-05, 2.6470e-05, 1.2920e-04, 3.7112e-06, 4.8124e-05,
        7.8073e-05, 8.4198e-05, 2.9197e-05, 1.0480e-04, 1.0544e-04, 8.0599e-05,
        5.6586e-06, 4.9585e-05, 3.6262e-05, 5.4657e-05, 8.2552e-05, 1.7790e-05,
        8.8343e-05, 4.2511e-05, 5.1838e-05, 3.6238e-05, 9.7687e-07, 3.3643e-05,
        1.1014e-04, 2.9491e-05, 5.9764e-05, 8.7544e-06, 1.9224e-05, 1.6034e-04,
        2.3896e-05, 1.3011e-05, 2.0763e-05, 1.2521e-04, 1.4606e-04],
       grad_fn=<CatBackward>)

mean_overall=tensor(7.4306e-05, grad_fn=<MeanBackward0>)

-----------------------------------------------ITERATION340-----------------------------------------------

final_causality=[[1, 1, 1, 1, 1, 1, 1, 1, 1, 1, 1, 1, 1], [1, 1, 1, 1, 1, 1, 1, 1, 1, 1, 1, 1, 1, 1, 1, 1, 1, 1, 1, 1, 1, 1, 1, 1, 1, 1, 1, 1, 1, 1, 1, 1, 1, 1, 1, 1, 1, 1, 1, 1, 1, 1, 1, 1, 1, 1, 1, 1, 1, 1], [1, 1, 1, 1, 1, 1, 1, 1, 1, 1, 1, 1, 1, 1, 1, 1, 1, 1, 1, 1, 1, 1, 1, 1, 1, 1, 1, 1, 1, 1, 1, 1, 1, 1, 1, 1, 1, 1, 1, 1, 1, 1, 1, 1, 1, 1, 1, 1, 1, 1]]

means=tensor([3.2899e-05, 3.0740e-05, 1.9613e-04, 2.0752e-05, 1.9116e-04, 8.2524e-05,
        1.1192e-05, 9.2209e-05, 4.1423e-05, 3.4064e-04, 2.4958e-04, 4.8212e-05,
        8.4931e-05, 8.6019e-05, 4.6074e-05, 6.1849e-05, 1.7654e-04, 1.9370e-05,
        5.3973e-05, 4.3824e-05, 1.3211e-04, 1.3753e-05, 5.8245e-05, 7.9067e-06,
        1.5474e-05, 1.5103e-05, 9.0563e-05, 1.0398e-04, 3.3443e-04, 1.0467e-04,
        7.1434e-05, 5.5366e-05, 1.9983e-05, 4.9161e-05, 1.7005e-04, 1.1637e-04,
        3.6227e-04, 1.2715e-05, 1.5444e-05, 1.0230e-04, 7.0955e-05, 1.0336e-04,
        6.7445e-05, 7.4736e-05, 7.6029e-05, 9.9466e-06, 5.3808e-05, 1.1385e-04,
        5.5945e-05, 2.0106e-05, 1.9188e-04, 5.7116e-05, 6.0402e-05, 6.4327e-06,
        2.8703e-05, 1.2242e-04, 1.0685e-04, 1.8940e-05, 1.2897e-04, 1.3983e-05,
        4.9958e-06, 3.1727e-05, 1.2923e-05, 1.6894e-04, 1.3392e-05, 4.0428e-05,
        1.7459e-04, 4.3536e-05, 7.6734e-05, 1.6102e-04, 6.5613e-06, 2.9718e-05,
        1.9196e-04, 3.8433e-05, 3.6500e-05, 1.7184e-04, 2.7277e-05, 4.7804e-05,
        7.3413e-05, 1.9344e-05, 2.6501e-05, 1.2803e-04, 3.7098e-06, 4.7981e-05,
        7.8088e-05, 8.4514e-05, 2.9533e-05, 1.0475e-04, 1.0545e-04, 8.0454e-05,
        5.6567e-06, 4.9547e-05, 3.6280e-05, 5.4872e-05, 8.3988e-05, 1.7870e-05,
        8.8628e-05, 4.2286e-05, 5.1869e-05, 3.6365e-05, 9.7929e-07, 3.3626e-05,
        1.1097e-04, 2.9516e-05, 6.0080e-05, 8.7388e-06, 1.9230e-05, 1.6132e-04,
        2.3895e-05, 1.3015e-05, 2.0811e-05, 1.2512e-04, 1.4607e-04],
       grad_fn=<CatBackward>)

mean_overall=tensor(7.4550e-05, grad_fn=<MeanBackward0>)

-----------------------------------------------ITERATION350-----------------------------------------------

final_causality=[[1, 1, 1, 1, 1, 1, 1, 1, 1, 1, 1, 1, 1], [1, 1, 1, 1, 1, 1, 1, 1, 1, 1, 1, 1, 1, 1, 1, 1, 1, 1, 1, 1, 1, 1, 1, 1, 1, 1, 1, 1, 1, 1, 1, 1, 1, 1, 1, 1, 1, 1, 1, 1, 1, 1, 1, 1, 1, 1, 1, 1, 1, 1], [1, 1, 1, 1, 1, 1, 1, 1, 1, 1, 1, 1, 1, 1, 1, 1, 1, 1, 1, 1, 1, 1, 1, 1, 1, 1, 1, 1, 1, 1, 1, 1, 1, 1, 1, 1, 1, 1, 1, 1, 1, 1, 1, 1, 1, 1, 1, 1, 1, 1]]

means=tensor([3.3569e-05, 2.8240e-05, 1.9514e-04, 2.6676e-05, 1.9722e-04, 8.1274e-05,
        1.1793e-05, 9.3607e-05, 3.9432e-05, 3.4468e-04, 2.5202e-04, 5.0801e-05,
        8.6425e-05, 8.6334e-05, 4.6039e-05, 6.1676e-05, 1.7733e-04, 1.9262e-05,
        5.3644e-05, 4.3995e-05, 1.3209e-04, 1.4133e-05, 5.8163e-05, 7.6776e-06,
        1.5321e-05, 1.5157e-05, 9.0528e-05, 1.0413e-04, 3.3506e-04, 1.0447e-04,
        7.1132e-05, 5.5628e-05, 2.0196e-05, 4.9890e-05, 1.7078e-04, 1.1678e-04,
        3.6283e-04, 1.2810e-05, 1.5466e-05, 1.0242e-04, 7.0492e-05, 1.0330e-04,
        6.8106e-05, 7.4972e-05, 7.6515e-05, 9.7900e-06, 5.3754e-05, 1.1394e-04,
        5.5771e-05, 2.0312e-05, 1.9140e-04, 5.7388e-05, 6.0400e-05, 6.4304e-06,
        2.8234e-05, 1.2292e-04, 1.0645e-04, 1.8902e-05, 1.2940e-04, 1.4211e-05,
        5.0265e-06, 3.1448e-05, 1.3071e-05, 1.6884e-04, 1.3447e-05, 4.0523e-05,
        1.7473e-04, 4.3536e-05, 7.7118e-05, 1.6095e-04, 6.5752e-06, 2.9867e-05,
        1.9236e-04, 3.8371e-05, 3.6592e-05, 1.7173e-04, 2.7270e-05, 4.7869e-05,
        7.3444e-05, 1.9328e-05, 2.6531e-05, 1.2690e-04, 3.7085e-06, 4.7839e-05,
        7.8101e-05, 8.4827e-05, 2.9859e-05, 1.0470e-04, 1.0546e-04, 8.0313e-05,
        5.6548e-06, 4.9511e-05, 3.6298e-05, 5.5087e-05, 8.5380e-05, 1.7945e-05,
        8.8905e-05, 4.2071e-05, 5.1899e-05, 3.6488e-05, 9.8175e-07, 3.3609e-05,
        1.1178e-04, 2.9540e-05, 6.0392e-05, 8.7270e-06, 1.9237e-05, 1.6228e-04,
        2.3894e-05, 1.3018e-05, 2.0859e-05, 1.2504e-04, 1.4608e-04],
       grad_fn=<CatBackward>)

mean_overall=tensor(7.4792e-05, grad_fn=<MeanBackward0>)

-----------------------------------------------ITERATION360-----------------------------------------------

final_causality=[[1, 1, 1, 1, 1, 1, 1, 1, 1, 1, 1, 1, 1], [1, 1, 1, 1, 1, 1, 1, 1, 1, 1, 1, 1, 1, 1, 1, 1, 1, 1, 1, 1, 1, 1, 1, 1, 1, 1, 1, 1, 1, 1, 1, 1, 1, 1, 1, 1, 1, 1, 1, 1, 1, 1, 1, 1, 1, 1, 1, 1, 1, 1], [1, 1, 1, 1, 1, 1, 1, 1, 1, 1, 1, 1, 1, 1, 1, 1, 1, 1, 1, 1, 1, 1, 1, 1, 1, 1, 1, 1, 1, 1, 1, 1, 1, 1, 1, 1, 1, 1, 1, 1, 1, 1, 1, 1, 1, 1, 1, 1, 1, 1]]

means=tensor([3.4271e-05, 2.5760e-05, 1.9408e-04, 3.2238e-05, 2.0328e-04, 8.0006e-05,
        1.2413e-05, 9.4981e-05, 3.7504e-05, 3.4875e-04, 2.5446e-04, 5.3425e-05,
        8.7944e-05, 8.6645e-05, 4.6010e-05, 6.1502e-05, 1.7810e-04, 1.9160e-05,
        5.3329e-05, 4.4175e-05, 1.3207e-04, 1.4522e-05, 5.8085e-05, 7.4463e-06,
        1.5173e-05, 1.5209e-05, 9.0501e-05, 1.0429e-04, 3.3569e-04, 1.0428e-04,
        7.0836e-05, 5.5897e-05, 2.0407e-05, 5.0627e-05, 1.7150e-04, 1.1719e-04,
        3.6339e-04, 1.2906e-05, 1.5482e-05, 1.0253e-04, 7.0043e-05, 1.0325e-04,
        6.8783e-05, 7.5205e-05, 7.7003e-05, 9.6377e-06, 5.3696e-05, 1.1404e-04,
        5.5591e-05, 2.0517e-05, 1.9094e-04, 5.7666e-05, 6.0390e-05, 6.4300e-06,
        2.7763e-05, 1.2339e-04, 1.0606e-04, 1.8863e-05, 1.2981e-04, 1.4439e-05,
        5.0569e-06, 3.1176e-05, 1.3221e-05, 1.6874e-04, 1.3499e-05, 4.0616e-05,
        1.7488e-04, 4.3535e-05, 7.7497e-05, 1.6087e-04, 6.5886e-06, 3.0011e-05,
        1.9274e-04, 3.8314e-05, 3.6684e-05, 1.7162e-04, 2.7264e-05, 4.7933e-05,
        7.3476e-05, 1.9314e-05, 2.6560e-05, 1.2579e-04, 3.7071e-06, 4.7700e-05,
        7.8112e-05, 8.5137e-05, 3.0173e-05, 1.0465e-04, 1.0547e-04, 8.0175e-05,
        5.6528e-06, 4.9479e-05, 3.6317e-05, 5.5300e-05, 8.6724e-05, 1.8017e-05,
        8.9173e-05, 4.1867e-05, 5.1928e-05, 3.6606e-05, 9.8424e-07, 3.3591e-05,
        1.1258e-04, 2.9563e-05, 6.0698e-05, 8.7149e-06, 1.9244e-05, 1.6322e-04,
        2.3893e-05, 1.3022e-05, 2.0905e-05, 1.2496e-04, 1.4609e-04],
       grad_fn=<CatBackward>)

mean_overall=tensor(7.5032e-05, grad_fn=<MeanBackward0>)

-----------------------------------------------ITERATION370-----------------------------------------------

final_causality=[[1, 1, 1, 1, 1, 1, 1, 1, 1, 1, 1, 1, 1], [1, 1, 1, 1, 1, 1, 1, 1, 1, 1, 1, 1, 1, 1, 1, 1, 1, 1, 1, 1, 1, 1, 1, 1, 1, 1, 1, 1, 1, 1, 1, 1, 1, 1, 1, 1, 1, 1, 1, 1, 1, 1, 1, 1, 1, 1, 1, 1, 1, 1], [1, 1, 1, 1, 1, 1, 1, 1, 1, 1, 1, 1, 1, 1, 1, 1, 1, 1, 1, 1, 1, 1, 1, 1, 1, 1, 1, 1, 1, 1, 1, 1, 1, 1, 1, 1, 1, 1, 1, 1, 1, 1, 1, 1, 1, 1, 1, 1, 1, 1]]

means=tensor([3.5007e-05, 2.3301e-05, 1.9295e-04, 3.7437e-05, 2.0934e-04, 7.8721e-05,
        1.3051e-05, 9.6328e-05, 3.5644e-05, 3.5286e-04, 2.5689e-04, 5.6084e-05,
        8.9489e-05, 8.6950e-05, 4.5988e-05, 6.1329e-05, 1.7886e-04, 1.9065e-05,
        5.3026e-05, 4.4362e-05, 1.3204e-04, 1.4919e-05, 5.8011e-05, 7.2130e-06,
        1.5031e-05, 1.5261e-05, 9.0481e-05, 1.0455e-04, 3.3631e-04, 1.0411e-04,
        7.0545e-05, 5.6173e-05, 2.0616e-05, 5.1370e-05, 1.7221e-04, 1.1759e-04,
        3.6396e-04, 1.3005e-05, 1.5492e-05, 1.0263e-04, 6.9609e-05, 1.0322e-04,
        6.9470e-05, 7.5435e-05, 7.7493e-05, 9.4895e-06, 5.3632e-05, 1.1414e-04,
        5.5405e-05, 2.0721e-05, 1.9050e-04, 5.7951e-05, 6.0372e-05, 6.4316e-06,
        2.7291e-05, 1.2386e-04, 1.0568e-04, 1.8824e-05, 1.3020e-04, 1.4667e-05,
        5.0871e-06, 3.0911e-05, 1.3372e-05, 1.6866e-04, 1.3550e-05, 4.0709e-05,
        1.7503e-04, 4.3535e-05, 7.7870e-05, 1.6080e-04, 6.6014e-06, 3.0151e-05,
        1.9309e-04, 3.8260e-05, 3.6776e-05, 1.7151e-04, 2.7257e-05, 4.7997e-05,
        7.3508e-05, 1.9301e-05, 2.6588e-05, 1.2471e-04, 3.7058e-06, 4.7562e-05,
        7.8121e-05, 8.5442e-05, 3.0476e-05, 1.0459e-04, 1.0548e-04, 8.0042e-05,
        5.6510e-06, 4.9451e-05, 3.6336e-05, 5.5513e-05, 8.8021e-05, 1.8085e-05,
        8.9433e-05, 4.1674e-05, 5.1956e-05, 3.6721e-05, 9.8676e-07, 3.3572e-05,
        1.1335e-04, 2.9586e-05, 6.1000e-05, 8.7024e-06, 1.9251e-05, 1.6413e-04,
        2.3891e-05, 1.3026e-05, 2.0950e-05, 1.2488e-04, 1.4610e-04],
       grad_fn=<CatBackward>)

mean_overall=tensor(7.5270e-05, grad_fn=<MeanBackward0>)

-----------------------------------------------ITERATION380-----------------------------------------------

final_causality=[[1, 1, 1, 1, 1, 1, 1, 1, 1, 1, 1, 1, 1], [1, 1, 1, 1, 1, 1, 1, 1, 1, 1, 1, 1, 1, 1, 1, 1, 1, 1, 1, 1, 1, 1, 1, 1, 1, 1, 1, 1, 1, 1, 1, 1, 1, 1, 1, 1, 1, 1, 1, 1, 1, 1, 1, 1, 1, 1, 1, 1, 1, 1], [1, 1, 1, 1, 1, 1, 1, 1, 1, 1, 1, 1, 1, 1, 1, 1, 1, 1, 1, 1, 1, 1, 1, 1, 1, 1, 1, 1, 1, 1, 1, 1, 1, 1, 1, 1, 1, 1, 1, 1, 1, 1, 1, 1, 1, 1, 1, 1, 1, 1]]

means=tensor([3.5775e-05, 2.0864e-05, 1.9174e-04, 4.2272e-05, 2.1540e-04, 7.7419e-05,
        1.3707e-05, 9.7650e-05, 3.3853e-05, 3.5701e-04, 2.5932e-04, 5.8778e-05,
        9.1060e-05, 8.7251e-05, 4.5971e-05, 6.1155e-05, 1.7959e-04, 1.8980e-05,
        5.2737e-05, 4.4557e-05, 1.3201e-04, 1.5323e-05, 5.7941e-05, 6.9779e-06,
        1.4894e-05, 1.5311e-05, 9.0469e-05, 1.0499e-04, 3.3693e-04, 1.0397e-04,
        7.0259e-05, 5.6456e-05, 2.0822e-05, 5.2121e-05, 1.7290e-04, 1.1800e-04,
        3.6453e-04, 1.3105e-05, 1.5496e-05, 1.0272e-04, 6.9190e-05, 1.0319e-04,
        7.0152e-05, 7.5661e-05, 7.7985e-05, 9.3453e-06, 5.3564e-05, 1.1424e-04,
        5.5212e-05, 2.0925e-05, 1.9008e-04, 5.8242e-05, 6.0347e-05, 6.4348e-06,
        2.6819e-05, 1.2430e-04, 1.0533e-04, 1.8785e-05, 1.3057e-04, 1.4896e-05,
        5.1171e-06, 3.0653e-05, 1.3526e-05, 1.6859e-04, 1.3599e-05, 4.0801e-05,
        1.7520e-04, 4.3534e-05, 7.8238e-05, 1.6073e-04, 6.6138e-06, 3.0286e-05,
        1.9343e-04, 3.8212e-05, 3.6869e-05, 1.7139e-04, 2.7251e-05, 4.8060e-05,
        7.3541e-05, 1.9289e-05, 2.6614e-05, 1.2366e-04, 3.7044e-06, 4.7426e-05,
        7.8129e-05, 8.5743e-05, 3.0768e-05, 1.0454e-04, 1.0549e-04, 7.9912e-05,
        5.6491e-06, 4.9425e-05, 3.6354e-05, 5.5725e-05, 8.9297e-05, 1.8148e-05,
        8.9684e-05, 4.1491e-05, 5.1984e-05, 3.6831e-05, 9.8931e-07, 3.3553e-05,
        1.1411e-04, 2.9607e-05, 6.1297e-05, 8.6895e-06, 1.9258e-05, 1.6501e-04,
        2.3890e-05, 1.3030e-05, 2.0993e-05, 1.2480e-04, 1.4611e-04],
       grad_fn=<CatBackward>)

mean_overall=tensor(7.5508e-05, grad_fn=<MeanBackward0>)

-----------------------------------------------ITERATION390-----------------------------------------------

final_causality=[[1, 1, 1, 1, 1, 1, 1, 1, 1, 1, 1, 1, 1], [1, 1, 1, 1, 1, 1, 1, 1, 1, 1, 1, 1, 1, 1, 1, 1, 1, 1, 1, 1, 1, 1, 1, 1, 1, 1, 1, 1, 1, 1, 1, 1, 1, 1, 1, 1, 1, 1, 1, 1, 1, 1, 1, 1, 1, 1, 1, 1, 1, 1], [1, 1, 1, 1, 1, 1, 1, 1, 1, 1, 1, 1, 1, 1, 1, 1, 1, 1, 1, 1, 1, 1, 1, 1, 1, 1, 1, 1, 1, 1, 1, 1, 1, 1, 1, 1, 1, 1, 1, 1, 1, 1, 1, 1, 1, 1, 1, 1, 1, 1]]

means=tensor([3.6576e-05, 1.8450e-05, 1.9046e-04, 4.6747e-05, 2.2146e-04, 7.6101e-05,
        1.4382e-05, 9.8946e-05, 3.2135e-05, 3.6119e-04, 2.6175e-04, 6.1505e-05,
        9.2657e-05, 8.7547e-05, 4.5961e-05, 6.0982e-05, 1.8031e-04, 1.9016e-05,
        5.2460e-05, 4.4761e-05, 1.3198e-04, 1.5736e-05, 5.7875e-05, 6.7411e-06,
        1.4762e-05, 1.5360e-05, 9.0464e-05, 1.0541e-04, 3.3754e-04, 1.0384e-04,
        6.9979e-05, 5.6746e-05, 2.1026e-05, 5.2879e-05, 1.7359e-04, 1.1840e-04,
        3.6512e-04, 1.3207e-05, 1.5494e-05, 1.0281e-04, 6.8786e-05, 1.0318e-04,
        7.0828e-05, 7.5884e-05, 7.8478e-05, 9.2050e-06, 5.3491e-05, 1.1433e-04,
        5.5013e-05, 2.1129e-05, 1.8968e-04, 5.8538e-05, 6.0313e-05, 6.4395e-06,
        2.6346e-05, 1.2473e-04, 1.0499e-04, 1.8746e-05, 1.3092e-04, 1.5124e-05,
        5.1467e-06, 3.0402e-05, 1.3682e-05, 1.6853e-04, 1.3646e-05, 4.0891e-05,
        1.7538e-04, 4.3533e-05, 7.8599e-05, 1.6067e-04, 6.6256e-06, 3.0418e-05,
        1.9374e-04, 3.8167e-05, 3.6961e-05, 1.7128e-04, 2.7245e-05, 4.8123e-05,
        7.3575e-05, 1.9278e-05, 2.6638e-05, 1.2263e-04, 3.7031e-06, 4.7292e-05,
        7.8136e-05, 8.6039e-05, 3.1047e-05, 1.0449e-04, 1.0550e-04, 7.9786e-05,
        5.6472e-06, 4.9402e-05, 3.6373e-05, 5.5936e-05, 9.0728e-05, 1.8208e-05,
        8.9925e-05, 4.1320e-05, 5.2010e-05, 3.6937e-05, 9.9188e-07, 3.3534e-05,
        1.1486e-04, 2.9628e-05, 6.1589e-05, 8.6764e-06, 1.9266e-05, 1.6586e-04,
        2.3888e-05, 1.3034e-05, 2.1035e-05, 1.2472e-04, 1.4611e-04],
       grad_fn=<CatBackward>)

mean_overall=tensor(7.5746e-05, grad_fn=<MeanBackward0>)

-----------------------------------------------ITERATION400-----------------------------------------------

final_causality=[[1, 1, 1, 1, 1, 1, 1, 1, 1, 1, 1, 1, 1], [1, 1, 1, 1, 1, 1, 1, 1, 1, 1, 1, 1, 1, 1, 1, 1, 1, 1, 1, 1, 1, 1, 1, 1, 1, 1, 1, 1, 1, 1, 1, 1, 1, 1, 1, 1, 1, 1, 1, 1, 1, 1, 1, 1, 1, 1, 1, 1, 1, 1], [1, 1, 1, 1, 1, 1, 1, 1, 1, 1, 1, 1, 1, 1, 1, 1, 1, 1, 1, 1, 1, 1, 1, 1, 1, 1, 1, 1, 1, 1, 1, 1, 1, 1, 1, 1, 1, 1, 1, 1, 1, 1, 1, 1, 1, 1, 1, 1, 1, 1]]

means=tensor([3.7411e-05, 1.6059e-05, 1.8911e-04, 5.0864e-05, 2.2752e-04, 7.4767e-05,
        1.5076e-05, 1.0021e-04, 3.0493e-05, 3.6541e-04, 2.6416e-04, 6.4266e-05,
        9.4280e-05, 8.7837e-05, 4.5957e-05, 6.0808e-05, 1.8101e-04, 1.9053e-05,
        5.2196e-05, 4.4972e-05, 1.3195e-04, 1.6156e-05, 5.7813e-05, 6.5028e-06,
        1.4635e-05, 1.5409e-05, 9.0467e-05, 1.0582e-04, 3.3815e-04, 1.0372e-04,
        6.9705e-05, 5.7043e-05, 2.1226e-05, 5.3643e-05, 1.7426e-04, 1.1879e-04,
        3.6570e-04, 1.3310e-05, 1.5485e-05, 1.0289e-04, 6.8397e-05, 1.0318e-04,
        7.1497e-05, 7.6102e-05, 7.8974e-05, 9.0686e-06, 5.3415e-05, 1.1443e-04,
        5.4808e-05, 2.1331e-05, 1.8929e-04, 5.8840e-05, 6.0272e-05, 6.4456e-06,
        2.5872e-05, 1.2514e-04, 1.0467e-04, 1.8706e-05, 1.3125e-04, 1.5352e-05,
        5.1762e-06, 3.0157e-05, 1.3840e-05, 1.6848e-04, 1.3691e-05, 4.0981e-05,
        1.7557e-04, 4.3531e-05, 7.8954e-05, 1.6061e-04, 6.6369e-06, 3.0545e-05,
        1.9404e-04, 3.8127e-05, 3.7053e-05, 1.7117e-04, 2.7240e-05, 4.8185e-05,
        7.3610e-05, 1.9268e-05, 2.6661e-05, 1.2163e-04, 3.7017e-06, 4.7160e-05,
        7.8141e-05, 8.6330e-05, 3.1315e-05, 1.0444e-04, 1.0550e-04, 7.9664e-05,
        5.6454e-06, 4.9383e-05, 3.6393e-05, 5.6145e-05, 9.2114e-05, 1.8263e-05,
        9.0157e-05, 4.1159e-05, 5.2036e-05, 3.7040e-05, 9.9447e-07, 3.3515e-05,
        1.1558e-04, 2.9647e-05, 6.1876e-05, 8.6630e-06, 1.9274e-05, 1.6669e-04,
        2.3885e-05, 1.3038e-05, 2.1077e-05, 1.2464e-04, 1.4612e-04],
       grad_fn=<CatBackward>)

mean_overall=tensor(7.5982e-05, grad_fn=<MeanBackward0>)

-----------------------------------------------ITERATION410-----------------------------------------------

final_causality=[[1, 1, 1, 1, 1, 1, 1, 1, 1, 1, 1, 1, 1], [1, 1, 1, 1, 1, 1, 1, 1, 1, 1, 1, 1, 1, 1, 1, 1, 1, 1, 1, 1, 1, 1, 1, 1, 1, 1, 1, 1, 1, 1, 1, 1, 1, 1, 1, 1, 1, 1, 1, 1, 1, 1, 1, 1, 1, 1, 1, 1, 1, 1], [1, 1, 1, 1, 1, 1, 1, 1, 1, 1, 1, 1, 1, 1, 1, 1, 1, 1, 1, 1, 1, 1, 1, 1, 1, 1, 1, 1, 1, 1, 1, 1, 1, 1, 1, 1, 1, 1, 1, 1, 1, 1, 1, 1, 1, 1, 1, 1, 1, 1]]

means=tensor([3.8280e-05, 1.3692e-05, 1.8768e-04, 5.4627e-05, 2.3358e-04, 7.3416e-05,
        1.5789e-05, 1.0146e-04, 2.8929e-05, 3.6966e-04, 2.6657e-04, 6.7061e-05,
        9.5929e-05, 8.8123e-05, 4.5960e-05, 6.0634e-05, 1.8169e-04, 1.9091e-05,
        5.1945e-05, 4.5190e-05, 1.3191e-04, 1.6584e-05, 5.7755e-05, 6.2632e-06,
        1.4514e-05, 1.5456e-05, 9.0478e-05, 1.0622e-04, 3.3875e-04, 1.0363e-04,
        6.9436e-05, 5.7347e-05, 2.1427e-05, 5.4413e-05, 1.7492e-04, 1.1918e-04,
        3.6629e-04, 1.3416e-05, 1.5471e-05, 1.0296e-04, 6.8023e-05, 1.0319e-04,
        7.2160e-05, 7.6317e-05, 7.9470e-05, 8.9358e-06, 5.3334e-05, 1.1452e-04,
        5.4597e-05, 2.1532e-05, 1.8893e-04, 5.9147e-05, 6.0225e-05, 6.4528e-06,
        2.5398e-05, 1.2553e-04, 1.0437e-04, 1.8666e-05, 1.3156e-04, 1.5579e-05,
        5.2053e-06, 2.9919e-05, 1.3999e-05, 1.6845e-04, 1.3735e-05, 4.1070e-05,
        1.7577e-04, 4.3530e-05, 7.9302e-05, 1.6055e-04, 6.6478e-06, 3.0668e-05,
        1.9432e-04, 3.8091e-05, 3.7145e-05, 1.7105e-04, 2.7235e-05, 4.8246e-05,
        7.3646e-05, 1.9258e-05, 2.6683e-05, 1.2066e-04, 3.7004e-06, 4.7030e-05,
        7.8144e-05, 8.6617e-05, 3.1571e-05, 1.0438e-04, 1.0551e-04, 7.9546e-05,
        5.6436e-06, 4.9367e-05, 3.6412e-05, 5.6353e-05, 9.3455e-05, 1.8314e-05,
        9.0378e-05, 4.1008e-05, 5.2061e-05, 3.7138e-05, 9.9709e-07, 3.3495e-05,
        1.1629e-04, 2.9666e-05, 6.2158e-05, 8.6494e-06, 1.9282e-05, 1.6750e-04,
        2.3883e-05, 1.3043e-05, 2.1116e-05, 1.2456e-04, 1.4613e-04],
       grad_fn=<CatBackward>)

mean_overall=tensor(7.6215e-05, grad_fn=<MeanBackward0>)

-----------------------------------------------ITERATION420-----------------------------------------------

final_causality=[[1, 1, 1, 1, 1, 1, 1, 1, 1, 1, 1, 1, 1], [1, 1, 1, 1, 1, 1, 1, 1, 1, 1, 1, 1, 1, 1, 1, 1, 1, 1, 1, 1, 1, 1, 1, 1, 1, 1, 1, 1, 1, 1, 1, 1, 1, 1, 1, 1, 1, 1, 1, 1, 1, 1, 1, 1, 1, 1, 1, 1, 1, 1], [1, 1, 1, 1, 1, 1, 1, 1, 1, 1, 1, 1, 1, 1, 1, 1, 1, 1, 1, 1, 1, 1, 1, 1, 1, 1, 1, 1, 1, 1, 1, 1, 1, 1, 1, 1, 1, 1, 1, 1, 1, 1, 1, 1, 1, 1, 1, 1, 1, 1]]

means=tensor([3.9184e-05, 1.1349e-05, 1.8618e-04, 5.8043e-05, 2.3964e-04, 7.2050e-05,
        1.6520e-05, 1.0267e-04, 2.7445e-05, 3.7394e-04, 2.6897e-04, 6.9887e-05,
        9.7605e-05, 8.8405e-05, 4.5968e-05, 6.0460e-05, 1.8236e-04, 1.9131e-05,
        5.1707e-05, 4.5416e-05, 1.3187e-04, 1.7020e-05, 5.7700e-05, 6.0225e-06,
        1.4398e-05, 1.5502e-05, 9.0497e-05, 1.0660e-04, 3.3935e-04, 1.0356e-04,
        6.9173e-05, 5.7657e-05, 2.1643e-05, 5.5189e-05, 1.7557e-04, 1.1957e-04,
        3.6689e-04, 1.3522e-05, 1.5449e-05, 1.0303e-04, 6.7663e-05, 1.0320e-04,
        7.2816e-05, 7.6527e-05, 7.9968e-05, 8.8065e-06, 5.3250e-05, 1.1462e-04,
        5.4380e-05, 2.1733e-05, 1.8858e-04, 5.9460e-05, 6.0170e-05, 6.4610e-06,
        2.4924e-05, 1.2591e-04, 1.0408e-04, 1.8625e-05, 1.3184e-04, 1.5807e-05,
        5.2343e-06, 2.9688e-05, 1.4160e-05, 1.6842e-04, 1.3776e-05, 4.1157e-05,
        1.7598e-04, 4.3531e-05, 7.9644e-05, 1.6049e-04, 6.6581e-06, 3.0787e-05,
        1.9457e-04, 3.8059e-05, 3.7236e-05, 1.7094e-04, 2.7230e-05, 4.8307e-05,
        7.3683e-05, 1.9250e-05, 2.6704e-05, 1.1972e-04, 3.6990e-06, 4.6901e-05,
        7.8147e-05, 8.6898e-05, 3.1816e-05, 1.0433e-04, 1.0552e-04, 7.9432e-05,
        5.6419e-06, 4.9353e-05, 3.6431e-05, 5.6560e-05, 9.4752e-05, 1.8361e-05,
        9.0589e-05, 4.0867e-05, 5.2085e-05, 3.7232e-05, 9.9973e-07, 3.3475e-05,
        1.1698e-04, 2.9684e-05, 6.2435e-05, 8.6355e-06, 1.9290e-05, 1.6828e-04,
        2.3880e-05, 1.3048e-05, 2.1155e-05, 1.2448e-04, 1.4613e-04],
       grad_fn=<CatBackward>)

mean_overall=tensor(7.6445e-05, grad_fn=<MeanBackward0>)

-----------------------------------------------ITERATION430-----------------------------------------------

final_causality=[[1, 1, 1, 1, 1, 1, 1, 1, 1, 1, 1, 1, 1], [1, 1, 1, 1, 1, 1, 1, 1, 1, 1, 1, 1, 1, 1, 1, 1, 1, 1, 1, 1, 1, 1, 1, 1, 1, 1, 1, 1, 1, 1, 1, 1, 1, 1, 1, 1, 1, 1, 1, 1, 1, 1, 1, 1, 1, 1, 1, 1, 1, 1], [1, 1, 1, 1, 1, 1, 1, 1, 1, 1, 1, 1, 1, 1, 1, 1, 1, 1, 1, 1, 1, 1, 1, 1, 1, 1, 1, 1, 1, 1, 1, 1, 1, 1, 1, 1, 1, 1, 1, 1, 1, 1, 1, 1, 1, 1, 1, 1, 1, 1]]

means=tensor([4.0122e-05, 9.0305e-06, 1.8460e-04, 6.1115e-05, 2.4569e-04, 7.0668e-05,
        1.7270e-05, 1.0386e-04, 2.6045e-05, 3.7825e-04, 2.7136e-04, 7.2746e-05,
        9.9308e-05, 8.8682e-05, 4.5983e-05, 6.0286e-05, 1.8300e-04, 1.9172e-05,
        5.1481e-05, 4.5650e-05, 1.3183e-04, 1.7462e-05, 5.7650e-05, 5.7807e-06,
        1.4287e-05, 1.5548e-05, 9.0525e-05, 1.0698e-04, 3.3993e-04, 1.0350e-04,
        6.8916e-05, 5.7975e-05, 2.1856e-05, 5.5972e-05, 1.7621e-04, 1.1996e-04,
        3.6750e-04, 1.3630e-05, 1.5421e-05, 1.0308e-04, 6.7317e-05, 1.0323e-04,
        7.3464e-05, 7.6733e-05, 8.0466e-05, 8.6807e-06, 5.3162e-05, 1.1471e-04,
        5.4157e-05, 2.1932e-05, 1.8826e-04, 5.9777e-05, 6.0108e-05, 6.4700e-06,
        2.4459e-05, 1.2626e-04, 1.0381e-04, 1.8584e-05, 1.3211e-04, 1.6033e-05,
        5.2629e-06, 2.9462e-05, 1.4323e-05, 1.6841e-04, 1.3816e-05, 4.1244e-05,
        1.7619e-04, 4.3535e-05, 7.9979e-05, 1.6044e-04, 6.6679e-06, 3.0902e-05,
        1.9481e-04, 3.8032e-05, 3.7328e-05, 1.7082e-04, 2.7225e-05, 4.8367e-05,
        7.3722e-05, 1.9243e-05, 2.6723e-05, 1.1880e-04, 3.6977e-06, 4.6775e-05,
        7.8147e-05, 8.7175e-05, 3.2050e-05, 1.0427e-04, 1.0553e-04, 7.9323e-05,
        5.6402e-06, 4.9343e-05, 3.6450e-05, 5.6765e-05, 9.6003e-05, 1.8405e-05,
        9.0789e-05, 4.0737e-05, 5.2109e-05, 3.7322e-05, 1.0024e-06, 3.3454e-05,
        1.1765e-04, 2.9701e-05, 6.2707e-05, 8.6213e-06, 1.9298e-05, 1.6903e-04,
        2.3877e-05, 1.3053e-05, 2.1192e-05, 1.2440e-04, 1.4613e-04],
       grad_fn=<CatBackward>)

mean_overall=tensor(7.6673e-05, grad_fn=<MeanBackward0>)

-----------------------------------------------ITERATION440-----------------------------------------------

final_causality=[[1, 1, 1, 1, 1, 1, 1, 1, 1, 1, 1, 1, 1], [1, 1, 1, 1, 1, 1, 1, 1, 1, 1, 1, 1, 1, 1, 1, 1, 1, 1, 1, 1, 1, 1, 1, 1, 1, 1, 1, 1, 1, 1, 1, 1, 1, 1, 1, 1, 1, 1, 1, 1, 1, 1, 1, 1, 1, 1, 1, 1, 1, 1], [1, 1, 1, 1, 1, 1, 1, 1, 1, 1, 1, 1, 1, 1, 1, 1, 1, 1, 1, 1, 1, 1, 1, 1, 1, 1, 1, 1, 1, 1, 1, 1, 1, 1, 1, 1, 1, 1, 1, 1, 1, 1, 1, 1, 1, 1, 1, 1, 1, 1]]

means=tensor([4.1094e-05, 6.7372e-06, 1.8295e-04, 6.3851e-05, 2.5174e-04, 6.9270e-05,
        1.8039e-05, 1.0502e-04, 2.4729e-05, 3.8258e-04, 2.7375e-04, 7.5637e-05,
        1.0104e-04, 8.8954e-05, 4.6004e-05, 6.0112e-05, 1.8362e-04, 1.9215e-05,
        5.1267e-05, 4.5891e-05, 1.3178e-04, 1.7913e-05, 5.7603e-05, 5.5381e-06,
        1.4182e-05, 1.5593e-05, 9.0560e-05, 1.0734e-04, 3.4051e-04, 1.0346e-04,
        6.8665e-05, 5.8299e-05, 2.2065e-05, 5.6760e-05, 1.7684e-04, 1.2034e-04,
        3.6810e-04, 1.3740e-05, 1.5387e-05, 1.0314e-04, 6.6986e-05, 1.0327e-04,
        7.4105e-05, 7.6935e-05, 8.0966e-05, 8.5582e-06, 5.3071e-05, 1.1480e-04,
        5.3928e-05, 2.2130e-05, 1.8795e-04, 6.0100e-05, 6.0040e-05, 6.4796e-06,
        2.4012e-05, 1.2660e-04, 1.0355e-04, 1.8543e-05, 1.3236e-04, 1.6259e-05,
        5.2914e-06, 2.9243e-05, 1.4487e-05, 1.6840e-04, 1.3854e-05, 4.1329e-05,
        1.7642e-04, 4.3538e-05, 8.0308e-05, 1.6039e-04, 6.6773e-06, 3.1012e-05,
        1.9503e-04, 3.8009e-05, 3.7419e-05, 1.7071e-04, 2.7221e-05, 4.8426e-05,
        7.3762e-05, 1.9236e-05, 2.6740e-05, 1.1791e-04, 3.6963e-06, 4.6650e-05,
        7.8147e-05, 8.7445e-05, 3.2272e-05, 1.0422e-04, 1.0554e-04, 7.9218e-05,
        5.6385e-06, 4.9336e-05, 3.6470e-05, 5.6968e-05, 9.7210e-05, 1.8444e-05,
        9.0978e-05, 4.0616e-05, 5.2132e-05, 3.7408e-05, 1.0051e-06, 3.3433e-05,
        1.1830e-04, 2.9717e-05, 6.2974e-05, 8.6070e-06, 1.9306e-05, 1.6975e-04,
        2.3874e-05, 1.3058e-05, 2.1228e-05, 1.2432e-04, 1.4614e-04],
       grad_fn=<CatBackward>)

mean_overall=tensor(7.6898e-05, grad_fn=<MeanBackward0>)

