loss_training=[0.14749735505947298, 0.022558891122971915, 1.656726007657225e-05, 0.004097407044969743, 0.00024964098611568366, -0.00018026857483257588, -0.00018990559507927284, -0.00039476266431908347, -0.00037114494636814065, -0.0004059941669924699, -0.00040707309395372917, -0.00041600764359670846, -0.0004210379426473631, -0.00042740404388614465, -0.0004335919317131142, -0.00044022050018432957, -0.000447118945288544, -0.00045435758162168095, -0.00046190655720658425, -0.0004697515012243803, -0.000477904734455781, -0.00048635515181964356, -0.0004951943583132746, -0.0005043641215782262, -0.0005138564371670227, -0.0005237026305601706, -0.0005339108940819921, -0.0005444953830133867, -0.000555423076824909, -0.0005667049185051442, -0.0005783968577736348, -0.0005905320159508675, -0.000603053038385511, -0.0006159876609222446, -0.0006293667764533915, -0.0006431835506200893, -0.0006574399011952544, -0.0006721449600869372, -0.0006873338241826315, -0.0007029886067130185, -0.0007191262662188706, -0.0007358134813348555, -0.0007530130059005551, -0.0007707415330973078, -0.0007890209251034282]

test_loss_training=[0.29767023132518095, 0.11826383353866564, 0.056196103114404365, 0.049663489320953345, 0.05869401562392497, 0.0688522767031812, 0.06776766710053454, 0.06320843942474556, 0.06252486985400381, 0.06406055555872534, 0.06449328502410918, 0.06392454642988761, 0.06376711284036721, 0.06398168124802539, 0.06401005119543897, 0.06392206496509548, 0.06392404809596199, 0.06394966767966698, 0.06393569668324905, 0.06392406547425304, 0.06392570902472179, 0.06392127436730717, 0.06391395519194656, 0.06390959238525253, 0.06390444617994225, 0.0638981205911113, 0.06389216944200751, 0.06388591585125064, 0.06387915919608177, 0.06387224758907505, 0.06386502757440438, 0.06385745372818762, 0.06384960619152133, 0.06384143084538885, 0.06383291593233316, 0.06382407525534728, 0.06381488517399944, 0.06380533528425147, 0.06379541662275344, 0.06378511355223972, 0.06377441158768411, 0.06376329338676932, 0.06375174454818625, 0.06373974820776832, 0.06372728062350423]

loss_control_training_MSE=[0.13025297709672967, 0.017283026580243385, 0.0012884213887005794, 0.004608805526904628, 0.0007408091270028471, 0.0005986535491914354, 0.000499797379206519, 0.0003478235701220349, 0.0003676258365157558, 0.00034013507312518243, 0.00034313255481857103, 0.00034019199943817176, 0.0003407831797433791, 0.00034020046454805413, 0.000340237839498939, 0.0003403091861500697, 0.00034033587183160646, 0.0003403451331047002, 0.0003403998149534347, 0.0003404615779348856, 0.0003405172659944412, 0.0003405880660994259, 0.0003406712221866591, 0.0003407614235897015, 0.00034086336172081357, 0.0003409782989745122, 0.0003411054455823893, 0.0003412464372756682, 0.00034140244919101233, 0.0003415740949125615, 0.0003417625953574406, 0.0003419691042541809, 0.00034219468869127, 0.0003424406340731542, 0.00034270823111173825, 0.0003429988072138403, 0.00034331381671283634, 0.000343654768061799, 0.00034402324407297347, 0.00034442091681233396, 0.00034484954297021116, 0.0003453109703155025, 0.0003458071350979988, 0.00034634008071407664, 0.00034691196387456164]

variances=[3.6260828656790766e-09, 3.492632128230218e-09, 3.65499273431459e-09, 3.823847434225639e-09, 3.6752660044060204e-09, 3.574697873245126e-09, 3.593349633456314e-09, 3.6580705630860185e-09, 3.698131784796367e-09, 3.7137892086031974e-09, 3.744150322156094e-09, 3.792237942576509e-09, 3.842134780951906e-09, 3.892794708339941e-09, 3.951141716009466e-09, 4.01825588509298e-09, 4.091987376617819e-09, 4.174308386699234e-09, 4.266703806822072e-09, 4.3687879804453746e-09, 4.4809615316550554e-09, 4.604394105468786e-09, 4.74067489072884e-09, 4.8897736707000626e-09, 5.052762084237251e-09, 5.230856981673246e-09, 5.424637523373277e-09, 5.635226341144383e-09, 5.864042853899739e-09, 6.112315140931243e-09, 6.381206539950142e-09, 6.671997050139638e-09, 6.986858804941395e-09, 7.327623970746615e-09, 7.695683731420265e-09, 8.092967878419511e-09, 8.52150614381276e-09, 8.983689897931901e-09, 9.482051986753298e-09, 1.0019013342958452e-08, 1.0597327530057436e-08, 1.1219598152049633e-08, 1.1889213144966964e-08, 1.2609544515646011e-08, 1.3384147309274352e-08]

ACE_values=[7.472995012605591e-05, 6.980663149799444e-05, 7.260471558307088e-05, 7.385638733028826e-05, 7.318948554934611e-05, 7.268322912073653e-05, 7.303822727644442e-05, 7.375938115749955e-05, 7.42687387997856e-05, 7.461364671992655e-05, 7.505635471132874e-05, 7.561429745708419e-05, 7.618878457601394e-05, 7.676084004538695e-05, 7.738316107591926e-05, 7.805185756555576e-05, 7.874566997253667e-05, 7.94699135915315e-05, 8.022998397947951e-05, 8.102075443868654e-05, 8.184159247445779e-05, 8.269354021309545e-05, 8.358569739371169e-05, 8.451160799147623e-05, 8.547089940509954e-05, 8.646688957977208e-05, 8.75003035587528e-05, 8.857270528406825e-05, 8.968092366846034e-05, 9.082611126215249e-05, 9.201398089838506e-05, 9.324796305199492e-05, 9.452242743622018e-05, 9.584027469739407e-05, 9.7204723689605e-05, 9.861522252912545e-05, 0.00010007210748769251, 0.00010157644212486668, 0.00010313189350606085, 0.00010473683930068309, 0.00010639315017356592, 0.00010810767784052202, 0.00010987689040573085, 0.00011170266034287199, 0.00011358738850236504]

-------------------------------CAUSAL NEURAL NET-------------------------------

loss_test_causal=tensor(0.0637, grad_fn=<MseLossBackward>)

