-----------------------------------------------ITERATION0-----------------------------------------------

final_causality=[[1, 1, 1, 1, 1, 1, 1, 1, 1, 1, 1, 1, 1], [1, 1, 1, 1, 1, 1, 1, 1, 1, 1, 1, 1, 1, 1, 1, 1, 1, 1, 1, 1, 1, 1, 1, 1, 1, 1, 1, 1, 1, 1, 1, 1, 1, 1, 1, 1, 1, 1, 1, 1, 1, 1, 1, 1, 1, 1, 1, 1, 1, 1], [1, 1, 1, 1, 1, 1, 1, 1, 1, 1, 1, 1, 1, 1, 1, 1, 1, 1, 1, 1, 1, 1, 1, 1, 1, 1, 1, 1, 1, 1, 1, 1, 1, 1, 1, 1, 1, 1, 1, 1, 1, 1, 1, 1, 1, 1, 1, 1, 1, 1]]

means=tensor([2.9182e-05, 8.9849e-06, 5.8815e-05, 2.8712e-04, 3.8907e-05, 3.5773e-05,
        1.2583e-04, 6.1922e-05, 1.1795e-04, 3.2831e-05, 6.3442e-05, 1.1631e-04,
        1.5412e-05, 2.7534e-05, 5.2488e-05, 7.4959e-05, 1.0945e-05, 1.8974e-04,
        1.0476e-04, 1.1045e-06, 3.8808e-05, 1.7973e-05, 1.6507e-05, 9.0650e-05,
        5.1916e-05, 2.4419e-06, 5.5976e-06, 6.7008e-05, 9.0588e-05, 5.0485e-05,
        2.2733e-05, 4.3571e-06, 1.5485e-05, 9.4089e-05, 1.1676e-04, 1.3230e-05,
        5.6493e-05, 5.7457e-05, 5.0407e-05, 9.0422e-05, 1.8692e-05, 9.2421e-06,
        3.4777e-05, 3.2486e-05, 3.8202e-05, 4.9595e-05, 9.6085e-05, 3.0707e-05,
        2.9693e-05, 1.1171e-04, 1.3892e-05, 1.3351e-05, 1.7080e-05, 2.9730e-04,
        2.4811e-04, 5.9730e-05, 1.7835e-05, 1.0292e-04, 1.3514e-05, 4.2092e-05,
        5.8014e-05, 1.3953e-04, 8.0951e-05, 2.4664e-05, 5.1691e-05, 2.3915e-05,
        6.8407e-05, 3.8083e-06, 1.6363e-05, 4.8532e-05, 1.0449e-04, 3.4544e-05,
        1.2205e-05, 5.5910e-06, 1.0472e-04, 3.1092e-05, 9.4048e-05, 6.0801e-05,
        1.8714e-04, 7.0238e-05, 8.6006e-05, 2.9303e-05, 1.8512e-05, 4.9809e-05,
        2.2974e-05, 6.1473e-05, 6.0065e-05, 1.4565e-04, 1.1688e-05, 1.0233e-05,
        1.6034e-04, 1.2050e-04, 4.7208e-05, 5.0675e-05, 5.4079e-05, 1.3028e-04,
        2.1579e-05, 2.2968e-05, 1.6691e-05, 6.1277e-06, 3.9706e-05, 6.9213e-05,
        1.5532e-04, 1.6023e-04, 8.1088e-05, 3.7816e-05, 1.4001e-04, 1.1446e-05,
        1.5978e-04, 2.3393e-05, 1.8538e-05, 5.1385e-05, 2.8347e-05],
       grad_fn=<CatBackward>)

mean_overall=tensor(6.2014e-05, grad_fn=<MeanBackward0>)

-----------------------------------------------ITERATION10-----------------------------------------------

final_causality=[[1, 1, 1, 1, 1, 1, 1, 1, 1, 1, 1, 1, 1], [1, 1, 1, 1, 1, 1, 1, 1, 1, 1, 1, 1, 1, 1, 1, 1, 1, 1, 1, 1, 1, 1, 1, 1, 1, 1, 1, 1, 1, 1, 1, 1, 1, 1, 1, 1, 1, 1, 1, 1, 1, 1, 1, 1, 1, 1, 1, 1, 1, 1], [1, 1, 1, 1, 1, 1, 1, 1, 1, 1, 1, 1, 1, 1, 1, 1, 1, 1, 1, 1, 1, 1, 1, 1, 1, 1, 1, 1, 1, 1, 1, 1, 1, 1, 1, 1, 1, 1, 1, 1, 1, 1, 1, 1, 1, 1, 1, 1, 1, 1]]

means=tensor([2.9847e-05, 2.2498e-05, 1.1679e-05, 1.6822e-04, 1.5415e-04, 1.2021e-05,
        1.1513e-04, 1.1098e-05, 2.7856e-04, 5.6292e-05, 7.2407e-05, 1.2032e-04,
        9.4225e-06, 1.5555e-05, 8.2035e-05, 5.1644e-05, 2.1215e-05, 1.6241e-04,
        1.3476e-04, 1.8500e-05, 2.0204e-05, 3.6493e-05, 3.6590e-05, 6.8690e-05,
        1.4670e-05, 1.1829e-05, 2.6530e-05, 4.6755e-05, 7.5033e-05, 3.2850e-05,
        5.8809e-05, 1.3933e-05, 3.2607e-05, 6.1995e-05, 1.4735e-04, 4.1837e-05,
        8.0208e-05, 3.4201e-05, 8.5567e-05, 6.9372e-05, 9.2831e-06, 2.9799e-05,
        5.6836e-05, 6.0592e-06, 9.9644e-06, 2.7302e-05, 7.1065e-05, 6.6222e-07,
        4.5059e-05, 1.4225e-04, 3.8523e-05, 5.2684e-06, 3.8264e-05, 2.4809e-04,
        2.7605e-04, 7.8498e-05, 6.9890e-06, 7.7214e-05, 3.7430e-05, 5.8635e-05,
        4.0640e-05, 1.1988e-04, 1.0409e-04, 2.1260e-05, 5.0297e-05, 3.1932e-05,
        7.6218e-05, 7.4341e-06, 2.0488e-05, 4.1037e-05, 1.0710e-04, 3.7614e-05,
        1.5113e-05, 9.8971e-06, 1.1339e-04, 2.5916e-05, 9.0991e-05, 7.0671e-05,
        1.8830e-04, 8.4379e-05, 8.3014e-05, 2.2561e-05, 1.4122e-05, 5.6774e-05,
        2.2722e-05, 5.4997e-05, 5.2772e-05, 1.3617e-04, 8.3820e-06, 1.5340e-05,
        1.5741e-04, 1.1012e-04, 4.1213e-05, 4.3151e-05, 5.9029e-05, 1.2973e-04,
        2.4874e-05, 2.1106e-05, 2.0833e-05, 1.4275e-06, 4.1751e-05, 6.1748e-05,
        1.7026e-04, 1.7250e-04, 8.3022e-05, 4.0303e-05, 1.2858e-04, 1.1478e-05,
        1.6499e-04, 2.6412e-05, 1.4169e-05, 5.4553e-05, 2.2720e-05],
       grad_fn=<CatBackward>)

mean_overall=tensor(6.3110e-05, grad_fn=<MeanBackward0>)

-----------------------------------------------ITERATION20-----------------------------------------------

final_causality=[[1, 1, 1, 1, 1, 1, 1, 1, 1, 1, 1, 1, 1], [1, 1, 1, 1, 1, 1, 1, 1, 1, 1, 1, 1, 1, 1, 1, 1, 1, 1, 1, 1, 1, 1, 1, 1, 1, 1, 1, 1, 1, 1, 1, 1, 1, 1, 1, 1, 1, 1, 1, 1, 1, 1, 1, 1, 1, 1, 1, 1, 1, 1], [1, 1, 1, 1, 1, 1, 1, 1, 1, 1, 1, 1, 1, 1, 1, 1, 1, 1, 1, 1, 1, 1, 1, 1, 1, 1, 1, 1, 1, 1, 1, 1, 1, 1, 1, 1, 1, 1, 1, 1, 1, 1, 1, 1, 1, 1, 1, 1, 1, 1]]

means=tensor([2.9963e-05, 3.5230e-05, 4.1809e-05, 1.1629e-04, 2.0395e-04, 1.3114e-06,
        1.1018e-04, 1.1413e-05, 3.4826e-04, 6.6035e-05, 7.5585e-05, 1.2108e-04,
        6.8078e-06, 1.0352e-05, 9.4886e-05, 4.1365e-05, 3.4728e-05, 1.5028e-04,
        1.4748e-04, 2.6860e-05, 1.2144e-05, 4.4508e-05, 4.5095e-05, 5.9544e-05,
        3.0535e-07, 1.7917e-05, 4.0890e-05, 3.8192e-05, 6.8030e-05, 2.4811e-05,
        7.4027e-05, 1.8001e-05, 3.9839e-05, 4.8409e-05, 1.6039e-04, 5.4284e-05,
        8.9823e-05, 2.3858e-05, 1.0106e-04, 5.9813e-05, 4.6867e-06, 3.8852e-05,
        6.6192e-05, 5.3146e-06, 1.0612e-06, 1.7755e-05, 5.9842e-05, 1.2674e-05,
        5.1918e-05, 1.5535e-04, 4.9116e-05, 1.2381e-05, 4.7483e-05, 2.2706e-04,
        2.8754e-04, 8.6452e-05, 1.8718e-05, 6.6027e-05, 4.7788e-05, 6.5782e-05,
        3.2928e-05, 1.1138e-04, 1.1395e-04, 2.0866e-05, 4.9609e-05, 3.5298e-05,
        7.9840e-05, 8.9835e-06, 2.2315e-05, 3.7740e-05, 1.0871e-04, 4.0325e-05,
        1.6209e-05, 1.1514e-05, 1.1682e-04, 2.3725e-05, 8.9236e-05, 7.4833e-05,
        1.8822e-04, 9.1270e-05, 8.1379e-05, 1.9919e-05, 1.2514e-05, 5.9839e-05,
        2.2437e-05, 5.1841e-05, 4.9571e-05, 1.3184e-04, 7.6756e-06, 1.7561e-05,
        1.5554e-04, 1.0484e-04, 3.8655e-05, 3.9930e-05, 6.1175e-05, 1.2915e-04,
        2.6238e-05, 2.0643e-05, 2.2554e-05, 6.7110e-07, 4.2333e-05, 5.8285e-05,
        1.7635e-04, 1.7747e-04, 8.3605e-05, 4.1206e-05, 1.2383e-04, 1.1472e-05,
        1.6668e-04, 2.7561e-05, 1.2046e-05, 5.7117e-05, 2.0361e-05],
       grad_fn=<CatBackward>)

mean_overall=tensor(6.4981e-05, grad_fn=<MeanBackward0>)

-----------------------------------------------ITERATION30-----------------------------------------------

final_causality=[[1, 1, 1, 1, 1, 1, 1, 1, 1, 1, 1, 1, 1], [1, 1, 1, 1, 1, 1, 1, 1, 1, 1, 1, 1, 1, 1, 1, 1, 1, 1, 1, 1, 1, 1, 1, 1, 1, 1, 1, 1, 1, 1, 1, 1, 1, 1, 1, 1, 1, 1, 1, 1, 1, 1, 1, 1, 1, 1, 1, 1, 1, 1], [1, 1, 1, 1, 1, 1, 1, 1, 1, 1, 1, 1, 1, 1, 1, 1, 1, 1, 1, 1, 1, 1, 1, 1, 1, 1, 1, 1, 1, 1, 1, 1, 1, 1, 1, 1, 1, 1, 1, 1, 1, 1, 1, 1, 1, 1, 1, 1, 1, 1]]

means=tensor([2.8526e-05, 2.8789e-05, 2.3968e-05, 1.4762e-04, 1.7338e-04, 7.7539e-06,
        1.1020e-04, 2.1829e-07, 3.0885e-04, 6.2961e-05, 7.4457e-05, 1.2194e-04,
        1.0736e-05, 1.2946e-05, 8.8242e-05, 4.6349e-05, 2.8203e-05, 1.5597e-04,
        1.4028e-04, 2.2237e-05, 1.6097e-05, 4.0090e-05, 4.1042e-05, 6.4029e-05,
        6.7018e-06, 1.4500e-05, 3.3497e-05, 4.2330e-05, 7.1546e-05, 2.8750e-05,
        6.6050e-05, 1.6011e-05, 3.6364e-05, 5.4885e-05, 1.5295e-04, 4.7355e-05,
        8.5416e-05, 2.8629e-05, 9.2191e-05, 6.4245e-05, 7.0645e-06, 3.3618e-05,
        6.1297e-05, 3.8010e-07, 3.9197e-06, 2.2268e-05, 6.5309e-05, 6.0302e-06,
        4.7895e-05, 1.4801e-04, 4.3734e-05, 8.6580e-06, 4.2722e-05, 2.3729e-04,
        2.8056e-04, 8.2482e-05, 1.3030e-05, 7.1309e-05, 4.2158e-05, 6.1739e-05,
        3.6411e-05, 1.1567e-04, 1.0847e-04, 2.0524e-05, 4.9226e-05, 3.3226e-05,
        7.7655e-05, 8.0563e-06, 2.0996e-05, 3.9194e-05, 1.0817e-04, 3.8543e-05,
        1.5765e-05, 1.0718e-05, 1.1457e-04, 2.4731e-05, 8.9745e-05, 7.2227e-05,
        1.8822e-04, 8.7593e-05, 8.1732e-05, 2.0985e-05, 1.3093e-05, 5.7646e-05,
        2.2874e-05, 5.5615e-05, 5.0963e-05, 1.3380e-04, 8.0040e-06, 1.6322e-05,
        1.5631e-04, 1.0903e-04, 3.9668e-05, 4.0164e-05, 5.9912e-05, 1.2974e-04,
        2.5554e-05, 2.0528e-05, 2.1672e-05, 2.4917e-07, 4.2209e-05, 5.9621e-05,
        1.7258e-04, 1.7391e-04, 8.3044e-05, 4.0975e-05, 1.2632e-04, 1.1283e-05,
        1.6583e-04, 2.6963e-05, 1.2976e-05, 5.4707e-05, 2.1574e-05],
       grad_fn=<CatBackward>)

mean_overall=tensor(6.3640e-05, grad_fn=<MeanBackward0>)

-----------------------------------------------ITERATION40-----------------------------------------------

final_causality=[[1, 1, 1, 1, 1, 1, 1, 1, 1, 1, 1, 1, 1], [1, 1, 1, 1, 1, 1, 1, 1, 1, 1, 1, 1, 1, 1, 1, 1, 1, 1, 1, 1, 1, 1, 1, 1, 1, 1, 1, 1, 1, 1, 1, 1, 1, 1, 1, 1, 1, 1, 1, 1, 1, 1, 1, 1, 1, 1, 1, 1, 1, 1], [1, 1, 1, 1, 1, 1, 1, 1, 1, 1, 1, 1, 1, 1, 1, 1, 1, 1, 1, 1, 1, 1, 1, 1, 1, 1, 1, 1, 1, 1, 1, 1, 1, 1, 1, 1, 1, 1, 1, 1, 1, 1, 1, 1, 1, 1, 1, 1, 1, 1]]

means=tensor([2.7767e-05, 2.2805e-05, 1.0409e-05, 1.7203e-04, 1.4947e-04, 1.2230e-05,
        1.1116e-04, 8.9226e-06, 2.7787e-04, 5.8942e-05, 7.2376e-05, 1.2106e-04,
        1.2881e-05, 1.5055e-05, 8.2847e-05, 5.0481e-05, 2.2657e-05, 1.6067e-04,
        1.3440e-04, 1.8485e-05, 1.9366e-05, 3.6519e-05, 3.7619e-05, 6.7807e-05,
        1.2990e-05, 1.1816e-05, 2.7446e-05, 4.5801e-05, 7.4467e-05, 3.1919e-05,
        5.9372e-05, 1.4330e-05, 3.3452e-05, 6.0325e-05, 1.4688e-04, 4.1765e-05,
        8.1621e-05, 3.2535e-05, 8.5112e-05, 6.7815e-05, 8.9880e-06, 2.9469e-05,
        5.7285e-05, 5.0220e-06, 8.7944e-06, 2.6037e-05, 6.9715e-05, 6.5705e-07,
        4.4725e-05, 1.4206e-04, 3.9288e-05, 5.7069e-06, 3.8842e-05, 2.4599e-04,
        2.7484e-04, 7.9270e-05, 8.3351e-06, 7.5710e-05, 3.7576e-05, 5.8489e-05,
        3.9280e-05, 1.1924e-04, 1.0401e-04, 2.0677e-05, 4.9187e-05, 3.1577e-05,
        7.5957e-05, 7.3207e-06, 2.0018e-05, 4.0446e-05, 1.0773e-04, 3.7176e-05,
        1.5333e-05, 9.9935e-06, 1.1314e-04, 2.5585e-05, 9.0107e-05, 7.0160e-05,
        1.8817e-04, 8.4622e-05, 8.2065e-05, 2.1913e-05, 1.3768e-05, 5.5959e-05,
        2.3141e-05, 5.8182e-05, 5.2114e-05, 1.3557e-04, 8.2768e-06, 1.5319e-05,
        1.5699e-04, 1.1204e-04, 4.0520e-05, 4.0526e-05, 5.8835e-05, 1.3019e-04,
        2.4962e-05, 2.0685e-05, 2.0921e-05, 1.0090e-06, 4.2030e-05, 6.0810e-05,
        1.6961e-04, 1.7113e-04, 8.2619e-05, 4.0708e-05, 1.2824e-04, 1.1112e-05,
        1.6502e-04, 2.6450e-05, 1.3755e-05, 5.3873e-05, 2.2574e-05],
       grad_fn=<CatBackward>)

mean_overall=tensor(6.2822e-05, grad_fn=<MeanBackward0>)

-----------------------------------------------ITERATION50-----------------------------------------------

final_causality=[[1, 1, 1, 1, 1, 1, 1, 1, 1, 1, 1, 1, 1], [1, 1, 1, 1, 1, 1, 1, 1, 1, 1, 1, 1, 1, 1, 1, 1, 1, 1, 1, 1, 1, 1, 1, 1, 1, 1, 1, 1, 1, 1, 1, 1, 1, 1, 1, 1, 1, 1, 1, 1, 1, 1, 1, 1, 1, 1, 1, 1, 1, 1], [1, 1, 1, 1, 1, 1, 1, 1, 1, 1, 1, 1, 1, 1, 1, 1, 1, 1, 1, 1, 1, 1, 1, 1, 1, 1, 1, 1, 1, 1, 1, 1, 1, 1, 1, 1, 1, 1, 1, 1, 1, 1, 1, 1, 1, 1, 1, 1, 1, 1]]

means=tensor([2.7331e-05, 2.4726e-05, 1.5806e-05, 1.6405e-04, 1.5753e-04, 1.0055e-05,
        1.0957e-04, 3.6705e-06, 2.9114e-04, 6.0877e-05, 7.2505e-05, 1.2072e-04,
        1.3004e-05, 1.3974e-05, 8.5641e-05, 4.8398e-05, 2.5368e-05, 1.5816e-04,
        1.3676e-04, 1.9974e-05, 1.7753e-05, 3.8086e-05, 3.9485e-05, 6.6071e-05,
        9.9243e-06, 1.2964e-05, 3.0214e-05, 4.4151e-05, 7.3141e-05, 3.0191e-05,
        6.2326e-05, 1.5207e-05, 3.5064e-05, 5.7654e-05, 1.4930e-04, 4.4105e-05,
        8.3745e-05, 3.0264e-05, 8.8075e-05, 6.5728e-05, 8.0294e-06, 3.1148e-05,
        5.9190e-05, 2.7953e-06, 6.3779e-06, 2.4096e-05, 6.7260e-05, 3.4569e-06,
        4.6071e-05, 1.4471e-04, 4.1532e-05, 7.0840e-06, 4.0829e-05, 2.4204e-04,
        2.7690e-04, 8.1096e-05, 1.0757e-05, 7.3404e-05, 3.9600e-05, 5.9890e-05,
        3.7633e-05, 1.1777e-04, 1.0592e-04, 2.0498e-05, 4.8934e-05, 3.2245e-05,
        7.6704e-05, 7.6219e-06, 2.0349e-05, 3.9765e-05, 1.0832e-04, 3.7680e-05,
        1.5577e-05, 1.0359e-05, 1.1361e-04, 2.5136e-05, 8.9522e-05, 7.0932e-05,
        1.8827e-04, 8.5886e-05, 8.1639e-05, 2.1405e-05, 1.3423e-05, 5.6604e-05,
        2.3130e-05, 5.7730e-05, 5.1539e-05, 1.3486e-04, 8.1239e-06, 1.5781e-05,
        1.5655e-04, 1.1134e-04, 3.9995e-05, 3.9861e-05, 5.9139e-05, 1.3001e-04,
        2.5229e-05, 2.0452e-05, 2.1276e-05, 6.1330e-07, 4.2258e-05, 6.0078e-05,
        1.7069e-04, 1.7170e-04, 8.2770e-05, 4.0978e-05, 1.2733e-04, 1.1213e-05,
        1.6549e-04, 2.6715e-05, 1.3312e-05, 5.4131e-05, 2.2087e-05],
       grad_fn=<CatBackward>)

mean_overall=tensor(6.3090e-05, grad_fn=<MeanBackward0>)

-----------------------------------------------ITERATION60-----------------------------------------------

final_causality=[[1, 1, 1, 1, 1, 1, 1, 1, 1, 1, 1, 1, 1], [1, 1, 1, 1, 1, 1, 1, 1, 1, 1, 1, 1, 1, 1, 1, 1, 1, 1, 1, 1, 1, 1, 1, 1, 1, 1, 1, 1, 1, 1, 1, 1, 1, 1, 1, 1, 1, 1, 1, 1, 1, 1, 1, 1, 1, 1, 1, 1, 1, 1], [1, 1, 1, 1, 1, 1, 1, 1, 1, 1, 1, 1, 1, 1, 1, 1, 1, 1, 1, 1, 1, 1, 1, 1, 1, 1, 1, 1, 1, 1, 1, 1, 1, 1, 1, 1, 1, 1, 1, 1, 1, 1, 1, 1, 1, 1, 1, 1, 1, 1]]

means=tensor([2.6905e-05, 2.5575e-05, 1.9273e-05, 1.5967e-04, 1.6216e-04, 8.4733e-06,
        1.0840e-04, 6.1705e-07, 2.9978e-04, 6.1909e-05, 7.2162e-05, 1.2002e-04,
        1.3179e-05, 1.3243e-05, 8.7578e-05, 4.7029e-05, 2.7159e-05, 1.5649e-04,
        1.3823e-04, 2.0892e-05, 1.6697e-05, 3.9102e-05, 4.0763e-05, 6.4995e-05,
        7.9304e-06, 1.3721e-05, 3.1991e-05, 4.3107e-05, 7.2309e-05, 2.8996e-05,
        6.4194e-05, 1.5806e-05, 3.6181e-05, 5.5936e-05, 1.5079e-04, 4.5598e-05,
        8.5192e-05, 2.8681e-05, 8.9986e-05, 6.4264e-05, 7.3741e-06, 3.2223e-05,
        6.0450e-05, 1.3450e-06, 4.7782e-06, 2.2818e-05, 6.5548e-05, 5.3860e-06,
        4.6959e-05, 1.4644e-04, 4.3063e-05, 7.9994e-06, 4.2204e-05, 2.3963e-04,
        2.7812e-04, 8.2401e-05, 1.2395e-05, 7.1875e-05, 4.0914e-05, 6.0803e-05,
        3.6501e-05, 1.1692e-04, 1.0715e-04, 2.0445e-05, 4.8738e-05, 3.2685e-05,
        7.7208e-05, 7.8193e-06, 2.0561e-05, 3.9319e-05, 1.0882e-04, 3.8008e-05,
        1.5736e-05, 1.0611e-05, 1.1386e-04, 2.4843e-05, 8.9025e-05, 7.1417e-05,
        1.8836e-04, 8.6673e-05, 8.1316e-05, 2.1076e-05, 1.3204e-05, 5.7051e-05,
        2.3132e-05, 5.7455e-05, 5.1148e-05, 1.3450e-04, 8.0174e-06, 1.6096e-05,
        1.5625e-04, 1.1099e-04, 3.9643e-05, 3.9414e-05, 5.9273e-05, 1.2987e-04,
        2.5394e-05, 2.0313e-05, 2.1508e-05, 3.5182e-07, 4.2437e-05, 5.9595e-05,
        1.7136e-04, 1.7188e-04, 8.2882e-05, 4.1184e-05, 1.2673e-04, 1.1291e-05,
        1.6584e-04, 2.6897e-05, 1.3012e-05, 5.4316e-05, 2.1766e-05],
       grad_fn=<CatBackward>)

mean_overall=tensor(6.3253e-05, grad_fn=<MeanBackward0>)

-----------------------------------------------ITERATION70-----------------------------------------------

final_causality=[[1, 1, 1, 1, 1, 1, 1, 1, 1, 1, 1, 1, 1], [1, 1, 1, 1, 1, 1, 1, 1, 1, 1, 1, 1, 1, 1, 1, 1, 1, 1, 1, 1, 1, 1, 1, 1, 1, 1, 1, 1, 1, 1, 1, 1, 1, 1, 1, 1, 1, 1, 1, 1, 1, 1, 1, 1, 1, 1, 1, 1, 1, 1], [1, 1, 1, 1, 1, 1, 1, 1, 1, 1, 1, 1, 1, 1, 1, 1, 1, 1, 1, 1, 1, 1, 1, 1, 1, 1, 1, 1, 1, 1, 1, 1, 1, 1, 1, 1, 1, 1, 1, 1, 1, 1, 1, 1, 1, 1, 1, 1, 1, 1]]

means=tensor([2.6415e-05, 2.3125e-05, 1.5380e-05, 1.6807e-04, 1.5423e-04, 9.4001e-06,
        1.0838e-04, 9.7838e-07, 2.9108e-04, 6.0324e-05, 7.0728e-05, 1.1882e-04,
        1.3989e-05, 1.3780e-05, 8.6295e-05, 4.8165e-05, 2.5670e-05, 1.5773e-04,
        1.3644e-04, 1.9756e-05, 1.7599e-05, 3.8095e-05, 3.9973e-05, 6.6174e-05,
        9.6742e-06, 1.2991e-05, 3.0276e-05, 4.4138e-05, 7.3208e-05, 2.9743e-05,
        6.2235e-05, 1.5389e-05, 3.5509e-05, 5.7494e-05, 1.4894e-04, 4.3974e-05,
        8.4279e-05, 2.9551e-05, 8.7962e-05, 6.5048e-05, 7.8621e-06, 3.1022e-05,
        5.9377e-05, 2.6367e-06, 6.0784e-06, 2.3833e-05, 6.6557e-05, 4.1039e-06,
        4.6090e-05, 1.4480e-04, 4.1956e-05, 7.2208e-06, 4.1274e-05, 2.4241e-04,
        2.7628e-04, 8.1745e-05, 1.1218e-05, 7.3047e-05, 3.9624e-05, 5.9893e-05,
        3.7174e-05, 1.1816e-04, 1.0587e-04, 2.0713e-05, 4.8667e-05, 3.2234e-05,
        7.6773e-05, 7.6171e-06, 2.0281e-05, 3.9660e-05, 1.0894e-04, 3.7622e-05,
        1.5621e-05, 1.0438e-05, 1.1338e-04, 2.5077e-05, 8.8891e-05, 7.0804e-05,
        1.8842e-04, 8.5768e-05, 8.1322e-05, 2.1336e-05, 1.3404e-05, 5.6631e-05,
        2.3232e-05, 5.8239e-05, 5.1437e-05, 1.3519e-04, 8.0842e-06, 1.5841e-05,
        1.5642e-04, 1.1206e-04, 3.9855e-05, 3.9463e-05, 5.8852e-05, 1.2998e-04,
        2.5217e-05, 2.0342e-05, 2.1303e-05, 5.5421e-07, 4.2457e-05, 5.9918e-05,
        1.7044e-04, 1.7071e-04, 8.2794e-05, 4.1172e-05, 1.2727e-04, 1.1267e-05,
        1.6572e-04, 2.6776e-05, 1.3210e-05, 5.4138e-05, 2.2033e-05],
       grad_fn=<CatBackward>)

mean_overall=tensor(6.2981e-05, grad_fn=<MeanBackward0>)

-----------------------------------------------ITERATION80-----------------------------------------------

final_causality=[[1, 1, 1, 1, 1, 1, 1, 1, 1, 1, 1, 1, 1], [1, 1, 1, 1, 1, 1, 1, 1, 1, 1, 1, 1, 1, 1, 1, 1, 1, 1, 1, 1, 1, 1, 1, 1, 1, 1, 1, 1, 1, 1, 1, 1, 1, 1, 1, 1, 1, 1, 1, 1, 1, 1, 1, 1, 1, 1, 1, 1, 1, 1], [1, 1, 1, 1, 1, 1, 1, 1, 1, 1, 1, 1, 1, 1, 1, 1, 1, 1, 1, 1, 1, 1, 1, 1, 1, 1, 1, 1, 1, 1, 1, 1, 1, 1, 1, 1, 1, 1, 1, 1, 1, 1, 1, 1, 1, 1, 1, 1, 1, 1]]

means=tensor([2.5937e-05, 2.1812e-05, 1.4304e-05, 1.7175e-04, 1.5095e-04, 9.3143e-06,
        1.0793e-04, 2.1785e-07, 2.8901e-04, 5.9620e-05, 6.9573e-05, 1.1765e-04,
        1.4537e-05, 1.3833e-05, 8.6262e-05, 4.8361e-05, 2.5425e-05, 1.5786e-04,
        1.3588e-04, 1.9393e-05, 1.7766e-05, 3.7858e-05, 4.0030e-05, 6.6527e-05,
        1.0014e-05, 1.2834e-05, 2.9879e-05, 4.4400e-05, 7.3467e-05, 2.9742e-05,
        6.1712e-05, 1.5362e-05, 3.5528e-05, 5.7832e-05, 1.4834e-04, 4.3532e-05,
        8.4264e-05, 2.9474e-05, 8.7439e-05, 6.4964e-05, 7.9104e-06, 3.0688e-05,
        5.9195e-05, 2.8963e-06, 6.2796e-06, 2.3986e-05, 6.6513e-05, 4.0640e-06,
        4.5899e-05, 1.4446e-04, 4.1864e-05, 7.0914e-06, 4.1238e-05, 2.4329e-04,
        2.7558e-04, 8.1863e-05, 1.1118e-05, 7.3202e-05, 3.9324e-05, 5.9680e-05,
        3.7160e-05, 1.1866e-04, 1.0554e-04, 2.0885e-05, 4.8554e-05, 3.2130e-05,
        7.6706e-05, 7.5696e-06, 2.0193e-05, 3.9709e-05, 1.0924e-04, 3.7514e-05,
        1.5608e-05, 1.0430e-05, 1.1317e-04, 2.5114e-05, 8.8597e-05, 7.0611e-05,
        1.8850e-04, 8.5494e-05, 8.1203e-05, 2.1380e-05, 1.3451e-05, 5.6560e-05,
        2.3292e-05, 5.8585e-05, 5.1464e-05, 1.3552e-04, 8.0849e-06, 1.5808e-05,
        1.5641e-04, 1.1259e-04, 3.9857e-05, 3.9348e-05, 5.8627e-05, 1.2999e-04,
        2.5167e-05, 2.0316e-05, 2.1264e-05, 5.8261e-07, 4.2544e-05, 5.9946e-05,
        1.7013e-04, 1.7002e-04, 8.2793e-05, 4.1247e-05, 1.2738e-04, 1.1287e-05,
        1.6579e-04, 2.6773e-05, 1.3221e-05, 5.4113e-05, 2.2077e-05],
       grad_fn=<CatBackward>)

mean_overall=tensor(6.2876e-05, grad_fn=<MeanBackward0>)

-----------------------------------------------ITERATION90-----------------------------------------------

final_causality=[[1, 1, 1, 1, 1, 1, 1, 1, 1, 1, 1, 1, 1], [1, 1, 1, 1, 1, 1, 1, 1, 1, 1, 1, 1, 1, 1, 1, 1, 1, 1, 1, 1, 1, 1, 1, 1, 1, 1, 1, 1, 1, 1, 1, 1, 1, 1, 1, 1, 1, 1, 1, 1, 1, 1, 1, 1, 1, 1, 1, 1, 1, 1], [1, 1, 1, 1, 1, 1, 1, 1, 1, 1, 1, 1, 1, 1, 1, 1, 1, 1, 1, 1, 1, 1, 1, 1, 1, 1, 1, 1, 1, 1, 1, 1, 1, 1, 1, 1, 1, 1, 1, 1, 1, 1, 1, 1, 1, 1, 1, 1, 1, 1]]

means=tensor([2.5445e-05, 2.1224e-05, 1.5057e-05, 1.7242e-04, 1.5066e-04, 8.5642e-06,
        1.0717e-04, 2.5415e-06, 2.9126e-04, 5.9506e-05, 6.8588e-05, 1.1649e-04,
        1.4942e-05, 1.3567e-05, 8.7061e-05, 4.7933e-05, 2.6001e-05, 1.5727e-04,
        1.3612e-04, 1.9532e-05, 1.7446e-05, 3.8125e-05, 4.0605e-05, 6.6332e-05,
        9.4247e-06, 1.3049e-05, 3.0359e-05, 4.4155e-05, 7.3303e-05, 2.9247e-05,
        6.2133e-05, 1.5595e-05, 3.6008e-05, 5.7361e-05, 1.4856e-04, 4.3860e-05,
        8.4854e-05, 2.8770e-05, 8.7896e-05, 6.4304e-05, 7.6698e-06, 3.0918e-05,
        5.9600e-05, 2.4756e-06, 5.7546e-06, 2.3568e-05, 6.5772e-05, 4.8471e-06,
        4.6151e-05, 1.4496e-04, 4.2448e-05, 7.3877e-06, 4.1798e-05, 2.4293e-04,
        2.7563e-04, 8.2499e-05, 1.1731e-05, 7.2680e-05, 3.9673e-05, 5.9923e-05,
        3.6689e-05, 1.1866e-04, 1.0584e-04, 2.0995e-05, 4.8410e-05, 3.2251e-05,
        7.6879e-05, 7.6226e-06, 2.0230e-05, 3.9563e-05, 1.0966e-04, 3.7588e-05,
        1.5664e-05, 1.0534e-05, 1.1314e-04, 2.5021e-05, 8.8192e-05, 7.0691e-05,
        1.8861e-04, 8.5632e-05, 8.0996e-05, 2.1279e-05, 1.3395e-05, 5.6715e-05,
        2.3329e-05, 5.8658e-05, 5.1319e-05, 1.3562e-04, 8.0419e-06, 1.5921e-05,
        1.5629e-04, 1.1278e-04, 3.9720e-05, 3.9122e-05, 5.8527e-05, 1.2993e-04,
        2.5201e-05, 2.0235e-05, 2.1334e-05, 4.9562e-07, 4.2680e-05, 5.9776e-05,
        1.7023e-04, 1.6962e-04, 8.2849e-05, 4.1384e-05, 1.2722e-04, 1.1336e-05,
        1.6600e-04, 2.6849e-05, 1.3107e-05, 5.4186e-05, 2.1973e-05],
       grad_fn=<CatBackward>)

mean_overall=tensor(6.2913e-05, grad_fn=<MeanBackward0>)

-----------------------------------------------ITERATION100-----------------------------------------------

final_causality=[[1, 1, 1, 1, 1, 1, 1, 1, 1, 1, 1, 1, 1], [1, 1, 1, 1, 1, 1, 1, 1, 1, 1, 1, 1, 1, 1, 1, 1, 1, 1, 1, 1, 1, 1, 1, 1, 1, 1, 1, 1, 1, 1, 1, 1, 1, 1, 1, 1, 1, 1, 1, 1, 1, 1, 1, 1, 1, 1, 1, 1, 1, 1], [1, 1, 1, 1, 1, 1, 1, 1, 1, 1, 1, 1, 1, 1, 1, 1, 1, 1, 1, 1, 1, 1, 1, 1, 1, 1, 1, 1, 1, 1, 1, 1, 1, 1, 1, 1, 1, 1, 1, 1, 1, 1, 1, 1, 1, 1, 1, 1, 1, 1]]

means=tensor([2.4926e-05, 1.9771e-05, 1.3908e-05, 1.7641e-04, 1.4708e-04, 8.4492e-06,
        1.0669e-04, 3.5313e-06, 2.8904e-04, 5.8693e-05, 6.7287e-05, 1.1516e-04,
        1.5527e-05, 1.3624e-05, 8.7034e-05, 4.8150e-05, 2.5736e-05, 1.5742e-04,
        1.3552e-04, 1.9141e-05, 1.7630e-05, 3.7871e-05, 4.0671e-05, 6.6726e-05,
        9.7983e-06, 1.2882e-05, 2.9935e-05, 4.4447e-05, 7.3589e-05, 2.9244e-05,
        6.1565e-05, 1.5567e-05, 3.6033e-05, 5.7735e-05, 1.4792e-04, 4.3382e-05,
        8.4836e-05, 2.8685e-05, 8.7337e-05, 6.4210e-05, 7.7215e-06, 3.0559e-05,
        5.9406e-05, 2.7612e-06, 5.9741e-06, 2.3738e-05, 6.5720e-05, 4.8127e-06,
        4.5949e-05, 1.4459e-04, 4.2353e-05, 7.2501e-06, 4.1765e-05, 2.4391e-04,
        2.7487e-04, 8.2639e-05, 1.1627e-05, 7.2851e-05, 3.9349e-05, 5.9695e-05,
        3.6675e-05, 1.1922e-04, 1.0548e-04, 2.1191e-05, 4.8291e-05, 3.2140e-05,
        7.6810e-05, 7.5724e-06, 2.0138e-05, 3.9618e-05, 1.0998e-04, 3.7475e-05,
        1.5649e-05, 1.0527e-05, 1.1292e-04, 2.5063e-05, 8.7869e-05, 7.0485e-05,
        1.8870e-04, 8.5335e-05, 8.0868e-05, 2.1329e-05, 1.3447e-05, 5.6646e-05,
        2.3394e-05, 5.9017e-05, 5.1348e-05, 1.3599e-04, 8.0428e-06, 1.5887e-05,
        1.5629e-04, 1.1336e-04, 3.9725e-05, 3.9010e-05, 5.8280e-05, 1.2994e-04,
        2.5146e-05, 2.0208e-05, 2.1292e-05, 5.2715e-07, 4.2776e-05, 5.9812e-05,
        1.6990e-04, 1.6886e-04, 8.2853e-05, 4.1467e-05, 1.2735e-04, 1.1358e-05,
        1.6608e-04, 2.6846e-05, 1.3120e-05, 5.4164e-05, 2.2019e-05],
       grad_fn=<CatBackward>)

mean_overall=tensor(6.2816e-05, grad_fn=<MeanBackward0>)

-----------------------------------------------ITERATION110-----------------------------------------------

final_causality=[[1, 1, 1, 1, 1, 1, 1, 1, 1, 1, 1, 1, 1], [1, 1, 1, 1, 1, 1, 1, 1, 1, 1, 1, 1, 1, 1, 1, 1, 1, 1, 1, 1, 1, 1, 1, 1, 1, 1, 1, 1, 1, 1, 1, 1, 1, 1, 1, 1, 1, 1, 1, 1, 1, 1, 1, 1, 1, 1, 1, 1, 1, 1], [1, 1, 1, 1, 1, 1, 1, 1, 1, 1, 1, 1, 1, 1, 1, 1, 1, 1, 1, 1, 1, 1, 1, 1, 1, 1, 1, 1, 1, 1, 1, 1, 1, 1, 1, 1, 1, 1, 1, 1, 1, 1, 1, 1, 1, 1, 1, 1, 1, 1]]

means=tensor([2.4388e-05, 1.8385e-05, 1.3011e-05, 1.8003e-04, 1.4383e-04, 8.2235e-06,
        1.0614e-04, 4.7753e-06, 2.8743e-04, 5.7935e-05, 6.5962e-05, 1.1379e-04,
        1.6110e-05, 1.3634e-05, 8.7137e-05, 4.8277e-05, 2.5591e-05, 1.5746e-04,
        1.3501e-04, 1.8817e-05, 1.7744e-05, 3.7688e-05, 4.0822e-05, 6.7048e-05,
        1.0039e-05, 1.2768e-05, 2.9634e-05, 4.4669e-05, 7.3818e-05, 2.9164e-05,
        6.1126e-05, 1.5578e-05, 3.6132e-05, 5.7996e-05, 1.4738e-04, 4.3008e-05,
        8.4911e-05, 2.8498e-05, 8.6914e-05, 6.4023e-05, 7.7298e-06, 3.0276e-05,
        5.9298e-05, 2.9504e-06, 6.0873e-06, 2.3825e-05, 6.5556e-05, 4.9074e-06,
        4.5811e-05, 1.4434e-04, 4.2361e-05, 7.1751e-06, 4.1824e-05, 2.4474e-04,
        2.7421e-04, 8.2866e-05, 1.1631e-05, 7.2921e-05, 3.9115e-05, 5.9531e-05,
        3.6591e-05, 1.1972e-04, 1.0522e-04, 2.1384e-05, 4.8163e-05, 3.2062e-05,
        7.6776e-05, 7.5362e-06, 2.0062e-05, 3.9644e-05, 1.1034e-04, 3.7387e-05,
        1.5644e-05, 1.0538e-05, 1.1272e-04, 2.5087e-05, 8.7519e-05, 7.0315e-05,
        1.8880e-04, 8.5093e-05, 8.0723e-05, 2.1358e-05, 1.3485e-05, 5.6610e-05,
        2.3456e-05, 5.9343e-05, 5.1350e-05, 1.3634e-04, 8.0368e-06, 1.5874e-05,
        1.5626e-04, 1.1390e-04, 3.9708e-05, 3.8878e-05, 5.8045e-05, 1.2994e-04,
        2.5102e-05, 2.0171e-05, 2.1265e-05, 5.4174e-07, 4.2883e-05, 5.9819e-05,
        1.6963e-04, 1.6811e-04, 8.2866e-05, 4.1563e-05, 1.2743e-04, 1.1386e-05,
        1.6619e-04, 2.6855e-05, 1.3113e-05, 5.4157e-05, 2.2044e-05],
       grad_fn=<CatBackward>)

mean_overall=tensor(6.2735e-05, grad_fn=<MeanBackward0>)

-----------------------------------------------ITERATION120-----------------------------------------------

final_causality=[[1, 1, 1, 1, 1, 1, 1, 1, 1, 1, 1, 1, 1], [1, 1, 1, 1, 1, 1, 1, 1, 1, 1, 1, 1, 1, 1, 1, 1, 1, 1, 1, 1, 1, 1, 1, 1, 1, 1, 1, 1, 1, 1, 1, 1, 1, 1, 1, 1, 1, 1, 1, 1, 1, 1, 1, 1, 1, 1, 1, 1, 1, 1], [1, 1, 1, 1, 1, 1, 1, 1, 1, 1, 1, 1, 1, 1, 1, 1, 1, 1, 1, 1, 1, 1, 1, 1, 1, 1, 1, 1, 1, 1, 1, 1, 1, 1, 1, 1, 1, 1, 1, 1, 1, 1, 1, 1, 1, 1, 1, 1, 1, 1]]

means=tensor([2.3830e-05, 1.7179e-05, 1.2630e-05, 1.8285e-04, 1.4137e-04, 7.7960e-06,
        1.0548e-04, 6.4648e-06, 2.8705e-04, 5.7327e-05, 6.4651e-05, 1.1239e-04,
        1.6668e-05, 1.3550e-05, 8.7487e-05, 4.8222e-05, 2.5684e-05, 1.5728e-04,
        1.3474e-04, 1.8633e-05, 1.7719e-05, 3.7649e-05, 4.1131e-05, 6.7216e-05,
        1.0012e-05, 1.2761e-05, 2.9580e-05, 4.4746e-05, 7.3927e-05, 2.8938e-05,
        6.0955e-05, 1.5667e-05, 3.6370e-05, 5.8023e-05, 1.4706e-04, 4.2852e-05,
        8.5165e-05, 2.8122e-05, 8.6769e-05, 6.3662e-05, 7.6539e-06, 3.0151e-05,
        5.9360e-05, 2.9440e-06, 5.9891e-06, 2.3745e-05, 6.5183e-05, 5.2477e-06,
        4.5800e-05, 1.4433e-04, 4.2569e-05, 7.2233e-06, 4.2062e-05, 2.4522e-04,
        2.7375e-04, 8.3253e-05, 1.1845e-05, 7.2791e-05, 3.9066e-05, 5.9497e-05,
        3.6371e-05, 1.2009e-04, 1.0513e-04, 2.1563e-05, 4.8023e-05, 3.2048e-05,
        7.6812e-05, 7.5285e-06, 2.0020e-05, 3.9614e-05, 1.1074e-04, 3.7351e-05,
        1.5660e-05, 1.0581e-05, 1.1257e-04, 2.5072e-05, 8.7128e-05, 7.0220e-05,
        1.8890e-04, 8.4968e-05, 8.0547e-05, 2.1345e-05, 1.3494e-05, 5.6639e-05,
        2.3515e-05, 5.9598e-05, 5.1303e-05, 1.3662e-04, 8.0179e-06, 1.5905e-05,
        1.5621e-04, 1.1435e-04, 3.9650e-05, 3.8709e-05, 5.7840e-05, 1.2992e-04,
        2.5082e-05, 2.0118e-05, 2.1270e-05, 5.2264e-07, 4.3008e-05, 5.9767e-05,
        1.6946e-04, 1.6744e-04, 8.2896e-05, 4.1680e-05, 1.2744e-04, 1.1423e-05,
        1.6634e-04, 2.6888e-05, 1.3070e-05, 5.4178e-05, 2.2025e-05],
       grad_fn=<CatBackward>)

mean_overall=tensor(6.2690e-05, grad_fn=<MeanBackward0>)

-----------------------------------------------ITERATION130-----------------------------------------------

final_causality=[[1, 1, 1, 1, 1, 1, 1, 1, 1, 1, 1, 1, 1], [1, 1, 1, 1, 1, 1, 1, 1, 1, 1, 1, 1, 1, 1, 1, 1, 1, 1, 1, 1, 1, 1, 1, 1, 1, 1, 1, 1, 1, 1, 1, 1, 1, 1, 1, 1, 1, 1, 1, 1, 1, 1, 1, 1, 1, 1, 1, 1, 1, 1], [1, 1, 1, 1, 1, 1, 1, 1, 1, 1, 1, 1, 1, 1, 1, 1, 1, 1, 1, 1, 1, 1, 1, 1, 1, 1, 1, 1, 1, 1, 1, 1, 1, 1, 1, 1, 1, 1, 1, 1, 1, 1, 1, 1, 1, 1, 1, 1, 1, 1]]

means=tensor([2.3255e-05, 1.5749e-05, 1.1795e-05, 1.8648e-04, 1.3806e-04, 7.5081e-06,
        1.0487e-04, 7.8793e-06, 2.8561e-04, 5.6530e-05, 6.3231e-05, 1.1091e-04,
        1.7283e-05, 1.3541e-05, 8.7649e-05, 4.8320e-05, 2.5580e-05, 1.5728e-04,
        1.3425e-04, 1.8323e-05, 1.7813e-05, 3.7487e-05, 4.1326e-05, 6.7529e-05,
        1.0213e-05, 1.2664e-05, 2.9312e-05, 4.4954e-05, 7.4145e-05, 2.8823e-05,
        6.0547e-05, 1.5696e-05, 3.6507e-05, 5.8251e-05, 1.4654e-04, 4.2502e-05,
        8.5277e-05, 2.7884e-05, 8.6382e-05, 6.3427e-05, 7.6458e-06, 2.9884e-05,
        5.9282e-05, 3.1056e-06, 6.0656e-06, 2.3804e-05, 6.4963e-05, 5.4029e-06,
        4.5681e-05, 1.4412e-04, 4.2618e-05, 7.1702e-06, 4.2162e-05, 2.4603e-04,
        2.7310e-04, 8.3532e-05, 1.1895e-05, 7.2822e-05, 3.8856e-05, 5.9351e-05,
        3.6255e-05, 1.2060e-04, 1.0488e-04, 2.1766e-05, 4.7886e-05, 3.1978e-05,
        7.6792e-05, 7.4962e-06, 1.9946e-05, 3.9630e-05, 1.1113e-04, 3.7270e-05,
        1.5659e-05, 1.0599e-05, 1.1237e-04, 2.5089e-05, 8.6749e-05, 7.0057e-05,
        1.8900e-04, 8.4739e-05, 8.0386e-05, 2.1368e-05, 1.3528e-05, 5.6615e-05,
        2.3580e-05, 5.9926e-05, 5.1295e-05, 1.3698e-04, 8.0089e-06, 1.5901e-05,
        1.5618e-04, 1.1489e-04, 3.9624e-05, 3.8562e-05, 5.7596e-05, 1.2992e-04,
        2.5041e-05, 2.0076e-05, 2.1248e-05, 5.3125e-07, 4.3126e-05, 5.9763e-05,
        1.6919e-04, 1.6666e-04, 8.2955e-05, 4.1787e-05, 1.2751e-04, 1.1455e-05,
        1.6646e-04, 2.6902e-05, 1.3056e-05, 5.4176e-05, 2.2041e-05],
       grad_fn=<CatBackward>)

mean_overall=tensor(6.2612e-05, grad_fn=<MeanBackward0>)

-----------------------------------------------ITERATION140-----------------------------------------------

final_causality=[[1, 1, 1, 1, 1, 1, 1, 1, 1, 1, 1, 1, 1], [1, 1, 1, 1, 1, 1, 1, 1, 1, 1, 1, 1, 1, 1, 1, 1, 1, 1, 1, 1, 1, 1, 1, 1, 1, 1, 1, 1, 1, 1, 1, 1, 1, 1, 1, 1, 1, 1, 1, 1, 1, 1, 1, 1, 1, 1, 1, 1, 1, 1], [1, 1, 1, 1, 1, 1, 1, 1, 1, 1, 1, 1, 1, 1, 1, 1, 1, 1, 1, 1, 1, 1, 1, 1, 1, 1, 1, 1, 1, 1, 1, 1, 1, 1, 1, 1, 1, 1, 1, 1, 1, 1, 1, 1, 1, 1, 1, 1, 1, 1]]

means=tensor([2.2662e-05, 1.4326e-05, 1.1049e-05, 1.9000e-04, 1.3483e-04, 7.1707e-06,
        1.0422e-04, 9.4140e-06, 2.8439e-04, 5.5736e-05, 6.1775e-05, 1.0938e-04,
        1.7908e-05, 1.3513e-05, 8.7864e-05, 4.8384e-05, 2.5521e-05, 1.5722e-04,
        1.3380e-04, 1.8036e-05, 1.7881e-05, 3.7352e-05, 4.1559e-05, 6.7819e-05,
        1.0365e-05, 1.2587e-05, 2.9088e-05, 4.5136e-05, 7.4343e-05, 2.8677e-05,
        6.0185e-05, 1.5740e-05, 3.6674e-05, 5.8437e-05, 1.4605e-04, 4.2188e-05,
        8.5427e-05, 2.7602e-05, 8.6045e-05, 6.3151e-05, 7.6210e-06, 2.9643e-05,
        5.9238e-05, 3.2319e-06, 6.1011e-06, 2.3831e-05, 6.4697e-05, 5.6125e-06,
        4.5587e-05, 1.4396e-04, 4.2710e-05, 7.1412e-06, 4.2301e-05, 2.4679e-04,
        2.7247e-04, 8.3852e-05, 1.1989e-05, 7.2813e-05, 3.8679e-05, 5.9229e-05,
        3.6111e-05, 1.2110e-04, 1.0467e-04, 2.1971e-05, 4.7743e-05, 3.1920e-05,
        7.6785e-05, 7.4690e-06, 1.9878e-05, 3.9635e-05, 1.1153e-04, 3.7198e-05,
        1.5662e-05, 1.0624e-05, 1.1219e-04, 2.5100e-05, 8.6355e-05, 6.9906e-05,
        1.8911e-04, 8.4530e-05, 8.0216e-05, 2.1383e-05, 1.3556e-05, 5.6603e-05,
        2.3647e-05, 6.0245e-05, 5.1278e-05, 1.3733e-04, 7.9971e-06, 1.5905e-05,
        1.5614e-04, 1.1543e-04, 3.9589e-05, 3.8406e-05, 5.7353e-05, 1.2991e-04,
        2.5003e-05, 2.0030e-05, 2.1232e-05, 5.3332e-07, 4.3251e-05, 5.9748e-05,
        1.6894e-04, 1.6588e-04, 8.3039e-05, 4.1902e-05, 1.2757e-04, 1.1490e-05,
        1.6660e-04, 2.6921e-05, 1.3034e-05, 5.4181e-05, 2.2048e-05],
       grad_fn=<CatBackward>)

mean_overall=tensor(6.2539e-05, grad_fn=<MeanBackward0>)

-----------------------------------------------ITERATION150-----------------------------------------------

final_causality=[[1, 1, 1, 1, 1, 1, 1, 1, 1, 1, 1, 1, 1], [1, 1, 1, 1, 1, 1, 1, 1, 1, 1, 1, 1, 1, 1, 1, 1, 1, 1, 1, 1, 1, 1, 1, 1, 1, 1, 1, 1, 1, 1, 1, 1, 1, 1, 1, 1, 1, 1, 1, 1, 1, 1, 1, 1, 1, 1, 1, 1, 1, 1], [1, 1, 1, 1, 1, 1, 1, 1, 1, 1, 1, 1, 1, 1, 1, 1, 1, 1, 1, 1, 1, 1, 1, 1, 1, 1, 1, 1, 1, 1, 1, 1, 1, 1, 1, 1, 1, 1, 1, 1, 1, 1, 1, 1, 1, 1, 1, 1, 1, 1]]

means=tensor([2.2054e-05, 1.2902e-05, 1.0371e-05, 1.9344e-04, 1.3164e-04, 6.7931e-06,
        1.0354e-04, 1.1047e-05, 2.8333e-04, 5.4934e-05, 6.0283e-05, 1.0782e-04,
        1.8543e-05, 1.3471e-05, 8.8121e-05, 4.8422e-05, 2.5497e-05, 1.5713e-04,
        1.3338e-04, 1.7765e-05, 1.7931e-05, 3.7244e-05, 4.1823e-05, 6.8092e-05,
        1.0480e-05, 1.2524e-05, 2.8896e-05, 4.5301e-05, 7.4526e-05, 2.8507e-05,
        5.9857e-05, 1.5798e-05, 3.6868e-05, 5.8592e-05, 1.4558e-04, 4.1900e-05,
        8.5605e-05, 2.7287e-05, 8.5745e-05, 6.2845e-05, 7.5836e-06, 2.9421e-05,
        5.9219e-05, 3.3322e-06, 6.1058e-06, 2.3834e-05, 6.4392e-05, 5.8651e-06,
        4.5511e-05, 1.4383e-04, 4.2833e-05, 7.1304e-06, 4.2470e-05, 2.4752e-04,
        2.7186e-04, 8.4205e-05, 1.2116e-05, 7.2772e-05, 3.8525e-05, 5.9124e-05,
        3.5945e-05, 1.2160e-04, 1.0448e-04, 2.2178e-05, 4.7597e-05, 3.1871e-05,
        7.6789e-05, 7.4454e-06, 1.9813e-05, 3.9632e-05, 1.1195e-04, 3.7132e-05,
        1.5668e-05, 1.0655e-05, 1.1201e-04, 2.5105e-05, 8.5948e-05, 6.9763e-05,
        1.8922e-04, 8.4335e-05, 8.0038e-05, 2.1392e-05, 1.3581e-05, 5.6601e-05,
        2.3714e-05, 6.0559e-05, 5.1253e-05, 1.3768e-04, 7.9832e-06, 1.5916e-05,
        1.5609e-04, 1.1597e-04, 3.9548e-05, 3.8242e-05, 5.7110e-05, 1.2990e-04,
        2.4968e-05, 1.9981e-05, 2.1221e-05, 5.3044e-07, 4.3381e-05, 5.9725e-05,
        1.6870e-04, 1.6509e-04, 8.3128e-05, 4.2023e-05, 1.2762e-04, 1.1527e-05,
        1.6674e-04, 2.6943e-05, 1.3006e-05, 5.4190e-05, 2.2049e-05],
       grad_fn=<CatBackward>)

mean_overall=tensor(6.2470e-05, grad_fn=<MeanBackward0>)

-----------------------------------------------ITERATION160-----------------------------------------------

final_causality=[[1, 1, 1, 1, 1, 1, 1, 1, 1, 1, 1, 1, 1], [1, 1, 1, 1, 1, 1, 1, 1, 1, 1, 1, 1, 1, 1, 1, 1, 1, 1, 1, 1, 1, 1, 1, 1, 1, 1, 1, 1, 1, 1, 1, 1, 1, 1, 1, 1, 1, 1, 1, 1, 1, 1, 1, 1, 1, 1, 1, 1, 1, 1], [1, 1, 1, 1, 1, 1, 1, 1, 1, 1, 1, 1, 1, 1, 1, 1, 1, 1, 1, 1, 1, 1, 1, 1, 1, 1, 1, 1, 1, 1, 1, 1, 1, 1, 1, 1, 1, 1, 1, 1, 1, 1, 1, 1, 1, 1, 1, 1, 1, 1]]

means=tensor([2.1433e-05, 1.1409e-05, 9.5829e-06, 1.9709e-04, 1.2820e-04, 6.4385e-06,
        1.0285e-04, 1.2641e-05, 2.8203e-04, 5.4065e-05, 5.8734e-05, 1.0620e-04,
        1.9202e-05, 1.3446e-05, 8.8339e-05, 4.8496e-05, 2.5428e-05, 1.5707e-04,
        1.3290e-04, 1.7464e-05, 1.8009e-05, 3.7116e-05, 4.2067e-05, 6.8405e-05,
        1.0649e-05, 1.2440e-05, 2.8653e-05, 4.5498e-05, 7.4737e-05, 2.8359e-05,
        5.9472e-05, 1.5842e-05, 3.7042e-05, 5.8795e-05, 1.4506e-04, 4.1565e-05,
        8.5751e-05, 2.6998e-05, 8.5387e-05, 6.2562e-05, 7.5615e-06, 2.9162e-05,
        5.9169e-05, 3.4732e-06, 6.1505e-06, 2.3869e-05, 6.4117e-05, 6.0811e-06,
        4.5410e-05, 1.4365e-04, 4.2922e-05, 7.0968e-06, 4.2610e-05, 2.4834e-04,
        2.7120e-04, 8.4540e-05, 1.2210e-05, 7.2767e-05, 3.8332e-05, 5.8992e-05,
        3.5802e-05, 1.2214e-04, 1.0426e-04, 2.2395e-05, 4.7448e-05, 3.1808e-05,
        7.6780e-05, 7.4159e-06, 1.9740e-05, 3.9639e-05, 1.1237e-04, 3.7057e-05,
        1.5670e-05, 1.0681e-05, 1.1182e-04, 2.5118e-05, 8.5538e-05, 6.9603e-05,
        1.8932e-04, 8.4116e-05, 7.9861e-05, 2.1409e-05, 1.3612e-05, 5.6587e-05,
        2.3784e-05, 6.0892e-05, 5.1236e-05, 1.3806e-04, 7.9714e-06, 1.5920e-05,
        1.5606e-04, 1.1653e-04, 3.9514e-05, 3.8082e-05, 5.6855e-05, 1.2989e-04,
        2.4928e-05, 1.9933e-05, 2.1203e-05, 5.3391e-07, 4.3512e-05, 5.9712e-05,
        1.6844e-04, 1.6426e-04, 8.3217e-05, 4.2143e-05, 1.2769e-04, 1.1563e-05,
        1.6688e-04, 2.6962e-05, 1.2984e-05, 5.4194e-05, 2.2057e-05],
       grad_fn=<CatBackward>)

mean_overall=tensor(6.2392e-05, grad_fn=<MeanBackward0>)

-----------------------------------------------ITERATION170-----------------------------------------------

final_causality=[[1, 1, 1, 1, 1, 1, 1, 1, 1, 1, 1, 1, 1], [1, 1, 1, 1, 1, 1, 1, 1, 1, 1, 1, 1, 1, 1, 1, 1, 1, 1, 1, 1, 1, 1, 1, 1, 1, 1, 1, 1, 1, 1, 1, 1, 1, 1, 1, 1, 1, 1, 1, 1, 1, 1, 1, 1, 1, 1, 1, 1, 1, 1], [1, 1, 1, 1, 1, 1, 1, 1, 1, 1, 1, 1, 1, 1, 1, 1, 1, 1, 1, 1, 1, 1, 1, 1, 1, 1, 1, 1, 1, 1, 1, 1, 1, 1, 1, 1, 1, 1, 1, 1, 1, 1, 1, 1, 1, 1, 1, 1, 1, 1]]

means=tensor([2.0798e-05, 9.9092e-06, 8.8379e-06, 2.0069e-04, 1.2475e-04, 6.0546e-06,
        1.0214e-04, 1.4306e-05, 2.8082e-04, 5.3181e-05, 5.7151e-05, 1.0455e-04,
        1.9872e-05, 1.3411e-05, 8.8585e-05, 4.8554e-05, 2.5382e-05, 1.5699e-04,
        1.3244e-04, 1.7173e-05, 1.8076e-05, 3.7001e-05, 4.2332e-05, 6.8709e-05,
        1.0795e-05, 1.2366e-05, 2.8429e-05, 4.5685e-05, 7.4939e-05, 2.8196e-05,
        5.9107e-05, 1.5895e-05, 3.7234e-05, 5.8978e-05, 1.4456e-04, 4.1244e-05,
        8.5914e-05, 2.6685e-05, 8.5052e-05, 6.2258e-05, 7.5314e-06, 2.8915e-05,
        5.9136e-05, 3.5983e-06, 6.1754e-06, 2.3889e-05, 6.3817e-05, 6.3270e-06,
        4.5321e-05, 1.4349e-04, 4.3032e-05, 7.0750e-06, 4.2771e-05, 2.4914e-04,
        2.7055e-04, 8.4900e-05, 1.2326e-05, 7.2740e-05, 3.8153e-05, 5.8871e-05,
        3.5645e-05, 1.2268e-04, 1.0405e-04, 2.2614e-05, 4.7297e-05, 3.1751e-05,
        7.6779e-05, 7.3887e-06, 1.9669e-05, 3.9641e-05, 1.1280e-04, 3.6985e-05,
        1.5674e-05, 1.0710e-05, 1.1164e-04, 2.5127e-05, 8.5119e-05, 6.9449e-05,
        1.8943e-04, 8.3906e-05, 7.9678e-05, 2.1423e-05, 1.3640e-05, 5.6580e-05,
        2.3855e-05, 6.1223e-05, 5.1215e-05, 1.3843e-04, 7.9581e-06, 1.5927e-05,
        1.5602e-04, 1.1709e-04, 3.9475e-05, 3.7916e-05, 5.6598e-05, 1.2989e-04,
        2.4889e-05, 1.9884e-05, 2.1189e-05, 5.3421e-07, 4.3648e-05, 5.9694e-05,
        1.6818e-04, 1.6343e-04, 8.3311e-05, 4.2269e-05, 1.2775e-04, 1.1601e-05,
        1.6703e-04, 2.6982e-05, 1.2959e-05, 5.4200e-05, 2.2060e-05],
       grad_fn=<CatBackward>)

mean_overall=tensor(6.2316e-05, grad_fn=<MeanBackward0>)

-----------------------------------------------ITERATION180-----------------------------------------------

final_causality=[[1, 1, 1, 1, 1, 1, 1, 1, 1, 1, 1, 1, 1], [1, 1, 1, 1, 1, 1, 1, 1, 1, 1, 1, 1, 1, 1, 1, 1, 1, 1, 1, 1, 1, 1, 1, 1, 1, 1, 1, 1, 1, 1, 1, 1, 1, 1, 1, 1, 1, 1, 1, 1, 1, 1, 1, 1, 1, 1, 1, 1, 1, 1], [1, 1, 1, 1, 1, 1, 1, 1, 1, 1, 1, 1, 1, 1, 1, 1, 1, 1, 1, 1, 1, 1, 1, 1, 1, 1, 1, 1, 1, 1, 1, 1, 1, 1, 1, 1, 1, 1, 1, 1, 1, 1, 1, 1, 1, 1, 1, 1, 1, 1]]

means=tensor([2.0152e-05, 8.3826e-06, 8.0773e-06, 2.0433e-04, 1.2122e-04, 5.6629e-06,
        1.0141e-04, 1.5992e-05, 2.7958e-04, 5.2260e-05, 5.5526e-05, 1.0286e-04,
        2.0556e-05, 1.3378e-05, 8.8831e-05, 4.8617e-05, 2.5330e-05, 1.5691e-04,
        1.3197e-04, 1.6877e-05, 1.8148e-05, 3.6883e-05, 4.2601e-05, 6.9022e-05,
        1.0948e-05, 1.2290e-05, 2.8197e-05, 4.5878e-05, 7.5146e-05, 2.8032e-05,
        5.8732e-05, 1.5948e-05, 3.7428e-05, 5.9168e-05, 1.4404e-04, 4.0915e-05,
        8.6075e-05, 2.6370e-05, 8.4709e-05, 6.1951e-05, 7.5028e-06, 2.8660e-05,
        5.9100e-05, 3.7301e-06, 6.2045e-06, 2.3912e-05, 6.3513e-05, 6.5755e-06,
        4.5230e-05, 1.4333e-04, 4.3141e-05, 7.0513e-06, 4.2931e-05, 2.4996e-04,
        2.6989e-04, 8.5267e-05, 1.2442e-05, 7.2715e-05, 3.7968e-05, 5.8746e-05,
        3.5489e-05, 1.2324e-04, 1.0383e-04, 2.2838e-05, 4.7143e-05, 3.1692e-05,
        7.6776e-05, 7.3606e-06, 1.9596e-05, 3.9643e-05, 1.1324e-04, 3.6913e-05,
        1.5678e-05, 1.0739e-05, 1.1146e-04, 2.5138e-05, 8.4694e-05, 6.9291e-05,
        1.8954e-04, 8.3693e-05, 7.9492e-05, 2.1438e-05, 1.3669e-05, 5.6571e-05,
        2.3927e-05, 6.1559e-05, 5.1194e-05, 1.3882e-04, 7.9449e-06, 1.5934e-05,
        1.5597e-04, 1.1766e-04, 3.9437e-05, 3.7749e-05, 5.6337e-05, 1.2988e-04,
        2.4849e-05, 1.9834e-05, 2.1173e-05, 5.3519e-07, 4.3786e-05, 5.9678e-05,
        1.6792e-04, 1.6258e-04, 8.3408e-05, 4.2397e-05, 1.2781e-04, 1.1639e-05,
        1.6718e-04, 2.7002e-05, 1.2933e-05, 5.4207e-05, 2.2064e-05],
       grad_fn=<CatBackward>)

mean_overall=tensor(6.2238e-05, grad_fn=<MeanBackward0>)

-----------------------------------------------ITERATION190-----------------------------------------------

final_causality=[[1, 1, 1, 1, 1, 1, 1, 1, 1, 1, 1, 1, 1], [1, 1, 1, 1, 1, 1, 1, 1, 1, 1, 1, 1, 1, 1, 1, 1, 1, 1, 1, 1, 1, 1, 1, 1, 1, 1, 1, 1, 1, 1, 1, 1, 1, 1, 1, 1, 1, 1, 1, 1, 1, 1, 1, 1, 1, 1, 1, 1, 1, 1], [1, 1, 1, 1, 1, 1, 1, 1, 1, 1, 1, 1, 1, 1, 1, 1, 1, 1, 1, 1, 1, 1, 1, 1, 1, 1, 1, 1, 1, 1, 1, 1, 1, 1, 1, 1, 1, 1, 1, 1, 1, 1, 1, 1, 1, 1, 1, 1, 1, 1]]

means=tensor([1.9495e-05, 6.8310e-06, 7.3019e-06, 2.0800e-04, 1.1759e-04, 5.2644e-06,
        1.0067e-04, 1.7697e-05, 2.7831e-04, 5.1304e-05, 5.3863e-05, 1.0113e-04,
        2.1254e-05, 1.3347e-05, 8.9077e-05, 4.8684e-05, 2.5273e-05, 1.5682e-04,
        1.3148e-04, 1.6576e-05, 1.8225e-05, 3.6777e-05, 4.2874e-05, 6.9346e-05,
        1.1110e-05, 1.2210e-05, 2.7957e-05, 4.6077e-05, 7.5359e-05, 2.7870e-05,
        5.8348e-05, 1.5999e-05, 3.7624e-05, 5.9365e-05, 1.4351e-04, 4.0577e-05,
        8.6231e-05, 2.6053e-05, 8.4359e-05, 6.1642e-05, 7.4760e-06, 2.8398e-05,
        5.9062e-05, 3.8689e-06, 6.2383e-06, 2.3941e-05, 6.3207e-05, 6.8259e-06,
        4.5136e-05, 1.4316e-04, 4.3272e-05, 7.0255e-06, 4.3091e-05, 2.5080e-04,
        2.6922e-04, 8.5640e-05, 1.2557e-05, 7.2692e-05, 3.7775e-05, 5.8617e-05,
        3.5335e-05, 1.2382e-04, 1.0361e-04, 2.3066e-05, 4.6988e-05, 3.1631e-05,
        7.6772e-05, 7.3315e-06, 1.9521e-05, 3.9647e-05, 1.1368e-04, 3.6839e-05,
        1.5681e-05, 1.0768e-05, 1.1128e-04, 2.5150e-05, 8.4264e-05, 6.9130e-05,
        1.8965e-04, 8.3477e-05, 7.9303e-05, 2.1454e-05, 1.3699e-05, 5.6560e-05,
        2.4000e-05, 6.1899e-05, 5.1174e-05, 1.3921e-04, 7.9317e-06, 1.5941e-05,
        1.5593e-04, 1.1824e-04, 3.9400e-05, 3.7581e-05, 5.6094e-05, 1.2988e-04,
        2.4808e-05, 1.9784e-05, 2.1156e-05, 5.3692e-07, 4.3926e-05, 5.9663e-05,
        1.6766e-04, 1.6171e-04, 8.3508e-05, 4.2528e-05, 1.2788e-04, 1.1678e-05,
        1.6734e-04, 2.7022e-05, 1.2909e-05, 5.4213e-05, 2.2067e-05],
       grad_fn=<CatBackward>)

mean_overall=tensor(6.2158e-05, grad_fn=<MeanBackward0>)

-----------------------------------------------ITERATION200-----------------------------------------------

final_causality=[[1, 1, 1, 1, 1, 1, 1, 1, 1, 1, 1, 1, 1], [1, 1, 1, 1, 1, 1, 1, 1, 1, 1, 1, 1, 1, 1, 1, 1, 1, 1, 1, 1, 1, 1, 1, 1, 1, 1, 1, 1, 1, 1, 1, 1, 1, 1, 1, 1, 1, 1, 1, 1, 1, 1, 1, 1, 1, 1, 1, 1, 1, 1], [1, 1, 1, 1, 1, 1, 1, 1, 1, 1, 1, 1, 1, 1, 1, 1, 1, 1, 1, 1, 1, 1, 1, 1, 1, 1, 1, 1, 1, 1, 1, 1, 1, 1, 1, 1, 1, 1, 1, 1, 1, 1, 1, 1, 1, 1, 1, 1, 1, 1]]

means=tensor([1.8828e-05, 5.2659e-06, 6.5356e-06, 2.1166e-04, 1.1391e-04, 4.8514e-06,
        9.9917e-05, 1.9433e-05, 2.7706e-04, 5.0320e-05, 5.2166e-05, 9.9368e-05,
        2.1962e-05, 1.3313e-05, 8.9333e-05, 4.8749e-05, 2.5221e-05, 1.5673e-04,
        1.3100e-04, 1.6276e-05, 1.8300e-05, 3.6692e-05, 4.3157e-05, 6.9672e-05,
        1.1269e-05, 1.2133e-05, 2.7719e-05, 4.6275e-05, 7.5570e-05, 2.7702e-05,
        5.7967e-05, 1.6054e-05, 3.7828e-05, 5.9559e-05, 1.4298e-04, 4.0240e-05,
        8.6391e-05, 2.5727e-05, 8.4013e-05, 6.1326e-05, 7.4476e-06, 2.8136e-05,
        5.9029e-05, 4.0061e-06, 6.2678e-06, 2.3966e-05, 6.2891e-05, 7.0879e-06,
        4.5045e-05, 1.4300e-04, 4.3429e-05, 7.0027e-06, 4.3258e-05, 2.5166e-04,
        2.6855e-04, 8.6026e-05, 1.2680e-05, 7.2663e-05, 3.7584e-05, 5.8490e-05,
        3.5179e-05, 1.2440e-04, 1.0339e-04, 2.3298e-05, 4.6831e-05, 3.1571e-05,
        7.6770e-05, 7.3026e-06, 1.9446e-05, 3.9649e-05, 1.1413e-04, 3.6766e-05,
        1.5685e-05, 1.0798e-05, 1.1111e-04, 2.5161e-05, 8.3829e-05, 6.8969e-05,
        1.8976e-04, 8.3264e-05, 7.9112e-05, 2.1470e-05, 1.3729e-05, 5.6551e-05,
        2.4075e-05, 6.2240e-05, 5.1153e-05, 1.3960e-04, 7.9181e-06, 1.5948e-05,
        1.5589e-04, 1.1881e-04, 3.9361e-05, 3.7411e-05, 5.5874e-05, 1.2987e-04,
        2.4767e-05, 1.9733e-05, 2.1140e-05, 5.3800e-07, 4.4070e-05, 5.9648e-05,
        1.6739e-04, 1.6084e-04, 8.3610e-05, 4.2662e-05, 1.2795e-04, 1.1718e-05,
        1.6749e-04, 2.7042e-05, 1.2883e-05, 5.4220e-05, 2.2069e-05],
       grad_fn=<CatBackward>)

mean_overall=tensor(6.2077e-05, grad_fn=<MeanBackward0>)

-----------------------------------------------ITERATION210-----------------------------------------------

final_causality=[[1, 1, 1, 1, 1, 1, 1, 1, 1, 1, 1, 1, 1], [1, 1, 1, 1, 1, 1, 1, 1, 1, 1, 1, 1, 1, 1, 1, 1, 1, 1, 1, 1, 1, 1, 1, 1, 1, 1, 1, 1, 1, 1, 1, 1, 1, 1, 1, 1, 1, 1, 1, 1, 1, 1, 1, 1, 1, 1, 1, 1, 1, 1], [1, 1, 1, 1, 1, 1, 1, 1, 1, 1, 1, 1, 1, 1, 1, 1, 1, 1, 1, 1, 1, 1, 1, 1, 1, 1, 1, 1, 1, 1, 1, 1, 1, 1, 1, 1, 1, 1, 1, 1, 1, 1, 1, 1, 1, 1, 1, 1, 1, 1]]

means=tensor([1.8152e-05, 3.6817e-06, 5.7601e-06, 2.1533e-04, 1.1016e-04, 4.4314e-06,
        9.9148e-05, 2.1184e-05, 2.7578e-04, 4.9301e-05, 5.0433e-05, 9.7572e-05,
        2.2681e-05, 1.3281e-05, 8.9588e-05, 4.8818e-05, 2.5165e-05, 1.5663e-04,
        1.3051e-04, 1.5974e-05, 1.8380e-05, 3.6605e-05, 4.3444e-05, 7.0006e-05,
        1.1433e-05, 1.2054e-05, 2.7473e-05, 4.6479e-05, 7.5785e-05, 2.7535e-05,
        5.7579e-05, 1.6108e-05, 3.8033e-05, 5.9758e-05, 1.4243e-04, 3.9895e-05,
        8.6546e-05, 2.5400e-05, 8.3662e-05, 6.1008e-05, 7.4207e-06, 2.7868e-05,
        5.8994e-05, 4.1491e-06, 6.3010e-06, 2.3995e-05, 6.2573e-05, 7.3524e-06,
        4.4953e-05, 1.4283e-04, 4.3585e-05, 6.9784e-06, 4.3424e-05, 2.5253e-04,
        2.6787e-04, 8.6417e-05, 1.2802e-05, 7.2634e-05, 3.7387e-05, 5.8361e-05,
        3.5024e-05, 1.2501e-04, 1.0316e-04, 2.3533e-05, 4.6673e-05, 3.1509e-05,
        7.6767e-05, 7.2731e-06, 1.9373e-05, 3.9652e-05, 1.1458e-04, 3.6693e-05,
        1.5689e-05, 1.0828e-05, 1.1093e-04, 2.5174e-05, 8.3391e-05, 6.8806e-05,
        1.8987e-04, 8.3048e-05, 7.8919e-05, 2.1486e-05, 1.3759e-05, 5.6541e-05,
        2.4150e-05, 6.2584e-05, 5.1132e-05, 1.4001e-04, 7.9046e-06, 1.5955e-05,
        1.5585e-04, 1.1940e-04, 3.9323e-05, 3.7240e-05, 5.5650e-05, 1.2987e-04,
        2.4724e-05, 1.9682e-05, 2.1124e-05, 5.3969e-07, 4.4215e-05, 5.9634e-05,
        1.6712e-04, 1.5994e-04, 8.3715e-05, 4.2799e-05, 1.2802e-04, 1.1758e-05,
        1.6765e-04, 2.7062e-05, 1.2857e-05, 5.4226e-05, 2.2071e-05],
       grad_fn=<CatBackward>)

mean_overall=tensor(6.1995e-05, grad_fn=<MeanBackward0>)

-----------------------------------------------ITERATION220-----------------------------------------------

final_causality=[[1, 1, 1, 1, 1, 1, 1, 1, 1, 1, 1, 1, 1], [1, 1, 1, 1, 1, 1, 1, 1, 1, 1, 1, 1, 1, 1, 1, 1, 1, 1, 1, 1, 1, 1, 1, 1, 1, 1, 1, 1, 1, 1, 1, 1, 1, 1, 1, 1, 1, 1, 1, 1, 1, 1, 1, 1, 1, 1, 1, 1, 1, 1], [1, 1, 1, 1, 1, 1, 1, 1, 1, 1, 1, 1, 1, 1, 1, 1, 1, 1, 1, 1, 1, 1, 1, 1, 1, 1, 1, 1, 1, 1, 1, 1, 1, 1, 1, 1, 1, 1, 1, 1, 1, 1, 1, 1, 1, 1, 1, 1, 1, 1]]

means=tensor([1.7469e-05, 2.0852e-06, 4.9881e-06, 2.1899e-04, 1.0635e-04, 4.0008e-06,
        9.8365e-05, 2.2955e-05, 2.7450e-04, 4.8251e-05, 4.8669e-05, 9.5746e-05,
        2.3409e-05, 1.3248e-05, 8.9847e-05, 4.8887e-05, 2.5110e-05, 1.5653e-04,
        1.3001e-04, 1.5671e-05, 1.8462e-05, 3.6519e-05, 4.3737e-05, 7.0344e-05,
        1.1599e-05, 1.1975e-05, 2.7227e-05, 4.6684e-05, 7.6000e-05, 2.7367e-05,
        5.7189e-05, 1.6162e-05, 3.8243e-05, 5.9958e-05, 1.4189e-04, 3.9549e-05,
        8.6700e-05, 2.5068e-05, 8.3312e-05, 6.0686e-05, 7.3938e-06, 2.7598e-05,
        5.8961e-05, 4.2935e-06, 6.3334e-06, 2.4024e-05, 6.2250e-05, 7.6241e-06,
        4.4862e-05, 1.4266e-04, 4.3745e-05, 6.9552e-06, 4.3593e-05, 2.5341e-04,
        2.6718e-04, 8.6818e-05, 1.2928e-05, 7.2602e-05, 3.7189e-05, 5.8231e-05,
        3.4870e-05, 1.2562e-04, 1.0294e-04, 2.3771e-05, 4.6513e-05, 3.1447e-05,
        7.6766e-05, 7.2435e-06, 1.9319e-05, 3.9655e-05, 1.1503e-04, 3.6620e-05,
        1.5692e-05, 1.0858e-05, 1.1077e-04, 2.5187e-05, 8.2949e-05, 6.8642e-05,
        1.8997e-04, 8.2834e-05, 7.8723e-05, 2.1503e-05, 1.3789e-05, 5.6532e-05,
        2.4227e-05, 6.2928e-05, 5.1111e-05, 1.4041e-04, 7.8909e-06, 1.5963e-05,
        1.5580e-04, 1.1998e-04, 3.9285e-05, 3.7070e-05, 5.5425e-05, 1.2987e-04,
        2.4682e-05, 1.9631e-05, 2.1107e-05, 5.4131e-07, 4.4362e-05, 5.9620e-05,
        1.6685e-04, 1.5922e-04, 8.3824e-05, 4.2937e-05, 1.2808e-04, 1.1799e-05,
        1.6781e-04, 2.7081e-05, 1.2831e-05, 5.4233e-05, 2.2072e-05],
       grad_fn=<CatBackward>)

mean_overall=tensor(6.1914e-05, grad_fn=<MeanBackward0>)

-----------------------------------------------ITERATION230-----------------------------------------------

final_causality=[[1, 1, 1, 1, 1, 1, 1, 1, 1, 1, 1, 1, 1], [1, 1, 1, 1, 1, 1, 1, 1, 1, 1, 1, 1, 1, 1, 1, 1, 1, 1, 1, 1, 1, 1, 1, 1, 1, 1, 1, 1, 1, 1, 1, 1, 1, 1, 1, 1, 1, 1, 1, 1, 1, 1, 1, 1, 1, 1, 1, 1, 1, 1], [1, 1, 1, 1, 1, 1, 1, 1, 1, 1, 1, 1, 1, 1, 1, 1, 1, 1, 1, 1, 1, 1, 1, 1, 1, 1, 1, 1, 1, 1, 1, 1, 1, 1, 1, 1, 1, 1, 1, 1, 1, 1, 1, 1, 1, 1, 1, 1, 1, 1]]

means=tensor([1.6778e-05, 4.7680e-07, 4.2173e-06, 2.2263e-04, 1.0248e-04, 3.5610e-06,
        9.7570e-05, 2.4741e-05, 2.7322e-04, 4.7170e-05, 4.6874e-05, 9.3891e-05,
        2.4146e-05, 1.3216e-05, 9.0109e-05, 4.8958e-05, 2.5054e-05, 1.5642e-04,
        1.2951e-04, 1.5368e-05, 1.8545e-05, 3.6435e-05, 4.4035e-05, 7.0688e-05,
        1.1766e-05, 1.1897e-05, 2.6977e-05, 4.6891e-05, 7.6217e-05, 2.7197e-05,
        5.6798e-05, 1.6218e-05, 3.8457e-05, 6.0159e-05, 1.4134e-04, 3.9199e-05,
        8.6852e-05, 2.4733e-05, 8.2961e-05, 6.0362e-05, 7.3675e-06, 2.7325e-05,
        5.8929e-05, 4.4408e-06, 6.3664e-06, 2.4054e-05, 6.1922e-05, 7.9010e-06,
        4.4772e-05, 1.4250e-04, 4.3906e-05, 6.9324e-06, 4.3763e-05, 2.5430e-04,
        2.6650e-04, 8.7226e-05, 1.3056e-05, 7.2569e-05, 3.6988e-05, 5.8101e-05,
        3.4716e-05, 1.2625e-04, 1.0272e-04, 2.4012e-05, 4.6353e-05, 3.1385e-05,
        7.6764e-05, 7.2136e-06, 1.9264e-05, 3.9658e-05, 1.1549e-04, 3.6548e-05,
        1.5695e-05, 1.0889e-05, 1.1060e-04, 2.5200e-05, 8.2506e-05, 6.8478e-05,
        1.9008e-04, 8.2620e-05, 7.8526e-05, 2.1521e-05, 1.3819e-05, 5.6522e-05,
        2.4304e-05, 6.3273e-05, 5.1091e-05, 1.4083e-04, 7.8772e-06, 1.5970e-05,
        1.5576e-04, 1.2056e-04, 3.9247e-05, 3.6899e-05, 5.5199e-05, 1.2986e-04,
        2.4639e-05, 1.9579e-05, 2.1090e-05, 5.4308e-07, 4.4512e-05, 5.9607e-05,
        1.6658e-04, 1.5851e-04, 8.3934e-05, 4.3079e-05, 1.2815e-04, 1.1841e-05,
        1.6797e-04, 2.7100e-05, 1.2805e-05, 5.4240e-05, 2.2072e-05],
       grad_fn=<CatBackward>)

mean_overall=tensor(6.1832e-05, grad_fn=<MeanBackward0>)

-----------------------------------------------ITERATION240-----------------------------------------------

final_causality=[[1, 1, 1, 1, 1, 1, 1, 1, 1, 1, 1, 1, 1], [1, 1, 1, 1, 1, 1, 1, 1, 1, 1, 1, 1, 1, 1, 1, 1, 1, 1, 1, 1, 1, 1, 1, 1, 1, 1, 1, 1, 1, 1, 1, 1, 1, 1, 1, 1, 1, 1, 1, 1, 1, 1, 1, 1, 1, 1, 1, 1, 1, 1], [1, 1, 1, 1, 1, 1, 1, 1, 1, 1, 1, 1, 1, 1, 1, 1, 1, 1, 1, 1, 1, 1, 1, 1, 1, 1, 1, 1, 1, 1, 1, 1, 1, 1, 1, 1, 1, 1, 1, 1, 1, 1, 1, 1, 1, 1, 1, 1, 1, 1]]

means=tensor([1.6081e-05, 1.6733e-06, 3.4491e-06, 2.2625e-04, 9.8553e-05, 3.1124e-06,
        9.6763e-05, 2.6540e-05, 2.7194e-04, 4.6057e-05, 4.5049e-05, 9.2009e-05,
        2.4890e-05, 1.3184e-05, 9.0373e-05, 4.9030e-05, 2.4997e-05, 1.5630e-04,
        1.2901e-04, 1.5065e-05, 1.8631e-05, 3.6351e-05, 4.4338e-05, 7.1036e-05,
        1.1936e-05, 1.1818e-05, 2.6725e-05, 4.7100e-05, 7.6435e-05, 2.7027e-05,
        5.6405e-05, 1.6273e-05, 3.8673e-05, 6.0361e-05, 1.4079e-04, 3.8847e-05,
        8.7001e-05, 2.4395e-05, 8.2611e-05, 6.0035e-05, 7.3418e-06, 2.7049e-05,
        5.8901e-05, 4.5907e-06, 6.4002e-06, 2.4086e-05, 6.1590e-05, 8.1830e-06,
        4.4683e-05, 1.4274e-04, 4.4068e-05, 6.9098e-06, 4.3935e-05, 2.5521e-04,
        2.6581e-04, 8.7641e-05, 1.3187e-05, 7.2534e-05, 3.6785e-05, 5.7970e-05,
        3.4564e-05, 1.2689e-04, 1.0250e-04, 2.4256e-05, 4.6192e-05, 3.1322e-05,
        7.6763e-05, 7.1834e-06, 1.9209e-05, 3.9661e-05, 1.1595e-04, 3.6476e-05,
        1.5698e-05, 1.0920e-05, 1.1045e-04, 2.5215e-05, 8.2060e-05, 6.8313e-05,
        1.9019e-04, 8.2408e-05, 7.8327e-05, 2.1539e-05, 1.3849e-05, 5.6512e-05,
        2.4382e-05, 6.3618e-05, 5.1070e-05, 1.4124e-04, 7.8799e-06, 1.5978e-05,
        1.5572e-04, 1.2114e-04, 3.9210e-05, 3.6728e-05, 5.4971e-05, 1.2986e-04,
        2.4596e-05, 1.9527e-05, 2.1073e-05, 5.4502e-07, 4.4663e-05, 5.9594e-05,
        1.6630e-04, 1.5780e-04, 8.4048e-05, 4.3222e-05, 1.2822e-04, 1.1883e-05,
        1.6814e-04, 2.7119e-05, 1.2779e-05, 5.4247e-05, 2.2072e-05],
       grad_fn=<CatBackward>)

mean_overall=tensor(6.1777e-05, grad_fn=<MeanBackward0>)

-----------------------------------------------ITERATION250-----------------------------------------------

final_causality=[[1, 1, 1, 1, 1, 1, 1, 1, 1, 1, 1, 1, 1], [1, 1, 1, 1, 1, 1, 1, 1, 1, 1, 1, 1, 1, 1, 1, 1, 1, 1, 1, 1, 1, 1, 1, 1, 1, 1, 1, 1, 1, 1, 1, 1, 1, 1, 1, 1, 1, 1, 1, 1, 1, 1, 1, 1, 1, 1, 1, 1, 1, 1], [1, 1, 1, 1, 1, 1, 1, 1, 1, 1, 1, 1, 1, 1, 1, 1, 1, 1, 1, 1, 1, 1, 1, 1, 1, 1, 1, 1, 1, 1, 1, 1, 1, 1, 1, 1, 1, 1, 1, 1, 1, 1, 1, 1, 1, 1, 1, 1, 1, 1]]

means=tensor([1.5378e-05, 3.3151e-06, 2.6862e-06, 2.2985e-04, 9.4579e-05, 2.6548e-06,
        9.5946e-05, 2.8350e-05, 2.7067e-04, 4.4914e-05, 4.3196e-05, 9.0100e-05,
        2.5642e-05, 1.3152e-05, 9.0639e-05, 4.9103e-05, 2.4941e-05, 1.5618e-04,
        1.2851e-04, 1.4762e-05, 1.8718e-05, 3.6269e-05, 4.4647e-05, 7.1389e-05,
        1.2107e-05, 1.1740e-05, 2.6471e-05, 4.7310e-05, 7.6653e-05, 2.6857e-05,
        5.6011e-05, 1.6330e-05, 3.8893e-05, 6.0563e-05, 1.4023e-04, 3.8494e-05,
        8.7148e-05, 2.4055e-05, 8.2263e-05, 5.9705e-05, 7.3167e-06, 2.6772e-05,
        5.8898e-05, 4.7427e-06, 6.4340e-06, 2.4119e-05, 6.1254e-05, 8.4704e-06,
        4.4596e-05, 1.4300e-04, 4.4233e-05, 6.8879e-06, 4.4108e-05, 2.5612e-04,
        2.6512e-04, 8.8063e-05, 1.3320e-05, 7.2496e-05, 3.6580e-05, 5.7839e-05,
        3.4413e-05, 1.2754e-04, 1.0227e-04, 2.4502e-05, 4.6031e-05, 3.1260e-05,
        7.6762e-05, 7.1531e-06, 1.9153e-05, 3.9664e-05, 1.1678e-04, 3.6405e-05,
        1.5702e-05, 1.0951e-05, 1.1030e-04, 2.5229e-05, 8.1617e-05, 6.8148e-05,
        1.9029e-04, 8.2197e-05, 7.8126e-05, 2.1557e-05, 1.3880e-05, 5.6502e-05,
        2.4461e-05, 6.3962e-05, 5.1050e-05, 1.4166e-04, 7.8846e-06, 1.5985e-05,
        1.5568e-04, 1.2172e-04, 3.9172e-05, 3.6558e-05, 5.4742e-05, 1.2986e-04,
        2.4552e-05, 1.9475e-05, 2.1055e-05, 5.4705e-07, 4.4816e-05, 5.9583e-05,
        1.6603e-04, 1.5709e-04, 8.4164e-05, 4.3367e-05, 1.2830e-04, 1.1926e-05,
        1.6830e-04, 2.7137e-05, 1.2754e-05, 5.4254e-05, 2.2070e-05],
       grad_fn=<CatBackward>)

mean_overall=tensor(6.1729e-05, grad_fn=<MeanBackward0>)

-----------------------------------------------ITERATION260-----------------------------------------------

final_causality=[[1, 1, 1, 1, 1, 1, 1, 1, 1, 1, 1, 1, 1], [1, 1, 1, 1, 1, 1, 1, 1, 1, 1, 1, 1, 1, 1, 1, 1, 1, 1, 1, 1, 1, 1, 1, 1, 1, 1, 1, 1, 1, 1, 1, 1, 1, 1, 1, 1, 1, 1, 1, 1, 1, 1, 1, 1, 1, 1, 1, 1, 1, 1], [1, 1, 1, 1, 1, 1, 1, 1, 1, 1, 1, 1, 1, 1, 1, 1, 1, 1, 1, 1, 1, 1, 1, 1, 1, 1, 1, 1, 1, 1, 1, 1, 1, 1, 1, 1, 1, 1, 1, 1, 1, 1, 1, 1, 1, 1, 1, 1, 1, 1]]

means=tensor([1.4671e-05, 4.9672e-06, 1.9285e-06, 2.3341e-04, 9.0556e-05, 2.1888e-06,
        9.5118e-05, 3.0169e-05, 2.6939e-04, 4.3739e-05, 4.1316e-05, 8.8167e-05,
        2.6399e-05, 1.3120e-05, 9.0906e-05, 4.9177e-05, 2.4884e-05, 1.5605e-04,
        1.2801e-04, 1.4459e-05, 1.8808e-05, 3.6188e-05, 4.4961e-05, 7.1746e-05,
        1.2280e-05, 1.1661e-05, 2.6215e-05, 4.7522e-05, 7.6871e-05, 2.6686e-05,
        5.5617e-05, 1.6386e-05, 3.9116e-05, 6.0766e-05, 1.3967e-04, 3.8138e-05,
        8.7291e-05, 2.3712e-05, 8.1915e-05, 5.9375e-05, 7.2923e-06, 2.6492e-05,
        5.8897e-05, 4.8972e-06, 6.4685e-06, 2.4153e-05, 6.0915e-05, 8.7625e-06,
        4.4510e-05, 1.4327e-04, 4.4398e-05, 6.8664e-06, 4.4282e-05, 2.5704e-04,
        2.6443e-04, 8.8491e-05, 1.3455e-05, 7.2456e-05, 3.6372e-05, 5.7707e-05,
        3.4265e-05, 1.2820e-04, 1.0205e-04, 2.4750e-05, 4.5869e-05, 3.1197e-05,
        7.6762e-05, 7.1226e-06, 1.9097e-05, 3.9667e-05, 1.1772e-04, 3.6334e-05,
        1.5705e-05, 1.0983e-05, 1.1015e-04, 2.5244e-05, 8.1421e-05, 6.7983e-05,
        1.9039e-04, 8.1988e-05, 7.7924e-05, 2.1576e-05, 1.3910e-05, 5.6492e-05,
        2.4540e-05, 6.4304e-05, 5.1030e-05, 1.4209e-04, 7.8893e-06, 1.5993e-05,
        1.5563e-04, 1.2230e-04, 3.9135e-05, 3.6388e-05, 5.4512e-05, 1.2986e-04,
        2.4509e-05, 1.9423e-05, 2.1038e-05, 5.4925e-07, 4.4970e-05, 5.9572e-05,
        1.6576e-04, 1.5637e-04, 8.4283e-05, 4.3514e-05, 1.2837e-04, 1.1969e-05,
        1.6847e-04, 2.7156e-05, 1.2729e-05, 5.4261e-05, 2.2068e-05],
       grad_fn=<CatBackward>)

mean_overall=tensor(6.1683e-05, grad_fn=<MeanBackward0>)

-----------------------------------------------ITERATION270-----------------------------------------------

final_causality=[[1, 1, 1, 1, 1, 1, 1, 1, 1, 1, 1, 1, 1], [1, 1, 1, 1, 1, 1, 1, 1, 1, 1, 1, 1, 1, 1, 1, 1, 1, 1, 1, 1, 1, 1, 1, 1, 1, 1, 1, 1, 1, 1, 1, 1, 1, 1, 1, 1, 1, 1, 1, 1, 1, 1, 1, 1, 1, 1, 1, 1, 1, 1], [1, 1, 1, 1, 1, 1, 1, 1, 1, 1, 1, 1, 1, 1, 1, 1, 1, 1, 1, 1, 1, 1, 1, 1, 1, 1, 1, 1, 1, 1, 1, 1, 1, 1, 1, 1, 1, 1, 1, 1, 1, 1, 1, 1, 1, 1, 1, 1, 1, 1]]

means=tensor([1.3959e-05, 6.6250e-06, 1.1785e-06, 2.3694e-04, 8.6489e-05, 1.7144e-06,
        9.4281e-05, 3.1996e-05, 2.6812e-04, 4.2533e-05, 3.9410e-05, 8.6212e-05,
        2.7162e-05, 1.3089e-05, 9.1175e-05, 4.9252e-05, 2.4827e-05, 1.5592e-04,
        1.2750e-04, 1.4166e-05, 1.8900e-05, 3.6109e-05, 4.5279e-05, 7.2106e-05,
        1.2455e-05, 1.1584e-05, 2.5956e-05, 4.7735e-05, 7.7089e-05, 2.6516e-05,
        5.5223e-05, 1.6443e-05, 3.9341e-05, 6.0969e-05, 1.3911e-04, 3.7781e-05,
        8.7430e-05, 2.3367e-05, 8.1570e-05, 5.9042e-05, 7.2686e-06, 2.6210e-05,
        5.8897e-05, 5.0536e-06, 6.5031e-06, 2.4188e-05, 6.0628e-05, 9.0596e-06,
        4.4426e-05, 1.4353e-04, 4.4564e-05, 6.8456e-06, 4.4457e-05, 2.5797e-04,
        2.6374e-04, 8.8927e-05, 1.3593e-05, 7.2414e-05, 3.6163e-05, 5.7576e-05,
        3.4118e-05, 1.2887e-04, 1.0183e-04, 2.5000e-05, 4.5708e-05, 3.1134e-05,
        7.6762e-05, 7.0921e-06, 1.9041e-05, 3.9670e-05, 1.1867e-04, 3.6292e-05,
        1.5707e-05, 1.1015e-05, 1.1001e-04, 2.5260e-05, 8.1222e-05, 6.7818e-05,
        1.9049e-04, 8.1782e-05, 7.7721e-05, 2.1596e-05, 1.3940e-05, 5.6481e-05,
        2.4619e-05, 6.4645e-05, 5.1010e-05, 1.4251e-04, 7.8938e-06, 1.6001e-05,
        1.5559e-04, 1.2288e-04, 3.9097e-05, 3.6220e-05, 5.4282e-05, 1.2987e-04,
        2.4464e-05, 1.9372e-05, 2.1020e-05, 5.5157e-07, 4.5126e-05, 5.9562e-05,
        1.6548e-04, 1.5566e-04, 8.4404e-05, 4.3663e-05, 1.2844e-04, 1.2012e-05,
        1.6863e-04, 2.7173e-05, 1.2705e-05, 5.4269e-05, 2.2065e-05],
       grad_fn=<CatBackward>)

mean_overall=tensor(6.1637e-05, grad_fn=<MeanBackward0>)

-----------------------------------------------ITERATION280-----------------------------------------------

final_causality=[[1, 1, 1, 1, 1, 1, 1, 1, 1, 1, 1, 1, 1], [1, 1, 1, 1, 1, 1, 1, 1, 1, 1, 1, 1, 1, 1, 1, 1, 1, 1, 1, 1, 1, 1, 1, 1, 1, 1, 1, 1, 1, 1, 1, 1, 1, 1, 1, 1, 1, 1, 1, 1, 1, 1, 1, 1, 1, 1, 1, 1, 1, 1], [1, 1, 1, 1, 1, 1, 1, 1, 1, 1, 1, 1, 1, 1, 1, 1, 1, 1, 1, 1, 1, 1, 1, 1, 1, 1, 1, 1, 1, 1, 1, 1, 1, 1, 1, 1, 1, 1, 1, 1, 1, 1, 1, 1, 1, 1, 1, 1, 1, 1]]

means=tensor([1.3242e-05, 8.2863e-06, 4.3657e-07, 2.4042e-04, 8.2380e-05, 7.6312e-07,
        9.3434e-05, 3.3828e-05, 2.6686e-04, 4.1297e-05, 3.7480e-05, 8.4234e-05,
        2.7930e-05, 1.3058e-05, 9.1445e-05, 4.9328e-05, 2.4770e-05, 1.5578e-04,
        1.2699e-04, 1.3891e-05, 1.8993e-05, 3.6032e-05, 4.5601e-05, 7.2470e-05,
        1.2630e-05, 1.1506e-05, 2.5697e-05, 4.7948e-05, 7.7306e-05, 2.6345e-05,
        5.4829e-05, 1.6500e-05, 3.9569e-05, 6.1171e-05, 1.3855e-04, 3.7423e-05,
        8.7565e-05, 2.3021e-05, 8.1227e-05, 5.8709e-05, 7.2458e-06, 2.5926e-05,
        5.8900e-05, 5.2121e-06, 6.5382e-06, 2.4224e-05, 6.0385e-05, 9.3613e-06,
        4.4343e-05, 1.4380e-04, 4.4731e-05, 6.8254e-06, 4.4633e-05, 2.5891e-04,
        2.6306e-04, 8.9368e-05, 1.3732e-05, 7.2370e-05, 3.5953e-05, 5.7445e-05,
        3.3973e-05, 1.2956e-04, 1.0161e-04, 2.5251e-05, 4.5547e-05, 3.1071e-05,
        7.6762e-05, 7.0615e-06, 1.8984e-05, 3.9673e-05, 1.1962e-04, 3.6261e-05,
        1.5710e-05, 1.1046e-05, 1.0988e-04, 2.5276e-05, 8.1019e-05, 6.7654e-05,
        1.9059e-04, 8.1577e-05, 7.7518e-05, 2.1616e-05, 1.3971e-05, 5.6471e-05,
        2.4699e-05, 6.4984e-05, 5.0990e-05, 1.4294e-04, 7.8982e-06, 1.6009e-05,
        1.5555e-04, 1.2345e-04, 3.9061e-05, 3.6052e-05, 5.4051e-05, 1.2987e-04,
        2.4420e-05, 1.9320e-05, 2.1003e-05, 5.5405e-07, 4.5283e-05, 5.9553e-05,
        1.6521e-04, 1.5494e-04, 8.4528e-05, 4.3814e-05, 1.2852e-04, 1.2056e-05,
        1.6880e-04, 2.7191e-05, 1.2680e-05, 5.4276e-05, 2.2061e-05],
       grad_fn=<CatBackward>)

mean_overall=tensor(6.1587e-05, grad_fn=<MeanBackward0>)

-----------------------------------------------ITERATION290-----------------------------------------------

final_causality=[[1, 1, 1, 1, 1, 1, 1, 1, 1, 1, 1, 1, 1], [1, 1, 1, 1, 1, 1, 1, 1, 1, 1, 1, 1, 1, 1, 1, 1, 1, 1, 1, 1, 1, 1, 1, 1, 1, 1, 1, 1, 1, 1, 1, 1, 1, 1, 1, 1, 1, 1, 1, 1, 1, 1, 1, 1, 1, 1, 1, 1, 1, 1], [1, 1, 1, 1, 1, 1, 1, 1, 1, 1, 1, 1, 1, 1, 1, 1, 1, 1, 1, 1, 1, 1, 1, 1, 1, 1, 1, 1, 1, 1, 1, 1, 1, 1, 1, 1, 1, 1, 1, 1, 1, 1, 1, 1, 1, 1, 1, 1, 1, 1]]

means=tensor([1.2523e-05, 9.9492e-06, 2.9660e-07, 2.4385e-04, 7.8232e-05, 8.1166e-07,
        9.2579e-05, 3.5665e-05, 2.6560e-04, 4.0030e-05, 3.5527e-05, 8.2236e-05,
        2.8702e-05, 1.3028e-05, 9.1715e-05, 4.9404e-05, 2.4713e-05, 1.5564e-04,
        1.2649e-04, 1.3615e-05, 1.9088e-05, 3.5956e-05, 4.5927e-05, 7.2837e-05,
        1.2807e-05, 1.1429e-05, 2.5436e-05, 4.8162e-05, 7.7523e-05, 2.6175e-05,
        5.4436e-05, 1.6556e-05, 3.9799e-05, 6.1373e-05, 1.3799e-04, 3.7065e-05,
        8.7695e-05, 2.2673e-05, 8.0886e-05, 5.8374e-05, 7.2237e-06, 2.5641e-05,
        5.8925e-05, 5.3726e-06, 6.5734e-06, 2.4262e-05, 6.0137e-05, 9.6677e-06,
        4.4262e-05, 1.4407e-04, 4.4900e-05, 6.8058e-06, 4.4809e-05, 2.5985e-04,
        2.6237e-04, 8.9815e-05, 1.3874e-05, 7.2323e-05, 3.5741e-05, 5.7315e-05,
        3.3831e-05, 1.3025e-04, 1.0139e-04, 2.5504e-05, 4.5385e-05, 3.1009e-05,
        7.6763e-05, 7.0308e-06, 1.8928e-05, 3.9675e-05, 1.2056e-04, 3.6230e-05,
        1.5713e-05, 1.1078e-05, 1.0976e-04, 2.5293e-05, 8.0814e-05, 6.7490e-05,
        1.9069e-04, 8.1376e-05, 7.7313e-05, 2.1636e-05, 1.4001e-05, 5.6461e-05,
        2.4779e-05, 6.5320e-05, 5.0971e-05, 1.4337e-04, 7.9025e-06, 1.6017e-05,
        1.5550e-04, 1.2401e-04, 3.9025e-05, 3.5886e-05, 5.3821e-05, 1.2987e-04,
        2.4376e-05, 1.9268e-05, 2.0985e-05, 5.5666e-07, 4.5441e-05, 5.9544e-05,
        1.6494e-04, 1.5422e-04, 8.4655e-05, 4.3966e-05, 1.2859e-04, 1.2100e-05,
        1.6897e-04, 2.7208e-05, 1.2655e-05, 5.4284e-05, 2.2056e-05],
       grad_fn=<CatBackward>)

mean_overall=tensor(6.1551e-05, grad_fn=<MeanBackward0>)

-----------------------------------------------ITERATION300-----------------------------------------------

final_causality=[[1, 1, 1, 1, 1, 1, 1, 1, 1, 1, 1, 1, 1], [1, 1, 1, 1, 1, 1, 1, 1, 1, 1, 1, 1, 1, 1, 1, 1, 1, 1, 1, 1, 1, 1, 1, 1, 1, 1, 1, 1, 1, 1, 1, 1, 1, 1, 1, 1, 1, 1, 1, 1, 1, 1, 1, 1, 1, 1, 1, 1, 1, 1], [1, 1, 1, 1, 1, 1, 1, 1, 1, 1, 1, 1, 1, 1, 1, 1, 1, 1, 1, 1, 1, 1, 1, 1, 1, 1, 1, 1, 1, 1, 1, 1, 1, 1, 1, 1, 1, 1, 1, 1, 1, 1, 1, 1, 1, 1, 1, 1, 1, 1]]

means=tensor([1.1801e-05, 1.1612e-05, 1.0245e-06, 2.4722e-04, 7.4046e-05, 1.7364e-06,
        9.1717e-05, 3.7503e-05, 2.6436e-04, 3.8733e-05, 3.3551e-05, 8.0217e-05,
        2.9477e-05, 1.2998e-05, 9.1986e-05, 4.9482e-05, 2.4656e-05, 1.5548e-04,
        1.2598e-04, 1.3339e-05, 1.9186e-05, 3.5883e-05, 4.6256e-05, 7.3206e-05,
        1.2984e-05, 1.1353e-05, 2.5173e-05, 4.8377e-05, 7.7739e-05, 2.6005e-05,
        5.4043e-05, 1.6613e-05, 4.0032e-05, 6.1575e-05, 1.3743e-04, 3.6705e-05,
        8.7821e-05, 2.2324e-05, 8.0549e-05, 5.8039e-05, 7.2024e-06, 2.5355e-05,
        5.9074e-05, 5.5350e-06, 6.6086e-06, 2.4300e-05, 5.9885e-05, 9.9781e-06,
        4.4184e-05, 1.4435e-04, 4.5068e-05, 6.7871e-06, 4.4986e-05, 2.6080e-04,
        2.6169e-04, 9.0267e-05, 1.4018e-05, 7.2274e-05, 3.5527e-05, 5.7185e-05,
        3.3691e-05, 1.3095e-04, 1.0118e-04, 2.5759e-05, 4.5225e-05, 3.0946e-05,
        7.6764e-05, 7.0002e-06, 1.8871e-05, 3.9678e-05, 1.2151e-04, 3.6201e-05,
        1.5715e-05, 1.1110e-05, 1.0964e-04, 2.5310e-05, 8.0605e-05, 6.7327e-05,
        1.9079e-04, 8.1178e-05, 7.7109e-05, 2.1656e-05, 1.4031e-05, 5.6450e-05,
        2.4860e-05, 6.5654e-05, 5.0952e-05, 1.4380e-04, 7.9066e-06, 1.6025e-05,
        1.5546e-04, 1.2458e-04, 3.8989e-05, 3.5722e-05, 5.3590e-05, 1.2988e-04,
        2.4331e-05, 1.9217e-05, 2.0967e-05, 5.5943e-07, 4.5600e-05, 5.9536e-05,
        1.6467e-04, 1.5351e-04, 8.4784e-05, 4.4120e-05, 1.2867e-04, 1.2144e-05,
        1.6914e-04, 2.7224e-05, 1.2631e-05, 5.4291e-05, 2.2051e-05],
       grad_fn=<CatBackward>)

mean_overall=tensor(6.1530e-05, grad_fn=<MeanBackward0>)

-----------------------------------------------ITERATION310-----------------------------------------------

final_causality=[[1, 1, 1, 1, 1, 1, 1, 1, 1, 1, 1, 1, 1], [1, 1, 1, 1, 1, 1, 1, 1, 1, 1, 1, 1, 1, 1, 1, 1, 1, 1, 1, 1, 1, 1, 1, 1, 1, 1, 1, 1, 1, 1, 1, 1, 1, 1, 1, 1, 1, 1, 1, 1, 1, 1, 1, 1, 1, 1, 1, 1, 1, 1], [1, 1, 1, 1, 1, 1, 1, 1, 1, 1, 1, 1, 1, 1, 1, 1, 1, 1, 1, 1, 1, 1, 1, 1, 1, 1, 1, 1, 1, 1, 1, 1, 1, 1, 1, 1, 1, 1, 1, 1, 1, 1, 1, 1, 1, 1, 1, 1, 1, 1]]

means=tensor([1.1077e-05, 1.3274e-05, 9.5585e-08, 2.5054e-04, 6.9826e-05, 2.2367e-06,
        9.0847e-05, 3.9342e-05, 2.6312e-04, 3.7405e-05, 3.1553e-05, 7.8180e-05,
        3.0256e-05, 1.2968e-05, 9.2258e-05, 4.9560e-05, 2.4599e-05, 1.5533e-04,
        1.2547e-04, 1.3063e-05, 1.9285e-05, 3.5811e-05, 4.6590e-05, 7.3578e-05,
        1.3162e-05, 1.1277e-05, 2.4909e-05, 4.8591e-05, 7.7953e-05, 2.5836e-05,
        5.3651e-05, 1.6670e-05, 4.0267e-05, 6.1775e-05, 1.3687e-04, 3.6346e-05,
        8.7942e-05, 2.1974e-05, 8.0215e-05, 5.7704e-05, 7.1820e-06, 2.5067e-05,
        5.9224e-05, 5.6992e-06, 6.6440e-06, 2.4340e-05, 5.9628e-05, 1.0293e-05,
        4.4108e-05, 1.4462e-04, 4.5236e-05, 6.7691e-06, 4.5162e-05, 2.6175e-04,
        2.6102e-04, 9.0725e-05, 1.4164e-05, 7.2223e-05, 3.5312e-05, 5.7056e-05,
        3.3555e-05, 1.3166e-04, 1.0096e-04, 2.6014e-05, 4.5064e-05, 3.0884e-05,
        7.6766e-05, 6.9696e-06, 1.8815e-05, 3.9681e-05, 1.2245e-04, 3.6172e-05,
        1.5717e-05, 1.1142e-05, 1.0953e-04, 2.5328e-05, 8.0394e-05, 6.7164e-05,
        1.9088e-04, 8.0983e-05, 7.6903e-05, 2.1678e-05, 1.4061e-05, 5.6439e-05,
        2.4940e-05, 6.5984e-05, 5.0934e-05, 1.4424e-04, 7.9105e-06, 1.6033e-05,
        1.5541e-04, 1.2513e-04, 3.8954e-05, 3.5559e-05, 5.3360e-05, 1.2989e-04,
        2.4287e-05, 1.9166e-05, 2.0949e-05, 5.6235e-07, 4.5760e-05, 5.9529e-05,
        1.6440e-04, 1.5280e-04, 8.4915e-05, 4.4275e-05, 1.2874e-04, 1.2189e-05,
        1.6931e-04, 2.7240e-05, 1.2606e-05, 5.4298e-05, 2.2044e-05],
       grad_fn=<CatBackward>)

mean_overall=tensor(6.1489e-05, grad_fn=<MeanBackward0>)

-----------------------------------------------ITERATION320-----------------------------------------------

final_causality=[[1, 1, 1, 1, 1, 1, 1, 1, 1, 1, 1, 1, 1], [1, 1, 1, 1, 1, 1, 1, 1, 1, 1, 1, 1, 1, 1, 1, 1, 1, 1, 1, 1, 1, 1, 1, 1, 1, 1, 1, 1, 1, 1, 1, 1, 1, 1, 1, 1, 1, 1, 1, 1, 1, 1, 1, 1, 1, 1, 1, 1, 1, 1], [1, 1, 1, 1, 1, 1, 1, 1, 1, 1, 1, 1, 1, 1, 1, 1, 1, 1, 1, 1, 1, 1, 1, 1, 1, 1, 1, 1, 1, 1, 1, 1, 1, 1, 1, 1, 1, 1, 1, 1, 1, 1, 1, 1, 1, 1, 1, 1, 1, 1]]

means=tensor([1.0350e-05, 1.4934e-05, 1.1584e-06, 2.5380e-04, 6.5573e-05, 2.7442e-06,
        8.9970e-05, 4.1181e-05, 2.6190e-04, 3.6047e-05, 2.9535e-05, 7.6127e-05,
        3.1036e-05, 1.2940e-05, 9.2529e-05, 4.9639e-05, 2.4541e-05, 1.5516e-04,
        1.2497e-04, 1.2787e-05, 1.9386e-05, 3.5742e-05, 4.6927e-05, 7.3951e-05,
        1.3340e-05, 1.1203e-05, 2.4644e-05, 4.8805e-05, 7.8166e-05, 2.5667e-05,
        5.3261e-05, 1.6726e-05, 4.0503e-05, 6.1974e-05, 1.3631e-04, 3.5986e-05,
        8.8058e-05, 2.1624e-05, 7.9885e-05, 5.7369e-05, 7.1626e-06, 2.4778e-05,
        5.9376e-05, 5.8649e-06, 6.6796e-06, 2.4380e-05, 5.9366e-05, 1.0612e-05,
        4.4035e-05, 1.4490e-04, 4.5406e-05, 6.7519e-06, 4.5339e-05, 2.6271e-04,
        2.6035e-04, 9.1188e-05, 1.4312e-05, 7.2169e-05, 3.5096e-05, 5.6928e-05,
        3.3421e-05, 1.3239e-04, 1.0075e-04, 2.6270e-05, 4.4905e-05, 3.0822e-05,
        7.6769e-05, 6.9391e-06, 1.8758e-05, 3.9684e-05, 1.2339e-04, 3.6144e-05,
        1.5719e-05, 1.1174e-05, 1.0943e-04, 2.5347e-05, 8.0179e-05, 6.7002e-05,
        1.9097e-04, 8.0792e-05, 7.6698e-05, 2.1699e-05, 1.4090e-05, 5.6429e-05,
        2.5021e-05, 6.6309e-05, 5.0915e-05, 1.4467e-04, 7.9143e-06, 1.6042e-05,
        1.5537e-04, 1.2568e-04, 3.8919e-05, 3.5398e-05, 5.3130e-05, 1.2990e-04,
        2.4242e-05, 1.9115e-05, 2.0931e-05, 5.6542e-07, 4.5921e-05, 5.9523e-05,
        1.6413e-04, 1.5209e-04, 8.5049e-05, 4.4432e-05, 1.2882e-04, 1.2234e-05,
        1.6948e-04, 2.7256e-05, 1.2582e-05, 5.4306e-05, 2.2036e-05],
       grad_fn=<CatBackward>)

mean_overall=tensor(6.1465e-05, grad_fn=<MeanBackward0>)

-----------------------------------------------ITERATION330-----------------------------------------------

final_causality=[[1, 1, 1, 1, 1, 1, 1, 1, 1, 1, 1, 1, 1], [1, 1, 1, 1, 1, 1, 1, 1, 1, 1, 1, 1, 1, 1, 1, 1, 1, 1, 1, 1, 1, 1, 1, 1, 1, 1, 1, 1, 1, 1, 1, 1, 1, 1, 1, 1, 1, 1, 1, 1, 1, 1, 1, 1, 1, 1, 1, 1, 1, 1], [1, 1, 1, 1, 1, 1, 1, 1, 1, 1, 1, 1, 1, 1, 1, 1, 1, 1, 1, 1, 1, 1, 1, 1, 1, 1, 1, 1, 1, 1, 1, 1, 1, 1, 1, 1, 1, 1, 1, 1, 1, 1, 1, 1, 1, 1, 1, 1, 1, 1]]

means=tensor([9.6218e-06, 1.6589e-05, 4.7734e-07, 2.5699e-04, 6.1290e-05, 3.2587e-06,
        8.9087e-05, 4.3017e-05, 2.6068e-04, 3.4659e-05, 2.7497e-05, 7.4056e-05,
        3.1818e-05, 1.2912e-05, 9.2801e-05, 4.9719e-05, 2.4484e-05, 1.5500e-04,
        1.2447e-04, 1.2512e-05, 1.9489e-05, 3.5676e-05, 4.7267e-05, 7.4327e-05,
        1.3519e-05, 1.1129e-05, 2.4378e-05, 4.9018e-05, 7.8378e-05, 2.5499e-05,
        5.2873e-05, 1.6782e-05, 4.0741e-05, 6.2172e-05, 1.3575e-04, 3.5627e-05,
        8.8168e-05, 2.1273e-05, 7.9558e-05, 5.7034e-05, 7.1441e-06, 2.4489e-05,
        5.9529e-05, 6.0321e-06, 6.7154e-06, 2.4422e-05, 5.9101e-05, 1.0935e-05,
        4.3963e-05, 1.4517e-04, 4.5575e-05, 6.7355e-06, 4.5516e-05, 2.6366e-04,
        2.5969e-04, 9.1656e-05, 1.4462e-05, 7.2113e-05, 3.4879e-05, 5.6801e-05,
        3.3291e-05, 1.3311e-04, 1.0054e-04, 2.6527e-05, 4.4747e-05, 3.0760e-05,
        7.6771e-05, 6.9086e-06, 1.8702e-05, 3.9687e-05, 1.2432e-04, 3.6117e-05,
        1.5721e-05, 1.1206e-05, 1.0934e-04, 2.5366e-05, 7.9963e-05, 6.6842e-05,
        1.9106e-04, 8.0604e-05, 7.6493e-05, 2.1721e-05, 1.4119e-05, 5.6417e-05,
        2.5102e-05, 6.6631e-05, 5.0898e-05, 1.4511e-04, 7.9179e-06, 1.6050e-05,
        1.5533e-04, 1.2622e-04, 3.8886e-05, 3.5240e-05, 5.2902e-05, 1.2991e-04,
        2.4198e-05, 1.9065e-05, 2.0912e-05, 5.6864e-07, 4.6082e-05, 5.9518e-05,
        1.6386e-04, 1.5139e-04, 8.5185e-05, 4.4590e-05, 1.2890e-04, 1.2279e-05,
        1.6966e-04, 2.7271e-05, 1.2558e-05, 5.4314e-05, 2.2028e-05],
       grad_fn=<CatBackward>)

mean_overall=tensor(6.1426e-05, grad_fn=<MeanBackward0>)

-----------------------------------------------ITERATION340-----------------------------------------------

final_causality=[[1, 1, 1, 1, 1, 1, 1, 1, 1, 1, 1, 1, 1], [1, 1, 1, 1, 1, 1, 1, 1, 1, 1, 1, 1, 1, 1, 1, 1, 1, 1, 1, 1, 1, 1, 1, 1, 1, 1, 1, 1, 1, 1, 1, 1, 1, 1, 1, 1, 1, 1, 1, 1, 1, 1, 1, 1, 1, 1, 1, 1, 1, 1], [1, 1, 1, 1, 1, 1, 1, 1, 1, 1, 1, 1, 1, 1, 1, 1, 1, 1, 1, 1, 1, 1, 1, 1, 1, 1, 1, 1, 1, 1, 1, 1, 1, 1, 1, 1, 1, 1, 1, 1, 1, 1, 1, 1, 1, 1, 1, 1, 1, 1]]

means=tensor([8.8923e-06, 1.8240e-05, 1.8620e-07, 2.6011e-04, 5.6978e-05, 3.7801e-06,
        8.8198e-05, 4.4851e-05, 2.5949e-04, 3.3241e-05, 2.5440e-05, 7.1971e-05,
        3.2601e-05, 1.2885e-05, 9.3072e-05, 4.9799e-05, 2.4427e-05, 1.5482e-04,
        1.2396e-04, 1.2237e-05, 1.9593e-05, 3.5611e-05, 4.7610e-05, 7.4704e-05,
        1.3699e-05, 1.1056e-05, 2.4111e-05, 4.9232e-05, 7.8587e-05, 2.5332e-05,
        5.2487e-05, 1.6838e-05, 4.0981e-05, 6.2368e-05, 1.3519e-04, 3.5269e-05,
        8.8272e-05, 2.0922e-05, 7.9235e-05, 5.6699e-05, 7.1266e-06, 2.4198e-05,
        5.9683e-05, 6.2007e-06, 6.7513e-06, 2.4465e-05, 5.8830e-05, 1.1261e-05,
        4.3895e-05, 1.4545e-04, 4.5745e-05, 6.7199e-06, 4.5692e-05, 2.6462e-04,
        2.5903e-04, 9.2128e-05, 1.4614e-05, 7.2055e-05, 3.4662e-05, 5.6674e-05,
        3.3164e-05, 1.3385e-04, 1.0034e-04, 2.6785e-05, 4.4589e-05, 3.0699e-05,
        7.6775e-05, 6.8783e-06, 1.8646e-05, 3.9690e-05, 1.2525e-04, 3.6091e-05,
        1.5723e-05, 1.1238e-05, 1.0926e-04, 2.5385e-05, 7.9743e-05, 6.6682e-05,
        1.9115e-04, 8.0420e-05, 7.6288e-05, 2.1743e-05, 1.4148e-05, 5.6406e-05,
        2.5182e-05, 6.6948e-05, 5.0880e-05, 1.4554e-04, 7.9213e-06, 1.6059e-05,
        1.5528e-04, 1.2675e-04, 3.8853e-05, 3.5084e-05, 5.2674e-05, 1.2992e-04,
        2.4153e-05, 1.9015e-05, 2.0894e-05, 5.7202e-07, 4.6244e-05, 5.9513e-05,
        1.6360e-04, 1.5069e-04, 8.5324e-05, 4.4749e-05, 1.2898e-04, 1.2325e-05,
        1.6983e-04, 2.7286e-05, 1.2534e-05, 5.4321e-05, 2.2019e-05],
       grad_fn=<CatBackward>)

mean_overall=tensor(6.1388e-05, grad_fn=<MeanBackward0>)

-----------------------------------------------ITERATION350-----------------------------------------------

final_causality=[[1, 1, 1, 1, 1, 1, 1, 1, 1, 1, 1, 1, 1], [1, 1, 1, 1, 1, 1, 1, 1, 1, 1, 1, 1, 1, 1, 1, 1, 1, 1, 1, 1, 1, 1, 1, 1, 1, 1, 1, 1, 1, 1, 1, 1, 1, 1, 1, 1, 1, 1, 1, 1, 1, 1, 1, 1, 1, 1, 1, 1, 1, 1], [1, 1, 1, 1, 1, 1, 1, 1, 1, 1, 1, 1, 1, 1, 1, 1, 1, 1, 1, 1, 1, 1, 1, 1, 1, 1, 1, 1, 1, 1, 1, 1, 1, 1, 1, 1, 1, 1, 1, 1, 1, 1, 1, 1, 1, 1, 1, 1, 1, 1]]

means=tensor([8.1623e-06, 1.9885e-05, 8.3823e-07, 2.6316e-04, 5.2639e-05, 4.3083e-06,
        8.7303e-05, 4.6680e-05, 2.5830e-04, 3.1794e-05, 2.3366e-05, 6.9870e-05,
        3.3385e-05, 1.2858e-05, 9.3342e-05, 4.9880e-05, 2.4370e-05, 1.5464e-04,
        1.2347e-04, 1.1964e-05, 1.9700e-05, 3.5550e-05, 4.7955e-05, 7.5082e-05,
        1.3878e-05, 1.0983e-05, 2.3844e-05, 4.9444e-05, 7.8794e-05, 2.5166e-05,
        5.2104e-05, 1.6894e-05, 4.1222e-05, 6.2562e-05, 1.3463e-04, 3.4911e-05,
        8.8371e-05, 2.0570e-05, 7.8917e-05, 5.6365e-05, 7.1101e-06, 2.3907e-05,
        5.9839e-05, 6.3709e-06, 6.7872e-06, 2.4509e-05, 5.8556e-05, 1.1592e-05,
        4.3829e-05, 1.4573e-04, 4.5915e-05, 6.7052e-06, 4.5867e-05, 2.6559e-04,
        2.5838e-04, 9.2605e-05, 1.4767e-05, 7.1994e-05, 3.4443e-05, 5.6549e-05,
        3.3041e-05, 1.3460e-04, 1.0013e-04, 2.7042e-05, 4.4433e-05, 3.0638e-05,
        7.6779e-05, 6.8481e-06, 1.8590e-05, 3.9693e-05, 1.2618e-04, 3.6066e-05,
        1.5725e-05, 1.1270e-05, 1.0919e-04, 2.5405e-05, 7.9521e-05, 6.6524e-05,
        1.9123e-04, 8.0241e-05, 7.6083e-05, 2.1766e-05, 1.4177e-05, 5.6395e-05,
        2.5263e-05, 6.7260e-05, 5.0864e-05, 1.4598e-04, 7.9245e-06, 1.6067e-05,
        1.5524e-04, 1.2728e-04, 3.8820e-05, 3.4930e-05, 5.2447e-05, 1.2993e-04,
        2.4109e-05, 1.8966e-05, 2.0876e-05, 5.7556e-07, 4.6407e-05, 5.9509e-05,
        1.6334e-04, 1.4999e-04, 8.5465e-05, 4.4909e-05, 1.2905e-04, 1.2370e-05,
        1.7000e-04, 2.7300e-05, 1.2511e-05, 5.4329e-05, 2.2008e-05],
       grad_fn=<CatBackward>)

mean_overall=tensor(6.1358e-05, grad_fn=<MeanBackward0>)

-----------------------------------------------ITERATION360-----------------------------------------------

final_causality=[[1, 1, 1, 1, 1, 1, 1, 1, 1, 1, 1, 1, 1], [1, 1, 1, 1, 1, 1, 1, 1, 1, 1, 1, 1, 1, 1, 1, 1, 1, 1, 1, 1, 1, 1, 1, 1, 1, 1, 1, 1, 1, 1, 1, 1, 1, 1, 1, 1, 1, 1, 1, 1, 1, 1, 1, 1, 1, 1, 1, 1, 1, 1], [1, 1, 1, 1, 1, 1, 1, 1, 1, 1, 1, 1, 1, 1, 1, 1, 1, 1, 1, 1, 1, 1, 1, 1, 1, 1, 1, 1, 1, 1, 1, 1, 1, 1, 1, 1, 1, 1, 1, 1, 1, 1, 1, 1, 1, 1, 1, 1, 1, 1]]

means=tensor([7.4318e-06, 2.1522e-05, 1.4762e-06, 2.6613e-04, 4.8276e-05, 4.8431e-06,
        8.6403e-05, 4.8503e-05, 2.5713e-04, 3.0317e-05, 2.1275e-05, 6.7755e-05,
        3.4168e-05, 1.2838e-05, 9.3612e-05, 4.9961e-05, 2.4313e-05, 1.5445e-04,
        1.2297e-04, 1.1690e-05, 1.9807e-05, 3.5490e-05, 4.8303e-05, 7.5461e-05,
        1.4058e-05, 1.0912e-05, 2.3575e-05, 4.9655e-05, 7.8999e-05, 2.5001e-05,
        5.1722e-05, 1.6949e-05, 4.1464e-05, 6.2754e-05, 1.3408e-04, 3.4554e-05,
        8.8463e-05, 2.0219e-05, 7.8603e-05, 5.6031e-05, 7.0947e-06, 2.3615e-05,
        5.9997e-05, 6.5424e-06, 6.8232e-06, 2.4555e-05, 5.8278e-05, 1.1927e-05,
        4.3766e-05, 1.4601e-04, 4.6084e-05, 6.6912e-06, 4.6042e-05, 2.6655e-04,
        2.5774e-04, 9.3085e-05, 1.4922e-05, 7.1931e-05, 3.4223e-05, 5.6426e-05,
        3.2920e-05, 1.3535e-04, 9.9933e-05, 2.7301e-05, 4.4278e-05, 3.0578e-05,
        7.6783e-05, 6.8181e-06, 1.8534e-05, 3.9696e-05, 1.2710e-04, 3.6042e-05,
        1.5726e-05, 1.1301e-05, 1.0913e-04, 2.5426e-05, 7.9297e-05, 6.6367e-05,
        1.9132e-04, 8.0065e-05, 7.5878e-05, 2.1789e-05, 1.4205e-05, 5.6383e-05,
        2.5343e-05, 6.7567e-05, 5.0847e-05, 1.4642e-04, 7.9276e-06, 1.6076e-05,
        1.5519e-04, 1.2779e-04, 3.8789e-05, 3.4779e-05, 5.2222e-05, 1.2994e-04,
        2.4064e-05, 1.8917e-05, 2.0858e-05, 5.7925e-07, 4.6570e-05, 5.9506e-05,
        1.6308e-04, 1.4930e-04, 8.5608e-05, 4.5070e-05, 1.2913e-04, 1.2416e-05,
        1.7017e-04, 2.7314e-05, 1.2487e-05, 5.4336e-05, 2.1997e-05],
       grad_fn=<CatBackward>)

mean_overall=tensor(6.1327e-05, grad_fn=<MeanBackward0>)

-----------------------------------------------ITERATION370-----------------------------------------------

final_causality=[[1, 1, 1, 1, 1, 1, 1, 1, 1, 1, 1, 1, 1], [1, 1, 1, 1, 1, 1, 1, 1, 1, 1, 1, 1, 1, 1, 1, 1, 1, 1, 1, 1, 1, 1, 1, 1, 1, 1, 1, 1, 1, 1, 1, 1, 1, 1, 1, 1, 1, 1, 1, 1, 1, 1, 1, 1, 1, 1, 1, 1, 1, 1], [1, 1, 1, 1, 1, 1, 1, 1, 1, 1, 1, 1, 1, 1, 1, 1, 1, 1, 1, 1, 1, 1, 1, 1, 1, 1, 1, 1, 1, 1, 1, 1, 1, 1, 1, 1, 1, 1, 1, 1, 1, 1, 1, 1, 1, 1, 1, 1, 1, 1]]

means=tensor([6.7012e-06, 2.3152e-05, 2.0971e-06, 2.6902e-04, 4.3890e-05, 5.3843e-06,
        8.5498e-05, 5.0320e-05, 2.5598e-04, 2.8810e-05, 1.9167e-05, 6.5628e-05,
        3.4951e-05, 1.2839e-05, 9.3880e-05, 5.0043e-05, 2.4257e-05, 1.5426e-04,
        1.2247e-04, 1.1418e-05, 1.9917e-05, 3.5434e-05, 4.8654e-05, 7.5841e-05,
        1.4238e-05, 1.0841e-05, 2.3307e-05, 4.9865e-05, 7.9202e-05, 2.4837e-05,
        5.1344e-05, 1.7004e-05, 4.1707e-05, 6.2944e-05, 1.3353e-04, 3.4198e-05,
        8.8550e-05, 1.9868e-05, 7.8294e-05, 5.5698e-05, 7.0803e-06, 2.3323e-05,
        6.0155e-05, 6.7152e-06, 6.8592e-06, 2.4601e-05, 5.7995e-05, 1.2265e-05,
        4.3707e-05, 1.4629e-04, 4.6254e-05, 6.6781e-06, 4.6216e-05, 2.6751e-04,
        2.5711e-04, 9.3570e-05, 1.5079e-05, 7.1866e-05, 3.4003e-05, 5.6303e-05,
        3.2804e-05, 1.3611e-04, 9.9736e-05, 2.7559e-05, 4.4124e-05, 3.0518e-05,
        7.6796e-05, 6.7882e-06, 1.8478e-05, 3.9699e-05, 1.2801e-04, 3.6019e-05,
        1.5728e-05, 1.1333e-05, 1.0908e-04, 2.5447e-05, 7.9071e-05, 6.6211e-05,
        1.9140e-04, 7.9894e-05, 7.5674e-05, 2.1813e-05, 1.4234e-05, 5.6371e-05,
        2.5424e-05, 6.7869e-05, 5.0832e-05, 1.4685e-04, 7.9304e-06, 1.6084e-05,
        1.5515e-04, 1.2830e-04, 3.8758e-05, 3.4631e-05, 5.1998e-05, 1.2996e-04,
        2.4020e-05, 1.8868e-05, 2.0839e-05, 5.8309e-07, 4.6733e-05, 5.9503e-05,
        1.6282e-04, 1.4861e-04, 8.5753e-05, 4.5232e-05, 1.2921e-04, 1.2462e-05,
        1.7034e-04, 2.7327e-05, 1.2464e-05, 5.4343e-05, 2.1985e-05],
       grad_fn=<CatBackward>)

mean_overall=tensor(6.1295e-05, grad_fn=<MeanBackward0>)

-----------------------------------------------ITERATION380-----------------------------------------------

final_causality=[[1, 1, 1, 1, 1, 1, 1, 1, 1, 1, 1, 1, 1], [1, 1, 1, 1, 1, 1, 1, 1, 1, 1, 1, 1, 1, 1, 1, 1, 1, 1, 1, 1, 1, 1, 1, 1, 1, 1, 1, 1, 1, 1, 1, 1, 1, 1, 1, 1, 1, 1, 1, 1, 1, 1, 1, 1, 1, 1, 1, 1, 1, 1], [1, 1, 1, 1, 1, 1, 1, 1, 1, 1, 1, 1, 1, 1, 1, 1, 1, 1, 1, 1, 1, 1, 1, 1, 1, 1, 1, 1, 1, 1, 1, 1, 1, 1, 1, 1, 1, 1, 1, 1, 1, 1, 1, 1, 1, 1, 1, 1, 1, 1]]

means=tensor([5.9705e-06, 2.4774e-05, 2.6994e-06, 2.7183e-04, 3.9482e-05, 5.9320e-06,
        8.4589e-05, 5.2129e-05, 2.5484e-04, 2.7274e-05, 1.7043e-05, 6.3488e-05,
        3.5733e-05, 1.2840e-05, 9.4148e-05, 5.0125e-05, 2.4200e-05, 1.5406e-04,
        1.2198e-04, 1.1147e-05, 2.0028e-05, 3.5380e-05, 4.9007e-05, 7.6222e-05,
        1.4418e-05, 1.0771e-05, 2.3038e-05, 5.0074e-05, 7.9401e-05, 2.4675e-05,
        5.0968e-05, 1.7058e-05, 4.1952e-05, 6.3131e-05, 1.3298e-04, 3.3843e-05,
        8.8630e-05, 1.9518e-05, 7.7990e-05, 5.5366e-05, 7.0669e-06, 2.3031e-05,
        6.0314e-05, 6.8892e-06, 6.8952e-06, 2.4648e-05, 5.7709e-05, 1.2606e-05,
        4.3650e-05, 1.4657e-04, 4.6423e-05, 6.6659e-06, 4.6389e-05, 2.6847e-04,
        2.5648e-04, 9.4058e-05, 1.5238e-05, 7.1798e-05, 3.3783e-05, 5.6182e-05,
        3.2691e-05, 1.3688e-04, 9.9543e-05, 2.7817e-05, 4.3972e-05, 3.0459e-05,
        7.6831e-05, 6.7585e-06, 1.8423e-05, 3.9702e-05, 1.2891e-04, 3.5997e-05,
        1.5729e-05, 1.1365e-05, 1.0904e-04, 2.5469e-05, 7.8842e-05, 6.6057e-05,
        1.9148e-04, 7.9728e-05, 7.5470e-05, 2.1837e-05, 1.4261e-05, 5.6359e-05,
        2.5504e-05, 6.8164e-05, 5.0817e-05, 1.4729e-04, 7.9330e-06, 1.6093e-05,
        1.5510e-04, 1.2880e-04, 3.8728e-05, 3.4486e-05, 5.1775e-05, 1.2997e-04,
        2.3976e-05, 1.8820e-05, 2.0821e-05, 5.8710e-07, 4.6896e-05, 5.9501e-05,
        1.6257e-04, 1.4793e-04, 8.5901e-05, 4.5395e-05, 1.2929e-04, 1.2508e-05,
        1.7051e-04, 2.7340e-05, 1.2442e-05, 5.4351e-05, 2.1972e-05],
       grad_fn=<CatBackward>)

mean_overall=tensor(6.1263e-05, grad_fn=<MeanBackward0>)

-----------------------------------------------ITERATION390-----------------------------------------------

final_causality=[[1, 1, 1, 1, 1, 1, 1, 1, 1, 1, 1, 1, 1], [1, 1, 1, 1, 1, 1, 1, 1, 1, 1, 1, 1, 1, 1, 1, 1, 1, 1, 1, 1, 1, 1, 1, 1, 1, 1, 1, 1, 1, 1, 1, 1, 1, 1, 1, 1, 1, 1, 1, 1, 1, 1, 1, 1, 1, 1, 1, 1, 1, 1], [1, 1, 1, 1, 1, 1, 1, 1, 1, 1, 1, 1, 1, 1, 1, 1, 1, 1, 1, 1, 1, 1, 1, 1, 1, 1, 1, 1, 1, 1, 1, 1, 1, 1, 1, 1, 1, 1, 1, 1, 1, 1, 1, 1, 1, 1, 1, 1, 1, 1]]

means=tensor([5.2402e-06, 2.6385e-05, 3.2820e-06, 2.7456e-04, 3.5053e-05, 6.4860e-06,
        8.3676e-05, 5.3930e-05, 2.5372e-04, 2.5709e-05, 1.4904e-05, 6.1336e-05,
        3.6513e-05, 1.2841e-05, 9.4414e-05, 5.0207e-05, 2.4144e-05, 1.5385e-04,
        1.2149e-04, 1.0876e-05, 2.0141e-05, 3.5329e-05, 4.9362e-05, 7.6603e-05,
        1.4597e-05, 1.0703e-05, 2.2768e-05, 5.0282e-05, 7.9598e-05, 2.4513e-05,
        5.0595e-05, 1.7111e-05, 4.2197e-05, 6.3316e-05, 1.3244e-04, 3.3489e-05,
        8.8703e-05, 1.9168e-05, 7.7690e-05, 5.5035e-05, 7.0547e-06, 2.2738e-05,
        6.0475e-05, 7.0642e-06, 6.9313e-06, 2.4697e-05, 5.7419e-05, 1.2951e-05,
        4.3596e-05, 1.4685e-04, 4.6592e-05, 6.6546e-06, 4.6561e-05, 2.6943e-04,
        2.5586e-04, 9.4550e-05, 1.5398e-05, 7.1727e-05, 3.3561e-05, 5.6063e-05,
        3.2582e-05, 1.3765e-04, 9.9354e-05, 2.8075e-05, 4.3821e-05, 3.0400e-05,
        7.6866e-05, 6.7290e-06, 1.8368e-05, 3.9705e-05, 1.2981e-04, 3.5976e-05,
        1.5730e-05, 1.1396e-05, 1.0901e-04, 2.5491e-05, 7.8611e-05, 6.5904e-05,
        1.9155e-04, 7.9566e-05, 7.5267e-05, 2.1862e-05, 1.4289e-05, 5.6346e-05,
        2.5584e-05, 6.8454e-05, 5.0802e-05, 1.4772e-04, 7.9354e-06, 1.6102e-05,
        1.5506e-04, 1.2928e-04, 3.8699e-05, 3.4343e-05, 5.1555e-05, 1.2999e-04,
        2.3932e-05, 1.8773e-05, 2.0802e-05, 5.9126e-07, 4.7060e-05, 5.9500e-05,
        1.6231e-04, 1.4726e-04, 8.6051e-05, 4.5559e-05, 1.2937e-04, 1.2554e-05,
        1.7068e-04, 2.7352e-05, 1.2419e-05, 5.4358e-05, 2.1958e-05],
       grad_fn=<CatBackward>)

mean_overall=tensor(6.1229e-05, grad_fn=<MeanBackward0>)

-----------------------------------------------ITERATION400-----------------------------------------------

final_causality=[[1, 1, 1, 1, 1, 1, 1, 1, 1, 1, 1, 1, 1], [1, 1, 1, 1, 1, 1, 1, 1, 1, 1, 1, 1, 1, 1, 1, 1, 1, 1, 1, 1, 1, 1, 1, 1, 1, 1, 1, 1, 1, 1, 1, 1, 1, 1, 1, 1, 1, 1, 1, 1, 1, 1, 1, 1, 1, 1, 1, 1, 1, 1], [1, 1, 1, 1, 1, 1, 1, 1, 1, 1, 1, 1, 1, 1, 1, 1, 1, 1, 1, 1, 1, 1, 1, 1, 1, 1, 1, 1, 1, 1, 1, 1, 1, 1, 1, 1, 1, 1, 1, 1, 1, 1, 1, 1, 1, 1, 1, 1, 1, 1]]

means=tensor([4.5104e-06, 2.7986e-05, 3.8441e-06, 2.7720e-04, 3.0606e-05, 7.0461e-06,
        8.2758e-05, 5.5721e-05, 2.5262e-04, 2.4115e-05, 1.2752e-05, 5.9173e-05,
        3.7290e-05, 1.2842e-05, 9.4678e-05, 5.0290e-05, 2.4089e-05, 1.5364e-04,
        1.2101e-04, 1.0607e-05, 2.0255e-05, 3.5280e-05, 4.9719e-05, 7.6984e-05,
        1.4777e-05, 1.0635e-05, 2.2498e-05, 5.0487e-05, 7.9792e-05, 2.4353e-05,
        5.0225e-05, 1.7164e-05, 4.2442e-05, 6.3498e-05, 1.3189e-04, 3.3137e-05,
        8.8769e-05, 1.8819e-05, 7.7396e-05, 5.4706e-05, 7.0436e-06, 2.2445e-05,
        6.0636e-05, 7.2403e-06, 6.9673e-06, 2.4747e-05, 5.7125e-05, 1.3300e-05,
        4.3546e-05, 1.4713e-04, 4.6761e-05, 6.6442e-06, 4.6732e-05, 2.7038e-04,
        2.5526e-04, 9.5045e-05, 1.5560e-05, 7.1654e-05, 3.3340e-05, 5.5945e-05,
        3.2477e-05, 1.3843e-04, 9.9168e-05, 2.8332e-05, 4.3672e-05, 3.0342e-05,
        7.6901e-05, 6.6998e-06, 1.8314e-05, 3.9709e-05, 1.3070e-04, 3.5957e-05,
        1.5731e-05, 1.1427e-05, 1.0899e-04, 2.5513e-05, 7.8379e-05, 6.5754e-05,
        1.9163e-04, 7.9501e-05, 7.5064e-05, 2.1886e-05, 1.4316e-05, 5.6334e-05,
        2.5663e-05, 6.8737e-05, 5.0788e-05, 1.4816e-04, 7.9376e-06, 1.6111e-05,
        1.5502e-04, 1.2976e-04, 3.8671e-05, 3.4204e-05, 5.1336e-05, 1.3001e-04,
        2.3889e-05, 1.8726e-05, 2.0784e-05, 5.9558e-07, 4.7223e-05, 5.9499e-05,
        1.6206e-04, 1.4659e-04, 8.6203e-05, 4.5724e-05, 1.2945e-04, 1.2600e-05,
        1.7085e-04, 2.7364e-05, 1.2397e-05, 5.4365e-05, 2.1943e-05],
       grad_fn=<CatBackward>)

mean_overall=tensor(6.1195e-05, grad_fn=<MeanBackward0>)

-----------------------------------------------ITERATION410-----------------------------------------------

final_causality=[[1, 1, 1, 1, 1, 1, 1, 1, 1, 1, 1, 1, 1], [1, 1, 1, 1, 1, 1, 1, 1, 1, 1, 1, 1, 1, 1, 1, 1, 1, 1, 1, 1, 1, 1, 1, 1, 1, 1, 1, 1, 1, 1, 1, 1, 1, 1, 1, 1, 1, 1, 1, 1, 1, 1, 1, 1, 1, 1, 1, 1, 1, 1], [1, 1, 1, 1, 1, 1, 1, 1, 1, 1, 1, 1, 1, 1, 1, 1, 1, 1, 1, 1, 1, 1, 1, 1, 1, 1, 1, 1, 1, 1, 1, 1, 1, 1, 1, 1, 1, 1, 1, 1, 1, 1, 1, 1, 1, 1, 1, 1, 1, 1]]

means=tensor([3.7812e-06, 2.9576e-05, 4.3851e-06, 2.7975e-04, 2.6142e-05, 7.6123e-06,
        8.1838e-05, 5.7502e-05, 2.5153e-04, 2.2492e-05, 1.0585e-05, 5.7000e-05,
        3.8066e-05, 1.2844e-05, 9.4941e-05, 5.0373e-05, 2.4033e-05, 1.5342e-04,
        1.2053e-04, 1.0339e-05, 2.0371e-05, 3.5235e-05, 5.0078e-05, 7.7365e-05,
        1.4956e-05, 1.0568e-05, 2.2228e-05, 5.0691e-05, 7.9983e-05, 2.4194e-05,
        4.9859e-05, 1.7216e-05, 4.2688e-05, 6.3677e-05, 1.3135e-04, 3.2787e-05,
        8.8829e-05, 1.8470e-05, 7.7107e-05, 5.4378e-05, 7.0337e-06, 2.2151e-05,
        6.0798e-05, 7.4172e-06, 7.0034e-06, 2.4798e-05, 5.6828e-05, 1.3652e-05,
        4.3499e-05, 1.4741e-04, 4.6929e-05, 6.6348e-06, 4.6901e-05, 2.7134e-04,
        2.5466e-04, 9.5543e-05, 1.5723e-05, 7.1579e-05, 3.3117e-05, 5.5829e-05,
        3.2377e-05, 1.3922e-04, 9.8986e-05, 2.8590e-05, 4.3525e-05, 3.0285e-05,
        7.6938e-05, 6.6708e-06, 1.8259e-05, 3.9712e-05, 1.3158e-04, 3.5939e-05,
        1.5731e-05, 1.1458e-05, 1.0898e-04, 2.5536e-05, 7.8144e-05, 6.5604e-05,
        1.9170e-04, 7.9456e-05, 7.4862e-05, 2.1912e-05, 1.4342e-05, 5.6321e-05,
        2.5742e-05, 6.9013e-05, 5.0775e-05, 1.4859e-04, 7.9396e-06, 1.6120e-05,
        1.5497e-04, 1.3022e-04, 3.8643e-05, 3.4069e-05, 5.1119e-05, 1.3003e-04,
        2.3846e-05, 1.8695e-05, 2.0766e-05, 6.0006e-07, 4.7386e-05, 5.9499e-05,
        1.6182e-04, 1.4593e-04, 8.6357e-05, 4.5889e-05, 1.2953e-04, 1.2646e-05,
        1.7102e-04, 2.7375e-05, 1.2375e-05, 5.4373e-05, 2.1928e-05],
       grad_fn=<CatBackward>)

mean_overall=tensor(6.1159e-05, grad_fn=<MeanBackward0>)

-----------------------------------------------ITERATION420-----------------------------------------------

final_causality=[[1, 1, 1, 1, 1, 1, 1, 1, 1, 1, 1, 1, 1], [1, 1, 1, 1, 1, 1, 1, 1, 1, 1, 1, 1, 1, 1, 1, 1, 1, 1, 1, 1, 1, 1, 1, 1, 1, 1, 1, 1, 1, 1, 1, 1, 1, 1, 1, 1, 1, 1, 1, 1, 1, 1, 1, 1, 1, 1, 1, 1, 1, 1], [1, 1, 1, 1, 1, 1, 1, 1, 1, 1, 1, 1, 1, 1, 1, 1, 1, 1, 1, 1, 1, 1, 1, 1, 1, 1, 1, 1, 1, 1, 1, 1, 1, 1, 1, 1, 1, 1, 1, 1, 1, 1, 1, 1, 1, 1, 1, 1, 1, 1]]

means=tensor([3.0529e-06, 3.1154e-05, 4.9043e-06, 2.8221e-04, 2.1661e-05, 8.1844e-06,
        8.0914e-05, 5.9271e-05, 2.5047e-04, 2.0840e-05, 8.4056e-06, 5.4817e-05,
        3.8838e-05, 1.2846e-05, 9.5202e-05, 5.0456e-05, 2.3979e-05, 1.5320e-04,
        1.2005e-04, 1.0072e-05, 2.0489e-05, 3.5193e-05, 5.0438e-05, 7.7746e-05,
        1.5134e-05, 1.0503e-05, 2.1958e-05, 5.0893e-05, 8.0170e-05, 2.4037e-05,
        4.9495e-05, 1.7268e-05, 4.2934e-05, 6.3853e-05, 1.3082e-04, 3.2439e-05,
        8.8881e-05, 1.8123e-05, 7.6823e-05, 5.4052e-05, 7.0249e-06, 2.1858e-05,
        6.0962e-05, 7.5951e-06, 7.0393e-06, 2.4849e-05, 5.6527e-05, 1.4007e-05,
        4.3455e-05, 1.4770e-04, 4.7097e-05, 6.6262e-06, 4.7068e-05, 2.7229e-04,
        2.5407e-04, 9.6044e-05, 1.5927e-05, 7.1502e-05, 3.2895e-05, 5.5714e-05,
        3.2280e-05, 1.4001e-04, 9.8808e-05, 2.8846e-05, 4.3379e-05, 3.0228e-05,
        7.6974e-05, 6.6421e-06, 1.8206e-05, 3.9715e-05, 1.3245e-04, 3.5922e-05,
        1.5732e-05, 1.1489e-05, 1.0898e-04, 2.5560e-05, 7.7908e-05, 6.5457e-05,
        1.9177e-04, 7.9413e-05, 7.4661e-05, 2.1937e-05, 1.4369e-05, 5.6307e-05,
        2.5821e-05, 6.9283e-05, 5.0762e-05, 1.4902e-04, 7.9413e-06, 1.6129e-05,
        1.5493e-04, 1.3067e-04, 3.8617e-05, 3.3936e-05, 5.0904e-05, 1.3005e-04,
        2.3803e-05, 1.8790e-05, 2.0747e-05, 6.0470e-07, 4.7550e-05, 5.9500e-05,
        1.6157e-04, 1.4527e-04, 8.6514e-05, 4.6055e-05, 1.2961e-04, 1.2692e-05,
        1.7119e-04, 2.7386e-05, 1.2354e-05, 5.4380e-05, 2.1911e-05],
       grad_fn=<CatBackward>)

mean_overall=tensor(6.1124e-05, grad_fn=<MeanBackward0>)

-----------------------------------------------ITERATION430-----------------------------------------------

final_causality=[[1, 1, 1, 1, 1, 1, 1, 1, 1, 1, 1, 1, 1], [1, 1, 1, 1, 1, 1, 1, 1, 1, 1, 1, 1, 1, 1, 1, 1, 1, 1, 1, 1, 1, 1, 1, 1, 1, 1, 1, 1, 1, 1, 1, 1, 1, 1, 1, 1, 1, 1, 1, 1, 1, 1, 1, 1, 1, 1, 1, 1, 1, 1], [1, 1, 1, 1, 1, 1, 1, 1, 1, 1, 1, 1, 1, 1, 1, 1, 1, 1, 1, 1, 1, 1, 1, 1, 1, 1, 1, 1, 1, 1, 1, 1, 1, 1, 1, 1, 1, 1, 1, 1, 1, 1, 1, 1, 1, 1, 1, 1, 1, 1]]

means=tensor([2.3256e-06, 3.2720e-05, 5.4010e-06, 2.8458e-04, 1.7165e-05, 8.7623e-06,
        7.9988e-05, 6.1029e-05, 2.4942e-04, 1.9160e-05, 6.2135e-06, 5.2625e-05,
        3.9607e-05, 1.2849e-05, 9.5461e-05, 5.0540e-05, 2.3924e-05, 1.5297e-04,
        1.1958e-04, 9.8057e-06, 2.0608e-05, 3.5154e-05, 5.0800e-05, 7.8126e-05,
        1.5313e-05, 1.0438e-05, 2.1687e-05, 5.1092e-05, 8.0354e-05, 2.3881e-05,
        4.9136e-05, 1.7318e-05, 4.3181e-05, 6.4025e-05, 1.3029e-04, 3.2092e-05,
        8.8927e-05, 1.7777e-05, 7.6544e-05, 5.3727e-05, 7.0172e-06, 2.1564e-05,
        6.1126e-05, 7.7737e-06, 7.0753e-06, 2.4902e-05, 5.6222e-05, 1.4365e-05,
        4.3415e-05, 1.4798e-04, 4.7264e-05, 6.6186e-06, 4.7234e-05, 2.7324e-04,
        2.5350e-04, 9.6547e-05, 1.6134e-05, 7.1422e-05, 3.2672e-05, 5.5602e-05,
        3.2188e-05, 1.4081e-04, 9.8634e-05, 2.9102e-05, 4.3236e-05, 3.0172e-05,
        7.7011e-05, 6.6136e-06, 1.8153e-05, 3.9719e-05, 1.3331e-04, 3.5907e-05,
        1.5732e-05, 1.1519e-05, 1.0899e-04, 2.5584e-05, 7.7670e-05, 6.5311e-05,
        1.9184e-04, 7.9371e-05, 7.4461e-05, 2.1964e-05, 1.4395e-05, 5.6293e-05,
        2.5899e-05, 6.9546e-05, 5.0750e-05, 1.4945e-04, 7.9429e-06, 1.6138e-05,
        1.5488e-04, 1.3111e-04, 3.8591e-05, 3.3807e-05, 5.0691e-05, 1.3007e-04,
        2.3760e-05, 1.8885e-05, 2.0729e-05, 6.0951e-07, 4.7713e-05, 5.9501e-05,
        1.6133e-04, 1.4463e-04, 8.6672e-05, 4.6221e-05, 1.2969e-04, 1.2751e-05,
        1.7136e-04, 2.7396e-05, 1.2333e-05, 5.4387e-05, 2.1894e-05],
       grad_fn=<CatBackward>)

mean_overall=tensor(6.1088e-05, grad_fn=<MeanBackward0>)

-----------------------------------------------ITERATION440-----------------------------------------------

final_causality=[[1, 1, 1, 1, 1, 1, 1, 1, 1, 1, 1, 1, 1], [1, 1, 1, 1, 1, 1, 1, 1, 1, 1, 1, 1, 1, 1, 1, 1, 1, 1, 1, 1, 1, 1, 1, 1, 1, 1, 1, 1, 1, 1, 1, 1, 1, 1, 1, 1, 1, 1, 1, 1, 1, 1, 1, 1, 1, 1, 1, 1, 1, 1], [1, 1, 1, 1, 1, 1, 1, 1, 1, 1, 1, 1, 1, 1, 1, 1, 1, 1, 1, 1, 1, 1, 1, 1, 1, 1, 1, 1, 1, 1, 1, 1, 1, 1, 1, 1, 1, 1, 1, 1, 1, 1, 1, 1, 1, 1, 1, 1, 1, 1]]

means=tensor([1.5995e-06, 3.4273e-05, 5.8747e-06, 2.8685e-04, 1.2655e-05, 9.3460e-06,
        7.9059e-05, 6.2774e-05, 2.4839e-04, 1.7451e-05, 4.0095e-06, 5.0424e-05,
        4.0371e-05, 1.2852e-05, 9.5717e-05, 5.0623e-05, 2.3870e-05, 1.5274e-04,
        1.1910e-04, 9.5411e-06, 2.0729e-05, 3.5118e-05, 5.1163e-05, 7.8506e-05,
        1.5490e-05, 1.0375e-05, 2.1416e-05, 5.1290e-05, 8.0535e-05, 2.3727e-05,
        4.8780e-05, 1.7368e-05, 4.3427e-05, 6.4195e-05, 1.2976e-04, 3.1747e-05,
        8.8965e-05, 1.7432e-05, 7.6271e-05, 5.3404e-05, 7.0107e-06, 2.1271e-05,
        6.1290e-05, 7.9530e-06, 7.1111e-06, 2.4956e-05, 5.5914e-05, 1.4726e-05,
        4.3378e-05, 1.4826e-04, 4.7431e-05, 6.6120e-06, 4.7398e-05, 2.7418e-04,
        2.5293e-04, 9.7053e-05, 1.6344e-05, 7.1339e-05, 3.2449e-05, 5.5491e-05,
        3.2099e-05, 1.4161e-04, 9.8465e-05, 2.9358e-05, 4.3094e-05, 3.0117e-05,
        7.7049e-05, 6.5855e-06, 1.8100e-05, 3.9723e-05, 1.3416e-04, 3.5893e-05,
        1.5732e-05, 1.1550e-05, 1.0902e-04, 2.5608e-05, 7.7430e-05, 6.5167e-05,
        1.9190e-04, 7.9332e-05, 7.4262e-05, 2.1990e-05, 1.4420e-05, 5.6279e-05,
        2.5977e-05, 6.9801e-05, 5.0739e-05, 1.4988e-04, 7.9442e-06, 1.6147e-05,
        1.5483e-04, 1.3154e-04, 3.8566e-05, 3.3682e-05, 5.0481e-05, 1.3010e-04,
        2.3718e-05, 1.8978e-05, 2.0710e-05, 6.1447e-07, 4.7876e-05, 5.9502e-05,
        1.6110e-04, 1.4399e-04, 8.6833e-05, 4.6388e-05, 1.2977e-04, 1.2817e-05,
        1.7152e-04, 2.7406e-05, 1.2312e-05, 5.4394e-05, 2.1875e-05],
       grad_fn=<CatBackward>)

mean_overall=tensor(6.1051e-05, grad_fn=<MeanBackward0>)

