-----------------------------------------------ITERATION0-----------------------------------------------

final_causality=[[1, 1, 1, 1, 1, 1, 1, 1, 1, 1, 1, 1, 1], [1, 1, 1, 1, 1, 1, 1, 1, 1, 1, 1, 1, 1, 1, 1, 1, 1, 1, 1, 1, 1, 1, 1, 1, 1, 1, 1, 1, 1, 1, 1, 1, 1, 1, 1, 1, 1, 1, 1, 1, 1, 1, 1, 1, 1, 1, 1, 1, 1, 1], [1, 1, 1, 1, 1, 1, 1, 1, 1, 1, 1, 1, 1, 1, 1, 1, 1, 1, 1, 1, 1, 1, 1, 1, 1, 1, 1, 1, 1, 1, 1, 1, 1, 1, 1, 1, 1, 1, 1, 1, 1, 1, 1, 1, 1, 1, 1, 1, 1, 1]]

means=tensor([1.5530e-05, 5.3818e-05, 7.3505e-05, 1.5573e-04, 8.2463e-05, 6.0741e-05,
        2.7153e-04, 1.0035e-05, 1.2357e-04, 1.2944e-04, 7.7855e-05, 5.3449e-05,
        8.0365e-05, 2.7507e-06, 6.4115e-05, 1.0010e-05, 5.4665e-05, 2.3245e-06,
        7.5312e-05, 1.6610e-04, 1.1317e-04, 3.4544e-05, 9.8067e-07, 1.9161e-05,
        2.2810e-05, 5.6607e-05, 4.2109e-05, 6.1305e-05, 1.8879e-05, 5.9044e-05,
        7.4238e-05, 3.6968e-05, 1.7484e-04, 7.2289e-05, 1.1415e-04, 1.0012e-04,
        5.7622e-05, 7.8555e-05, 1.1060e-04, 3.5046e-05, 9.1110e-05, 4.5375e-05,
        3.1750e-05, 8.4372e-06, 5.1605e-05, 3.5081e-05, 4.2070e-05, 9.5294e-06,
        4.7489e-06, 1.0861e-04, 2.4697e-04, 1.2657e-06, 1.8096e-05, 6.9235e-05,
        2.7426e-05, 6.6410e-05, 9.7141e-05, 1.2315e-04, 1.1017e-04, 7.6718e-05,
        2.3693e-05, 3.4467e-06, 6.7399e-05, 7.9747e-06, 3.2115e-05, 8.4691e-05,
        8.3979e-05, 6.9051e-05, 1.1906e-05, 3.7309e-05, 3.4515e-05, 5.3749e-05,
        1.9259e-04, 1.2338e-04, 3.4543e-05, 8.8651e-06, 3.3954e-05, 1.5348e-04,
        1.7272e-05, 1.6213e-04, 4.1000e-06, 7.2457e-05, 1.4895e-04, 2.3959e-05,
        1.3438e-04, 7.9781e-06, 8.9504e-05, 7.8425e-06, 7.9109e-05, 2.0546e-05,
        2.0698e-05, 2.8632e-05, 2.9322e-05, 7.1571e-05, 7.5583e-05, 1.1985e-05,
        4.9785e-05, 2.0552e-05, 8.6236e-06, 3.8398e-05, 2.2740e-05, 3.4961e-05,
        2.3721e-05, 4.0609e-05, 1.7324e-04, 1.8648e-06, 3.9748e-05, 4.2820e-05,
        4.3541e-05, 1.3384e-04, 6.3490e-05, 1.2204e-04, 1.1303e-04],
       grad_fn=<CatBackward>)

mean_overall=tensor(6.3247e-05, grad_fn=<MeanBackward0>)

-----------------------------------------------ITERATION10-----------------------------------------------

final_causality=[[1, 1, 1, 1, 1, 1, 1, 1, 1, 1, 1, 1, 1], [1, 1, 1, 1, 1, 1, 1, 1, 1, 1, 1, 1, 1, 1, 1, 1, 1, 1, 1, 1, 1, 1, 1, 1, 1, 1, 1, 1, 1, 1, 1, 1, 1, 1, 1, 1, 1, 1, 1, 1, 1, 1, 1, 1, 1, 1, 1, 1, 1, 1], [1, 1, 1, 1, 1, 1, 1, 1, 1, 1, 1, 1, 1, 1, 1, 1, 1, 1, 1, 1, 1, 1, 1, 1, 1, 1, 1, 1, 1, 1, 1, 1, 1, 1, 1, 1, 1, 1, 1, 1, 1, 1, 1, 1, 1, 1, 1, 1, 1, 1]]

means=tensor([6.2705e-05, 6.5858e-05, 1.6700e-04, 2.6889e-04, 1.0566e-04, 6.7188e-05,
        3.5356e-04, 3.8969e-05, 2.2282e-04, 2.5909e-04, 1.3529e-04, 1.1538e-04,
        1.0877e-04, 1.7079e-05, 9.1666e-05, 2.8673e-05, 6.4369e-05, 3.0286e-05,
        1.1528e-04, 1.4931e-04, 1.2769e-04, 5.5099e-05, 1.6058e-05, 5.1405e-07,
        8.3361e-06, 8.1294e-05, 2.4270e-05, 8.6862e-05, 3.2850e-05, 7.5708e-05,
        1.0982e-04, 4.3837e-05, 1.7423e-04, 9.7566e-05, 1.2091e-04, 1.1851e-04,
        3.1537e-05, 8.8479e-05, 1.3748e-04, 5.6233e-05, 1.1958e-04, 6.8109e-05,
        2.5410e-06, 2.1373e-05, 7.1880e-05, 5.2034e-05, 6.2934e-05, 5.8058e-06,
        3.3521e-05, 1.0247e-04, 2.2026e-04, 2.6035e-05, 3.7350e-05, 9.2445e-05,
        4.7509e-05, 6.0513e-05, 1.2420e-04, 1.4544e-04, 1.1497e-04, 1.2004e-04,
        2.0036e-05, 2.2189e-05, 9.2921e-05, 5.7519e-06, 3.4550e-05, 9.5929e-05,
        8.0513e-05, 7.1594e-05, 7.4025e-06, 3.3425e-05, 4.1729e-05, 6.3149e-05,
        2.1776e-04, 1.1535e-04, 3.0159e-05, 6.0746e-06, 3.1108e-05, 1.5726e-04,
        1.4636e-05, 1.7690e-04, 1.0594e-05, 6.8160e-05, 1.4971e-04, 2.6310e-05,
        1.3839e-04, 4.8499e-06, 1.0518e-04, 4.7644e-06, 8.9636e-05, 1.6235e-05,
        1.6310e-05, 2.4377e-05, 3.7108e-05, 6.4691e-05, 7.6709e-05, 1.7900e-05,
        4.9256e-05, 1.4454e-05, 1.0827e-05, 3.6394e-05, 2.6150e-05, 2.9041e-05,
        2.7886e-05, 3.8909e-05, 1.8612e-04, 5.5200e-06, 4.5597e-05, 4.0572e-05,
        4.7573e-05, 1.4643e-04, 5.8049e-05, 1.0822e-04, 1.1138e-04],
       grad_fn=<CatBackward>)

mean_overall=tensor(7.6423e-05, grad_fn=<MeanBackward0>)

-----------------------------------------------ITERATION20-----------------------------------------------

final_causality=[[1, 1, 1, 1, 1, 1, 1, 1, 1, 1, 1, 1, 1], [1, 1, 1, 1, 1, 1, 1, 1, 1, 1, 1, 1, 1, 1, 1, 1, 1, 1, 1, 1, 1, 1, 1, 1, 1, 1, 1, 1, 1, 1, 1, 1, 1, 1, 1, 1, 1, 1, 1, 1, 1, 1, 1, 1, 1, 1, 1, 1, 1, 1], [1, 1, 1, 1, 1, 1, 1, 1, 1, 1, 1, 1, 1, 1, 1, 1, 1, 1, 1, 1, 1, 1, 1, 1, 1, 1, 1, 1, 1, 1, 1, 1, 1, 1, 1, 1, 1, 1, 1, 1, 1, 1, 1, 1, 1, 1, 1, 1, 1, 1]]

means=tensor([9.7475e-05, 1.0259e-04, 2.5776e-04, 4.1752e-04, 1.8667e-04, 1.2254e-04,
        4.9895e-04, 7.2849e-05, 3.6502e-04, 3.5929e-04, 2.6201e-04, 2.1491e-04,
        1.9255e-04, 3.7103e-05, 1.2325e-04, 1.3560e-05, 6.2414e-05, 5.6747e-05,
        1.5349e-04, 1.7659e-04, 1.6819e-04, 6.6764e-05, 3.3092e-05, 1.8228e-05,
        1.8435e-05, 1.0458e-04, 3.4177e-05, 1.0798e-04, 6.1958e-05, 9.1189e-05,
        1.4553e-04, 6.8781e-05, 2.1021e-04, 1.2607e-04, 1.4392e-04, 1.3694e-04,
        4.0915e-05, 1.1893e-04, 1.7406e-04, 7.2990e-05, 1.4093e-04, 8.6490e-05,
        1.2128e-05, 5.5162e-05, 9.2827e-05, 5.9803e-05, 8.1310e-05, 2.4670e-05,
        5.1152e-05, 1.2384e-04, 2.5966e-04, 4.5589e-05, 5.9727e-05, 1.1861e-04,
        5.4489e-05, 9.4072e-05, 1.5375e-04, 1.6957e-04, 1.4491e-04, 1.5021e-04,
        3.9017e-05, 3.9613e-05, 1.1957e-04, 6.8312e-06, 3.5990e-05, 1.0737e-04,
        8.0561e-05, 8.4224e-05, 6.9873e-06, 3.1798e-05, 4.6977e-05, 7.2527e-05,
        2.4851e-04, 1.0447e-04, 3.0662e-05, 7.4213e-06, 3.6931e-05, 1.7059e-04,
        1.5135e-05, 2.0334e-04, 1.6372e-05, 6.6974e-05, 1.7177e-04, 2.8976e-05,
        1.3745e-04, 5.4706e-06, 1.3411e-04, 8.7576e-06, 9.9190e-05, 1.6227e-05,
        1.8381e-05, 2.4513e-05, 4.1841e-05, 6.1434e-05, 9.1413e-05, 2.1333e-05,
        5.8220e-05, 1.4025e-05, 1.1259e-05, 4.0778e-05, 2.7542e-05, 2.6525e-05,
        3.1743e-05, 3.2473e-05, 2.0012e-04, 8.5234e-06, 5.2702e-05, 4.1875e-05,
        7.0705e-05, 1.7002e-04, 5.8645e-05, 9.5678e-05, 1.1737e-04],
       grad_fn=<CatBackward>)

mean_overall=tensor(9.8992e-05, grad_fn=<MeanBackward0>)

-----------------------------------------------ITERATION30-----------------------------------------------

final_causality=[[1, 1, 1, 1, 1, 1, 1, 1, 1, 1, 1, 1, 1], [1, 1, 1, 1, 1, 1, 1, 1, 1, 1, 1, 1, 1, 1, 1, 1, 1, 1, 1, 1, 1, 1, 1, 1, 1, 1, 1, 1, 1, 1, 1, 1, 1, 1, 1, 1, 1, 1, 1, 1, 1, 1, 1, 1, 1, 1, 1, 1, 1, 1], [1, 1, 1, 1, 1, 1, 1, 1, 1, 1, 1, 1, 1, 1, 1, 1, 1, 1, 1, 1, 1, 1, 1, 1, 1, 1, 1, 1, 1, 1, 1, 1, 1, 1, 1, 1, 1, 1, 1, 1, 1, 1, 1, 1, 1, 1, 1, 1, 1, 1]]

means=tensor([1.4007e-04, 1.5496e-04, 3.7470e-04, 6.0039e-04, 3.0774e-04, 2.0397e-04,
        6.8927e-04, 1.2319e-04, 5.4966e-04, 4.8592e-04, 4.3206e-04, 3.5374e-04,
        3.0591e-04, 6.1425e-05, 1.5899e-04, 1.0520e-05, 5.7727e-05, 8.5699e-05,
        1.9589e-04, 2.1333e-04, 2.1342e-04, 8.0668e-05, 5.3579e-05, 4.0968e-05,
        3.6292e-05, 1.3171e-04, 5.2446e-05, 1.3323e-04, 9.6273e-05, 1.0900e-04,
        1.8815e-04, 9.7976e-05, 2.5353e-04, 1.6031e-04, 1.7044e-04, 1.5966e-04,
        6.0644e-05, 1.5388e-04, 2.1673e-04, 9.3190e-05, 1.6580e-04, 1.0878e-04,
        3.3579e-05, 9.5253e-05, 1.1783e-04, 6.6211e-05, 1.0312e-04, 4.7788e-05,
        7.1642e-05, 1.4853e-04, 3.0922e-04, 6.7834e-05, 8.5345e-05, 1.5150e-04,
        6.0774e-05, 1.3671e-04, 1.8788e-04, 1.9759e-04, 1.7997e-04, 1.8364e-04,
        6.2748e-05, 6.1440e-05, 1.5198e-04, 9.3702e-06, 3.7153e-05, 1.2229e-04,
        8.1981e-05, 1.0475e-04, 7.5259e-06, 3.7223e-05, 5.3222e-05, 8.5467e-05,
        2.8674e-04, 1.0160e-04, 3.3071e-05, 1.0274e-05, 4.6226e-05, 1.8845e-04,
        1.7766e-05, 2.3615e-04, 2.4165e-05, 6.6730e-05, 2.0231e-04, 3.1861e-05,
        1.4003e-04, 7.4856e-06, 1.7115e-04, 1.6283e-05, 1.1259e-04, 1.8551e-05,
        2.4226e-05, 2.7683e-05, 4.7976e-05, 5.8680e-05, 1.1550e-04, 2.5580e-05,
        7.0546e-05, 1.4047e-05, 1.3026e-05, 4.7734e-05, 2.8901e-05, 2.8206e-05,
        3.6135e-05, 3.1396e-05, 2.3044e-04, 1.2535e-05, 6.7437e-05, 4.5658e-05,
        9.8597e-05, 2.0134e-04, 6.3583e-05, 8.1181e-05, 1.2808e-04],
       grad_fn=<CatBackward>)

mean_overall=tensor(0.0001, grad_fn=<MeanBackward0>)

-----------------------------------------------ITERATION40-----------------------------------------------

final_causality=[[1, 1, 1, 1, 1, 1, 1, 1, 1, 1, 1, 1, 1], [1, 1, 1, 1, 1, 1, 1, 1, 1, 1, 1, 1, 1, 1, 1, 1, 1, 1, 1, 1, 1, 1, 1, 1, 1, 1, 1, 1, 1, 1, 1, 1, 1, 1, 1, 1, 1, 1, 1, 1, 1, 1, 1, 1, 1, 1, 1, 1, 1, 1], [1, 1, 1, 1, 1, 1, 1, 1, 1, 1, 1, 1, 1, 1, 1, 1, 1, 1, 1, 1, 1, 1, 1, 1, 1, 1, 1, 1, 1, 1, 1, 1, 1, 1, 1, 1, 1, 1, 1, 1, 1, 1, 1, 1, 1, 1, 1, 1, 1, 1]]

means=tensor([2.0495e-04, 2.2410e-04, 5.3298e-04, 8.5305e-04, 4.7466e-04, 3.1227e-04,
        9.2767e-04, 2.0047e-04, 7.8886e-04, 6.6963e-04, 6.4403e-04, 5.4007e-04,
        4.5232e-04, 9.3060e-05, 2.0035e-04, 4.7002e-05, 5.9505e-05, 1.2356e-04,
        2.4587e-04, 2.5157e-04, 2.6411e-04, 1.0536e-04, 7.9416e-05, 6.6907e-05,
        5.4489e-05, 1.6631e-04, 6.8477e-05, 1.6766e-04, 1.3449e-04, 1.3284e-04,
        2.4183e-04, 1.3223e-04, 2.9999e-04, 2.0339e-04, 2.0112e-04, 1.9062e-04,
        7.5789e-05, 1.9254e-04, 2.6348e-04, 1.2406e-04, 2.0266e-04, 1.4354e-04,
        6.0358e-05, 1.4645e-04, 1.5104e-04, 8.1107e-05, 1.3194e-04, 7.3596e-05,
        1.0378e-04, 1.7356e-04, 3.5909e-04, 9.7669e-05, 1.1475e-04, 1.9637e-04,
        7.6950e-05, 1.8533e-04, 2.3076e-04, 2.3164e-04, 2.1880e-04, 2.3277e-04,
        8.9115e-05, 9.1667e-05, 1.9407e-04, 1.3262e-05, 4.1882e-05, 1.4521e-04,
        8.7518e-05, 1.2985e-04, 6.9228e-06, 5.0639e-05, 6.4294e-05, 1.0592e-04,
        3.3556e-04, 1.1455e-04, 3.5582e-05, 1.3799e-05, 5.7781e-05, 2.0934e-04,
        2.0415e-05, 2.7704e-04, 3.7001e-05, 7.4492e-05, 2.4046e-04, 3.7606e-05,
        1.4531e-04, 1.0848e-05, 2.1754e-04, 2.6794e-05, 1.3667e-04, 2.1681e-05,
        3.2438e-05, 3.6542e-05, 6.1807e-05, 5.4155e-05, 1.4534e-04, 3.4988e-05,
        8.5929e-05, 1.2287e-05, 1.6915e-05, 6.0640e-05, 3.8203e-05, 3.0733e-05,
        5.0465e-05, 3.3207e-05, 2.8786e-04, 2.1049e-05, 9.3039e-05, 4.9680e-05,
        1.3829e-04, 2.4160e-04, 7.2175e-05, 6.9476e-05, 1.3934e-04],
       grad_fn=<CatBackward>)

mean_overall=tensor(0.0002, grad_fn=<MeanBackward0>)

-----------------------------------------------ITERATION50-----------------------------------------------

final_causality=[[1, 1, 1, 1, 1, 1, 1, 1, 1, 1, 1, 1, 1], [1, 1, 1, 1, 1, 1, 1, 1, 1, 1, 1, 1, 1, 1, 1, 1, 1, 1, 1, 1, 1, 1, 1, 1, 1, 1, 1, 1, 1, 1, 1, 1, 1, 1, 1, 1, 1, 1, 1, 1, 1, 1, 1, 1, 1, 1, 1, 1, 1, 1], [1, 1, 1, 1, 1, 1, 1, 1, 1, 1, 1, 1, 1, 1, 1, 1, 1, 1, 1, 1, 1, 1, 1, 1, 1, 1, 1, 1, 1, 1, 1, 1, 1, 1, 1, 1, 1, 1, 1, 1, 1, 1, 1, 1, 1, 1, 1, 1, 1, 1]]

means=tensor([2.9388e-04, 3.1806e-04, 7.4805e-04, 1.1866e-03, 7.1018e-04, 4.6261e-04,
        1.2372e-03, 3.1320e-04, 1.1017e-03, 9.1522e-04, 9.2274e-04, 7.9209e-04,
        6.4946e-04, 1.3178e-04, 2.4986e-04, 9.4178e-05, 6.4587e-05, 1.6813e-04,
        3.0254e-04, 2.9899e-04, 3.2460e-04, 1.3776e-04, 1.1060e-04, 9.5470e-05,
        7.9327e-05, 2.0799e-04, 8.8868e-05, 2.0945e-04, 1.8126e-04, 1.6158e-04,
        3.0660e-04, 1.7501e-04, 3.5660e-04, 2.5616e-04, 2.4769e-04, 2.2915e-04,
        9.8649e-05, 2.4052e-04, 3.1928e-04, 1.6376e-04, 2.4846e-04, 1.8835e-04,
        9.1501e-05, 2.0739e-04, 1.9209e-04, 9.9485e-05, 1.6658e-04, 1.0572e-04,
        1.4358e-04, 2.0243e-04, 4.1951e-04, 1.3312e-04, 1.4878e-04, 2.5241e-04,
        9.8510e-05, 2.4630e-04, 2.8190e-04, 2.7167e-04, 2.6556e-04, 2.9232e-04,
        1.2192e-04, 1.2970e-04, 2.4599e-04, 2.1126e-05, 5.4053e-05, 1.7554e-04,
        1.0377e-04, 1.6146e-04, 9.6069e-06, 6.8532e-05, 8.2098e-05, 1.3464e-04,
        3.9487e-04, 1.3094e-04, 4.2740e-05, 2.3998e-05, 7.3961e-05, 2.3550e-04,
        2.4239e-05, 3.2802e-04, 5.5457e-05, 8.7079e-05, 2.9020e-04, 5.2051e-05,
        1.6222e-04, 1.6730e-05, 2.7733e-04, 4.3103e-05, 1.7424e-04, 2.7379e-05,
        4.4696e-05, 5.0958e-05, 8.1146e-05, 5.6595e-05, 1.8351e-04, 4.9401e-05,
        1.1247e-04, 1.6507e-05, 2.5107e-05, 8.1803e-05, 5.2448e-05, 3.5137e-05,
        7.0521e-05, 3.5804e-05, 3.5741e-04, 3.4941e-05, 1.2714e-04, 6.1900e-05,
        1.8922e-04, 2.9299e-04, 8.3411e-05, 6.9114e-05, 1.5337e-04],
       grad_fn=<CatBackward>)

mean_overall=tensor(0.0002, grad_fn=<MeanBackward0>)

-----------------------------------------------ITERATION60-----------------------------------------------

final_causality=[[1, 1, 1, 1, 1, 1, 1, 1, 1, 1, 1, 1, 1], [1, 1, 1, 1, 1, 1, 1, 1, 1, 1, 1, 1, 1, 1, 1, 1, 1, 1, 1, 1, 1, 1, 1, 1, 1, 1, 1, 1, 1, 1, 1, 1, 1, 1, 1, 1, 1, 1, 1, 1, 1, 1, 1, 1, 1, 1, 1, 1, 1, 1], [1, 1, 1, 1, 1, 1, 1, 1, 1, 1, 1, 1, 1, 1, 1, 1, 1, 1, 1, 1, 1, 1, 1, 1, 1, 1, 1, 1, 1, 1, 1, 1, 1, 1, 1, 1, 1, 1, 1, 1, 1, 1, 1, 1, 1, 1, 1, 1, 1, 1]]

means=tensor([4.1440e-04, 4.4566e-04, 1.0413e-03, 1.6242e-03, 1.0388e-03, 6.7124e-04,
        1.6433e-03, 4.7493e-04, 1.5129e-03, 1.2425e-03, 1.2933e-03, 1.1330e-03,
        9.1526e-04, 1.7926e-04, 3.0985e-04, 1.5226e-04, 7.2352e-05, 2.2031e-04,
        3.6755e-04, 3.5882e-04, 4.0686e-04, 1.7885e-04, 1.4947e-04, 1.2787e-04,
        1.1372e-04, 2.5999e-04, 1.1554e-04, 2.6211e-04, 2.3967e-04, 1.9613e-04,
        3.8525e-04, 2.2890e-04, 4.2678e-04, 3.2089e-04, 3.0723e-04, 2.7679e-04,
        1.3621e-04, 2.9945e-04, 3.8732e-04, 2.1375e-04, 3.0428e-04, 2.4469e-04,
        1.2928e-04, 2.8121e-04, 2.4260e-04, 1.1995e-04, 2.0799e-04, 1.4635e-04,
        1.9166e-04, 2.4114e-04, 4.9446e-04, 1.7503e-04, 1.8882e-04, 3.2173e-04,
        1.2531e-04, 3.2310e-04, 3.4359e-04, 3.1918e-04, 3.2264e-04, 3.6341e-04,
        1.6340e-04, 1.7722e-04, 3.1145e-04, 3.4850e-05, 7.1094e-05, 2.1392e-04,
        1.3587e-04, 2.1029e-04, 1.7715e-05, 9.3326e-05, 1.0710e-04, 1.7197e-04,
        4.6677e-04, 1.6897e-04, 5.5957e-05, 4.2962e-05, 9.6924e-05, 2.6981e-04,
        3.4022e-05, 3.9280e-04, 8.2555e-05, 1.0397e-04, 3.5411e-04, 7.5994e-05,
        1.9248e-04, 3.0270e-05, 3.5205e-04, 6.7761e-05, 2.2196e-04, 3.8442e-05,
        6.2780e-05, 7.2034e-05, 1.0752e-04, 7.9589e-05, 2.3271e-04, 7.0023e-05,
        1.5074e-04, 2.3511e-05, 3.8092e-05, 1.1207e-04, 7.4538e-05, 5.1158e-05,
        9.8271e-05, 4.8040e-05, 4.4200e-04, 5.6195e-05, 1.7143e-04, 8.0853e-05,
        2.5324e-04, 3.5684e-04, 9.8816e-05, 7.7848e-05, 1.7703e-04],
       grad_fn=<CatBackward>)

mean_overall=tensor(0.0003, grad_fn=<MeanBackward0>)

-----------------------------------------------ITERATION70-----------------------------------------------

final_causality=[[1, 1, 1, 1, 1, 1, 1, 1, 1, 1, 1, 1, 1], [1, 1, 1, 1, 1, 1, 1, 1, 1, 1, 1, 1, 1, 1, 1, 1, 1, 1, 1, 1, 1, 1, 1, 1, 1, 1, 1, 1, 1, 1, 1, 1, 1, 1, 1, 1, 1, 1, 1, 1, 1, 1, 1, 1, 1, 1, 1, 1, 1, 1], [1, 1, 1, 1, 1, 1, 1, 1, 1, 1, 1, 1, 1, 1, 1, 1, 1, 1, 1, 1, 1, 1, 1, 1, 1, 1, 1, 1, 1, 1, 1, 1, 1, 1, 1, 1, 1, 1, 1, 1, 1, 1, 1, 1, 1, 1, 1, 1, 1, 1]]

means=tensor([5.8010e-04, 6.1589e-04, 1.4395e-03, 2.1987e-03, 1.4851e-03, 9.5379e-04,
        2.1660e-03, 7.0529e-04, 2.0489e-03, 1.6850e-03, 1.7758e-03, 1.5869e-03,
        1.2680e-03, 2.3804e-04, 3.8169e-04, 2.2241e-04, 8.5936e-05, 2.8282e-04,
        4.4764e-04, 4.3003e-04, 5.0713e-04, 2.3200e-04, 2.0388e-04, 1.6578e-04,
        1.5642e-04, 3.2483e-04, 1.4982e-04, 3.2875e-04, 3.1090e-04, 2.3856e-04,
        4.8107e-04, 2.9572e-04, 5.1040e-04, 4.0032e-04, 3.8691e-04, 3.3618e-04,
        1.8601e-04, 3.7015e-04, 4.6825e-04, 2.7767e-04, 3.7403e-04, 3.1690e-04,
        1.7593e-04, 3.7261e-04, 3.0563e-04, 1.4466e-04, 2.5780e-04, 1.9598e-04,
        2.5111e-04, 2.9197e-04, 5.8241e-04, 2.2584e-04, 2.3649e-04, 4.0816e-04,
        1.6070e-04, 4.1640e-04, 4.2782e-04, 3.7591e-04, 3.9041e-04, 4.5122e-04,
        2.1372e-04, 2.3694e-04, 4.0045e-04, 5.6542e-05, 9.5474e-05, 2.7047e-04,
        1.8263e-04, 2.7490e-04, 3.2427e-05, 1.2681e-04, 1.4191e-04, 2.2058e-04,
        5.5451e-04, 2.4046e-04, 8.0874e-05, 7.1831e-05, 1.2837e-04, 3.3675e-04,
        5.1664e-05, 4.7969e-04, 1.2012e-04, 1.2677e-04, 4.3385e-04, 1.0999e-04,
        2.6047e-04, 5.2754e-05, 4.4355e-04, 1.0257e-04, 2.8311e-04, 5.9074e-05,
        8.7654e-05, 1.0129e-04, 1.4396e-04, 1.1018e-04, 2.9818e-04, 9.9599e-05,
        2.0054e-04, 3.8744e-05, 5.8711e-05, 1.5311e-04, 1.0635e-04, 7.6126e-05,
        1.3725e-04, 8.0300e-05, 5.4512e-04, 8.8230e-05, 2.2918e-04, 1.0742e-04,
        3.3350e-04, 4.3474e-04, 1.2451e-04, 1.2567e-04, 2.2330e-04],
       grad_fn=<CatBackward>)

mean_overall=tensor(0.0004, grad_fn=<MeanBackward0>)

-----------------------------------------------ITERATION80-----------------------------------------------

final_causality=[[1, 1, 1, 1, 1, 1, 1, 1, 1, 1, 1, 1, 1], [1, 1, 1, 1, 1, 1, 1, 1, 1, 1, 1, 1, 1, 1, 1, 1, 1, 1, 1, 1, 1, 1, 1, 1, 1, 1, 1, 1, 1, 1, 1, 1, 1, 1, 1, 1, 1, 1, 1, 1, 1, 1, 1, 1, 1, 1, 1, 1, 1, 1], [1, 1, 1, 1, 1, 1, 1, 1, 1, 1, 1, 1, 1, 1, 1, 1, 1, 1, 1, 1, 1, 1, 1, 1, 1, 1, 1, 1, 1, 1, 1, 1, 1, 1, 1, 1, 1, 1, 1, 1, 1, 1, 1, 1, 1, 1, 1, 1, 1, 1]]

means=tensor([8.0325e-04, 8.4096e-04, 1.9716e-03, 2.9447e-03, 2.0815e-03, 1.3316e-03,
        2.8342e-03, 1.0259e-03, 2.7429e-03, 2.2742e-03, 2.3983e-03, 2.1859e-03,
        1.7342e-03, 3.0971e-04, 4.6730e-04, 3.0688e-04, 1.0610e-04, 3.5766e-04,
        5.4838e-04, 5.1455e-04, 6.2875e-04, 2.9840e-04, 2.7248e-04, 2.1030e-04,
        2.0873e-04, 4.0409e-04, 1.9796e-04, 4.1052e-04, 3.9765e-04, 2.9328e-04,
        6.0300e-04, 3.7740e-04, 6.1029e-04, 4.9644e-04, 4.8606e-04, 4.0886e-04,
        2.5118e-04, 4.5488e-04, 5.6408e-04, 3.5761e-04, 4.5967e-04, 4.0728e-04,
        2.3259e-04, 4.8498e-04, 3.8339e-04, 1.7219e-04, 3.1636e-04, 2.6188e-04,
        3.2257e-04, 3.5275e-04, 6.8545e-04, 2.8642e-04, 2.9312e-04, 5.1452e-04,
        2.0620e-04, 5.2893e-04, 5.3144e-04, 4.4522e-04, 4.7052e-04, 5.5753e-04,
        2.7425e-04, 3.1070e-04, 5.1192e-04, 8.9325e-05, 1.2976e-04, 3.4254e-04,
        2.4273e-04, 3.5519e-04, 5.6654e-05, 1.7145e-04, 1.8913e-04, 2.8267e-04,
        6.7367e-04, 3.3006e-04, 1.1678e-04, 1.1375e-04, 1.7524e-04, 4.4066e-04,
        7.7849e-05, 5.8430e-04, 1.7045e-04, 1.6337e-04, 5.3242e-04, 1.5703e-04,
        3.4804e-04, 8.8232e-05, 5.5469e-04, 1.5035e-04, 3.6045e-04, 9.1980e-05,
        1.2118e-04, 1.4112e-04, 1.9296e-04, 1.5111e-04, 3.8024e-04, 1.4174e-04,
        2.6448e-04, 6.7592e-05, 9.0056e-05, 2.0790e-04, 1.4965e-04, 1.1126e-04,
        1.8985e-04, 1.2478e-04, 6.6980e-04, 1.3425e-04, 3.0329e-04, 1.4423e-04,
        4.3296e-04, 5.2891e-04, 1.6055e-04, 1.9086e-04, 2.8265e-04],
       grad_fn=<CatBackward>)

mean_overall=tensor(0.0005, grad_fn=<MeanBackward0>)

-----------------------------------------------ITERATION90-----------------------------------------------

final_causality=[[1, 1, 1, 1, 1, 1, 1, 1, 1, 1, 1, 1, 1], [1, 1, 1, 1, 1, 1, 1, 1, 1, 1, 1, 1, 1, 1, 1, 1, 1, 1, 1, 1, 1, 1, 1, 1, 1, 1, 1, 1, 1, 1, 1, 1, 1, 1, 1, 1, 1, 1, 1, 1, 1, 1, 1, 1, 1, 1, 1, 1, 1, 1], [1, 1, 1, 1, 1, 1, 1, 1, 1, 1, 1, 1, 1, 1, 1, 1, 1, 1, 1, 1, 1, 1, 1, 1, 1, 1, 1, 1, 1, 1, 1, 1, 1, 1, 1, 1, 1, 1, 1, 1, 1, 1, 1, 1, 1, 1, 1, 1, 1, 1]]

means=tensor([1.0972e-03, 1.1348e-03, 2.6693e-03, 3.8995e-03, 2.8640e-03, 1.8287e-03,
        3.6795e-03, 1.4611e-03, 3.6327e-03, 3.0434e-03, 3.1911e-03, 2.9666e-03,
        2.3445e-03, 3.9551e-04, 5.6848e-04, 4.0780e-04, 1.3240e-04, 4.4500e-04,
        6.6800e-04, 6.1425e-04, 7.7503e-04, 3.7881e-04, 3.5724e-04, 2.6226e-04,
        2.7188e-04, 4.9955e-04, 2.5939e-04, 5.0886e-04, 5.0255e-04, 3.6519e-04,
        7.5307e-04, 4.7620e-04, 7.3368e-04, 6.1083e-04, 6.0823e-04, 4.9603e-04,
        3.3471e-04, 5.5576e-04, 6.7654e-04, 4.5532e-04, 5.6294e-04, 5.1755e-04,
        3.0020e-04, 6.2122e-04, 4.7794e-04, 2.0015e-04, 3.8352e-04, 3.4375e-04,
        4.0628e-04, 4.2713e-04, 8.0547e-04, 3.6131e-04, 3.5981e-04, 6.4336e-04,
        2.6108e-04, 6.6344e-04, 6.5726e-04, 5.3701e-04, 5.6456e-04, 6.8339e-04,
        3.4637e-04, 4.0008e-04, 6.4880e-04, 1.3673e-04, 1.7680e-04, 4.3177e-04,
        3.1824e-04, 4.5395e-04, 9.4120e-05, 2.3629e-04, 2.5145e-04, 3.6045e-04,
        8.2312e-04, 4.4110e-04, 1.6680e-04, 1.7223e-04, 2.3718e-04, 5.7144e-04,
        1.1591e-04, 7.0905e-04, 2.3575e-04, 2.1763e-04, 6.5319e-04, 2.2018e-04,
        4.5510e-04, 1.3958e-04, 6.8844e-04, 2.1409e-04, 4.5670e-04, 1.3898e-04,
        1.6892e-04, 1.9423e-04, 2.5710e-04, 2.0568e-04, 4.8165e-04, 1.9958e-04,
        3.4549e-04, 1.1134e-04, 1.3568e-04, 2.7985e-04, 2.0659e-04, 1.6012e-04,
        2.5890e-04, 1.8499e-04, 8.1894e-04, 1.9763e-04, 3.9670e-04, 1.9442e-04,
        5.5456e-04, 6.4809e-04, 2.2140e-04, 2.7394e-04, 3.5802e-04],
       grad_fn=<CatBackward>)

mean_overall=tensor(0.0007, grad_fn=<MeanBackward0>)

-----------------------------------------------ITERATION100-----------------------------------------------

final_causality=[[1, 1, 1, 1, 1, 1, 1, 1, 1, 1, 1, 1, 1], [1, 1, 1, 1, 1, 1, 1, 1, 1, 1, 1, 1, 1, 1, 1, 1, 1, 1, 1, 1, 1, 1, 1, 1, 1, 1, 1, 1, 1, 1, 1, 1, 1, 1, 1, 1, 1, 1, 1, 1, 1, 1, 1, 1, 1, 1, 1, 1, 1, 1], [1, 1, 1, 1, 1, 1, 1, 1, 1, 1, 1, 1, 1, 1, 1, 1, 1, 1, 1, 1, 1, 1, 1, 1, 1, 1, 1, 1, 1, 1, 1, 1, 1, 1, 1, 1, 1, 1, 1, 1, 1, 1, 1, 1, 1, 1, 1, 1, 1, 1]]

means=tensor([0.0015, 0.0015, 0.0036, 0.0051, 0.0039, 0.0025, 0.0047, 0.0020, 0.0048,
        0.0040, 0.0042, 0.0040, 0.0031, 0.0005, 0.0007, 0.0005, 0.0002, 0.0005,
        0.0008, 0.0007, 0.0009, 0.0005, 0.0005, 0.0003, 0.0003, 0.0006, 0.0003,
        0.0006, 0.0006, 0.0005, 0.0009, 0.0006, 0.0009, 0.0007, 0.0008, 0.0006,
        0.0004, 0.0007, 0.0008, 0.0006, 0.0007, 0.0006, 0.0004, 0.0008, 0.0006,
        0.0002, 0.0005, 0.0004, 0.0005, 0.0005, 0.0009, 0.0005, 0.0004, 0.0008,
        0.0003, 0.0008, 0.0008, 0.0006, 0.0007, 0.0008, 0.0004, 0.0005, 0.0008,
        0.0002, 0.0002, 0.0005, 0.0004, 0.0006, 0.0001, 0.0003, 0.0003, 0.0005,
        0.0010, 0.0006, 0.0002, 0.0003, 0.0003, 0.0007, 0.0002, 0.0009, 0.0003,
        0.0003, 0.0008, 0.0003, 0.0006, 0.0002, 0.0008, 0.0003, 0.0006, 0.0002,
        0.0002, 0.0003, 0.0003, 0.0003, 0.0006, 0.0003, 0.0004, 0.0002, 0.0002,
        0.0004, 0.0003, 0.0002, 0.0003, 0.0003, 0.0010, 0.0003, 0.0005, 0.0003,
        0.0007, 0.0008, 0.0003, 0.0004, 0.0005], grad_fn=<CatBackward>)

mean_overall=tensor(0.0008, grad_fn=<MeanBackward0>)

-----------------------------------------------ITERATION110-----------------------------------------------

final_causality=[[1, 1, 1, 1, 1, 1, 1, 1, 1, 1, 1, 1, 1], [1, 1, 1, 1, 1, 1, 1, 1, 1, 1, 1, 1, 1, 1, 1, 1, 1, 1, 1, 1, 1, 1, 1, 1, 1, 1, 1, 1, 1, 1, 1, 1, 1, 1, 1, 1, 1, 1, 1, 1, 1, 1, 1, 1, 1, 1, 1, 1, 1, 1], [1, 1, 1, 1, 1, 1, 1, 1, 1, 1, 1, 1, 1, 1, 1, 1, 1, 1, 1, 1, 1, 1, 1, 1, 1, 1, 1, 1, 1, 1, 1, 1, 1, 1, 1, 1, 1, 1, 1, 1, 1, 1, 1, 1, 1, 1, 1, 1, 1, 1]]

means=tensor([0.0020, 0.0020, 0.0047, 0.0066, 0.0051, 0.0033, 0.0060, 0.0028, 0.0061,
        0.0053, 0.0054, 0.0052, 0.0041, 0.0006, 0.0008, 0.0007, 0.0002, 0.0007,
        0.0010, 0.0009, 0.0011, 0.0006, 0.0006, 0.0004, 0.0004, 0.0007, 0.0004,
        0.0008, 0.0008, 0.0006, 0.0011, 0.0007, 0.0010, 0.0009, 0.0009, 0.0007,
        0.0006, 0.0008, 0.0010, 0.0008, 0.0008, 0.0008, 0.0005, 0.0010, 0.0007,
        0.0003, 0.0006, 0.0006, 0.0006, 0.0006, 0.0011, 0.0006, 0.0005, 0.0010,
        0.0004, 0.0010, 0.0010, 0.0008, 0.0008, 0.0010, 0.0005, 0.0006, 0.0010,
        0.0003, 0.0003, 0.0007, 0.0005, 0.0007, 0.0002, 0.0004, 0.0004, 0.0006,
        0.0012, 0.0007, 0.0003, 0.0004, 0.0004, 0.0009, 0.0002, 0.0010, 0.0004,
        0.0004, 0.0010, 0.0004, 0.0007, 0.0003, 0.0010, 0.0004, 0.0007, 0.0003,
        0.0003, 0.0004, 0.0004, 0.0004, 0.0008, 0.0004, 0.0006, 0.0003, 0.0003,
        0.0005, 0.0004, 0.0003, 0.0005, 0.0004, 0.0012, 0.0004, 0.0007, 0.0003,
        0.0009, 0.0010, 0.0004, 0.0005, 0.0006], grad_fn=<CatBackward>)

mean_overall=tensor(0.0011, grad_fn=<MeanBackward0>)

-----------------------------------------------ITERATION120-----------------------------------------------

final_causality=[[1, 1, 1, 1, 1, 1, 1, 1, 1, 1, 1, 1, 1], [1, 1, 1, 1, 1, 1, 1, 1, 1, 1, 1, 1, 1, 1, 1, 1, 1, 1, 1, 1, 1, 1, 1, 1, 1, 1, 1, 1, 1, 1, 1, 1, 1, 1, 1, 1, 1, 1, 1, 1, 1, 1, 1, 1, 1, 1, 1, 1, 1, 1], [1, 1, 1, 1, 1, 1, 1, 1, 1, 1, 1, 1, 1, 1, 1, 1, 1, 1, 1, 1, 1, 1, 1, 1, 1, 1, 1, 1, 1, 1, 1, 1, 1, 1, 1, 1, 1, 1, 1, 1, 1, 1, 1, 1, 1, 1, 1, 1, 1, 1]]

means=tensor([0.0026, 0.0026, 0.0061, 0.0084, 0.0067, 0.0043, 0.0075, 0.0037, 0.0078,
        0.0068, 0.0068, 0.0068, 0.0054, 0.0007, 0.0010, 0.0008, 0.0002, 0.0008,
        0.0012, 0.0010, 0.0014, 0.0007, 0.0007, 0.0005, 0.0005, 0.0009, 0.0005,
        0.0009, 0.0009, 0.0007, 0.0014, 0.0009, 0.0012, 0.0011, 0.0011, 0.0009,
        0.0007, 0.0010, 0.0011, 0.0010, 0.0010, 0.0010, 0.0006, 0.0012, 0.0009,
        0.0003, 0.0007, 0.0007, 0.0007, 0.0007, 0.0013, 0.0007, 0.0006, 0.0012,
        0.0006, 0.0012, 0.0012, 0.0009, 0.0009, 0.0012, 0.0006, 0.0008, 0.0012,
        0.0004, 0.0005, 0.0008, 0.0007, 0.0009, 0.0003, 0.0006, 0.0006, 0.0007,
        0.0014, 0.0009, 0.0004, 0.0005, 0.0005, 0.0011, 0.0003, 0.0012, 0.0005,
        0.0005, 0.0012, 0.0005, 0.0009, 0.0004, 0.0013, 0.0005, 0.0009, 0.0004,
        0.0004, 0.0005, 0.0006, 0.0005, 0.0009, 0.0005, 0.0007, 0.0004, 0.0004,
        0.0006, 0.0005, 0.0004, 0.0006, 0.0005, 0.0014, 0.0005, 0.0008, 0.0005,
        0.0011, 0.0012, 0.0005, 0.0007, 0.0007], grad_fn=<CatBackward>)

mean_overall=tensor(0.0014, grad_fn=<MeanBackward0>)

-----------------------------------------------ITERATION130-----------------------------------------------

final_causality=[[1, 1, 1, 1, 1, 1, 1, 1, 1, 1, 1, 1, 1], [1, 1, 1, 1, 1, 1, 1, 1, 1, 1, 1, 1, 1, 1, 1, 1, 1, 1, 1, 1, 1, 1, 1, 1, 1, 1, 1, 1, 1, 1, 1, 1, 1, 1, 1, 1, 1, 1, 1, 1, 1, 1, 1, 1, 1, 1, 1, 1, 1, 1], [1, 1, 1, 1, 1, 1, 1, 1, 1, 1, 1, 1, 1, 1, 1, 1, 1, 1, 1, 1, 1, 1, 1, 1, 1, 1, 1, 1, 1, 1, 1, 1, 1, 1, 1, 1, 1, 1, 1, 1, 1, 1, 1, 1, 1, 1, 1, 1, 1, 1]]

means=tensor([0.0033, 0.0033, 0.0078, 0.0106, 0.0086, 0.0055, 0.0093, 0.0049, 0.0099,
        0.0086, 0.0086, 0.0086, 0.0069, 0.0009, 0.0011, 0.0010, 0.0003, 0.0009,
        0.0014, 0.0012, 0.0016, 0.0009, 0.0009, 0.0006, 0.0006, 0.0011, 0.0006,
        0.0011, 0.0011, 0.0008, 0.0016, 0.0011, 0.0014, 0.0013, 0.0014, 0.0010,
        0.0009, 0.0011, 0.0013, 0.0012, 0.0012, 0.0013, 0.0007, 0.0014, 0.0011,
        0.0004, 0.0008, 0.0009, 0.0009, 0.0009, 0.0015, 0.0008, 0.0008, 0.0014,
        0.0007, 0.0014, 0.0014, 0.0011, 0.0011, 0.0014, 0.0008, 0.0009, 0.0015,
        0.0005, 0.0006, 0.0010, 0.0008, 0.0011, 0.0004, 0.0007, 0.0007, 0.0009,
        0.0017, 0.0012, 0.0006, 0.0006, 0.0007, 0.0014, 0.0005, 0.0015, 0.0007,
        0.0006, 0.0014, 0.0007, 0.0011, 0.0006, 0.0015, 0.0007, 0.0011, 0.0005,
        0.0006, 0.0006, 0.0007, 0.0006, 0.0011, 0.0006, 0.0009, 0.0005, 0.0005,
        0.0008, 0.0006, 0.0006, 0.0008, 0.0007, 0.0017, 0.0007, 0.0010, 0.0006,
        0.0013, 0.0014, 0.0007, 0.0009, 0.0009], grad_fn=<CatBackward>)

mean_overall=tensor(0.0017, grad_fn=<MeanBackward0>)

-----------------------------------------------ITERATION140-----------------------------------------------

final_causality=[[1, 1, 1, 1, 1, 1, 1, 1, 1, 1, 1, 1, 1], [1, 1, 1, 1, 1, 1, 1, 1, 1, 1, 1, 1, 1, 1, 1, 1, 1, 1, 1, 1, 1, 1, 1, 1, 1, 1, 1, 1, 1, 1, 1, 1, 1, 1, 1, 1, 1, 1, 1, 1, 1, 1, 1, 1, 1, 1, 1, 1, 1, 1], [1, 1, 1, 1, 1, 1, 1, 1, 1, 1, 1, 1, 1, 1, 1, 1, 1, 1, 1, 1, 1, 1, 1, 1, 1, 1, 1, 1, 1, 1, 1, 1, 1, 1, 1, 1, 1, 1, 1, 1, 1, 1, 1, 1, 1, 1, 1, 1, 1, 1]]

means=tensor([0.0042, 0.0042, 0.0098, 0.0131, 0.0108, 0.0070, 0.0113, 0.0063, 0.0122,
        0.0108, 0.0106, 0.0109, 0.0087, 0.0011, 0.0013, 0.0012, 0.0003, 0.0011,
        0.0016, 0.0014, 0.0019, 0.0010, 0.0011, 0.0007, 0.0007, 0.0013, 0.0008,
        0.0013, 0.0013, 0.0010, 0.0019, 0.0013, 0.0017, 0.0015, 0.0016, 0.0012,
        0.0011, 0.0013, 0.0015, 0.0015, 0.0014, 0.0015, 0.0008, 0.0017, 0.0013,
        0.0005, 0.0010, 0.0010, 0.0010, 0.0010, 0.0017, 0.0010, 0.0009, 0.0017,
        0.0009, 0.0017, 0.0017, 0.0013, 0.0013, 0.0016, 0.0009, 0.0011, 0.0018,
        0.0007, 0.0008, 0.0012, 0.0010, 0.0013, 0.0006, 0.0009, 0.0009, 0.0011,
        0.0020, 0.0014, 0.0007, 0.0008, 0.0009, 0.0017, 0.0006, 0.0017, 0.0009,
        0.0008, 0.0017, 0.0009, 0.0013, 0.0007, 0.0018, 0.0009, 0.0013, 0.0007,
        0.0007, 0.0007, 0.0009, 0.0008, 0.0014, 0.0008, 0.0011, 0.0007, 0.0007,
        0.0010, 0.0008, 0.0007, 0.0009, 0.0008, 0.0020, 0.0009, 0.0012, 0.0008,
        0.0016, 0.0017, 0.0009, 0.0011, 0.0011], grad_fn=<CatBackward>)

mean_overall=tensor(0.0021, grad_fn=<MeanBackward0>)

-----------------------------------------------ITERATION150-----------------------------------------------

final_causality=[[1, 1, 1, 1, 1, 1, 1, 1, 1, 1, 1, 1, 1], [1, 1, 1, 1, 1, 1, 1, 1, 1, 1, 1, 1, 1, 1, 1, 1, 1, 1, 1, 1, 1, 1, 1, 1, 1, 1, 1, 1, 1, 1, 1, 1, 1, 1, 1, 1, 1, 1, 1, 1, 1, 1, 1, 1, 1, 1, 1, 1, 1, 1], [1, 1, 1, 1, 1, 1, 1, 1, 1, 1, 1, 1, 1, 1, 1, 1, 1, 1, 1, 1, 1, 1, 1, 1, 1, 1, 1, 1, 1, 1, 1, 1, 1, 1, 1, 1, 1, 1, 1, 1, 1, 1, 1, 1, 1, 1, 1, 1, 1, 1]]

means=tensor([0.0052, 0.0052, 0.0121, 0.0161, 0.0134, 0.0087, 0.0136, 0.0080, 0.0150,
        0.0133, 0.0128, 0.0135, 0.0108, 0.0012, 0.0015, 0.0014, 0.0004, 0.0012,
        0.0018, 0.0016, 0.0023, 0.0012, 0.0013, 0.0008, 0.0009, 0.0015, 0.0009,
        0.0015, 0.0016, 0.0012, 0.0022, 0.0015, 0.0019, 0.0017, 0.0020, 0.0014,
        0.0013, 0.0015, 0.0017, 0.0018, 0.0016, 0.0018, 0.0010, 0.0020, 0.0015,
        0.0006, 0.0011, 0.0012, 0.0012, 0.0012, 0.0019, 0.0012, 0.0011, 0.0020,
        0.0011, 0.0020, 0.0020, 0.0015, 0.0015, 0.0019, 0.0011, 0.0013, 0.0021,
        0.0009, 0.0010, 0.0015, 0.0012, 0.0016, 0.0008, 0.0011, 0.0011, 0.0013,
        0.0024, 0.0017, 0.0009, 0.0010, 0.0011, 0.0020, 0.0008, 0.0020, 0.0011,
        0.0009, 0.0020, 0.0011, 0.0016, 0.0009, 0.0021, 0.0011, 0.0016, 0.0009,
        0.0009, 0.0009, 0.0011, 0.0010, 0.0016, 0.0010, 0.0013, 0.0009, 0.0009,
        0.0013, 0.0010, 0.0009, 0.0012, 0.0011, 0.0023, 0.0011, 0.0015, 0.0010,
        0.0019, 0.0020, 0.0011, 0.0013, 0.0013], grad_fn=<CatBackward>)

mean_overall=tensor(0.0025, grad_fn=<MeanBackward0>)

-----------------------------------------------ITERATION160-----------------------------------------------

final_causality=[[1, 1, 1, 1, 1, 1, 1, 1, 1, 1, 1, 1, 1], [1, 1, 1, 1, 1, 1, 1, 1, 1, 1, 1, 1, 1, 1, 1, 1, 1, 1, 1, 1, 1, 1, 1, 1, 1, 1, 1, 1, 1, 1, 1, 1, 1, 1, 1, 1, 1, 1, 1, 1, 1, 1, 1, 1, 1, 1, 1, 1, 1, 1], [1, 1, 1, 1, 1, 1, 1, 1, 1, 1, 1, 1, 1, 1, 1, 1, 1, 1, 1, 1, 1, 1, 1, 1, 1, 1, 1, 1, 1, 1, 1, 1, 1, 1, 1, 1, 1, 1, 1, 1, 1, 1, 1, 1, 1, 1, 1, 1, 1, 1]]

means=tensor([0.0064, 0.0064, 0.0148, 0.0195, 0.0164, 0.0107, 0.0161, 0.0100, 0.0180,
        0.0161, 0.0154, 0.0166, 0.0134, 0.0014, 0.0018, 0.0016, 0.0004, 0.0014,
        0.0021, 0.0018, 0.0026, 0.0014, 0.0015, 0.0009, 0.0010, 0.0017, 0.0011,
        0.0017, 0.0018, 0.0014, 0.0026, 0.0018, 0.0021, 0.0020, 0.0023, 0.0016,
        0.0015, 0.0018, 0.0019, 0.0021, 0.0019, 0.0021, 0.0011, 0.0023, 0.0017,
        0.0007, 0.0013, 0.0014, 0.0014, 0.0013, 0.0021, 0.0014, 0.0012, 0.0023,
        0.0013, 0.0023, 0.0023, 0.0017, 0.0017, 0.0022, 0.0013, 0.0015, 0.0024,
        0.0011, 0.0013, 0.0017, 0.0015, 0.0018, 0.0010, 0.0014, 0.0014, 0.0015,
        0.0027, 0.0020, 0.0012, 0.0013, 0.0013, 0.0023, 0.0010, 0.0023, 0.0013,
        0.0011, 0.0023, 0.0014, 0.0019, 0.0012, 0.0024, 0.0013, 0.0018, 0.0011,
        0.0011, 0.0011, 0.0013, 0.0012, 0.0019, 0.0012, 0.0016, 0.0011, 0.0011,
        0.0015, 0.0012, 0.0012, 0.0014, 0.0013, 0.0027, 0.0014, 0.0018, 0.0012,
        0.0022, 0.0023, 0.0013, 0.0016, 0.0015], grad_fn=<CatBackward>)

mean_overall=tensor(0.0030, grad_fn=<MeanBackward0>)

-----------------------------------------------ITERATION170-----------------------------------------------

final_causality=[[1, 1, 1, 1, 1, 1, 1, 1, 1, 1, 1, 1, 1], [1, 1, 1, 1, 1, 1, 1, 1, 1, 1, 1, 1, 1, 1, 1, 1, 1, 1, 1, 1, 1, 1, 1, 1, 1, 1, 1, 1, 1, 1, 1, 1, 1, 1, 1, 1, 1, 1, 1, 1, 1, 1, 1, 1, 1, 1, 1, 1, 1, 1], [1, 1, 1, 1, 1, 1, 1, 1, 1, 1, 1, 1, 1, 1, 1, 1, 1, 1, 1, 1, 1, 1, 1, 1, 1, 1, 1, 1, 1, 1, 1, 1, 1, 1, 1, 1, 1, 1, 1, 1, 1, 1, 1, 1, 1, 1, 1, 1, 1, 1]]

means=tensor([0.0078, 0.0077, 0.0179, 0.0234, 0.0198, 0.0130, 0.0188, 0.0123, 0.0214,
        0.0192, 0.0182, 0.0202, 0.0163, 0.0017, 0.0020, 0.0019, 0.0006, 0.0016,
        0.0024, 0.0020, 0.0030, 0.0017, 0.0018, 0.0011, 0.0011, 0.0019, 0.0012,
        0.0019, 0.0021, 0.0016, 0.0029, 0.0021, 0.0024, 0.0022, 0.0026, 0.0018,
        0.0017, 0.0020, 0.0022, 0.0025, 0.0021, 0.0025, 0.0013, 0.0027, 0.0020,
        0.0008, 0.0016, 0.0017, 0.0016, 0.0015, 0.0024, 0.0016, 0.0014, 0.0026,
        0.0016, 0.0026, 0.0026, 0.0019, 0.0019, 0.0025, 0.0015, 0.0018, 0.0028,
        0.0014, 0.0016, 0.0020, 0.0017, 0.0021, 0.0012, 0.0017, 0.0016, 0.0018,
        0.0031, 0.0024, 0.0014, 0.0016, 0.0016, 0.0027, 0.0012, 0.0026, 0.0015,
        0.0014, 0.0027, 0.0017, 0.0022, 0.0014, 0.0028, 0.0016, 0.0022, 0.0013,
        0.0014, 0.0014, 0.0016, 0.0015, 0.0022, 0.0015, 0.0019, 0.0013, 0.0014,
        0.0018, 0.0014, 0.0014, 0.0017, 0.0016, 0.0031, 0.0017, 0.0021, 0.0015,
        0.0026, 0.0027, 0.0016, 0.0020, 0.0018], grad_fn=<CatBackward>)

mean_overall=tensor(0.0036, grad_fn=<MeanBackward0>)

-----------------------------------------------ITERATION180-----------------------------------------------

final_causality=[[1, 1, 1, 1, 1, 1, 1, 1, 1, 1, 1, 1, 1], [1, 1, 1, 1, 1, 1, 1, 1, 1, 1, 1, 1, 1, 1, 1, 1, 1, 1, 1, 1, 1, 1, 1, 1, 1, 1, 1, 1, 1, 1, 1, 1, 1, 1, 1, 1, 1, 1, 1, 1, 1, 1, 1, 1, 1, 1, 1, 1, 1, 1], [1, 1, 1, 1, 1, 1, 1, 1, 1, 1, 1, 1, 1, 1, 1, 1, 1, 1, 1, 1, 1, 1, 1, 1, 1, 1, 1, 1, 1, 1, 1, 1, 1, 1, 1, 1, 1, 1, 1, 1, 1, 1, 1, 1, 1, 1, 1, 1, 1, 1]]

means=tensor([0.0094, 0.0093, 0.0213, 0.0278, 0.0237, 0.0157, 0.0216, 0.0150, 0.0250,
        0.0226, 0.0212, 0.0243, 0.0196, 0.0019, 0.0022, 0.0022, 0.0008, 0.0018,
        0.0027, 0.0023, 0.0034, 0.0019, 0.0020, 0.0013, 0.0013, 0.0022, 0.0014,
        0.0022, 0.0024, 0.0019, 0.0033, 0.0024, 0.0027, 0.0025, 0.0030, 0.0021,
        0.0020, 0.0022, 0.0024, 0.0029, 0.0024, 0.0028, 0.0015, 0.0031, 0.0023,
        0.0009, 0.0018, 0.0019, 0.0018, 0.0018, 0.0027, 0.0019, 0.0016, 0.0030,
        0.0019, 0.0029, 0.0030, 0.0022, 0.0021, 0.0029, 0.0017, 0.0020, 0.0032,
        0.0017, 0.0019, 0.0023, 0.0020, 0.0024, 0.0015, 0.0020, 0.0019, 0.0021,
        0.0035, 0.0028, 0.0017, 0.0019, 0.0019, 0.0031, 0.0015, 0.0030, 0.0018,
        0.0016, 0.0031, 0.0020, 0.0025, 0.0017, 0.0031, 0.0018, 0.0025, 0.0016,
        0.0016, 0.0016, 0.0019, 0.0018, 0.0026, 0.0017, 0.0022, 0.0016, 0.0017,
        0.0022, 0.0017, 0.0017, 0.0020, 0.0019, 0.0035, 0.0020, 0.0025, 0.0018,
        0.0030, 0.0030, 0.0019, 0.0023, 0.0021], grad_fn=<CatBackward>)

mean_overall=tensor(0.0042, grad_fn=<MeanBackward0>)

-----------------------------------------------ITERATION190-----------------------------------------------

final_causality=[[1, 1, 1, 1, 1, 1, 1, 1, 1, 1, 1, 1, 1], [1, 1, 1, 1, 1, 1, 1, 1, 1, 1, 1, 1, 1, 1, 1, 1, 1, 1, 1, 1, 1, 1, 1, 1, 1, 1, 1, 1, 1, 1, 1, 1, 1, 1, 1, 1, 1, 1, 1, 1, 1, 1, 1, 1, 1, 1, 1, 1, 1, 1], [1, 1, 1, 1, 1, 1, 1, 1, 1, 1, 1, 1, 1, 1, 1, 1, 1, 1, 1, 1, 1, 1, 1, 1, 1, 1, 1, 1, 1, 1, 1, 1, 1, 1, 1, 1, 1, 1, 1, 1, 1, 1, 1, 1, 1, 1, 1, 1, 1, 1]]

means=tensor([0.0112, 0.0111, 0.0251, 0.0326, 0.0279, 0.0187, 0.0246, 0.0180, 0.0287,
        0.0261, 0.0246, 0.0290, 0.0234, 0.0021, 0.0025, 0.0025, 0.0010, 0.0021,
        0.0030, 0.0025, 0.0038, 0.0022, 0.0024, 0.0015, 0.0015, 0.0024, 0.0016,
        0.0024, 0.0027, 0.0021, 0.0037, 0.0027, 0.0030, 0.0028, 0.0034, 0.0023,
        0.0023, 0.0025, 0.0027, 0.0033, 0.0027, 0.0032, 0.0017, 0.0035, 0.0026,
        0.0011, 0.0021, 0.0022, 0.0021, 0.0020, 0.0030, 0.0022, 0.0019, 0.0033,
        0.0022, 0.0033, 0.0034, 0.0025, 0.0024, 0.0033, 0.0019, 0.0023, 0.0036,
        0.0020, 0.0022, 0.0026, 0.0023, 0.0028, 0.0018, 0.0023, 0.0022, 0.0024,
        0.0039, 0.0031, 0.0020, 0.0022, 0.0022, 0.0035, 0.0018, 0.0033, 0.0021,
        0.0019, 0.0035, 0.0023, 0.0029, 0.0020, 0.0035, 0.0021, 0.0028, 0.0019,
        0.0019, 0.0019, 0.0022, 0.0021, 0.0030, 0.0020, 0.0026, 0.0019, 0.0020,
        0.0026, 0.0020, 0.0020, 0.0023, 0.0022, 0.0039, 0.0023, 0.0028, 0.0021,
        0.0034, 0.0034, 0.0022, 0.0027, 0.0024], grad_fn=<CatBackward>)

mean_overall=tensor(0.0049, grad_fn=<MeanBackward0>)

-----------------------------------------------ITERATION200-----------------------------------------------

final_causality=[[1, 1, 1, 1, 1, 1, 1, 1, 1, 1, 1, 1, 1], [1, 1, 1, 1, 1, 1, 1, 1, 1, 1, 1, 1, 1, 1, 1, 1, 1, 1, 1, 1, 1, 1, 1, 1, 1, 1, 1, 1, 1, 1, 1, 1, 1, 1, 1, 1, 1, 1, 1, 1, 1, 1, 1, 1, 1, 1, 1, 1, 1, 1], [1, 1, 1, 1, 1, 1, 1, 1, 1, 1, 1, 1, 1, 1, 1, 1, 1, 1, 1, 1, 1, 1, 1, 1, 1, 1, 1, 1, 1, 1, 1, 1, 1, 1, 1, 1, 1, 1, 1, 1, 1, 1, 1, 1, 1, 1, 1, 1, 1, 1]]

means=tensor([0.0132, 0.0131, 0.0294, 0.0379, 0.0326, 0.0221, 0.0276, 0.0215, 0.0324,
        0.0297, 0.0281, 0.0343, 0.0277, 0.0024, 0.0028, 0.0028, 0.0012, 0.0023,
        0.0033, 0.0028, 0.0042, 0.0025, 0.0027, 0.0017, 0.0016, 0.0027, 0.0018,
        0.0027, 0.0030, 0.0024, 0.0041, 0.0030, 0.0033, 0.0031, 0.0039, 0.0026,
        0.0026, 0.0028, 0.0030, 0.0038, 0.0030, 0.0036, 0.0020, 0.0039, 0.0029,
        0.0014, 0.0024, 0.0025, 0.0024, 0.0023, 0.0033, 0.0025, 0.0021, 0.0037,
        0.0025, 0.0037, 0.0038, 0.0028, 0.0026, 0.0037, 0.0021, 0.0026, 0.0040,
        0.0023, 0.0026, 0.0029, 0.0027, 0.0031, 0.0021, 0.0027, 0.0026, 0.0027,
        0.0044, 0.0035, 0.0023, 0.0026, 0.0025, 0.0040, 0.0021, 0.0037, 0.0024,
        0.0022, 0.0039, 0.0027, 0.0032, 0.0024, 0.0039, 0.0024, 0.0032, 0.0022,
        0.0022, 0.0022, 0.0025, 0.0025, 0.0033, 0.0023, 0.0029, 0.0022, 0.0023,
        0.0029, 0.0022, 0.0024, 0.0026, 0.0025, 0.0043, 0.0027, 0.0032, 0.0024,
        0.0038, 0.0038, 0.0026, 0.0031, 0.0028], grad_fn=<CatBackward>)

mean_overall=tensor(0.0056, grad_fn=<MeanBackward0>)

-----------------------------------------------ITERATION210-----------------------------------------------

final_causality=[[1, 1, 1, 1, 1, 1, 1, 1, 1, 1, 1, 1, 1], [1, 1, 1, 1, 1, 1, 1, 1, 1, 1, 1, 1, 1, 1, 1, 1, 1, 1, 1, 1, 1, 1, 1, 1, 1, 1, 1, 1, 1, 1, 1, 1, 1, 1, 1, 1, 1, 1, 1, 1, 1, 1, 1, 1, 1, 1, 1, 1, 1, 1], [1, 1, 1, 1, 1, 1, 1, 1, 1, 1, 1, 1, 1, 1, 1, 1, 1, 1, 1, 1, 1, 1, 1, 1, 1, 1, 1, 1, 1, 1, 1, 1, 1, 1, 1, 1, 1, 1, 1, 1, 1, 1, 1, 1, 1, 1, 1, 1, 1, 1]]

means=tensor([0.0154, 0.0154, 0.0340, 0.0438, 0.0376, 0.0258, 0.0308, 0.0255, 0.0357,
        0.0332, 0.0320, 0.0405, 0.0324, 0.0027, 0.0031, 0.0031, 0.0015, 0.0026,
        0.0036, 0.0031, 0.0046, 0.0028, 0.0031, 0.0020, 0.0018, 0.0030, 0.0020,
        0.0030, 0.0034, 0.0026, 0.0045, 0.0033, 0.0036, 0.0034, 0.0043, 0.0029,
        0.0029, 0.0030, 0.0034, 0.0042, 0.0033, 0.0040, 0.0022, 0.0043, 0.0032,
        0.0016, 0.0027, 0.0029, 0.0027, 0.0026, 0.0036, 0.0029, 0.0023, 0.0041,
        0.0028, 0.0041, 0.0042, 0.0031, 0.0029, 0.0042, 0.0024, 0.0029, 0.0044,
        0.0026, 0.0030, 0.0033, 0.0030, 0.0035, 0.0024, 0.0030, 0.0029, 0.0030,
        0.0048, 0.0039, 0.0027, 0.0029, 0.0029, 0.0044, 0.0024, 0.0041, 0.0027,
        0.0025, 0.0043, 0.0030, 0.0036, 0.0027, 0.0044, 0.0028, 0.0036, 0.0025,
        0.0025, 0.0025, 0.0028, 0.0028, 0.0037, 0.0026, 0.0033, 0.0026, 0.0027,
        0.0033, 0.0025, 0.0027, 0.0030, 0.0029, 0.0047, 0.0030, 0.0036, 0.0027,
        0.0042, 0.0042, 0.0030, 0.0035, 0.0031], grad_fn=<CatBackward>)

mean_overall=tensor(0.0064, grad_fn=<MeanBackward0>)

-----------------------------------------------ITERATION220-----------------------------------------------

final_causality=[[1, 1, 1, 1, 1, 1, 1, 1, 1, 1, 1, 1, 1], [1, 1, 1, 1, 1, 1, 1, 1, 1, 1, 1, 1, 1, 1, 1, 1, 1, 1, 1, 1, 1, 1, 1, 1, 1, 1, 1, 1, 1, 1, 1, 1, 1, 1, 1, 1, 1, 1, 1, 1, 1, 1, 1, 1, 1, 1, 1, 1, 1, 1], [1, 1, 1, 1, 1, 1, 1, 1, 1, 1, 1, 1, 1, 1, 1, 1, 1, 1, 1, 1, 1, 1, 1, 1, 1, 1, 1, 1, 1, 1, 1, 1, 1, 1, 1, 1, 1, 1, 1, 1, 1, 1, 1, 1, 1, 1, 1, 1, 1, 1]]

means=tensor([0.0179, 0.0180, 0.0390, 0.0501, 0.0431, 0.0300, 0.0341, 0.0299, 0.0386,
        0.0364, 0.0361, 0.0474, 0.0378, 0.0030, 0.0034, 0.0035, 0.0018, 0.0029,
        0.0038, 0.0034, 0.0051, 0.0031, 0.0035, 0.0024, 0.0021, 0.0033, 0.0023,
        0.0033, 0.0038, 0.0028, 0.0050, 0.0036, 0.0039, 0.0038, 0.0048, 0.0032,
        0.0032, 0.0033, 0.0037, 0.0047, 0.0037, 0.0044, 0.0024, 0.0047, 0.0035,
        0.0019, 0.0031, 0.0032, 0.0030, 0.0030, 0.0041, 0.0032, 0.0026, 0.0045,
        0.0032, 0.0045, 0.0046, 0.0035, 0.0032, 0.0047, 0.0026, 0.0032, 0.0048,
        0.0030, 0.0034, 0.0036, 0.0033, 0.0039, 0.0027, 0.0034, 0.0033, 0.0033,
        0.0052, 0.0044, 0.0030, 0.0033, 0.0032, 0.0048, 0.0028, 0.0045, 0.0030,
        0.0028, 0.0047, 0.0034, 0.0039, 0.0031, 0.0048, 0.0031, 0.0039, 0.0029,
        0.0028, 0.0028, 0.0032, 0.0032, 0.0041, 0.0030, 0.0036, 0.0029, 0.0030,
        0.0037, 0.0028, 0.0031, 0.0033, 0.0032, 0.0052, 0.0034, 0.0040, 0.0031,
        0.0046, 0.0046, 0.0033, 0.0039, 0.0035], grad_fn=<CatBackward>)

mean_overall=tensor(0.0072, grad_fn=<MeanBackward0>)

-----------------------------------------------ITERATION230-----------------------------------------------

final_causality=[[1, 1, 1, 1, 1, 1, 1, 1, 1, 1, 1, 1, 1], [1, 1, 1, 1, 1, 1, 1, 1, 1, 1, 1, 1, 1, 1, 1, 1, 1, 1, 1, 1, 1, 1, 1, 1, 1, 1, 1, 1, 1, 1, 1, 1, 1, 1, 1, 1, 1, 1, 1, 1, 1, 1, 1, 1, 1, 1, 1, 1, 1, 1], [1, 1, 1, 1, 1, 1, 1, 1, 1, 1, 1, 1, 1, 1, 1, 1, 1, 1, 1, 1, 1, 1, 1, 1, 1, 1, 1, 1, 1, 1, 1, 1, 1, 1, 1, 1, 1, 1, 1, 1, 1, 1, 1, 1, 1, 1, 1, 1, 1, 1]]

means=tensor([0.0206, 0.0208, 0.0446, 0.0568, 0.0489, 0.0347, 0.0375, 0.0348, 0.0409,
        0.0393, 0.0406, 0.0552, 0.0437, 0.0033, 0.0038, 0.0039, 0.0020, 0.0032,
        0.0041, 0.0037, 0.0056, 0.0035, 0.0040, 0.0028, 0.0023, 0.0036, 0.0025,
        0.0035, 0.0041, 0.0030, 0.0054, 0.0040, 0.0042, 0.0041, 0.0053, 0.0035,
        0.0035, 0.0036, 0.0041, 0.0051, 0.0040, 0.0048, 0.0027, 0.0051, 0.0039,
        0.0022, 0.0035, 0.0037, 0.0034, 0.0034, 0.0045, 0.0036, 0.0028, 0.0049,
        0.0036, 0.0049, 0.0050, 0.0040, 0.0035, 0.0052, 0.0028, 0.0035, 0.0053,
        0.0033, 0.0037, 0.0039, 0.0037, 0.0042, 0.0030, 0.0037, 0.0036, 0.0036,
        0.0056, 0.0047, 0.0034, 0.0037, 0.0036, 0.0053, 0.0031, 0.0048, 0.0033,
        0.0031, 0.0051, 0.0037, 0.0042, 0.0034, 0.0052, 0.0034, 0.0043, 0.0032,
        0.0031, 0.0031, 0.0035, 0.0035, 0.0045, 0.0033, 0.0040, 0.0033, 0.0034,
        0.0041, 0.0031, 0.0034, 0.0037, 0.0036, 0.0056, 0.0038, 0.0044, 0.0035,
        0.0050, 0.0050, 0.0037, 0.0043, 0.0039], grad_fn=<CatBackward>)

mean_overall=tensor(0.0080, grad_fn=<MeanBackward0>)

-----------------------------------------------ITERATION240-----------------------------------------------

final_causality=[[1, 1, 1, 1, 1, 1, 1, 1, 1, 1, 1, 1, 1], [1, 1, 1, 1, 1, 1, 1, 1, 1, 1, 1, 1, 1, 1, 1, 1, 1, 1, 1, 1, 1, 1, 1, 1, 1, 1, 1, 1, 1, 1, 1, 1, 1, 1, 1, 1, 1, 1, 1, 1, 1, 1, 1, 1, 1, 1, 1, 1, 1, 1], [1, 1, 1, 1, 1, 1, 1, 1, 1, 1, 1, 1, 1, 1, 1, 1, 1, 1, 1, 1, 1, 1, 1, 1, 1, 1, 1, 1, 1, 1, 1, 1, 1, 1, 1, 1, 1, 1, 1, 1, 1, 1, 1, 1, 1, 1, 1, 1, 1, 1]]

means=tensor([0.0236, 0.0239, 0.0506, 0.0638, 0.0550, 0.0398, 0.0410, 0.0402, 0.0425,
        0.0417, 0.0455, 0.0639, 0.0503, 0.0037, 0.0043, 0.0043, 0.0023, 0.0036,
        0.0044, 0.0040, 0.0061, 0.0038, 0.0045, 0.0032, 0.0027, 0.0040, 0.0028,
        0.0038, 0.0046, 0.0032, 0.0059, 0.0043, 0.0045, 0.0044, 0.0057, 0.0037,
        0.0038, 0.0040, 0.0045, 0.0056, 0.0043, 0.0051, 0.0029, 0.0056, 0.0042,
        0.0024, 0.0040, 0.0041, 0.0039, 0.0039, 0.0051, 0.0039, 0.0031, 0.0053,
        0.0040, 0.0054, 0.0054, 0.0044, 0.0038, 0.0058, 0.0030, 0.0038, 0.0057,
        0.0037, 0.0041, 0.0043, 0.0040, 0.0046, 0.0034, 0.0041, 0.0039, 0.0039,
        0.0060, 0.0051, 0.0037, 0.0040, 0.0039, 0.0057, 0.0034, 0.0052, 0.0036,
        0.0034, 0.0055, 0.0041, 0.0046, 0.0038, 0.0055, 0.0038, 0.0047, 0.0035,
        0.0034, 0.0034, 0.0038, 0.0039, 0.0049, 0.0036, 0.0043, 0.0036, 0.0037,
        0.0045, 0.0034, 0.0038, 0.0040, 0.0039, 0.0060, 0.0041, 0.0047, 0.0038,
        0.0053, 0.0054, 0.0041, 0.0047, 0.0042], grad_fn=<CatBackward>)

mean_overall=tensor(0.0089, grad_fn=<MeanBackward0>)

-----------------------------------------------ITERATION250-----------------------------------------------

final_causality=[[1, 1, 1, 1, 1, 1, 1, 1, 1, 1, 1, 1, 1], [1, 1, 1, 1, 1, 1, 1, 1, 1, 1, 1, 1, 1, 1, 1, 1, 1, 1, 1, 1, 1, 1, 1, 1, 1, 1, 1, 1, 1, 1, 1, 1, 1, 1, 1, 1, 1, 1, 1, 1, 1, 1, 1, 1, 1, 1, 1, 1, 1, 1], [1, 1, 1, 1, 1, 1, 1, 1, 1, 1, 1, 1, 1, 1, 1, 1, 1, 1, 1, 1, 1, 1, 1, 1, 1, 1, 1, 1, 1, 1, 1, 1, 1, 1, 1, 1, 1, 1, 1, 1, 1, 1, 1, 1, 1, 1, 1, 1, 1, 1]]

means=tensor([0.0269, 0.0273, 0.0571, 0.0711, 0.0613, 0.0455, 0.0448, 0.0462, 0.0434,
        0.0437, 0.0508, 0.0737, 0.0575, 0.0040, 0.0049, 0.0049, 0.0026, 0.0039,
        0.0046, 0.0043, 0.0066, 0.0041, 0.0050, 0.0037, 0.0031, 0.0043, 0.0031,
        0.0041, 0.0050, 0.0034, 0.0064, 0.0047, 0.0049, 0.0048, 0.0062, 0.0040,
        0.0041, 0.0044, 0.0051, 0.0060, 0.0047, 0.0055, 0.0032, 0.0060, 0.0045,
        0.0027, 0.0045, 0.0047, 0.0043, 0.0045, 0.0056, 0.0043, 0.0036, 0.0057,
        0.0045, 0.0058, 0.0058, 0.0049, 0.0041, 0.0063, 0.0032, 0.0041, 0.0061,
        0.0040, 0.0045, 0.0046, 0.0043, 0.0049, 0.0037, 0.0045, 0.0043, 0.0042,
        0.0064, 0.0055, 0.0040, 0.0044, 0.0043, 0.0060, 0.0038, 0.0055, 0.0039,
        0.0037, 0.0059, 0.0044, 0.0049, 0.0041, 0.0059, 0.0041, 0.0050, 0.0039,
        0.0038, 0.0037, 0.0041, 0.0042, 0.0052, 0.0039, 0.0047, 0.0040, 0.0040,
        0.0049, 0.0037, 0.0041, 0.0043, 0.0043, 0.0064, 0.0045, 0.0051, 0.0041,
        0.0057, 0.0057, 0.0044, 0.0051, 0.0046], grad_fn=<CatBackward>)

mean_overall=tensor(0.0098, grad_fn=<MeanBackward0>)

-----------------------------------------------ITERATION260-----------------------------------------------

final_causality=[[1, 1, 1, 1, 1, 1, 1, 1, 1, 1, 1, 1, 1], [1, 1, 1, 1, 1, 1, 1, 1, 1, 1, 1, 1, 1, 1, 1, 1, 1, 1, 1, 1, 1, 1, 1, 1, 1, 1, 1, 1, 1, 1, 1, 1, 1, 1, 1, 1, 1, 1, 1, 1, 1, 1, 1, 1, 1, 1, 1, 1, 1, 1], [1, 1, 1, 1, 1, 1, 1, 1, 1, 1, 1, 1, 1, 1, 1, 1, 1, 1, 1, 1, 1, 1, 1, 1, 1, 1, 1, 1, 1, 1, 1, 1, 1, 1, 1, 1, 1, 1, 1, 1, 1, 1, 1, 1, 1, 1, 1, 1, 1, 1]]

means=tensor([0.0305, 0.0311, 0.0643, 0.0784, 0.0679, 0.0516, 0.0488, 0.0528, 0.0437,
        0.0451, 0.0566, 0.0843, 0.0653, 0.0044, 0.0055, 0.0055, 0.0030, 0.0042,
        0.0049, 0.0046, 0.0071, 0.0044, 0.0056, 0.0043, 0.0036, 0.0046, 0.0034,
        0.0044, 0.0054, 0.0036, 0.0069, 0.0050, 0.0052, 0.0052, 0.0067, 0.0042,
        0.0044, 0.0050, 0.0057, 0.0065, 0.0050, 0.0059, 0.0034, 0.0065, 0.0048,
        0.0030, 0.0051, 0.0052, 0.0048, 0.0050, 0.0062, 0.0047, 0.0041, 0.0061,
        0.0050, 0.0063, 0.0062, 0.0055, 0.0044, 0.0069, 0.0034, 0.0044, 0.0066,
        0.0044, 0.0048, 0.0049, 0.0047, 0.0053, 0.0040, 0.0048, 0.0046, 0.0045,
        0.0067, 0.0058, 0.0043, 0.0047, 0.0046, 0.0064, 0.0041, 0.0059, 0.0041,
        0.0040, 0.0063, 0.0047, 0.0052, 0.0045, 0.0063, 0.0045, 0.0054, 0.0042,
        0.0041, 0.0041, 0.0045, 0.0045, 0.0056, 0.0042, 0.0050, 0.0043, 0.0044,
        0.0053, 0.0040, 0.0045, 0.0047, 0.0046, 0.0067, 0.0048, 0.0054, 0.0045,
        0.0061, 0.0061, 0.0048, 0.0054, 0.0049], grad_fn=<CatBackward>)

mean_overall=tensor(0.0108, grad_fn=<MeanBackward0>)

-----------------------------------------------ITERATION270-----------------------------------------------

final_causality=[[1, 1, 1, 1, 1, 1, 1, 1, 1, 1, 1, 1, 1], [1, 1, 1, 1, 1, 1, 1, 1, 1, 1, 1, 1, 1, 1, 1, 1, 1, 1, 1, 1, 1, 1, 1, 1, 1, 1, 1, 1, 1, 1, 1, 1, 1, 1, 1, 1, 1, 1, 1, 1, 1, 1, 1, 1, 1, 1, 1, 1, 1, 1], [1, 1, 1, 1, 1, 1, 1, 1, 1, 1, 1, 1, 1, 1, 1, 1, 1, 1, 1, 1, 1, 1, 1, 1, 1, 1, 1, 1, 1, 1, 1, 1, 1, 1, 1, 1, 1, 1, 1, 1, 1, 1, 1, 1, 1, 1, 1, 1, 1, 1]]

means=tensor([0.0343, 0.0351, 0.0721, 0.0855, 0.0746, 0.0583, 0.0531, 0.0599, 0.0435,
        0.0462, 0.0628, 0.0960, 0.0739, 0.0047, 0.0062, 0.0062, 0.0034, 0.0046,
        0.0051, 0.0049, 0.0076, 0.0047, 0.0063, 0.0050, 0.0040, 0.0050, 0.0038,
        0.0048, 0.0058, 0.0039, 0.0074, 0.0054, 0.0056, 0.0055, 0.0072, 0.0044,
        0.0047, 0.0055, 0.0064, 0.0069, 0.0053, 0.0063, 0.0036, 0.0069, 0.0051,
        0.0032, 0.0058, 0.0058, 0.0054, 0.0056, 0.0069, 0.0052, 0.0046, 0.0064,
        0.0055, 0.0068, 0.0066, 0.0061, 0.0047, 0.0075, 0.0036, 0.0047, 0.0071,
        0.0047, 0.0051, 0.0052, 0.0050, 0.0056, 0.0044, 0.0051, 0.0049, 0.0048,
        0.0070, 0.0061, 0.0047, 0.0050, 0.0050, 0.0068, 0.0044, 0.0062, 0.0045,
        0.0044, 0.0066, 0.0050, 0.0055, 0.0048, 0.0066, 0.0048, 0.0057, 0.0045,
        0.0044, 0.0044, 0.0048, 0.0048, 0.0059, 0.0045, 0.0054, 0.0046, 0.0047,
        0.0056, 0.0043, 0.0048, 0.0050, 0.0049, 0.0071, 0.0052, 0.0057, 0.0048,
        0.0064, 0.0064, 0.0051, 0.0058, 0.0053], grad_fn=<CatBackward>)

mean_overall=tensor(0.0118, grad_fn=<MeanBackward0>)

-----------------------------------------------ITERATION280-----------------------------------------------

final_causality=[[1, 1, 1, 1, 1, 1, 1, 1, 1, 1, 1, 1, 1], [1, 1, 1, 1, 1, 1, 1, 1, 1, 1, 1, 1, 1, 1, 1, 1, 1, 1, 1, 1, 1, 1, 1, 1, 1, 1, 1, 1, 1, 1, 1, 1, 1, 1, 1, 1, 1, 1, 1, 1, 1, 1, 1, 1, 1, 1, 1, 1, 1, 1], [1, 1, 1, 1, 1, 1, 1, 1, 1, 1, 1, 1, 1, 1, 1, 1, 1, 1, 1, 1, 1, 1, 1, 1, 1, 1, 1, 1, 1, 1, 1, 1, 1, 1, 1, 1, 1, 1, 1, 1, 1, 1, 1, 1, 1, 1, 1, 1, 1, 1]]

means=tensor([0.0385, 0.0395, 0.0807, 0.0922, 0.0815, 0.0656, 0.0578, 0.0676, 0.0430,
        0.0469, 0.0695, 0.1087, 0.0832, 0.0051, 0.0069, 0.0069, 0.0038, 0.0049,
        0.0054, 0.0052, 0.0081, 0.0051, 0.0069, 0.0057, 0.0046, 0.0053, 0.0043,
        0.0051, 0.0063, 0.0042, 0.0079, 0.0058, 0.0059, 0.0058, 0.0077, 0.0046,
        0.0051, 0.0061, 0.0071, 0.0073, 0.0056, 0.0067, 0.0039, 0.0074, 0.0054,
        0.0035, 0.0065, 0.0064, 0.0059, 0.0063, 0.0076, 0.0058, 0.0052, 0.0068,
        0.0060, 0.0072, 0.0070, 0.0067, 0.0050, 0.0080, 0.0038, 0.0051, 0.0075,
        0.0050, 0.0055, 0.0058, 0.0053, 0.0060, 0.0048, 0.0055, 0.0052, 0.0052,
        0.0073, 0.0066, 0.0053, 0.0055, 0.0053, 0.0073, 0.0048, 0.0068, 0.0048,
        0.0050, 0.0070, 0.0053, 0.0061, 0.0053, 0.0070, 0.0054, 0.0060, 0.0049,
        0.0047, 0.0048, 0.0051, 0.0054, 0.0062, 0.0048, 0.0060, 0.0050, 0.0050,
        0.0060, 0.0046, 0.0051, 0.0053, 0.0054, 0.0074, 0.0055, 0.0060, 0.0051,
        0.0068, 0.0068, 0.0055, 0.0061, 0.0056], grad_fn=<CatBackward>)

mean_overall=tensor(0.0129, grad_fn=<MeanBackward0>)

-----------------------------------------------ITERATION290-----------------------------------------------

final_causality=[[1, 1, 1, 1, 1, 1, 1, 1, 1, 1, 1, 1, 1], [1, 1, 1, 1, 1, 1, 1, 1, 1, 1, 1, 1, 1, 1, 1, 1, 1, 1, 1, 1, 1, 1, 1, 1, 1, 1, 1, 1, 1, 1, 1, 1, 1, 1, 1, 1, 1, 1, 1, 1, 1, 1, 1, 1, 1, 1, 1, 1, 1, 1], [1, 1, 1, 1, 1, 1, 1, 1, 1, 1, 1, 1, 1, 1, 1, 1, 1, 1, 1, 1, 1, 1, 1, 1, 1, 1, 1, 1, 1, 1, 1, 1, 1, 1, 1, 1, 1, 1, 1, 1, 1, 1, 1, 1, 1, 1, 1, 1, 1, 1]]

means=tensor([0.0429, 0.0442, 0.0901, 0.0982, 0.0885, 0.0734, 0.0630, 0.0759, 0.0423,
        0.0475, 0.0765, 0.1223, 0.0933, 0.0055, 0.0076, 0.0076, 0.0042, 0.0052,
        0.0058, 0.0055, 0.0087, 0.0056, 0.0076, 0.0065, 0.0051, 0.0058, 0.0048,
        0.0055, 0.0067, 0.0047, 0.0084, 0.0062, 0.0063, 0.0062, 0.0082, 0.0048,
        0.0055, 0.0067, 0.0078, 0.0078, 0.0060, 0.0070, 0.0042, 0.0079, 0.0058,
        0.0038, 0.0071, 0.0070, 0.0066, 0.0070, 0.0083, 0.0064, 0.0058, 0.0072,
        0.0065, 0.0077, 0.0074, 0.0073, 0.0054, 0.0086, 0.0040, 0.0054, 0.0080,
        0.0057, 0.0060, 0.0064, 0.0060, 0.0067, 0.0055, 0.0062, 0.0056, 0.0058,
        0.0080, 0.0073, 0.0059, 0.0062, 0.0059, 0.0081, 0.0055, 0.0076, 0.0052,
        0.0056, 0.0073, 0.0058, 0.0068, 0.0060, 0.0078, 0.0062, 0.0065, 0.0056,
        0.0054, 0.0054, 0.0055, 0.0061, 0.0069, 0.0054, 0.0067, 0.0057, 0.0056,
        0.0065, 0.0052, 0.0058, 0.0057, 0.0061, 0.0079, 0.0062, 0.0065, 0.0055,
        0.0075, 0.0076, 0.0058, 0.0068, 0.0059], grad_fn=<CatBackward>)

mean_overall=tensor(0.0141, grad_fn=<MeanBackward0>)

-----------------------------------------------ITERATION300-----------------------------------------------

final_causality=[[1, 1, 1, 1, 1, 1, 1, 1, 1, 1, 1, 1, 1], [1, 1, 1, 1, 1, 1, 1, 1, 1, 1, 1, 1, 1, 1, 1, 1, 1, 1, 1, 1, 1, 1, 1, 1, 1, 1, 1, 1, 1, 1, 1, 1, 1, 1, 1, 1, 1, 1, 1, 1, 1, 1, 1, 1, 1, 1, 1, 1, 1, 1], [1, 1, 1, 1, 1, 1, 1, 1, 1, 1, 1, 1, 1, 1, 1, 1, 1, 1, 1, 1, 1, 1, 1, 1, 1, 1, 1, 1, 1, 1, 1, 1, 1, 1, 1, 1, 1, 1, 1, 1, 1, 1, 1, 1, 1, 1, 1, 1, 1, 1]]

means=tensor([0.0477, 0.0493, 0.1005, 0.1035, 0.0957, 0.0818, 0.0687, 0.0848, 0.0417,
        0.0480, 0.0836, 0.1369, 0.1042, 0.0060, 0.0083, 0.0083, 0.0046, 0.0055,
        0.0061, 0.0059, 0.0092, 0.0060, 0.0083, 0.0073, 0.0057, 0.0063, 0.0053,
        0.0059, 0.0072, 0.0051, 0.0089, 0.0066, 0.0066, 0.0065, 0.0087, 0.0050,
        0.0059, 0.0073, 0.0085, 0.0082, 0.0063, 0.0074, 0.0045, 0.0084, 0.0063,
        0.0042, 0.0079, 0.0077, 0.0072, 0.0078, 0.0091, 0.0070, 0.0064, 0.0076,
        0.0070, 0.0081, 0.0079, 0.0081, 0.0059, 0.0092, 0.0043, 0.0057, 0.0085,
        0.0064, 0.0067, 0.0071, 0.0067, 0.0075, 0.0062, 0.0069, 0.0062, 0.0065,
        0.0088, 0.0081, 0.0066, 0.0069, 0.0066, 0.0090, 0.0061, 0.0084, 0.0059,
        0.0063, 0.0079, 0.0065, 0.0075, 0.0068, 0.0086, 0.0069, 0.0072, 0.0063,
        0.0061, 0.0062, 0.0061, 0.0068, 0.0076, 0.0061, 0.0074, 0.0064, 0.0063,
        0.0073, 0.0059, 0.0065, 0.0064, 0.0068, 0.0087, 0.0069, 0.0072, 0.0062,
        0.0083, 0.0084, 0.0063, 0.0075, 0.0063], grad_fn=<CatBackward>)

mean_overall=tensor(0.0154, grad_fn=<MeanBackward0>)

-----------------------------------------------ITERATION310-----------------------------------------------

final_causality=[[1, 1, 1, 1, 1, 1, 1, 1, 1, 1, 1, 1, 1], [1, 1, 1, 1, 1, 1, 1, 1, 1, 1, 1, 1, 1, 1, 1, 1, 1, 1, 1, 1, 1, 1, 1, 1, 1, 1, 1, 1, 1, 1, 1, 1, 1, 1, 1, 1, 1, 1, 1, 1, 1, 1, 1, 1, 1, 1, 1, 1, 1, 1], [1, 1, 1, 1, 1, 1, 1, 1, 1, 1, 1, 1, 1, 1, 1, 1, 1, 1, 1, 1, 1, 1, 1, 1, 1, 1, 1, 1, 1, 1, 1, 1, 1, 1, 1, 1, 1, 1, 1, 1, 1, 1, 1, 1, 1, 1, 1, 1, 1, 1]]

means=tensor([0.0527, 0.0547, 0.1119, 0.1079, 0.1031, 0.0909, 0.0750, 0.0943, 0.0412,
        0.0485, 0.0905, 0.1524, 0.1160, 0.0065, 0.0091, 0.0091, 0.0049, 0.0058,
        0.0064, 0.0063, 0.0098, 0.0064, 0.0089, 0.0081, 0.0063, 0.0068, 0.0058,
        0.0063, 0.0078, 0.0056, 0.0094, 0.0070, 0.0070, 0.0069, 0.0092, 0.0052,
        0.0064, 0.0079, 0.0093, 0.0087, 0.0067, 0.0078, 0.0050, 0.0088, 0.0068,
        0.0046, 0.0086, 0.0083, 0.0079, 0.0086, 0.0098, 0.0076, 0.0071, 0.0080,
        0.0075, 0.0086, 0.0083, 0.0089, 0.0064, 0.0098, 0.0046, 0.0060, 0.0090,
        0.0072, 0.0074, 0.0079, 0.0074, 0.0083, 0.0070, 0.0076, 0.0069, 0.0072,
        0.0096, 0.0088, 0.0074, 0.0078, 0.0074, 0.0098, 0.0069, 0.0093, 0.0066,
        0.0070, 0.0086, 0.0072, 0.0083, 0.0076, 0.0095, 0.0078, 0.0079, 0.0071,
        0.0069, 0.0069, 0.0068, 0.0075, 0.0084, 0.0068, 0.0082, 0.0072, 0.0070,
        0.0080, 0.0065, 0.0072, 0.0071, 0.0075, 0.0095, 0.0077, 0.0080, 0.0069,
        0.0091, 0.0092, 0.0070, 0.0083, 0.0070], grad_fn=<CatBackward>)

mean_overall=tensor(0.0168, grad_fn=<MeanBackward0>)

-----------------------------------------------ITERATION320-----------------------------------------------

final_causality=[[1, 1, 1, 1, 1, 1, 1, 1, 1, 1, 1, 1, 1], [1, 1, 1, 1, 1, 1, 1, 1, 1, 1, 1, 1, 1, 1, 1, 1, 1, 1, 1, 1, 1, 1, 1, 1, 1, 1, 1, 1, 1, 1, 1, 1, 1, 1, 1, 1, 1, 1, 1, 1, 1, 1, 1, 1, 1, 1, 1, 1, 1, 1], [1, 1, 1, 1, 1, 1, 1, 1, 1, 1, 1, 1, 1, 1, 1, 1, 1, 1, 1, 1, 1, 1, 1, 1, 1, 1, 1, 1, 1, 1, 1, 1, 1, 1, 1, 1, 1, 1, 1, 1, 1, 1, 1, 1, 1, 1, 1, 1, 1, 1]]

means=tensor([0.0581, 0.0605, 0.1243, 0.1113, 0.1109, 0.1006, 0.0821, 0.1044, 0.0411,
        0.0493, 0.0970, 0.1688, 0.1286, 0.0070, 0.0099, 0.0098, 0.0053, 0.0061,
        0.0068, 0.0068, 0.0103, 0.0068, 0.0096, 0.0090, 0.0069, 0.0073, 0.0063,
        0.0068, 0.0084, 0.0060, 0.0098, 0.0073, 0.0074, 0.0072, 0.0097, 0.0054,
        0.0069, 0.0086, 0.0101, 0.0091, 0.0070, 0.0082, 0.0054, 0.0093, 0.0074,
        0.0049, 0.0093, 0.0090, 0.0085, 0.0094, 0.0106, 0.0082, 0.0080, 0.0084,
        0.0080, 0.0090, 0.0087, 0.0098, 0.0070, 0.0104, 0.0049, 0.0063, 0.0094,
        0.0080, 0.0081, 0.0087, 0.0082, 0.0092, 0.0079, 0.0084, 0.0076, 0.0080,
        0.0105, 0.0096, 0.0082, 0.0086, 0.0082, 0.0108, 0.0076, 0.0102, 0.0074,
        0.0078, 0.0094, 0.0079, 0.0091, 0.0085, 0.0104, 0.0087, 0.0087, 0.0079,
        0.0077, 0.0077, 0.0075, 0.0083, 0.0092, 0.0075, 0.0091, 0.0080, 0.0078,
        0.0088, 0.0073, 0.0080, 0.0079, 0.0082, 0.0104, 0.0085, 0.0087, 0.0077,
        0.0099, 0.0101, 0.0078, 0.0091, 0.0077], grad_fn=<CatBackward>)

mean_overall=tensor(0.0182, grad_fn=<MeanBackward0>)

-----------------------------------------------ITERATION330-----------------------------------------------

final_causality=[[1, 1, 1, 1, 1, 1, 1, 1, 1, 1, 1, 1, 1], [1, 1, 1, 1, 1, 1, 1, 1, 1, 1, 1, 1, 1, 1, 1, 1, 1, 1, 1, 1, 1, 1, 1, 1, 1, 1, 1, 1, 1, 1, 1, 1, 1, 1, 1, 1, 1, 1, 1, 1, 1, 1, 1, 1, 1, 1, 1, 1, 1, 1], [1, 1, 1, 1, 1, 1, 1, 1, 1, 1, 1, 1, 1, 1, 1, 1, 1, 1, 1, 1, 1, 1, 1, 1, 1, 1, 1, 1, 1, 1, 1, 1, 1, 1, 1, 1, 1, 1, 1, 1, 1, 1, 1, 1, 1, 1, 1, 1, 1, 1]]

means=tensor([0.0638, 0.0666, 0.1379, 0.1137, 0.1189, 0.1110, 0.0901, 0.1153, 0.0416,
        0.0503, 0.1028, 0.1861, 0.1422, 0.0076, 0.0107, 0.0106, 0.0057, 0.0064,
        0.0071, 0.0072, 0.0109, 0.0072, 0.0103, 0.0099, 0.0075, 0.0078, 0.0068,
        0.0074, 0.0090, 0.0065, 0.0103, 0.0076, 0.0079, 0.0076, 0.0102, 0.0056,
        0.0073, 0.0092, 0.0109, 0.0096, 0.0073, 0.0086, 0.0059, 0.0098, 0.0079,
        0.0053, 0.0100, 0.0096, 0.0092, 0.0103, 0.0114, 0.0088, 0.0089, 0.0088,
        0.0085, 0.0095, 0.0092, 0.0107, 0.0075, 0.0110, 0.0053, 0.0065, 0.0099,
        0.0088, 0.0088, 0.0095, 0.0090, 0.0101, 0.0087, 0.0093, 0.0083, 0.0088,
        0.0114, 0.0105, 0.0090, 0.0095, 0.0090, 0.0117, 0.0085, 0.0111, 0.0083,
        0.0086, 0.0103, 0.0087, 0.0099, 0.0094, 0.0113, 0.0096, 0.0095, 0.0087,
        0.0086, 0.0086, 0.0083, 0.0091, 0.0101, 0.0083, 0.0100, 0.0089, 0.0085,
        0.0097, 0.0081, 0.0088, 0.0086, 0.0090, 0.0112, 0.0093, 0.0095, 0.0084,
        0.0108, 0.0110, 0.0085, 0.0099, 0.0084], grad_fn=<CatBackward>)

mean_overall=tensor(0.0198, grad_fn=<MeanBackward0>)

-----------------------------------------------ITERATION340-----------------------------------------------

final_causality=[[1, 1, 1, 1, 1, 1, 1, 1, 1, 1, 1, 1, 1], [1, 1, 1, 1, 1, 1, 1, 1, 1, 1, 1, 1, 1, 1, 1, 1, 1, 1, 1, 1, 1, 1, 1, 1, 1, 1, 1, 1, 1, 1, 1, 1, 1, 1, 1, 1, 1, 1, 1, 1, 1, 1, 1, 1, 1, 1, 1, 1, 1, 1], [1, 1, 1, 1, 1, 1, 1, 1, 1, 1, 1, 1, 1, 1, 1, 1, 1, 1, 1, 1, 1, 1, 1, 1, 1, 1, 1, 1, 1, 1, 1, 1, 1, 1, 1, 1, 1, 1, 1, 1, 1, 1, 1, 1, 1, 1, 1, 1, 1, 1]]

means=tensor([0.0699, 0.0731, 0.1527, 0.1151, 0.1271, 0.1220, 0.0991, 0.1267, 0.0426,
        0.0515, 0.1076, 0.2041, 0.1568, 0.0081, 0.0115, 0.0115, 0.0061, 0.0067,
        0.0075, 0.0076, 0.0115, 0.0076, 0.0110, 0.0109, 0.0080, 0.0083, 0.0073,
        0.0079, 0.0097, 0.0069, 0.0107, 0.0080, 0.0083, 0.0081, 0.0107, 0.0059,
        0.0078, 0.0099, 0.0117, 0.0100, 0.0077, 0.0090, 0.0063, 0.0102, 0.0084,
        0.0057, 0.0107, 0.0103, 0.0098, 0.0111, 0.0122, 0.0093, 0.0099, 0.0092,
        0.0090, 0.0099, 0.0096, 0.0117, 0.0080, 0.0116, 0.0059, 0.0068, 0.0104,
        0.0097, 0.0096, 0.0103, 0.0099, 0.0111, 0.0097, 0.0101, 0.0091, 0.0096,
        0.0122, 0.0113, 0.0099, 0.0105, 0.0099, 0.0127, 0.0093, 0.0121, 0.0091,
        0.0094, 0.0111, 0.0095, 0.0108, 0.0103, 0.0123, 0.0106, 0.0103, 0.0096,
        0.0095, 0.0095, 0.0091, 0.0099, 0.0110, 0.0091, 0.0109, 0.0098, 0.0093,
        0.0105, 0.0089, 0.0097, 0.0094, 0.0098, 0.0121, 0.0102, 0.0104, 0.0092,
        0.0116, 0.0120, 0.0094, 0.0107, 0.0092], grad_fn=<CatBackward>)

mean_overall=tensor(0.0213, grad_fn=<MeanBackward0>)

-----------------------------------------------ITERATION350-----------------------------------------------

final_causality=[[1, 1, 1, 1, 1, 1, 1, 1, 1, 1, 1, 1, 1], [1, 1, 1, 1, 1, 1, 1, 1, 1, 1, 1, 1, 1, 1, 1, 1, 1, 1, 1, 1, 1, 1, 1, 1, 1, 1, 1, 1, 1, 1, 1, 1, 1, 1, 1, 1, 1, 1, 1, 1, 1, 1, 1, 1, 1, 1, 1, 1, 1, 1], [1, 1, 1, 1, 1, 1, 1, 1, 1, 1, 1, 1, 1, 1, 1, 1, 1, 1, 1, 1, 1, 1, 1, 1, 1, 1, 1, 1, 1, 1, 1, 1, 1, 1, 1, 1, 1, 1, 1, 1, 1, 1, 1, 1, 1, 1, 1, 1, 1, 1]]

means=tensor([0.0762, 0.0800, 0.1685, 0.1154, 0.1354, 0.1339, 0.1092, 0.1389, 0.0442,
        0.0530, 0.1114, 0.2230, 0.1724, 0.0086, 0.0123, 0.0123, 0.0064, 0.0071,
        0.0078, 0.0080, 0.0121, 0.0080, 0.0116, 0.0119, 0.0086, 0.0089, 0.0078,
        0.0085, 0.0104, 0.0074, 0.0111, 0.0083, 0.0087, 0.0086, 0.0112, 0.0061,
        0.0084, 0.0105, 0.0126, 0.0105, 0.0081, 0.0094, 0.0067, 0.0107, 0.0090,
        0.0062, 0.0114, 0.0110, 0.0105, 0.0120, 0.0129, 0.0099, 0.0109, 0.0096,
        0.0095, 0.0103, 0.0100, 0.0126, 0.0086, 0.0122, 0.0064, 0.0070, 0.0109,
        0.0106, 0.0104, 0.0112, 0.0107, 0.0120, 0.0106, 0.0110, 0.0098, 0.0105,
        0.0132, 0.0122, 0.0107, 0.0114, 0.0108, 0.0136, 0.0102, 0.0131, 0.0101,
        0.0103, 0.0120, 0.0103, 0.0117, 0.0112, 0.0133, 0.0116, 0.0111, 0.0106,
        0.0104, 0.0105, 0.0099, 0.0108, 0.0119, 0.0100, 0.0118, 0.0107, 0.0102,
        0.0114, 0.0097, 0.0105, 0.0103, 0.0107, 0.0130, 0.0111, 0.0112, 0.0101,
        0.0125, 0.0130, 0.0102, 0.0116, 0.0100], grad_fn=<CatBackward>)

mean_overall=tensor(0.0230, grad_fn=<MeanBackward0>)

-----------------------------------------------ITERATION360-----------------------------------------------

final_causality=[[1, 1, 1, 1, 1, 1, 1, 1, 1, 1, 1, 1, 1], [1, 1, 1, 1, 1, 1, 1, 1, 1, 1, 1, 1, 1, 1, 1, 1, 1, 1, 1, 1, 1, 1, 1, 1, 1, 1, 1, 1, 1, 1, 1, 1, 1, 1, 1, 1, 1, 1, 1, 1, 1, 1, 1, 1, 1, 1, 1, 1, 1, 1], [1, 1, 1, 1, 1, 1, 1, 1, 1, 1, 1, 1, 1, 1, 1, 1, 1, 1, 1, 1, 1, 1, 1, 1, 1, 1, 1, 1, 1, 1, 1, 1, 1, 1, 1, 1, 1, 1, 1, 1, 1, 1, 1, 1, 1, 1, 1, 1, 1, 1]]

means=tensor([0.0830, 0.0874, 0.1856, 0.1146, 0.1436, 0.1464, 0.1204, 0.1518, 0.0465,
        0.0544, 0.1142, 0.2425, 0.1890, 0.0092, 0.0132, 0.0131, 0.0068, 0.0075,
        0.0082, 0.0084, 0.0127, 0.0083, 0.0123, 0.0129, 0.0092, 0.0094, 0.0083,
        0.0091, 0.0111, 0.0078, 0.0115, 0.0085, 0.0092, 0.0091, 0.0117, 0.0063,
        0.0089, 0.0112, 0.0134, 0.0109, 0.0084, 0.0098, 0.0071, 0.0111, 0.0095,
        0.0067, 0.0121, 0.0117, 0.0111, 0.0129, 0.0137, 0.0105, 0.0120, 0.0100,
        0.0100, 0.0107, 0.0105, 0.0136, 0.0092, 0.0128, 0.0070, 0.0073, 0.0114,
        0.0116, 0.0112, 0.0121, 0.0117, 0.0130, 0.0116, 0.0119, 0.0106, 0.0114,
        0.0141, 0.0130, 0.0117, 0.0124, 0.0117, 0.0146, 0.0111, 0.0141, 0.0110,
        0.0112, 0.0129, 0.0111, 0.0127, 0.0122, 0.0143, 0.0126, 0.0120, 0.0115,
        0.0114, 0.0115, 0.0107, 0.0117, 0.0128, 0.0109, 0.0128, 0.0116, 0.0110,
        0.0123, 0.0106, 0.0114, 0.0111, 0.0115, 0.0140, 0.0120, 0.0121, 0.0110,
        0.0134, 0.0140, 0.0111, 0.0125, 0.0109], grad_fn=<CatBackward>)

mean_overall=tensor(0.0247, grad_fn=<MeanBackward0>)

-----------------------------------------------ITERATION370-----------------------------------------------

final_causality=[[1, 1, 1, 1, 1, 1, 1, 1, 1, 1, 1, 1, 1], [1, 1, 1, 1, 1, 1, 1, 1, 1, 1, 1, 1, 1, 1, 1, 1, 1, 1, 1, 1, 1, 1, 1, 1, 1, 1, 1, 1, 1, 1, 1, 1, 1, 1, 1, 1, 1, 1, 1, 1, 1, 1, 1, 1, 1, 1, 1, 1, 1, 1], [1, 1, 1, 1, 1, 1, 1, 1, 1, 1, 1, 1, 1, 1, 1, 1, 1, 1, 1, 1, 1, 1, 1, 1, 1, 1, 1, 1, 1, 1, 1, 1, 1, 1, 1, 1, 1, 1, 1, 1, 1, 1, 1, 1, 1, 1, 1, 1, 1, 1]]

means=tensor([0.0901, 0.0951, 0.2038, 0.1127, 0.1516, 0.1598, 0.1330, 0.1654, 0.0493,
        0.0559, 0.1160, 0.2627, 0.2069, 0.0097, 0.0140, 0.0140, 0.0071, 0.0080,
        0.0085, 0.0088, 0.0133, 0.0087, 0.0129, 0.0139, 0.0098, 0.0100, 0.0090,
        0.0097, 0.0118, 0.0082, 0.0118, 0.0088, 0.0096, 0.0095, 0.0121, 0.0066,
        0.0094, 0.0119, 0.0143, 0.0114, 0.0088, 0.0102, 0.0075, 0.0115, 0.0101,
        0.0072, 0.0128, 0.0125, 0.0117, 0.0138, 0.0146, 0.0110, 0.0131, 0.0104,
        0.0105, 0.0111, 0.0109, 0.0147, 0.0098, 0.0134, 0.0075, 0.0077, 0.0119,
        0.0125, 0.0120, 0.0130, 0.0126, 0.0140, 0.0126, 0.0129, 0.0115, 0.0123,
        0.0150, 0.0139, 0.0126, 0.0134, 0.0126, 0.0156, 0.0120, 0.0152, 0.0120,
        0.0121, 0.0138, 0.0120, 0.0136, 0.0132, 0.0153, 0.0136, 0.0128, 0.0125,
        0.0124, 0.0125, 0.0116, 0.0126, 0.0138, 0.0117, 0.0138, 0.0126, 0.0118,
        0.0133, 0.0115, 0.0123, 0.0119, 0.0124, 0.0149, 0.0129, 0.0130, 0.0119,
        0.0143, 0.0150, 0.0120, 0.0134, 0.0118], grad_fn=<CatBackward>)

mean_overall=tensor(0.0264, grad_fn=<MeanBackward0>)

-----------------------------------------------ITERATION380-----------------------------------------------

final_causality=[[1, 1, 1, 1, 1, 1, 1, 1, 1, 1, 1, 1, 1], [1, 1, 1, 1, 1, 1, 1, 1, 1, 1, 1, 1, 1, 1, 1, 1, 1, 1, 1, 1, 1, 1, 1, 1, 1, 1, 1, 1, 1, 1, 1, 1, 1, 1, 1, 1, 1, 1, 1, 1, 1, 1, 1, 1, 1, 1, 1, 1, 1, 1], [1, 1, 1, 1, 1, 1, 1, 1, 1, 1, 1, 1, 1, 1, 1, 1, 1, 1, 1, 1, 1, 1, 1, 1, 1, 1, 1, 1, 1, 1, 1, 1, 1, 1, 1, 1, 1, 1, 1, 1, 1, 1, 1, 1, 1, 1, 1, 1, 1, 1]]

means=tensor([0.0976, 0.1032, 0.2232, 0.1097, 0.1590, 0.1739, 0.1470, 0.1797, 0.0527,
        0.0573, 0.1168, 0.2833, 0.2258, 0.0102, 0.0149, 0.0150, 0.0074, 0.0084,
        0.0089, 0.0092, 0.0139, 0.0091, 0.0136, 0.0149, 0.0105, 0.0105, 0.0098,
        0.0104, 0.0124, 0.0086, 0.0121, 0.0090, 0.0101, 0.0100, 0.0126, 0.0068,
        0.0100, 0.0126, 0.0152, 0.0118, 0.0092, 0.0107, 0.0079, 0.0119, 0.0107,
        0.0077, 0.0134, 0.0133, 0.0123, 0.0147, 0.0154, 0.0116, 0.0142, 0.0108,
        0.0110, 0.0114, 0.0113, 0.0157, 0.0105, 0.0140, 0.0081, 0.0081, 0.0124,
        0.0135, 0.0128, 0.0139, 0.0135, 0.0150, 0.0136, 0.0138, 0.0123, 0.0132,
        0.0159, 0.0148, 0.0135, 0.0144, 0.0136, 0.0167, 0.0129, 0.0162, 0.0130,
        0.0131, 0.0148, 0.0128, 0.0146, 0.0142, 0.0163, 0.0147, 0.0137, 0.0135,
        0.0134, 0.0135, 0.0124, 0.0135, 0.0147, 0.0126, 0.0148, 0.0136, 0.0127,
        0.0142, 0.0124, 0.0133, 0.0128, 0.0132, 0.0158, 0.0138, 0.0138, 0.0128,
        0.0152, 0.0160, 0.0129, 0.0143, 0.0126], grad_fn=<CatBackward>)

mean_overall=tensor(0.0282, grad_fn=<MeanBackward0>)

-----------------------------------------------ITERATION390-----------------------------------------------

final_causality=[[1, 1, 1, 1, 1, 1, 1, 1, 1, 1, 1, 1, 1], [1, 1, 1, 1, 1, 1, 1, 1, 1, 1, 1, 1, 1, 1, 1, 1, 1, 1, 1, 1, 1, 1, 1, 1, 1, 1, 1, 1, 1, 1, 1, 1, 1, 1, 1, 1, 1, 1, 1, 1, 1, 1, 1, 1, 1, 1, 1, 1, 1, 1], [1, 1, 1, 1, 1, 1, 1, 1, 1, 1, 1, 1, 1, 1, 1, 1, 1, 1, 1, 1, 1, 1, 1, 1, 1, 1, 1, 1, 1, 1, 1, 1, 1, 1, 1, 1, 1, 1, 1, 1, 1, 1, 1, 1, 1, 1, 1, 1, 1, 1]]

means=tensor([0.1054, 0.1117, 0.2438, 0.1057, 0.1660, 0.1888, 0.1625, 0.1947, 0.0567,
        0.0587, 0.1167, 0.3043, 0.2460, 0.0107, 0.0157, 0.0159, 0.0077, 0.0089,
        0.0093, 0.0097, 0.0145, 0.0094, 0.0142, 0.0159, 0.0113, 0.0111, 0.0105,
        0.0111, 0.0131, 0.0090, 0.0124, 0.0094, 0.0105, 0.0105, 0.0131, 0.0071,
        0.0105, 0.0133, 0.0161, 0.0123, 0.0096, 0.0111, 0.0083, 0.0123, 0.0113,
        0.0082, 0.0140, 0.0141, 0.0129, 0.0158, 0.0162, 0.0121, 0.0154, 0.0111,
        0.0114, 0.0118, 0.0117, 0.0168, 0.0111, 0.0145, 0.0086, 0.0085, 0.0129,
        0.0145, 0.0136, 0.0148, 0.0145, 0.0160, 0.0146, 0.0148, 0.0131, 0.0141,
        0.0168, 0.0156, 0.0145, 0.0154, 0.0145, 0.0176, 0.0138, 0.0173, 0.0140,
        0.0140, 0.0157, 0.0137, 0.0156, 0.0152, 0.0173, 0.0157, 0.0146, 0.0145,
        0.0144, 0.0145, 0.0133, 0.0144, 0.0157, 0.0135, 0.0158, 0.0146, 0.0135,
        0.0151, 0.0134, 0.0142, 0.0137, 0.0140, 0.0167, 0.0146, 0.0147, 0.0137,
        0.0161, 0.0171, 0.0138, 0.0152, 0.0135], grad_fn=<CatBackward>)

mean_overall=tensor(0.0301, grad_fn=<MeanBackward0>)

-----------------------------------------------ITERATION400-----------------------------------------------

final_causality=[[1, 1, 1, 1, 1, 1, 1, 1, 1, 1, 1, 1, 1], [1, 1, 1, 1, 1, 1, 1, 1, 1, 1, 1, 1, 1, 1, 1, 1, 1, 1, 1, 1, 1, 1, 1, 1, 1, 1, 1, 1, 1, 1, 1, 1, 1, 1, 1, 1, 1, 1, 1, 1, 1, 1, 1, 1, 1, 1, 1, 1, 1, 1], [1, 1, 1, 1, 1, 1, 1, 1, 1, 1, 1, 1, 1, 1, 1, 1, 1, 1, 1, 1, 1, 1, 1, 1, 1, 1, 1, 1, 1, 1, 1, 1, 1, 1, 1, 1, 1, 1, 1, 1, 1, 1, 1, 1, 1, 1, 1, 1, 1, 1]]

means=tensor([0.1137, 0.1207, 0.2657, 0.1007, 0.1722, 0.2045, 0.1797, 0.2105, 0.0614,
        0.0599, 0.1156, 0.3253, 0.2675, 0.0111, 0.0165, 0.0169, 0.0080, 0.0093,
        0.0097, 0.0102, 0.0151, 0.0098, 0.0149, 0.0170, 0.0121, 0.0116, 0.0114,
        0.0118, 0.0138, 0.0094, 0.0127, 0.0098, 0.0110, 0.0110, 0.0136, 0.0073,
        0.0111, 0.0140, 0.0171, 0.0127, 0.0100, 0.0115, 0.0089, 0.0126, 0.0120,
        0.0088, 0.0145, 0.0148, 0.0135, 0.0168, 0.0171, 0.0126, 0.0166, 0.0115,
        0.0119, 0.0122, 0.0121, 0.0179, 0.0117, 0.0151, 0.0091, 0.0089, 0.0134,
        0.0155, 0.0144, 0.0157, 0.0154, 0.0170, 0.0156, 0.0157, 0.0139, 0.0150,
        0.0177, 0.0165, 0.0154, 0.0164, 0.0155, 0.0186, 0.0148, 0.0183, 0.0149,
        0.0150, 0.0166, 0.0145, 0.0165, 0.0162, 0.0183, 0.0167, 0.0154, 0.0155,
        0.0155, 0.0155, 0.0141, 0.0153, 0.0167, 0.0144, 0.0167, 0.0155, 0.0143,
        0.0160, 0.0143, 0.0151, 0.0145, 0.0149, 0.0176, 0.0155, 0.0156, 0.0146,
        0.0169, 0.0181, 0.0147, 0.0161, 0.0144], grad_fn=<CatBackward>)

mean_overall=tensor(0.0319, grad_fn=<MeanBackward0>)

-----------------------------------------------ITERATION410-----------------------------------------------

final_causality=[[1, 1, 1, 1, 1, 1, 1, 1, 1, 1, 1, 1, 1], [1, 1, 1, 1, 1, 1, 1, 1, 1, 1, 1, 1, 1, 1, 1, 1, 1, 1, 1, 1, 1, 1, 1, 1, 1, 1, 1, 1, 1, 1, 1, 1, 1, 1, 1, 1, 1, 1, 1, 1, 1, 1, 1, 1, 1, 1, 1, 1, 1, 1], [1, 1, 1, 1, 1, 1, 1, 1, 1, 1, 1, 1, 1, 1, 1, 1, 1, 1, 1, 1, 1, 1, 1, 1, 1, 1, 1, 1, 1, 1, 1, 1, 1, 1, 1, 1, 1, 1, 1, 1, 1, 1, 1, 1, 1, 1, 1, 1, 1, 1]]

means=tensor([0.1223, 0.1300, 0.2889, 0.0947, 0.1778, 0.2211, 0.1985, 0.2270, 0.0668,
        0.0611, 0.1136, 0.3460, 0.2903, 0.0116, 0.0173, 0.0179, 0.0083, 0.0097,
        0.0101, 0.0107, 0.0157, 0.0101, 0.0155, 0.0179, 0.0129, 0.0121, 0.0122,
        0.0125, 0.0145, 0.0097, 0.0130, 0.0102, 0.0114, 0.0114, 0.0141, 0.0076,
        0.0116, 0.0147, 0.0181, 0.0130, 0.0105, 0.0118, 0.0096, 0.0129, 0.0127,
        0.0093, 0.0150, 0.0156, 0.0140, 0.0178, 0.0180, 0.0131, 0.0178, 0.0118,
        0.0124, 0.0125, 0.0125, 0.0190, 0.0124, 0.0156, 0.0096, 0.0094, 0.0139,
        0.0164, 0.0151, 0.0165, 0.0164, 0.0179, 0.0166, 0.0167, 0.0147, 0.0159,
        0.0186, 0.0173, 0.0163, 0.0174, 0.0164, 0.0195, 0.0156, 0.0193, 0.0159,
        0.0159, 0.0175, 0.0153, 0.0175, 0.0172, 0.0192, 0.0177, 0.0162, 0.0164,
        0.0164, 0.0165, 0.0150, 0.0161, 0.0176, 0.0152, 0.0177, 0.0164, 0.0151,
        0.0168, 0.0152, 0.0160, 0.0153, 0.0157, 0.0184, 0.0163, 0.0164, 0.0155,
        0.0177, 0.0191, 0.0156, 0.0170, 0.0153], grad_fn=<CatBackward>)

mean_overall=tensor(0.0338, grad_fn=<MeanBackward0>)

-----------------------------------------------ITERATION420-----------------------------------------------

final_causality=[[1, 1, 1, 1, 1, 1, 1, 1, 1, 1, 1, 1, 1], [1, 1, 1, 1, 1, 1, 1, 1, 1, 1, 1, 1, 1, 1, 1, 1, 1, 1, 1, 1, 1, 1, 1, 1, 1, 1, 1, 1, 1, 1, 1, 1, 1, 1, 1, 1, 1, 1, 1, 1, 1, 1, 1, 1, 1, 1, 1, 1, 1, 1], [1, 1, 1, 1, 1, 1, 1, 1, 1, 1, 1, 1, 1, 1, 1, 1, 1, 1, 1, 1, 1, 1, 1, 1, 1, 1, 1, 1, 1, 1, 1, 1, 1, 1, 1, 1, 1, 1, 1, 1, 1, 1, 1, 1, 1, 1, 1, 1, 1, 1]]

means=tensor([0.1313, 0.1397, 0.3135, 0.0879, 0.1826, 0.2385, 0.2191, 0.2441, 0.0729,
        0.0621, 0.1108, 0.3661, 0.3144, 0.0120, 0.0182, 0.0189, 0.0086, 0.0101,
        0.0105, 0.0112, 0.0163, 0.0104, 0.0161, 0.0189, 0.0137, 0.0127, 0.0131,
        0.0132, 0.0151, 0.0102, 0.0132, 0.0106, 0.0119, 0.0118, 0.0145, 0.0079,
        0.0122, 0.0154, 0.0191, 0.0134, 0.0109, 0.0122, 0.0102, 0.0132, 0.0134,
        0.0098, 0.0155, 0.0164, 0.0145, 0.0188, 0.0188, 0.0136, 0.0190, 0.0121,
        0.0129, 0.0128, 0.0129, 0.0202, 0.0130, 0.0161, 0.0101, 0.0099, 0.0144,
        0.0173, 0.0158, 0.0173, 0.0173, 0.0188, 0.0175, 0.0175, 0.0155, 0.0167,
        0.0194, 0.0180, 0.0172, 0.0183, 0.0173, 0.0204, 0.0165, 0.0203, 0.0168,
        0.0168, 0.0184, 0.0161, 0.0183, 0.0181, 0.0201, 0.0186, 0.0170, 0.0173,
        0.0174, 0.0175, 0.0157, 0.0170, 0.0185, 0.0160, 0.0186, 0.0173, 0.0159,
        0.0176, 0.0161, 0.0168, 0.0161, 0.0164, 0.0192, 0.0170, 0.0171, 0.0164,
        0.0185, 0.0200, 0.0165, 0.0178, 0.0162], grad_fn=<CatBackward>)

mean_overall=tensor(0.0357, grad_fn=<MeanBackward0>)

-----------------------------------------------ITERATION430-----------------------------------------------

final_causality=[[1, 1, 1, 1, 1, 1, 1, 1, 1, 1, 1, 1, 1], [1, 1, 1, 1, 1, 1, 1, 1, 1, 1, 1, 1, 1, 1, 1, 1, 1, 1, 1, 1, 1, 1, 1, 1, 1, 1, 1, 1, 1, 1, 1, 1, 1, 1, 1, 1, 1, 1, 1, 1, 1, 1, 1, 1, 1, 1, 1, 1, 1, 1], [1, 1, 1, 1, 1, 1, 1, 1, 1, 1, 1, 1, 1, 1, 1, 1, 1, 1, 1, 1, 1, 1, 1, 1, 1, 1, 1, 1, 1, 1, 1, 1, 1, 1, 1, 1, 1, 1, 1, 1, 1, 1, 1, 1, 1, 1, 1, 1, 1, 1]]

means=tensor([0.1408, 0.1498, 0.3394, 0.0802, 0.1867, 0.2568, 0.2416, 0.2619, 0.0798,
        0.0630, 0.1071, 0.3853, 0.3399, 0.0124, 0.0191, 0.0199, 0.0088, 0.0105,
        0.0109, 0.0117, 0.0169, 0.0106, 0.0167, 0.0198, 0.0145, 0.0131, 0.0140,
        0.0140, 0.0158, 0.0106, 0.0134, 0.0111, 0.0123, 0.0123, 0.0150, 0.0082,
        0.0128, 0.0161, 0.0201, 0.0138, 0.0113, 0.0126, 0.0109, 0.0135, 0.0142,
        0.0104, 0.0159, 0.0171, 0.0150, 0.0197, 0.0197, 0.0140, 0.0202, 0.0124,
        0.0133, 0.0131, 0.0133, 0.0213, 0.0136, 0.0166, 0.0106, 0.0103, 0.0148,
        0.0181, 0.0164, 0.0181, 0.0181, 0.0196, 0.0184, 0.0184, 0.0162, 0.0175,
        0.0201, 0.0187, 0.0180, 0.0191, 0.0181, 0.0212, 0.0173, 0.0212, 0.0176,
        0.0177, 0.0192, 0.0168, 0.0192, 0.0190, 0.0209, 0.0195, 0.0177, 0.0182,
        0.0182, 0.0184, 0.0165, 0.0178, 0.0193, 0.0168, 0.0194, 0.0182, 0.0165,
        0.0184, 0.0169, 0.0176, 0.0168, 0.0171, 0.0199, 0.0177, 0.0178, 0.0172,
        0.0192, 0.0209, 0.0173, 0.0186, 0.0170], grad_fn=<CatBackward>)

mean_overall=tensor(0.0377, grad_fn=<MeanBackward0>)

-----------------------------------------------ITERATION440-----------------------------------------------

final_causality=[[1, 1, 1, 1, 1, 1, 1, 1, 1, 1, 1, 1, 1], [1, 1, 1, 1, 1, 1, 1, 1, 1, 1, 1, 1, 1, 1, 1, 1, 1, 1, 1, 1, 1, 1, 1, 1, 1, 1, 1, 1, 1, 1, 1, 1, 1, 1, 1, 1, 1, 1, 1, 1, 1, 1, 1, 1, 1, 1, 1, 1, 1, 1], [1, 1, 1, 1, 1, 1, 1, 1, 1, 1, 1, 1, 1, 1, 1, 1, 1, 1, 1, 1, 1, 1, 1, 1, 1, 1, 1, 1, 1, 1, 1, 1, 1, 1, 1, 1, 1, 1, 1, 1, 1, 1, 1, 1, 1, 1, 1, 1, 1, 1]]

means=tensor([0.1506, 0.1603, 0.3667, 0.0717, 0.1902, 0.2759, 0.2660, 0.2803, 0.0872,
        0.0638, 0.1028, 0.4031, 0.3668, 0.0128, 0.0200, 0.0208, 0.0090, 0.0108,
        0.0113, 0.0122, 0.0175, 0.0109, 0.0172, 0.0207, 0.0153, 0.0136, 0.0149,
        0.0148, 0.0164, 0.0111, 0.0137, 0.0115, 0.0128, 0.0127, 0.0156, 0.0085,
        0.0134, 0.0168, 0.0211, 0.0141, 0.0117, 0.0129, 0.0115, 0.0137, 0.0151,
        0.0109, 0.0162, 0.0178, 0.0154, 0.0207, 0.0206, 0.0144, 0.0213, 0.0126,
        0.0138, 0.0134, 0.0137, 0.0224, 0.0142, 0.0171, 0.0110, 0.0108, 0.0152,
        0.0189, 0.0170, 0.0188, 0.0189, 0.0203, 0.0192, 0.0192, 0.0169, 0.0182,
        0.0208, 0.0194, 0.0188, 0.0199, 0.0189, 0.0220, 0.0181, 0.0220, 0.0184,
        0.0185, 0.0200, 0.0174, 0.0199, 0.0197, 0.0217, 0.0203, 0.0184, 0.0190,
        0.0191, 0.0193, 0.0172, 0.0185, 0.0201, 0.0175, 0.0202, 0.0189, 0.0172,
        0.0191, 0.0177, 0.0183, 0.0175, 0.0177, 0.0205, 0.0183, 0.0185, 0.0179,
        0.0199, 0.0217, 0.0180, 0.0193, 0.0178], grad_fn=<CatBackward>)

mean_overall=tensor(0.0396, grad_fn=<MeanBackward0>)

