-----------------------------------------------ITERATION0-----------------------------------------------

final_causality=[[1, 1, 1, 1, 1, 1, 1, 1, 1, 1, 1, 1, 1], [1, 1, 1, 1, 1, 1, 1, 1, 1, 1, 1, 1, 1, 1, 1, 1, 1, 1, 1, 1, 1, 1, 1, 1, 1, 1, 1, 1, 1, 1, 1, 1, 1, 1, 1, 1, 1, 1, 1, 1, 1, 1, 1, 1, 1, 1, 1, 1, 1, 1], [1, 1, 1, 1, 1, 1, 1, 1, 1, 1, 1, 1, 1, 1, 1, 1, 1, 1, 1, 1, 1, 1, 1, 1, 1, 1, 1, 1, 1, 1, 1, 1, 1, 1, 1, 1, 1, 1, 1, 1, 1, 1, 1, 1, 1, 1, 1, 1, 1, 1]]

means=tensor([4.3850e-05, 3.7290e-06, 2.0731e-04, 8.9554e-05, 2.4565e-04, 1.0285e-04,
        6.4594e-05, 2.5333e-04, 4.4674e-05, 1.3288e-04, 4.5627e-05, 1.1926e-04,
        2.7668e-05, 4.2894e-06, 2.9530e-05, 4.5613e-05, 3.8579e-05, 7.3432e-06,
        1.3580e-04, 5.7286e-06, 2.6137e-04, 2.1107e-04, 5.5605e-06, 5.2982e-05,
        1.1657e-04, 1.3481e-05, 3.3359e-05, 9.2779e-07, 1.4546e-04, 7.5574e-07,
        7.7874e-05, 3.2665e-05, 3.8228e-05, 3.0820e-06, 2.2390e-05, 6.7486e-05,
        4.1396e-05, 1.8196e-05, 5.6477e-05, 5.3463e-05, 3.2988e-05, 7.0957e-05,
        6.7800e-05, 4.2799e-05, 7.7316e-05, 9.9298e-05, 2.1475e-05, 7.0118e-05,
        1.6426e-04, 1.2670e-04, 6.5882e-05, 5.6555e-05, 1.1361e-06, 4.8674e-06,
        1.7770e-05, 1.2388e-04, 8.2591e-05, 7.8322e-05, 6.6596e-05, 4.7359e-05,
        2.3803e-04, 4.6963e-05, 2.3378e-06, 7.3169e-05, 4.7202e-05, 8.9085e-05,
        5.8919e-05, 9.3632e-05, 1.6506e-04, 8.5486e-05, 1.0200e-04, 2.7060e-05,
        1.2537e-04, 9.7064e-05, 6.4146e-05, 7.4381e-05, 8.4919e-05, 5.3057e-05,
        6.8867e-05, 6.0547e-06, 5.3257e-05, 4.8917e-05, 2.2129e-05, 1.1496e-04,
        3.0688e-05, 5.0279e-05, 6.6380e-05, 9.6418e-05, 5.0983e-05, 1.0331e-04,
        2.5599e-05, 4.0926e-05, 1.0896e-04, 3.8188e-05, 5.8506e-05, 7.7918e-05,
        1.0018e-04, 1.3426e-04, 4.0584e-05, 3.6823e-05, 4.4085e-06, 3.6978e-05,
        1.1436e-04, 1.2039e-04, 3.8259e-05, 8.9450e-06, 1.0006e-04, 2.1171e-05,
        1.8128e-04, 4.3106e-05, 3.3372e-05, 8.3144e-06, 6.6644e-05],
       grad_fn=<CatBackward>)

mean_overall=tensor(6.9900e-05, grad_fn=<MeanBackward0>)

-----------------------------------------------ITERATION10-----------------------------------------------

final_causality=[[1, 1, 1, 1, 1, 1, 1, 1, 1, 1, 1, 1, 1], [1, 1, 1, 1, 1, 1, 1, 1, 1, 1, 1, 1, 1, 1, 1, 1, 1, 1, 1, 1, 1, 1, 1, 1, 1, 1, 1, 1, 1, 1, 1, 1, 1, 1, 1, 1, 1, 1, 1, 1, 1, 1, 1, 1, 1, 1, 1, 1, 1, 1], [1, 1, 1, 1, 1, 1, 1, 1, 1, 1, 1, 1, 1, 1, 1, 1, 1, 1, 1, 1, 1, 1, 1, 1, 1, 1, 1, 1, 1, 1, 1, 1, 1, 1, 1, 1, 1, 1, 1, 1, 1, 1, 1, 1, 1, 1, 1, 1, 1, 1]]

means=tensor([4.8641e-05, 6.9897e-06, 1.6815e-04, 1.7330e-05, 2.2702e-04, 6.3391e-05,
        3.0592e-05, 1.8932e-04, 6.7507e-06, 1.7796e-04, 4.8439e-05, 1.6722e-04,
        6.5800e-06, 1.6723e-05, 5.7725e-06, 1.4663e-05, 5.6265e-05, 7.4714e-06,
        1.6922e-04, 2.7726e-05, 2.2793e-04, 1.7282e-04, 4.3596e-05, 2.3511e-05,
        8.5443e-05, 3.2276e-05, 6.0824e-05, 1.3193e-05, 1.1618e-04, 1.6982e-05,
        8.1944e-05, 1.4834e-06, 1.9980e-06, 3.0234e-05, 4.5768e-05, 8.9067e-05,
        7.1009e-06, 8.1454e-06, 8.4465e-06, 8.6835e-05, 6.6523e-05, 4.1745e-05,
        3.1939e-05, 6.7805e-05, 3.6393e-05, 1.3681e-04, 1.4237e-07, 3.0164e-05,
        1.5050e-04, 1.8008e-04, 2.7712e-05, 3.0574e-05, 3.1942e-05, 3.0328e-05,
        5.1135e-05, 9.5701e-05, 5.0469e-05, 9.5400e-05, 1.9920e-05, 8.1460e-05,
        2.6281e-04, 1.3516e-05, 4.4306e-05, 7.1304e-05, 4.2409e-05, 9.4801e-05,
        5.4454e-05, 9.9870e-05, 1.5737e-04, 9.1834e-05, 1.0234e-04, 2.3259e-05,
        1.2955e-04, 9.0987e-05, 6.1856e-05, 7.4477e-05, 8.6306e-05, 5.7739e-05,
        8.1250e-05, 9.6648e-06, 5.5710e-05, 4.1866e-05, 2.5308e-05, 1.2203e-04,
        2.6470e-05, 4.6679e-05, 7.1674e-05, 9.2490e-05, 4.6899e-05, 1.0609e-04,
        2.7874e-05, 4.4501e-05, 1.0230e-04, 4.1065e-05, 5.2398e-05, 7.3012e-05,
        9.4761e-05, 1.3531e-04, 4.7978e-05, 2.8867e-05, 1.1825e-06, 4.1717e-05,
        1.1192e-04, 1.2603e-04, 3.3854e-05, 1.6070e-05, 1.0275e-04, 2.8197e-05,
        1.7996e-04, 3.4888e-05, 4.1027e-05, 5.0612e-06, 6.7202e-05],
       grad_fn=<CatBackward>)

mean_overall=tensor(6.7168e-05, grad_fn=<MeanBackward0>)

-----------------------------------------------ITERATION20-----------------------------------------------

final_causality=[[1, 1, 1, 1, 1, 1, 1, 1, 1, 1, 1, 1, 1], [1, 1, 1, 1, 1, 1, 1, 1, 1, 1, 1, 1, 1, 1, 1, 1, 1, 1, 1, 1, 1, 1, 1, 1, 1, 1, 1, 1, 1, 1, 1, 1, 1, 1, 1, 1, 1, 1, 1, 1, 1, 1, 1, 1, 1, 1, 1, 1, 1, 1], [1, 1, 1, 1, 1, 1, 1, 1, 1, 1, 1, 1, 1, 1, 1, 1, 1, 1, 1, 1, 1, 1, 1, 1, 1, 1, 1, 1, 1, 1, 1, 1, 1, 1, 1, 1, 1, 1, 1, 1, 1, 1, 1, 1, 1, 1, 1, 1, 1, 1]]

means=tensor([5.3312e-05, 1.1009e-05, 1.4127e-04, 3.8806e-05, 2.0984e-04, 3.1848e-05,
        6.7694e-06, 1.3795e-04, 3.7950e-05, 2.1465e-04, 5.2237e-05, 2.0053e-04,
        1.1381e-05, 2.7593e-05, 4.2090e-05, 1.1178e-05, 6.8880e-05, 1.9103e-05,
        1.9338e-04, 4.5036e-05, 2.0159e-04, 1.4300e-04, 7.1665e-05, 1.8008e-06,
        6.3543e-05, 4.6250e-05, 8.1299e-05, 2.3672e-05, 9.4237e-05, 3.0346e-05,
        8.4868e-05, 2.7422e-05, 2.9563e-05, 5.6165e-05, 6.2744e-05, 1.0483e-04,
        4.2880e-05, 6.2545e-07, 2.1116e-05, 1.1124e-04, 9.1212e-05, 1.9073e-05,
        3.9946e-06, 8.5484e-05, 5.5564e-06, 1.6526e-04, 1.4715e-05, 6.7347e-07,
        1.3867e-04, 2.2008e-04, 3.2769e-08, 9.4392e-06, 5.5739e-05, 4.9903e-05,
        7.5742e-05, 7.3874e-05, 2.5333e-05, 1.0851e-04, 1.9067e-05, 1.0719e-04,
        2.8061e-04, 1.0222e-05, 7.5515e-05, 6.9176e-05, 3.8692e-05, 9.8769e-05,
        5.0531e-05, 1.0405e-04, 1.5033e-04, 9.6809e-05, 1.0124e-04, 2.0084e-05,
        1.3198e-04, 8.5802e-05, 5.9569e-05, 7.3613e-05, 8.7104e-05, 6.1083e-05,
        9.1404e-05, 1.2916e-05, 5.7195e-05, 3.6989e-05, 2.7945e-05, 1.2702e-04,
        2.3571e-05, 4.3930e-05, 7.5354e-05, 8.8696e-05, 4.4637e-05, 1.0632e-04,
        2.9659e-05, 4.6716e-05, 9.6591e-05, 4.3226e-05, 5.2377e-05, 6.9233e-05,
        9.0273e-05, 1.4043e-04, 5.3544e-05, 2.3240e-05, 1.4969e-06, 4.4987e-05,
        1.0938e-04, 1.2835e-04, 3.1045e-05, 2.1785e-05, 1.0349e-04, 3.3734e-05,
        1.7849e-04, 2.8755e-05, 4.6499e-05, 2.8391e-06, 6.6781e-05],
       grad_fn=<CatBackward>)

mean_overall=tensor(6.9888e-05, grad_fn=<MeanBackward0>)

-----------------------------------------------ITERATION30-----------------------------------------------

final_causality=[[1, 1, 1, 1, 1, 1, 1, 1, 1, 1, 1, 1, 1], [1, 1, 1, 1, 1, 1, 1, 1, 1, 1, 1, 1, 1, 1, 1, 1, 1, 1, 1, 1, 1, 1, 1, 1, 1, 1, 1, 1, 1, 1, 1, 1, 1, 1, 1, 1, 1, 1, 1, 1, 1, 1, 1, 1, 1, 1, 1, 1, 1, 1], [1, 1, 1, 1, 1, 1, 1, 1, 1, 1, 1, 1, 1, 1, 1, 1, 1, 1, 1, 1, 1, 1, 1, 1, 1, 1, 1, 1, 1, 1, 1, 1, 1, 1, 1, 1, 1, 1, 1, 1, 1, 1, 1, 1, 1, 1, 1, 1, 1, 1]]

means=tensor([5.6081e-05, 1.4860e-05, 1.3205e-04, 6.3944e-05, 2.0538e-04, 2.0411e-05,
        1.0254e-05, 1.1921e-04, 5.0641e-05, 2.2907e-04, 5.4249e-05, 2.1308e-04,
        1.8276e-05, 3.1639e-05, 5.5933e-05, 2.3210e-05, 7.3196e-05, 2.3470e-05,
        2.0169e-04, 5.1542e-05, 1.9144e-04, 1.3205e-04, 8.2245e-05, 4.2992e-06,
        5.5211e-05, 5.1525e-05, 8.8697e-05, 2.7379e-05, 8.6167e-05, 3.5283e-05,
        8.6696e-05, 3.7259e-05, 3.9992e-05, 6.5999e-05, 6.9160e-05, 1.1063e-04,
        5.6379e-05, 2.0877e-06, 3.1805e-05, 1.1977e-04, 1.0035e-04, 1.0744e-05,
        7.2893e-06, 9.2004e-05, 4.5239e-06, 1.7631e-04, 2.0206e-05, 6.5161e-06,
        1.3415e-04, 2.3446e-04, 1.4012e-05, 1.4743e-06, 6.4423e-05, 5.7376e-05,
        8.4648e-05, 6.5825e-05, 1.6056e-05, 1.1336e-04, 3.7228e-05, 1.1664e-04,
        2.8727e-04, 1.8924e-05, 8.7457e-05, 6.8201e-05, 3.7116e-05, 1.0015e-04,
        4.9259e-05, 1.0557e-04, 1.4798e-04, 9.8599e-05, 1.0096e-04, 1.8997e-05,
        1.3278e-04, 8.3913e-05, 5.8836e-05, 7.3298e-05, 8.6921e-05, 6.2274e-05,
        9.5061e-05, 1.4147e-05, 5.7327e-05, 3.5144e-05, 2.8888e-05, 1.2898e-04,
        2.2413e-05, 4.3240e-05, 7.6620e-05, 8.7126e-05, 4.4287e-05, 1.0637e-04,
        3.0297e-05, 4.7318e-05, 9.4184e-05, 4.3932e-05, 5.2236e-05, 6.7717e-05,
        8.9131e-05, 1.4206e-04, 5.5544e-05, 2.1161e-05, 2.5446e-06, 4.6101e-05,
        1.0848e-04, 1.2939e-04, 3.0182e-05, 2.3927e-05, 1.0375e-04, 3.5750e-05,
        1.7805e-04, 2.6420e-05, 4.8615e-05, 2.0438e-06, 6.6861e-05],
       grad_fn=<CatBackward>)

mean_overall=tensor(7.2422e-05, grad_fn=<MeanBackward0>)

-----------------------------------------------ITERATION40-----------------------------------------------

final_causality=[[1, 1, 1, 1, 1, 1, 1, 1, 1, 1, 1, 1, 1], [1, 1, 1, 1, 1, 1, 1, 1, 1, 1, 1, 1, 1, 1, 1, 1, 1, 1, 1, 1, 1, 1, 1, 1, 1, 1, 1, 1, 1, 1, 1, 1, 1, 1, 1, 1, 1, 1, 1, 1, 1, 1, 1, 1, 1, 1, 1, 1, 1, 1], [1, 1, 1, 1, 1, 1, 1, 1, 1, 1, 1, 1, 1, 1, 1, 1, 1, 1, 1, 1, 1, 1, 1, 1, 1, 1, 1, 1, 1, 1, 1, 1, 1, 1, 1, 1, 1, 1, 1, 1, 1, 1, 1, 1, 1, 1, 1, 1, 1, 1]]

means=tensor([5.5487e-05, 1.6836e-05, 1.3270e-04, 6.7700e-05, 2.1601e-04, 2.8233e-05,
        1.0934e-05, 1.3073e-04, 5.2581e-05, 2.2064e-04, 5.1681e-05, 2.1327e-04,
        1.3580e-05, 2.9088e-05, 5.1899e-05, 1.8831e-05, 7.1201e-05, 2.2186e-05,
        1.9758e-04, 4.8661e-05, 1.9492e-04, 1.3687e-04, 7.8939e-05, 1.4142e-06,
        5.8520e-05, 4.9694e-05, 8.5524e-05, 2.5885e-05, 8.9329e-05, 3.3146e-05,
        8.5891e-05, 3.3811e-05, 3.6176e-05, 6.1792e-05, 6.7525e-05, 1.0843e-04,
        5.1907e-05, 9.0281e-07, 2.7840e-05, 1.1580e-04, 9.7187e-05, 1.4451e-05,
        1.9398e-06, 9.0064e-05, 2.7245e-07, 1.7288e-04, 1.7652e-05, 3.4020e-06,
        1.3630e-04, 2.2800e-04, 8.6184e-06, 5.0239e-06, 6.0526e-05, 5.4513e-05,
        8.0941e-05, 6.9286e-05, 2.0178e-05, 1.1133e-04, 3.0398e-05, 1.1277e-04,
        2.8510e-04, 1.5507e-05, 8.3547e-05, 6.8630e-05, 3.7377e-05, 9.9567e-05,
        5.0427e-05, 1.0494e-04, 1.5109e-04, 9.7304e-05, 1.0189e-04, 1.9729e-05,
        1.3264e-04, 8.5034e-05, 5.9858e-05, 7.3951e-05, 8.6193e-05, 6.1698e-05,
        9.3113e-05, 1.3394e-05, 5.6656e-05, 3.5584e-05, 2.8403e-05, 1.2847e-04,
        2.2984e-05, 4.3885e-05, 7.6180e-05, 8.7891e-05, 4.4615e-05, 1.0772e-04,
        3.0114e-05, 4.6826e-05, 9.4585e-05, 4.3299e-05, 5.2330e-05, 6.7479e-05,
        9.0696e-05, 1.4168e-04, 5.4591e-05, 2.1717e-05, 2.1894e-06, 4.5599e-05,
        1.0921e-04, 1.3064e-04, 3.0424e-05, 2.2925e-05, 1.0423e-04, 3.4878e-05,
        1.7879e-04, 2.7091e-05, 4.8572e-05, 2.2907e-06, 6.6810e-05],
       grad_fn=<CatBackward>)

mean_overall=tensor(7.1772e-05, grad_fn=<MeanBackward0>)

-----------------------------------------------ITERATION50-----------------------------------------------

final_causality=[[1, 1, 1, 1, 1, 1, 1, 1, 1, 1, 1, 1, 1], [1, 1, 1, 1, 1, 1, 1, 1, 1, 1, 1, 1, 1, 1, 1, 1, 1, 1, 1, 1, 1, 1, 1, 1, 1, 1, 1, 1, 1, 1, 1, 1, 1, 1, 1, 1, 1, 1, 1, 1, 1, 1, 1, 1, 1, 1, 1, 1, 1, 1], [1, 1, 1, 1, 1, 1, 1, 1, 1, 1, 1, 1, 1, 1, 1, 1, 1, 1, 1, 1, 1, 1, 1, 1, 1, 1, 1, 1, 1, 1, 1, 1, 1, 1, 1, 1, 1, 1, 1, 1, 1, 1, 1, 1, 1, 1, 1, 1, 1, 1]]

means=tensor([5.5100e-05, 1.8985e-05, 1.3714e-04, 6.5495e-05, 2.2691e-04, 3.7903e-05,
        8.5367e-06, 1.4573e-04, 5.0364e-05, 2.1045e-04, 4.9782e-05, 2.0917e-04,
        8.5676e-06, 2.5781e-05, 4.4465e-05, 1.1686e-05, 6.8129e-05, 1.9799e-05,
        1.9135e-04, 4.4381e-05, 2.0072e-04, 1.4447e-04, 7.3140e-05, 2.3832e-06,
        6.3739e-05, 4.6667e-05, 8.0661e-05, 2.3756e-05, 9.4427e-05, 2.9921e-05,
        8.4773e-05, 2.8115e-05, 2.9985e-05, 5.5464e-05, 6.4351e-05, 1.0491e-04,
        4.4138e-05, 7.7842e-07, 2.1398e-05, 1.0971e-04, 9.1924e-05, 2.0195e-05,
        4.0129e-06, 8.6614e-05, 6.0329e-06, 1.6719e-04, 1.3900e-05, 1.5801e-06,
        1.3957e-04, 2.1813e-04, 2.4289e-08, 1.0501e-05, 5.4615e-05, 5.0001e-05,
        7.5616e-05, 7.4719e-05, 2.6556e-05, 1.0825e-04, 1.9338e-05, 1.0670e-04,
        2.8156e-04, 1.0031e-05, 7.6892e-05, 6.9211e-05, 3.8198e-05, 9.8642e-05,
        5.1900e-05, 1.0400e-04, 1.5464e-04, 9.5760e-05, 1.0288e-04, 2.0740e-05,
        1.3230e-04, 8.6642e-05, 6.1076e-05, 7.4608e-05, 8.5439e-05, 6.0858e-05,
        9.0236e-05, 1.2365e-05, 5.5889e-05, 3.6555e-05, 2.7731e-05, 1.2754e-04,
        2.3745e-05, 4.4725e-05, 7.5536e-05, 8.9029e-05, 4.5105e-05, 1.0881e-04,
        2.9759e-05, 4.6146e-05, 9.5649e-05, 4.2562e-05, 5.2455e-05, 6.7704e-05,
        9.2775e-05, 1.4078e-04, 5.3162e-05, 2.2769e-05, 1.5859e-06, 4.4824e-05,
        1.1025e-04, 1.3139e-04, 3.0830e-05, 2.1442e-05, 1.0463e-04, 3.3483e-05,
        1.7971e-04, 2.8331e-05, 4.7897e-05, 2.7246e-06, 6.6958e-05],
       grad_fn=<CatBackward>)

mean_overall=tensor(7.0789e-05, grad_fn=<MeanBackward0>)

-----------------------------------------------ITERATION60-----------------------------------------------

final_causality=[[1, 1, 1, 1, 1, 1, 1, 1, 1, 1, 1, 1, 1], [1, 1, 1, 1, 1, 1, 1, 1, 1, 1, 1, 1, 1, 1, 1, 1, 1, 1, 1, 1, 1, 1, 1, 1, 1, 1, 1, 1, 1, 1, 1, 1, 1, 1, 1, 1, 1, 1, 1, 1, 1, 1, 1, 1, 1, 1, 1, 1, 1, 1], [1, 1, 1, 1, 1, 1, 1, 1, 1, 1, 1, 1, 1, 1, 1, 1, 1, 1, 1, 1, 1, 1, 1, 1, 1, 1, 1, 1, 1, 1, 1, 1, 1, 1, 1, 1, 1, 1, 1, 1, 1, 1, 1, 1, 1, 1, 1, 1, 1, 1]]

means=tensor([5.6610e-05, 2.2676e-05, 1.3940e-04, 7.2151e-05, 2.3295e-04, 4.0730e-05,
        8.4949e-06, 1.5023e-04, 5.1768e-05, 2.0921e-04, 5.0216e-05, 2.0908e-04,
        8.4228e-06, 2.4852e-05, 4.3149e-05, 1.0272e-05, 6.7207e-05, 1.9308e-05,
        1.8942e-04, 4.3448e-05, 2.0194e-04, 1.4690e-04, 7.2330e-05, 3.7513e-06,
        6.4947e-05, 4.6199e-05, 7.9548e-05, 2.3289e-05, 9.5790e-05, 2.9208e-05,
        8.5274e-05, 2.7044e-05, 2.8720e-05, 5.4175e-05, 6.4087e-05, 1.0430e-04,
        4.2414e-05, 1.2458e-06, 2.0039e-05, 1.0791e-04, 9.1023e-05, 2.1902e-05,
        5.6665e-06, 8.6221e-05, 7.9748e-06, 1.6697e-04, 1.2916e-05, 3.5656e-06,
        1.4064e-04, 2.1555e-04, 3.5009e-07, 1.2038e-05, 5.3151e-05, 4.9273e-05,
        7.4516e-05, 7.6278e-05, 2.8397e-05, 1.0768e-04, 1.6915e-05, 1.0535e-04,
        2.8142e-04, 8.7074e-06, 7.6060e-05, 6.9261e-05, 3.8386e-05, 9.8435e-05,
        5.2535e-05, 1.0382e-04, 1.5611e-04, 9.5404e-05, 1.0335e-04, 2.1126e-05,
        1.3233e-04, 8.7065e-05, 6.1680e-05, 7.4924e-05, 8.4798e-05, 6.0659e-05,
        8.9443e-05, 1.2096e-05, 5.5344e-05, 3.6725e-05, 2.7604e-05, 1.2763e-04,
        2.3760e-05, 4.5149e-05, 7.5328e-05, 8.9202e-05, 4.5457e-05, 1.0921e-04,
        2.9708e-05, 4.5804e-05, 9.5711e-05, 4.2410e-05, 5.2475e-05, 6.7574e-05,
        9.4183e-05, 1.4050e-04, 5.2822e-05, 2.2983e-05, 1.4364e-06, 4.4664e-05,
        1.1082e-04, 1.3196e-04, 3.0909e-05, 2.1073e-05, 1.0475e-04, 3.3127e-05,
        1.8035e-04, 2.8597e-05, 4.7815e-05, 2.8330e-06, 6.7016e-05],
       grad_fn=<CatBackward>)

mean_overall=tensor(7.0952e-05, grad_fn=<MeanBackward0>)

-----------------------------------------------ITERATION70-----------------------------------------------

final_causality=[[1, 1, 1, 1, 1, 1, 1, 1, 1, 1, 1, 1, 1], [1, 1, 1, 1, 1, 1, 1, 1, 1, 1, 1, 1, 1, 1, 1, 1, 1, 1, 1, 1, 1, 1, 1, 1, 1, 1, 1, 1, 1, 1, 1, 1, 1, 1, 1, 1, 1, 1, 1, 1, 1, 1, 1, 1, 1, 1, 1, 1, 1, 1], [1, 1, 1, 1, 1, 1, 1, 1, 1, 1, 1, 1, 1, 1, 1, 1, 1, 1, 1, 1, 1, 1, 1, 1, 1, 1, 1, 1, 1, 1, 1, 1, 1, 1, 1, 1, 1, 1, 1, 1, 1, 1, 1, 1, 1, 1, 1, 1, 1, 1]]

means=tensor([5.9362e-05, 2.7586e-05, 1.3950e-04, 8.6632e-05, 2.3649e-04, 3.9155e-05,
        1.0816e-05, 1.4782e-04, 5.6714e-05, 2.1388e-04, 5.1933e-05, 2.1269e-04,
        1.1329e-05, 2.5496e-05, 4.6404e-05, 1.2990e-05, 6.7821e-05, 2.0230e-05,
        1.9057e-04, 4.4869e-05, 1.9987e-04, 1.4561e-04, 7.5200e-05, 2.4559e-06,
        6.3306e-05, 4.7598e-05, 8.1103e-05, 2.4081e-05, 9.4464e-05, 3.0273e-05,
        8.5910e-05, 2.9328e-05, 3.1003e-05, 5.6443e-05, 6.6037e-05, 1.0582e-04,
        4.5129e-05, 7.6837e-07, 2.2349e-05, 1.0919e-04, 9.3296e-05, 2.0731e-05,
        3.7968e-06, 8.8103e-05, 6.0622e-06, 1.7072e-04, 1.3857e-05, 1.9082e-06,
        1.4017e-04, 2.1820e-04, 1.5527e-06, 1.0772e-05, 5.4839e-05, 5.1265e-05,
        7.6426e-05, 7.5055e-05, 2.7004e-05, 1.0890e-04, 2.0714e-05, 1.0739e-04,
        2.8375e-04, 1.0371e-05, 7.9092e-05, 6.8957e-05, 3.8122e-05, 9.8765e-05,
        5.2606e-05, 1.0417e-04, 1.5630e-04, 9.5823e-05, 1.0346e-04, 2.1071e-05,
        1.3266e-04, 8.6640e-05, 6.1885e-05, 7.5066e-05, 8.4193e-05, 6.0914e-05,
        9.0162e-05, 1.2350e-05, 5.4933e-05, 3.6268e-05, 2.7861e-05, 1.2850e-04,
        2.3260e-05, 4.5298e-05, 7.5401e-05, 8.8673e-05, 4.5715e-05, 1.0926e-04,
        2.9890e-05, 4.5693e-05, 9.4992e-05, 4.2654e-05, 5.2443e-05, 6.7499e-05,
        9.5122e-05, 1.4075e-04, 5.3262e-05, 2.2578e-05, 1.6158e-06, 4.4950e-05,
        1.1110e-04, 1.3260e-04, 3.0771e-05, 2.1487e-05, 1.0470e-04, 3.3520e-05,
        1.8082e-04, 2.8146e-05, 4.8255e-05, 2.7050e-06, 6.6948e-05],
       grad_fn=<CatBackward>)

mean_overall=tensor(7.1797e-05, grad_fn=<MeanBackward0>)

-----------------------------------------------ITERATION80-----------------------------------------------

final_causality=[[1, 1, 1, 1, 1, 1, 1, 1, 1, 1, 1, 1, 1], [1, 1, 1, 1, 1, 1, 1, 1, 1, 1, 1, 1, 1, 1, 1, 1, 1, 1, 1, 1, 1, 1, 1, 1, 1, 1, 1, 1, 1, 1, 1, 1, 1, 1, 1, 1, 1, 1, 1, 1, 1, 1, 1, 1, 1, 1, 1, 1, 1, 1], [1, 1, 1, 1, 1, 1, 1, 1, 1, 1, 1, 1, 1, 1, 1, 1, 1, 1, 1, 1, 1, 1, 1, 1, 1, 1, 1, 1, 1, 1, 1, 1, 1, 1, 1, 1, 1, 1, 1, 1, 1, 1, 1, 1, 1, 1, 1, 1, 1, 1]]

means=tensor([6.2246e-05, 3.2744e-05, 1.4042e-04, 1.0068e-04, 2.4087e-04, 3.8311e-05,
        1.2618e-05, 1.4668e-04, 6.1145e-05, 2.1793e-04, 5.3714e-05, 2.1560e-04,
        1.4050e-05, 2.5878e-05, 4.8908e-05, 1.5021e-05, 6.8134e-05, 2.0910e-05,
        1.9113e-04, 4.5915e-05, 1.9841e-04, 1.4508e-04, 7.7518e-05, 1.6822e-06,
        6.2175e-05, 4.8715e-05, 8.2203e-05, 2.4651e-05, 9.3650e-05, 3.1053e-05,
        8.6565e-05, 3.1073e-05, 3.2703e-05, 5.8157e-05, 6.7665e-05, 1.0699e-04,
        4.7052e-05, 4.7058e-07, 2.4037e-05, 1.0989e-04, 9.5061e-05, 2.0118e-05,
        2.6185e-06, 8.9645e-05, 4.8847e-06, 1.7395e-04, 1.4463e-05, 9.5690e-07,
        1.4001e-04, 2.1993e-04, 3.9440e-06, 1.0028e-05, 5.5983e-05, 5.2862e-05,
        7.7818e-05, 7.4363e-05, 2.6226e-05, 1.0985e-04, 2.3434e-05, 1.0886e-04,
        2.8576e-04, 1.1504e-05, 8.1611e-05, 6.8699e-05, 3.7940e-05, 9.9009e-05,
        5.2796e-05, 1.0444e-04, 1.5673e-04, 9.6137e-05, 1.0362e-04, 2.1104e-05,
        1.3294e-04, 8.6354e-05, 6.2177e-05, 7.5247e-05, 8.3527e-05, 6.1096e-05,
        9.0632e-05, 1.2523e-05, 5.4456e-05, 3.5921e-05, 2.8065e-05, 1.2930e-04,
        2.2813e-05, 4.5522e-05, 7.5394e-05, 8.8231e-05, 4.6031e-05, 1.0933e-04,
        3.0037e-05, 4.5509e-05, 9.4405e-05, 4.2853e-05, 5.2428e-05, 6.7474e-05,
        9.6262e-05, 1.4089e-04, 5.3574e-05, 2.2291e-05, 1.7351e-06, 4.5160e-05,
        1.1149e-04, 1.3322e-04, 3.0678e-05, 2.1770e-05, 1.0465e-04, 3.3782e-05,
        1.8140e-04, 2.7831e-05, 4.8585e-05, 2.6221e-06, 6.6893e-05],
       grad_fn=<CatBackward>)

mean_overall=tensor(7.2585e-05, grad_fn=<MeanBackward0>)

-----------------------------------------------ITERATION90-----------------------------------------------

final_causality=[[1, 1, 1, 1, 1, 1, 1, 1, 1, 1, 1, 1, 1], [1, 1, 1, 1, 1, 1, 1, 1, 1, 1, 1, 1, 1, 1, 1, 1, 1, 1, 1, 1, 1, 1, 1, 1, 1, 1, 1, 1, 1, 1, 1, 1, 1, 1, 1, 1, 1, 1, 1, 1, 1, 1, 1, 1, 1, 1, 1, 1, 1, 1], [1, 1, 1, 1, 1, 1, 1, 1, 1, 1, 1, 1, 1, 1, 1, 1, 1, 1, 1, 1, 1, 1, 1, 1, 1, 1, 1, 1, 1, 1, 1, 1, 1, 1, 1, 1, 1, 1, 1, 1, 1, 1, 1, 1, 1, 1, 1, 1, 1, 1]]

means=tensor([6.4843e-05, 3.7679e-05, 1.4274e-04, 1.1185e-04, 2.4694e-04, 3.9577e-05,
        1.3264e-05, 1.4894e-04, 6.4091e-05, 2.1949e-04, 5.5104e-05, 2.1685e-04,
        1.5603e-05, 2.5527e-05, 4.9307e-05, 1.5131e-05, 6.7700e-05, 2.0936e-05,
        1.9019e-04, 4.5878e-05, 1.9852e-04, 1.4645e-04, 7.8203e-05, 2.2381e-06,
        6.2399e-05, 4.8990e-05, 8.2066e-05, 2.4806e-05, 9.4162e-05, 3.1015e-05,
        8.7211e-05, 3.1272e-05, 3.2753e-05, 5.8249e-05, 6.8304e-05, 1.0721e-04,
        4.6869e-05, 6.3893e-07, 2.4005e-05, 1.0909e-04, 9.5379e-05, 2.0938e-05,
        3.1976e-06, 9.0177e-05, 5.6054e-06, 1.7552e-04, 1.4150e-05, 1.8131e-06,
        1.4066e-04, 2.1958e-04, 4.0735e-06, 1.0656e-05, 5.5652e-05, 5.3247e-05,
        7.7790e-05, 7.5054e-05, 2.7047e-05, 1.0999e-04, 2.3224e-05, 1.0875e-04,
        2.8672e-04, 1.1206e-05, 8.2297e-05, 6.8596e-05, 3.7976e-05, 9.9008e-05,
        5.3283e-05, 1.0446e-04, 1.5783e-04, 9.6109e-05, 1.0394e-04, 2.1364e-05,
        1.3311e-04, 8.6456e-05, 6.2690e-05, 7.5517e-05, 8.2919e-05, 6.1068e-05,
        9.0400e-05, 1.2457e-05, 5.3885e-05, 3.5872e-05, 2.8099e-05, 1.2979e-04,
        2.2571e-05, 4.5908e-05, 7.5229e-05, 8.8093e-05, 4.6431e-05, 1.0951e-04,
        3.0081e-05, 4.5195e-05, 9.4178e-05, 4.2890e-05, 5.2438e-05, 6.7527e-05,
        9.7774e-05, 1.4076e-04, 5.3526e-05, 2.2305e-05, 1.6959e-06, 4.5168e-05,
        1.1207e-04, 1.3383e-04, 3.0696e-05, 2.1690e-05, 1.0465e-04, 3.3695e-05,
        1.8211e-04, 2.7866e-05, 4.8651e-05, 2.6555e-06, 6.6897e-05],
       grad_fn=<CatBackward>)

mean_overall=tensor(7.3095e-05, grad_fn=<MeanBackward0>)

-----------------------------------------------ITERATION100-----------------------------------------------

final_causality=[[1, 1, 1, 1, 1, 1, 1, 1, 1, 1, 1, 1, 1], [1, 1, 1, 1, 1, 1, 1, 1, 1, 1, 1, 1, 1, 1, 1, 1, 1, 1, 1, 1, 1, 1, 1, 1, 1, 1, 1, 1, 1, 1, 1, 1, 1, 1, 1, 1, 1, 1, 1, 1, 1, 1, 1, 1, 1, 1, 1, 1, 1, 1], [1, 1, 1, 1, 1, 1, 1, 1, 1, 1, 1, 1, 1, 1, 1, 1, 1, 1, 1, 1, 1, 1, 1, 1, 1, 1, 1, 1, 1, 1, 1, 1, 1, 1, 1, 1, 1, 1, 1, 1, 1, 1, 1, 1, 1, 1, 1, 1, 1, 1]]

means=tensor([6.7548e-05, 4.2769e-05, 1.4535e-04, 1.2311e-04, 2.5350e-04, 4.1125e-05,
        1.3798e-05, 1.5168e-04, 6.7005e-05, 2.2089e-04, 5.6531e-05, 2.1796e-04,
        1.7128e-05, 2.5090e-05, 4.9497e-05, 1.5037e-05, 6.7169e-05, 2.0892e-05,
        1.8904e-04, 4.5727e-05, 1.9881e-04, 1.4811e-04, 7.8751e-05, 2.9701e-06,
        6.2781e-05, 4.9184e-05, 8.1794e-05, 2.4932e-05, 9.4848e-05, 3.0889e-05,
        8.7881e-05, 3.1315e-05, 3.2626e-05, 5.8176e-05, 6.8857e-05, 1.0733e-04,
        4.6444e-05, 8.6747e-07, 2.3782e-05, 1.0810e-04, 9.5556e-05, 2.1960e-05,
        4.0031e-06, 9.0625e-05, 6.5729e-06, 1.7699e-04, 1.3723e-05, 2.9128e-06,
        1.4143e-04, 2.1905e-04, 3.9724e-06, 1.1466e-05, 5.5152e-05, 5.3523e-05,
        7.7599e-05, 7.5936e-05, 2.8085e-05, 1.1005e-04, 2.2685e-05, 1.0846e-04,
        2.8760e-04, 1.0734e-05, 8.2817e-05, 6.8505e-05, 3.8037e-05, 9.8979e-05,
        5.3823e-05, 1.0446e-04, 1.5904e-04, 9.6045e-05, 1.0429e-04, 2.1661e-05,
        1.3328e-04, 8.6603e-05, 6.3247e-05, 7.5804e-05, 8.2305e-05, 6.1018e-05,
        9.0084e-05, 1.2364e-05, 5.3288e-05, 3.5856e-05, 2.8117e-05, 1.3026e-04,
        2.2340e-05, 4.6329e-05, 7.5039e-05, 8.7980e-05, 4.6858e-05, 1.0970e-04,
        3.0116e-05, 4.4853e-05, 9.3985e-05, 4.2914e-05, 5.2454e-05, 6.7596e-05,
        9.9401e-05, 1.4060e-04, 5.3437e-05, 2.2355e-05, 1.6373e-06, 4.5153e-05,
        1.1270e-04, 1.3444e-04, 3.0728e-05, 2.1568e-05, 1.0466e-04, 3.3565e-05,
        1.8287e-04, 2.7944e-05, 4.8687e-05, 2.7036e-06, 6.6907e-05],
       grad_fn=<CatBackward>)

mean_overall=tensor(7.3600e-05, grad_fn=<MeanBackward0>)

-----------------------------------------------ITERATION110-----------------------------------------------

final_causality=[[1, 1, 1, 1, 1, 1, 1, 1, 1, 1, 1, 1, 1], [1, 1, 1, 1, 1, 1, 1, 1, 1, 1, 1, 1, 1, 1, 1, 1, 1, 1, 1, 1, 1, 1, 1, 1, 1, 1, 1, 1, 1, 1, 1, 1, 1, 1, 1, 1, 1, 1, 1, 1, 1, 1, 1, 1, 1, 1, 1, 1, 1, 1], [1, 1, 1, 1, 1, 1, 1, 1, 1, 1, 1, 1, 1, 1, 1, 1, 1, 1, 1, 1, 1, 1, 1, 1, 1, 1, 1, 1, 1, 1, 1, 1, 1, 1, 1, 1, 1, 1, 1, 1, 1, 1, 1, 1, 1, 1, 1, 1, 1, 1]]

means=tensor([7.0635e-05, 4.8329e-05, 1.4770e-04, 1.3640e-04, 2.5992e-04, 4.1943e-05,
        1.4822e-05, 1.5329e-04, 7.0760e-05, 2.2347e-04, 5.8261e-05, 2.1982e-04,
        1.9292e-05, 2.4918e-05, 5.0557e-05, 1.5703e-05, 6.6896e-05, 2.1108e-05,
        1.8841e-04, 4.6002e-05, 1.9852e-04, 1.4915e-04, 8.0008e-05, 3.2329e-06,
        6.2659e-05, 4.9735e-05, 8.1997e-05, 2.5289e-05, 9.5064e-05, 3.1086e-05,
        8.8601e-05, 3.1987e-05, 3.3155e-05, 5.8757e-05, 6.9850e-05, 1.0784e-04,
        4.6821e-05, 9.2926e-07, 2.4229e-05, 1.0764e-04, 9.6327e-05, 2.2494e-05,
        4.1803e-06, 9.1516e-05, 6.8631e-06, 1.7927e-04, 1.3632e-05, 3.3813e-06,
        1.4195e-04, 2.1950e-04, 4.7821e-06, 1.1792e-05, 5.5207e-05, 5.4318e-05,
        7.7960e-05, 7.6338e-05, 2.8570e-05, 1.1044e-04, 2.3270e-05, 1.0879e-04,
        2.8898e-04, 1.0795e-05, 8.4138e-05, 6.8346e-05, 3.8017e-05, 9.9049e-05,
        5.4279e-05, 1.0456e-04, 1.6006e-04, 9.6120e-05, 1.0457e-04, 2.1888e-05,
        1.3351e-04, 8.6604e-05, 6.3751e-05, 7.6073e-05, 8.1660e-05, 6.1048e-05,
        9.0036e-05, 1.2360e-05, 5.2691e-05, 3.5721e-05, 2.8206e-05, 1.3090e-04,
        2.2288e-05, 4.6715e-05, 7.4891e-05, 8.7731e-05, 4.7285e-05, 1.0984e-04,
        3.0195e-05, 4.4536e-05, 9.3640e-05, 4.3009e-05, 5.2470e-05, 6.7644e-05,
        1.0100e-04, 1.4053e-04, 5.3487e-05, 2.2294e-05, 1.6370e-06, 4.5214e-05,
        1.1330e-04, 1.3511e-04, 3.0722e-05, 2.1582e-05, 1.0464e-04, 3.3565e-05,
        1.8364e-04, 2.7891e-05, 4.8827e-05, 2.7098e-06, 6.6893e-05],
       grad_fn=<CatBackward>)

mean_overall=tensor(7.4265e-05, grad_fn=<MeanBackward0>)

-----------------------------------------------ITERATION120-----------------------------------------------

final_causality=[[1, 1, 1, 1, 1, 1, 1, 1, 1, 1, 1, 1, 1], [1, 1, 1, 1, 1, 1, 1, 1, 1, 1, 1, 1, 1, 1, 1, 1, 1, 1, 1, 1, 1, 1, 1, 1, 1, 1, 1, 1, 1, 1, 1, 1, 1, 1, 1, 1, 1, 1, 1, 1, 1, 1, 1, 1, 1, 1, 1, 1, 1, 1], [1, 1, 1, 1, 1, 1, 1, 1, 1, 1, 1, 1, 1, 1, 1, 1, 1, 1, 1, 1, 1, 1, 1, 1, 1, 1, 1, 1, 1, 1, 1, 1, 1, 1, 1, 1, 1, 1, 1, 1, 1, 1, 1, 1, 1, 1, 1, 1, 1, 1]]

means=tensor([7.3962e-05, 5.4206e-05, 1.5009e-04, 1.5071e-04, 2.6657e-04, 4.2599e-05,
        1.6024e-05, 1.5469e-04, 7.4909e-05, 2.2651e-04, 6.0145e-05, 2.2197e-04,
        2.1723e-05, 2.4814e-05, 5.1905e-05, 1.6600e-05, 6.6685e-05, 2.1405e-05,
        1.8790e-04, 4.6404e-05, 1.9806e-04, 1.5005e-04, 8.1513e-05, 3.3786e-06,
        6.2399e-05, 5.0405e-05, 8.2337e-05, 2.5726e-05, 9.5161e-05, 3.1381e-05,
        8.9355e-05, 3.2862e-05, 3.3883e-05, 5.9541e-05, 7.1000e-05, 1.0848e-04,
        4.7427e-05, 9.4833e-07, 2.4874e-05, 1.0731e-04, 9.7288e-05, 2.2918e-05,
        4.1957e-06, 9.2562e-05, 6.9806e-06, 1.8186e-04, 1.3628e-05, 3.6963e-06,
        1.4242e-04, 2.2023e-04, 5.8654e-06, 1.2000e-05, 5.5415e-05, 5.5289e-05,
        7.8486e-05, 7.6626e-05, 2.8925e-05, 1.1093e-04, 2.4182e-05, 1.0930e-04,
        2.9052e-04, 1.1001e-05, 8.5733e-05, 6.8162e-05, 3.7973e-05, 9.9149e-05,
        5.4728e-05, 1.0469e-04, 1.6108e-04, 9.6235e-05, 1.0484e-04, 2.2103e-05,
        1.3376e-04, 8.6568e-05, 6.4256e-05, 7.6346e-05, 8.0987e-05, 6.1103e-05,
        9.0063e-05, 1.2381e-05, 5.2078e-05, 3.5550e-05, 2.8319e-05, 1.3161e-04,
        2.2359e-05, 4.7104e-05, 7.4745e-05, 8.7433e-05, 4.7725e-05, 1.0995e-04,
        3.0290e-05, 4.4215e-05, 9.3245e-05, 4.3127e-05, 5.2491e-05, 6.7690e-05,
        1.0264e-04, 1.4048e-04, 5.3576e-05, 2.2200e-05, 1.6524e-06, 4.5294e-05,
        1.1393e-04, 1.3580e-04, 3.0708e-05, 2.1635e-05, 1.0461e-04, 3.3599e-05,
        1.8444e-04, 2.7802e-05, 4.9002e-05, 2.7049e-06, 6.6872e-05],
       grad_fn=<CatBackward>)

mean_overall=tensor(7.5002e-05, grad_fn=<MeanBackward0>)

-----------------------------------------------ITERATION130-----------------------------------------------

final_causality=[[1, 1, 1, 1, 1, 1, 1, 1, 1, 1, 1, 1, 1], [1, 1, 1, 1, 1, 1, 1, 1, 1, 1, 1, 1, 1, 1, 1, 1, 1, 1, 1, 1, 1, 1, 1, 1, 1, 1, 1, 1, 1, 1, 1, 1, 1, 1, 1, 1, 1, 1, 1, 1, 1, 1, 1, 1, 1, 1, 1, 1, 1, 1], [1, 1, 1, 1, 1, 1, 1, 1, 1, 1, 1, 1, 1, 1, 1, 1, 1, 1, 1, 1, 1, 1, 1, 1, 1, 1, 1, 1, 1, 1, 1, 1, 1, 1, 1, 1, 1, 1, 1, 1, 1, 1, 1, 1, 1, 1, 1, 1, 1, 1]]

means=tensor([7.7377e-05, 6.0211e-05, 1.5277e-04, 1.6505e-04, 2.7373e-04, 4.3583e-05,
        1.7125e-05, 1.5664e-04, 7.9032e-05, 2.2932e-04, 6.2034e-05, 2.2400e-04,
        2.4083e-05, 2.4609e-05, 5.3021e-05, 1.7263e-05, 6.6369e-05, 2.1625e-05,
        1.8717e-04, 4.6885e-05, 1.9781e-04, 1.5126e-04, 8.2858e-05, 3.7147e-06,
        6.2318e-05, 5.0981e-05, 8.2522e-05, 2.6102e-05, 9.5447e-05, 3.1576e-05,
        9.0130e-05, 3.3558e-05, 3.4410e-05, 6.0133e-05, 7.2050e-05, 1.0900e-04,
        4.7764e-05, 1.0330e-06, 2.5304e-05, 1.0676e-04, 9.8085e-05, 2.3561e-05,
        4.4567e-06, 9.3509e-05, 7.3665e-06, 1.8432e-04, 1.3498e-05, 4.2748e-06,
        1.4302e-04, 2.2065e-04, 6.6678e-06, 1.2407e-05, 5.5431e-05, 5.6131e-05,
        7.8832e-05, 7.7121e-05, 2.9516e-05, 1.1133e-04, 2.4722e-05, 1.0961e-04,
        2.9198e-04, 1.1015e-05, 8.7135e-05, 6.8101e-05, 3.7959e-05, 9.9218e-05,
        5.5231e-05, 1.0479e-04, 1.6222e-04, 9.6306e-05, 1.0513e-04, 2.2357e-05,
        1.3401e-04, 8.6585e-05, 6.4808e-05, 7.6636e-05, 8.0295e-05, 6.1130e-05,
        8.9997e-05, 1.2369e-05, 5.1440e-05, 3.5415e-05, 2.8411e-05, 1.3230e-04,
        2.2459e-05, 4.7526e-05, 7.4572e-05, 8.7166e-05, 4.8190e-05, 1.1009e-04,
        3.0374e-05, 4.3866e-05, 9.2888e-05, 4.3228e-05, 5.2521e-05, 6.7748e-05,
        1.0438e-04, 1.4040e-04, 5.3618e-05, 2.2147e-05, 1.6463e-06, 4.5346e-05,
        1.1460e-04, 1.3651e-04, 3.0711e-05, 2.1638e-05, 1.0459e-04, 3.3586e-05,
        1.8529e-04, 2.7759e-05, 4.9147e-05, 2.7160e-06, 6.6858e-05],
       grad_fn=<CatBackward>)

mean_overall=tensor(7.5731e-05, grad_fn=<MeanBackward0>)

-----------------------------------------------ITERATION140-----------------------------------------------

final_causality=[[1, 1, 1, 1, 1, 1, 1, 1, 1, 1, 1, 1, 1], [1, 1, 1, 1, 1, 1, 1, 1, 1, 1, 1, 1, 1, 1, 1, 1, 1, 1, 1, 1, 1, 1, 1, 1, 1, 1, 1, 1, 1, 1, 1, 1, 1, 1, 1, 1, 1, 1, 1, 1, 1, 1, 1, 1, 1, 1, 1, 1, 1, 1], [1, 1, 1, 1, 1, 1, 1, 1, 1, 1, 1, 1, 1, 1, 1, 1, 1, 1, 1, 1, 1, 1, 1, 1, 1, 1, 1, 1, 1, 1, 1, 1, 1, 1, 1, 1, 1, 1, 1, 1, 1, 1, 1, 1, 1, 1, 1, 1, 1, 1]]

means=tensor([8.0929e-05, 6.6395e-05, 1.5564e-04, 1.7974e-04, 2.8127e-04, 4.4710e-05,
        1.8230e-05, 1.5886e-04, 8.3282e-05, 2.3216e-04, 6.3976e-05, 2.2605e-04,
        2.6492e-05, 2.4369e-05, 5.4102e-05, 1.7868e-05, 6.6014e-05, 2.1827e-05,
        1.8636e-04, 4.7566e-05, 1.9763e-04, 1.5261e-04, 8.4196e-05, 4.1240e-06,
        6.2295e-05, 5.1542e-05, 8.2664e-05, 2.6470e-05, 9.5806e-05, 3.1745e-05,
        9.0927e-05, 3.4218e-05, 3.4887e-05, 6.0680e-05, 7.3093e-05, 1.0949e-04,
        4.8020e-05, 1.1420e-06, 2.5674e-05, 1.0614e-04, 9.8851e-05, 2.4296e-05,
        4.8081e-06, 9.4451e-05, 7.8527e-06, 1.8683e-04, 1.3322e-05, 4.9577e-06,
        1.4369e-04, 2.2099e-04, 7.3968e-06, 1.2891e-05, 5.5386e-05, 5.6958e-05,
        7.9126e-05, 7.7701e-05, 3.0204e-05, 1.1172e-04, 2.5154e-05, 1.0986e-04,
        2.9343e-04, 1.0963e-05, 8.8519e-05, 6.8686e-05, 3.7953e-05, 9.9279e-05,
        5.5765e-05, 1.0488e-04, 1.6344e-04, 9.6366e-05, 1.0543e-04, 2.2630e-05,
        1.3427e-04, 8.6620e-05, 6.5388e-05, 7.6936e-05, 7.9583e-05, 6.1150e-05,
        8.9902e-05, 1.2345e-05, 5.0785e-05, 3.5288e-05, 2.8500e-05, 1.3301e-04,
        2.2571e-05, 4.7970e-05, 7.4384e-05, 8.6901e-05, 4.8674e-05, 1.1022e-04,
        3.0457e-05, 4.3500e-05, 9.2538e-05, 4.3326e-05, 5.2558e-05, 6.7813e-05,
        1.0621e-04, 1.4030e-04, 5.3645e-05, 2.2106e-05, 1.6329e-06, 4.5387e-05,
        1.1531e-04, 1.3724e-04, 3.0720e-05, 2.1626e-05, 1.0457e-04, 3.3556e-05,
        1.8617e-04, 2.7730e-05, 4.9286e-05, 2.7328e-06, 6.6846e-05],
       grad_fn=<CatBackward>)

mean_overall=tensor(7.6484e-05, grad_fn=<MeanBackward0>)

-----------------------------------------------ITERATION150-----------------------------------------------

final_causality=[[1, 1, 1, 1, 1, 1, 1, 1, 1, 1, 1, 1, 1], [1, 1, 1, 1, 1, 1, 1, 1, 1, 1, 1, 1, 1, 1, 1, 1, 1, 1, 1, 1, 1, 1, 1, 1, 1, 1, 1, 1, 1, 1, 1, 1, 1, 1, 1, 1, 1, 1, 1, 1, 1, 1, 1, 1, 1, 1, 1, 1, 1, 1], [1, 1, 1, 1, 1, 1, 1, 1, 1, 1, 1, 1, 1, 1, 1, 1, 1, 1, 1, 1, 1, 1, 1, 1, 1, 1, 1, 1, 1, 1, 1, 1, 1, 1, 1, 1, 1, 1, 1, 1, 1, 1, 1, 1, 1, 1, 1, 1, 1, 1]]

means=tensor([8.4685e-05, 7.2843e-05, 1.5861e-04, 1.9519e-04, 2.8909e-04, 4.5782e-05,
        1.9456e-05, 1.6102e-04, 8.7835e-05, 2.3531e-04, 6.6032e-05, 2.2831e-04,
        2.9091e-05, 2.4162e-05, 5.5361e-05, 1.8602e-05, 6.5688e-05, 2.2127e-05,
        1.8560e-04, 4.8326e-05, 1.9736e-04, 1.5391e-04, 8.5694e-05, 4.4808e-06,
        6.2204e-05, 5.2174e-05, 8.2880e-05, 2.6888e-05, 9.6111e-05, 3.1969e-05,
        9.1752e-05, 3.4999e-05, 3.5478e-05, 6.1345e-05, 7.4235e-05, 1.1006e-04,
        4.8398e-05, 1.2313e-06, 2.6152e-05, 1.0559e-04, 9.9730e-05, 2.4991e-05,
        5.0844e-06, 9.5492e-05, 8.2594e-06, 1.8954e-04, 1.3187e-05, 5.5747e-06,
        1.4434e-04, 2.2148e-04, 8.2752e-06, 1.3323e-05, 5.5421e-05, 5.7893e-05,
        7.9511e-05, 7.8234e-05, 3.0838e-05, 1.1216e-04, 2.5762e-05, 1.1021e-04,
        2.9500e-04, 1.0983e-05, 9.0075e-05, 6.9289e-05, 3.8072e-05, 9.9357e-05,
        5.6302e-05, 1.0499e-04, 1.6467e-04, 9.6448e-05, 1.0572e-04, 2.2901e-05,
        1.3455e-04, 8.6697e-05, 6.5976e-05, 7.7242e-05, 7.8850e-05, 6.1184e-05,
        8.9848e-05, 1.2333e-05, 5.0115e-05, 3.5139e-05, 2.8602e-05, 1.3376e-04,
        2.2675e-05, 4.8421e-05, 7.4193e-05, 8.6604e-05, 4.9171e-05, 1.1035e-04,
        3.0551e-05, 4.3126e-05, 9.2157e-05, 4.3438e-05, 5.2603e-05, 6.7877e-05,
        1.0808e-04, 1.4022e-04, 5.3692e-05, 2.2050e-05, 1.6273e-06, 4.5437e-05,
        1.1605e-04, 1.3799e-04, 3.0726e-05, 2.1633e-05, 1.0455e-04, 3.3543e-05,
        1.8709e-04, 2.7684e-05, 4.9446e-05, 2.7444e-06, 6.6829e-05],
       grad_fn=<CatBackward>)

mean_overall=tensor(7.7292e-05, grad_fn=<MeanBackward0>)

-----------------------------------------------ITERATION160-----------------------------------------------

final_causality=[[1, 1, 1, 1, 1, 1, 1, 1, 1, 1, 1, 1, 1], [1, 1, 1, 1, 1, 1, 1, 1, 1, 1, 1, 1, 1, 1, 1, 1, 1, 1, 1, 1, 1, 1, 1, 1, 1, 1, 1, 1, 1, 1, 1, 1, 1, 1, 1, 1, 1, 1, 1, 1, 1, 1, 1, 1, 1, 1, 1, 1, 1, 1], [1, 1, 1, 1, 1, 1, 1, 1, 1, 1, 1, 1, 1, 1, 1, 1, 1, 1, 1, 1, 1, 1, 1, 1, 1, 1, 1, 1, 1, 1, 1, 1, 1, 1, 1, 1, 1, 1, 1, 1, 1, 1, 1, 1, 1, 1, 1, 1, 1, 1]]

means=tensor([8.8622e-05, 7.9523e-05, 1.6171e-04, 2.1123e-04, 2.9723e-04, 4.6875e-05,
        2.0760e-05, 1.6327e-04, 9.2630e-05, 2.3867e-04, 6.8178e-05, 2.3070e-04,
        3.1827e-05, 2.4301e-05, 5.6719e-05, 1.9393e-05, 6.5365e-05, 2.2571e-05,
        1.8484e-04, 4.9132e-05, 1.9708e-04, 1.5524e-04, 8.7288e-05, 4.8327e-06,
        6.2094e-05, 5.2845e-05, 8.3125e-05, 2.7333e-05, 9.6410e-05, 3.2218e-05,
        9.2600e-05, 3.5840e-05, 3.6119e-05, 6.2066e-05, 7.5436e-05, 1.1065e-04,
        4.8820e-05, 1.3177e-06, 2.6673e-05, 1.0504e-04, 1.0067e-04, 2.5696e-05,
        5.3488e-06, 9.6593e-05, 8.6548e-06, 1.9241e-04, 1.3062e-05, 6.1902e-06,
        1.4501e-04, 2.2203e-04, 9.2165e-06, 1.3752e-05, 5.5481e-05, 5.8891e-05,
        7.9933e-05, 7.8771e-05, 3.1476e-05, 1.1264e-04, 2.6436e-05, 1.1060e-04,
        2.9663e-04, 1.1023e-05, 9.1733e-05, 6.9911e-05, 3.8202e-05, 9.9443e-05,
        5.6851e-05, 1.0511e-04, 1.6593e-04, 9.6540e-05, 1.0601e-04, 2.3178e-05,
        1.3484e-04, 8.6770e-05, 6.6815e-05, 7.7555e-05, 7.8098e-05, 6.1222e-05,
        8.9808e-05, 1.2324e-05, 4.9430e-05, 3.4981e-05, 2.8711e-05, 1.3455e-04,
        2.2779e-05, 4.8883e-05, 7.3993e-05, 8.6289e-05, 4.9684e-05, 1.1046e-04,
        3.0649e-05, 4.2741e-05, 9.1762e-05, 4.3558e-05, 5.2655e-05, 6.7944e-05,
        1.1001e-04, 1.4014e-04, 5.3746e-05, 2.1989e-05, 1.6237e-06, 4.5486e-05,
        1.1681e-04, 1.3877e-04, 3.0734e-05, 2.1645e-05, 1.0452e-04, 3.3535e-05,
        1.8805e-04, 2.7631e-05, 4.9616e-05, 2.7549e-06, 6.6811e-05],
       grad_fn=<CatBackward>)

mean_overall=tensor(7.8145e-05, grad_fn=<MeanBackward0>)

-----------------------------------------------ITERATION170-----------------------------------------------

final_causality=[[1, 1, 1, 1, 1, 1, 1, 1, 1, 1, 1, 1, 1], [1, 1, 1, 1, 1, 1, 1, 1, 1, 1, 1, 1, 1, 1, 1, 1, 1, 1, 1, 1, 1, 1, 1, 1, 1, 1, 1, 1, 1, 1, 1, 1, 1, 1, 1, 1, 1, 1, 1, 1, 1, 1, 1, 1, 1, 1, 1, 1, 1, 1], [1, 1, 1, 1, 1, 1, 1, 1, 1, 1, 1, 1, 1, 1, 1, 1, 1, 1, 1, 1, 1, 1, 1, 1, 1, 1, 1, 1, 1, 1, 1, 1, 1, 1, 1, 1, 1, 1, 1, 1, 1, 1, 1, 1, 1, 1, 1, 1, 1, 1]]

means=tensor([9.2713e-05, 8.6398e-05, 1.6498e-04, 2.2768e-04, 3.0572e-04, 4.8061e-05,
        2.2103e-05, 1.6570e-04, 9.7602e-05, 2.4212e-04, 7.0387e-05, 2.3317e-04,
        3.4647e-05, 2.4464e-05, 5.8098e-05, 2.0172e-05, 6.5022e-05, 2.3023e-05,
        1.8404e-04, 4.9951e-05, 1.9682e-04, 1.5666e-04, 8.8920e-05, 5.2251e-06,
        6.2010e-05, 5.3522e-05, 8.3356e-05, 2.7785e-05, 9.6750e-05, 3.2462e-05,
        9.3611e-05, 3.6687e-05, 3.6751e-05, 6.2784e-05, 7.6656e-05, 1.1125e-04,
        4.9212e-05, 1.4169e-06, 2.7176e-05, 1.0445e-04, 1.0161e-04, 2.6459e-05,
        5.6613e-06, 9.7714e-05, 9.1036e-06, 1.9535e-04, 1.2914e-05, 6.8655e-06,
        1.4573e-04, 2.2257e-04, 1.0138e-05, 1.4225e-05, 5.5516e-05, 5.9906e-05,
        8.0340e-05, 7.9359e-05, 3.2170e-05, 1.1311e-04, 2.7074e-05, 1.1098e-04,
        2.9828e-04, 1.1033e-05, 9.3422e-05, 7.0556e-05, 3.8339e-05, 9.9526e-05,
        5.7423e-05, 1.0524e-04, 1.6725e-04, 9.6628e-05, 1.0630e-04, 2.3469e-05,
        1.3514e-04, 8.6853e-05, 6.8279e-05, 7.7876e-05, 7.7330e-05, 6.1259e-05,
        8.9759e-05, 1.2309e-05, 4.8731e-05, 3.4823e-05, 2.8820e-05, 1.3535e-04,
        2.2889e-05, 4.9361e-05, 7.3782e-05, 8.5967e-05, 5.0212e-05, 1.1058e-04,
        3.0750e-05, 4.2342e-05, 9.1364e-05, 4.3680e-05, 5.2716e-05, 6.8016e-05,
        1.1200e-04, 1.4005e-04, 5.3794e-05, 2.1934e-05, 1.6166e-06, 4.5529e-05,
        1.1760e-04, 1.3956e-04, 3.0747e-05, 2.1651e-05, 1.0450e-04, 3.3518e-05,
        1.8904e-04, 2.7585e-05, 4.9788e-05, 2.7684e-06, 6.6793e-05],
       grad_fn=<CatBackward>)

mean_overall=tensor(7.9031e-05, grad_fn=<MeanBackward0>)

-----------------------------------------------ITERATION180-----------------------------------------------

final_causality=[[1, 1, 1, 1, 1, 1, 1, 1, 1, 1, 1, 1, 1], [1, 1, 1, 1, 1, 1, 1, 1, 1, 1, 1, 1, 1, 1, 1, 1, 1, 1, 1, 1, 1, 1, 1, 1, 1, 1, 1, 1, 1, 1, 1, 1, 1, 1, 1, 1, 1, 1, 1, 1, 1, 1, 1, 1, 1, 1, 1, 1, 1, 1], [1, 1, 1, 1, 1, 1, 1, 1, 1, 1, 1, 1, 1, 1, 1, 1, 1, 1, 1, 1, 1, 1, 1, 1, 1, 1, 1, 1, 1, 1, 1, 1, 1, 1, 1, 1, 1, 1, 1, 1, 1, 1, 1, 1, 1, 1, 1, 1, 1, 1]]

means=tensor([9.6974e-05, 9.3484e-05, 1.6840e-04, 2.4462e-04, 3.1455e-04, 4.9305e-05,
        2.3506e-05, 1.6827e-04, 1.0279e-04, 2.4574e-04, 7.2670e-05, 2.3575e-04,
        3.7577e-05, 2.4633e-05, 5.9541e-05, 2.0974e-05, 6.4672e-05, 2.3497e-05,
        1.8321e-04, 5.0802e-05, 1.9657e-04, 1.5813e-04, 9.0620e-05, 5.6349e-06,
        6.1931e-05, 5.4221e-05, 8.3596e-05, 2.8255e-05, 9.7106e-05, 3.2717e-05,
        9.4748e-05, 3.7568e-05, 3.7405e-05, 6.3530e-05, 7.7915e-05, 1.1185e-04,
        4.9612e-05, 1.5210e-06, 2.7691e-05, 1.0385e-04, 1.0258e-04, 2.7255e-05,
        5.9917e-06, 9.8875e-05, 9.5728e-06, 1.9841e-04, 1.2760e-05, 7.5693e-06,
        1.4647e-04, 2.2312e-04, 1.1081e-05, 1.4717e-05, 5.5616e-05, 6.0961e-05,
        8.0758e-05, 7.9974e-05, 3.2895e-05, 1.1360e-04, 2.7727e-05, 1.1137e-04,
        2.9998e-04, 1.1036e-05, 9.5178e-05, 7.1222e-05, 3.8482e-05, 9.9613e-05,
        5.8010e-05, 1.0536e-04, 1.6861e-04, 9.6720e-05, 1.0658e-04, 2.3768e-05,
        1.3545e-04, 8.6938e-05, 6.9782e-05, 7.8203e-05, 7.6547e-05, 6.1297e-05,
        8.9713e-05, 1.2293e-05, 4.8019e-05, 3.4660e-05, 2.8933e-05, 1.3618e-04,
        2.3002e-05, 4.9852e-05, 7.3560e-05, 8.5632e-05, 5.0755e-05, 1.1069e-04,
        3.0854e-05, 4.1932e-05, 9.0959e-05, 4.3807e-05, 5.2785e-05, 6.8091e-05,
        1.1406e-04, 1.3996e-04, 5.3842e-05, 2.1880e-05, 1.6088e-06, 4.5567e-05,
        1.1841e-04, 1.4037e-04, 3.0764e-05, 2.1656e-05, 1.0447e-04, 3.3499e-05,
        1.9006e-04, 2.7539e-05, 4.9965e-05, 2.7827e-06, 6.6774e-05],
       grad_fn=<CatBackward>)

mean_overall=tensor(7.9951e-05, grad_fn=<MeanBackward0>)

-----------------------------------------------ITERATION190-----------------------------------------------

final_causality=[[1, 1, 1, 1, 1, 1, 1, 1, 1, 1, 1, 1, 1], [1, 1, 1, 1, 1, 1, 1, 1, 1, 1, 1, 1, 1, 1, 1, 1, 1, 1, 1, 1, 1, 1, 1, 1, 1, 1, 1, 1, 1, 1, 1, 1, 1, 1, 1, 1, 1, 1, 1, 1, 1, 1, 1, 1, 1, 1, 1, 1, 1, 1], [1, 1, 1, 1, 1, 1, 1, 1, 1, 1, 1, 1, 1, 1, 1, 1, 1, 1, 1, 1, 1, 1, 1, 1, 1, 1, 1, 1, 1, 1, 1, 1, 1, 1, 1, 1, 1, 1, 1, 1, 1, 1, 1, 1, 1, 1, 1, 1, 1, 1]]

means=tensor([1.0142e-04, 1.0080e-04, 1.7196e-04, 2.6209e-04, 3.2371e-04, 5.0587e-05,
        2.4984e-05, 1.7095e-04, 1.0821e-04, 2.4955e-04, 7.5036e-05, 2.3846e-04,
        4.0637e-05, 2.4814e-05, 6.1072e-05, 2.1820e-05, 6.4323e-05, 2.3999e-05,
        1.8239e-04, 5.1693e-05, 1.9632e-04, 1.5964e-04, 9.2409e-05, 6.0479e-06,
        6.1842e-05, 5.4953e-05, 8.3856e-05, 2.8750e-05, 9.7464e-05, 3.2992e-05,
        9.5915e-05, 3.8501e-05, 3.8098e-05, 6.4323e-05, 7.9224e-05, 1.1248e-04,
        5.0040e-05, 1.6251e-06, 2.8237e-05, 1.0326e-04, 1.0360e-04, 2.8071e-05,
        6.3213e-06, 1.0009e-04, 1.0042e-05, 2.0160e-04, 1.2609e-05, 8.2823e-06,
        1.4724e-04, 2.2373e-04, 1.2070e-05, 1.5213e-05, 5.6032e-05, 6.2070e-05,
        8.1204e-05, 8.0600e-05, 3.3631e-05, 1.1411e-04, 2.8427e-05, 1.1178e-04,
        3.0173e-04, 1.1050e-05, 9.7024e-05, 7.1906e-05, 3.8628e-05, 9.9705e-05,
        5.8611e-05, 1.0550e-04, 1.7001e-04, 9.6819e-05, 1.0685e-04, 2.4075e-05,
        1.3578e-04, 8.7020e-05, 7.1322e-05, 7.8538e-05, 7.5747e-05, 6.1339e-05,
        8.9678e-05, 1.2278e-05, 4.7295e-05, 3.4644e-05, 2.9052e-05, 1.3704e-04,
        2.3116e-05, 5.0354e-05, 7.3328e-05, 8.5279e-05, 5.1311e-05, 1.1079e-04,
        3.0963e-05, 4.1510e-05, 9.0542e-05, 4.3941e-05, 5.2864e-05, 6.8169e-05,
        1.1617e-04, 1.3987e-04, 5.3895e-05, 2.1824e-05, 1.6020e-06, 4.5603e-05,
        1.1926e-04, 1.4120e-04, 3.0784e-05, 2.1664e-05, 1.0447e-04, 3.3483e-05,
        1.9112e-04, 2.7490e-05, 5.0151e-05, 2.7968e-06, 6.6753e-05],
       grad_fn=<CatBackward>)

mean_overall=tensor(8.0913e-05, grad_fn=<MeanBackward0>)

-----------------------------------------------ITERATION200-----------------------------------------------

final_causality=[[1, 1, 1, 1, 1, 1, 1, 1, 1, 1, 1, 1, 1], [1, 1, 1, 1, 1, 1, 1, 1, 1, 1, 1, 1, 1, 1, 1, 1, 1, 1, 1, 1, 1, 1, 1, 1, 1, 1, 1, 1, 1, 1, 1, 1, 1, 1, 1, 1, 1, 1, 1, 1, 1, 1, 1, 1, 1, 1, 1, 1, 1, 1], [1, 1, 1, 1, 1, 1, 1, 1, 1, 1, 1, 1, 1, 1, 1, 1, 1, 1, 1, 1, 1, 1, 1, 1, 1, 1, 1, 1, 1, 1, 1, 1, 1, 1, 1, 1, 1, 1, 1, 1, 1, 1, 1, 1, 1, 1, 1, 1, 1, 1]]

means=tensor([1.0603e-04, 1.0833e-04, 1.7569e-04, 2.8004e-04, 3.3320e-04, 5.1923e-05,
        2.6529e-05, 1.7377e-04, 1.1386e-04, 2.5354e-04, 7.7476e-05, 2.4130e-04,
        4.3813e-05, 2.5002e-05, 6.2674e-05, 2.2693e-05, 6.3969e-05, 2.4524e-05,
        1.8155e-04, 5.2618e-05, 1.9607e-04, 1.6120e-04, 9.4272e-05, 6.4751e-06,
        6.1754e-05, 5.5708e-05, 8.4127e-05, 2.9264e-05, 9.7837e-05, 3.3280e-05,
        9.7110e-05, 3.9473e-05, 3.8817e-05, 6.5147e-05, 8.0575e-05, 1.1312e-04,
        5.0479e-05, 1.7329e-06, 2.8799e-05, 1.0265e-04, 1.0465e-04, 2.8918e-05,
        6.6652e-06, 1.0134e-04, 1.0527e-05, 2.0491e-04, 1.2454e-05, 9.0196e-06,
        1.4804e-04, 2.2436e-04, 1.3083e-05, 1.5726e-05, 5.6466e-05, 6.3223e-05,
        8.1666e-05, 8.1251e-05, 3.4394e-05, 1.1465e-04, 2.9149e-05, 1.1221e-04,
        3.0353e-04, 1.1061e-05, 9.8942e-05, 7.2610e-05, 3.8779e-05, 9.9800e-05,
        5.9227e-05, 1.0563e-04, 1.7145e-04, 9.6923e-05, 1.0713e-04, 2.4390e-05,
        1.3612e-04, 8.7104e-05, 7.2899e-05, 7.8878e-05, 7.4934e-05, 6.1384e-05,
        8.9650e-05, 1.2262e-05, 4.6559e-05, 3.4644e-05, 2.9174e-05, 1.3793e-04,
        2.3233e-05, 5.0867e-05, 7.3086e-05, 8.4913e-05, 5.1881e-05, 1.1089e-04,
        3.1076e-05, 4.1078e-05, 9.0118e-05, 4.4080e-05, 5.2951e-05, 6.8251e-05,
        1.1833e-04, 1.3978e-04, 5.3949e-05, 2.1768e-05, 1.5949e-06, 4.5634e-05,
        1.2013e-04, 1.4205e-04, 3.0807e-05, 2.1687e-05, 1.0464e-04, 3.3465e-05,
        1.9222e-04, 2.7440e-05, 5.0344e-05, 2.8116e-06, 6.6730e-05],
       grad_fn=<CatBackward>)

mean_overall=tensor(8.1911e-05, grad_fn=<MeanBackward0>)

-----------------------------------------------ITERATION210-----------------------------------------------

final_causality=[[1, 1, 1, 1, 1, 1, 1, 1, 1, 1, 1, 1, 1], [1, 1, 1, 1, 1, 1, 1, 1, 1, 1, 1, 1, 1, 1, 1, 1, 1, 1, 1, 1, 1, 1, 1, 1, 1, 1, 1, 1, 1, 1, 1, 1, 1, 1, 1, 1, 1, 1, 1, 1, 1, 1, 1, 1, 1, 1, 1, 1, 1, 1], [1, 1, 1, 1, 1, 1, 1, 1, 1, 1, 1, 1, 1, 1, 1, 1, 1, 1, 1, 1, 1, 1, 1, 1, 1, 1, 1, 1, 1, 1, 1, 1, 1, 1, 1, 1, 1, 1, 1, 1, 1, 1, 1, 1, 1, 1, 1, 1, 1, 1]]

means=tensor([1.1083e-04, 1.1607e-04, 1.7958e-04, 2.9845e-04, 3.4303e-04, 5.3321e-05,
        2.8140e-05, 1.7674e-04, 1.1973e-04, 2.5770e-04, 7.9989e-05, 2.4425e-04,
        4.7102e-05, 2.5198e-05, 6.4345e-05, 2.3588e-05, 6.3610e-05, 2.5074e-05,
        1.8070e-04, 5.3574e-05, 1.9582e-04, 1.6281e-04, 9.6207e-05, 6.9196e-06,
        6.1671e-05, 5.6485e-05, 8.4407e-05, 2.9798e-05, 9.8226e-05, 3.3580e-05,
        9.8330e-05, 4.0481e-05, 3.9558e-05, 6.6000e-05, 8.1964e-05, 1.1378e-04,
        5.0925e-05, 1.8455e-06, 2.9373e-05, 1.0204e-04, 1.0574e-04, 2.9798e-05,
        7.0272e-06, 1.0264e-04, 1.1033e-05, 2.0834e-04, 1.2292e-05, 9.7851e-06,
        1.4886e-04, 2.2503e-04, 1.4116e-05, 1.6257e-05, 5.6913e-05, 6.4418e-05,
        8.2139e-05, 8.1928e-05, 3.5185e-05, 1.1519e-04, 2.9886e-05, 1.1266e-04,
        3.0536e-04, 1.1065e-05, 1.0093e-04, 7.3333e-05, 3.8935e-05, 9.9899e-05,
        5.9859e-05, 1.0578e-04, 1.7293e-04, 9.7030e-05, 1.0739e-04, 2.4714e-05,
        1.3648e-04, 8.7191e-05, 7.4512e-05, 7.9225e-05, 7.4109e-05, 6.1431e-05,
        8.9626e-05, 1.2245e-05, 4.5813e-05, 3.4646e-05, 2.9300e-05, 1.3884e-04,
        2.3352e-05, 5.1392e-05, 7.2833e-05, 8.4533e-05, 5.2464e-05, 1.1098e-04,
        3.1193e-05, 4.0635e-05, 9.0106e-05, 4.4225e-05, 5.3048e-05, 6.8337e-05,
        1.2055e-04, 1.3968e-04, 5.4003e-05, 2.1713e-05, 1.5870e-06, 4.5660e-05,
        1.2103e-04, 1.4292e-04, 3.0834e-05, 2.1737e-05, 1.0481e-04, 3.3445e-05,
        1.9335e-04, 2.7391e-05, 5.0543e-05, 2.8273e-06, 6.6707e-05],
       grad_fn=<CatBackward>)

mean_overall=tensor(8.2947e-05, grad_fn=<MeanBackward0>)

-----------------------------------------------ITERATION220-----------------------------------------------

final_causality=[[1, 1, 1, 1, 1, 1, 1, 1, 1, 1, 1, 1, 1], [1, 1, 1, 1, 1, 1, 1, 1, 1, 1, 1, 1, 1, 1, 1, 1, 1, 1, 1, 1, 1, 1, 1, 1, 1, 1, 1, 1, 1, 1, 1, 1, 1, 1, 1, 1, 1, 1, 1, 1, 1, 1, 1, 1, 1, 1, 1, 1, 1, 1], [1, 1, 1, 1, 1, 1, 1, 1, 1, 1, 1, 1, 1, 1, 1, 1, 1, 1, 1, 1, 1, 1, 1, 1, 1, 1, 1, 1, 1, 1, 1, 1, 1, 1, 1, 1, 1, 1, 1, 1, 1, 1, 1, 1, 1, 1, 1, 1, 1, 1]]

means=tensor([1.1580e-04, 1.2404e-04, 1.8363e-04, 3.1733e-04, 3.5320e-04, 5.4773e-05,
        2.9824e-05, 1.7985e-04, 1.2584e-04, 2.6205e-04, 8.2577e-05, 2.4733e-04,
        5.0514e-05, 2.5401e-05, 6.6094e-05, 2.4513e-05, 6.3249e-05, 2.5649e-05,
        1.7984e-04, 5.4566e-05, 1.9559e-04, 1.6447e-04, 9.8221e-05, 7.3763e-06,
        6.1589e-05, 5.7287e-05, 8.4699e-05, 3.0354e-05, 9.8627e-05, 3.3894e-05,
        9.9575e-05, 4.1532e-05, 4.0326e-05, 6.6888e-05, 8.3396e-05, 1.1445e-04,
        5.1384e-05, 1.9612e-06, 2.9965e-05, 1.0143e-04, 1.0686e-04, 3.0708e-05,
        7.4008e-06, 1.0398e-04, 1.1551e-05, 2.1189e-04, 1.2128e-05, 1.0572e-05,
        1.4972e-04, 2.2572e-04, 1.5177e-05, 1.6802e-05, 5.7381e-05, 6.5659e-05,
        8.2631e-05, 8.2627e-05, 3.6000e-05, 1.1576e-04, 3.0650e-05, 1.1312e-04,
        3.0723e-04, 1.1069e-05, 1.0300e-04, 7.4075e-05, 3.9096e-05, 1.0000e-04,
        6.0505e-05, 1.0593e-04, 1.7445e-04, 9.7141e-05, 1.0765e-04, 2.5046e-05,
        1.3685e-04, 8.7278e-05, 7.6161e-05, 7.9578e-05, 7.3271e-05, 6.1481e-05,
        8.9611e-05, 1.2227e-05, 4.5056e-05, 3.4649e-05, 2.9431e-05, 1.3978e-04,
        2.3473e-05, 5.1929e-05, 7.2568e-05, 8.4138e-05, 5.3061e-05, 1.1107e-04,
        3.1314e-05, 4.0182e-05, 9.0254e-05, 4.4375e-05, 5.3155e-05, 6.8427e-05,
        1.2282e-04, 1.3959e-04, 5.4059e-05, 2.1659e-05, 1.5790e-06, 4.5681e-05,
        1.2195e-04, 1.4380e-04, 3.0866e-05, 2.1788e-05, 1.0498e-04, 3.3425e-05,
        1.9452e-04, 2.7342e-05, 5.0749e-05, 2.8435e-06, 6.6682e-05],
       grad_fn=<CatBackward>)

mean_overall=tensor(8.4020e-05, grad_fn=<MeanBackward0>)

-----------------------------------------------ITERATION230-----------------------------------------------

final_causality=[[1, 1, 1, 1, 1, 1, 1, 1, 1, 1, 1, 1, 1], [1, 1, 1, 1, 1, 1, 1, 1, 1, 1, 1, 1, 1, 1, 1, 1, 1, 1, 1, 1, 1, 1, 1, 1, 1, 1, 1, 1, 1, 1, 1, 1, 1, 1, 1, 1, 1, 1, 1, 1, 1, 1, 1, 1, 1, 1, 1, 1, 1, 1], [1, 1, 1, 1, 1, 1, 1, 1, 1, 1, 1, 1, 1, 1, 1, 1, 1, 1, 1, 1, 1, 1, 1, 1, 1, 1, 1, 1, 1, 1, 1, 1, 1, 1, 1, 1, 1, 1, 1, 1, 1, 1, 1, 1, 1, 1, 1, 1, 1, 1]]

means=tensor([1.2097e-04, 1.3224e-04, 1.8784e-04, 3.3668e-04, 3.6371e-04, 5.6282e-05,
        3.1584e-05, 1.8312e-04, 1.3219e-04, 2.6660e-04, 8.5241e-05, 2.5053e-04,
        5.4049e-05, 2.5614e-05, 6.7924e-05, 2.5468e-05, 6.2886e-05, 2.6252e-05,
        1.7897e-04, 5.5594e-05, 1.9536e-04, 1.6618e-04, 1.0032e-04, 7.8456e-06,
        6.1547e-05, 5.8114e-05, 8.5004e-05, 3.0933e-05, 9.9040e-05, 3.4224e-05,
        1.0085e-04, 4.2626e-05, 4.1123e-05, 6.7813e-05, 8.4870e-05, 1.1513e-04,
        5.1856e-05, 2.0801e-06, 3.0575e-05, 1.0082e-04, 1.0802e-04, 3.1648e-05,
        7.7867e-06, 1.0536e-04, 1.2082e-05, 2.1556e-04, 1.1961e-05, 1.1381e-05,
        1.5060e-04, 2.2646e-04, 1.6264e-05, 1.7361e-05, 5.7869e-05, 6.6948e-05,
        8.3141e-05, 8.3349e-05, 3.6838e-05, 1.1634e-04, 3.1439e-05, 1.1360e-04,
        3.0914e-04, 1.1071e-05, 1.0514e-04, 7.4836e-05, 3.9260e-05, 1.0011e-04,
        6.1165e-05, 1.0608e-04, 1.7601e-04, 9.7258e-05, 1.0790e-04, 2.5386e-05,
        1.3723e-04, 8.7365e-05, 7.7843e-05, 7.9938e-05, 7.3240e-05, 6.1534e-05,
        8.9603e-05, 1.2208e-05, 4.4289e-05, 3.4652e-05, 2.9566e-05, 1.4075e-04,
        2.3596e-05, 5.2475e-05, 7.2293e-05, 8.3728e-05, 5.3669e-05, 1.1114e-04,
        3.1439e-05, 3.9718e-05, 9.0408e-05, 4.4532e-05, 5.3271e-05, 6.8520e-05,
        1.2514e-04, 1.3949e-04, 5.4116e-05, 2.1605e-05, 1.5708e-06, 4.5696e-05,
        1.2290e-04, 1.4470e-04, 3.0902e-05, 2.1843e-05, 1.0515e-04, 3.3403e-05,
        1.9572e-04, 2.7291e-05, 5.0962e-05, 2.8604e-06, 6.6656e-05],
       grad_fn=<CatBackward>)

mean_overall=tensor(8.5137e-05, grad_fn=<MeanBackward0>)

-----------------------------------------------ITERATION240-----------------------------------------------

final_causality=[[1, 1, 1, 1, 1, 1, 1, 1, 1, 1, 1, 1, 1], [1, 1, 1, 1, 1, 1, 1, 1, 1, 1, 1, 1, 1, 1, 1, 1, 1, 1, 1, 1, 1, 1, 1, 1, 1, 1, 1, 1, 1, 1, 1, 1, 1, 1, 1, 1, 1, 1, 1, 1, 1, 1, 1, 1, 1, 1, 1, 1, 1, 1], [1, 1, 1, 1, 1, 1, 1, 1, 1, 1, 1, 1, 1, 1, 1, 1, 1, 1, 1, 1, 1, 1, 1, 1, 1, 1, 1, 1, 1, 1, 1, 1, 1, 1, 1, 1, 1, 1, 1, 1, 1, 1, 1, 1, 1, 1, 1, 1, 1, 1]]

means=tensor([1.2632e-04, 1.4067e-04, 1.9223e-04, 3.5649e-04, 3.7457e-04, 5.7851e-05,
        3.3419e-05, 1.8654e-04, 1.3879e-04, 2.7134e-04, 8.7979e-05, 2.5387e-04,
        5.7706e-05, 2.5835e-05, 6.9833e-05, 2.6450e-05, 6.2521e-05, 2.6882e-05,
        1.7809e-04, 5.6657e-05, 1.9513e-04, 1.6793e-04, 1.0249e-04, 8.3291e-06,
        6.1526e-05, 5.8965e-05, 8.5321e-05, 3.1533e-05, 9.9467e-05, 3.4568e-05,
        1.0214e-04, 4.3763e-05, 4.1945e-05, 6.8771e-05, 8.6387e-05, 1.1582e-04,
        5.2338e-05, 2.2028e-06, 3.1199e-05, 1.0020e-04, 1.0921e-04, 3.2619e-05,
        8.1873e-06, 1.0678e-04, 1.2630e-05, 2.1936e-04, 1.1790e-05, 1.2215e-05,
        1.5151e-04, 2.2722e-04, 1.7375e-05, 1.7934e-05, 5.8376e-05, 6.8283e-05,
        8.3668e-05, 8.4094e-05, 3.7701e-05, 1.1694e-04, 3.2250e-05, 1.1410e-04,
        3.1109e-04, 1.1069e-05, 1.0736e-04, 7.5615e-05, 3.9430e-05, 1.0022e-04,
        6.1839e-05, 1.0625e-04, 1.7761e-04, 9.7379e-05, 1.0814e-04, 2.5734e-05,
        1.3762e-04, 8.7454e-05, 7.9559e-05, 8.0303e-05, 7.3428e-05, 6.1590e-05,
        8.9604e-05, 1.2189e-05, 4.3513e-05, 3.4656e-05, 2.9705e-05, 1.4174e-04,
        2.3721e-05, 5.3032e-05, 7.2173e-05, 8.3303e-05, 5.4291e-05, 1.1167e-04,
        3.1568e-05, 3.9245e-05, 9.0567e-05, 4.4695e-05, 5.3398e-05, 6.8617e-05,
        1.2752e-04, 1.3940e-04, 5.4175e-05, 2.1552e-05, 1.5623e-06, 4.5704e-05,
        1.2388e-04, 1.4561e-04, 3.0942e-05, 2.1899e-05, 1.0532e-04, 3.3381e-05,
        1.9696e-04, 2.7241e-05, 5.1181e-05, 2.8780e-06, 6.6628e-05],
       grad_fn=<CatBackward>)

mean_overall=tensor(8.6297e-05, grad_fn=<MeanBackward0>)

-----------------------------------------------ITERATION250-----------------------------------------------

final_causality=[[1, 1, 1, 1, 1, 1, 1, 1, 1, 1, 1, 1, 1], [1, 1, 1, 1, 1, 1, 1, 1, 1, 1, 1, 1, 1, 1, 1, 1, 1, 1, 1, 1, 1, 1, 1, 1, 1, 1, 1, 1, 1, 1, 1, 1, 1, 1, 1, 1, 1, 1, 1, 1, 1, 1, 1, 1, 1, 1, 1, 1, 1, 1], [1, 1, 1, 1, 1, 1, 1, 1, 1, 1, 1, 1, 1, 1, 1, 1, 1, 1, 1, 1, 1, 1, 1, 1, 1, 1, 1, 1, 1, 1, 1, 1, 1, 1, 1, 1, 1, 1, 1, 1, 1, 1, 1, 1, 1, 1, 1, 1, 1, 1]]

means=tensor([1.3187e-04, 1.4933e-04, 1.9680e-04, 3.7676e-04, 3.8579e-04, 5.9481e-05,
        3.5334e-05, 1.9013e-04, 1.4565e-04, 2.7629e-04, 9.0792e-05, 2.5734e-04,
        6.1490e-05, 2.6064e-05, 7.1825e-05, 2.7461e-05, 6.2155e-05, 2.7541e-05,
        1.7720e-04, 5.7757e-05, 1.9499e-04, 1.6974e-04, 1.0475e-04, 8.8264e-06,
        6.1510e-05, 5.9840e-05, 8.5649e-05, 3.2157e-05, 9.9908e-05, 3.4927e-05,
        1.0345e-04, 4.4943e-05, 4.2795e-05, 6.9766e-05, 8.7946e-05, 1.1653e-04,
        5.2831e-05, 2.3290e-06, 3.1839e-05, 9.9582e-05, 1.1044e-04, 3.3621e-05,
        8.6016e-06, 1.0825e-04, 1.3191e-05, 2.2328e-04, 1.1616e-05, 1.3072e-05,
        1.5245e-04, 2.2802e-04, 1.8511e-05, 1.8521e-05, 5.8902e-05, 6.9665e-05,
        8.4213e-05, 8.4862e-05, 3.8589e-05, 1.1755e-04, 3.3084e-05, 1.1462e-04,
        3.1308e-04, 1.1065e-05, 1.0966e-04, 7.6413e-05, 3.9948e-05, 1.0033e-04,
        6.2528e-05, 1.0641e-04, 1.7924e-04, 9.7506e-05, 1.0837e-04, 2.6091e-05,
        1.3803e-04, 8.7545e-05, 8.1308e-05, 8.0674e-05, 7.3624e-05, 6.1650e-05,
        8.9613e-05, 1.2168e-05, 4.2728e-05, 3.4661e-05, 2.9848e-05, 1.4275e-04,
        2.4118e-05, 5.3600e-05, 7.2258e-05, 8.2863e-05, 5.4924e-05, 1.1366e-04,
        3.1702e-05, 3.8761e-05, 9.0859e-05, 4.4863e-05, 5.3536e-05, 6.8718e-05,
        1.2994e-04, 1.3930e-04, 5.4234e-05, 2.1500e-05, 1.5536e-06, 4.5706e-05,
        1.2488e-04, 1.4654e-04, 3.0987e-05, 2.1958e-05, 1.0549e-04, 3.3357e-05,
        1.9824e-04, 2.7191e-05, 5.1407e-05, 2.8962e-06, 6.6598e-05],
       grad_fn=<CatBackward>)

mean_overall=tensor(8.7516e-05, grad_fn=<MeanBackward0>)

-----------------------------------------------ITERATION260-----------------------------------------------

final_causality=[[1, 1, 1, 1, 1, 1, 1, 1, 1, 1, 1, 1, 1], [1, 1, 1, 1, 1, 1, 1, 1, 1, 1, 1, 1, 1, 1, 1, 1, 1, 1, 1, 1, 1, 1, 1, 1, 1, 1, 1, 1, 1, 1, 1, 1, 1, 1, 1, 1, 1, 1, 1, 1, 1, 1, 1, 1, 1, 1, 1, 1, 1, 1], [1, 1, 1, 1, 1, 1, 1, 1, 1, 1, 1, 1, 1, 1, 1, 1, 1, 1, 1, 1, 1, 1, 1, 1, 1, 1, 1, 1, 1, 1, 1, 1, 1, 1, 1, 1, 1, 1, 1, 1, 1, 1, 1, 1, 1, 1, 1, 1, 1, 1]]

means=tensor([1.3761e-04, 1.5823e-04, 2.0155e-04, 3.9748e-04, 3.9736e-04, 6.1174e-05,
        3.7332e-05, 1.9389e-04, 1.5276e-04, 2.8144e-04, 9.3680e-05, 2.6096e-04,
        6.5402e-05, 2.6302e-05, 7.3904e-05, 2.8501e-05, 6.1787e-05, 2.8229e-05,
        1.7631e-04, 5.8894e-05, 1.9490e-04, 1.7158e-04, 1.0709e-04, 9.3371e-06,
        6.1497e-05, 6.0740e-05, 8.5991e-05, 3.2804e-05, 1.0036e-04, 3.5301e-05,
        1.0479e-04, 4.6168e-05, 4.3672e-05, 7.0797e-05, 8.9548e-05, 1.1725e-04,
        5.3335e-05, 2.4587e-06, 3.2495e-05, 9.8964e-05, 1.1171e-04, 3.4655e-05,
        9.0294e-06, 1.0977e-04, 1.3767e-05, 2.2732e-04, 1.1439e-05, 1.3952e-05,
        1.5342e-04, 2.2886e-04, 1.9671e-05, 1.9123e-05, 5.9449e-05, 7.1095e-05,
        8.4776e-05, 8.5654e-05, 3.9502e-05, 1.1819e-04, 3.3944e-05, 1.1515e-04,
        3.1510e-04, 1.1057e-05, 1.1205e-04, 7.7228e-05, 4.0541e-05, 1.0045e-04,
        6.3231e-05, 1.0659e-04, 1.8091e-04, 9.7637e-05, 1.0859e-04, 2.6456e-05,
        1.3846e-04, 8.7636e-05, 8.3089e-05, 8.1051e-05, 7.3828e-05, 6.1712e-05,
        8.9631e-05, 1.2147e-05, 4.1935e-05, 3.4667e-05, 3.0035e-05, 1.4379e-04,
        2.4714e-05, 5.4243e-05, 7.2347e-05, 8.2406e-05, 5.5569e-05, 1.1569e-04,
        3.1839e-05, 3.8268e-05, 9.1192e-05, 4.5039e-05, 5.3684e-05, 6.8823e-05,
        1.3242e-04, 1.3920e-04, 5.4294e-05, 2.1448e-05, 1.5446e-06, 4.5701e-05,
        1.2590e-04, 1.4748e-04, 3.1037e-05, 2.2019e-05, 1.0566e-04, 3.3332e-05,
        1.9956e-04, 2.7140e-05, 5.1639e-05, 2.9152e-06, 6.6567e-05],
       grad_fn=<CatBackward>)

mean_overall=tensor(8.8777e-05, grad_fn=<MeanBackward0>)

-----------------------------------------------ITERATION270-----------------------------------------------

final_causality=[[1, 1, 1, 1, 1, 1, 1, 1, 1, 1, 1, 1, 1], [1, 1, 1, 1, 1, 1, 1, 1, 1, 1, 1, 1, 1, 1, 1, 1, 1, 1, 1, 1, 1, 1, 1, 1, 1, 1, 1, 1, 1, 1, 1, 1, 1, 1, 1, 1, 1, 1, 1, 1, 1, 1, 1, 1, 1, 1, 1, 1, 1, 1], [1, 1, 1, 1, 1, 1, 1, 1, 1, 1, 1, 1, 1, 1, 1, 1, 1, 1, 1, 1, 1, 1, 1, 1, 1, 1, 1, 1, 1, 1, 1, 1, 1, 1, 1, 1, 1, 1, 1, 1, 1, 1, 1, 1, 1, 1, 1, 1, 1, 1]]

means=tensor([1.4356e-04, 1.6738e-04, 2.0648e-04, 4.1865e-04, 4.0929e-04, 6.2931e-05,
        3.9416e-05, 1.9783e-04, 1.6015e-04, 2.8682e-04, 9.6643e-05, 2.6471e-04,
        6.9444e-05, 2.6549e-05, 7.6071e-05, 2.9571e-05, 6.1420e-05, 2.8947e-05,
        1.7542e-04, 6.0069e-05, 1.9482e-04, 1.7348e-04, 1.0952e-04, 9.8615e-06,
        6.1490e-05, 6.1665e-05, 8.6345e-05, 3.3476e-05, 1.0083e-04, 3.5692e-05,
        1.0615e-04, 4.7440e-05, 4.4576e-05, 7.1866e-05, 9.1194e-05, 1.1797e-04,
        5.3849e-05, 2.5919e-06, 3.3167e-05, 9.8346e-05, 1.1301e-04, 3.5721e-05,
        9.4713e-06, 1.1133e-04, 1.4358e-05, 2.3149e-04, 1.1258e-05, 1.4856e-05,
        1.5442e-04, 2.2974e-04, 2.0857e-05, 1.9738e-05, 6.0015e-05, 7.2574e-05,
        8.5359e-05, 8.6469e-05, 4.0438e-05, 1.1915e-04, 3.4827e-05, 1.1570e-04,
        3.1715e-04, 1.1046e-05, 1.1451e-04, 7.8060e-05, 4.1144e-05, 1.0057e-04,
        6.3948e-05, 1.0677e-04, 1.8262e-04, 9.7773e-05, 1.0880e-04, 2.6830e-05,
        1.3889e-04, 8.7728e-05, 8.4901e-05, 8.1434e-05, 7.4041e-05, 6.1778e-05,
        8.9659e-05, 1.2125e-05, 4.1134e-05, 3.4674e-05, 3.0238e-05, 1.4486e-04,
        2.5318e-05, 5.4915e-05, 7.2440e-05, 8.1935e-05, 5.6227e-05, 1.1775e-04,
        3.1981e-05, 3.7765e-05, 9.1537e-05, 4.5220e-05, 5.3844e-05, 6.8932e-05,
        1.3494e-04, 1.3910e-04, 5.4356e-05, 2.1397e-05, 1.5353e-06, 4.5688e-05,
        1.2695e-04, 1.4844e-04, 3.1093e-05, 2.2083e-05, 1.0583e-04, 3.3306e-05,
        2.0091e-04, 2.7089e-05, 5.1879e-05, 2.9349e-06, 6.6534e-05],
       grad_fn=<CatBackward>)

mean_overall=tensor(9.0080e-05, grad_fn=<MeanBackward0>)

-----------------------------------------------ITERATION280-----------------------------------------------

final_causality=[[1, 1, 1, 1, 1, 1, 1, 1, 1, 1, 1, 1, 1], [1, 1, 1, 1, 1, 1, 1, 1, 1, 1, 1, 1, 1, 1, 1, 1, 1, 1, 1, 1, 1, 1, 1, 1, 1, 1, 1, 1, 1, 1, 1, 1, 1, 1, 1, 1, 1, 1, 1, 1, 1, 1, 1, 1, 1, 1, 1, 1, 1, 1], [1, 1, 1, 1, 1, 1, 1, 1, 1, 1, 1, 1, 1, 1, 1, 1, 1, 1, 1, 1, 1, 1, 1, 1, 1, 1, 1, 1, 1, 1, 1, 1, 1, 1, 1, 1, 1, 1, 1, 1, 1, 1, 1, 1, 1, 1, 1, 1, 1, 1]]

means=tensor([1.4972e-04, 1.7678e-04, 2.1160e-04, 4.4027e-04, 4.2158e-04, 6.4755e-05,
        4.1589e-05, 2.0196e-04, 1.6781e-04, 2.9242e-04, 9.9682e-05, 2.6861e-04,
        7.3620e-05, 2.6806e-05, 7.8330e-05, 3.0671e-05, 6.1052e-05, 2.9697e-05,
        1.7452e-04, 6.1283e-05, 1.9476e-04, 1.7542e-04, 1.1204e-04, 1.0400e-05,
        6.1621e-05, 6.2613e-05, 8.6713e-05, 3.4172e-05, 1.0131e-04, 3.6099e-05,
        1.0753e-04, 4.8759e-05, 4.5508e-05, 7.2973e-05, 9.2883e-05, 1.1871e-04,
        5.4373e-05, 2.7288e-06, 3.3854e-05, 9.7730e-05, 1.1435e-04, 3.6819e-05,
        9.9273e-06, 1.1293e-04, 1.4963e-05, 2.3579e-04, 1.1075e-05, 1.5785e-05,
        1.5544e-04, 2.3065e-04, 2.2066e-05, 2.0367e-05, 6.0603e-05, 7.4103e-05,
        8.5960e-05, 8.7308e-05, 4.1400e-05, 1.2045e-04, 3.5735e-05, 1.1627e-04,
        3.1924e-04, 1.1031e-05, 1.1706e-04, 7.8911e-05, 4.1756e-05, 1.0069e-04,
        6.4680e-05, 1.0696e-04, 1.8437e-04, 9.7914e-05, 1.0900e-04, 2.7212e-05,
        1.3935e-04, 8.7821e-05, 8.6744e-05, 8.1823e-05, 7.4261e-05, 6.1848e-05,
        8.9696e-05, 1.2102e-05, 4.0326e-05, 3.4682e-05, 3.0720e-05, 1.4595e-04,
        2.5929e-05, 5.5596e-05, 7.2537e-05, 8.1447e-05, 5.6896e-05, 1.1985e-04,
        3.2128e-05, 3.7260e-05, 9.1895e-05, 4.5409e-05, 5.4016e-05, 6.9046e-05,
        1.3752e-04, 1.3899e-04, 5.4419e-05, 2.1347e-05, 1.5257e-06, 4.5668e-05,
        1.2802e-04, 1.4940e-04, 3.1153e-05, 2.2149e-05, 1.0600e-04, 3.3278e-05,
        2.0230e-04, 2.7038e-05, 5.2125e-05, 2.9554e-06, 6.6499e-05],
       grad_fn=<CatBackward>)

mean_overall=tensor(9.1429e-05, grad_fn=<MeanBackward0>)

-----------------------------------------------ITERATION290-----------------------------------------------

final_causality=[[1, 1, 1, 1, 1, 1, 1, 1, 1, 1, 1, 1, 1], [1, 1, 1, 1, 1, 1, 1, 1, 1, 1, 1, 1, 1, 1, 1, 1, 1, 1, 1, 1, 1, 1, 1, 1, 1, 1, 1, 1, 1, 1, 1, 1, 1, 1, 1, 1, 1, 1, 1, 1, 1, 1, 1, 1, 1, 1, 1, 1, 1, 1], [1, 1, 1, 1, 1, 1, 1, 1, 1, 1, 1, 1, 1, 1, 1, 1, 1, 1, 1, 1, 1, 1, 1, 1, 1, 1, 1, 1, 1, 1, 1, 1, 1, 1, 1, 1, 1, 1, 1, 1, 1, 1, 1, 1, 1, 1, 1, 1, 1, 1]]

means=tensor([1.5609e-04, 1.8643e-04, 2.1692e-04, 4.6234e-04, 4.3425e-04, 6.6648e-05,
        4.3854e-05, 2.0627e-04, 1.7576e-04, 2.9825e-04, 1.0280e-04, 2.7266e-04,
        7.7932e-05, 2.7071e-05, 8.0683e-05, 3.1801e-05, 6.0685e-05, 3.0480e-05,
        1.7362e-04, 6.2537e-05, 1.9471e-04, 1.7741e-04, 1.1464e-04, 1.0952e-05,
        6.1790e-05, 6.3587e-05, 8.7094e-05, 3.4894e-05, 1.0180e-04, 3.6522e-05,
        1.0893e-04, 5.0125e-05, 4.6468e-05, 7.4120e-05, 9.4617e-05, 1.1946e-04,
        5.4908e-05, 2.8692e-06, 3.4557e-05, 9.7115e-05, 1.1572e-04, 3.7950e-05,
        1.0398e-05, 1.1457e-04, 1.5583e-05, 2.4022e-04, 1.0888e-05, 1.6738e-05,
        1.5650e-04, 2.3161e-04, 2.3301e-05, 2.1009e-05, 6.1212e-05, 7.5682e-05,
        8.6582e-05, 8.8170e-05, 4.2386e-05, 1.2178e-04, 3.6668e-05, 1.1686e-04,
        3.2136e-04, 1.1012e-05, 1.1969e-04, 7.9778e-05, 4.2377e-05, 1.0082e-04,
        6.5425e-05, 1.0715e-04, 1.8615e-04, 9.8061e-05, 1.0918e-04, 2.7602e-05,
        1.3982e-04, 8.7916e-05, 8.8618e-05, 8.2217e-05, 7.4491e-05, 6.1921e-05,
        8.9744e-05, 1.2078e-05, 3.9511e-05, 3.4691e-05, 3.1298e-05, 1.4706e-04,
        2.6546e-05, 5.6287e-05, 7.2640e-05, 8.0943e-05, 5.7576e-05, 1.2197e-04,
        3.2279e-05, 3.6752e-05, 9.2264e-05, 4.5604e-05, 5.4199e-05, 6.9163e-05,
        1.4014e-04, 1.3889e-04, 5.4482e-05, 2.1298e-05, 1.5159e-06, 4.5639e-05,
        1.2912e-04, 1.5038e-04, 3.1219e-05, 2.2218e-05, 1.0617e-04, 3.3250e-05,
        2.0372e-04, 2.6987e-05, 5.2378e-05, 2.9766e-06, 6.6463e-05],
       grad_fn=<CatBackward>)

mean_overall=tensor(9.2819e-05, grad_fn=<MeanBackward0>)

-----------------------------------------------ITERATION300-----------------------------------------------

final_causality=[[1, 1, 1, 1, 1, 1, 1, 1, 1, 1, 1, 1, 1], [1, 1, 1, 1, 1, 1, 1, 1, 1, 1, 1, 1, 1, 1, 1, 1, 1, 1, 1, 1, 1, 1, 1, 1, 1, 1, 1, 1, 1, 1, 1, 1, 1, 1, 1, 1, 1, 1, 1, 1, 1, 1, 1, 1, 1, 1, 1, 1, 1, 1], [1, 1, 1, 1, 1, 1, 1, 1, 1, 1, 1, 1, 1, 1, 1, 1, 1, 1, 1, 1, 1, 1, 1, 1, 1, 1, 1, 1, 1, 1, 1, 1, 1, 1, 1, 1, 1, 1, 1, 1, 1, 1, 1, 1, 1, 1, 1, 1, 1, 1]]

means=tensor([1.6267e-04, 1.9635e-04, 2.2244e-04, 4.8485e-04, 4.4730e-04, 6.8612e-05,
        4.6217e-05, 2.1079e-04, 1.8401e-04, 3.0433e-04, 1.0599e-04, 2.7686e-04,
        8.2384e-05, 2.7346e-05, 8.3132e-05, 3.2961e-05, 6.0319e-05, 3.1296e-05,
        1.7272e-04, 6.3830e-05, 1.9467e-04, 1.7944e-04, 1.1734e-04, 1.1519e-05,
        6.1966e-05, 6.4585e-05, 8.7489e-05, 3.5643e-05, 1.0231e-04, 3.6963e-05,
        1.1034e-04, 5.1541e-05, 4.7457e-05, 7.5306e-05, 9.6395e-05, 1.2022e-04,
        5.5612e-05, 3.0133e-06, 3.5274e-05, 9.6505e-05, 1.1714e-04, 3.9115e-05,
        1.0882e-05, 1.1627e-04, 1.6217e-05, 2.4478e-04, 1.0698e-05, 1.7715e-05,
        1.5759e-04, 2.3260e-04, 2.4560e-05, 2.1664e-05, 6.1843e-05, 7.7311e-05,
        8.7224e-05, 8.9057e-05, 4.3397e-05, 1.2313e-04, 3.7626e-05, 1.1747e-04,
        3.2350e-04, 1.0989e-05, 1.2242e-04, 8.0662e-05, 4.3007e-05, 1.0095e-04,
        6.6184e-05, 1.0735e-04, 1.8796e-04, 9.8212e-05, 1.0935e-04, 2.8001e-05,
        1.4030e-04, 8.8012e-05, 9.0520e-05, 8.2618e-05, 7.4730e-05, 6.1998e-05,
        8.9803e-05, 1.2053e-05, 3.8690e-05, 3.4700e-05, 3.1886e-05, 1.4820e-04,
        2.7169e-05, 5.6986e-05, 7.2747e-05, 8.0422e-05, 5.8268e-05, 1.2412e-04,
        3.2434e-05, 3.6234e-05, 9.2647e-05, 4.5807e-05, 5.4394e-05, 6.9285e-05,
        1.4281e-04, 1.3879e-04, 5.4547e-05, 2.1251e-05, 1.5058e-06, 4.5601e-05,
        1.3024e-04, 1.5138e-04, 3.1291e-05, 2.2289e-05, 1.0634e-04, 3.3220e-05,
        2.0519e-04, 2.6981e-05, 5.2637e-05, 2.9985e-06, 6.6424e-05],
       grad_fn=<CatBackward>)

mean_overall=tensor(9.4251e-05, grad_fn=<MeanBackward0>)

-----------------------------------------------ITERATION310-----------------------------------------------

final_causality=[[1, 1, 1, 1, 1, 1, 1, 1, 1, 1, 1, 1, 1], [1, 1, 1, 1, 1, 1, 1, 1, 1, 1, 1, 1, 1, 1, 1, 1, 1, 1, 1, 1, 1, 1, 1, 1, 1, 1, 1, 1, 1, 1, 1, 1, 1, 1, 1, 1, 1, 1, 1, 1, 1, 1, 1, 1, 1, 1, 1, 1, 1, 1], [1, 1, 1, 1, 1, 1, 1, 1, 1, 1, 1, 1, 1, 1, 1, 1, 1, 1, 1, 1, 1, 1, 1, 1, 1, 1, 1, 1, 1, 1, 1, 1, 1, 1, 1, 1, 1, 1, 1, 1, 1, 1, 1, 1, 1, 1, 1, 1, 1, 1]]

means=tensor([1.6949e-04, 2.0654e-04, 2.2817e-04, 5.0779e-04, 4.6074e-04, 7.0649e-05,
        4.8680e-05, 2.1552e-04, 1.9256e-04, 3.1066e-04, 1.0926e-04, 2.8122e-04,
        8.6978e-05, 2.7630e-05, 8.5682e-05, 3.4154e-05, 5.9955e-05, 3.2147e-05,
        1.7182e-04, 6.5165e-05, 1.9465e-04, 1.8152e-04, 1.2014e-04, 1.2099e-05,
        6.2151e-05, 6.5608e-05, 8.7899e-05, 3.6418e-05, 1.0283e-04, 3.7648e-05,
        1.1178e-04, 5.3008e-05, 4.8473e-05, 7.6533e-05, 9.8219e-05, 1.2099e-04,
        5.6520e-05, 3.1610e-06, 3.6007e-05, 9.5897e-05, 1.1859e-04, 4.0313e-05,
        1.1381e-05, 1.1800e-04, 1.6866e-05, 2.4946e-04, 1.0505e-05, 1.8717e-05,
        1.5870e-04, 2.3364e-04, 2.5844e-05, 2.2333e-05, 6.2495e-05, 7.8993e-05,
        8.7886e-05, 8.9967e-05, 4.4433e-05, 1.2450e-04, 3.8609e-05, 1.1810e-04,
        3.2568e-04, 1.0962e-05, 1.2525e-04, 8.1562e-05, 4.3646e-05, 1.0109e-04,
        6.6957e-05, 1.0756e-04, 1.8981e-04, 9.8369e-05, 1.0951e-04, 2.8408e-05,
        1.4080e-04, 8.8109e-05, 9.2451e-05, 8.3025e-05, 7.4977e-05, 6.2079e-05,
        8.9873e-05, 1.2027e-05, 3.7863e-05, 3.4711e-05, 3.2484e-05, 1.4937e-04,
        2.7798e-05, 5.7695e-05, 7.2859e-05, 7.9885e-05, 5.8972e-05, 1.2630e-04,
        3.2594e-05, 3.5708e-05, 9.3042e-05, 4.6016e-05, 5.4602e-05, 6.9412e-05,
        1.4552e-04, 1.3868e-04, 5.4612e-05, 2.1204e-05, 1.4955e-06, 4.5554e-05,
        1.3138e-04, 1.5238e-04, 3.1369e-05, 2.2364e-05, 1.0650e-04, 3.3189e-05,
        2.0669e-04, 2.7130e-05, 5.2903e-05, 3.0213e-06, 6.6383e-05],
       grad_fn=<CatBackward>)

mean_overall=tensor(9.5730e-05, grad_fn=<MeanBackward0>)

-----------------------------------------------ITERATION320-----------------------------------------------

final_causality=[[1, 1, 1, 1, 1, 1, 1, 1, 1, 1, 1, 1, 1], [1, 1, 1, 1, 1, 1, 1, 1, 1, 1, 1, 1, 1, 1, 1, 1, 1, 1, 1, 1, 1, 1, 1, 1, 1, 1, 1, 1, 1, 1, 1, 1, 1, 1, 1, 1, 1, 1, 1, 1, 1, 1, 1, 1, 1, 1, 1, 1, 1, 1], [1, 1, 1, 1, 1, 1, 1, 1, 1, 1, 1, 1, 1, 1, 1, 1, 1, 1, 1, 1, 1, 1, 1, 1, 1, 1, 1, 1, 1, 1, 1, 1, 1, 1, 1, 1, 1, 1, 1, 1, 1, 1, 1, 1, 1, 1, 1, 1, 1, 1]]

means=tensor([1.7653e-04, 2.1701e-04, 2.3412e-04, 5.3118e-04, 4.7457e-04, 7.2762e-05,
        5.1247e-05, 2.2046e-04, 2.0143e-04, 3.1724e-04, 1.1262e-04, 2.8574e-04,
        9.1719e-05, 2.7925e-05, 8.8335e-05, 3.5378e-05, 5.9593e-05, 3.3033e-05,
        1.7092e-04, 6.6541e-05, 1.9465e-04, 1.8364e-04, 1.2302e-04, 1.2694e-05,
        6.2343e-05, 6.6655e-05, 8.8323e-05, 3.7221e-05, 1.0337e-04, 3.8421e-05,
        1.1323e-04, 5.4526e-05, 4.9518e-05, 7.7802e-05, 1.0009e-04, 1.2176e-04,
        5.7453e-05, 3.3123e-06, 3.6754e-05, 9.5295e-05, 1.2007e-04, 4.1546e-05,
        1.1895e-05, 1.1979e-04, 1.7530e-05, 2.5428e-04, 1.0309e-05, 1.9745e-05,
        1.5985e-04, 2.3472e-04, 2.7153e-05, 2.3015e-05, 6.3171e-05, 8.0726e-05,
        8.8570e-05, 9.0901e-05, 4.5494e-05, 1.2590e-04, 3.9618e-05, 1.1874e-04,
        3.2789e-04, 1.0930e-05, 1.2818e-04, 8.2479e-05, 4.4293e-05, 1.0122e-04,
        6.7745e-05, 1.0777e-04, 1.9170e-04, 9.8532e-05, 1.0965e-04, 2.8825e-05,
        1.4302e-04, 8.8207e-05, 9.4410e-05, 8.3438e-05, 7.5234e-05, 6.2164e-05,
        8.9955e-05, 1.2000e-05, 3.7284e-05, 3.4723e-05, 3.3092e-05, 1.5055e-04,
        2.8432e-05, 5.8412e-05, 7.2976e-05, 7.9332e-05, 5.9686e-05, 1.2851e-04,
        3.2759e-05, 3.5173e-05, 9.3450e-05, 4.6233e-05, 5.4823e-05, 6.9543e-05,
        1.4828e-04, 1.3858e-04, 5.4678e-05, 2.1158e-05, 1.4849e-06, 4.5498e-05,
        1.3255e-04, 1.5340e-04, 3.1452e-05, 2.2441e-05, 1.0667e-04, 3.3156e-05,
        2.0824e-04, 2.7284e-05, 5.3176e-05, 3.0449e-06, 6.6340e-05],
       grad_fn=<CatBackward>)

mean_overall=tensor(9.7270e-05, grad_fn=<MeanBackward0>)

-----------------------------------------------ITERATION330-----------------------------------------------

final_causality=[[1, 1, 1, 1, 1, 1, 1, 1, 1, 1, 1, 1, 1], [1, 1, 1, 1, 1, 1, 1, 1, 1, 1, 1, 1, 1, 1, 1, 1, 1, 1, 1, 1, 1, 1, 1, 1, 1, 1, 1, 1, 1, 1, 1, 1, 1, 1, 1, 1, 1, 1, 1, 1, 1, 1, 1, 1, 1, 1, 1, 1, 1, 1], [1, 1, 1, 1, 1, 1, 1, 1, 1, 1, 1, 1, 1, 1, 1, 1, 1, 1, 1, 1, 1, 1, 1, 1, 1, 1, 1, 1, 1, 1, 1, 1, 1, 1, 1, 1, 1, 1, 1, 1, 1, 1, 1, 1, 1, 1, 1, 1, 1, 1]]

means=tensor([1.8381e-04, 2.2776e-04, 2.4029e-04, 5.5499e-04, 4.8880e-04, 7.4954e-05,
        5.3922e-05, 2.2563e-04, 2.1064e-04, 3.2409e-04, 1.1605e-04, 2.9044e-04,
        9.6608e-05, 2.8229e-05, 9.1094e-05, 3.6634e-05, 5.9234e-05, 3.3955e-05,
        1.7002e-04, 6.7960e-05, 1.9467e-04, 1.8580e-04, 1.2601e-04, 1.3304e-05,
        6.2544e-05, 6.7727e-05, 8.8763e-05, 3.8052e-05, 1.0392e-04, 3.9220e-05,
        1.1469e-04, 5.6097e-05, 5.0592e-05, 7.9114e-05, 1.0200e-04, 1.2254e-04,
        5.8411e-05, 3.4674e-06, 3.7516e-05, 9.4697e-05, 1.2160e-04, 4.2813e-05,
        1.2424e-05, 1.2162e-04, 1.8209e-05, 2.5924e-04, 1.0109e-05, 2.0798e-05,
        1.6103e-04, 2.3585e-04, 2.8487e-05, 2.3710e-05, 6.3869e-05, 8.2513e-05,
        8.9276e-05, 9.1858e-05, 4.6581e-05, 1.2732e-04, 4.0654e-05, 1.1941e-04,
        3.3012e-04, 1.0894e-05, 1.3119e-04, 8.3411e-05, 4.4949e-05, 1.0137e-04,
        6.8546e-05, 1.0799e-04, 1.9362e-04, 9.8700e-05, 1.0977e-04, 2.9249e-05,
        1.4574e-04, 8.8306e-05, 9.6397e-05, 8.3857e-05, 7.5501e-05, 6.2254e-05,
        9.0048e-05, 1.1972e-05, 3.7067e-05, 3.4736e-05, 3.3709e-05, 1.5176e-04,
        2.9072e-05, 5.9138e-05, 7.3098e-05, 7.8761e-05, 6.0412e-05, 1.3075e-04,
        3.2928e-05, 3.4629e-05, 9.3872e-05, 4.6458e-05, 5.5057e-05, 6.9678e-05,
        1.5108e-04, 1.3847e-04, 5.4746e-05, 2.1113e-05, 1.4739e-06, 4.5431e-05,
        1.3373e-04, 1.5443e-04, 3.1542e-05, 2.2521e-05, 1.0683e-04, 3.3122e-05,
        2.0982e-04, 2.7444e-05, 5.3455e-05, 3.0693e-06, 6.6294e-05],
       grad_fn=<CatBackward>)

mean_overall=tensor(9.8860e-05, grad_fn=<MeanBackward0>)

-----------------------------------------------ITERATION340-----------------------------------------------

final_causality=[[1, 1, 1, 1, 1, 1, 1, 1, 1, 1, 1, 1, 1], [1, 1, 1, 1, 1, 1, 1, 1, 1, 1, 1, 1, 1, 1, 1, 1, 1, 1, 1, 1, 1, 1, 1, 1, 1, 1, 1, 1, 1, 1, 1, 1, 1, 1, 1, 1, 1, 1, 1, 1, 1, 1, 1, 1, 1, 1, 1, 1, 1, 1], [1, 1, 1, 1, 1, 1, 1, 1, 1, 1, 1, 1, 1, 1, 1, 1, 1, 1, 1, 1, 1, 1, 1, 1, 1, 1, 1, 1, 1, 1, 1, 1, 1, 1, 1, 1, 1, 1, 1, 1, 1, 1, 1, 1, 1, 1, 1, 1, 1, 1]]

means=tensor([1.9134e-04, 2.3881e-04, 2.4668e-04, 5.7924e-04, 5.0343e-04, 7.7227e-05,
        5.6711e-05, 2.3104e-04, 2.2018e-04, 3.3122e-04, 1.1957e-04, 2.9530e-04,
        1.0165e-04, 2.8543e-05, 9.3962e-05, 3.7923e-05, 5.8877e-05, 3.4916e-05,
        1.6913e-04, 6.9422e-05, 1.9471e-04, 1.8801e-04, 1.2910e-04, 1.3929e-05,
        6.2802e-05, 6.8824e-05, 8.9218e-05, 3.8913e-05, 1.0449e-04, 4.0046e-05,
        1.1617e-04, 5.7722e-05, 5.1695e-05, 8.0470e-05, 1.0397e-04, 1.2333e-04,
        5.9395e-05, 3.6263e-06, 3.8291e-05, 9.4106e-05, 1.2316e-04, 4.4117e-05,
        1.2968e-05, 1.2349e-04, 1.8903e-05, 2.6433e-04, 9.9067e-06, 2.1878e-05,
        1.6224e-04, 2.3701e-04, 2.9847e-05, 2.4418e-05, 6.4590e-05, 8.4353e-05,
        9.0004e-05, 9.2841e-05, 4.7692e-05, 1.2875e-04, 4.1716e-05, 1.2009e-04,
        3.3238e-04, 1.0852e-05, 1.3430e-04, 8.4358e-05, 4.5614e-05, 1.0151e-04,
        6.9362e-05, 1.0822e-04, 1.9557e-04, 9.8873e-05, 1.0988e-04, 2.9683e-05,
        1.4849e-04, 8.8406e-05, 9.8410e-05, 8.4283e-05, 7.5778e-05, 6.2348e-05,
        9.0154e-05, 1.1943e-05, 3.6852e-05, 3.4749e-05, 3.4335e-05, 1.5300e-04,
        2.9715e-05, 5.9871e-05, 7.3226e-05, 7.8173e-05, 6.1149e-05, 1.3302e-04,
        3.3102e-05, 3.4078e-05, 9.4307e-05, 4.6690e-05, 5.5304e-05, 6.9819e-05,
        1.5393e-04, 1.3836e-04, 5.4814e-05, 2.1070e-05, 1.4628e-06, 4.5354e-05,
        1.3494e-04, 1.5547e-04, 3.1639e-05, 2.2604e-05, 1.0700e-04, 3.3086e-05,
        2.1144e-04, 2.7609e-05, 5.3740e-05, 3.0946e-06, 6.6246e-05],
       grad_fn=<CatBackward>)

mean_overall=tensor(0.0001, grad_fn=<MeanBackward0>)

-----------------------------------------------ITERATION350-----------------------------------------------

final_causality=[[1, 1, 1, 1, 1, 1, 1, 1, 1, 1, 1, 1, 1], [1, 1, 1, 1, 1, 1, 1, 1, 1, 1, 1, 1, 1, 1, 1, 1, 1, 1, 1, 1, 1, 1, 1, 1, 1, 1, 1, 1, 1, 1, 1, 1, 1, 1, 1, 1, 1, 1, 1, 1, 1, 1, 1, 1, 1, 1, 1, 1, 1, 1], [1, 1, 1, 1, 1, 1, 1, 1, 1, 1, 1, 1, 1, 1, 1, 1, 1, 1, 1, 1, 1, 1, 1, 1, 1, 1, 1, 1, 1, 1, 1, 1, 1, 1, 1, 1, 1, 1, 1, 1, 1, 1, 1, 1, 1, 1, 1, 1, 1, 1]]

means=tensor([1.9912e-04, 2.5016e-04, 2.5331e-04, 6.0391e-04, 5.1849e-04, 7.9585e-05,
        5.9618e-05, 2.3669e-04, 2.3008e-04, 3.3864e-04, 1.2316e-04, 3.0035e-04,
        1.0685e-04, 2.8868e-05, 9.6944e-05, 3.9246e-05, 5.8524e-05, 3.5915e-05,
        1.6824e-04, 7.0928e-05, 1.9477e-04, 1.9026e-04, 1.3229e-04, 1.4568e-05,
        6.3100e-05, 6.9945e-05, 8.9691e-05, 3.9803e-05, 1.0507e-04, 4.0899e-05,
        1.1767e-04, 5.9402e-05, 5.2826e-05, 8.1871e-05, 1.0597e-04, 1.2413e-04,
        6.0405e-05, 3.7889e-06, 3.9081e-05, 9.3521e-05, 1.2476e-04, 4.5456e-05,
        1.3526e-05, 1.2541e-04, 1.9611e-05, 2.6955e-04, 9.7010e-06, 2.2984e-05,
        1.6348e-04, 2.3823e-04, 3.1232e-05, 2.5140e-05, 6.5335e-05, 8.6248e-05,
        9.0755e-05, 9.3847e-05, 4.8830e-05, 1.3021e-04, 4.2805e-05, 1.2080e-04,
        3.3466e-04, 1.0805e-05, 1.3751e-04, 8.5321e-05, 4.6287e-05, 1.0166e-04,
        7.0192e-05, 1.0846e-04, 1.9755e-04, 9.9053e-05, 1.0996e-04, 3.0126e-05,
        1.5129e-04, 8.8508e-05, 1.0045e-04, 8.4714e-05, 7.6064e-05, 6.2447e-05,
        9.0272e-05, 1.1913e-05, 3.6637e-05, 3.4764e-05, 3.4971e-05, 1.5425e-04,
        3.0363e-05, 6.0612e-05, 7.3360e-05, 7.7569e-05, 6.1898e-05, 1.3532e-04,
        3.3281e-05, 3.3518e-05, 9.4757e-05, 4.6930e-05, 5.5565e-05, 6.9964e-05,
        1.5682e-04, 1.3825e-04, 5.4988e-05, 2.1027e-05, 1.4513e-06, 4.5266e-05,
        1.3617e-04, 1.5652e-04, 3.1741e-05, 2.2691e-05, 1.0716e-04, 3.3049e-05,
        2.1310e-04, 2.7781e-05, 5.4032e-05, 3.1208e-06, 6.6195e-05],
       grad_fn=<CatBackward>)

mean_overall=tensor(0.0001, grad_fn=<MeanBackward0>)

-----------------------------------------------ITERATION360-----------------------------------------------

final_causality=[[1, 1, 1, 1, 1, 1, 1, 1, 1, 1, 1, 1, 1], [1, 1, 1, 1, 1, 1, 1, 1, 1, 1, 1, 1, 1, 1, 1, 1, 1, 1, 1, 1, 1, 1, 1, 1, 1, 1, 1, 1, 1, 1, 1, 1, 1, 1, 1, 1, 1, 1, 1, 1, 1, 1, 1, 1, 1, 1, 1, 1, 1, 1], [1, 1, 1, 1, 1, 1, 1, 1, 1, 1, 1, 1, 1, 1, 1, 1, 1, 1, 1, 1, 1, 1, 1, 1, 1, 1, 1, 1, 1, 1, 1, 1, 1, 1, 1, 1, 1, 1, 1, 1, 1, 1, 1, 1, 1, 1, 1, 1, 1, 1]]

means=tensor([2.0715e-04, 2.6183e-04, 2.6018e-04, 6.2900e-04, 5.3397e-04, 8.2031e-05,
        6.2649e-05, 2.4260e-04, 2.4035e-04, 3.4636e-04, 1.2685e-04, 3.0558e-04,
        1.1221e-04, 2.9203e-05, 1.0004e-04, 4.0603e-05, 5.8176e-05, 3.6954e-05,
        1.6735e-04, 7.2480e-05, 1.9485e-04, 1.9256e-04, 1.3558e-04, 1.5223e-05,
        6.3408e-05, 7.1090e-05, 9.0181e-05, 4.0723e-05, 1.0567e-04, 4.1781e-05,
        1.1918e-04, 6.1139e-05, 5.3987e-05, 8.3317e-05, 1.0803e-04, 1.2493e-04,
        6.1442e-05, 3.9555e-06, 3.9885e-05, 9.2944e-05, 1.2653e-04, 4.6833e-05,
        1.4101e-05, 1.2738e-04, 2.0335e-05, 2.7491e-04, 9.4922e-06, 2.4116e-05,
        1.6476e-04, 2.3949e-04, 3.2643e-05, 2.5874e-05, 6.6104e-05, 8.8197e-05,
        9.1528e-05, 9.4877e-05, 4.9993e-05, 1.3169e-04, 4.3922e-05, 1.2152e-04,
        3.3697e-04, 1.0752e-05, 1.4081e-04, 8.6298e-05, 4.6968e-05, 1.0182e-04,
        7.1036e-05, 1.0870e-04, 1.9957e-04, 9.9238e-05, 1.1003e-04, 3.0578e-05,
        1.5413e-04, 8.8611e-05, 1.0251e-04, 8.5153e-05, 7.6361e-05, 6.2550e-05,
        9.0404e-05, 1.1882e-05, 3.6424e-05, 3.4780e-05, 3.5616e-05, 1.5553e-04,
        3.1015e-05, 6.1361e-05, 7.3499e-05, 7.6947e-05, 6.2657e-05, 1.3764e-04,
        3.3465e-05, 3.2950e-05, 9.5221e-05, 4.7179e-05, 5.5841e-05, 7.0114e-05,
        1.5976e-04, 1.3814e-04, 5.5257e-05, 2.0986e-05, 1.4396e-06, 4.5167e-05,
        1.3742e-04, 1.5758e-04, 3.1851e-05, 2.2781e-05, 1.0732e-04, 3.3010e-05,
        2.1481e-04, 2.7958e-05, 5.4329e-05, 3.1479e-06, 6.6141e-05],
       grad_fn=<CatBackward>)

mean_overall=tensor(0.0001, grad_fn=<MeanBackward0>)

-----------------------------------------------ITERATION370-----------------------------------------------

final_causality=[[1, 1, 1, 1, 1, 1, 1, 1, 1, 1, 1, 1, 1], [1, 1, 1, 1, 1, 1, 1, 1, 1, 1, 1, 1, 1, 1, 1, 1, 1, 1, 1, 1, 1, 1, 1, 1, 1, 1, 1, 1, 1, 1, 1, 1, 1, 1, 1, 1, 1, 1, 1, 1, 1, 1, 1, 1, 1, 1, 1, 1, 1, 1], [1, 1, 1, 1, 1, 1, 1, 1, 1, 1, 1, 1, 1, 1, 1, 1, 1, 1, 1, 1, 1, 1, 1, 1, 1, 1, 1, 1, 1, 1, 1, 1, 1, 1, 1, 1, 1, 1, 1, 1, 1, 1, 1, 1, 1, 1, 1, 1, 1, 1]]

means=tensor([2.1545e-04, 2.7381e-04, 2.6731e-04, 6.5450e-04, 5.4988e-04, 8.4568e-05,
        6.5808e-05, 2.4877e-04, 2.5100e-04, 3.5438e-04, 1.3062e-04, 3.1100e-04,
        1.1774e-04, 2.9549e-05, 1.0326e-04, 4.1995e-05, 5.8213e-05, 3.8033e-05,
        1.6647e-04, 7.4076e-05, 1.9495e-04, 1.9489e-04, 1.3898e-04, 1.5893e-05,
        6.3727e-05, 7.2260e-05, 9.0689e-05, 4.1675e-05, 1.0628e-04, 4.2691e-05,
        1.2070e-04, 6.2934e-05, 5.5177e-05, 8.4812e-05, 1.1013e-04, 1.2574e-04,
        6.2505e-05, 4.1258e-06, 4.0702e-05, 9.2375e-05, 1.2878e-04, 4.8247e-05,
        1.4690e-05, 1.2939e-04, 2.1074e-05, 2.8042e-04, 9.2801e-06, 2.5276e-05,
        1.6606e-04, 2.4080e-04, 3.4081e-05, 2.6620e-05, 6.6898e-05, 9.0202e-05,
        9.2326e-05, 9.5932e-05, 5.1182e-05, 1.3319e-04, 4.5066e-05, 1.2227e-04,
        3.3930e-04, 1.0693e-05, 1.4421e-04, 8.7288e-05, 4.7657e-05, 1.0197e-04,
        7.1895e-05, 1.0895e-04, 2.0162e-04, 9.9428e-05, 1.1007e-04, 3.1038e-05,
        1.5700e-04, 8.8715e-05, 1.0460e-04, 8.5598e-05, 7.6668e-05, 6.2659e-05,
        9.0549e-05, 1.1850e-05, 3.6212e-05, 3.4797e-05, 3.6271e-05, 1.5684e-04,
        3.1671e-05, 6.2116e-05, 7.3645e-05, 7.6309e-05, 6.3427e-05, 1.3999e-04,
        3.3654e-05, 3.2375e-05, 9.5700e-05, 4.7436e-05, 5.6130e-05, 7.0269e-05,
        1.6274e-04, 1.3803e-04, 5.5533e-05, 2.0946e-05, 1.4275e-06, 4.5056e-05,
        1.3869e-04, 1.5865e-04, 3.1967e-05, 2.2874e-05, 1.0747e-04, 3.2970e-05,
        2.1655e-04, 2.8141e-05, 5.4632e-05, 3.1758e-06, 6.6085e-05],
       grad_fn=<CatBackward>)

mean_overall=tensor(0.0001, grad_fn=<MeanBackward0>)

-----------------------------------------------ITERATION380-----------------------------------------------

final_causality=[[1, 1, 1, 1, 1, 1, 1, 1, 1, 1, 1, 1, 1], [1, 1, 1, 1, 1, 1, 1, 1, 1, 1, 1, 1, 1, 1, 1, 1, 1, 1, 1, 1, 1, 1, 1, 1, 1, 1, 1, 1, 1, 1, 1, 1, 1, 1, 1, 1, 1, 1, 1, 1, 1, 1, 1, 1, 1, 1, 1, 1, 1, 1], [1, 1, 1, 1, 1, 1, 1, 1, 1, 1, 1, 1, 1, 1, 1, 1, 1, 1, 1, 1, 1, 1, 1, 1, 1, 1, 1, 1, 1, 1, 1, 1, 1, 1, 1, 1, 1, 1, 1, 1, 1, 1, 1, 1, 1, 1, 1, 1, 1, 1]]

means=tensor([2.2403e-04, 2.8612e-04, 2.7469e-04, 6.8040e-04, 5.6624e-04, 8.7200e-05,
        6.9103e-05, 2.5523e-04, 2.6204e-04, 3.6273e-04, 1.3447e-04, 3.1661e-04,
        1.2344e-04, 2.9905e-05, 1.0660e-04, 4.3422e-05, 5.8332e-05, 3.9155e-05,
        1.6560e-04, 7.5720e-05, 1.9507e-04, 1.9727e-04, 1.4249e-04, 1.6579e-05,
        6.4057e-05, 7.3454e-05, 9.1216e-05, 4.2658e-05, 1.0691e-04, 4.3631e-05,
        1.2223e-04, 6.4787e-05, 5.6396e-05, 8.6354e-05, 1.1229e-04, 1.2655e-04,
        6.3596e-05, 4.3001e-06, 4.1533e-05, 9.1816e-05, 1.3108e-04, 4.9700e-05,
        1.5296e-05, 1.3146e-04, 2.1828e-05, 2.8606e-04, 9.0648e-06, 2.6464e-05,
        1.6740e-04, 2.4216e-04, 3.5545e-05, 2.7389e-05, 6.7717e-05, 9.2263e-05,
        9.3147e-05, 9.7011e-05, 5.2397e-05, 1.3471e-04, 4.6240e-05, 1.2303e-04,
        3.4165e-04, 1.0628e-05, 1.4771e-04, 8.8292e-05, 4.8355e-05, 1.0214e-04,
        7.2768e-05, 1.0921e-04, 2.0369e-04, 9.9625e-05, 1.1010e-04, 3.1509e-05,
        1.5992e-04, 8.8821e-05, 1.0671e-04, 8.6049e-05, 7.6987e-05, 6.2773e-05,
        9.0708e-05, 1.1816e-05, 3.6042e-05, 3.4815e-05, 3.6935e-05, 1.5816e-04,
        3.2329e-05, 6.2878e-05, 7.3797e-05, 7.5653e-05, 6.4209e-05, 1.4237e-04,
        3.3848e-05, 3.1962e-05, 9.6194e-05, 4.7701e-05, 5.6435e-05, 7.0429e-05,
        1.6575e-04, 1.3792e-04, 5.5816e-05, 2.0907e-05, 1.4152e-06, 4.4934e-05,
        1.3998e-04, 1.5973e-04, 3.2090e-05, 2.2971e-05, 1.0763e-04, 3.2928e-05,
        2.1833e-04, 2.8331e-05, 5.4941e-05, 3.2048e-06, 6.6025e-05],
       grad_fn=<CatBackward>)

mean_overall=tensor(0.0001, grad_fn=<MeanBackward0>)

-----------------------------------------------ITERATION390-----------------------------------------------

final_causality=[[1, 1, 1, 1, 1, 1, 1, 1, 1, 1, 1, 1, 1], [1, 1, 1, 1, 1, 1, 1, 1, 1, 1, 1, 1, 1, 1, 1, 1, 1, 1, 1, 1, 1, 1, 1, 1, 1, 1, 1, 1, 1, 1, 1, 1, 1, 1, 1, 1, 1, 1, 1, 1, 1, 1, 1, 1, 1, 1, 1, 1, 1, 1], [1, 1, 1, 1, 1, 1, 1, 1, 1, 1, 1, 1, 1, 1, 1, 1, 1, 1, 1, 1, 1, 1, 1, 1, 1, 1, 1, 1, 1, 1, 1, 1, 1, 1, 1, 1, 1, 1, 1, 1, 1, 1, 1, 1, 1, 1, 1, 1, 1, 1]]

means=tensor([2.3288e-04, 2.9877e-04, 2.8234e-04, 7.0671e-04, 5.8304e-04, 8.9930e-05,
        7.2539e-05, 2.6197e-04, 2.7350e-04, 3.7142e-04, 1.3841e-04, 3.2243e-04,
        1.2930e-04, 3.0273e-05, 1.1007e-04, 4.4885e-05, 5.8456e-05, 4.0319e-05,
        1.6474e-04, 7.7410e-05, 1.9522e-04, 1.9969e-04, 1.4611e-04, 1.7280e-05,
        6.4429e-05, 7.4672e-05, 9.1763e-05, 4.3674e-05, 1.0755e-04, 4.4600e-05,
        1.2378e-04, 6.6701e-05, 5.7644e-05, 8.7946e-05, 1.1449e-04, 1.2736e-04,
        6.4713e-05, 4.4784e-06, 4.2376e-05, 9.1418e-05, 1.3342e-04, 5.1191e-05,
        1.5917e-05, 1.3356e-04, 2.2597e-05, 2.9184e-04, 8.8461e-06, 2.7680e-05,
        1.6877e-04, 2.4357e-04, 3.7036e-05, 2.8220e-05, 6.8562e-05, 9.4380e-05,
        9.3994e-05, 9.8114e-05, 5.3639e-05, 1.3624e-04, 4.7442e-05, 1.2382e-04,
        3.4402e-04, 1.0557e-05, 1.5132e-04, 8.9308e-05, 4.9060e-05, 1.0230e-04,
        7.3656e-05, 1.0948e-04, 2.0580e-04, 9.9827e-05, 1.1010e-04, 3.1988e-05,
        1.6286e-04, 8.8929e-05, 1.0885e-04, 8.6508e-05, 7.7316e-05, 6.2892e-05,
        9.0881e-05, 1.1781e-05, 3.6128e-05, 3.4835e-05, 3.7607e-05, 1.5951e-04,
        3.2990e-05, 6.3646e-05, 7.3956e-05, 7.4980e-05, 6.5001e-05, 1.4476e-04,
        3.4047e-05, 3.2084e-05, 9.6704e-05, 4.7976e-05, 5.6755e-05, 7.0595e-05,
        1.6881e-04, 1.3781e-04, 5.6105e-05, 2.0869e-05, 1.4027e-06, 4.4799e-05,
        1.4129e-04, 1.6081e-04, 3.2221e-05, 2.3071e-05, 1.0778e-04, 3.2884e-05,
        2.2016e-04, 2.8528e-05, 5.5256e-05, 3.2347e-06, 6.5963e-05],
       grad_fn=<CatBackward>)

mean_overall=tensor(0.0001, grad_fn=<MeanBackward0>)

-----------------------------------------------ITERATION400-----------------------------------------------

final_causality=[[1, 1, 1, 1, 1, 1, 1, 1, 1, 1, 1, 1, 1], [1, 1, 1, 1, 1, 1, 1, 1, 1, 1, 1, 1, 1, 1, 1, 1, 1, 1, 1, 1, 1, 1, 1, 1, 1, 1, 1, 1, 1, 1, 1, 1, 1, 1, 1, 1, 1, 1, 1, 1, 1, 1, 1, 1, 1, 1, 1, 1, 1, 1], [1, 1, 1, 1, 1, 1, 1, 1, 1, 1, 1, 1, 1, 1, 1, 1, 1, 1, 1, 1, 1, 1, 1, 1, 1, 1, 1, 1, 1, 1, 1, 1, 1, 1, 1, 1, 1, 1, 1, 1, 1, 1, 1, 1, 1, 1, 1, 1, 1, 1]]

means=tensor([2.4203e-04, 3.1178e-04, 2.9028e-04, 7.3340e-04, 6.0031e-04, 9.2762e-05,
        7.6123e-05, 2.6902e-04, 2.8538e-04, 3.8045e-04, 1.4245e-04, 3.2845e-04,
        1.3535e-04, 3.0652e-05, 1.1367e-04, 4.6385e-05, 5.8914e-05, 4.1527e-05,
        1.6388e-04, 7.9149e-05, 1.9539e-04, 2.0214e-04, 1.4985e-04, 1.7998e-05,
        6.4962e-05, 7.5914e-05, 9.2331e-05, 4.4723e-05, 1.0820e-04, 4.5601e-05,
        1.2533e-04, 6.8677e-05, 5.8921e-05, 8.9589e-05, 1.1674e-04, 1.2818e-04,
        6.5857e-05, 4.6608e-06, 4.3232e-05, 9.1068e-05, 1.3582e-04, 5.2723e-05,
        1.6554e-05, 1.3572e-04, 2.3382e-05, 2.9776e-04, 8.6241e-06, 2.8925e-05,
        1.7018e-04, 2.4504e-04, 3.8554e-05, 2.9069e-05, 6.9432e-05, 9.6554e-05,
        9.4865e-05, 9.9242e-05, 5.4908e-05, 1.3779e-04, 4.8674e-05, 1.2463e-04,
        3.4641e-04, 1.0479e-05, 1.5502e-04, 9.0336e-05, 4.9773e-05, 1.0247e-04,
        7.4557e-05, 1.0976e-04, 2.0794e-04, 1.0004e-04, 1.1008e-04, 3.2477e-05,
        1.6585e-04, 8.9037e-05, 1.1101e-04, 8.6973e-05, 7.7657e-05, 6.3017e-05,
        9.1068e-05, 1.1745e-05, 3.6222e-05, 3.4855e-05, 3.8289e-05, 1.6087e-04,
        3.3653e-05, 6.4419e-05, 7.4121e-05, 7.4291e-05, 6.5804e-05, 1.4719e-04,
        3.4251e-05, 3.2208e-05, 9.7230e-05, 4.8260e-05, 5.7090e-05, 7.0765e-05,
        1.7191e-04, 1.3770e-04, 5.6400e-05, 2.0832e-05, 1.3899e-06, 4.4652e-05,
        1.4262e-04, 1.6191e-04, 3.2358e-05, 2.3175e-05, 1.0793e-04, 3.2838e-05,
        2.2202e-04, 2.8731e-05, 5.5576e-05, 3.2657e-06, 6.5897e-05],
       grad_fn=<CatBackward>)

mean_overall=tensor(0.0001, grad_fn=<MeanBackward0>)

-----------------------------------------------ITERATION410-----------------------------------------------

final_causality=[[1, 1, 1, 1, 1, 1, 1, 1, 1, 1, 1, 1, 1], [1, 1, 1, 1, 1, 1, 1, 1, 1, 1, 1, 1, 1, 1, 1, 1, 1, 1, 1, 1, 1, 1, 1, 1, 1, 1, 1, 1, 1, 1, 1, 1, 1, 1, 1, 1, 1, 1, 1, 1, 1, 1, 1, 1, 1, 1, 1, 1, 1, 1], [1, 1, 1, 1, 1, 1, 1, 1, 1, 1, 1, 1, 1, 1, 1, 1, 1, 1, 1, 1, 1, 1, 1, 1, 1, 1, 1, 1, 1, 1, 1, 1, 1, 1, 1, 1, 1, 1, 1, 1, 1, 1, 1, 1, 1, 1, 1, 1, 1, 1]]

means=tensor([2.5148e-04, 3.2514e-04, 2.9849e-04, 7.6047e-04, 6.1805e-04, 9.5699e-05,
        7.9863e-05, 2.7639e-04, 2.9771e-04, 3.8985e-04, 1.4657e-04, 3.3469e-04,
        1.4158e-04, 3.1042e-05, 1.1740e-04, 4.7922e-05, 5.9643e-05, 4.2779e-05,
        1.6304e-04, 8.0936e-05, 1.9559e-04, 2.0464e-04, 1.5370e-04, 1.8731e-05,
        6.5507e-05, 7.7179e-05, 9.2922e-05, 4.5805e-05, 1.0887e-04, 4.6632e-05,
        1.2689e-04, 7.0715e-05, 6.0227e-05, 9.1285e-05, 1.1904e-04, 1.2900e-04,
        6.7029e-05, 4.8472e-06, 4.4100e-05, 9.0732e-05, 1.3827e-04, 5.4296e-05,
        1.7207e-05, 1.3792e-04, 2.4182e-05, 3.0382e-04, 8.3988e-06, 3.0198e-05,
        1.7162e-04, 2.4655e-04, 4.0100e-05, 2.9936e-05, 7.0330e-05, 9.8785e-05,
        9.5761e-05, 1.0039e-04, 5.6204e-05, 1.3936e-04, 4.9936e-05, 1.2546e-04,
        3.4881e-04, 1.0394e-05, 1.5884e-04, 9.1375e-05, 5.0493e-05, 1.0264e-04,
        7.5474e-05, 1.1004e-04, 2.1011e-04, 1.0125e-04, 1.1003e-04, 3.2976e-05,
        1.6887e-04, 8.9148e-05, 1.1318e-04, 8.7519e-05, 7.8009e-05, 6.3147e-05,
        9.1271e-05, 1.1708e-05, 3.6324e-05, 3.4877e-05, 3.8980e-05, 1.6226e-04,
        3.4317e-05, 6.5198e-05, 7.4294e-05, 7.3585e-05, 6.6619e-05, 1.4964e-04,
        3.4461e-05, 3.2332e-05, 9.7772e-05, 4.8553e-05, 5.7441e-05, 7.0941e-05,
        1.7504e-04, 1.3759e-04, 5.6701e-05, 2.0797e-05, 1.3768e-06, 4.4492e-05,
        1.4396e-04, 1.6301e-04, 3.2503e-05, 2.3284e-05, 1.0807e-04, 3.2790e-05,
        2.2393e-04, 2.8941e-05, 5.5900e-05, 3.2977e-06, 6.5828e-05],
       grad_fn=<CatBackward>)

mean_overall=tensor(0.0001, grad_fn=<MeanBackward0>)

-----------------------------------------------ITERATION420-----------------------------------------------

final_causality=[[1, 1, 1, 1, 1, 1, 1, 1, 1, 1, 1, 1, 1], [1, 1, 1, 1, 1, 1, 1, 1, 1, 1, 1, 1, 1, 1, 1, 1, 1, 1, 1, 1, 1, 1, 1, 1, 1, 1, 1, 1, 1, 1, 1, 1, 1, 1, 1, 1, 1, 1, 1, 1, 1, 1, 1, 1, 1, 1, 1, 1, 1, 1], [1, 1, 1, 1, 1, 1, 1, 1, 1, 1, 1, 1, 1, 1, 1, 1, 1, 1, 1, 1, 1, 1, 1, 1, 1, 1, 1, 1, 1, 1, 1, 1, 1, 1, 1, 1, 1, 1, 1, 1, 1, 1, 1, 1, 1, 1, 1, 1, 1, 1]]

means=tensor([2.6123e-04, 3.3887e-04, 3.0701e-04, 7.8791e-04, 6.3628e-04, 9.8747e-05,
        8.3765e-05, 2.8408e-04, 3.1050e-04, 3.9962e-04, 1.5079e-04, 3.4115e-04,
        1.4800e-04, 3.1444e-05, 1.2128e-04, 4.9497e-05, 6.0379e-05, 4.4076e-05,
        1.6221e-04, 8.2772e-05, 1.9581e-04, 2.0717e-04, 1.5767e-04, 1.9481e-05,
        6.6064e-05, 7.8468e-05, 9.3536e-05, 4.6922e-05, 1.0956e-04, 4.7695e-05,
        1.2846e-04, 7.2817e-05, 6.1562e-05, 9.3034e-05, 1.2139e-04, 1.2982e-04,
        6.8227e-05, 5.0377e-06, 4.4980e-05, 9.0411e-05, 1.4076e-04, 5.5910e-05,
        1.7876e-05, 1.4017e-04, 2.4998e-05, 3.1003e-04, 8.1699e-06, 3.1501e-05,
        1.7309e-04, 2.4812e-04, 4.1675e-05, 3.0821e-05, 7.1334e-05, 1.0107e-04,
        9.6684e-05, 1.0157e-04, 5.7527e-05, 1.4094e-04, 5.1229e-05, 1.2631e-04,
        3.5124e-04, 1.0301e-05, 1.6276e-04, 9.2424e-05, 5.1221e-05, 1.0281e-04,
        7.6405e-05, 1.1039e-04, 2.1230e-04, 1.0279e-04, 1.0996e-04, 3.3484e-05,
        1.7192e-04, 8.9260e-05, 1.1538e-04, 8.8118e-05, 7.8373e-05, 6.3284e-05,
        9.1488e-05, 1.1669e-05, 3.6435e-05, 3.4903e-05, 3.9679e-05, 1.6366e-04,
        3.5112e-05, 6.5982e-05, 7.4474e-05, 7.2943e-05, 6.7444e-05, 1.5211e-04,
        3.4676e-05, 3.2459e-05, 9.8332e-05, 4.8856e-05, 5.7807e-05, 7.1122e-05,
        1.7821e-04, 1.3747e-04, 5.7007e-05, 2.0763e-05, 1.3634e-06, 4.4319e-05,
        1.4533e-04, 1.6412e-04, 3.2656e-05, 2.3396e-05, 1.0822e-04, 3.2741e-05,
        2.2588e-04, 2.9159e-05, 5.6229e-05, 3.3307e-06, 6.5755e-05],
       grad_fn=<CatBackward>)

mean_overall=tensor(0.0001, grad_fn=<MeanBackward0>)

-----------------------------------------------ITERATION430-----------------------------------------------

final_causality=[[1, 1, 1, 1, 1, 1, 1, 1, 1, 1, 1, 1, 1], [1, 1, 1, 1, 1, 1, 1, 1, 1, 1, 1, 1, 1, 1, 1, 1, 1, 1, 1, 1, 1, 1, 1, 1, 1, 1, 1, 1, 1, 1, 1, 1, 1, 1, 1, 1, 1, 1, 1, 1, 1, 1, 1, 1, 1, 1, 1, 1, 1, 1], [1, 1, 1, 1, 1, 1, 1, 1, 1, 1, 1, 1, 1, 1, 1, 1, 1, 1, 1, 1, 1, 1, 1, 1, 1, 1, 1, 1, 1, 1, 1, 1, 1, 1, 1, 1, 1, 1, 1, 1, 1, 1, 1, 1, 1, 1, 1, 1, 1, 1]]

means=tensor([2.7130e-04, 3.5299e-04, 3.1584e-04, 8.1571e-04, 6.5499e-04, 1.0191e-04,
        8.7836e-05, 2.9212e-04, 3.2377e-04, 4.0979e-04, 1.5510e-04, 3.4784e-04,
        1.5460e-04, 3.1858e-05, 1.2529e-04, 5.1110e-05, 6.1120e-05, 4.5420e-05,
        1.6140e-04, 8.4659e-05, 1.9607e-04, 2.0974e-04, 1.6177e-04, 2.0247e-05,
        6.6632e-05, 7.9779e-05, 9.4175e-05, 4.8074e-05, 1.1026e-04, 4.8789e-05,
        1.3004e-04, 7.4985e-05, 6.2925e-05, 9.4838e-05, 1.2379e-04, 1.3065e-04,
        6.9453e-05, 5.2324e-06, 4.5870e-05, 9.0106e-05, 1.4331e-04, 5.7567e-05,
        1.8562e-05, 1.4247e-04, 2.5830e-05, 3.1638e-04, 7.9375e-06, 3.2834e-05,
        1.7460e-04, 2.4975e-04, 4.3277e-05, 3.1724e-05, 7.2388e-05, 1.0342e-04,
        9.7632e-05, 1.0277e-04, 5.8877e-05, 1.4254e-04, 5.2553e-05, 1.2719e-04,
        3.5367e-04, 1.0201e-05, 1.6678e-04, 9.3481e-05, 5.1957e-05, 1.0299e-04,
        7.7350e-05, 1.1083e-04, 2.1452e-04, 1.0436e-04, 1.0986e-04, 3.4002e-05,
        1.7500e-04, 8.9374e-05, 1.1759e-04, 8.8727e-05, 7.8750e-05, 6.3427e-05,
        9.1721e-05, 1.1629e-05, 3.6555e-05, 3.4978e-05, 4.0387e-05, 1.6509e-04,
        3.6081e-05, 6.6769e-05, 7.4662e-05, 7.2299e-05, 6.8279e-05, 1.5460e-04,
        3.4896e-05, 3.2586e-05, 9.8908e-05, 4.9169e-05, 5.8191e-05, 7.1309e-05,
        1.8142e-04, 1.3736e-04, 5.7319e-05, 2.0730e-05, 1.3498e-06, 4.4132e-05,
        1.4670e-04, 1.6524e-04, 3.2816e-05, 2.3513e-05, 1.0836e-04, 3.2689e-05,
        2.2787e-04, 2.9383e-05, 5.6563e-05, 3.3649e-06, 6.5678e-05],
       grad_fn=<CatBackward>)

mean_overall=tensor(0.0001, grad_fn=<MeanBackward0>)

-----------------------------------------------ITERATION440-----------------------------------------------

final_causality=[[1, 1, 1, 1, 1, 1, 1, 1, 1, 1, 1, 1, 1], [1, 1, 1, 1, 1, 1, 1, 1, 1, 1, 1, 1, 1, 1, 1, 1, 1, 1, 1, 1, 1, 1, 1, 1, 1, 1, 1, 1, 1, 1, 1, 1, 1, 1, 1, 1, 1, 1, 1, 1, 1, 1, 1, 1, 1, 1, 1, 1, 1, 1], [1, 1, 1, 1, 1, 1, 1, 1, 1, 1, 1, 1, 1, 1, 1, 1, 1, 1, 1, 1, 1, 1, 1, 1, 1, 1, 1, 1, 1, 1, 1, 1, 1, 1, 1, 1, 1, 1, 1, 1, 1, 1, 1, 1, 1, 1, 1, 1, 1, 1]]

means=tensor([2.8169e-04, 3.6750e-04, 3.2498e-04, 8.4384e-04, 6.7421e-04, 1.0519e-04,
        9.2086e-05, 3.0051e-04, 3.3754e-04, 4.2036e-04, 1.5950e-04, 3.5476e-04,
        1.6141e-04, 3.2283e-05, 1.2945e-04, 5.2763e-05, 6.1868e-05, 4.6811e-05,
        1.6059e-04, 8.6596e-05, 1.9635e-04, 2.1235e-04, 1.6598e-04, 2.1030e-05,
        6.7211e-05, 8.1113e-05, 9.4840e-05, 4.9261e-05, 1.1097e-04, 4.9917e-05,
        1.3162e-04, 7.7219e-05, 6.4317e-05, 9.6698e-05, 1.2624e-04, 1.3147e-04,
        7.0706e-05, 5.4313e-06, 4.6772e-05, 8.9817e-05, 1.4590e-04, 5.9267e-05,
        1.9264e-05, 1.4481e-04, 2.6677e-05, 3.2288e-04, 7.7016e-06, 3.4196e-05,
        1.7615e-04, 2.5143e-04, 4.4909e-05, 3.2647e-05, 7.3475e-05, 1.0582e-04,
        9.8608e-05, 1.0399e-04, 6.0256e-05, 1.4415e-04, 5.3908e-05, 1.2808e-04,
        3.5612e-04, 1.0094e-05, 1.7092e-04, 9.4547e-05, 5.2699e-05, 1.0317e-04,
        7.8311e-05, 1.1129e-04, 2.1676e-04, 1.0594e-04, 1.0974e-04, 3.4531e-05,
        1.7812e-04, 8.9489e-05, 1.1983e-04, 8.9347e-05, 7.9139e-05, 6.3577e-05,
        9.1970e-05, 1.1588e-05, 3.6684e-05, 3.5099e-05, 4.1104e-05, 1.6653e-04,
        3.7055e-05, 6.7561e-05, 7.4858e-05, 7.1642e-05, 6.9126e-05, 1.5711e-04,
        3.5122e-05, 3.2716e-05, 9.9502e-05, 4.9492e-05, 5.8591e-05, 7.1501e-05,
        1.8466e-04, 1.3725e-04, 5.7636e-05, 2.0698e-05, 1.3360e-06, 4.3932e-05,
        1.4810e-04, 1.6636e-04, 3.2983e-05, 2.3634e-05, 1.0850e-04, 3.2635e-05,
        2.2989e-04, 2.9616e-05, 5.6900e-05, 3.4002e-06, 6.5597e-05],
       grad_fn=<CatBackward>)

mean_overall=tensor(0.0001, grad_fn=<MeanBackward0>)

