-----------------------------------------------ITERATION0-----------------------------------------------

final_causality=[[1, 1, 1, 1, 1, 1, 1, 1, 1, 1, 1, 1, 1], [1, 1, 1, 1, 1, 1, 1, 1, 1, 1, 1, 1, 1, 1, 1, 1, 1, 1, 1, 1, 1, 1, 1, 1, 1, 1, 1, 1, 1, 1, 1, 1, 1, 1, 1, 1, 1, 1, 1, 1, 1, 1, 1, 1, 1, 1, 1, 1, 1, 1], [1, 1, 1, 1, 1, 1, 1, 1, 1, 1, 1, 1, 1, 1, 1, 1, 1, 1, 1, 1, 1, 1, 1, 1, 1, 1, 1, 1, 1, 1, 1, 1, 1, 1, 1, 1, 1, 1, 1, 1, 1, 1, 1, 1, 1, 1, 1, 1, 1, 1]]

means=tensor([5.6482e-05, 1.3452e-05, 2.1298e-04, 7.5970e-05, 7.2521e-05, 9.8883e-05,
        1.1808e-04, 2.6345e-05, 3.1609e-05, 3.2797e-04, 1.8913e-05, 2.7328e-05,
        2.3927e-04, 2.1279e-05, 2.6374e-05, 3.0058e-05, 7.7116e-05, 5.5981e-05,
        3.7653e-05, 5.5110e-05, 1.4870e-04, 5.1310e-05, 1.1492e-04, 1.0543e-04,
        6.1854e-05, 2.6585e-05, 1.6653e-05, 1.4337e-04, 2.6936e-05, 9.2455e-05,
        1.2559e-04, 3.3764e-06, 1.9762e-06, 4.9121e-05, 3.4980e-05, 2.9831e-05,
        4.5104e-05, 6.8976e-07, 6.0771e-05, 1.9808e-05, 1.5829e-05, 1.4259e-04,
        2.6258e-05, 4.8532e-05, 6.8833e-05, 2.2805e-05, 3.3498e-05, 2.9556e-05,
        8.9811e-06, 1.7621e-04, 1.2158e-04, 6.1835e-05, 6.2302e-06, 9.1803e-05,
        2.3273e-06, 3.2537e-05, 1.4414e-05, 6.9699e-05, 7.1529e-05, 1.1255e-04,
        9.2176e-05, 5.9211e-05, 4.0131e-05, 9.7732e-05, 1.1168e-04, 1.4154e-04,
        1.5032e-04, 1.5369e-04, 9.3092e-05, 8.0544e-05, 3.2931e-05, 2.0137e-06,
        2.1685e-05, 2.9433e-05, 1.3673e-04, 4.8668e-05, 4.1659e-05, 6.9360e-05,
        1.3628e-04, 6.0988e-05, 1.1145e-05, 1.1059e-04, 3.2481e-05, 1.3653e-04,
        8.4770e-05, 1.2548e-04, 2.4722e-05, 1.3416e-05, 1.2443e-04, 6.1416e-05,
        5.0096e-05, 7.8080e-05, 9.6330e-05, 7.1410e-05, 3.8570e-05, 7.8823e-05,
        6.0055e-05, 3.4236e-05, 8.9400e-07, 4.9281e-05, 6.4496e-05, 9.6363e-06,
        1.0397e-04, 3.4297e-05, 1.1224e-05, 5.8014e-05, 5.3154e-05, 9.7960e-05,
        3.5871e-05, 1.2346e-04, 2.0119e-05, 8.3069e-05, 2.0766e-06],
       grad_fn=<CatBackward>)

mean_overall=tensor(6.6552e-05, grad_fn=<MeanBackward0>)

-----------------------------------------------ITERATION10-----------------------------------------------

final_causality=[[1, 1, 1, 1, 1, 1, 1, 1, 1, 1, 1, 1, 1], [1, 1, 1, 1, 1, 1, 1, 1, 1, 1, 1, 1, 1, 1, 1, 1, 1, 1, 1, 1, 1, 1, 1, 1, 1, 1, 1, 1, 1, 1, 1, 1, 1, 1, 1, 1, 1, 1, 1, 1, 1, 1, 1, 1, 1, 1, 1, 1, 1, 1], [1, 1, 1, 1, 1, 1, 1, 1, 1, 1, 1, 1, 1, 1, 1, 1, 1, 1, 1, 1, 1, 1, 1, 1, 1, 1, 1, 1, 1, 1, 1, 1, 1, 1, 1, 1, 1, 1, 1, 1, 1, 1, 1, 1, 1, 1, 1, 1, 1, 1]]

means=tensor([1.1547e-05, 7.5359e-06, 2.2958e-04, 1.0627e-06, 4.5076e-05, 7.6271e-05,
        1.1406e-04, 2.2413e-05, 4.1379e-05, 2.7642e-04, 4.0966e-05, 5.4335e-05,
        3.3824e-04, 3.4128e-05, 6.4008e-05, 1.4811e-05, 5.8759e-05, 8.5226e-05,
        7.2922e-05, 3.5728e-05, 1.8191e-04, 2.3664e-05, 9.1038e-05, 7.8254e-05,
        3.0489e-05, 5.7429e-05, 9.2847e-06, 1.2726e-04, 4.4192e-05, 1.0849e-04,
        7.3328e-05, 2.4012e-05, 2.0761e-05, 2.2419e-05, 5.3429e-05, 9.0578e-06,
        6.2321e-05, 1.6227e-05, 4.3060e-05, 3.7609e-05, 5.1415e-05, 1.0884e-04,
        7.7997e-06, 2.9378e-05, 1.0146e-04, 6.7040e-06, 9.8316e-06, 5.1321e-05,
        8.1949e-06, 1.4769e-04, 8.7969e-05, 7.7334e-05, 3.2154e-05, 1.1949e-04,
        2.6625e-05, 6.1630e-05, 1.7100e-05, 1.0036e-04, 4.5198e-05, 7.7358e-05,
        1.1746e-04, 7.8119e-05, 2.6328e-05, 8.8887e-05, 1.1034e-04, 1.5519e-04,
        1.5308e-04, 1.6680e-04, 8.9266e-05, 7.3865e-05, 2.7527e-05, 5.0168e-06,
        2.4658e-05, 2.3790e-05, 1.2974e-04, 4.9571e-05, 3.9865e-05, 7.5319e-05,
        1.5710e-04, 5.5705e-05, 7.4691e-06, 1.0876e-04, 3.3496e-05, 1.2344e-04,
        8.2622e-05, 1.2293e-04, 2.7292e-05, 1.1637e-05, 1.3633e-04, 6.3871e-05,
        5.1936e-05, 8.2206e-05, 8.4773e-05, 7.3344e-05, 4.0661e-05, 7.3498e-05,
        5.2449e-05, 3.7161e-05, 1.4571e-06, 5.4641e-05, 5.5869e-05, 5.6346e-06,
        1.0164e-04, 3.7990e-05, 7.4416e-06, 5.5489e-05, 5.9557e-05, 9.0539e-05,
        3.4912e-05, 1.3041e-04, 2.2890e-05, 9.1525e-05, 8.0741e-06],
       grad_fn=<CatBackward>)

mean_overall=tensor(6.6603e-05, grad_fn=<MeanBackward0>)

-----------------------------------------------ITERATION20-----------------------------------------------

final_causality=[[1, 1, 1, 1, 1, 1, 1, 1, 1, 1, 1, 1, 1], [1, 1, 1, 1, 1, 1, 1, 1, 1, 1, 1, 1, 1, 1, 1, 1, 1, 1, 1, 1, 1, 1, 1, 1, 1, 1, 1, 1, 1, 1, 1, 1, 1, 1, 1, 1, 1, 1, 1, 1, 1, 1, 1, 1, 1, 1, 1, 1, 1, 1], [1, 1, 1, 1, 1, 1, 1, 1, 1, 1, 1, 1, 1, 1, 1, 1, 1, 1, 1, 1, 1, 1, 1, 1, 1, 1, 1, 1, 1, 1, 1, 1, 1, 1, 1, 1, 1, 1, 1, 1, 1, 1, 1, 1, 1, 1, 1, 1, 1, 1]]

means=tensor([9.4319e-06, 8.9827e-06, 2.2870e-04, 6.6405e-06, 4.6023e-05, 7.5379e-05,
        1.1244e-04, 2.2424e-05, 4.5191e-05, 2.7320e-04, 4.1953e-05, 5.6819e-05,
        3.4249e-04, 3.4686e-05, 6.6399e-05, 1.3795e-05, 5.7643e-05, 8.6844e-05,
        7.5018e-05, 3.4390e-05, 1.8361e-04, 2.1895e-05, 8.9419e-05, 7.6429e-05,
        2.8496e-05, 5.9302e-05, 1.0913e-05, 1.2627e-04, 4.5189e-05, 1.0900e-04,
        6.9915e-05, 2.5541e-05, 2.1578e-05, 2.0800e-05, 5.4559e-05, 7.7925e-06,
        6.3262e-05, 1.7254e-05, 4.1927e-05, 3.8654e-05, 5.3002e-05, 1.0642e-04,
        6.6492e-06, 2.8322e-05, 1.0301e-04, 8.5537e-06, 8.2954e-06, 5.2618e-05,
        9.3247e-06, 1.4567e-04, 8.5730e-05, 7.8007e-05, 3.3523e-05, 1.2094e-04,
        2.8180e-05, 6.3376e-05, 1.9164e-05, 1.0209e-04, 4.3449e-05, 7.5043e-05,
        1.1891e-04, 7.8938e-05, 2.5399e-05, 8.8608e-05, 1.1054e-04, 1.5652e-04,
        1.5282e-04, 1.6970e-04, 8.9049e-05, 7.4630e-05, 2.7067e-05, 5.1602e-06,
        2.4739e-05, 2.3329e-05, 1.3017e-04, 4.9607e-05, 3.9772e-05, 7.5730e-05,
        1.5817e-04, 5.5767e-05, 7.1513e-06, 1.0855e-04, 3.3596e-05, 1.2243e-04,
        8.2368e-05, 1.2269e-04, 2.7648e-05, 1.1574e-05, 1.3591e-04, 6.3982e-05,
        5.1882e-05, 8.1974e-05, 8.4254e-05, 7.3689e-05, 4.0794e-05, 7.2770e-05,
        5.2053e-05, 3.7321e-05, 1.7284e-06, 5.4913e-05, 5.5303e-05, 5.3313e-06,
        1.0133e-04, 3.8626e-05, 7.1710e-06, 5.5307e-05, 5.9848e-05, 8.8926e-05,
        3.4988e-05, 1.3014e-04, 2.3043e-05, 9.2035e-05, 8.2654e-06],
       grad_fn=<CatBackward>)

mean_overall=tensor(6.6760e-05, grad_fn=<MeanBackward0>)

-----------------------------------------------ITERATION30-----------------------------------------------

final_causality=[[1, 1, 1, 1, 1, 1, 1, 1, 1, 1, 1, 1, 1], [1, 1, 1, 1, 1, 1, 1, 1, 1, 1, 1, 1, 1, 1, 1, 1, 1, 1, 1, 1, 1, 1, 1, 1, 1, 1, 1, 1, 1, 1, 1, 1, 1, 1, 1, 1, 1, 1, 1, 1, 1, 1, 1, 1, 1, 1, 1, 1, 1, 1], [1, 1, 1, 1, 1, 1, 1, 1, 1, 1, 1, 1, 1, 1, 1, 1, 1, 1, 1, 1, 1, 1, 1, 1, 1, 1, 1, 1, 1, 1, 1, 1, 1, 1, 1, 1, 1, 1, 1, 1, 1, 1, 1, 1, 1, 1, 1, 1, 1, 1]]

means=tensor([2.3131e-05, 3.2879e-06, 2.2303e-04, 1.3292e-05, 5.5810e-05, 8.1943e-05,
        1.1308e-04, 2.2886e-05, 2.2964e-05, 2.8722e-04, 3.5985e-05, 4.8288e-05,
        3.1219e-04, 3.0584e-05, 5.5396e-05, 1.8280e-05, 6.3221e-05, 7.7973e-05,
        6.4576e-05, 3.9931e-05, 1.7357e-04, 3.0393e-05, 9.6163e-05, 8.4501e-05,
        3.7712e-05, 5.0217e-05, 2.7041e-06, 1.3088e-04, 4.0101e-05, 1.0376e-04,
        8.4932e-05, 1.9702e-05, 1.5946e-05, 2.8838e-05, 4.9144e-05, 1.3998e-05,
        5.8069e-05, 1.2284e-05, 4.7155e-05, 3.3338e-05, 4.1754e-05, 1.1580e-04,
        1.1618e-05, 3.4119e-05, 9.2971e-05, 1.6902e-07, 1.5519e-05, 4.6262e-05,
        4.6620e-06, 1.5376e-04, 9.5451e-05, 7.3203e-05, 2.5588e-05, 1.1255e-04,
        1.9351e-05, 5.4722e-05, 1.0266e-05, 9.3008e-05, 5.1160e-05, 8.5097e-05,
        1.1158e-04, 7.2936e-05, 2.9362e-05, 9.1576e-05, 1.1084e-04, 1.5316e-04,
        1.5207e-04, 1.6880e-04, 9.0352e-05, 7.7971e-05, 2.8459e-05, 4.2100e-06,
        2.3775e-05, 2.4768e-05, 1.3336e-04, 4.9150e-05, 4.0454e-05, 7.4042e-05,
        1.5164e-04, 5.6480e-05, 8.2513e-06, 1.0911e-04, 3.3500e-05, 1.2608e-04,
        8.3030e-05, 1.2329e-04, 2.7155e-05, 1.2317e-05, 1.3124e-04, 6.3402e-05,
        5.1183e-05, 8.0290e-05, 8.7753e-05, 7.3342e-05, 4.0230e-05, 7.3937e-05,
        5.4255e-05, 3.6281e-05, 1.0407e-06, 5.3294e-05, 5.7338e-05, 6.3971e-06,
        1.0198e-04, 3.7979e-05, 8.2476e-06, 5.6130e-05, 5.7843e-05, 8.9813e-05,
        3.5354e-05, 1.2736e-04, 2.2257e-05, 8.9566e-05, 6.2997e-06],
       grad_fn=<CatBackward>)

mean_overall=tensor(6.5965e-05, grad_fn=<MeanBackward0>)

-----------------------------------------------ITERATION40-----------------------------------------------

final_causality=[[1, 1, 1, 1, 1, 1, 1, 1, 1, 1, 1, 1, 1], [1, 1, 1, 1, 1, 1, 1, 1, 1, 1, 1, 1, 1, 1, 1, 1, 1, 1, 1, 1, 1, 1, 1, 1, 1, 1, 1, 1, 1, 1, 1, 1, 1, 1, 1, 1, 1, 1, 1, 1, 1, 1, 1, 1, 1, 1, 1, 1, 1, 1], [1, 1, 1, 1, 1, 1, 1, 1, 1, 1, 1, 1, 1, 1, 1, 1, 1, 1, 1, 1, 1, 1, 1, 1, 1, 1, 1, 1, 1, 1, 1, 1, 1, 1, 1, 1, 1, 1, 1, 1, 1, 1, 1, 1, 1, 1, 1, 1, 1, 1]]

means=tensor([1.9046e-05, 5.9665e-06, 2.2352e-04, 2.8083e-06, 5.5456e-05, 7.9855e-05,
        1.1173e-04, 2.2026e-05, 3.0900e-05, 2.8145e-04, 3.8732e-05, 5.0820e-05,
        3.2077e-04, 3.1735e-05, 5.9445e-05, 1.6726e-05, 6.1532e-05, 8.0892e-05,
        6.7805e-05, 3.7993e-05, 1.7661e-04, 2.7591e-05, 9.3923e-05, 8.1641e-05,
        3.4603e-05, 5.3439e-05, 5.2521e-06, 1.2936e-04, 4.1808e-05, 1.0494e-04,
        7.9862e-05, 2.1790e-05, 1.7556e-05, 2.6345e-05, 5.1022e-05, 1.2068e-05,
        5.9847e-05, 1.3781e-05, 4.5503e-05, 3.5166e-05, 4.4706e-05, 1.1237e-04,
        9.9510e-06, 3.2547e-05, 9.5691e-05, 2.5913e-06, 1.3160e-05, 4.8369e-05,
        6.2413e-06, 1.5099e-04, 9.2149e-05, 7.4480e-05, 2.7995e-05, 1.1506e-04,
        2.2138e-05, 5.7619e-05, 1.3203e-05, 9.5854e-05, 4.8481e-05, 8.1716e-05,
        1.1394e-04, 7.4632e-05, 2.7948e-05, 9.0756e-05, 1.1085e-04, 1.5453e-04,
        1.5174e-04, 1.7017e-04, 9.0090e-05, 7.7526e-05, 2.7926e-05, 4.4791e-06,
        2.4037e-05, 2.4225e-05, 1.3291e-04, 4.9141e-05, 4.0279e-05, 7.4687e-05,
        1.5383e-04, 5.6265e-05, 7.8627e-06, 1.0893e-04, 3.3608e-05, 1.2479e-04,
        8.2719e-05, 1.2283e-04, 2.7461e-05, 1.2127e-05, 1.3215e-04, 6.3609e-05,
        5.1348e-05, 8.0424e-05, 8.6719e-05, 7.3608e-05, 4.0451e-05, 7.3345e-05,
        5.3632e-05, 3.6539e-05, 1.2781e-06, 5.3803e-05, 5.6582e-05, 6.0138e-06,
        1.0134e-04, 3.8445e-05, 7.8812e-06, 5.5861e-05, 5.8484e-05, 8.8557e-05,
        3.5370e-05, 1.2770e-04, 2.2520e-05, 9.0509e-05, 6.8014e-06],
       grad_fn=<CatBackward>)

mean_overall=tensor(6.6105e-05, grad_fn=<MeanBackward0>)

-----------------------------------------------ITERATION50-----------------------------------------------

final_causality=[[1, 1, 1, 1, 1, 1, 1, 1, 1, 1, 1, 1, 1], [1, 1, 1, 1, 1, 1, 1, 1, 1, 1, 1, 1, 1, 1, 1, 1, 1, 1, 1, 1, 1, 1, 1, 1, 1, 1, 1, 1, 1, 1, 1, 1, 1, 1, 1, 1, 1, 1, 1, 1, 1, 1, 1, 1, 1, 1, 1, 1, 1, 1], [1, 1, 1, 1, 1, 1, 1, 1, 1, 1, 1, 1, 1, 1, 1, 1, 1, 1, 1, 1, 1, 1, 1, 1, 1, 1, 1, 1, 1, 1, 1, 1, 1, 1, 1, 1, 1, 1, 1, 1, 1, 1, 1, 1, 1, 1, 1, 1, 1, 1]]

means=tensor([1.6192e-05, 8.2179e-06, 2.2364e-04, 5.7097e-06, 5.5912e-05, 7.8311e-05,
        1.1056e-04, 2.0974e-05, 3.7038e-05, 2.7686e-04, 4.1127e-05, 5.2337e-05,
        3.2666e-04, 3.2520e-05, 6.2494e-05, 1.5610e-05, 6.0398e-05, 8.3029e-05,
        6.9963e-05, 3.6638e-05, 1.7870e-04, 2.5591e-05, 9.2424e-05, 7.9550e-05,
        3.2403e-05, 5.5823e-05, 7.0257e-06, 1.2833e-04, 4.3028e-05, 1.0564e-04,
        7.6361e-05, 2.3264e-05, 1.8606e-05, 2.4639e-05, 5.2377e-05, 1.0765e-05,
        6.1166e-05, 1.4778e-05, 4.4393e-05, 3.6517e-05, 4.6624e-05, 1.0994e-04,
        8.8244e-06, 3.1564e-05, 9.7417e-05, 4.5230e-06, 1.1496e-05, 4.9859e-05,
        7.3747e-06, 1.4910e-04, 8.9845e-05, 7.5293e-05, 2.9684e-05, 1.1677e-04,
        2.4132e-05, 5.9719e-05, 1.5273e-05, 9.7804e-05, 4.6571e-05, 7.9410e-05,
        1.1554e-04, 7.5795e-05, 2.6943e-05, 9.0176e-05, 1.1086e-04, 1.5543e-04,
        1.5132e-04, 1.7093e-04, 8.9968e-05, 7.7193e-05, 2.7570e-05, 4.6721e-06,
        2.4227e-05, 2.3856e-05, 1.3256e-04, 4.9099e-05, 4.0163e-05, 7.5170e-05,
        1.5549e-04, 5.6388e-05, 7.5923e-06, 1.0883e-04, 3.3690e-05, 1.2391e-04,
        8.2489e-05, 1.2237e-04, 2.7684e-05, 1.1984e-05, 1.3286e-04, 6.3755e-05,
        5.1482e-05, 8.0514e-05, 8.6002e-05, 7.3773e-05, 4.0618e-05, 7.2963e-05,
        5.3256e-05, 3.6793e-05, 1.4472e-06, 5.4163e-05, 5.6062e-05, 5.7564e-06,
        1.0068e-04, 3.8772e-05, 7.6304e-06, 5.5665e-05, 5.8964e-05, 8.7583e-05,
        3.5410e-05, 1.2786e-04, 2.2704e-05, 9.1248e-05, 7.1644e-06],
       grad_fn=<CatBackward>)

mean_overall=tensor(6.6299e-05, grad_fn=<MeanBackward0>)

-----------------------------------------------ITERATION60-----------------------------------------------

final_causality=[[1, 1, 1, 1, 1, 1, 1, 1, 1, 1, 1, 1, 1], [1, 1, 1, 1, 1, 1, 1, 1, 1, 1, 1, 1, 1, 1, 1, 1, 1, 1, 1, 1, 1, 1, 1, 1, 1, 1, 1, 1, 1, 1, 1, 1, 1, 1, 1, 1, 1, 1, 1, 1, 1, 1, 1, 1, 1, 1, 1, 1, 1, 1], [1, 1, 1, 1, 1, 1, 1, 1, 1, 1, 1, 1, 1, 1, 1, 1, 1, 1, 1, 1, 1, 1, 1, 1, 1, 1, 1, 1, 1, 1, 1, 1, 1, 1, 1, 1, 1, 1, 1, 1, 1, 1, 1, 1, 1, 1, 1, 1, 1, 1]]

means=tensor([1.9505e-05, 7.7464e-06, 2.2187e-04, 3.3966e-06, 5.9755e-05, 7.9628e-05,
        1.1026e-04, 1.9965e-05, 3.3101e-05, 2.7884e-04, 4.0859e-05, 4.9486e-05,
        3.1908e-04, 3.1468e-05, 6.0295e-05, 1.6621e-05, 6.1881e-05, 8.1151e-05,
        6.7172e-05, 3.7953e-05, 1.7616e-04, 2.7597e-05, 9.4186e-05, 8.1302e-05,
        3.4559e-05, 5.3896e-05, 5.0039e-06, 1.2954e-04, 4.1846e-05, 1.0406e-04,
        8.0066e-05, 2.1853e-05, 1.7118e-05, 2.6704e-05, 5.1145e-05, 1.2388e-05,
        6.0057e-05, 1.3456e-05, 4.5772e-05, 3.5372e-05, 4.3523e-05, 1.1209e-04,
        1.0068e-05, 3.3254e-05, 9.4572e-05, 2.3475e-06, 1.3245e-05, 4.8355e-05,
        6.2855e-06, 1.5115e-04, 9.2198e-05, 7.3948e-05, 2.7755e-05, 1.1460e-04,
        2.2145e-05, 5.7747e-05, 1.3091e-05, 9.5509e-05, 4.8339e-05, 8.1950e-05,
        1.1367e-04, 7.4263e-05, 2.7842e-05, 9.0904e-05, 1.1090e-04, 1.5457e-04,
        1.5072e-04, 1.7050e-04, 9.0435e-05, 7.8026e-05, 2.7929e-05, 4.4434e-06,
        2.4001e-05, 2.4220e-05, 1.3333e-04, 4.8930e-05, 4.0358e-05, 7.4827e-05,
        1.5416e-04, 5.6656e-05, 7.8665e-06, 1.0902e-04, 3.3696e-05, 1.2486e-04,
        8.2628e-05, 1.2222e-04, 2.7610e-05, 1.2163e-05, 1.3180e-04, 6.3638e-05,
        5.1342e-05, 8.0003e-05, 8.6877e-05, 7.3647e-05, 4.0507e-05, 7.3290e-05,
        5.3887e-05, 3.6537e-05, 1.2710e-06, 5.3781e-05, 5.6571e-05, 6.0341e-06,
        1.0039e-04, 3.8628e-05, 7.9030e-06, 5.5855e-05, 5.8534e-05, 8.7478e-05,
        3.5574e-05, 1.2697e-04, 2.2512e-05, 9.0815e-05, 6.6995e-06],
       grad_fn=<CatBackward>)

mean_overall=tensor(6.6067e-05, grad_fn=<MeanBackward0>)

-----------------------------------------------ITERATION70-----------------------------------------------

final_causality=[[1, 1, 1, 1, 1, 1, 1, 1, 1, 1, 1, 1, 1], [1, 1, 1, 1, 1, 1, 1, 1, 1, 1, 1, 1, 1, 1, 1, 1, 1, 1, 1, 1, 1, 1, 1, 1, 1, 1, 1, 1, 1, 1, 1, 1, 1, 1, 1, 1, 1, 1, 1, 1, 1, 1, 1, 1, 1, 1, 1, 1, 1, 1], [1, 1, 1, 1, 1, 1, 1, 1, 1, 1, 1, 1, 1, 1, 1, 1, 1, 1, 1, 1, 1, 1, 1, 1, 1, 1, 1, 1, 1, 1, 1, 1, 1, 1, 1, 1, 1, 1, 1, 1, 1, 1, 1, 1, 1, 1, 1, 1, 1, 1]]

means=tensor([1.8327e-05, 9.4257e-06, 2.2145e-04, 2.1295e-06, 6.1387e-05, 7.8814e-05,
        1.0927e-04, 1.8689e-05, 3.6801e-05, 2.7581e-04, 4.2784e-05, 4.9636e-05,
        3.2132e-04, 3.1752e-05, 6.2013e-05, 1.6085e-05, 6.1499e-05, 8.2238e-05,
        6.7919e-05, 3.7348e-05, 1.7697e-04, 2.6688e-05, 9.3635e-05, 8.0241e-05,
        3.3554e-05, 5.5166e-05, 5.7295e-06, 1.2915e-04, 4.2422e-05, 1.0409e-04,
        7.8596e-05, 2.2529e-05, 1.7436e-05, 2.6060e-05, 5.1809e-05, 1.1920e-05,
        6.0753e-05, 1.3794e-05, 4.5378e-05, 3.6077e-05, 4.4020e-05, 1.1094e-04,
        9.6184e-06, 3.3067e-05, 9.4979e-05, 3.1336e-06, 1.2523e-05, 4.9032e-05,
        6.8159e-06, 1.5040e-04, 9.1197e-05, 7.4144e-05, 2.8464e-05, 1.1523e-04,
        2.3066e-05, 5.8766e-05, 1.3991e-05, 9.6279e-05, 4.7439e-05, 8.1025e-05,
        1.1431e-04, 7.4694e-05, 2.7362e-05, 9.0668e-05, 1.1089e-04, 1.5493e-04,
        1.5017e-04, 1.7069e-04, 9.0505e-05, 7.7934e-05, 2.7788e-05, 4.5258e-06,
        2.4089e-05, 2.4068e-05, 1.3322e-04, 4.8847e-05, 4.0331e-05, 7.5099e-05,
        1.5508e-04, 5.6845e-05, 7.7535e-06, 1.0903e-04, 3.3760e-05, 1.2451e-04,
        8.2504e-05, 1.2180e-04, 2.7745e-05, 1.2100e-05, 1.3212e-04, 6.3715e-05,
        5.1424e-05, 7.9959e-05, 8.6594e-05, 7.3709e-05, 4.0604e-05, 7.3148e-05,
        5.3819e-05, 3.6726e-05, 1.3424e-06, 5.3945e-05, 5.6348e-05, 5.9338e-06,
        9.9749e-05, 3.8806e-05, 7.8021e-06, 5.5766e-05, 5.8789e-05, 8.6768e-05,
        3.5658e-05, 1.2684e-04, 2.2595e-05, 9.1277e-05, 6.8507e-06],
       grad_fn=<CatBackward>)

mean_overall=tensor(6.6127e-05, grad_fn=<MeanBackward0>)

-----------------------------------------------ITERATION80-----------------------------------------------

final_causality=[[1, 1, 1, 1, 1, 1, 1, 1, 1, 1, 1, 1, 1], [1, 1, 1, 1, 1, 1, 1, 1, 1, 1, 1, 1, 1, 1, 1, 1, 1, 1, 1, 1, 1, 1, 1, 1, 1, 1, 1, 1, 1, 1, 1, 1, 1, 1, 1, 1, 1, 1, 1, 1, 1, 1, 1, 1, 1, 1, 1, 1, 1, 1], [1, 1, 1, 1, 1, 1, 1, 1, 1, 1, 1, 1, 1, 1, 1, 1, 1, 1, 1, 1, 1, 1, 1, 1, 1, 1, 1, 1, 1, 1, 1, 1, 1, 1, 1, 1, 1, 1, 1, 1, 1, 1, 1, 1, 1, 1, 1, 1, 1, 1]]

means=tensor([1.8179e-05, 1.0711e-05, 2.2069e-04, 2.3969e-06, 6.3692e-05, 7.8458e-05,
        1.0839e-04, 1.7343e-05, 3.8924e-05, 2.7376e-04, 4.4350e-05, 4.9002e-05,
        3.2128e-04, 3.1725e-05, 6.2892e-05, 1.5899e-05, 6.1562e-05, 8.2667e-05,
        6.7821e-05, 3.7187e-05, 1.7701e-04, 2.6444e-05, 9.3637e-05, 7.9806e-05,
        3.3271e-05, 5.5739e-05, 5.8204e-06, 1.2914e-04, 4.2600e-05, 1.0372e-04,
        7.8334e-05, 2.2723e-05, 1.7321e-05, 2.6053e-05, 5.2047e-05, 1.1948e-05,
        6.1055e-05, 1.3739e-05, 4.5408e-05, 3.6379e-05, 4.3657e-05, 1.1054e-04,
        9.5683e-06, 3.3348e-05, 9.4597e-05, 3.2319e-06, 1.2368e-05, 4.9214e-05,
        6.9796e-06, 1.5030e-04, 9.0973e-05, 7.3969e-05, 2.8570e-05, 1.1521e-04,
        2.3328e-05, 5.9116e-05, 1.4180e-05, 9.6335e-05, 4.7146e-05, 8.0917e-05,
        1.1435e-04, 7.4670e-05, 2.7197e-05, 9.0650e-05, 1.1088e-04, 1.5499e-04,
        1.4957e-04, 1.7068e-04, 9.0683e-05, 7.8035e-05, 2.7768e-05, 4.5381e-06,
        2.4108e-05, 2.4039e-05, 1.3329e-04, 4.8737e-05, 4.0357e-05, 7.5238e-05,
        1.5552e-04, 5.7067e-05, 7.7317e-06, 1.0909e-04, 3.3813e-05, 1.2448e-04,
        8.2440e-05, 1.2141e-04, 2.7835e-05, 1.2091e-05, 1.3216e-04, 6.3749e-05,
        5.1462e-05, 7.9801e-05, 8.6579e-05, 7.3720e-05, 4.0657e-05, 7.3128e-05,
        5.3925e-05, 3.6821e-05, 1.3563e-06, 5.3986e-05, 5.6299e-05, 5.9242e-06,
        9.9213e-05, 3.8907e-05, 7.7893e-06, 5.5742e-05, 5.8897e-05, 8.6183e-05,
        3.5768e-05, 1.2651e-04, 2.2615e-05, 9.1555e-05, 6.8650e-06],
       grad_fn=<CatBackward>)

mean_overall=tensor(6.6137e-05, grad_fn=<MeanBackward0>)

-----------------------------------------------ITERATION90-----------------------------------------------

final_causality=[[1, 1, 1, 1, 1, 1, 1, 1, 1, 1, 1, 1, 1], [1, 1, 1, 1, 1, 1, 1, 1, 1, 1, 1, 1, 1, 1, 1, 1, 1, 1, 1, 1, 1, 1, 1, 1, 1, 1, 1, 1, 1, 1, 1, 1, 1, 1, 1, 1, 1, 1, 1, 1, 1, 1, 1, 1, 1, 1, 1, 1, 1, 1], [1, 1, 1, 1, 1, 1, 1, 1, 1, 1, 1, 1, 1, 1, 1, 1, 1, 1, 1, 1, 1, 1, 1, 1, 1, 1, 1, 1, 1, 1, 1, 1, 1, 1, 1, 1, 1, 1, 1, 1, 1, 1, 1, 1, 1, 1, 1, 1, 1, 1]]

means=tensor([1.8787e-05, 1.1713e-05, 2.1967e-04, 8.2496e-07, 6.6513e-05, 7.8436e-05,
        1.0758e-04, 1.5941e-05, 3.9899e-05, 2.7243e-04, 4.5662e-05, 4.7793e-05,
        3.1959e-04, 3.1470e-05, 6.3164e-05, 1.5967e-05, 6.1955e-05, 8.2616e-05,
        6.7100e-05, 3.7347e-05, 1.7647e-04, 2.6683e-05, 9.4045e-05, 7.9827e-05,
        3.3512e-05, 5.5804e-05, 5.4463e-06, 1.2941e-04, 4.2487e-05, 1.0305e-04,
        7.8950e-05, 2.2566e-05, 1.6891e-05, 2.6513e-05, 5.1974e-05, 1.2341e-05,
        6.1068e-05, 1.3398e-05, 4.5748e-05, 3.6386e-05, 4.2661e-05, 1.1068e-04,
        9.8100e-06, 3.3977e-05, 9.3637e-05, 2.8278e-06, 1.2628e-05, 4.9034e-05,
        6.8754e-06, 1.5069e-04, 9.1313e-05, 7.3522e-05, 2.8237e-05, 1.1470e-04,
        2.3106e-05, 5.8974e-05, 1.3848e-05, 9.5869e-05, 4.7293e-05, 8.1404e-05,
        1.1396e-04, 7.4314e-05, 2.7258e-05, 9.0793e-05, 1.1088e-04, 1.5483e-04,
        1.4892e-04, 1.7051e-04, 9.0940e-05, 7.8281e-05, 2.7835e-05, 4.4986e-06,
        2.4076e-05, 2.4100e-05, 1.3351e-04, 4.8607e-05, 4.0423e-05, 7.5278e-05,
        1.5561e-04, 5.7316e-05, 7.7760e-06, 1.0919e-04, 3.3858e-05, 1.2467e-04,
        8.2419e-05, 1.2105e-04, 2.7893e-05, 1.2121e-05, 1.3198e-04, 6.3751e-05,
        5.1468e-05, 7.9557e-05, 8.6760e-05, 7.3695e-05, 4.0677e-05, 7.3194e-05,
        5.4157e-05, 3.6847e-05, 1.3279e-06, 5.3938e-05, 5.6377e-05, 5.9806e-06,
        9.8976e-05, 3.8951e-05, 7.8407e-06, 5.5764e-05, 5.8897e-05, 8.5678e-05,
        3.5897e-05, 1.2605e-04, 2.2590e-05, 9.1699e-05, 6.7779e-06],
       grad_fn=<CatBackward>)

mean_overall=tensor(6.6087e-05, grad_fn=<MeanBackward0>)

-----------------------------------------------ITERATION100-----------------------------------------------

final_causality=[[1, 1, 1, 1, 1, 1, 1, 1, 1, 1, 1, 1, 1], [1, 1, 1, 1, 1, 1, 1, 1, 1, 1, 1, 1, 1, 1, 1, 1, 1, 1, 1, 1, 1, 1, 1, 1, 1, 1, 1, 1, 1, 1, 1, 1, 1, 1, 1, 1, 1, 1, 1, 1, 1, 1, 1, 1, 1, 1, 1, 1, 1, 1], [1, 1, 1, 1, 1, 1, 1, 1, 1, 1, 1, 1, 1, 1, 1, 1, 1, 1, 1, 1, 1, 1, 1, 1, 1, 1, 1, 1, 1, 1, 1, 1, 1, 1, 1, 1, 1, 1, 1, 1, 1, 1, 1, 1, 1, 1, 1, 1, 1, 1]]

means=tensor([1.8377e-05, 1.3255e-05, 2.1891e-04, 5.9593e-06, 6.8953e-05, 7.7918e-05,
        1.0656e-04, 1.4424e-05, 4.2691e-05, 2.6987e-04, 4.7537e-05, 4.7242e-05,
        3.2011e-04, 3.1516e-05, 6.4368e-05, 1.5679e-05, 6.1926e-05, 8.3258e-05,
        6.7181e-05, 3.7069e-05, 1.7670e-04, 2.6255e-05, 9.3927e-05, 7.9197e-05,
        3.3030e-05, 5.6625e-05, 5.6982e-06, 1.2932e-04, 4.2782e-05, 1.0274e-04,
        7.8381e-05, 2.2895e-05, 1.6865e-05, 2.6356e-05, 5.2343e-05, 1.2260e-05,
        6.1504e-05, 1.3429e-05, 4.5686e-05, 3.6827e-05, 4.2465e-05, 1.1005e-04,
        9.6633e-06, 3.4191e-05, 9.3400e-05, 3.0994e-06, 1.2323e-05, 4.9358e-05,
        7.1473e-06, 1.5042e-04, 9.0885e-05, 7.3418e-05, 2.8503e-05, 1.1483e-04,
        2.3560e-05, 5.9529e-05, 1.4228e-05, 9.6101e-05, 4.6828e-05, 8.1099e-05,
        1.1414e-04, 7.4400e-05, 2.7003e-05, 9.0718e-05, 1.1086e-04, 1.5496e-04,
        1.4827e-04, 1.7050e-04, 9.1114e-05, 7.8320e-05, 2.7788e-05, 4.5300e-06,
        2.4116e-05, 2.4041e-05, 1.3353e-04, 4.8491e-05, 4.0440e-05, 7.5463e-05,
        1.5623e-04, 5.7553e-05, 7.7315e-06, 1.0924e-04, 3.3919e-05, 1.2456e-04,
        8.2335e-05, 1.2061e-04, 2.8003e-05, 1.2097e-05, 1.3211e-04, 6.3798e-05,
        5.1525e-05, 7.9410e-05, 8.6677e-05, 7.3714e-05, 4.0748e-05, 7.3150e-05,
        5.4232e-05, 3.6978e-05, 1.3569e-06, 5.4014e-05, 5.6285e-05, 5.9499e-06,
        9.8707e-05, 3.9075e-05, 7.8067e-06, 5.5725e-05, 5.9057e-05, 8.5014e-05,
        3.6013e-05, 1.2574e-04, 2.2628e-05, 9.2058e-05, 6.8296e-06],
       grad_fn=<CatBackward>)

mean_overall=tensor(6.6162e-05, grad_fn=<MeanBackward0>)

-----------------------------------------------ITERATION110-----------------------------------------------

final_causality=[[1, 1, 1, 1, 1, 1, 1, 1, 1, 1, 1, 1, 1], [1, 1, 1, 1, 1, 1, 1, 1, 1, 1, 1, 1, 1, 1, 1, 1, 1, 1, 1, 1, 1, 1, 1, 1, 1, 1, 1, 1, 1, 1, 1, 1, 1, 1, 1, 1, 1, 1, 1, 1, 1, 1, 1, 1, 1, 1, 1, 1, 1, 1], [1, 1, 1, 1, 1, 1, 1, 1, 1, 1, 1, 1, 1, 1, 1, 1, 1, 1, 1, 1, 1, 1, 1, 1, 1, 1, 1, 1, 1, 1, 1, 1, 1, 1, 1, 1, 1, 1, 1, 1, 1, 1, 1, 1, 1, 1, 1, 1, 1, 1]]

means=tensor([1.8662e-05, 1.4527e-05, 2.1792e-04, 1.0036e-05, 7.1856e-05, 7.7709e-05,
        1.0560e-04, 1.2870e-05, 4.4418e-05, 2.6797e-04, 4.9170e-05, 4.6172e-05,
        3.1910e-04, 3.1354e-05, 6.5015e-05, 1.5623e-05, 6.2198e-05, 8.3458e-05,
        6.6694e-05, 3.7083e-05, 1.7640e-04, 2.6269e-05, 9.4177e-05, 7.8983e-05,
        3.3027e-05, 5.6979e-05, 5.5246e-06, 1.2948e-04, 4.2809e-05, 1.0215e-04,
        7.8613e-05, 2.2902e-05, 1.6555e-05, 2.6627e-05, 5.2425e-05, 1.2512e-05,
        6.1673e-05, 1.3203e-05, 4.5907e-05, 3.6999e-05, 4.1694e-05, 1.0992e-04,
        9.7824e-06, 3.4723e-05, 9.2640e-05, 2.9127e-06, 1.2397e-05, 4.9352e-05,
        7.1738e-06, 1.5060e-04, 9.0971e-05, 7.3076e-05, 2.8367e-05, 1.1452e-04,
        2.3570e-05, 5.9632e-05, 1.4131e-05, 9.5858e-05, 4.6766e-05, 8.1335e-05,
        1.1393e-04, 7.4182e-05, 2.6955e-05, 9.0791e-05, 1.1086e-04, 1.5490e-04,
        1.4758e-04, 1.7038e-04, 9.1358e-05, 7.8495e-05, 2.7819e-05, 4.5137e-06,
        2.4108e-05, 2.4063e-05, 1.3369e-04, 4.8359e-05, 4.0493e-05, 7.5558e-05,
        1.5652e-04, 5.7812e-05, 7.7471e-06, 1.0934e-04, 3.3974e-05, 1.2466e-04,
        8.2290e-05, 1.2019e-04, 2.8085e-05, 1.2109e-05, 1.3203e-04, 6.3816e-05,
        5.1551e-05, 7.9183e-05, 8.6775e-05, 7.3701e-05, 4.0787e-05, 7.3184e-05,
        5.4420e-05, 3.7045e-05, 1.3471e-06, 5.4008e-05, 5.6308e-05, 5.9790e-06,
        9.8439e-05, 3.9148e-05, 7.8310e-06, 5.5728e-05, 5.9117e-05, 8.4420e-05,
        3.6146e-05, 1.2529e-04, 2.2624e-05, 9.2293e-05, 6.7876e-06],
       grad_fn=<CatBackward>)

mean_overall=tensor(6.6184e-05, grad_fn=<MeanBackward0>)

-----------------------------------------------ITERATION120-----------------------------------------------

final_causality=[[1, 1, 1, 1, 1, 1, 1, 1, 1, 1, 1, 1, 1], [1, 1, 1, 1, 1, 1, 1, 1, 1, 1, 1, 1, 1, 1, 1, 1, 1, 1, 1, 1, 1, 1, 1, 1, 1, 1, 1, 1, 1, 1, 1, 1, 1, 1, 1, 1, 1, 1, 1, 1, 1, 1, 1, 1, 1, 1, 1, 1, 1, 1], [1, 1, 1, 1, 1, 1, 1, 1, 1, 1, 1, 1, 1, 1, 1, 1, 1, 1, 1, 1, 1, 1, 1, 1, 1, 1, 1, 1, 1, 1, 1, 1, 1, 1, 1, 1, 1, 1, 1, 1, 1, 1, 1, 1, 1, 1, 1, 1, 1, 1]]

means=tensor([1.8623e-05, 1.6005e-05, 2.1699e-04, 1.4798e-05, 7.4714e-05, 7.7330e-05,
        1.0456e-04, 1.1238e-05, 4.6784e-05, 2.6562e-04, 5.1032e-05, 4.5287e-05,
        3.1879e-04, 3.1286e-05, 6.5987e-05, 1.5451e-05, 6.2340e-05, 8.3890e-05,
        6.6456e-05, 3.6956e-05, 1.7634e-04, 2.6067e-05, 9.4262e-05, 7.8555e-05,
        3.2789e-05, 5.7593e-05, 5.5512e-06, 1.2952e-04, 4.2970e-05, 1.0166e-04,
        7.8463e-05, 2.3068e-05, 1.6371e-05, 2.6702e-05, 5.2655e-05, 1.2615e-05,
        6.1984e-05, 1.3093e-05, 4.6002e-05, 3.7319e-05, 4.1168e-05, 1.0954e-04,
        9.7770e-06, 3.5134e-05, 9.2101e-05, 2.9428e-06, 1.2289e-05, 4.9511e-05,
        7.3246e-06, 1.5056e-04, 9.0809e-05, 7.3162e-05, 2.8425e-05, 1.1440e-04,
        2.3802e-05, 5.9966e-05, 1.4264e-05, 9.5837e-05, 4.6505e-05, 8.1318e-05,
        1.1389e-04, 7.4104e-05, 2.6804e-05, 9.0795e-05, 1.1084e-04, 1.5492e-04,
        1.4688e-04, 1.7030e-04, 9.1580e-05, 7.8603e-05, 2.7813e-05, 4.5201e-06,
        2.4124e-05, 2.4046e-05, 1.3379e-04, 4.8228e-05, 4.0531e-05, 7.5702e-05,
        1.5700e-04, 5.8071e-05, 7.7341e-06, 1.0942e-04, 3.4035e-05, 1.2466e-04,
        8.2224e-05, 1.1975e-04, 2.8186e-05, 1.2104e-05, 1.3206e-04, 6.3849e-05,
        5.1594e-05, 7.8982e-05, 8.6789e-05, 7.3703e-05, 4.0845e-05, 7.3182e-05,
        5.4558e-05, 3.7147e-05, 1.3560e-06, 5.4043e-05, 5.6277e-05, 5.9802e-06,
        9.8153e-05, 3.9249e-05, 7.8280e-06, 5.5713e-05, 5.9233e-05, 8.3761e-05,
        3.6278e-05, 1.2488e-04, 2.2641e-05, 9.2603e-05, 6.7898e-06],
       grad_fn=<CatBackward>)

mean_overall=tensor(6.6236e-05, grad_fn=<MeanBackward0>)

-----------------------------------------------ITERATION130-----------------------------------------------

final_causality=[[1, 1, 1, 1, 1, 1, 1, 1, 1, 1, 1, 1, 1], [1, 1, 1, 1, 1, 1, 1, 1, 1, 1, 1, 1, 1, 1, 1, 1, 1, 1, 1, 1, 1, 1, 1, 1, 1, 1, 1, 1, 1, 1, 1, 1, 1, 1, 1, 1, 1, 1, 1, 1, 1, 1, 1, 1, 1, 1, 1, 1, 1, 1], [1, 1, 1, 1, 1, 1, 1, 1, 1, 1, 1, 1, 1, 1, 1, 1, 1, 1, 1, 1, 1, 1, 1, 1, 1, 1, 1, 1, 1, 1, 1, 1, 1, 1, 1, 1, 1, 1, 1, 1, 1, 1, 1, 1, 1, 1, 1, 1, 1, 1]]

means=tensor([1.8691e-05, 1.7480e-05, 2.1600e-04, 1.9476e-05, 7.7728e-05, 7.6986e-05,
        1.0348e-04, 9.5540e-06, 4.9057e-05, 2.6329e-04, 5.2915e-05, 4.4294e-05,
        3.1825e-04, 3.1185e-05, 6.6909e-05, 1.5310e-05, 6.2533e-05, 8.4266e-05,
        6.6124e-05, 3.6871e-05, 1.7621e-04, 2.5928e-05, 9.4407e-05, 7.8180e-05,
        3.2618e-05, 5.8157e-05, 5.5135e-06, 1.2961e-04, 4.3094e-05, 1.0112e-04,
        7.8432e-05, 2.3190e-05, 1.6141e-05, 2.6845e-05, 5.2848e-05, 1.2773e-05,
        6.2264e-05, 1.2942e-05, 4.6144e-05, 3.7609e-05, 4.0544e-05, 1.0921e-04,
        9.8119e-06, 3.5608e-05, 9.1472e-05, 2.9046e-06, 1.2236e-05, 4.9626e-05,
        7.4429e-06, 1.5058e-04, 9.0721e-05, 7.3220e-05, 2.8424e-05, 1.1422e-04,
        2.3975e-05, 6.0240e-05, 1.4328e-05, 9.5745e-05, 4.6300e-05, 8.1383e-05,
        1.1379e-04, 7.3978e-05, 2.6682e-05, 9.0820e-05, 1.1083e-04, 1.5492e-04,
        1.4616e-04, 1.7020e-04, 9.1818e-05, 7.8727e-05, 2.7820e-05, 4.5193e-06,
        2.4133e-05, 2.4041e-05, 1.3391e-04, 4.8092e-05, 4.0577e-05, 7.5834e-05,
        1.5744e-04, 5.8338e-05, 7.7299e-06, 1.0951e-04, 3.4098e-05, 1.2470e-04,
        8.2161e-05, 1.1930e-04, 2.8287e-05, 1.2104e-05, 1.3205e-04, 6.3877e-05,
        5.1633e-05, 7.8763e-05, 8.6830e-05, 7.3700e-05, 4.0899e-05, 7.3191e-05,
        5.4714e-05, 3.7242e-05, 1.3592e-06, 5.4067e-05, 5.6263e-05, 5.9905e-06,
        9.7859e-05, 3.9344e-05, 7.8339e-06, 5.5705e-05, 5.9337e-05, 8.3098e-05,
        3.6426e-05, 1.2444e-04, 2.2652e-05, 9.2903e-05, 6.7778e-06],
       grad_fn=<CatBackward>)

mean_overall=tensor(6.6282e-05, grad_fn=<MeanBackward0>)

-----------------------------------------------ITERATION140-----------------------------------------------

final_causality=[[1, 1, 1, 1, 1, 1, 1, 1, 1, 1, 1, 1, 1], [1, 1, 1, 1, 1, 1, 1, 1, 1, 1, 1, 1, 1, 1, 1, 1, 1, 1, 1, 1, 1, 1, 1, 1, 1, 1, 1, 1, 1, 1, 1, 1, 1, 1, 1, 1, 1, 1, 1, 1, 1, 1, 1, 1, 1, 1, 1, 1, 1, 1], [1, 1, 1, 1, 1, 1, 1, 1, 1, 1, 1, 1, 1, 1, 1, 1, 1, 1, 1, 1, 1, 1, 1, 1, 1, 1, 1, 1, 1, 1, 1, 1, 1, 1, 1, 1, 1, 1, 1, 1, 1, 1, 1, 1, 1, 1, 1, 1, 1, 1]]

means=tensor([1.8765e-05, 1.8996e-05, 2.1498e-04, 2.4230e-05, 8.0844e-05, 7.6629e-05,
        1.0237e-04, 7.8176e-06, 5.1405e-05, 2.6089e-04, 5.4865e-05, 4.3266e-05,
        3.1769e-04, 3.1082e-05, 6.7868e-05, 1.5166e-05, 6.2734e-05, 8.4655e-05,
        6.5779e-05, 3.6786e-05, 1.7607e-04, 2.5785e-05, 9.4558e-05, 7.7796e-05,
        3.2444e-05, 5.8745e-05, 5.4744e-06, 1.2970e-04, 4.3221e-05, 1.0056e-04,
        7.8400e-05, 2.3316e-05, 1.5908e-05, 2.6992e-05, 5.3047e-05, 1.2936e-05,
        6.2551e-05, 1.2790e-05, 4.6291e-05, 3.7912e-05, 3.9906e-05, 1.0887e-04,
        9.8478e-06, 3.6101e-05, 9.0830e-05, 2.8662e-06, 1.2181e-05, 4.9747e-05,
        7.5658e-06, 1.5060e-04, 9.0631e-05, 7.3282e-05, 2.8426e-05, 1.1403e-04,
        2.4154e-05, 6.0523e-05, 1.4394e-05, 9.5652e-05, 4.6092e-05, 8.1451e-05,
        1.1368e-04, 7.3851e-05, 2.6557e-05, 9.0847e-05, 1.1083e-04, 1.5492e-04,
        1.4542e-04, 1.7010e-04, 9.2061e-05, 7.8848e-05, 2.7826e-05, 4.5185e-06,
        2.4143e-05, 2.4036e-05, 1.3403e-04, 4.7953e-05, 4.0623e-05, 7.5969e-05,
        1.5789e-04, 5.8609e-05, 7.7257e-06, 1.0960e-04, 3.4162e-05, 1.2474e-04,
        8.2097e-05, 1.1884e-04, 2.8392e-05, 1.2104e-05, 1.3204e-04, 6.3906e-05,
        5.1674e-05, 7.8536e-05, 8.6873e-05, 7.3696e-05, 4.0955e-05, 7.3202e-05,
        5.4871e-05, 3.7340e-05, 1.3624e-06, 5.4092e-05, 5.6249e-05, 6.0010e-06,
        9.7556e-05, 3.9440e-05, 7.8401e-06, 5.5698e-05, 5.9445e-05, 8.2417e-05,
        3.6596e-05, 1.2399e-04, 2.2664e-05, 9.3213e-05, 6.7655e-06],
       grad_fn=<CatBackward>)

mean_overall=tensor(6.6330e-05, grad_fn=<MeanBackward0>)

-----------------------------------------------ITERATION150-----------------------------------------------

final_causality=[[1, 1, 1, 1, 1, 1, 1, 1, 1, 1, 1, 1, 1], [1, 1, 1, 1, 1, 1, 1, 1, 1, 1, 1, 1, 1, 1, 1, 1, 1, 1, 1, 1, 1, 1, 1, 1, 1, 1, 1, 1, 1, 1, 1, 1, 1, 1, 1, 1, 1, 1, 1, 1, 1, 1, 1, 1, 1, 1, 1, 1, 1, 1], [1, 1, 1, 1, 1, 1, 1, 1, 1, 1, 1, 1, 1, 1, 1, 1, 1, 1, 1, 1, 1, 1, 1, 1, 1, 1, 1, 1, 1, 1, 1, 1, 1, 1, 1, 1, 1, 1, 1, 1, 1, 1, 1, 1, 1, 1, 1, 1, 1, 1]]

means=tensor([1.8813e-05, 2.0567e-05, 2.1395e-04, 2.9102e-05, 8.4039e-05, 7.6244e-05,
        1.0122e-04, 6.0302e-06, 5.3877e-05, 2.5837e-04, 5.6892e-05, 4.2225e-05,
        3.1720e-04, 3.0986e-05, 6.8891e-05, 1.5009e-05, 6.2929e-05, 8.5077e-05,
        6.5448e-05, 3.6686e-05, 1.7595e-04, 2.5619e-05, 9.4698e-05, 7.7385e-05,
        3.2245e-05, 5.9377e-05, 5.4538e-06, 1.2978e-04, 4.3364e-05, 1.0000e-04,
        7.8330e-05, 2.3460e-05, 1.5684e-05, 2.7123e-05, 5.3265e-05, 1.3090e-05,
        6.2860e-05, 1.2647e-05, 4.6429e-05, 3.8239e-05, 3.9280e-05, 1.0850e-04,
        9.8722e-06, 3.6597e-05, 9.0200e-05, 2.8490e-06, 1.2109e-05, 4.9889e-05,
        7.7048e-06, 1.5060e-04, 9.0516e-05, 7.3357e-05, 2.8448e-05, 1.1386e-04,
        2.4360e-05, 6.0836e-05, 1.4485e-05, 9.5580e-05, 4.5862e-05, 8.1495e-05,
        1.1358e-04, 7.3736e-05, 2.6421e-05, 9.0867e-05, 1.1082e-04, 1.5492e-04,
        1.4467e-04, 1.7000e-04, 9.2306e-05, 7.9435e-05, 2.7829e-05, 4.5199e-06,
        2.4155e-05, 2.4027e-05, 1.3415e-04, 4.7811e-05, 4.0670e-05, 7.6111e-05,
        1.5837e-04, 5.8884e-05, 7.7186e-06, 1.0970e-04, 3.4229e-05, 1.2476e-04,
        8.2028e-05, 1.1837e-04, 2.8502e-05, 1.2103e-05, 1.3204e-04, 6.3936e-05,
        5.1718e-05, 7.8306e-05, 8.6908e-05, 7.3693e-05, 4.1014e-05, 7.3208e-05,
        5.5023e-05, 3.7444e-05, 1.3676e-06, 5.4122e-05, 5.6230e-05, 6.0089e-06,
        9.7244e-05, 3.9540e-05, 7.8439e-06, 5.5692e-05, 5.9563e-05, 8.1718e-05,
        3.6770e-05, 1.2353e-04, 2.2677e-05, 9.3537e-05, 6.7573e-06],
       grad_fn=<CatBackward>)

mean_overall=tensor(6.6385e-05, grad_fn=<MeanBackward0>)

-----------------------------------------------ITERATION160-----------------------------------------------

final_causality=[[1, 1, 1, 1, 1, 1, 1, 1, 1, 1, 1, 1, 1], [1, 1, 1, 1, 1, 1, 1, 1, 1, 1, 1, 1, 1, 1, 1, 1, 1, 1, 1, 1, 1, 1, 1, 1, 1, 1, 1, 1, 1, 1, 1, 1, 1, 1, 1, 1, 1, 1, 1, 1, 1, 1, 1, 1, 1, 1, 1, 1, 1, 1], [1, 1, 1, 1, 1, 1, 1, 1, 1, 1, 1, 1, 1, 1, 1, 1, 1, 1, 1, 1, 1, 1, 1, 1, 1, 1, 1, 1, 1, 1, 1, 1, 1, 1, 1, 1, 1, 1, 1, 1, 1, 1, 1, 1, 1, 1, 1, 1, 1, 1]]

means=tensor([1.8900e-05, 2.2155e-05, 2.1289e-04, 3.3956e-05, 8.7340e-05, 7.5862e-05,
        1.0003e-04, 4.1997e-06, 5.6357e-05, 2.5581e-04, 5.8962e-05, 4.1129e-05,
        3.1661e-04, 3.0879e-05, 6.9918e-05, 1.4861e-05, 6.3146e-05, 8.5486e-05,
        6.5079e-05, 3.6600e-05, 1.7580e-04, 2.5473e-05, 9.4861e-05, 7.6988e-05,
        3.2067e-05, 6.0007e-05, 5.4111e-06, 1.2988e-04, 4.3497e-05, 9.9416e-05,
        7.8299e-05, 2.3627e-05, 1.5444e-05, 2.7278e-05, 5.3475e-05, 1.3265e-05,
        6.3162e-05, 1.2491e-05, 4.6586e-05, 3.8565e-05, 3.8616e-05, 1.0813e-04,
        9.9103e-06, 3.7125e-05, 8.9537e-05, 2.8096e-06, 1.2054e-05, 5.0020e-05,
        7.8357e-06, 1.5061e-04, 9.0423e-05, 7.3425e-05, 2.8452e-05, 1.1366e-04,
        2.4551e-05, 6.1133e-05, 1.4553e-05, 9.5484e-05, 4.5649e-05, 8.1568e-05,
        1.1346e-04, 7.3604e-05, 2.6294e-05, 9.0894e-05, 1.1082e-04, 1.5492e-04,
        1.4391e-04, 1.6990e-04, 9.2558e-05, 8.0115e-05, 2.7836e-05, 4.5190e-06,
        2.4166e-05, 2.4022e-05, 1.3428e-04, 4.7667e-05, 4.0720e-05, 7.6251e-05,
        1.5885e-04, 5.9161e-05, 7.7144e-06, 1.0980e-04, 3.4297e-05, 1.2480e-04,
        8.1961e-05, 1.1789e-04, 2.8614e-05, 1.2103e-05, 1.3204e-04, 6.3965e-05,
        5.1760e-05, 7.8066e-05, 8.6952e-05, 7.3689e-05, 4.1073e-05, 7.3220e-05,
        5.5179e-05, 3.7546e-05, 1.3709e-06, 5.4148e-05, 5.6217e-05, 6.0199e-06,
        9.6924e-05, 3.9638e-05, 7.8507e-06, 5.5688e-05, 5.9680e-05, 8.1010e-05,
        3.6949e-05, 1.2304e-04, 2.2690e-05, 9.3862e-05, 6.7442e-06],
       grad_fn=<CatBackward>)

mean_overall=tensor(6.6440e-05, grad_fn=<MeanBackward0>)

-----------------------------------------------ITERATION170-----------------------------------------------

final_causality=[[1, 1, 1, 1, 1, 1, 1, 1, 1, 1, 1, 1, 1], [1, 1, 1, 1, 1, 1, 1, 1, 1, 1, 1, 1, 1, 1, 1, 1, 1, 1, 1, 1, 1, 1, 1, 1, 1, 1, 1, 1, 1, 1, 1, 1, 1, 1, 1, 1, 1, 1, 1, 1, 1, 1, 1, 1, 1, 1, 1, 1, 1, 1], [1, 1, 1, 1, 1, 1, 1, 1, 1, 1, 1, 1, 1, 1, 1, 1, 1, 1, 1, 1, 1, 1, 1, 1, 1, 1, 1, 1, 1, 1, 1, 1, 1, 1, 1, 1, 1, 1, 1, 1, 1, 1, 1, 1, 1, 1, 1, 1, 1, 1]]

means=tensor([1.8967e-05, 2.3787e-05, 2.1181e-04, 3.8886e-05, 9.0714e-05, 7.5457e-05,
        9.8810e-05, 2.3250e-06, 5.8941e-05, 2.5315e-04, 6.1100e-05, 4.0020e-05,
        3.1608e-04, 3.0777e-05, 7.1001e-05, 1.4702e-05, 6.3358e-05, 8.5922e-05,
        6.4721e-05, 3.6503e-05, 1.7567e-04, 2.5308e-05, 9.5016e-05, 7.6569e-05,
        3.1869e-05, 6.0676e-05, 5.3832e-06, 1.2997e-04, 4.3642e-05, 9.8829e-05,
        7.8238e-05, 2.3831e-05, 1.5213e-05, 2.7421e-05, 5.3700e-05, 1.3433e-05,
        6.3480e-05, 1.2343e-05, 4.6737e-05, 3.8913e-05, 3.7963e-05, 1.0774e-04,
        9.9391e-06, 3.7658e-05, 8.8884e-05, 2.7875e-06, 1.1984e-05, 5.0169e-05,
        7.9800e-06, 1.5060e-04, 9.0311e-05, 7.3504e-05, 2.8473e-05, 1.1347e-04,
        2.4765e-05, 6.1455e-05, 1.4641e-05, 9.5405e-05, 4.5420e-05, 8.1622e-05,
        1.1335e-04, 7.3484e-05, 2.6158e-05, 9.0916e-05, 1.1081e-04, 1.5492e-04,
        1.4314e-04, 1.6980e-04, 9.2812e-05, 8.0796e-05, 2.7840e-05, 4.5197e-06,
        2.4178e-05, 2.4014e-05, 1.3440e-04, 4.7521e-05, 4.0770e-05, 7.6395e-05,
        1.5935e-04, 5.9486e-05, 7.7079e-06, 1.0990e-04, 3.4368e-05, 1.2484e-04,
        8.1890e-05, 1.1741e-04, 2.8731e-05, 1.2102e-05, 1.3204e-04, 6.3995e-05,
        5.1805e-05, 7.7855e-05, 8.6991e-05, 7.3685e-05, 4.1135e-05, 7.3228e-05,
        5.5329e-05, 3.7653e-05, 1.3757e-06, 5.4179e-05, 5.6200e-05, 6.0287e-06,
        9.6597e-05, 3.9739e-05, 7.8556e-06, 5.5686e-05, 5.9805e-05, 8.0286e-05,
        3.7130e-05, 1.2255e-04, 2.2704e-05, 9.4199e-05, 6.7344e-06],
       grad_fn=<CatBackward>)

mean_overall=tensor(6.6500e-05, grad_fn=<MeanBackward0>)

-----------------------------------------------ITERATION180-----------------------------------------------

final_causality=[[1, 1, 1, 1, 1, 1, 1, 1, 1, 1, 1, 1, 1], [1, 1, 1, 1, 1, 1, 1, 1, 1, 1, 1, 1, 1, 1, 1, 1, 1, 1, 1, 1, 1, 1, 1, 1, 1, 1, 1, 1, 1, 1, 1, 1, 1, 1, 1, 1, 1, 1, 1, 1, 1, 1, 1, 1, 1, 1, 1, 1, 1, 1], [1, 1, 1, 1, 1, 1, 1, 1, 1, 1, 1, 1, 1, 1, 1, 1, 1, 1, 1, 1, 1, 1, 1, 1, 1, 1, 1, 1, 1, 1, 1, 1, 1, 1, 1, 1, 1, 1, 1, 1, 1, 1, 1, 1, 1, 1, 1, 1, 1, 1]]

means=tensor([1.9059e-05, 2.5439e-05, 2.1072e-04, 4.3799e-05, 9.4176e-05, 7.5048e-05,
        9.7559e-05, 4.1251e-07, 6.1550e-05, 2.5045e-04, 6.3283e-05, 3.8868e-05,
        3.1550e-04, 3.0669e-05, 7.2100e-05, 1.4548e-05, 6.3586e-05, 8.6355e-05,
        6.4338e-05, 3.6414e-05, 1.7552e-04, 2.5153e-05, 9.5186e-05, 7.6157e-05,
        3.1681e-05, 6.1352e-05, 5.3431e-06, 1.3007e-04, 4.3782e-05, 9.8224e-05,
        7.8198e-05, 2.4031e-05, 1.4974e-05, 2.7578e-05, 5.3922e-05, 1.3614e-05,
        6.3798e-05, 1.2189e-05, 4.6899e-05, 3.9264e-05, 3.7288e-05, 1.0735e-04,
        9.9753e-06, 3.8215e-05, 8.8213e-05, 2.7541e-06, 1.1924e-05, 5.0315e-05,
        8.1218e-06, 1.5059e-04, 9.0210e-05, 7.3581e-05, 2.8487e-05, 1.1327e-04,
        2.4972e-05, 6.1771e-05, 1.4718e-05, 9.5315e-05, 4.5201e-05, 8.1692e-05,
        1.1322e-04, 7.3355e-05, 2.6026e-05, 9.0942e-05, 1.1080e-04, 1.5492e-04,
        1.4237e-04, 1.6970e-04, 9.3070e-05, 8.1486e-05, 2.7846e-05, 4.5192e-06,
        2.4190e-05, 2.4007e-05, 1.3453e-04, 4.7380e-05, 4.0822e-05, 7.6538e-05,
        1.5986e-04, 5.9868e-05, 7.7029e-06, 1.1001e-04, 3.4439e-05, 1.2488e-04,
        8.1819e-05, 1.1692e-04, 2.8850e-05, 1.2101e-05, 1.3203e-04, 6.4024e-05,
        5.1850e-05, 7.7894e-05, 8.7035e-05, 7.3680e-05, 4.1196e-05, 7.3239e-05,
        5.5481e-05, 3.7760e-05, 1.3796e-06, 5.4208e-05, 5.6187e-05, 6.0391e-06,
        9.6263e-05, 3.9838e-05, 7.8623e-06, 5.5686e-05, 5.9930e-05, 7.9555e-05,
        3.7314e-05, 1.2205e-04, 2.2718e-05, 9.4538e-05, 6.7220e-06],
       grad_fn=<CatBackward>)

mean_overall=tensor(6.6561e-05, grad_fn=<MeanBackward0>)

-----------------------------------------------ITERATION190-----------------------------------------------

final_causality=[[1, 1, 1, 1, 1, 1, 1, 1, 1, 1, 1, 1, 1], [1, 1, 1, 1, 1, 1, 1, 1, 1, 1, 1, 1, 1, 1, 1, 1, 1, 1, 1, 1, 1, 1, 1, 1, 1, 1, 1, 1, 1, 1, 1, 1, 1, 1, 1, 1, 1, 1, 1, 1, 1, 1, 1, 1, 1, 1, 1, 1, 1, 1], [1, 1, 1, 1, 1, 1, 1, 1, 1, 1, 1, 1, 1, 1, 1, 1, 1, 1, 1, 1, 1, 1, 1, 1, 1, 1, 1, 1, 1, 1, 1, 1, 1, 1, 1, 1, 1, 1, 1, 1, 1, 1, 1, 1, 1, 1, 1, 1, 1, 1]]

means=tensor([1.9147e-05, 2.7122e-05, 2.0961e-04, 4.8734e-05, 9.7709e-05, 7.4624e-05,
        9.6275e-05, 6.6121e-07, 6.4231e-05, 2.4767e-04, 6.5521e-05, 3.7695e-05,
        3.1494e-04, 3.0564e-05, 7.3240e-05, 1.4389e-05, 6.3815e-05, 8.6805e-05,
        6.3955e-05, 3.6320e-05, 1.7538e-04, 2.4990e-05, 9.5356e-05, 7.5734e-05,
        3.1485e-05, 6.2056e-05, 5.3086e-06, 1.3017e-04, 4.3928e-05, 9.7615e-05,
        7.8144e-05, 2.4241e-05, 1.4738e-05, 2.7731e-05, 5.4154e-05, 1.3795e-05,
        6.4125e-05, 1.2038e-05, 4.7060e-05, 3.9630e-05, 3.6614e-05, 1.0693e-04,
        1.0008e-05, 3.8782e-05, 8.7545e-05, 2.7284e-06, 1.1857e-05, 5.0472e-05,
        8.2713e-06, 1.5057e-04, 9.0100e-05, 7.3666e-05, 2.8509e-05, 1.1307e-04,
        2.5192e-05, 6.2100e-05, 1.4803e-05, 9.5232e-05, 4.4974e-05, 8.1755e-05,
        1.1308e-04, 7.3230e-05, 2.5891e-05, 9.0967e-05, 1.1080e-04, 1.5492e-04,
        1.4159e-04, 1.6960e-04, 9.3329e-05, 8.2176e-05, 2.7851e-05, 4.5193e-06,
        2.4203e-05, 2.3999e-05, 1.3467e-04, 4.7250e-05, 4.0874e-05, 7.6683e-05,
        1.6038e-04, 6.0252e-05, 7.6970e-06, 1.1012e-04, 3.4513e-05, 1.2492e-04,
        8.1746e-05, 1.1644e-04, 2.8973e-05, 1.2101e-05, 1.3203e-04, 6.4053e-05,
        5.1896e-05, 7.7926e-05, 8.7076e-05, 7.3675e-05, 4.1260e-05, 7.3249e-05,
        5.5627e-05, 3.7870e-05, 1.3841e-06, 5.4239e-05, 5.6173e-05, 6.0486e-06,
        9.5922e-05, 3.9938e-05, 7.8683e-06, 5.5687e-05, 6.0062e-05, 7.8814e-05,
        3.7501e-05, 1.2153e-04, 2.2732e-05, 9.4886e-05, 6.7109e-06],
       grad_fn=<CatBackward>)

mean_overall=tensor(6.6644e-05, grad_fn=<MeanBackward0>)

-----------------------------------------------ITERATION200-----------------------------------------------

final_causality=[[1, 1, 1, 1, 1, 1, 1, 1, 1, 1, 1, 1, 1], [1, 1, 1, 1, 1, 1, 1, 1, 1, 1, 1, 1, 1, 1, 1, 1, 1, 1, 1, 1, 1, 1, 1, 1, 1, 1, 1, 1, 1, 1, 1, 1, 1, 1, 1, 1, 1, 1, 1, 1, 1, 1, 1, 1, 1, 1, 1, 1, 1, 1], [1, 1, 1, 1, 1, 1, 1, 1, 1, 1, 1, 1, 1, 1, 1, 1, 1, 1, 1, 1, 1, 1, 1, 1, 1, 1, 1, 1, 1, 1, 1, 1, 1, 1, 1, 1, 1, 1, 1, 1, 1, 1, 1, 1, 1, 1, 1, 1, 1, 1]]

means=tensor([1.9249e-05, 2.8825e-05, 2.0849e-04, 5.3646e-05, 1.0132e-04, 7.4191e-05,
        9.4963e-05, 1.3096e-06, 6.6949e-05, 2.4484e-04, 6.7804e-05, 3.6490e-05,
        3.1435e-04, 3.0455e-05, 7.4403e-05, 1.4231e-05, 6.4053e-05, 8.7256e-05,
        6.3558e-05, 3.6231e-05, 1.7523e-04, 2.4831e-05, 9.5534e-05, 7.5312e-05,
        3.1293e-05, 6.2772e-05, 5.2686e-06, 1.3028e-04, 4.4073e-05, 9.6994e-05,
        7.8099e-05, 2.4450e-05, 1.4500e-05, 2.7891e-05, 5.4386e-05, 1.3983e-05,
        6.4454e-05, 1.1885e-05, 4.7228e-05, 4.0004e-05, 3.5928e-05, 1.0652e-04,
        1.0043e-05, 3.9367e-05, 8.6869e-05, 2.6987e-06, 1.1794e-05, 5.0630e-05,
        8.4218e-06, 1.5055e-04, 8.9995e-05, 7.3752e-05, 2.8529e-05, 1.1286e-04,
        2.5412e-05, 6.2429e-05, 1.4885e-05, 9.5145e-05, 4.4752e-05, 8.1825e-05,
        1.1294e-04, 7.3103e-05, 2.5758e-05, 9.0992e-05, 1.1079e-04, 1.5492e-04,
        1.4080e-04, 1.6949e-04, 9.3591e-05, 8.2868e-05, 2.7856e-05, 4.5190e-06,
        2.4215e-05, 2.3991e-05, 1.3480e-04, 4.7120e-05, 4.0928e-05, 7.6827e-05,
        1.6090e-04, 6.0638e-05, 7.6917e-06, 1.1024e-04, 3.4588e-05, 1.2496e-04,
        8.1672e-05, 1.1594e-04, 2.9099e-05, 1.2100e-05, 1.3202e-04, 6.4081e-05,
        5.1942e-05, 7.7952e-05, 8.7120e-05, 7.3669e-05, 4.1323e-05, 7.3260e-05,
        5.5772e-05, 3.7980e-05, 1.3883e-06, 5.4271e-05, 5.6160e-05, 6.0587e-06,
        9.5576e-05, 4.0037e-05, 7.8751e-06, 5.5691e-05, 6.0196e-05, 7.8331e-05,
        3.7690e-05, 1.2101e-04, 2.2747e-05, 9.5237e-05, 6.6986e-06],
       grad_fn=<CatBackward>)

mean_overall=tensor(6.6734e-05, grad_fn=<MeanBackward0>)

-----------------------------------------------ITERATION210-----------------------------------------------

final_causality=[[1, 1, 1, 1, 1, 1, 1, 1, 1, 1, 1, 1, 1], [1, 1, 1, 1, 1, 1, 1, 1, 1, 1, 1, 1, 1, 1, 1, 1, 1, 1, 1, 1, 1, 1, 1, 1, 1, 1, 1, 1, 1, 1, 1, 1, 1, 1, 1, 1, 1, 1, 1, 1, 1, 1, 1, 1, 1, 1, 1, 1, 1, 1], [1, 1, 1, 1, 1, 1, 1, 1, 1, 1, 1, 1, 1, 1, 1, 1, 1, 1, 1, 1, 1, 1, 1, 1, 1, 1, 1, 1, 1, 1, 1, 1, 1, 1, 1, 1, 1, 1, 1, 1, 1, 1, 1, 1, 1, 1, 1, 1, 1, 1]]

means=tensor([1.9354e-05, 3.0550e-05, 2.0735e-04, 5.8543e-05, 1.0499e-04, 7.3747e-05,
        9.3621e-05, 3.3116e-06, 6.9718e-05, 2.4194e-04, 7.0134e-05, 3.5260e-05,
        3.1377e-04, 3.0347e-05, 7.5598e-05, 1.4072e-05, 6.4297e-05, 8.7718e-05,
        6.3155e-05, 3.6141e-05, 1.7509e-04, 2.4668e-05, 9.5715e-05, 7.4885e-05,
        3.1098e-05, 6.3510e-05, 5.2299e-06, 1.3039e-04, 4.4220e-05, 9.6366e-05,
        7.8050e-05, 2.4665e-05, 1.4263e-05, 2.8050e-05, 5.4623e-05, 1.4173e-05,
        6.4788e-05, 1.1734e-05, 4.7398e-05, 4.0390e-05, 3.5240e-05, 1.0608e-04,
        1.0078e-05, 3.9964e-05, 8.6194e-05, 2.6722e-06, 1.1729e-05, 5.0796e-05,
        8.5771e-06, 1.5051e-04, 8.9886e-05, 7.3842e-05, 2.8554e-05, 1.1266e-04,
        2.5640e-05, 6.2766e-05, 1.4970e-05, 9.5061e-05, 4.4529e-05, 8.1893e-05,
        1.1279e-04, 7.2977e-05, 2.5624e-05, 9.1018e-05, 1.1079e-04, 1.5492e-04,
        1.4001e-04, 1.6939e-04, 9.3855e-05, 8.3560e-05, 2.7862e-05, 4.5188e-06,
        2.4228e-05, 2.3983e-05, 1.3494e-04, 4.6989e-05, 4.0983e-05, 7.6973e-05,
        1.6143e-04, 6.1194e-05, 7.6860e-06, 1.1035e-04, 3.4664e-05, 1.2500e-04,
        8.1597e-05, 1.1545e-04, 2.9228e-05, 1.2099e-05, 1.3202e-04, 6.4109e-05,
        5.1989e-05, 7.7972e-05, 8.7163e-05, 7.3663e-05, 4.1389e-05, 7.3271e-05,
        5.5913e-05, 3.8092e-05, 1.3927e-06, 5.4303e-05, 5.6147e-05, 6.0685e-06,
        9.5224e-05, 4.0136e-05, 7.8819e-06, 5.5698e-05, 6.0334e-05, 7.7955e-05,
        3.7881e-05, 1.2047e-04, 2.2762e-05, 9.5594e-05, 6.6867e-06],
       grad_fn=<CatBackward>)

mean_overall=tensor(6.6839e-05, grad_fn=<MeanBackward0>)

-----------------------------------------------ITERATION220-----------------------------------------------

final_causality=[[1, 1, 1, 1, 1, 1, 1, 1, 1, 1, 1, 1, 1], [1, 1, 1, 1, 1, 1, 1, 1, 1, 1, 1, 1, 1, 1, 1, 1, 1, 1, 1, 1, 1, 1, 1, 1, 1, 1, 1, 1, 1, 1, 1, 1, 1, 1, 1, 1, 1, 1, 1, 1, 1, 1, 1, 1, 1, 1, 1, 1, 1, 1], [1, 1, 1, 1, 1, 1, 1, 1, 1, 1, 1, 1, 1, 1, 1, 1, 1, 1, 1, 1, 1, 1, 1, 1, 1, 1, 1, 1, 1, 1, 1, 1, 1, 1, 1, 1, 1, 1, 1, 1, 1, 1, 1, 1, 1, 1, 1, 1, 1, 1]]

means=tensor([1.9470e-05, 3.2293e-05, 2.0621e-04, 6.3402e-05, 1.0873e-04, 7.3293e-05,
        9.2252e-05, 5.3422e-06, 7.2524e-05, 2.3899e-04, 7.2507e-05, 3.4003e-05,
        3.1319e-04, 3.0237e-05, 7.6818e-05, 1.3913e-05, 6.4547e-05, 8.8184e-05,
        6.2743e-05, 3.6054e-05, 1.7494e-04, 2.4507e-05, 9.5903e-05, 7.4459e-05,
        3.0905e-05, 6.4263e-05, 5.1885e-06, 1.3050e-04, 4.4368e-05, 9.5731e-05,
        7.8004e-05, 2.4882e-05, 1.4026e-05, 2.8213e-05, 5.4863e-05, 1.4369e-05,
        6.5125e-05, 1.1583e-05, 4.7572e-05, 4.0785e-05, 3.4545e-05, 1.0564e-04,
        1.0113e-05, 4.0575e-05, 8.5516e-05, 2.6448e-06, 1.1665e-05, 5.0966e-05,
        8.7349e-06, 1.5048e-04, 8.9779e-05, 7.3936e-05, 2.8581e-05, 1.1245e-04,
        2.5871e-05, 6.3105e-05, 1.5054e-05, 9.4976e-05, 4.4308e-05, 8.1964e-05,
        1.1263e-04, 7.2851e-05, 2.5491e-05, 9.1043e-05, 1.1078e-04, 1.5492e-04,
        1.3922e-04, 1.6929e-04, 9.4120e-05, 8.4251e-05, 2.7867e-05, 4.5184e-06,
        2.4242e-05, 2.3975e-05, 1.3507e-04, 4.6858e-05, 4.1039e-05, 7.7117e-05,
        1.6197e-04, 6.1832e-05, 7.6806e-06, 1.1048e-04, 3.4742e-05, 1.2504e-04,
        8.1522e-05, 1.1496e-04, 2.9368e-05, 1.2099e-05, 1.3202e-04, 6.4136e-05,
        5.2035e-05, 7.7985e-05, 8.7208e-05, 7.3657e-05, 4.1454e-05, 7.3282e-05,
        5.6049e-05, 3.8205e-05, 1.3970e-06, 5.4336e-05, 5.6136e-05, 6.0785e-06,
        9.4868e-05, 4.0234e-05, 7.8892e-06, 5.5706e-05, 6.0475e-05, 7.7582e-05,
        3.8073e-05, 1.1993e-04, 2.2777e-05, 9.5954e-05, 6.6743e-06],
       grad_fn=<CatBackward>)

mean_overall=tensor(6.6946e-05, grad_fn=<MeanBackward0>)

-----------------------------------------------ITERATION230-----------------------------------------------

final_causality=[[1, 1, 1, 1, 1, 1, 1, 1, 1, 1, 1, 1, 1], [1, 1, 1, 1, 1, 1, 1, 1, 1, 1, 1, 1, 1, 1, 1, 1, 1, 1, 1, 1, 1, 1, 1, 1, 1, 1, 1, 1, 1, 1, 1, 1, 1, 1, 1, 1, 1, 1, 1, 1, 1, 1, 1, 1, 1, 1, 1, 1, 1, 1], [1, 1, 1, 1, 1, 1, 1, 1, 1, 1, 1, 1, 1, 1, 1, 1, 1, 1, 1, 1, 1, 1, 1, 1, 1, 1, 1, 1, 1, 1, 1, 1, 1, 1, 1, 1, 1, 1, 1, 1, 1, 1, 1, 1, 1, 1, 1, 1, 1, 1]]

means=tensor([1.9592e-05, 3.4052e-05, 2.0507e-04, 6.8220e-05, 1.1253e-04, 7.2829e-05,
        9.0857e-05, 7.3993e-06, 7.5371e-05, 2.3599e-04, 7.4921e-05, 3.2721e-05,
        3.1260e-04, 3.0128e-05, 7.8066e-05, 1.3753e-05, 6.4804e-05, 8.8657e-05,
        6.2324e-05, 3.5967e-05, 1.7478e-04, 2.4345e-05, 9.6095e-05, 7.4030e-05,
        3.0711e-05, 6.5034e-05, 5.1466e-06, 1.3062e-04, 4.4517e-05, 9.5090e-05,
        7.7957e-05, 2.5102e-05, 1.3791e-05, 2.8377e-05, 5.5106e-05, 1.4568e-05,
        6.5466e-05, 1.1434e-05, 4.7749e-05, 4.1190e-05, 3.3848e-05, 1.0519e-04,
        1.0149e-05, 4.1200e-05, 8.4840e-05, 2.6191e-06, 1.1600e-05, 5.1142e-05,
        8.8962e-06, 1.5043e-04, 8.9671e-05, 7.4033e-05, 2.8610e-05, 1.1223e-04,
        2.6107e-05, 6.3449e-05, 1.5140e-05, 9.4893e-05, 4.4088e-05, 8.2036e-05,
        1.1247e-04, 7.2727e-05, 2.5359e-05, 9.1069e-05, 1.1077e-04, 1.5492e-04,
        1.3844e-04, 1.6919e-04, 9.4385e-05, 8.4939e-05, 2.7873e-05, 4.5180e-06,
        2.4255e-05, 2.3967e-05, 1.3521e-04, 4.6727e-05, 4.1096e-05, 7.7262e-05,
        1.6252e-04, 6.2473e-05, 7.6752e-06, 1.1060e-04, 3.4821e-05, 1.2509e-04,
        8.1445e-05, 1.1446e-04, 2.9528e-05, 1.2098e-05, 1.3201e-04, 6.4163e-05,
        5.2082e-05, 7.7991e-05, 8.7252e-05, 7.3650e-05, 4.1521e-05, 7.3294e-05,
        5.6181e-05, 3.8319e-05, 1.4014e-06, 5.4370e-05, 5.6124e-05, 6.0886e-06,
        9.4506e-05, 4.0331e-05, 7.8966e-06, 5.5718e-05, 6.0620e-05, 7.7211e-05,
        3.8268e-05, 1.1937e-04, 2.2793e-05, 9.6318e-05, 6.6619e-06],
       grad_fn=<CatBackward>)

mean_overall=tensor(6.7055e-05, grad_fn=<MeanBackward0>)

-----------------------------------------------ITERATION240-----------------------------------------------

final_causality=[[1, 1, 1, 1, 1, 1, 1, 1, 1, 1, 1, 1, 1], [1, 1, 1, 1, 1, 1, 1, 1, 1, 1, 1, 1, 1, 1, 1, 1, 1, 1, 1, 1, 1, 1, 1, 1, 1, 1, 1, 1, 1, 1, 1, 1, 1, 1, 1, 1, 1, 1, 1, 1, 1, 1, 1, 1, 1, 1, 1, 1, 1, 1], [1, 1, 1, 1, 1, 1, 1, 1, 1, 1, 1, 1, 1, 1, 1, 1, 1, 1, 1, 1, 1, 1, 1, 1, 1, 1, 1, 1, 1, 1, 1, 1, 1, 1, 1, 1, 1, 1, 1, 1, 1, 1, 1, 1, 1, 1, 1, 1, 1, 1]]

means=tensor([1.9725e-05, 3.5825e-05, 2.0391e-04, 7.2983e-05, 1.1639e-04, 7.2355e-05,
        8.9437e-05, 9.4810e-06, 7.8252e-05, 2.3294e-04, 7.7374e-05, 3.1413e-05,
        3.1201e-04, 3.0018e-05, 7.9338e-05, 1.3594e-05, 6.5066e-05, 8.9135e-05,
        6.1897e-05, 3.5883e-05, 1.7463e-04, 2.4184e-05, 9.6292e-05, 7.3602e-05,
        3.0519e-05, 6.5821e-05, 5.1030e-06, 1.3074e-04, 4.4666e-05, 9.4444e-05,
        7.7913e-05, 2.5323e-05, 1.3556e-05, 2.8542e-05, 5.5352e-05, 1.4772e-05,
        6.5809e-05, 1.1285e-05, 4.7929e-05, 4.1604e-05, 3.3146e-05, 1.0473e-04,
        1.0185e-05, 4.1837e-05, 8.4164e-05, 2.5936e-06, 1.1537e-05, 5.1323e-05,
        9.0602e-06, 1.5037e-04, 8.9564e-05, 7.4134e-05, 2.8641e-05, 1.1202e-04,
        2.6399e-05, 6.3795e-05, 1.5225e-05, 9.4810e-05, 4.3887e-05, 8.2110e-05,
        1.1230e-04, 7.2603e-05, 2.5228e-05, 9.1095e-05, 1.1077e-04, 1.5492e-04,
        1.3765e-04, 1.6909e-04, 9.4650e-05, 8.5622e-05, 2.7879e-05, 4.5175e-06,
        2.4269e-05, 2.3958e-05, 1.3535e-04, 4.6595e-05, 4.1154e-05, 7.7406e-05,
        1.6307e-04, 6.3115e-05, 7.6698e-06, 1.1073e-04, 3.4901e-05, 1.2513e-04,
        8.1367e-05, 1.1397e-04, 2.9690e-05, 1.2098e-05, 1.3201e-04, 6.4189e-05,
        5.2130e-05, 7.7989e-05, 8.7297e-05, 7.3643e-05, 4.1588e-05, 7.3306e-05,
        5.6307e-05, 3.8434e-05, 1.4057e-06, 5.4403e-05, 5.6114e-05, 6.0993e-06,
        9.4141e-05, 4.0427e-05, 7.9044e-06, 5.5731e-05, 6.0769e-05, 7.6843e-05,
        3.8463e-05, 1.1887e-04, 2.2808e-05, 9.6685e-05, 6.6492e-06],
       grad_fn=<CatBackward>)

mean_overall=tensor(6.7165e-05, grad_fn=<MeanBackward0>)

-----------------------------------------------ITERATION250-----------------------------------------------

final_causality=[[1, 1, 1, 1, 1, 1, 1, 1, 1, 1, 1, 1, 1], [1, 1, 1, 1, 1, 1, 1, 1, 1, 1, 1, 1, 1, 1, 1, 1, 1, 1, 1, 1, 1, 1, 1, 1, 1, 1, 1, 1, 1, 1, 1, 1, 1, 1, 1, 1, 1, 1, 1, 1, 1, 1, 1, 1, 1, 1, 1, 1, 1, 1], [1, 1, 1, 1, 1, 1, 1, 1, 1, 1, 1, 1, 1, 1, 1, 1, 1, 1, 1, 1, 1, 1, 1, 1, 1, 1, 1, 1, 1, 1, 1, 1, 1, 1, 1, 1, 1, 1, 1, 1, 1, 1, 1, 1, 1, 1, 1, 1, 1, 1]]

means=tensor([1.9866e-05, 3.7610e-05, 2.0275e-04, 7.7684e-05, 1.2031e-04, 7.1872e-05,
        8.7992e-05, 1.1585e-05, 8.1165e-05, 2.2984e-04, 7.9864e-05, 3.0082e-05,
        3.1141e-04, 2.9908e-05, 8.0635e-05, 1.3434e-05, 6.5334e-05, 8.9618e-05,
        6.1464e-05, 3.5801e-05, 1.7447e-04, 2.4024e-05, 9.6494e-05, 7.3173e-05,
        3.0328e-05, 6.6623e-05, 5.0584e-06, 1.3087e-04, 4.4815e-05, 9.3793e-05,
        7.7869e-05, 2.5547e-05, 1.3323e-05, 2.8709e-05, 5.5600e-05, 1.4979e-05,
        6.6154e-05, 1.1139e-05, 4.8112e-05, 4.2028e-05, 3.2443e-05, 1.0426e-04,
        1.0221e-05, 4.2486e-05, 8.3491e-05, 2.5693e-06, 1.1474e-05, 5.1509e-05,
        9.2273e-06, 1.5031e-04, 8.9457e-05, 7.4239e-05, 2.8676e-05, 1.1180e-04,
        2.6715e-05, 6.4144e-05, 1.5310e-05, 9.4729e-05, 4.3710e-05, 8.2185e-05,
        1.1212e-04, 7.2481e-05, 2.5098e-05, 9.1121e-05, 1.1076e-04, 1.5491e-04,
        1.3686e-04, 1.6899e-04, 9.4916e-05, 8.6300e-05, 2.7885e-05, 4.5169e-06,
        2.4283e-05, 2.3950e-05, 1.3549e-04, 4.6464e-05, 4.1213e-05, 7.7549e-05,
        1.6363e-04, 6.3759e-05, 7.6644e-06, 1.1085e-04, 3.4982e-05, 1.2518e-04,
        8.1289e-05, 1.1348e-04, 2.9854e-05, 1.2097e-05, 1.3200e-04, 6.4214e-05,
        5.2177e-05, 7.7978e-05, 8.7342e-05, 7.3636e-05, 4.1656e-05, 7.3317e-05,
        5.6691e-05, 3.8549e-05, 1.4100e-06, 5.4438e-05, 5.6104e-05, 6.1098e-06,
        9.3772e-05, 4.0521e-05, 7.9124e-06, 5.5747e-05, 6.0920e-05, 7.6479e-05,
        3.8659e-05, 1.1872e-04, 2.2824e-05, 9.7054e-05, 6.6365e-06],
       grad_fn=<CatBackward>)

mean_overall=tensor(6.7282e-05, grad_fn=<MeanBackward0>)

-----------------------------------------------ITERATION260-----------------------------------------------

final_causality=[[1, 1, 1, 1, 1, 1, 1, 1, 1, 1, 1, 1, 1], [1, 1, 1, 1, 1, 1, 1, 1, 1, 1, 1, 1, 1, 1, 1, 1, 1, 1, 1, 1, 1, 1, 1, 1, 1, 1, 1, 1, 1, 1, 1, 1, 1, 1, 1, 1, 1, 1, 1, 1, 1, 1, 1, 1, 1, 1, 1, 1, 1, 1], [1, 1, 1, 1, 1, 1, 1, 1, 1, 1, 1, 1, 1, 1, 1, 1, 1, 1, 1, 1, 1, 1, 1, 1, 1, 1, 1, 1, 1, 1, 1, 1, 1, 1, 1, 1, 1, 1, 1, 1, 1, 1, 1, 1, 1, 1, 1, 1, 1, 1]]

means=tensor([2.0016e-05, 3.9405e-05, 2.0160e-04, 8.2314e-05, 1.2428e-04, 7.1379e-05,
        8.6523e-05, 1.3710e-05, 8.4106e-05, 2.2669e-04, 8.2389e-05, 2.8727e-05,
        3.1082e-04, 2.9798e-05, 8.1955e-05, 1.3276e-05, 6.5607e-05, 9.0105e-05,
        6.1025e-05, 3.5721e-05, 1.7432e-04, 2.3864e-05, 9.6701e-05, 7.2746e-05,
        3.0138e-05, 6.7439e-05, 5.0123e-06, 1.3099e-04, 4.4965e-05, 9.3137e-05,
        7.7826e-05, 2.5772e-05, 1.3092e-05, 2.8878e-05, 5.5851e-05, 1.5189e-05,
        6.6501e-05, 1.0993e-05, 4.8297e-05, 4.2461e-05, 3.1737e-05, 1.0378e-04,
        1.0258e-05, 4.3147e-05, 8.2820e-05, 2.5458e-06, 1.1411e-05, 5.1700e-05,
        9.3969e-06, 1.5024e-04, 8.9352e-05, 7.4347e-05, 2.8712e-05, 1.1158e-04,
        2.7035e-05, 6.4495e-05, 1.5395e-05, 9.4649e-05, 4.3536e-05, 8.2262e-05,
        1.1193e-04, 7.2360e-05, 2.4969e-05, 9.1147e-05, 1.1075e-04, 1.5491e-04,
        1.3608e-04, 1.6889e-04, 9.5181e-05, 8.6972e-05, 2.7891e-05, 4.5162e-06,
        2.4298e-05, 2.3941e-05, 1.3563e-04, 4.6333e-05, 4.1273e-05, 7.7691e-05,
        1.6419e-04, 6.4403e-05, 7.6592e-06, 1.1099e-04, 3.5063e-05, 1.2522e-04,
        8.1210e-05, 1.1299e-04, 3.0021e-05, 1.2096e-05, 1.3200e-04, 6.4239e-05,
        5.2224e-05, 7.7960e-05, 8.7388e-05, 7.3628e-05, 4.1724e-05, 7.3330e-05,
        5.7168e-05, 3.8665e-05, 1.4143e-06, 5.4472e-05, 5.6095e-05, 6.1202e-06,
        9.3400e-05, 4.0613e-05, 7.9207e-06, 5.5766e-05, 6.1075e-05, 7.6120e-05,
        3.8856e-05, 1.1857e-04, 2.2840e-05, 9.7425e-05, 6.6236e-06],
       grad_fn=<CatBackward>)

mean_overall=tensor(6.7400e-05, grad_fn=<MeanBackward0>)

-----------------------------------------------ITERATION270-----------------------------------------------

final_causality=[[1, 1, 1, 1, 1, 1, 1, 1, 1, 1, 1, 1, 1], [1, 1, 1, 1, 1, 1, 1, 1, 1, 1, 1, 1, 1, 1, 1, 1, 1, 1, 1, 1, 1, 1, 1, 1, 1, 1, 1, 1, 1, 1, 1, 1, 1, 1, 1, 1, 1, 1, 1, 1, 1, 1, 1, 1, 1, 1, 1, 1, 1, 1], [1, 1, 1, 1, 1, 1, 1, 1, 1, 1, 1, 1, 1, 1, 1, 1, 1, 1, 1, 1, 1, 1, 1, 1, 1, 1, 1, 1, 1, 1, 1, 1, 1, 1, 1, 1, 1, 1, 1, 1, 1, 1, 1, 1, 1, 1, 1, 1, 1, 1]]

means=tensor([2.0176e-05, 4.1209e-05, 2.0044e-04, 8.6864e-05, 1.2829e-04, 7.0877e-05,
        8.5031e-05, 1.5855e-05, 8.7073e-05, 2.2350e-04, 8.4948e-05, 2.7348e-05,
        3.1023e-04, 2.9688e-05, 8.3297e-05, 1.3117e-05, 6.5886e-05, 9.0596e-05,
        6.0580e-05, 3.5644e-05, 1.7416e-04, 2.3705e-05, 9.6924e-05, 7.2319e-05,
        2.9949e-05, 6.8270e-05, 4.9651e-06, 1.3113e-04, 4.5114e-05, 9.2478e-05,
        7.7785e-05, 2.5999e-05, 1.2863e-05, 2.9047e-05, 5.6103e-05, 1.5403e-05,
        6.6850e-05, 1.0850e-05, 4.8486e-05, 4.2902e-05, 3.1029e-05, 1.0330e-04,
        1.0294e-05, 4.3819e-05, 8.2154e-05, 2.5233e-06, 1.1349e-05, 5.1896e-05,
        9.5693e-06, 1.5016e-04, 8.9246e-05, 7.4459e-05, 2.8751e-05, 1.1135e-04,
        2.7358e-05, 6.4847e-05, 1.5480e-05, 9.4569e-05, 4.3366e-05, 8.2339e-05,
        1.1174e-04, 7.2240e-05, 2.4842e-05, 9.1173e-05, 1.1075e-04, 1.5491e-04,
        1.3530e-04, 1.6879e-04, 9.5446e-05, 8.7636e-05, 2.7897e-05, 4.5155e-06,
        2.4312e-05, 2.3932e-05, 1.3577e-04, 4.6202e-05, 4.1333e-05, 7.7831e-05,
        1.6475e-04, 6.5047e-05, 7.6540e-06, 1.1112e-04, 3.5146e-05, 1.2527e-04,
        8.1130e-05, 1.1250e-04, 3.0190e-05, 1.2096e-05, 1.3199e-04, 6.4263e-05,
        5.2270e-05, 7.7933e-05, 8.7434e-05, 7.3619e-05, 4.1793e-05, 7.3342e-05,
        5.7644e-05, 3.8782e-05, 1.4185e-06, 5.4507e-05, 5.6087e-05, 6.1305e-06,
        9.3024e-05, 4.0704e-05, 7.9293e-06, 5.5787e-05, 6.1233e-05, 7.5766e-05,
        3.9053e-05, 1.1841e-04, 2.2855e-05, 9.7797e-05, 6.6106e-06],
       grad_fn=<CatBackward>)

mean_overall=tensor(6.7520e-05, grad_fn=<MeanBackward0>)

-----------------------------------------------ITERATION280-----------------------------------------------

final_causality=[[1, 1, 1, 1, 1, 1, 1, 1, 1, 1, 1, 1, 1], [1, 1, 1, 1, 1, 1, 1, 1, 1, 1, 1, 1, 1, 1, 1, 1, 1, 1, 1, 1, 1, 1, 1, 1, 1, 1, 1, 1, 1, 1, 1, 1, 1, 1, 1, 1, 1, 1, 1, 1, 1, 1, 1, 1, 1, 1, 1, 1, 1, 1], [1, 1, 1, 1, 1, 1, 1, 1, 1, 1, 1, 1, 1, 1, 1, 1, 1, 1, 1, 1, 1, 1, 1, 1, 1, 1, 1, 1, 1, 1, 1, 1, 1, 1, 1, 1, 1, 1, 1, 1, 1, 1, 1, 1, 1, 1, 1, 1, 1, 1]]

means=tensor([2.0347e-05, 4.3020e-05, 1.9928e-04, 9.1327e-05, 1.3236e-04, 7.0366e-05,
        8.3518e-05, 1.8016e-05, 9.0064e-05, 2.2027e-04, 8.7540e-05, 2.5947e-05,
        3.0964e-04, 2.9579e-05, 8.4661e-05, 1.2960e-05, 6.6170e-05, 9.1090e-05,
        6.0130e-05, 3.5569e-05, 1.7400e-04, 2.3546e-05, 9.7332e-05, 7.1894e-05,
        2.9763e-05, 6.9115e-05, 4.9165e-06, 1.3126e-04, 4.5262e-05, 9.1816e-05,
        7.7745e-05, 2.6227e-05, 1.2637e-05, 2.9216e-05, 5.6358e-05, 1.5620e-05,
        6.7199e-05, 1.0708e-05, 4.8676e-05, 4.3353e-05, 3.0320e-05, 1.0280e-04,
        1.0331e-05, 4.4502e-05, 8.1492e-05, 2.5017e-06, 1.1288e-05, 5.2098e-05,
        9.7441e-06, 1.5007e-04, 8.9142e-05, 7.4575e-05, 2.8793e-05, 1.1113e-04,
        2.7684e-05, 6.5201e-05, 1.5565e-05, 9.4491e-05, 4.3199e-05, 8.2418e-05,
        1.1154e-04, 7.2123e-05, 2.4717e-05, 9.1199e-05, 1.1074e-04, 1.5491e-04,
        1.3453e-04, 1.6869e-04, 9.5709e-05, 8.8292e-05, 2.7903e-05, 4.5146e-06,
        2.4327e-05, 2.3923e-05, 1.3591e-04, 4.6072e-05, 4.1394e-05, 7.7971e-05,
        1.6532e-04, 6.5689e-05, 7.6488e-06, 1.1126e-04, 3.5230e-05, 1.2531e-04,
        8.1050e-05, 1.1201e-04, 3.0361e-05, 1.2095e-05, 1.3199e-04, 6.4286e-05,
        5.2317e-05, 7.7897e-05, 8.7480e-05, 7.3610e-05, 4.1862e-05, 7.3354e-05,
        5.8118e-05, 3.8898e-05, 1.4227e-06, 5.4542e-05, 5.6079e-05, 6.1407e-06,
        9.2646e-05, 4.0793e-05, 7.9382e-06, 5.5811e-05, 6.1394e-05, 7.5417e-05,
        3.9250e-05, 1.1826e-04, 2.2871e-05, 9.8170e-05, 6.5974e-06],
       grad_fn=<CatBackward>)

mean_overall=tensor(6.7641e-05, grad_fn=<MeanBackward0>)

-----------------------------------------------ITERATION290-----------------------------------------------

final_causality=[[1, 1, 1, 1, 1, 1, 1, 1, 1, 1, 1, 1, 1], [1, 1, 1, 1, 1, 1, 1, 1, 1, 1, 1, 1, 1, 1, 1, 1, 1, 1, 1, 1, 1, 1, 1, 1, 1, 1, 1, 1, 1, 1, 1, 1, 1, 1, 1, 1, 1, 1, 1, 1, 1, 1, 1, 1, 1, 1, 1, 1, 1, 1], [1, 1, 1, 1, 1, 1, 1, 1, 1, 1, 1, 1, 1, 1, 1, 1, 1, 1, 1, 1, 1, 1, 1, 1, 1, 1, 1, 1, 1, 1, 1, 1, 1, 1, 1, 1, 1, 1, 1, 1, 1, 1, 1, 1, 1, 1, 1, 1, 1, 1]]

means=tensor([2.0528e-05, 4.4835e-05, 1.9812e-04, 9.5696e-05, 1.3648e-04, 6.9846e-05,
        8.1982e-05, 2.0194e-05, 9.3075e-05, 2.1699e-04, 9.0161e-05, 2.4523e-05,
        3.0905e-04, 2.9470e-05, 8.6044e-05, 1.2804e-05, 6.6460e-05, 9.1587e-05,
        5.9675e-05, 3.5497e-05, 1.7383e-04, 2.3390e-05, 9.7748e-05, 7.1472e-05,
        2.9578e-05, 6.9973e-05, 4.8666e-06, 1.3140e-04, 4.5411e-05, 9.1151e-05,
        7.7707e-05, 2.6455e-05, 1.2412e-05, 2.9386e-05, 5.6613e-05, 1.5841e-05,
        6.7548e-05, 1.0569e-05, 4.8869e-05, 4.3811e-05, 2.9610e-05, 1.0230e-04,
        1.0367e-05, 4.5195e-05, 8.0836e-05, 2.4813e-06, 1.1227e-05, 5.2304e-05,
        9.9214e-06, 1.4997e-04, 8.9039e-05, 7.4695e-05, 2.8837e-05, 1.1090e-04,
        2.8013e-05, 6.5556e-05, 1.5649e-05, 9.4415e-05, 4.3036e-05, 8.2498e-05,
        1.1133e-04, 7.2007e-05, 2.4594e-05, 9.1225e-05, 1.1074e-04, 1.5490e-04,
        1.3376e-04, 1.6859e-04, 9.5971e-05, 8.8938e-05, 2.7909e-05, 4.5137e-06,
        2.4342e-05, 2.3914e-05, 1.3606e-04, 4.5942e-05, 4.1456e-05, 7.8108e-05,
        1.6589e-04, 6.6329e-05, 7.6438e-06, 1.1140e-04, 3.5314e-05, 1.2536e-04,
        8.0969e-05, 1.1153e-04, 3.0534e-05, 1.2094e-05, 1.3198e-04, 6.4309e-05,
        5.2363e-05, 7.7853e-05, 8.7527e-05, 7.3601e-05, 4.1932e-05, 7.3367e-05,
        5.8588e-05, 3.9015e-05, 1.4268e-06, 5.4577e-05, 5.6073e-05, 6.1508e-06,
        9.2265e-05, 4.0879e-05, 7.9474e-06, 5.5837e-05, 6.1558e-05, 7.5075e-05,
        3.9447e-05, 1.1810e-04, 2.2887e-05, 9.8544e-05, 6.5842e-06],
       grad_fn=<CatBackward>)

mean_overall=tensor(6.7762e-05, grad_fn=<MeanBackward0>)

-----------------------------------------------ITERATION300-----------------------------------------------

final_causality=[[1, 1, 1, 1, 1, 1, 1, 1, 1, 1, 1, 1, 1], [1, 1, 1, 1, 1, 1, 1, 1, 1, 1, 1, 1, 1, 1, 1, 1, 1, 1, 1, 1, 1, 1, 1, 1, 1, 1, 1, 1, 1, 1, 1, 1, 1, 1, 1, 1, 1, 1, 1, 1, 1, 1, 1, 1, 1, 1, 1, 1, 1, 1], [1, 1, 1, 1, 1, 1, 1, 1, 1, 1, 1, 1, 1, 1, 1, 1, 1, 1, 1, 1, 1, 1, 1, 1, 1, 1, 1, 1, 1, 1, 1, 1, 1, 1, 1, 1, 1, 1, 1, 1, 1, 1, 1, 1, 1, 1, 1, 1, 1, 1]]

means=tensor([2.0720e-05, 4.6655e-05, 1.9696e-04, 9.9964e-05, 1.4063e-04, 6.9317e-05,
        8.0427e-05, 2.2387e-05, 9.6105e-05, 2.1367e-04, 9.2812e-05, 2.3077e-05,
        3.0846e-04, 2.9361e-05, 8.7447e-05, 1.2648e-05, 6.6754e-05, 9.2086e-05,
        5.9215e-05, 3.5429e-05, 1.7367e-04, 2.3234e-05, 9.8171e-05, 7.1051e-05,
        2.9396e-05, 7.0844e-05, 4.8155e-06, 1.3154e-04, 4.5558e-05, 9.0485e-05,
        7.7671e-05, 2.6684e-05, 1.2190e-05, 2.9557e-05, 5.6870e-05, 1.6064e-05,
        6.7898e-05, 1.0431e-05, 4.9064e-05, 4.4278e-05, 2.8900e-05, 1.0179e-04,
        1.0404e-05, 4.5898e-05, 8.0186e-05, 2.4619e-06, 1.1167e-05, 5.2516e-05,
        1.0101e-05, 1.4987e-04, 8.8938e-05, 7.4819e-05, 2.8884e-05, 1.1068e-04,
        2.8345e-05, 6.5911e-05, 1.5732e-05, 9.4340e-05, 4.2877e-05, 8.2579e-05,
        1.1112e-04, 7.1893e-05, 2.4473e-05, 9.1252e-05, 1.1073e-04, 1.5490e-04,
        1.3300e-04, 1.6850e-04, 9.6232e-05, 8.9574e-05, 2.7915e-05, 4.5127e-06,
        2.4357e-05, 2.3905e-05, 1.3620e-04, 4.5814e-05, 4.1518e-05, 7.8244e-05,
        1.6646e-04, 6.6967e-05, 7.6388e-06, 1.1155e-04, 3.5399e-05, 1.2540e-04,
        8.0887e-05, 1.1105e-04, 3.0710e-05, 1.2094e-05, 1.3197e-04, 6.4331e-05,
        5.2408e-05, 7.7798e-05, 8.7574e-05, 7.3592e-05, 4.2002e-05, 7.3380e-05,
        5.9056e-05, 3.9132e-05, 1.4309e-06, 5.4612e-05, 5.6066e-05, 6.1607e-06,
        9.1883e-05, 4.0964e-05, 7.9569e-06, 5.5867e-05, 6.1725e-05, 7.4739e-05,
        3.9645e-05, 1.1794e-04, 2.2902e-05, 9.8918e-05, 6.5708e-06],
       grad_fn=<CatBackward>)

mean_overall=tensor(6.7884e-05, grad_fn=<MeanBackward0>)

-----------------------------------------------ITERATION310-----------------------------------------------

final_causality=[[1, 1, 1, 1, 1, 1, 1, 1, 1, 1, 1, 1, 1], [1, 1, 1, 1, 1, 1, 1, 1, 1, 1, 1, 1, 1, 1, 1, 1, 1, 1, 1, 1, 1, 1, 1, 1, 1, 1, 1, 1, 1, 1, 1, 1, 1, 1, 1, 1, 1, 1, 1, 1, 1, 1, 1, 1, 1, 1, 1, 1, 1, 1], [1, 1, 1, 1, 1, 1, 1, 1, 1, 1, 1, 1, 1, 1, 1, 1, 1, 1, 1, 1, 1, 1, 1, 1, 1, 1, 1, 1, 1, 1, 1, 1, 1, 1, 1, 1, 1, 1, 1, 1, 1, 1, 1, 1, 1, 1, 1, 1, 1, 1]]

means=tensor([2.0923e-05, 4.8477e-05, 1.9582e-04, 1.0412e-04, 1.4483e-04, 6.8780e-05,
        7.8851e-05, 2.4592e-05, 9.9149e-05, 2.1032e-04, 9.5490e-05, 2.1609e-05,
        3.0787e-04, 2.9253e-05, 8.8868e-05, 1.2494e-05, 6.7053e-05, 9.2588e-05,
        5.8752e-05, 3.5363e-05, 1.7351e-04, 2.3080e-05, 9.8602e-05, 7.0634e-05,
        2.9216e-05, 7.1726e-05, 4.7630e-06, 1.3169e-04, 4.5704e-05, 8.9817e-05,
        7.7637e-05, 2.6913e-05, 1.1971e-05, 2.9727e-05, 5.7129e-05, 1.6290e-05,
        6.8247e-05, 1.0297e-05, 4.9261e-05, 4.4753e-05, 2.8189e-05, 1.0127e-04,
        1.0441e-05, 4.6611e-05, 7.9542e-05, 2.4437e-06, 1.1108e-05, 5.2732e-05,
        1.0283e-05, 1.4975e-04, 8.8838e-05, 7.4947e-05, 2.8933e-05, 1.1045e-04,
        2.8679e-05, 6.6266e-05, 1.5815e-05, 9.4266e-05, 4.2722e-05, 8.2661e-05,
        1.1089e-04, 7.1782e-05, 2.4355e-05, 9.1278e-05, 1.1072e-04, 1.5489e-04,
        1.3225e-04, 1.6840e-04, 9.6491e-05, 9.0198e-05, 2.7921e-05, 4.5115e-06,
        2.4372e-05, 2.3896e-05, 1.3635e-04, 4.5686e-05, 4.1581e-05, 7.8377e-05,
        1.6703e-04, 6.7602e-05, 7.6339e-06, 1.1169e-04, 3.5485e-05, 1.2545e-04,
        8.0805e-05, 1.1058e-04, 3.0886e-05, 1.2093e-05, 1.3197e-04, 6.4352e-05,
        5.2453e-05, 7.7735e-05, 8.7621e-05, 7.3582e-05, 4.2072e-05, 7.3392e-05,
        5.9520e-05, 3.9249e-05, 1.4349e-06, 5.4647e-05, 5.6061e-05, 6.1704e-06,
        9.1499e-05, 4.1045e-05, 7.9667e-06, 5.5898e-05, 6.1894e-05, 7.4411e-05,
        3.9841e-05, 1.1777e-04, 2.2918e-05, 9.9291e-05, 6.5574e-06],
       grad_fn=<CatBackward>)

mean_overall=tensor(6.8006e-05, grad_fn=<MeanBackward0>)

-----------------------------------------------ITERATION320-----------------------------------------------

final_causality=[[1, 1, 1, 1, 1, 1, 1, 1, 1, 1, 1, 1, 1], [1, 1, 1, 1, 1, 1, 1, 1, 1, 1, 1, 1, 1, 1, 1, 1, 1, 1, 1, 1, 1, 1, 1, 1, 1, 1, 1, 1, 1, 1, 1, 1, 1, 1, 1, 1, 1, 1, 1, 1, 1, 1, 1, 1, 1, 1, 1, 1, 1, 1], [1, 1, 1, 1, 1, 1, 1, 1, 1, 1, 1, 1, 1, 1, 1, 1, 1, 1, 1, 1, 1, 1, 1, 1, 1, 1, 1, 1, 1, 1, 1, 1, 1, 1, 1, 1, 1, 1, 1, 1, 1, 1, 1, 1, 1, 1, 1, 1, 1, 1]]

means=tensor([2.1138e-05, 5.0299e-05, 1.9467e-04, 1.0817e-04, 1.4908e-04, 6.8233e-05,
        7.7255e-05, 2.6810e-05, 1.0221e-04, 2.0693e-04, 9.8194e-05, 2.0120e-05,
        3.0729e-04, 2.9146e-05, 9.0305e-05, 1.2340e-05, 6.7357e-05, 9.3091e-05,
        5.8284e-05, 3.5300e-05, 1.7334e-04, 2.2928e-05, 9.9039e-05, 7.0220e-05,
        2.9039e-05, 7.2620e-05, 4.7092e-06, 1.3184e-04, 4.5849e-05, 8.9148e-05,
        7.7605e-05, 2.7142e-05, 1.1755e-05, 2.9897e-05, 5.7388e-05, 1.6519e-05,
        6.8596e-05, 1.0164e-05, 4.9460e-05, 4.5236e-05, 2.7478e-05, 1.0074e-04,
        1.0477e-05, 4.7332e-05, 7.8906e-05, 2.4267e-06, 1.1049e-05, 5.2954e-05,
        1.0466e-05, 1.4962e-04, 8.8739e-05, 7.5078e-05, 2.8985e-05, 1.1022e-04,
        2.9014e-05, 6.6621e-05, 1.5897e-05, 9.4194e-05, 4.2572e-05, 8.2743e-05,
        1.1071e-04, 7.1673e-05, 2.4238e-05, 9.1304e-05, 1.1072e-04, 1.5489e-04,
        1.3150e-04, 1.6831e-04, 9.6748e-05, 9.0811e-05, 2.7927e-05, 4.5103e-06,
        2.4387e-05, 2.3886e-05, 1.3649e-04, 4.5559e-05, 4.1645e-05, 7.8509e-05,
        1.6760e-04, 6.8232e-05, 7.6291e-06, 1.1184e-04, 3.5571e-05, 1.2549e-04,
        8.0723e-05, 1.1011e-04, 3.1065e-05, 1.2092e-05, 1.3196e-04, 6.4372e-05,
        5.2497e-05, 7.7661e-05, 8.7668e-05, 7.3571e-05, 4.2143e-05, 7.3405e-05,
        6.0004e-05, 3.9366e-05, 1.4389e-06, 5.4682e-05, 5.6056e-05, 6.1799e-06,
        9.1113e-05, 4.1124e-05, 7.9768e-06, 5.5933e-05, 6.2067e-05, 7.4090e-05,
        4.0037e-05, 1.1761e-04, 2.2933e-05, 9.9664e-05, 6.5439e-06],
       grad_fn=<CatBackward>)

mean_overall=tensor(6.8128e-05, grad_fn=<MeanBackward0>)

-----------------------------------------------ITERATION330-----------------------------------------------

final_causality=[[1, 1, 1, 1, 1, 1, 1, 1, 1, 1, 1, 1, 1], [1, 1, 1, 1, 1, 1, 1, 1, 1, 1, 1, 1, 1, 1, 1, 1, 1, 1, 1, 1, 1, 1, 1, 1, 1, 1, 1, 1, 1, 1, 1, 1, 1, 1, 1, 1, 1, 1, 1, 1, 1, 1, 1, 1, 1, 1, 1, 1, 1, 1], [1, 1, 1, 1, 1, 1, 1, 1, 1, 1, 1, 1, 1, 1, 1, 1, 1, 1, 1, 1, 1, 1, 1, 1, 1, 1, 1, 1, 1, 1, 1, 1, 1, 1, 1, 1, 1, 1, 1, 1, 1, 1, 1, 1, 1, 1, 1, 1, 1, 1]]

means=tensor([2.1366e-05, 5.2122e-05, 1.9354e-04, 1.1210e-04, 1.5336e-04, 6.7678e-05,
        7.5641e-05, 2.9038e-05, 1.0527e-04, 2.0350e-04, 1.0092e-04, 1.8609e-05,
        3.0672e-04, 2.9040e-05, 9.1759e-05, 1.2188e-05, 6.7665e-05, 9.3595e-05,
        5.7813e-05, 3.5241e-05, 1.7318e-04, 2.2777e-05, 9.9484e-05, 6.9809e-05,
        2.8864e-05, 7.3524e-05, 4.6541e-06, 1.3199e-04, 4.5993e-05, 8.8479e-05,
        7.7575e-05, 2.7371e-05, 1.1541e-05, 3.0067e-05, 5.7648e-05, 1.6751e-05,
        6.8943e-05, 1.0034e-05, 4.9661e-05, 4.5726e-05, 2.6767e-05, 1.0021e-04,
        1.0513e-05, 4.8062e-05, 7.8278e-05, 2.4109e-06, 1.0992e-05, 5.3180e-05,
        1.0652e-05, 1.4949e-04, 8.8642e-05, 7.5214e-05, 2.9039e-05, 1.0999e-04,
        2.9351e-05, 6.6975e-05, 1.5978e-05, 9.4123e-05, 4.2426e-05, 8.2827e-05,
        1.1061e-04, 7.1566e-05, 2.4125e-05, 9.1331e-05, 1.1071e-04, 1.5488e-04,
        1.3076e-04, 1.6822e-04, 9.7002e-05, 9.1410e-05, 2.7934e-05, 4.5090e-06,
        2.4403e-05, 2.3877e-05, 1.3664e-04, 4.5433e-05, 4.1709e-05, 7.8639e-05,
        1.6817e-04, 6.8859e-05, 7.6244e-06, 1.1199e-04, 3.5658e-05, 1.2554e-04,
        8.0640e-05, 1.0964e-04, 3.1245e-05, 1.2091e-05, 1.3195e-04, 6.4392e-05,
        5.2540e-05, 7.7578e-05, 8.7715e-05, 7.3561e-05, 4.2213e-05, 7.3418e-05,
        6.0494e-05, 3.9483e-05, 1.4427e-06, 5.4717e-05, 5.6052e-05, 6.1896e-06,
        9.0726e-05, 4.1201e-05, 7.9871e-06, 5.5970e-05, 6.2242e-05, 7.3776e-05,
        4.0233e-05, 1.1744e-04, 2.2948e-05, 1.0003e-04, 6.5303e-06],
       grad_fn=<CatBackward>)

mean_overall=tensor(6.8251e-05, grad_fn=<MeanBackward0>)

-----------------------------------------------ITERATION340-----------------------------------------------

final_causality=[[1, 1, 1, 1, 1, 1, 1, 1, 1, 1, 1, 1, 1], [1, 1, 1, 1, 1, 1, 1, 1, 1, 1, 1, 1, 1, 1, 1, 1, 1, 1, 1, 1, 1, 1, 1, 1, 1, 1, 1, 1, 1, 1, 1, 1, 1, 1, 1, 1, 1, 1, 1, 1, 1, 1, 1, 1, 1, 1, 1, 1, 1, 1], [1, 1, 1, 1, 1, 1, 1, 1, 1, 1, 1, 1, 1, 1, 1, 1, 1, 1, 1, 1, 1, 1, 1, 1, 1, 1, 1, 1, 1, 1, 1, 1, 1, 1, 1, 1, 1, 1, 1, 1, 1, 1, 1, 1, 1, 1, 1, 1, 1, 1]]

means=tensor([2.1605e-05, 5.3942e-05, 1.9241e-04, 1.1590e-04, 1.5767e-04, 6.7114e-05,
        7.4008e-05, 3.1276e-05, 1.0835e-04, 2.0005e-04, 1.0367e-04, 1.7077e-05,
        3.0614e-04, 2.8934e-05, 9.3228e-05, 1.2038e-05, 6.7978e-05, 9.4101e-05,
        5.7340e-05, 3.5185e-05, 1.7301e-04, 2.2628e-05, 9.9936e-05, 6.9402e-05,
        2.8692e-05, 7.4439e-05, 4.5977e-06, 1.3215e-04, 4.6136e-05, 8.7809e-05,
        7.7547e-05, 2.7598e-05, 1.1331e-05, 3.0236e-05, 5.7909e-05, 1.6985e-05,
        6.9290e-05, 9.9065e-06, 4.9863e-05, 4.6224e-05, 2.6056e-05, 9.9675e-05,
        1.0550e-05, 4.8800e-05, 7.7657e-05, 2.3963e-06, 1.0936e-05, 5.3412e-05,
        1.0840e-05, 1.4935e-04, 8.8548e-05, 7.5354e-05, 2.9096e-05, 1.0976e-04,
        2.9688e-05, 6.7329e-05, 1.6057e-05, 9.4054e-05, 4.2284e-05, 8.2912e-05,
        1.1051e-04, 7.1462e-05, 2.4013e-05, 9.1357e-05, 1.1071e-04, 1.5487e-04,
        1.3003e-04, 1.6812e-04, 9.7255e-05, 9.1997e-05, 2.7940e-05, 4.5076e-06,
        2.4418e-05, 2.3867e-05, 1.3678e-04, 4.5308e-05, 4.1773e-05, 7.8766e-05,
        1.6874e-04, 6.9481e-05, 7.6198e-06, 1.1215e-04, 3.5745e-05, 1.2558e-04,
        8.0557e-05, 1.0918e-04, 3.1426e-05, 1.2091e-05, 1.3194e-04, 6.4410e-05,
        5.2582e-05, 7.7485e-05, 8.7763e-05, 7.3550e-05, 4.2284e-05, 7.3431e-05,
        6.0979e-05, 3.9599e-05, 1.4465e-06, 5.4751e-05, 5.6049e-05, 6.1996e-06,
        9.0338e-05, 4.1274e-05, 7.9978e-06, 5.6009e-05, 6.2419e-05, 7.3471e-05,
        4.0427e-05, 1.1727e-04, 2.2963e-05, 1.0040e-04, 6.5166e-06],
       grad_fn=<CatBackward>)

mean_overall=tensor(6.8374e-05, grad_fn=<MeanBackward0>)

-----------------------------------------------ITERATION350-----------------------------------------------

final_causality=[[1, 1, 1, 1, 1, 1, 1, 1, 1, 1, 1, 1, 1], [1, 1, 1, 1, 1, 1, 1, 1, 1, 1, 1, 1, 1, 1, 1, 1, 1, 1, 1, 1, 1, 1, 1, 1, 1, 1, 1, 1, 1, 1, 1, 1, 1, 1, 1, 1, 1, 1, 1, 1, 1, 1, 1, 1, 1, 1, 1, 1, 1, 1], [1, 1, 1, 1, 1, 1, 1, 1, 1, 1, 1, 1, 1, 1, 1, 1, 1, 1, 1, 1, 1, 1, 1, 1, 1, 1, 1, 1, 1, 1, 1, 1, 1, 1, 1, 1, 1, 1, 1, 1, 1, 1, 1, 1, 1, 1, 1, 1, 1, 1]]

means=tensor([2.1858e-05, 5.5760e-05, 1.9129e-04, 1.1957e-04, 1.6202e-04, 6.6542e-05,
        7.2357e-05, 3.3522e-05, 1.1143e-04, 1.9655e-04, 1.0645e-04, 1.5523e-05,
        3.0558e-04, 2.8830e-05, 9.4710e-05, 1.1888e-05, 6.8294e-05, 9.4608e-05,
        5.6863e-05, 3.5133e-05, 1.7284e-04, 2.2481e-05, 1.0039e-04, 6.8998e-05,
        2.8524e-05, 7.5364e-05, 4.5399e-06, 1.3230e-04, 4.6277e-05, 8.7139e-05,
        7.7522e-05, 2.7825e-05, 1.1123e-05, 3.0404e-05, 5.8170e-05, 1.7222e-05,
        6.9634e-05, 9.7816e-06, 5.0066e-05, 4.6729e-05, 2.5346e-05, 9.9132e-05,
        1.0585e-05, 4.9546e-05, 7.7045e-05, 2.3830e-06, 1.0880e-05, 5.3648e-05,
        1.1029e-05, 1.4919e-04, 8.8455e-05, 7.5498e-05, 2.9155e-05, 1.0952e-04,
        3.0027e-05, 6.7680e-05, 1.6136e-05, 9.3986e-05, 4.2148e-05, 8.3054e-05,
        1.1041e-04, 7.1360e-05, 2.3905e-05, 9.1384e-05, 1.1070e-04, 1.5486e-04,
        1.2931e-04, 1.6804e-04, 9.7504e-05, 9.2712e-05, 2.7947e-05, 4.5061e-06,
        2.4433e-05, 2.3857e-05, 1.3693e-04, 4.5184e-05, 4.1838e-05, 7.8890e-05,
        1.6931e-04, 7.0097e-05, 7.6152e-06, 1.1230e-04, 3.5832e-05, 1.2562e-04,
        8.0473e-05, 1.0872e-04, 3.1608e-05, 1.2090e-05, 1.3193e-04, 6.4428e-05,
        5.2623e-05, 7.7382e-05, 8.7811e-05, 7.3538e-05, 4.2355e-05, 7.3443e-05,
        6.1459e-05, 3.9716e-05, 1.4502e-06, 5.4785e-05, 5.6046e-05, 6.2095e-06,
        8.9950e-05, 4.1345e-05, 8.0088e-06, 5.6051e-05, 6.2599e-05, 7.3175e-05,
        4.0621e-05, 1.1710e-04, 2.2978e-05, 1.0077e-04, 6.5029e-06],
       grad_fn=<CatBackward>)

mean_overall=tensor(6.8498e-05, grad_fn=<MeanBackward0>)

-----------------------------------------------ITERATION360-----------------------------------------------

final_causality=[[1, 1, 1, 1, 1, 1, 1, 1, 1, 1, 1, 1, 1], [1, 1, 1, 1, 1, 1, 1, 1, 1, 1, 1, 1, 1, 1, 1, 1, 1, 1, 1, 1, 1, 1, 1, 1, 1, 1, 1, 1, 1, 1, 1, 1, 1, 1, 1, 1, 1, 1, 1, 1, 1, 1, 1, 1, 1, 1, 1, 1, 1, 1], [1, 1, 1, 1, 1, 1, 1, 1, 1, 1, 1, 1, 1, 1, 1, 1, 1, 1, 1, 1, 1, 1, 1, 1, 1, 1, 1, 1, 1, 1, 1, 1, 1, 1, 1, 1, 1, 1, 1, 1, 1, 1, 1, 1, 1, 1, 1, 1, 1, 1]]

means=tensor([2.2123e-05, 5.7573e-05, 1.9019e-04, 1.2311e-04, 1.6641e-04, 6.5962e-05,
        7.0689e-05, 3.5776e-05, 1.1452e-04, 1.9303e-04, 1.0924e-04, 1.3949e-05,
        3.0501e-04, 2.8726e-05, 9.6205e-05, 1.1740e-05, 6.8615e-05, 9.5114e-05,
        5.6385e-05, 3.5085e-05, 1.7267e-04, 2.2336e-05, 1.0086e-04, 6.8599e-05,
        2.8358e-05, 7.6297e-05, 4.4809e-06, 1.3247e-04, 4.6416e-05, 8.6470e-05,
        7.7499e-05, 2.8051e-05, 1.0919e-05, 3.0572e-05, 5.8431e-05, 1.7460e-05,
        6.9977e-05, 9.6594e-06, 5.0271e-05, 4.7241e-05, 2.4636e-05, 9.8583e-05,
        1.0621e-05, 5.0299e-05, 7.6443e-05, 2.3709e-06, 1.0825e-05, 5.3890e-05,
        1.1220e-05, 1.4903e-04, 8.8364e-05, 7.5646e-05, 2.9216e-05, 1.0929e-04,
        3.0365e-05, 6.8030e-05, 1.6213e-05, 9.3919e-05, 4.2017e-05, 8.3235e-05,
        1.1029e-04, 7.1262e-05, 2.3800e-05, 9.1411e-05, 1.1069e-04, 1.5486e-04,
        1.2859e-04, 1.6795e-04, 9.7751e-05, 9.3982e-05, 2.7953e-05, 4.5045e-06,
        2.4449e-05, 2.3847e-05, 1.3708e-04, 4.5062e-05, 4.1904e-05, 7.9012e-05,
        1.6988e-04, 7.0708e-05, 7.6107e-06, 1.1246e-04, 3.5919e-05, 1.2566e-04,
        8.0389e-05, 1.0827e-04, 3.1848e-05, 1.2089e-05, 1.3192e-04, 6.4446e-05,
        5.2663e-05, 7.7268e-05, 8.7859e-05, 7.3527e-05, 4.2426e-05, 7.3456e-05,
        6.1934e-05, 3.9831e-05, 1.4538e-06, 5.4819e-05, 5.6044e-05, 6.2191e-06,
        8.9561e-05, 4.1412e-05, 8.0201e-06, 5.6096e-05, 6.2782e-05, 7.2887e-05,
        4.0813e-05, 1.1693e-04, 2.2992e-05, 1.0114e-04, 6.4891e-06],
       grad_fn=<CatBackward>)

mean_overall=tensor(6.8628e-05, grad_fn=<MeanBackward0>)

-----------------------------------------------ITERATION370-----------------------------------------------

final_causality=[[1, 1, 1, 1, 1, 1, 1, 1, 1, 1, 1, 1, 1], [1, 1, 1, 1, 1, 1, 1, 1, 1, 1, 1, 1, 1, 1, 1, 1, 1, 1, 1, 1, 1, 1, 1, 1, 1, 1, 1, 1, 1, 1, 1, 1, 1, 1, 1, 1, 1, 1, 1, 1, 1, 1, 1, 1, 1, 1, 1, 1, 1, 1], [1, 1, 1, 1, 1, 1, 1, 1, 1, 1, 1, 1, 1, 1, 1, 1, 1, 1, 1, 1, 1, 1, 1, 1, 1, 1, 1, 1, 1, 1, 1, 1, 1, 1, 1, 1, 1, 1, 1, 1, 1, 1, 1, 1, 1, 1, 1, 1, 1, 1]]

means=tensor([2.2403e-05, 5.9382e-05, 1.8909e-04, 1.2651e-04, 1.7083e-04, 6.5372e-05,
        6.9004e-05, 3.8035e-05, 1.1760e-04, 1.8947e-04, 1.1206e-04, 1.2354e-05,
        3.0446e-04, 2.8624e-05, 9.7712e-05, 1.1594e-05, 6.8940e-05, 9.5621e-05,
        5.5905e-05, 3.5040e-05, 1.7250e-04, 2.2193e-05, 1.0133e-04, 6.8205e-05,
        2.8195e-05, 7.7239e-05, 4.4205e-06, 1.3263e-04, 4.6554e-05, 8.5802e-05,
        7.7479e-05, 2.8275e-05, 1.0718e-05, 3.0738e-05, 5.8693e-05, 1.7701e-05,
        7.0317e-05, 9.5399e-06, 5.0477e-05, 4.7760e-05, 2.3926e-05, 9.8028e-05,
        1.0656e-05, 5.1059e-05, 7.5849e-05, 2.3601e-06, 1.0772e-05, 5.4136e-05,
        1.1413e-05, 1.4886e-04, 8.8276e-05, 7.5798e-05, 2.9280e-05, 1.0906e-04,
        3.0703e-05, 6.8378e-05, 1.6289e-05, 9.3854e-05, 4.1891e-05, 8.3415e-05,
        1.1017e-04, 7.1166e-05, 2.3697e-05, 9.1437e-05, 1.1069e-04, 1.5485e-04,
        1.2789e-04, 1.6786e-04, 9.7995e-05, 9.5240e-05, 2.7960e-05, 4.5028e-06,
        2.4464e-05, 2.3837e-05, 1.3722e-04, 4.4940e-05, 4.1970e-05, 7.9132e-05,
        1.7044e-04, 7.1313e-05, 7.6063e-06, 1.1262e-04, 3.6007e-05, 1.2570e-04,
        8.0305e-05, 1.0783e-04, 3.2085e-05, 1.2088e-05, 1.3190e-04, 6.4462e-05,
        5.2702e-05, 7.7145e-05, 8.7907e-05, 7.3515e-05, 4.2496e-05, 7.3469e-05,
        6.2403e-05, 3.9947e-05, 1.4574e-06, 5.4852e-05, 5.6042e-05, 6.2285e-06,
        8.9172e-05, 4.1477e-05, 8.0316e-06, 5.6143e-05, 6.2967e-05, 7.2609e-05,
        4.1004e-05, 1.1675e-04, 2.3005e-05, 1.0150e-04, 6.4753e-06],
       grad_fn=<CatBackward>)

mean_overall=tensor(6.8756e-05, grad_fn=<MeanBackward0>)

-----------------------------------------------ITERATION380-----------------------------------------------

final_causality=[[1, 1, 1, 1, 1, 1, 1, 1, 1, 1, 1, 1, 1], [1, 1, 1, 1, 1, 1, 1, 1, 1, 1, 1, 1, 1, 1, 1, 1, 1, 1, 1, 1, 1, 1, 1, 1, 1, 1, 1, 1, 1, 1, 1, 1, 1, 1, 1, 1, 1, 1, 1, 1, 1, 1, 1, 1, 1, 1, 1, 1, 1, 1], [1, 1, 1, 1, 1, 1, 1, 1, 1, 1, 1, 1, 1, 1, 1, 1, 1, 1, 1, 1, 1, 1, 1, 1, 1, 1, 1, 1, 1, 1, 1, 1, 1, 1, 1, 1, 1, 1, 1, 1, 1, 1, 1, 1, 1, 1, 1, 1, 1, 1]]

means=tensor([2.2696e-05, 6.1183e-05, 1.8801e-04, 1.2977e-04, 1.7528e-04, 6.4775e-05,
        6.7302e-05, 4.0300e-05, 1.2069e-04, 1.8589e-04, 1.1489e-04, 1.0738e-05,
        3.0391e-04, 2.8522e-05, 9.9229e-05, 1.1449e-05, 6.9268e-05, 9.6128e-05,
        5.5423e-05, 3.5000e-05, 1.7233e-04, 2.2051e-05, 1.0181e-04, 6.7815e-05,
        2.8036e-05, 7.8189e-05, 4.3587e-06, 1.3280e-04, 4.6690e-05, 8.5135e-05,
        7.7462e-05, 2.8497e-05, 1.0519e-05, 3.0903e-05, 5.8954e-05, 1.7945e-05,
        7.0655e-05, 9.4232e-06, 5.0683e-05, 4.8285e-05, 2.3216e-05, 9.7469e-05,
        1.0692e-05, 5.1824e-05, 7.5266e-05, 2.3506e-06, 1.0719e-05, 5.4388e-05,
        1.1607e-05, 1.4868e-04, 8.8190e-05, 7.5954e-05, 2.9346e-05, 1.0882e-04,
        3.1041e-05, 6.8724e-05, 1.6363e-05, 9.3791e-05, 4.1770e-05, 8.3593e-05,
        1.1004e-04, 7.1072e-05, 2.3597e-05, 9.1464e-05, 1.1068e-04, 1.5484e-04,
        1.2720e-04, 1.6778e-04, 9.8236e-05, 9.6485e-05, 2.7967e-05, 4.5010e-06,
        2.4480e-05, 2.3827e-05, 1.3737e-04, 4.4820e-05, 4.2036e-05, 7.9248e-05,
        1.7100e-04, 7.1911e-05, 7.6020e-06, 1.1279e-04, 3.6094e-05, 1.2574e-04,
        8.0220e-05, 1.0739e-04, 3.2318e-05, 1.2087e-05, 1.3189e-04, 6.4478e-05,
        5.2739e-05, 7.7010e-05, 8.7956e-05, 7.3502e-05, 4.2567e-05, 7.3481e-05,
        6.2866e-05, 4.0061e-05, 1.4608e-06, 5.4884e-05, 5.6041e-05, 6.2376e-06,
        8.8783e-05, 4.1538e-05, 8.0435e-06, 5.6192e-05, 6.3154e-05, 7.2595e-05,
        4.1193e-05, 1.1657e-04, 2.3019e-05, 1.0186e-04, 6.4614e-06],
       grad_fn=<CatBackward>)

mean_overall=tensor(6.8887e-05, grad_fn=<MeanBackward0>)

-----------------------------------------------ITERATION390-----------------------------------------------

final_causality=[[1, 1, 1, 1, 1, 1, 1, 1, 1, 1, 1, 1, 1], [1, 1, 1, 1, 1, 1, 1, 1, 1, 1, 1, 1, 1, 1, 1, 1, 1, 1, 1, 1, 1, 1, 1, 1, 1, 1, 1, 1, 1, 1, 1, 1, 1, 1, 1, 1, 1, 1, 1, 1, 1, 1, 1, 1, 1, 1, 1, 1, 1, 1], [1, 1, 1, 1, 1, 1, 1, 1, 1, 1, 1, 1, 1, 1, 1, 1, 1, 1, 1, 1, 1, 1, 1, 1, 1, 1, 1, 1, 1, 1, 1, 1, 1, 1, 1, 1, 1, 1, 1, 1, 1, 1, 1, 1, 1, 1, 1, 1, 1, 1]]

means=tensor([2.3004e-05, 6.2978e-05, 1.8695e-04, 1.3288e-04, 1.7977e-04, 6.4169e-05,
        6.5584e-05, 4.2570e-05, 1.2377e-04, 1.8228e-04, 1.1775e-04, 9.1011e-06,
        3.0336e-04, 2.8422e-05, 1.0076e-04, 1.1306e-05, 6.9600e-05, 9.6635e-05,
        5.4941e-05, 3.4963e-05, 1.7216e-04, 2.1912e-05, 1.0229e-04, 6.7430e-05,
        2.7881e-05, 7.9146e-05, 4.2957e-06, 1.3297e-04, 4.6823e-05, 8.4469e-05,
        7.7447e-05, 2.8718e-05, 1.0324e-05, 3.1067e-05, 5.9216e-05, 1.8190e-05,
        7.0990e-05, 9.3092e-06, 5.0891e-05, 4.8817e-05, 2.2507e-05, 9.6905e-05,
        1.0726e-05, 5.2596e-05, 7.4692e-05, 2.3424e-06, 1.0667e-05, 5.4644e-05,
        1.1803e-05, 1.4849e-04, 8.8106e-05, 7.6115e-05, 2.9415e-05, 1.0859e-04,
        3.1378e-05, 6.9067e-05, 1.6436e-05, 9.3729e-05, 4.1654e-05, 8.3769e-05,
        1.0990e-04, 7.0982e-05, 2.3500e-05, 9.1491e-05, 1.1068e-04, 1.5483e-04,
        1.2651e-04, 1.6769e-04, 9.8474e-05, 9.7717e-05, 2.7974e-05, 4.4991e-06,
        2.4495e-05, 2.3817e-05, 1.3752e-04, 4.4702e-05, 4.2102e-05, 7.9362e-05,
        1.7156e-04, 7.2502e-05, 7.5978e-06, 1.1295e-04, 3.6182e-05, 1.2578e-04,
        8.0135e-05, 1.0695e-04, 3.2547e-05, 1.2086e-05, 1.3187e-04, 6.4493e-05,
        5.2775e-05, 7.6866e-05, 8.8005e-05, 7.3490e-05, 4.2638e-05, 7.3493e-05,
        6.3323e-05, 4.0175e-05, 1.4641e-06, 5.4916e-05, 5.6040e-05, 6.2464e-06,
        8.8395e-05, 4.1596e-05, 8.0556e-06, 5.6244e-05, 6.3343e-05, 7.2877e-05,
        4.1380e-05, 1.1640e-04, 2.3032e-05, 1.0221e-04, 6.4475e-06],
       grad_fn=<CatBackward>)

mean_overall=tensor(6.9018e-05, grad_fn=<MeanBackward0>)

-----------------------------------------------ITERATION400-----------------------------------------------

final_causality=[[1, 1, 1, 1, 1, 1, 1, 1, 1, 1, 1, 1, 1], [1, 1, 1, 1, 1, 1, 1, 1, 1, 1, 1, 1, 1, 1, 1, 1, 1, 1, 1, 1, 1, 1, 1, 1, 1, 1, 1, 1, 1, 1, 1, 1, 1, 1, 1, 1, 1, 1, 1, 1, 1, 1, 1, 1, 1, 1, 1, 1, 1, 1], [1, 1, 1, 1, 1, 1, 1, 1, 1, 1, 1, 1, 1, 1, 1, 1, 1, 1, 1, 1, 1, 1, 1, 1, 1, 1, 1, 1, 1, 1, 1, 1, 1, 1, 1, 1, 1, 1, 1, 1, 1, 1, 1, 1, 1, 1, 1, 1, 1, 1]]

means=tensor([2.3326e-05, 6.4764e-05, 1.8589e-04, 1.3584e-04, 1.8428e-04, 6.3555e-05,
        6.3851e-05, 4.4842e-05, 1.2684e-04, 1.7863e-04, 1.2061e-04, 7.4435e-06,
        3.0283e-04, 2.8324e-05, 1.0229e-04, 1.1164e-05, 6.9935e-05, 9.7140e-05,
        5.4457e-05, 3.4930e-05, 1.7199e-04, 2.1775e-05, 1.0278e-04, 6.7050e-05,
        2.7728e-05, 8.0109e-05, 4.2312e-06, 1.3315e-04, 4.6955e-05, 8.3805e-05,
        7.7436e-05, 2.8936e-05, 1.0133e-05, 3.1229e-05, 5.9477e-05, 1.8436e-05,
        7.1321e-05, 9.1981e-06, 5.1099e-05, 4.9355e-05, 2.1799e-05, 9.6336e-05,
        1.0761e-05, 5.3373e-05, 7.4129e-05, 2.3355e-06, 1.0616e-05, 5.4906e-05,
        1.2000e-05, 1.4829e-04, 8.8025e-05, 7.6279e-05, 2.9485e-05, 1.0836e-04,
        3.1714e-05, 6.9406e-05, 1.6507e-05, 9.3668e-05, 4.1544e-05, 8.3943e-05,
        1.0976e-04, 7.0895e-05, 2.3407e-05, 9.1518e-05, 1.1067e-04, 1.5482e-04,
        1.2584e-04, 1.6761e-04, 9.8708e-05, 9.8934e-05, 2.7981e-05, 4.4971e-06,
        2.4511e-05, 2.3807e-05, 1.3767e-04, 4.4584e-05, 4.2169e-05, 7.9473e-05,
        1.7211e-04, 7.3086e-05, 7.5937e-06, 1.1312e-04, 3.6269e-05, 1.2582e-04,
        8.0050e-05, 1.0653e-04, 3.2772e-05, 1.2085e-05, 1.3186e-04, 6.4508e-05,
        5.2810e-05, 7.6710e-05, 8.8054e-05, 7.3477e-05, 4.2709e-05, 7.3505e-05,
        6.3773e-05, 4.0289e-05, 1.4673e-06, 5.4947e-05, 5.6040e-05, 6.2549e-06,
        8.8007e-05, 4.1650e-05, 8.0681e-06, 5.6298e-05, 6.3535e-05, 7.3168e-05,
        4.1566e-05, 1.1621e-04, 2.3044e-05, 1.0256e-04, 6.4335e-06],
       grad_fn=<CatBackward>)

mean_overall=tensor(6.9149e-05, grad_fn=<MeanBackward0>)

-----------------------------------------------ITERATION410-----------------------------------------------

final_causality=[[1, 1, 1, 1, 1, 1, 1, 1, 1, 1, 1, 1, 1], [1, 1, 1, 1, 1, 1, 1, 1, 1, 1, 1, 1, 1, 1, 1, 1, 1, 1, 1, 1, 1, 1, 1, 1, 1, 1, 1, 1, 1, 1, 1, 1, 1, 1, 1, 1, 1, 1, 1, 1, 1, 1, 1, 1, 1, 1, 1, 1, 1, 1], [1, 1, 1, 1, 1, 1, 1, 1, 1, 1, 1, 1, 1, 1, 1, 1, 1, 1, 1, 1, 1, 1, 1, 1, 1, 1, 1, 1, 1, 1, 1, 1, 1, 1, 1, 1, 1, 1, 1, 1, 1, 1, 1, 1, 1, 1, 1, 1, 1, 1]]

means=tensor([2.3664e-05, 6.6540e-05, 1.8486e-04, 1.3864e-04, 1.8882e-04, 6.2932e-05,
        6.2102e-05, 4.7118e-05, 1.2991e-04, 1.7497e-04, 1.2350e-04, 5.7652e-06,
        3.0230e-04, 2.8226e-05, 1.0383e-04, 1.1024e-05, 7.0274e-05, 9.7645e-05,
        5.3974e-05, 3.4902e-05, 1.7182e-04, 2.1641e-05, 1.0328e-04, 6.6675e-05,
        2.7579e-05, 8.1079e-05, 4.1655e-06, 1.3333e-04, 4.7084e-05, 8.3143e-05,
        7.7427e-05, 2.9151e-05, 9.9438e-06, 3.1389e-05, 5.9738e-05, 1.8685e-05,
        7.1650e-05, 9.0897e-06, 5.1308e-05, 4.9899e-05, 2.1091e-05, 9.5764e-05,
        1.0794e-05, 5.4155e-05, 7.3576e-05, 2.3299e-06, 1.0567e-05, 5.5172e-05,
        1.2198e-05, 1.4808e-04, 8.7946e-05, 7.6448e-05, 2.9558e-05, 1.0812e-04,
        3.2048e-05, 6.9743e-05, 1.6576e-05, 9.3609e-05, 4.1439e-05, 8.4114e-05,
        1.0961e-04, 7.0811e-05, 2.3317e-05, 9.1545e-05, 1.1067e-04, 1.5480e-04,
        1.2517e-04, 1.6753e-04, 9.8939e-05, 1.0014e-04, 2.7988e-05, 4.4950e-06,
        2.4526e-05, 2.3797e-05, 1.3782e-04, 4.4469e-05, 4.2236e-05, 7.9581e-05,
        1.7265e-04, 7.3662e-05, 7.5896e-06, 1.1329e-04, 3.6357e-05, 1.2585e-04,
        7.9965e-05, 1.0611e-04, 3.2992e-05, 1.2084e-05, 1.3184e-04, 6.4522e-05,
        5.2843e-05, 7.6545e-05, 8.8103e-05, 7.3464e-05, 4.2779e-05, 7.3517e-05,
        6.4217e-05, 4.0402e-05, 1.4768e-06, 5.4977e-05, 5.6040e-05, 6.2632e-06,
        8.7619e-05, 4.1701e-05, 8.0808e-06, 5.6354e-05, 6.3729e-05, 7.3471e-05,
        4.1750e-05, 1.1603e-04, 2.3056e-05, 1.0291e-04, 6.4195e-06],
       grad_fn=<CatBackward>)

mean_overall=tensor(6.9279e-05, grad_fn=<MeanBackward0>)

-----------------------------------------------ITERATION420-----------------------------------------------

final_causality=[[1, 1, 1, 1, 1, 1, 1, 1, 1, 1, 1, 1, 1], [1, 1, 1, 1, 1, 1, 1, 1, 1, 1, 1, 1, 1, 1, 1, 1, 1, 1, 1, 1, 1, 1, 1, 1, 1, 1, 1, 1, 1, 1, 1, 1, 1, 1, 1, 1, 1, 1, 1, 1, 1, 1, 1, 1, 1, 1, 1, 1, 1, 1], [1, 1, 1, 1, 1, 1, 1, 1, 1, 1, 1, 1, 1, 1, 1, 1, 1, 1, 1, 1, 1, 1, 1, 1, 1, 1, 1, 1, 1, 1, 1, 1, 1, 1, 1, 1, 1, 1, 1, 1, 1, 1, 1, 1, 1, 1, 1, 1, 1, 1]]

means=tensor([2.4018e-05, 6.8306e-05, 1.8384e-04, 1.4130e-04, 1.9338e-04, 6.2301e-05,
        6.0339e-05, 4.9394e-05, 1.3297e-04, 1.7127e-04, 1.2640e-04, 4.0661e-06,
        3.0178e-04, 2.8130e-05, 1.0538e-04, 1.0885e-05, 7.0615e-05, 9.8149e-05,
        5.3490e-05, 3.4878e-05, 1.7164e-04, 2.1508e-05, 1.0378e-04, 6.6305e-05,
        2.7434e-05, 8.2072e-05, 4.0984e-06, 1.3351e-04, 4.7211e-05, 8.2483e-05,
        7.7422e-05, 2.9364e-05, 9.7582e-06, 3.1547e-05, 5.9998e-05, 1.8935e-05,
        7.1975e-05, 8.9841e-06, 5.1517e-05, 5.0449e-05, 2.0383e-05, 9.5187e-05,
        1.0828e-05, 5.4941e-05, 7.3034e-05, 2.3256e-06, 1.0518e-05, 5.5443e-05,
        1.2398e-05, 1.4786e-04, 8.7870e-05, 7.6622e-05, 2.9633e-05, 1.0789e-04,
        3.2380e-05, 7.0076e-05, 1.6643e-05, 9.3551e-05, 4.1339e-05, 8.4283e-05,
        1.0945e-04, 7.0729e-05, 2.3229e-05, 9.1573e-05, 1.1066e-04, 1.5479e-04,
        1.2452e-04, 1.6746e-04, 9.9166e-05, 1.0132e-04, 2.7995e-05, 4.4928e-06,
        2.4541e-05, 2.3786e-05, 1.3797e-04, 4.4354e-05, 4.2303e-05, 7.9687e-05,
        1.7319e-04, 7.4231e-05, 7.5856e-06, 1.1346e-04, 3.6444e-05, 1.2588e-04,
        7.9879e-05, 1.0569e-04, 3.3209e-05, 1.2083e-05, 1.3182e-04, 6.4536e-05,
        5.2875e-05, 7.6368e-05, 8.8153e-05, 7.3451e-05, 4.2855e-05, 7.3528e-05,
        6.4653e-05, 4.0513e-05, 1.4872e-06, 5.5006e-05, 5.6041e-05, 6.2711e-06,
        8.7233e-05, 4.1749e-05, 8.0938e-06, 5.6413e-05, 6.3924e-05, 7.3783e-05,
        4.1932e-05, 1.1585e-04, 2.3067e-05, 1.0325e-04, 6.4055e-06],
       grad_fn=<CatBackward>)

mean_overall=tensor(6.9407e-05, grad_fn=<MeanBackward0>)

-----------------------------------------------ITERATION430-----------------------------------------------

final_causality=[[1, 1, 1, 1, 1, 1, 1, 1, 1, 1, 1, 1, 1], [1, 1, 1, 1, 1, 1, 1, 1, 1, 1, 1, 1, 1, 1, 1, 1, 1, 1, 1, 1, 1, 1, 1, 1, 1, 1, 1, 1, 1, 1, 1, 1, 1, 1, 1, 1, 1, 1, 1, 1, 1, 1, 1, 1, 1, 1, 1, 1, 1, 1], [1, 1, 1, 1, 1, 1, 1, 1, 1, 1, 1, 1, 1, 1, 1, 1, 1, 1, 1, 1, 1, 1, 1, 1, 1, 1, 1, 1, 1, 1, 1, 1, 1, 1, 1, 1, 1, 1, 1, 1, 1, 1, 1, 1, 1, 1, 1, 1, 1, 1]]

means=tensor([2.4387e-05, 7.0060e-05, 1.8284e-04, 1.4379e-04, 1.9798e-04, 6.1661e-05,
        5.8561e-05, 5.1672e-05, 1.3602e-04, 1.6756e-04, 1.2931e-04, 2.3462e-06,
        3.0127e-04, 2.8035e-05, 1.0694e-04, 1.0749e-05, 7.0959e-05, 9.8652e-05,
        5.3006e-05, 3.4858e-05, 1.7147e-04, 2.1378e-05, 1.0429e-04, 6.5940e-05,
        2.7293e-05, 8.3076e-05, 4.0300e-06, 1.3370e-04, 4.7335e-05, 8.1826e-05,
        7.7421e-05, 2.9573e-05, 9.5757e-06, 3.1703e-05, 6.0258e-05, 1.9187e-05,
        7.2295e-05, 8.8814e-06, 5.1727e-05, 5.1005e-05, 1.9675e-05, 9.4607e-05,
        1.0861e-05, 5.5731e-05, 7.2503e-05, 2.3226e-06, 1.0470e-05, 5.5720e-05,
        1.2598e-05, 1.4764e-04, 8.7797e-05, 7.6799e-05, 2.9710e-05, 1.0765e-04,
        3.2709e-05, 7.0405e-05, 1.6709e-05, 9.3495e-05, 4.1246e-05, 8.4450e-05,
        1.0929e-04, 7.0651e-05, 2.3145e-05, 9.1600e-05, 1.1065e-04, 1.5478e-04,
        1.2388e-04, 1.6738e-04, 9.9389e-05, 1.0249e-04, 2.8002e-05, 4.4905e-06,
        2.4556e-05, 2.3776e-05, 1.3812e-04, 4.4241e-05, 4.2371e-05, 7.9789e-05,
        1.7373e-04, 7.4791e-05, 7.5817e-06, 1.1363e-04, 3.6531e-05, 1.2591e-04,
        7.9793e-05, 1.0528e-04, 3.3420e-05, 1.2082e-05, 1.3180e-04, 6.4549e-05,
        5.2905e-05, 7.6182e-05, 8.8202e-05, 7.3437e-05, 4.3004e-05, 7.3540e-05,
        6.5082e-05, 4.0624e-05, 1.4973e-06, 5.5035e-05, 5.6042e-05, 6.2787e-06,
        8.6848e-05, 4.1793e-05, 8.1071e-06, 5.6473e-05, 6.4121e-05, 7.4107e-05,
        4.2112e-05, 1.1566e-04, 2.3078e-05, 1.0359e-04, 6.3915e-06],
       grad_fn=<CatBackward>)

mean_overall=tensor(6.9536e-05, grad_fn=<MeanBackward0>)

-----------------------------------------------ITERATION440-----------------------------------------------

final_causality=[[1, 1, 1, 1, 1, 1, 1, 1, 1, 1, 1, 1, 1], [1, 1, 1, 1, 1, 1, 1, 1, 1, 1, 1, 1, 1, 1, 1, 1, 1, 1, 1, 1, 1, 1, 1, 1, 1, 1, 1, 1, 1, 1, 1, 1, 1, 1, 1, 1, 1, 1, 1, 1, 1, 1, 1, 1, 1, 1, 1, 1, 1, 1], [1, 1, 1, 1, 1, 1, 1, 1, 1, 1, 1, 1, 1, 1, 1, 1, 1, 1, 1, 1, 1, 1, 1, 1, 1, 1, 1, 1, 1, 1, 1, 1, 1, 1, 1, 1, 1, 1, 1, 1, 1, 1, 1, 1, 1, 1, 1, 1, 1, 1]]

means=tensor([2.4773e-05, 7.1802e-05, 1.8186e-04, 1.4612e-04, 2.0259e-04, 6.1014e-05,
        5.6768e-05, 5.3950e-05, 1.3905e-04, 1.6381e-04, 1.3223e-04, 6.0547e-07,
        3.0077e-04, 2.7942e-05, 1.0849e-04, 1.0613e-05, 7.1307e-05, 9.9153e-05,
        5.2524e-05, 3.4842e-05, 1.7129e-04, 2.1249e-05, 1.0480e-04, 6.5581e-05,
        2.7155e-05, 8.4085e-05, 3.9602e-06, 1.3389e-04, 4.7457e-05, 8.1171e-05,
        7.7423e-05, 2.9780e-05, 9.3963e-06, 3.1856e-05, 6.0518e-05, 1.9440e-05,
        7.2612e-05, 8.7814e-06, 5.1936e-05, 5.1565e-05, 1.8967e-05, 9.4024e-05,
        1.0893e-05, 5.6525e-05, 7.1983e-05, 2.3208e-06, 1.0423e-05, 5.6001e-05,
        1.2799e-05, 1.4740e-04, 8.7727e-05, 7.6981e-05, 2.9789e-05, 1.0742e-04,
        3.3036e-05, 7.0730e-05, 1.6772e-05, 9.3439e-05, 4.1158e-05, 8.4614e-05,
        1.0912e-04, 7.0576e-05, 2.3065e-05, 9.1628e-05, 1.1065e-04, 1.5476e-04,
        1.2325e-04, 1.6731e-04, 9.9609e-05, 1.0364e-04, 2.8010e-05, 4.4881e-06,
        2.4571e-05, 2.3765e-05, 1.3827e-04, 4.4130e-05, 4.2438e-05, 7.9888e-05,
        1.7425e-04, 7.5342e-05, 7.5779e-06, 1.1381e-04, 3.6618e-05, 1.2594e-04,
        7.9707e-05, 1.0488e-04, 3.3627e-05, 1.2081e-05, 1.3178e-04, 6.4561e-05,
        5.2933e-05, 7.5984e-05, 8.8252e-05, 7.3424e-05, 4.3151e-05, 7.3550e-05,
        6.5504e-05, 4.0734e-05, 1.5068e-06, 5.5062e-05, 5.6044e-05, 6.2860e-06,
        8.6464e-05, 4.1833e-05, 8.1207e-06, 5.6536e-05, 6.4321e-05, 7.4440e-05,
        4.2290e-05, 1.1547e-04, 2.3088e-05, 1.0392e-04, 6.3774e-06],
       grad_fn=<CatBackward>)

mean_overall=tensor(6.9662e-05, grad_fn=<MeanBackward0>)

