loss_training=[0.5001901077400421, 0.23123050470299494, 0.07962829761836664, 0.023888406121113107, 0.017061717174519216, 0.018938930418631244, 0.017944865373432026, 0.0168449101127801, 0.016693005390215208, 0.01667967137415797, 0.01659355465835214, 0.01652994671433579, 0.016479774095955475, 0.01642524986598285, 0.01637024970537989, 0.016315054304551997, 0.0162588612995071, 0.01620196079233085, 0.016144412065694013, 0.0160862434366236, 0.016027527066162315, 0.015968307742259127, 0.01590863121033054, 0.01584853646745573, 0.015788055598908196, 0.015727217543545346, 0.01566604711689494, 0.015604565548223667, 0.015542778946679077, 0.015480695012962361, 0.015418349806379773, 0.015355763718079044, 0.015292953214985949, 0.015229933770711286, 0.015166719354623265, 0.015103323070033814, 0.015039758009539602, 0.01497601663284679, 0.014912137677756081, 0.014848139040483046, 0.014784014527896497, 0.014719796556729014, 0.01465550629046491, 0.014591165273392244, 0.014526792383275951]

test_loss_training=[0.044234784211565736, 0.023491655593002092, 0.09741344318699041, 0.21412721866032003, 0.3042773459352686, 0.3323311063163019, 0.31655670165549327, 0.29195435087439564, 0.2778089482831985, 0.2758604262155282, 0.27989445649155675, 0.2837476697369127, 0.2850255724050162, 0.2845715690834644, 0.283987871412717, 0.2839973936620069, 0.2844161633238181, 0.28484490390557315, 0.2851262340194352, 0.2853307293474266, 0.28555583442096016, 0.2858216732384508, 0.28609987241765017, 0.2863700813705494, 0.2866344848148387, 0.28690146920178256, 0.28717311319677047, 0.28744680963804686, 0.287720835519999, 0.2879949938629851, 0.28827036652901755, 0.28854701711324254, 0.28882430960220223, 0.28910194359084146, 0.2893799432658316, 0.2896582651751415, 0.28993672684505123, 0.2902155458481912, 0.29049405571711373, 0.2907716362773491, 0.2910494367649108, 0.29132635324384343, 0.29160217388684545, 0.291877189426712, 0.29215085389956846]

loss_control_training_MSE=[0.4681070418783238, 0.2108786994351856, 0.07039566933242934, 0.021858561106708575, 0.017281524963222168, 0.01896216578993969, 0.017798533942744638, 0.01680772436310133, 0.016703856316777364, 0.016680970277545535, 0.01659424345934056, 0.016533683859360482, 0.016483367868639423, 0.01642870279181329, 0.016373872460372155, 0.016318714978678036, 0.01626258158060669, 0.016205767307938233, 0.016148308157008417, 0.01609024345062993, 0.016031641735434397, 0.015972548383251014, 0.015913006324123617, 0.015853053131483875, 0.015792721375987962, 0.015732039964933633, 0.015671034259400224, 0.015609726620515576, 0.015548132334505822, 0.015486261415952156, 0.015424136603278167, 0.015361777475981508, 0.015299200113050837, 0.01523641913143984, 0.015173448571574908, 0.015110302357445614, 0.015046994590858042, 0.014983533464802244, 0.014919937267700351, 0.014856225380730576, 0.014792406819896655, 0.01472850259685167, 0.014664533835773041, 0.014600521589809862, 0.01453648702022238]

variances=[4.760225186667283e-09, 4.1049119068154705e-09, 4.288000487906661e-09, 5.00652334214614e-09, 5.859127320094779e-09, 6.303511311863966e-09, 6.383713833347578e-09, 6.385853863767519e-09, 6.48619186607101e-09, 6.725890550897518e-09, 7.06661558662473e-09, 7.449864928837704e-09, 7.84356250109004e-09, 8.251035834464525e-09, 8.694348935446382e-09, 9.180720740256857e-09, 9.711548408485789e-09, 1.0286371759576062e-08, 1.0903354011020447e-08, 1.1561714038546267e-08, 1.2267200445310842e-08, 1.3019348098907576e-08, 1.3821574299507834e-08, 1.4675407928246117e-08, 1.558067776739344e-08, 1.6539701386170465e-08, 1.7554353675843158e-08, 1.8624155219748065e-08, 1.9710590255628937e-08, 2.0831563949655195e-08, 2.2010412563826104e-08, 2.3247408540816456e-08, 2.454407313706631e-08, 2.5904327075935455e-08, 2.7328366982839238e-08, 2.8817583853474742e-08, 3.037785323019075e-08, 3.200541334366587e-08, 3.3663352389513105e-08, 3.535807353216753e-08, 3.7126366664203687e-08, 3.8959446654660245e-08, 4.086487423852757e-08, 4.2844051179493166e-08, 4.48940009343599e-08]

ACE_values=[7.110176185242693e-05, 6.970083605927979e-05, 7.351095561599522e-05, 7.912225639849664e-05, 8.305071853184852e-05, 8.469987496678759e-05, 8.48228165231565e-05, 8.458554937937763e-05, 8.470475074153221e-05, 8.538811669528264e-05, 8.642524542042744e-05, 8.754608900190054e-05, 8.861955282312967e-05, 8.972548622373108e-05, 9.09286178020543e-05, 9.224406027762845e-05, 9.36720430320331e-05, 9.516607645229289e-05, 9.670610145394947e-05, 9.831507112915345e-05, 9.997677632775984e-05, 0.00010170850340104529, 0.00010348390256591393, 0.0001052952830789107, 0.00010715134325199224, 0.00010905549520135974, 0.0001110164591350497, 0.00011304471591201276, 0.00011525552675414123, 0.00011765292487023354, 0.00012010108043868796, 0.0001225974097297306, 0.0001251403190309516, 0.00012772219515812047, 0.0001303440769497529, 0.00013301413873940604, 0.0001357421846743153, 0.00013869765030027608, 0.00014165017870553813, 0.0001446252134402846, 0.00014778356678645272, 0.00015099746189277556, 0.00015426708384558678, 0.0001575890549715664, 0.00016098470985915838]

-------------------------------CAUSAL NEURAL NET-------------------------------

loss_test_causal=tensor(0.2924, grad_fn=<MseLossBackward>)

