-----------------------------------------------ITERATION0-----------------------------------------------

final_causality=[[1, 1, 1, 1, 1, 1, 1, 1, 1, 1, 1, 1, 1], [1, 1, 1, 1, 1, 1, 1, 1, 1, 1, 1, 1, 1, 1, 1, 1, 1, 1, 1, 1, 1, 1, 1, 1, 1, 1, 1, 1, 1, 1, 1, 1, 1, 1, 1, 1, 1, 1, 1, 1, 1, 1, 1, 1, 1, 1, 1, 1, 1, 1], [1, 1, 1, 1, 1, 1, 1, 1, 1, 1, 1, 1, 1, 1, 1, 1, 1, 1, 1, 1, 1, 1, 1, 1, 1, 1, 1, 1, 1, 1, 1, 1, 1, 1, 1, 1, 1, 1, 1, 1, 1, 1, 1, 1, 1, 1, 1, 1, 1, 1]]

means=tensor([1.5166e-05, 2.3619e-04, 2.3321e-04, 2.0067e-04, 5.7804e-05, 4.5428e-05,
        3.8858e-05, 7.6969e-05, 9.6379e-05, 1.5571e-04, 3.9525e-05, 2.7223e-06,
        3.8944e-05, 1.0060e-04, 2.4489e-04, 4.3291e-06, 6.8755e-05, 9.6784e-05,
        1.0693e-04, 1.3254e-04, 2.0448e-05, 7.3772e-06, 1.0442e-05, 6.7451e-05,
        3.8581e-05, 7.3313e-05, 2.9244e-05, 1.0319e-05, 1.9453e-05, 4.6976e-06,
        6.3384e-05, 5.7935e-05, 2.7753e-05, 7.8390e-05, 1.0278e-04, 3.4888e-05,
        1.1700e-05, 3.2465e-05, 1.0095e-04, 1.4319e-04, 4.3980e-05, 9.2410e-06,
        6.9136e-05, 1.9316e-05, 1.8025e-06, 6.7311e-05, 1.5980e-05, 2.0261e-04,
        1.7803e-04, 5.5132e-05, 5.4954e-05, 7.1300e-05, 2.6039e-05, 8.2075e-06,
        8.8383e-05, 2.3752e-05, 1.6394e-05, 2.0319e-05, 9.8667e-05, 5.2512e-05,
        8.9353e-05, 3.9226e-05, 5.4251e-05, 2.1363e-05, 1.1992e-04, 2.7957e-05,
        1.0734e-04, 4.1581e-05, 1.0800e-04, 1.5279e-05, 1.9438e-05, 2.8207e-05,
        7.6605e-05, 1.6873e-05, 1.5740e-04, 1.1617e-04, 4.7623e-06, 2.0646e-05,
        1.2819e-04, 1.1998e-06, 9.0741e-05, 2.0807e-04, 6.2746e-05, 1.0528e-04,
        2.6545e-05, 7.0697e-05, 2.3942e-05, 1.2914e-05, 1.3971e-05, 4.1687e-06,
        1.0428e-04, 2.8826e-05, 9.5446e-05, 1.2442e-04, 4.0350e-05, 3.4975e-05,
        3.7854e-05, 5.5197e-05, 2.1195e-05, 2.5232e-05, 1.5897e-05, 7.2155e-05,
        1.0004e-06, 8.4840e-05, 1.1442e-05, 3.4101e-05, 6.8345e-05, 7.2298e-05,
        3.9679e-05, 7.2775e-05, 1.7819e-04, 5.7000e-05, 2.7554e-05],
       grad_fn=<CatBackward>)

mean_overall=tensor(6.3417e-05, grad_fn=<MeanBackward0>)

-----------------------------------------------ITERATION10-----------------------------------------------

final_causality=[[1, 1, 1, 1, 1, 1, 1, 1, 1, 1, 1, 1, 1], [1, 1, 1, 1, 1, 1, 1, 1, 1, 1, 1, 1, 1, 1, 1, 1, 1, 1, 1, 1, 1, 1, 1, 1, 1, 1, 1, 1, 1, 1, 1, 1, 1, 1, 1, 1, 1, 1, 1, 1, 1, 1, 1, 1, 1, 1, 1, 1, 1, 1], [1, 1, 1, 1, 1, 1, 1, 1, 1, 1, 1, 1, 1, 1, 1, 1, 1, 1, 1, 1, 1, 1, 1, 1, 1, 1, 1, 1, 1, 1, 1, 1, 1, 1, 1, 1, 1, 1, 1, 1, 1, 1, 1, 1, 1, 1, 1, 1, 1, 1]]

means=tensor([2.2950e-05, 2.2658e-04, 1.8420e-04, 1.9329e-04, 6.1513e-05, 1.3468e-04,
        3.3525e-06, 5.5781e-05, 8.5465e-05, 1.6853e-04, 4.4276e-07, 2.3744e-06,
        3.8991e-05, 7.5885e-05, 2.6938e-04, 1.2308e-05, 8.0466e-05, 1.1310e-04,
        5.0330e-05, 9.2359e-05, 3.6414e-05, 3.7581e-05, 4.6897e-05, 4.3400e-05,
        6.3560e-05, 5.8131e-05, 4.7615e-05, 2.1810e-06, 4.6500e-05, 1.9924e-05,
        4.0638e-05, 3.2838e-05, 1.7695e-06, 9.5890e-05, 1.1712e-04, 1.0242e-05,
        3.0685e-05, 2.1310e-05, 7.9538e-05, 1.6395e-04, 6.2987e-05, 1.9370e-05,
        1.0022e-04, 2.5152e-07, 1.3750e-05, 8.2286e-05, 6.3608e-09, 1.6030e-04,
        1.4049e-04, 8.4001e-05, 3.0662e-05, 9.1478e-05, 8.0397e-07, 1.5697e-05,
        1.1183e-04, 5.4819e-05, 2.9729e-05, 1.0548e-05, 1.3214e-04, 1.0614e-04,
        1.2160e-04, 5.2767e-05, 9.0990e-05, 1.5581e-05, 1.0699e-04, 2.3305e-05,
        1.0643e-04, 3.4115e-05, 1.1425e-04, 1.8532e-05, 1.5187e-05, 3.1774e-05,
        7.4450e-05, 2.1468e-05, 1.4824e-04, 1.1323e-04, 8.1075e-06, 1.6561e-05,
        1.1999e-04, 5.4028e-06, 9.2199e-05, 1.9621e-04, 5.7879e-05, 9.6538e-05,
        2.9878e-05, 6.5656e-05, 1.7192e-05, 1.7630e-05, 1.8921e-05, 8.9750e-06,
        9.4968e-05, 2.2745e-05, 8.6662e-05, 1.1728e-04, 4.4885e-05, 3.9540e-05,
        3.4328e-05, 6.2916e-05, 2.5110e-05, 1.6899e-05, 1.1082e-05, 6.9314e-05,
        2.7431e-06, 9.3128e-05, 1.2865e-05, 3.0022e-05, 6.0981e-05, 6.6615e-05,
        3.2049e-05, 7.4471e-05, 1.8149e-04, 5.7995e-05, 2.2695e-05],
       grad_fn=<CatBackward>)

mean_overall=tensor(6.3863e-05, grad_fn=<MeanBackward0>)

-----------------------------------------------ITERATION20-----------------------------------------------

final_causality=[[1, 1, 1, 1, 1, 1, 1, 1, 1, 1, 1, 1, 1], [1, 1, 1, 1, 1, 1, 1, 1, 1, 1, 1, 1, 1, 1, 1, 1, 1, 1, 1, 1, 1, 1, 1, 1, 1, 1, 1, 1, 1, 1, 1, 1, 1, 1, 1, 1, 1, 1, 1, 1, 1, 1, 1, 1, 1, 1, 1, 1, 1, 1], [1, 1, 1, 1, 1, 1, 1, 1, 1, 1, 1, 1, 1, 1, 1, 1, 1, 1, 1, 1, 1, 1, 1, 1, 1, 1, 1, 1, 1, 1, 1, 1, 1, 1, 1, 1, 1, 1, 1, 1, 1, 1, 1, 1, 1, 1, 1, 1, 1, 1]]

means=tensor([3.0721e-05, 2.0988e-04, 1.3243e-04, 1.9313e-04, 6.0058e-05, 2.2111e-04,
        3.1103e-05, 3.0358e-05, 6.6677e-05, 1.8658e-04, 4.2417e-05, 2.9350e-06,
        3.6994e-05, 5.3900e-05, 2.9040e-04, 1.8291e-05, 9.1278e-05, 1.2723e-04,
        3.3578e-07, 5.6548e-05, 5.1909e-05, 6.4398e-05, 8.0912e-05, 2.0807e-05,
        8.5292e-05, 4.3354e-05, 6.3941e-05, 4.6837e-06, 6.8864e-05, 3.2229e-05,
        1.9816e-05, 1.0269e-05, 2.2113e-05, 1.1123e-04, 1.2883e-04, 1.2248e-05,
        4.9246e-05, 1.0019e-05, 6.0164e-05, 1.8177e-04, 8.0925e-05, 4.4065e-05,
        1.2739e-04, 1.9841e-05, 2.8077e-05, 9.3365e-05, 1.2639e-05, 1.2065e-04,
        1.0686e-04, 1.0968e-04, 9.2355e-06, 1.0850e-04, 2.9965e-05, 3.7207e-05,
        1.3164e-04, 8.4964e-05, 4.0622e-05, 3.7438e-05, 1.5915e-04, 1.5216e-04,
        1.5150e-04, 6.4906e-05, 1.2450e-04, 1.0635e-05, 9.3155e-05, 1.8841e-05,
        1.0636e-04, 2.7959e-05, 1.1918e-04, 2.1396e-05, 1.0877e-05, 3.4676e-05,
        7.1675e-05, 2.5138e-05, 1.3820e-04, 1.0989e-04, 1.1450e-05, 1.2290e-05,
        1.1263e-04, 8.9419e-06, 9.3067e-05, 1.8414e-04, 5.1453e-05, 8.7867e-05,
        3.2586e-05, 6.1355e-05, 1.1245e-05, 2.2487e-05, 2.3659e-05, 1.3179e-05,
        8.4739e-05, 1.7562e-05, 7.8131e-05, 1.0952e-04, 4.8204e-05, 4.3585e-05,
        3.0413e-05, 7.0285e-05, 2.7990e-05, 9.1078e-06, 6.4980e-06, 6.5573e-05,
        6.2258e-06, 1.0194e-04, 1.4456e-05, 2.6368e-05, 5.4602e-05, 6.2325e-05,
        2.4809e-05, 7.4105e-05, 1.8273e-04, 5.9807e-05, 1.8458e-05],
       grad_fn=<CatBackward>)

mean_overall=tensor(6.7358e-05, grad_fn=<MeanBackward0>)

-----------------------------------------------ITERATION30-----------------------------------------------

final_causality=[[1, 1, 1, 1, 1, 1, 1, 1, 1, 1, 1, 1, 1], [1, 1, 1, 1, 1, 1, 1, 1, 1, 1, 1, 1, 1, 1, 1, 1, 1, 1, 1, 1, 1, 1, 1, 1, 1, 1, 1, 1, 1, 1, 1, 1, 1, 1, 1, 1, 1, 1, 1, 1, 1, 1, 1, 1, 1, 1, 1, 1, 1, 1], [1, 1, 1, 1, 1, 1, 1, 1, 1, 1, 1, 1, 1, 1, 1, 1, 1, 1, 1, 1, 1, 1, 1, 1, 1, 1, 1, 1, 1, 1, 1, 1, 1, 1, 1, 1, 1, 1, 1, 1, 1, 1, 1, 1, 1, 1, 1, 1, 1, 1]]

means=tensor([3.8480e-05, 1.8433e-04, 7.8547e-05, 2.0409e-04, 5.1479e-05, 3.0243e-04,
        4.9052e-05, 1.6287e-07, 3.7641e-05, 2.1215e-04, 8.7500e-05, 4.7975e-06,
        3.2456e-05, 3.5838e-05, 3.0734e-04, 2.3110e-05, 1.0065e-04, 1.3874e-04,
        5.1486e-05, 2.6781e-05, 6.5712e-05, 8.6397e-05, 1.1036e-04, 1.2698e-06,
        1.0279e-04, 3.0095e-05, 7.7587e-05, 1.0144e-05, 8.5621e-05, 4.1366e-05,
        2.0614e-06, 6.4429e-06, 4.3130e-05, 1.2382e-04, 1.3777e-04, 3.1865e-05,
        6.6256e-05, 1.1665e-07, 4.3671e-05, 1.9604e-04, 9.5921e-05, 6.2616e-05,
        1.4942e-04, 3.7558e-05, 4.0262e-05, 1.0048e-04, 2.3678e-05, 8.6558e-05,
        7.8937e-05, 1.3091e-04, 8.0150e-06, 1.2169e-04, 5.5143e-05, 5.5581e-05,
        1.4709e-04, 1.1219e-04, 4.8730e-05, 6.1389e-05, 1.7887e-04, 1.8822e-04,
        1.7738e-04, 7.5970e-05, 1.5283e-04, 6.5249e-06, 8.0795e-05, 1.4965e-05,
        1.0782e-04, 2.3732e-05, 1.2223e-04, 2.3728e-05, 6.8915e-06, 3.6905e-05,
        6.8370e-05, 2.7525e-05, 1.2839e-04, 1.0746e-04, 1.4556e-05, 8.3396e-06,
        1.0681e-04, 1.1559e-05, 9.2852e-05, 1.7342e-04, 4.4656e-05, 7.9853e-05,
        3.4475e-05, 5.8794e-05, 6.3994e-06, 2.6960e-05, 2.7787e-05, 1.6656e-05,
        7.4992e-05, 1.3464e-05, 7.1306e-05, 1.0196e-04, 5.0171e-05, 4.6964e-05,
        2.6694e-05, 7.6719e-05, 2.9195e-05, 2.5040e-06, 2.5214e-06, 6.1186e-05,
        9.0913e-06, 1.1133e-04, 1.5989e-05, 2.3405e-05, 5.0088e-05, 5.8579e-05,
        1.8580e-05, 7.4005e-05, 1.8149e-04, 6.1314e-05, 1.5148e-05],
       grad_fn=<CatBackward>)

mean_overall=tensor(7.1276e-05, grad_fn=<MeanBackward0>)

-----------------------------------------------ITERATION40-----------------------------------------------

final_causality=[[1, 1, 1, 1, 1, 1, 1, 1, 1, 1, 1, 1, 1], [1, 1, 1, 1, 1, 1, 1, 1, 1, 1, 1, 1, 1, 1, 1, 1, 1, 1, 1, 1, 1, 1, 1, 1, 1, 1, 1, 1, 1, 1, 1, 1, 1, 1, 1, 1, 1, 1, 1, 1, 1, 1, 1, 1, 1, 1, 1, 1, 1, 1], [1, 1, 1, 1, 1, 1, 1, 1, 1, 1, 1, 1, 1, 1, 1, 1, 1, 1, 1, 1, 1, 1, 1, 1, 1, 1, 1, 1, 1, 1, 1, 1, 1, 1, 1, 1, 1, 1, 1, 1, 1, 1, 1, 1, 1, 1, 1, 1, 1, 1]]

means=tensor([4.5918e-05, 1.5291e-04, 2.5669e-05, 2.2515e-04, 3.6866e-05, 3.7468e-04,
        5.0752e-05, 2.9896e-05, 8.3812e-07, 2.4337e-04, 1.3148e-04, 7.7141e-06,
        2.6075e-05, 2.1569e-05, 3.2016e-04, 2.7457e-05, 1.0806e-04, 1.4755e-04,
        9.1364e-05, 3.6632e-06, 7.7088e-05, 1.0293e-04, 1.3380e-04, 1.5247e-05,
        1.1572e-04, 1.9233e-05, 8.8275e-05, 1.4034e-05, 9.6860e-05, 4.7548e-05,
        1.1406e-05, 2.1087e-05, 5.9953e-05, 1.3340e-04, 1.4445e-04, 4.6379e-05,
        8.0708e-05, 9.4578e-06, 3.0485e-05, 2.0669e-04, 1.0752e-04, 7.5031e-05,
        1.6595e-04, 5.3171e-05, 5.0042e-05, 1.0421e-04, 3.2723e-05, 5.9771e-05,
        5.7494e-05, 1.4717e-04, 2.2324e-05, 1.3105e-04, 7.3955e-05, 7.0067e-05,
        1.5808e-04, 1.3482e-04, 5.4174e-05, 8.1064e-05, 1.9172e-04, 2.1376e-04,
        1.9811e-04, 8.4496e-05, 1.7486e-04, 3.2385e-06, 7.3377e-05, 1.1941e-05,
        1.1037e-04, 2.1026e-05, 1.2325e-04, 2.5465e-05, 3.6970e-06, 3.8975e-05,
        6.4898e-05, 2.8624e-05, 1.1973e-04, 1.0625e-04, 1.7094e-05, 5.0916e-06,
        1.0281e-04, 1.3339e-05, 9.4716e-05, 1.6519e-04, 3.8678e-05, 7.3071e-05,
        3.5485e-05, 6.0733e-05, 2.7060e-06, 3.0893e-05, 3.0976e-05, 1.9095e-05,
        6.6796e-05, 1.0542e-05, 6.6801e-05, 9.5228e-05, 5.0597e-05, 4.9644e-05,
        2.3257e-05, 8.2994e-05, 2.8686e-05, 2.6248e-06, 6.1015e-07, 5.6595e-05,
        1.0981e-05, 1.1955e-04, 1.7080e-05, 2.1271e-05, 4.7368e-05, 5.5666e-05,
        1.3783e-05, 7.5525e-05, 1.7852e-04, 6.2277e-05, 1.2788e-05],
       grad_fn=<CatBackward>)

mean_overall=tensor(7.5552e-05, grad_fn=<MeanBackward0>)

-----------------------------------------------ITERATION50-----------------------------------------------

final_causality=[[1, 1, 1, 1, 1, 1, 1, 1, 1, 1, 1, 1, 1], [1, 1, 1, 1, 1, 1, 1, 1, 1, 1, 1, 1, 1, 1, 1, 1, 1, 1, 1, 1, 1, 1, 1, 1, 1, 1, 1, 1, 1, 1, 1, 1, 1, 1, 1, 1, 1, 1, 1, 1, 1, 1, 1, 1, 1, 1, 1, 1, 1, 1], [1, 1, 1, 1, 1, 1, 1, 1, 1, 1, 1, 1, 1, 1, 1, 1, 1, 1, 1, 1, 1, 1, 1, 1, 1, 1, 1, 1, 1, 1, 1, 1, 1, 1, 1, 1, 1, 1, 1, 1, 1, 1, 1, 1, 1, 1, 1, 1, 1, 1]]

means=tensor([5.2499e-05, 1.2255e-04, 5.2915e-06, 2.5142e-04, 1.9888e-05, 4.3271e-04,
        4.1699e-05, 5.7525e-05, 6.2026e-06, 2.7524e-04, 1.6899e-04, 1.0897e-05,
        1.9529e-05, 1.1126e-05, 3.2917e-04, 3.0640e-05, 1.1341e-04, 1.5379e-04,
        1.1815e-04, 1.0282e-05, 8.5596e-05, 1.1411e-04, 1.5073e-04, 2.8802e-05,
        1.2434e-04, 1.1267e-05, 9.5974e-05, 1.7112e-05, 1.0339e-04, 5.1236e-05,
        2.2472e-05, 3.1869e-05, 7.2209e-05, 1.3999e-04, 1.4901e-04, 5.5753e-05,
        9.1878e-05, 1.6439e-05, 2.0804e-05, 2.1401e-04, 1.1572e-04, 8.2180e-05,
        1.7730e-04, 6.5807e-05, 5.7216e-05, 1.0552e-04, 3.9504e-05, 4.0827e-05,
        4.2493e-05, 1.5857e-04, 3.2621e-05, 1.3703e-04, 8.6513e-05, 8.0365e-05,
        1.6499e-04, 1.5185e-04, 5.7362e-05, 9.5627e-05, 1.9986e-04, 2.2984e-04,
        2.1321e-04, 9.0410e-05, 1.9045e-04, 7.9761e-07, 6.9694e-05, 9.8401e-06,
        1.1347e-04, 1.9295e-05, 1.2274e-04, 2.6637e-05, 1.4291e-06, 4.0654e-05,
        6.1771e-05, 2.8759e-05, 1.1294e-04, 1.0611e-04, 1.9217e-05, 2.6880e-06,
        1.0065e-04, 1.4236e-05, 1.0713e-04, 1.5971e-04, 3.4162e-05, 6.7909e-05,
        3.5792e-05, 6.2860e-05, 9.3615e-08, 3.4166e-05, 3.3111e-05, 2.0544e-05,
        6.0646e-05, 8.5183e-06, 6.4284e-05, 8.9889e-05, 4.9880e-05, 5.1638e-05,
        2.0491e-05, 8.7905e-05, 2.8546e-05, 6.2470e-06, 2.8517e-06, 5.2546e-05,
        1.2637e-05, 1.2618e-04, 1.7774e-05, 1.9904e-05, 4.6053e-05, 5.3797e-05,
        1.0458e-05, 7.7415e-05, 1.7493e-04, 6.3209e-05, 1.1245e-05],
       grad_fn=<CatBackward>)

mean_overall=tensor(7.9528e-05, grad_fn=<MeanBackward0>)

-----------------------------------------------ITERATION60-----------------------------------------------

final_causality=[[1, 1, 1, 1, 1, 1, 1, 1, 1, 1, 1, 1, 1], [1, 1, 1, 1, 1, 1, 1, 1, 1, 1, 1, 1, 1, 1, 1, 1, 1, 1, 1, 1, 1, 1, 1, 1, 1, 1, 1, 1, 1, 1, 1, 1, 1, 1, 1, 1, 1, 1, 1, 1, 1, 1, 1, 1, 1, 1, 1, 1, 1, 1], [1, 1, 1, 1, 1, 1, 1, 1, 1, 1, 1, 1, 1, 1, 1, 1, 1, 1, 1, 1, 1, 1, 1, 1, 1, 1, 1, 1, 1, 1, 1, 1, 1, 1, 1, 1, 1, 1, 1, 1, 1, 1, 1, 1, 1, 1, 1, 1, 1, 1]]

means=tensor([5.7770e-05, 1.0056e-04, 3.8745e-05, 2.7750e-04, 4.6671e-06, 4.7276e-04,
        2.9149e-05, 7.6146e-05, 3.5001e-05, 3.0262e-04, 1.9530e-04, 1.3477e-05,
        1.4579e-05, 4.3977e-06, 3.3499e-04, 3.2692e-05, 1.1678e-04, 1.5776e-04,
        1.3348e-04, 2.0468e-05, 9.1228e-05, 1.2064e-04, 1.6165e-04, 3.7060e-05,
        1.2929e-04, 6.2237e-06, 1.0148e-04, 1.9074e-05, 1.0637e-04, 5.3014e-05,
        2.9335e-05, 3.8792e-05, 8.0016e-05, 1.4392e-04, 1.5157e-04, 6.0836e-05,
        9.9567e-05, 2.0756e-05, 1.4556e-05, 2.1853e-04, 1.2090e-04, 8.5319e-05,
        1.8427e-04, 7.4919e-05, 6.1761e-05, 1.0537e-04, 4.4043e-05, 2.9178e-05,
        3.3266e-05, 1.6578e-04, 3.9175e-05, 1.4038e-04, 9.3627e-05, 8.6745e-05,
        1.6855e-04, 1.6317e-04, 5.8833e-05, 1.0513e-04, 2.0406e-04, 2.3848e-04,
        2.2297e-04, 9.3938e-05, 2.0033e-04, 8.4870e-07, 6.8866e-05, 8.5504e-06,
        1.1646e-04, 1.8361e-05, 1.2147e-04, 2.7462e-05, 2.1750e-08, 4.1838e-05,
        5.9333e-05, 2.8383e-05, 1.0824e-04, 1.0670e-04, 2.0968e-05, 1.1362e-06,
        1.0016e-04, 1.4489e-05, 1.1672e-04, 1.5663e-04, 3.1203e-05, 6.4399e-05,
        3.6270e-05, 6.4855e-05, 1.6232e-06, 3.6663e-05, 3.4308e-05, 2.1685e-05,
        5.6531e-05, 7.2746e-06, 6.3161e-05, 8.6156e-05, 4.8702e-05, 5.3027e-05,
        1.8539e-05, 9.0995e-05, 2.8629e-05, 8.4815e-06, 4.2670e-06, 4.9891e-05,
        1.3713e-05, 1.3095e-04, 1.8200e-05, 1.9156e-05, 4.5676e-05, 5.2938e-05,
        8.4249e-06, 7.9220e-05, 1.7168e-04, 6.7690e-05, 1.0346e-05],
       grad_fn=<CatBackward>)

mean_overall=tensor(8.2869e-05, grad_fn=<MeanBackward0>)

-----------------------------------------------ITERATION70-----------------------------------------------

final_causality=[[1, 1, 1, 1, 1, 1, 1, 1, 1, 1, 1, 1, 1], [1, 1, 1, 1, 1, 1, 1, 1, 1, 1, 1, 1, 1, 1, 1, 1, 1, 1, 1, 1, 1, 1, 1, 1, 1, 1, 1, 1, 1, 1, 1, 1, 1, 1, 1, 1, 1, 1, 1, 1, 1, 1, 1, 1, 1, 1, 1, 1, 1, 1], [1, 1, 1, 1, 1, 1, 1, 1, 1, 1, 1, 1, 1, 1, 1, 1, 1, 1, 1, 1, 1, 1, 1, 1, 1, 1, 1, 1, 1, 1, 1, 1, 1, 1, 1, 1, 1, 1, 1, 1, 1, 1, 1, 1, 1, 1, 1, 1, 1, 1]]

means=tensor([6.1624e-05, 9.0611e-05, 6.1206e-05, 3.0011e-04, 1.4292e-06, 4.9493e-04,
        1.8380e-05, 8.3401e-05, 5.6718e-05, 3.2291e-04, 2.0895e-04, 1.4973e-05,
        1.2146e-05, 8.2410e-07, 3.3840e-04, 3.3776e-05, 1.1908e-04, 1.5998e-04,
        1.4032e-04, 2.5741e-05, 9.4422e-05, 1.2364e-04, 1.6781e-04, 4.0972e-05,
        1.3147e-04, 3.6683e-06, 1.0526e-04, 2.0101e-05, 1.0701e-04, 5.3486e-05,
        3.2703e-05, 4.2406e-05, 8.4070e-05, 1.4614e-04, 1.5258e-04, 6.2797e-05,
        1.0420e-04, 2.2847e-05, 1.1249e-05, 2.2092e-04, 1.2380e-04, 8.5745e-05,
        1.8791e-04, 8.0658e-05, 6.4018e-05, 1.0446e-04, 4.7029e-05, 2.3415e-05,
        2.8629e-05, 1.6979e-04, 4.2641e-05, 1.4191e-04, 9.6593e-05, 8.9986e-05,
        1.6967e-04, 1.6964e-04, 5.9145e-05, 1.1046e-04, 2.0522e-04, 2.4197e-04,
        2.2837e-04, 9.5565e-05, 2.0579e-04, 1.7649e-06, 6.8100e-05, 7.8701e-06,
        1.1895e-04, 1.8038e-05, 1.2005e-04, 2.8000e-05, 6.9976e-07, 4.2581e-05,
        5.7642e-05, 2.7848e-05, 1.0540e-04, 1.0787e-04, 2.2060e-05, 3.2412e-07,
        1.0101e-04, 1.4358e-05, 1.2344e-04, 1.5537e-04, 2.9549e-05, 6.2283e-05,
        3.7061e-05, 6.6643e-05, 2.5204e-06, 3.8394e-05, 3.4813e-05, 2.2724e-05,
        5.4111e-05, 6.6634e-06, 6.2902e-05, 8.3862e-05, 4.7569e-05, 5.3942e-05,
        1.7468e-05, 9.2485e-05, 2.8343e-05, 9.6104e-06, 5.0040e-06, 5.2881e-05,
        1.4221e-05, 1.3397e-04, 1.9655e-05, 1.8856e-05, 4.5834e-05, 5.2897e-05,
        7.3945e-06, 8.0517e-05, 1.6923e-04, 7.1626e-05, 9.9164e-06],
       grad_fn=<CatBackward>)

mean_overall=tensor(8.4956e-05, grad_fn=<MeanBackward0>)

-----------------------------------------------ITERATION80-----------------------------------------------

final_causality=[[1, 1, 1, 1, 1, 1, 1, 1, 1, 1, 1, 1, 1], [1, 1, 1, 1, 1, 1, 1, 1, 1, 1, 1, 1, 1, 1, 1, 1, 1, 1, 1, 1, 1, 1, 1, 1, 1, 1, 1, 1, 1, 1, 1, 1, 1, 1, 1, 1, 1, 1, 1, 1, 1, 1, 1, 1, 1, 1, 1, 1, 1, 1], [1, 1, 1, 1, 1, 1, 1, 1, 1, 1, 1, 1, 1, 1, 1, 1, 1, 1, 1, 1, 1, 1, 1, 1, 1, 1, 1, 1, 1, 1, 1, 1, 1, 1, 1, 1, 1, 1, 1, 1, 1, 1, 1, 1, 1, 1, 1, 1, 1, 1]]

means=tensor([6.4341e-05, 9.1369e-05, 7.4731e-05, 3.1885e-04, 5.1528e-06, 5.0327e-04,
        1.0995e-05, 8.0997e-05, 7.1712e-05, 3.3671e-04, 2.1222e-04, 1.5445e-05,
        1.2010e-05, 5.1621e-07, 3.4023e-04, 3.4169e-05, 1.2067e-04, 1.6187e-04,
        1.4172e-04, 2.7608e-05, 9.5902e-05, 1.2462e-04, 1.7079e-04, 4.1899e-05,
        1.3184e-04, 2.8676e-06, 1.0723e-04, 2.0667e-05, 1.0626e-04, 5.3168e-05,
        3.3631e-05, 4.3668e-05, 8.5481e-05, 1.4741e-04, 1.5253e-04, 6.2783e-05,
        1.0664e-04, 2.3404e-05, 1.0037e-05, 2.2191e-04, 1.2498e-04, 8.4546e-05,
        1.8936e-04, 8.3835e-05, 6.4630e-05, 1.0321e-04, 4.8710e-05, 2.1684e-05,
        2.7120e-05, 1.7171e-04, 4.3947e-05, 1.4230e-04, 9.6844e-05, 9.1106e-05,
        1.6922e-04, 1.7268e-04, 5.8760e-05, 1.1296e-04, 2.0446e-04, 2.4230e-04,
        2.3079e-04, 9.5899e-05, 2.0834e-04, 2.1101e-06, 6.7373e-05, 7.5838e-06,
        1.2087e-04, 1.8130e-05, 1.1877e-04, 2.8231e-05, 9.4674e-07, 4.2997e-05,
        5.6536e-05, 2.7317e-05, 1.0390e-04, 1.0926e-04, 2.2600e-05, 4.4993e-08,
        1.0279e-04, 1.4025e-05, 1.2795e-04, 1.5530e-04, 2.8796e-05, 6.1140e-05,
        3.7456e-05, 6.8262e-05, 2.8376e-06, 3.9521e-05, 3.4881e-05, 2.3469e-05,
        5.2870e-05, 6.4949e-06, 6.3125e-05, 8.2602e-05, 4.6658e-05, 5.4524e-05,
        1.6961e-05, 9.2835e-05, 2.7832e-05, 9.9823e-06, 5.2629e-06, 5.5520e-05,
        1.4354e-05, 1.3621e-04, 2.0776e-05, 1.8842e-05, 4.6261e-05, 5.3419e-05,
        7.0348e-06, 8.1222e-05, 1.6756e-04, 7.4511e-05, 9.7923e-06],
       grad_fn=<CatBackward>)

mean_overall=tensor(8.6057e-05, grad_fn=<MeanBackward0>)

-----------------------------------------------ITERATION90-----------------------------------------------

final_causality=[[1, 1, 1, 1, 1, 1, 1, 1, 1, 1, 1, 1, 1], [1, 1, 1, 1, 1, 1, 1, 1, 1, 1, 1, 1, 1, 1, 1, 1, 1, 1, 1, 1, 1, 1, 1, 1, 1, 1, 1, 1, 1, 1, 1, 1, 1, 1, 1, 1, 1, 1, 1, 1, 1, 1, 1, 1, 1, 1, 1, 1, 1, 1], [1, 1, 1, 1, 1, 1, 1, 1, 1, 1, 1, 1, 1, 1, 1, 1, 1, 1, 1, 1, 1, 1, 1, 1, 1, 1, 1, 1, 1, 1, 1, 1, 1, 1, 1, 1, 1, 1, 1, 1, 1, 1, 1, 1, 1, 1, 1, 1, 1, 1]]

means=tensor([6.6400e-05, 9.8660e-05, 8.3041e-05, 3.3518e-04, 9.4610e-06, 5.0359e-04,
        5.9976e-06, 7.2782e-05, 8.2604e-05, 3.4661e-04, 2.0932e-04, 1.5281e-05,
        1.3292e-05, 6.1657e-07, 3.4121e-04, 3.4174e-05, 1.2151e-04, 1.6290e-04,
        1.4024e-04, 2.7592e-05, 9.6431e-05, 1.2475e-04, 1.7205e-04, 4.1182e-05,
        1.3123e-04, 3.0468e-06, 1.0821e-04, 2.0854e-05, 1.0479e-04, 5.2439e-05,
        3.3203e-05, 4.3612e-05, 8.5423e-05, 1.4773e-04, 1.5190e-04, 6.1729e-05,
        1.0786e-04, 2.3122e-05, 9.9951e-06, 2.2215e-04, 1.2520e-04, 8.2507e-05,
        1.8963e-04, 8.5540e-05, 6.4316e-05, 1.0300e-04, 4.9586e-05, 2.2176e-05,
        2.7329e-05, 1.7251e-04, 4.4050e-05, 1.4209e-04, 9.5629e-05, 9.1066e-05,
        1.6792e-04, 1.7382e-04, 5.8012e-05, 1.1390e-04, 2.0268e-04, 2.4095e-04,
        2.3158e-04, 9.5521e-05, 2.0933e-04, 2.1235e-06, 6.6652e-05, 7.5052e-06,
        1.2240e-04, 1.8460e-05, 1.1763e-04, 2.8292e-05, 9.3336e-07, 4.3227e-05,
        5.5766e-05, 2.6812e-05, 1.0313e-04, 1.1072e-04, 2.2801e-05, 7.0996e-08,
        1.0514e-04, 1.4016e-05, 1.3122e-04, 1.5586e-04, 2.8532e-05, 6.0524e-05,
        3.7627e-05, 7.0235e-05, 2.8298e-06, 4.0291e-05, 3.4720e-05, 2.3935e-05,
        5.2269e-05, 6.5762e-06, 6.3587e-05, 8.1914e-05, 4.5916e-05, 5.4917e-05,
        1.6732e-05, 9.2552e-05, 2.7201e-05, 9.9367e-06, 5.2533e-06, 5.7911e-05,
        1.4285e-05, 1.3771e-04, 2.1628e-05, 1.8985e-05, 4.6812e-05, 5.4261e-05,
        7.0383e-06, 8.1514e-05, 1.6635e-04, 7.6765e-05, 9.8330e-06],
       grad_fn=<CatBackward>)

mean_overall=tensor(8.6566e-05, grad_fn=<MeanBackward0>)

-----------------------------------------------ITERATION100-----------------------------------------------

final_causality=[[1, 1, 1, 1, 1, 1, 1, 1, 1, 1, 1, 1, 1], [1, 1, 1, 1, 1, 1, 1, 1, 1, 1, 1, 1, 1, 1, 1, 1, 1, 1, 1, 1, 1, 1, 1, 1, 1, 1, 1, 1, 1, 1, 1, 1, 1, 1, 1, 1, 1, 1, 1, 1, 1, 1, 1, 1, 1, 1, 1, 1, 1, 1], [1, 1, 1, 1, 1, 1, 1, 1, 1, 1, 1, 1, 1, 1, 1, 1, 1, 1, 1, 1, 1, 1, 1, 1, 1, 1, 1, 1, 1, 1, 1, 1, 1, 1, 1, 1, 1, 1, 1, 1, 1, 1, 1, 1, 1, 1, 1, 1, 1, 1]]

means=tensor([6.8252e-05, 1.0843e-04, 8.9622e-05, 3.5093e-04, 1.3042e-05, 5.0101e-04,
        1.7548e-06, 6.2322e-05, 9.2231e-05, 3.5530e-04, 2.0410e-04, 1.4884e-05,
        1.5117e-05, 2.6810e-07, 3.4193e-04, 3.4039e-05, 1.2211e-04, 1.6365e-04,
        1.3770e-04, 2.6887e-05, 9.6627e-05, 1.2440e-04, 1.7271e-04, 3.9850e-05,
        1.3024e-04, 3.5908e-06, 1.0885e-04, 2.0906e-05, 1.0304e-04, 5.1549e-05,
        3.2268e-05, 4.3073e-05, 8.4830e-05, 1.4771e-04, 1.5104e-04, 6.0285e-05,
        1.0866e-04, 2.2530e-05, 1.0380e-05, 2.2211e-04, 1.2508e-04, 8.0136e-05,
        1.8947e-04, 8.6738e-05, 6.3661e-05, 1.0265e-04, 5.0177e-05, 2.3497e-05,
        2.8173e-05, 1.7293e-04, 4.3714e-05, 1.4167e-04, 9.3865e-05, 9.0604e-05,
        1.6627e-04, 1.7429e-04, 5.7117e-05, 1.1430e-04, 2.0048e-04, 2.3896e-04,
        2.3180e-04, 9.4873e-05, 2.0979e-04, 2.0073e-06, 6.5913e-05, 7.4987e-06,
        1.2380e-04, 1.8892e-05, 1.1652e-04, 2.8289e-05, 8.2455e-07, 4.3393e-05,
        5.5106e-05, 2.6309e-05, 1.0261e-04, 1.1225e-04, 2.2872e-05, 2.1423e-07,
        1.0776e-04, 1.4450e-05, 1.3412e-04, 1.5668e-04, 2.8438e-05, 6.0084e-05,
        3.7719e-05, 7.2886e-05, 2.7007e-06, 4.0935e-05, 3.4473e-05, 2.4298e-05,
        5.1879e-05, 6.7548e-06, 6.4143e-05, 8.1421e-05, 4.5222e-05, 5.5239e-05,
        1.6598e-05, 9.2040e-05, 2.6516e-05, 9.7375e-06, 5.1447e-06, 6.0249e-05,
        1.4141e-05, 1.3894e-04, 2.2387e-05, 1.9190e-05, 4.7415e-05, 5.5242e-05,
        7.1732e-06, 8.1635e-05, 1.6528e-04, 7.8835e-05, 9.9362e-06],
       grad_fn=<CatBackward>)

mean_overall=tensor(8.6855e-05, grad_fn=<MeanBackward0>)

-----------------------------------------------ITERATION110-----------------------------------------------

final_causality=[[1, 1, 1, 1, 1, 1, 1, 1, 1, 1, 1, 1, 1], [1, 1, 1, 1, 1, 1, 1, 1, 1, 1, 1, 1, 1, 1, 1, 1, 1, 1, 1, 1, 1, 1, 1, 1, 1, 1, 1, 1, 1, 1, 1, 1, 1, 1, 1, 1, 1, 1, 1, 1, 1, 1, 1, 1, 1, 1, 1, 1, 1, 1], [1, 1, 1, 1, 1, 1, 1, 1, 1, 1, 1, 1, 1, 1, 1, 1, 1, 1, 1, 1, 1, 1, 1, 1, 1, 1, 1, 1, 1, 1, 1, 1, 1, 1, 1, 1, 1, 1, 1, 1, 1, 1, 1, 1, 1, 1, 1, 1, 1, 1]]

means=tensor([7.0194e-05, 1.1821e-04, 9.6696e-05, 3.6739e-04, 1.6926e-05, 4.9871e-04,
        2.8992e-06, 5.1749e-05, 1.0247e-04, 3.6457e-04, 1.9893e-04, 1.4507e-05,
        1.6945e-05, 5.3804e-08, 3.4272e-04, 3.3917e-05, 1.2276e-04, 1.6447e-04,
        1.3514e-04, 2.6209e-05, 9.6867e-05, 1.2408e-04, 1.7346e-04, 3.8514e-05,
        1.2924e-04, 4.1306e-06, 1.0957e-04, 2.0972e-05, 1.0124e-04, 5.0642e-05,
        3.1336e-05, 4.2556e-05, 8.4267e-05, 1.4772e-04, 1.5016e-04, 5.8819e-05,
        1.0954e-04, 2.1942e-05, 1.0742e-05, 2.2210e-04, 1.2500e-04, 7.7712e-05,
        1.8935e-04, 8.8048e-05, 6.3022e-05, 1.0231e-04, 5.0813e-05, 2.4817e-05,
        2.9006e-05, 1.7340e-04, 4.3402e-05, 1.4208e-04, 9.2088e-05, 9.0160e-05,
        1.6459e-04, 1.7485e-04, 5.6406e-05, 1.1475e-04, 1.9823e-04, 2.3693e-04,
        2.3208e-04, 9.4225e-05, 2.1034e-04, 1.8890e-06, 6.5139e-05, 7.6437e-06,
        1.2526e-04, 1.9344e-05, 1.1537e-04, 2.8291e-05, 7.1818e-07, 4.3572e-05,
        5.4411e-05, 2.5782e-05, 1.0204e-04, 1.1387e-04, 2.2954e-05, 3.5941e-07,
        1.1048e-04, 1.4909e-05, 1.3718e-04, 1.5752e-04, 2.8326e-05, 5.9608e-05,
        3.7823e-05, 7.5661e-05, 2.5735e-06, 4.1611e-05, 3.4223e-05, 2.4678e-05,
        5.1781e-05, 6.9383e-06, 6.4720e-05, 8.0891e-05, 4.4488e-05, 5.5575e-05,
        1.6448e-05, 9.1537e-05, 2.5809e-05, 9.5420e-06, 5.0395e-06, 6.2692e-05,
        1.3999e-05, 1.4023e-04, 2.3180e-05, 1.9404e-05, 4.8042e-05, 5.6260e-05,
        7.3031e-06, 8.1762e-05, 1.6414e-04, 8.1021e-05, 1.0042e-05],
       grad_fn=<CatBackward>)

mean_overall=tensor(8.7248e-05, grad_fn=<MeanBackward0>)

-----------------------------------------------ITERATION120-----------------------------------------------

final_causality=[[1, 1, 1, 1, 1, 1, 1, 1, 1, 1, 1, 1, 1], [1, 1, 1, 1, 1, 1, 1, 1, 1, 1, 1, 1, 1, 1, 1, 1, 1, 1, 1, 1, 1, 1, 1, 1, 1, 1, 1, 1, 1, 1, 1, 1, 1, 1, 1, 1, 1, 1, 1, 1, 1, 1, 1, 1, 1, 1, 1, 1, 1, 1], [1, 1, 1, 1, 1, 1, 1, 1, 1, 1, 1, 1, 1, 1, 1, 1, 1, 1, 1, 1, 1, 1, 1, 1, 1, 1, 1, 1, 1, 1, 1, 1, 1, 1, 1, 1, 1, 1, 1, 1, 1, 1, 1, 1, 1, 1, 1, 1, 1, 1]]

means=tensor([7.2346e-05, 1.2711e-04, 1.0515e-04, 3.8511e-04, 2.1520e-05, 4.9792e-04,
        8.4731e-06, 4.1827e-05, 1.1406e-04, 3.7512e-04, 1.9470e-04, 1.4248e-05,
        1.8581e-05, 1.6770e-07, 3.4373e-04, 3.3867e-05, 1.2361e-04, 1.6550e-04,
        1.3297e-04, 2.5840e-05, 9.7305e-05, 1.2400e-04, 1.7457e-04, 3.7412e-05,
        1.2837e-04, 4.5210e-06, 1.1053e-04, 2.1116e-05, 9.9487e-05, 4.9774e-05,
        3.0605e-05, 4.2263e-05, 8.3952e-05, 1.4791e-04, 1.4936e-04, 5.7468e-05,
        1.1070e-04, 2.1481e-05, 1.0906e-05, 2.2224e-04, 1.2509e-04, 7.5380e-05,
        1.8945e-04, 8.9721e-05, 6.2540e-05, 1.0204e-04, 5.1627e-05, 2.5805e-05,
        2.9576e-05, 1.7410e-04, 4.3302e-05, 1.4285e-04, 9.0512e-05, 8.9910e-05,
        1.6298e-04, 1.7580e-04, 5.5798e-05, 1.1549e-04, 1.9605e-04, 2.3511e-04,
        2.3269e-04, 9.3683e-05, 2.1120e-04, 1.8217e-06, 6.4321e-05, 7.8930e-06,
        1.2687e-04, 1.9781e-05, 1.1413e-04, 2.8325e-05, 6.5255e-07, 4.3795e-05,
        5.3618e-05, 2.5221e-05, 1.0130e-04, 1.1555e-04, 2.3109e-05, 4.5949e-07,
        1.1324e-04, 1.5448e-05, 1.4062e-04, 1.5830e-04, 2.8121e-05, 5.9012e-05,
        3.7979e-05, 7.8552e-05, 2.4972e-06, 4.2387e-05, 3.4005e-05, 2.5128e-05,
        5.1934e-05, 7.0888e-06, 6.5292e-05, 8.0229e-05, 4.3680e-05, 5.5964e-05,
        1.6241e-05, 9.1126e-05, 2.5092e-05, 9.4117e-06, 4.9780e-06, 6.5309e-05,
        1.3886e-05, 1.4174e-04, 2.4067e-05, 1.9605e-05, 4.8684e-05, 5.7273e-05,
        7.3752e-06, 8.1977e-05, 1.6285e-04, 8.3444e-05, 1.0127e-05],
       grad_fn=<CatBackward>)

mean_overall=tensor(8.7841e-05, grad_fn=<MeanBackward0>)

-----------------------------------------------ITERATION130-----------------------------------------------

final_causality=[[1, 1, 1, 1, 1, 1, 1, 1, 1, 1, 1, 1, 1], [1, 1, 1, 1, 1, 1, 1, 1, 1, 1, 1, 1, 1, 1, 1, 1, 1, 1, 1, 1, 1, 1, 1, 1, 1, 1, 1, 1, 1, 1, 1, 1, 1, 1, 1, 1, 1, 1, 1, 1, 1, 1, 1, 1, 1, 1, 1, 1, 1, 1], [1, 1, 1, 1, 1, 1, 1, 1, 1, 1, 1, 1, 1, 1, 1, 1, 1, 1, 1, 1, 1, 1, 1, 1, 1, 1, 1, 1, 1, 1, 1, 1, 1, 1, 1, 1, 1, 1, 1, 1, 1, 1, 1, 1, 1, 1, 1, 1, 1, 1]]

means=tensor([7.4705e-05, 1.3519e-04, 1.1497e-04, 4.0405e-04, 2.6806e-05, 4.9859e-04,
        1.4867e-05, 3.2490e-05, 1.2699e-04, 3.8694e-04, 1.9138e-04, 1.4099e-05,
        2.0042e-05, 7.4496e-08, 3.4495e-04, 3.3890e-05, 1.2463e-04, 1.6673e-04,
        1.3119e-04, 2.5779e-05, 9.7938e-05, 1.2416e-04, 1.7603e-04, 3.6545e-05,
        1.2764e-04, 4.7620e-06, 1.1173e-04, 2.1338e-05, 9.7787e-05, 4.9480e-05,
        3.0077e-05, 4.2193e-05, 8.3884e-05, 1.4827e-04, 1.4863e-04, 5.6234e-05,
        1.1214e-04, 2.1144e-05, 1.0874e-05, 2.2251e-04, 1.2536e-04, 7.3162e-05,
        1.8976e-04, 9.1759e-05, 6.2827e-05, 1.0185e-04, 5.2617e-05, 2.6460e-05,
        2.9881e-05, 1.7504e-04, 4.3414e-05, 1.4379e-04, 8.9141e-05, 8.9853e-05,
        1.6145e-04, 1.7713e-04, 5.5239e-05, 1.1654e-04, 1.9397e-04, 2.3349e-04,
        2.3361e-04, 9.3248e-05, 2.1238e-04, 1.8083e-06, 6.3464e-05, 8.1596e-06,
        1.2863e-04, 2.0198e-05, 1.1280e-04, 2.8392e-05, 6.2754e-07, 4.4064e-05,
        5.2725e-05, 2.5430e-05, 1.0040e-04, 1.1730e-04, 2.3340e-05, 5.1270e-07,
        1.1601e-04, 1.6067e-05, 1.4442e-04, 1.5902e-04, 2.7826e-05, 5.8298e-05,
        3.8186e-05, 8.1543e-05, 2.4725e-06, 4.3267e-05, 3.3817e-05, 2.5649e-05,
        5.2917e-05, 7.2046e-06, 6.5860e-05, 7.9434e-05, 4.2800e-05, 5.6412e-05,
        1.5978e-05, 9.0803e-05, 2.4363e-05, 9.3463e-06, 4.9600e-06, 6.8098e-05,
        1.3803e-05, 1.4345e-04, 2.5050e-05, 1.9791e-05, 4.9340e-05, 5.8279e-05,
        7.3902e-06, 8.2291e-05, 1.6142e-04, 8.6096e-05, 1.0189e-05],
       grad_fn=<CatBackward>)

mean_overall=tensor(8.8614e-05, grad_fn=<MeanBackward0>)

-----------------------------------------------ITERATION140-----------------------------------------------

final_causality=[[1, 1, 1, 1, 1, 1, 1, 1, 1, 1, 1, 1, 1], [1, 1, 1, 1, 1, 1, 1, 1, 1, 1, 1, 1, 1, 1, 1, 1, 1, 1, 1, 1, 1, 1, 1, 1, 1, 1, 1, 1, 1, 1, 1, 1, 1, 1, 1, 1, 1, 1, 1, 1, 1, 1, 1, 1, 1, 1, 1, 1, 1, 1], [1, 1, 1, 1, 1, 1, 1, 1, 1, 1, 1, 1, 1, 1, 1, 1, 1, 1, 1, 1, 1, 1, 1, 1, 1, 1, 1, 1, 1, 1, 1, 1, 1, 1, 1, 1, 1, 1, 1, 1, 1, 1, 1, 1, 1, 1, 1, 1, 1, 1]]

means=tensor([7.7215e-05, 1.4288e-04, 1.2574e-04, 4.2393e-04, 3.2584e-05, 5.0019e-04,
        7.5686e-06, 2.3371e-05, 1.4089e-04, 3.9967e-04, 1.8854e-04, 1.4015e-05,
        2.1422e-05, 1.4843e-07, 3.4630e-04, 3.3957e-05, 1.2578e-04, 1.6809e-04,
        1.2965e-04, 2.5905e-05, 9.8697e-05, 1.2446e-04, 1.7771e-04, 3.5813e-05,
        1.2699e-04, 4.9149e-06, 1.1309e-04, 2.1609e-05, 9.6108e-05, 4.9292e-05,
        2.9667e-05, 4.2257e-05, 8.3971e-05, 1.4874e-04, 1.4794e-04, 5.5649e-05,
        1.1376e-04, 2.0879e-05, 1.0724e-05, 2.2288e-04, 1.2574e-04, 7.0967e-05,
        1.9021e-04, 9.4052e-05, 6.3263e-05, 1.0169e-04, 5.3721e-05, 2.6919e-05,
        3.0029e-05, 1.7613e-04, 4.3657e-05, 1.4483e-04, 8.7893e-05, 8.9916e-05,
        1.5996e-04, 1.7871e-04, 5.4705e-05, 1.1776e-04, 1.9193e-04, 2.3200e-04,
        2.3474e-04, 9.2874e-05, 2.1377e-04, 1.8285e-06, 6.2576e-05, 8.4221e-06,
        1.3051e-04, 2.0605e-05, 1.1140e-04, 2.8480e-05, 6.2700e-07, 4.4362e-05,
        5.1756e-05, 2.5877e-05, 9.9381e-05, 1.1910e-04, 2.3624e-05, 5.3731e-07,
        1.1882e-04, 1.6740e-05, 1.4847e-04, 1.5970e-04, 2.7475e-05, 5.7507e-05,
        3.8429e-05, 8.5119e-05, 2.4791e-06, 4.4220e-05, 3.3645e-05, 2.6220e-05,
        5.4830e-05, 7.2996e-06, 6.6433e-05, 7.8548e-05, 4.1867e-05, 5.6901e-05,
        1.5679e-05, 9.0529e-05, 2.3619e-05, 9.3196e-06, 4.9684e-06, 7.1021e-05,
        1.3738e-05, 1.4532e-04, 2.6104e-05, 1.9969e-05, 5.0011e-05, 5.9290e-05,
        7.3708e-06, 8.2680e-05, 1.5988e-04, 8.8912e-05, 1.0238e-05],
       grad_fn=<CatBackward>)

mean_overall=tensor(8.9388e-05, grad_fn=<MeanBackward0>)

-----------------------------------------------ITERATION150-----------------------------------------------

final_causality=[[1, 1, 1, 1, 1, 1, 1, 1, 1, 1, 1, 1, 1], [1, 1, 1, 1, 1, 1, 1, 1, 1, 1, 1, 1, 1, 1, 1, 1, 1, 1, 1, 1, 1, 1, 1, 1, 1, 1, 1, 1, 1, 1, 1, 1, 1, 1, 1, 1, 1, 1, 1, 1, 1, 1, 1, 1, 1, 1, 1, 1, 1, 1], [1, 1, 1, 1, 1, 1, 1, 1, 1, 1, 1, 1, 1, 1, 1, 1, 1, 1, 1, 1, 1, 1, 1, 1, 1, 1, 1, 1, 1, 1, 1, 1, 1, 1, 1, 1, 1, 1, 1, 1, 1, 1, 1, 1, 1, 1, 1, 1, 1, 1]]

means=tensor([7.9812e-05, 1.5058e-04, 1.3703e-04, 4.4443e-04, 3.8644e-05, 5.0213e-04,
        7.5170e-06, 1.4123e-05, 1.5537e-04, 4.1294e-04, 1.8576e-04, 1.3950e-05,
        2.2813e-05, 4.2264e-07, 3.4774e-04, 3.4039e-05, 1.2700e-04, 1.6952e-04,
        1.2817e-04, 2.6093e-05, 9.9510e-05, 1.2483e-04, 1.7949e-04, 3.5116e-05,
        1.2635e-04, 5.0426e-06, 1.1455e-04, 2.1902e-05, 9.4417e-05, 4.9122e-05,
        2.9291e-05, 4.2367e-05, 8.4116e-05, 1.4925e-04, 1.4725e-04, 5.5180e-05,
        1.1546e-04, 2.0633e-05, 1.0532e-05, 2.2328e-04, 1.2616e-04, 6.8761e-05,
        1.9070e-04, 9.6482e-05, 6.3749e-05, 1.0156e-04, 5.4874e-05, 2.7323e-05,
        3.0130e-05, 1.7729e-04, 4.3949e-05, 1.4591e-04, 8.6684e-05, 9.0021e-05,
        1.5846e-04, 1.8039e-04, 5.4173e-05, 1.1907e-04, 1.8987e-04, 2.3052e-04,
        2.3595e-04, 9.2515e-05, 2.1524e-04, 1.8594e-06, 6.1663e-05, 8.6871e-06,
        1.3246e-04, 2.1014e-05, 1.0994e-04, 2.8578e-05, 6.3437e-07, 4.4674e-05,
        5.0744e-05, 2.6341e-05, 9.8313e-05, 1.2114e-04, 2.3933e-05, 5.5314e-07,
        1.2167e-04, 1.7440e-05, 1.5266e-04, 1.6039e-04, 2.7102e-05, 5.6676e-05,
        3.8688e-05, 8.9278e-05, 2.4959e-06, 4.5214e-05, 3.3476e-05, 2.6815e-05,
        5.6777e-05, 7.3894e-06, 6.7020e-05, 7.7615e-05, 4.0900e-05, 5.7414e-05,
        1.5364e-05, 9.0265e-05, 2.2857e-05, 9.3048e-06, 4.9853e-06, 7.4033e-05,
        1.3677e-05, 1.4726e-04, 2.7201e-05, 2.0148e-05, 5.0699e-05, 6.0319e-05,
        7.3401e-06, 8.3108e-05, 1.5828e-04, 9.1826e-05, 1.0282e-05],
       grad_fn=<CatBackward>)

mean_overall=tensor(9.0284e-05, grad_fn=<MeanBackward0>)

-----------------------------------------------ITERATION160-----------------------------------------------

final_causality=[[1, 1, 1, 1, 1, 1, 1, 1, 1, 1, 1, 1, 1], [1, 1, 1, 1, 1, 1, 1, 1, 1, 1, 1, 1, 1, 1, 1, 1, 1, 1, 1, 1, 1, 1, 1, 1, 1, 1, 1, 1, 1, 1, 1, 1, 1, 1, 1, 1, 1, 1, 1, 1, 1, 1, 1, 1, 1, 1, 1, 1, 1, 1], [1, 1, 1, 1, 1, 1, 1, 1, 1, 1, 1, 1, 1, 1, 1, 1, 1, 1, 1, 1, 1, 1, 1, 1, 1, 1, 1, 1, 1, 1, 1, 1, 1, 1, 1, 1, 1, 1, 1, 1, 1, 1, 1, 1, 1, 1, 1, 1, 1, 1]]

means=tensor([8.2456e-05, 1.5852e-04, 1.4856e-04, 4.6534e-04, 4.4850e-05, 5.0408e-04,
        1.5772e-05, 4.5561e-06, 1.7018e-04, 4.2652e-04, 1.8281e-04, 1.3877e-05,
        2.4271e-05, 6.9454e-07, 3.4921e-04, 3.4127e-05, 1.2825e-04, 1.7098e-04,
        1.2664e-04, 2.6274e-05, 1.0034e-04, 1.2520e-04, 1.8131e-04, 3.4390e-05,
        1.2568e-04, 5.1852e-06, 1.1605e-04, 2.2202e-05, 9.2684e-05, 4.8949e-05,
        2.8888e-05, 4.2474e-05, 8.4300e-05, 1.4976e-04, 1.4653e-04, 5.4688e-05,
        1.1720e-04, 2.0379e-05, 1.0346e-05, 2.2368e-04, 1.2658e-04, 6.6514e-05,
        1.9120e-04, 9.8973e-05, 6.4240e-05, 1.0141e-04, 5.6042e-05, 2.7762e-05,
        3.0253e-05, 1.7847e-04, 4.4245e-05, 1.4702e-04, 8.5449e-05, 9.0117e-05,
        1.5691e-04, 1.8210e-04, 5.3629e-05, 1.2038e-04, 1.8776e-04, 2.2900e-04,
        2.3718e-04, 9.2143e-05, 2.1675e-04, 1.8869e-06, 6.0712e-05, 8.9604e-06,
        1.3445e-04, 2.1434e-05, 1.0844e-04, 2.8676e-05, 6.3964e-07, 4.4993e-05,
        4.9703e-05, 2.6818e-05, 9.7216e-05, 1.2347e-04, 2.4250e-05, 5.7287e-07,
        1.2460e-04, 1.8147e-05, 1.5691e-04, 1.6110e-04, 2.6725e-05, 5.5825e-05,
        3.8955e-05, 9.3514e-05, 2.5102e-06, 4.6228e-05, 3.3300e-05, 2.7420e-05,
        5.8769e-05, 7.4955e-06, 6.7628e-05, 7.6657e-05, 3.9912e-05, 5.7940e-05,
        1.5044e-05, 8.9984e-05, 2.2075e-05, 9.2859e-06, 5.0001e-06, 7.7116e-05,
        1.3610e-05, 1.4923e-04, 2.8323e-05, 2.0334e-05, 5.1404e-05, 6.1379e-05,
        7.3116e-06, 8.3552e-05, 1.5664e-04, 9.4798e-05, 1.0329e-05],
       grad_fn=<CatBackward>)

mean_overall=tensor(9.1271e-05, grad_fn=<MeanBackward0>)

-----------------------------------------------ITERATION170-----------------------------------------------

final_causality=[[1, 1, 1, 1, 1, 1, 1, 1, 1, 1, 1, 1, 1], [1, 1, 1, 1, 1, 1, 1, 1, 1, 1, 1, 1, 1, 1, 1, 1, 1, 1, 1, 1, 1, 1, 1, 1, 1, 1, 1, 1, 1, 1, 1, 1, 1, 1, 1, 1, 1, 1, 1, 1, 1, 1, 1, 1, 1, 1, 1, 1, 1, 1], [1, 1, 1, 1, 1, 1, 1, 1, 1, 1, 1, 1, 1, 1, 1, 1, 1, 1, 1, 1, 1, 1, 1, 1, 1, 1, 1, 1, 1, 1, 1, 1, 1, 1, 1, 1, 1, 1, 1, 1, 1, 1, 1, 1, 1, 1, 1, 1, 1, 1]]

means=tensor([8.5129e-05, 1.6675e-04, 1.6023e-04, 4.8655e-04, 5.1156e-05, 5.0594e-04,
        8.7271e-06, 2.8234e-06, 1.8520e-04, 4.4030e-04, 1.7960e-04, 1.3787e-05,
        2.5809e-05, 4.7610e-08, 3.5070e-04, 3.4210e-05, 1.2951e-04, 1.7245e-04,
        1.2505e-04, 2.6417e-05, 1.0117e-04, 1.2555e-04, 1.8312e-04, 3.3621e-05,
        1.2499e-04, 5.3526e-06, 1.1758e-04, 2.2501e-05, 9.0919e-05, 4.8769e-05,
        2.8451e-05, 4.2556e-05, 8.4510e-05, 1.5025e-04, 1.4579e-04, 5.4171e-05,
        1.1895e-04, 2.0104e-05, 1.0181e-05, 2.2408e-04, 1.2700e-04, 6.4236e-05,
        1.9169e-04, 1.0150e-04, 6.4725e-05, 1.0126e-04, 5.7205e-05, 2.8258e-05,
        3.0417e-05, 1.7966e-04, 4.4523e-05, 1.4812e-04, 8.4189e-05, 9.0195e-05,
        1.5532e-04, 1.8379e-04, 5.3068e-05, 1.2167e-04, 1.8559e-04, 2.2742e-04,
        2.3839e-04, 9.1749e-05, 2.1826e-04, 1.9054e-06, 5.9741e-05, 9.2422e-06,
        1.3647e-04, 2.1868e-05, 1.0691e-04, 2.8772e-05, 6.3984e-07, 4.5312e-05,
        4.8645e-05, 2.7300e-05, 9.6111e-05, 1.2585e-04, 2.4566e-05, 6.0068e-07,
        1.2758e-04, 1.8855e-05, 1.6120e-04, 1.6183e-04, 2.6353e-05, 5.4968e-05,
        3.9224e-05, 9.7801e-05, 2.5174e-06, 4.7251e-05, 3.3116e-05, 2.8026e-05,
        6.0798e-05, 7.6372e-06, 6.8253e-05, 7.5688e-05, 3.8910e-05, 5.8471e-05,
        1.4724e-05, 8.9685e-05, 2.1276e-05, 9.2578e-06, 5.0093e-06, 8.0244e-05,
        1.3961e-05, 1.5122e-04, 2.9458e-05, 2.0574e-05, 5.2122e-05, 6.2466e-05,
        7.2895e-06, 8.4000e-05, 1.5496e-04, 9.7807e-05, 1.0380e-05],
       grad_fn=<CatBackward>)

mean_overall=tensor(9.2195e-05, grad_fn=<MeanBackward0>)

-----------------------------------------------ITERATION180-----------------------------------------------

final_causality=[[1, 1, 1, 1, 1, 1, 1, 1, 1, 1, 1, 1, 1], [1, 1, 1, 1, 1, 1, 1, 1, 1, 1, 1, 1, 1, 1, 1, 1, 1, 1, 1, 1, 1, 1, 1, 1, 1, 1, 1, 1, 1, 1, 1, 1, 1, 1, 1, 1, 1, 1, 1, 1, 1, 1, 1, 1, 1, 1, 1, 1, 1, 1], [1, 1, 1, 1, 1, 1, 1, 1, 1, 1, 1, 1, 1, 1, 1, 1, 1, 1, 1, 1, 1, 1, 1, 1, 1, 1, 1, 1, 1, 1, 1, 1, 1, 1, 1, 1, 1, 1, 1, 1, 1, 1, 1, 1, 1, 1, 1, 1, 1, 1]]

means=tensor([8.7831e-05, 1.7523e-04, 1.7205e-04, 5.0804e-04, 5.7563e-05, 5.0773e-04,
        1.6918e-06, 7.3955e-06, 2.0046e-04, 4.5430e-04, 1.7617e-04, 1.3682e-05,
        2.7419e-05, 2.8703e-07, 3.5221e-04, 3.4288e-05, 1.3079e-04, 1.7393e-04,
        1.2340e-04, 2.6530e-05, 1.0200e-04, 1.2589e-04, 1.8494e-04, 3.2818e-05,
        1.2427e-04, 5.5407e-06, 1.1913e-04, 2.2799e-05, 8.9126e-05, 4.8584e-05,
        2.7984e-05, 4.2619e-05, 8.4708e-05, 1.5073e-04, 1.4503e-04, 5.3634e-05,
        1.2072e-04, 1.9813e-05, 1.0032e-05, 2.2446e-04, 1.2741e-04, 6.1934e-05,
        1.9216e-04, 1.0407e-04, 6.5205e-05, 1.0110e-04, 5.8366e-05, 2.8802e-05,
        3.0612e-05, 1.8085e-04, 4.4787e-05, 1.4924e-04, 8.2915e-05, 9.0259e-05,
        1.5369e-04, 1.8549e-04, 5.2495e-05, 1.2295e-04, 1.8338e-04, 2.2580e-04,
        2.3960e-04, 9.1338e-05, 2.1978e-04, 1.9160e-06, 5.8749e-05, 9.5319e-06,
        1.3851e-04, 2.2314e-05, 1.0535e-04, 2.8868e-05, 6.3599e-07, 4.5633e-05,
        4.7569e-05, 2.7787e-05, 9.4994e-05, 1.2826e-04, 2.4884e-05, 6.3549e-07,
        1.3063e-04, 1.9564e-05, 1.6553e-04, 1.6259e-04, 2.5984e-05, 5.4103e-05,
        3.9496e-05, 1.0213e-04, 2.5187e-06, 4.8282e-05, 3.2924e-05, 2.8633e-05,
        6.2861e-05, 7.7863e-06, 6.8894e-05, 7.5033e-05, 3.7895e-05, 5.9380e-05,
        1.4404e-05, 8.9371e-05, 2.0482e-05, 9.2224e-06, 5.0140e-06, 8.3415e-05,
        1.4491e-05, 1.5323e-04, 3.0607e-05, 2.0892e-05, 5.2853e-05, 6.3580e-05,
        7.2724e-06, 8.4454e-05, 1.5326e-04, 1.0085e-04, 1.0434e-05],
       grad_fn=<CatBackward>)

mean_overall=tensor(9.3201e-05, grad_fn=<MeanBackward0>)

-----------------------------------------------ITERATION190-----------------------------------------------

final_causality=[[1, 1, 1, 1, 1, 1, 1, 1, 1, 1, 1, 1, 1], [1, 1, 1, 1, 1, 1, 1, 1, 1, 1, 1, 1, 1, 1, 1, 1, 1, 1, 1, 1, 1, 1, 1, 1, 1, 1, 1, 1, 1, 1, 1, 1, 1, 1, 1, 1, 1, 1, 1, 1, 1, 1, 1, 1, 1, 1, 1, 1, 1, 1], [1, 1, 1, 1, 1, 1, 1, 1, 1, 1, 1, 1, 1, 1, 1, 1, 1, 1, 1, 1, 1, 1, 1, 1, 1, 1, 1, 1, 1, 1, 1, 1, 1, 1, 1, 1, 1, 1, 1, 1, 1, 1, 1, 1, 1, 1, 1, 1, 1, 1]]

means=tensor([9.0568e-05, 1.8389e-04, 1.8406e-04, 5.2983e-04, 6.4089e-05, 5.0954e-04,
        5.4845e-06, 1.8059e-05, 2.1597e-04, 4.6853e-04, 1.7255e-04, 1.3571e-05,
        2.9090e-05, 7.8323e-07, 3.5376e-04, 3.4370e-05, 1.3210e-04, 1.7544e-04,
        1.2173e-04, 2.6632e-05, 1.0284e-04, 1.2624e-04, 1.8678e-04, 3.1992e-05,
        1.2353e-04, 5.7415e-06, 1.2074e-04, 2.3102e-05, 8.7310e-05, 4.8401e-05,
        2.7498e-05, 4.2677e-05, 8.4904e-05, 1.5120e-04, 1.4425e-04, 5.3083e-05,
        1.2251e-04, 1.9513e-05, 9.8892e-06, 2.2485e-04, 1.2782e-04, 5.9609e-05,
        1.9263e-04, 1.0670e-04, 6.5692e-05, 1.0093e-04, 5.9535e-05, 2.9379e-05,
        3.0827e-05, 1.8206e-04, 4.5053e-05, 1.5036e-04, 8.1636e-05, 9.0597e-05,
        1.5202e-04, 1.8719e-04, 5.1913e-05, 1.2424e-04, 1.8113e-04, 2.2416e-04,
        2.4082e-04, 9.0913e-05, 2.2131e-04, 1.9215e-06, 5.7725e-05, 9.8288e-06,
        1.4059e-04, 2.2769e-05, 1.0376e-04, 2.8963e-05, 6.3021e-07, 4.5958e-05,
        4.6470e-05, 2.8282e-05, 9.3856e-05, 1.3070e-04, 2.5286e-05, 6.7451e-07,
        1.3373e-04, 2.0277e-05, 1.6991e-04, 1.6337e-04, 2.5612e-05, 5.3223e-05,
        4.0598e-05, 1.0652e-04, 2.5172e-06, 4.9326e-05, 3.2727e-05, 2.9245e-05,
        6.4960e-05, 7.9406e-06, 6.9551e-05, 7.4886e-05, 3.6866e-05, 6.0387e-05,
        1.4080e-05, 8.9044e-05, 2.1397e-05, 9.1830e-06, 5.0164e-06, 8.6639e-05,
        1.5095e-05, 1.5526e-04, 3.1774e-05, 2.1216e-05, 5.3596e-05, 6.4719e-05,
        7.2572e-06, 8.4919e-05, 1.5153e-04, 1.0394e-04, 1.0490e-05],
       grad_fn=<CatBackward>)

mean_overall=tensor(9.4406e-05, grad_fn=<MeanBackward0>)

-----------------------------------------------ITERATION200-----------------------------------------------

final_causality=[[1, 1, 1, 1, 1, 1, 1, 1, 1, 1, 1, 1, 1], [1, 1, 1, 1, 1, 1, 1, 1, 1, 1, 1, 1, 1, 1, 1, 1, 1, 1, 1, 1, 1, 1, 1, 1, 1, 1, 1, 1, 1, 1, 1, 1, 1, 1, 1, 1, 1, 1, 1, 1, 1, 1, 1, 1, 1, 1, 1, 1, 1, 1], [1, 1, 1, 1, 1, 1, 1, 1, 1, 1, 1, 1, 1, 1, 1, 1, 1, 1, 1, 1, 1, 1, 1, 1, 1, 1, 1, 1, 1, 1, 1, 1, 1, 1, 1, 1, 1, 1, 1, 1, 1, 1, 1, 1, 1, 1, 1, 1, 1, 1]]

means=tensor([9.3342e-05, 1.9268e-04, 1.9629e-04, 5.5192e-04, 7.0748e-05, 5.1141e-04,
        1.2914e-05, 2.9018e-05, 2.3174e-04, 4.8302e-04, 1.6880e-04, 1.3456e-05,
        3.0814e-05, 6.0565e-07, 3.5534e-04, 3.4458e-05, 1.3345e-04, 1.7697e-04,
        1.2004e-04, 2.6737e-05, 1.0370e-04, 1.2660e-04, 1.8866e-04, 3.1155e-05,
        1.2277e-04, 5.9496e-06, 1.2239e-04, 2.3415e-05, 8.5473e-05, 4.8221e-05,
        2.6999e-05, 4.2741e-05, 8.5107e-05, 1.5167e-04, 1.4345e-04, 5.2525e-05,
        1.2434e-04, 1.9213e-05, 9.7445e-06, 2.2524e-04, 1.2825e-04, 5.7269e-05,
        1.9312e-04, 1.0940e-04, 6.6191e-05, 1.0076e-04, 6.0717e-05, 2.9972e-05,
        3.1051e-05, 1.8330e-04, 4.5329e-05, 1.5150e-04, 8.0359e-05, 9.1242e-05,
        1.5032e-04, 1.8892e-04, 5.1326e-05, 1.2553e-04, 1.7885e-04, 2.2249e-04,
        2.4205e-04, 9.0483e-05, 2.2288e-04, 1.9245e-06, 5.7746e-05, 1.0132e-05,
        1.4270e-04, 2.3233e-05, 1.0213e-04, 2.9058e-05, 6.2412e-07, 4.6289e-05,
        4.5346e-05, 2.9074e-05, 9.2693e-05, 1.3318e-04, 2.5755e-05, 7.1580e-07,
        1.3688e-04, 2.0994e-05, 1.7433e-04, 1.6417e-04, 2.5237e-05, 5.2325e-05,
        4.2032e-05, 1.1096e-04, 2.5149e-06, 5.0387e-05, 3.2524e-05, 2.9865e-05,
        6.7089e-05, 8.0985e-06, 7.0224e-05, 7.4735e-05, 3.5820e-05, 6.1414e-05,
        1.4004e-05, 8.8705e-05, 2.2418e-05, 9.1425e-06, 5.0185e-06, 8.9915e-05,
        1.5793e-05, 1.5731e-04, 3.2960e-05, 2.1548e-05, 5.4352e-05, 6.5881e-05,
        7.2419e-06, 8.5401e-05, 1.4976e-04, 1.0708e-04, 1.0546e-05],
       grad_fn=<CatBackward>)

mean_overall=tensor(9.5679e-05, grad_fn=<MeanBackward0>)

-----------------------------------------------ITERATION210-----------------------------------------------

final_causality=[[1, 1, 1, 1, 1, 1, 1, 1, 1, 1, 1, 1, 1], [1, 1, 1, 1, 1, 1, 1, 1, 1, 1, 1, 1, 1, 1, 1, 1, 1, 1, 1, 1, 1, 1, 1, 1, 1, 1, 1, 1, 1, 1, 1, 1, 1, 1, 1, 1, 1, 1, 1, 1, 1, 1, 1, 1, 1, 1, 1, 1, 1, 1], [1, 1, 1, 1, 1, 1, 1, 1, 1, 1, 1, 1, 1, 1, 1, 1, 1, 1, 1, 1, 1, 1, 1, 1, 1, 1, 1, 1, 1, 1, 1, 1, 1, 1, 1, 1, 1, 1, 1, 1, 1, 1, 1, 1, 1, 1, 1, 1, 1, 1]]

means=tensor([9.6153e-05, 2.0158e-04, 2.0875e-04, 5.7431e-04, 7.7543e-05, 5.1337e-04,
        2.0521e-05, 4.0210e-05, 2.4779e-04, 4.9776e-04, 1.6493e-04, 1.3339e-05,
        3.2588e-05, 4.2852e-07, 3.5696e-04, 3.4553e-05, 1.3482e-04, 1.7852e-04,
        1.1836e-04, 2.6846e-05, 1.0458e-04, 1.2697e-04, 1.9057e-04, 3.0313e-05,
        1.2201e-04, 6.1624e-06, 1.2409e-04, 2.3737e-05, 8.3621e-05, 4.8047e-05,
        2.6494e-05, 4.2813e-05, 8.5323e-05, 1.5214e-04, 1.4264e-04, 5.1964e-05,
        1.2619e-04, 1.8913e-05, 9.5963e-06, 2.2563e-04, 1.2868e-04, 5.4921e-05,
        1.9361e-04, 1.1217e-04, 6.6705e-05, 1.0059e-04, 6.1911e-05, 3.0576e-05,
        3.1281e-05, 1.8456e-04, 4.5616e-05, 1.5266e-04, 7.9093e-05, 9.1889e-05,
        1.4860e-04, 1.9068e-04, 5.0735e-05, 1.2684e-04, 1.7654e-04, 2.2080e-04,
        2.4330e-04, 9.0049e-05, 2.2448e-04, 1.9258e-06, 6.0852e-05, 1.0440e-05,
        1.4484e-04, 2.3703e-05, 1.0047e-04, 2.9155e-05, 6.1832e-07, 4.6800e-05,
        4.4511e-05, 3.0043e-05, 9.1506e-05, 1.3568e-04, 2.6236e-05, 7.5867e-07,
        1.4007e-04, 2.1842e-05, 1.8054e-04, 1.6498e-04, 2.4887e-05, 5.1430e-05,
        4.3489e-05, 1.1561e-04, 2.5124e-06, 5.1463e-05, 3.2318e-05, 3.0492e-05,
        6.9242e-05, 8.2590e-06, 7.0910e-05, 7.4580e-05, 3.5532e-05, 6.2463e-05,
        1.4224e-05, 8.8359e-05, 2.3451e-05, 9.1016e-06, 5.0206e-06, 9.3237e-05,
        1.6502e-05, 1.5939e-04, 3.4165e-05, 2.1885e-05, 5.5118e-05, 6.7062e-05,
        7.2255e-06, 8.5901e-05, 1.4795e-04, 1.1025e-04, 1.0603e-05],
       grad_fn=<CatBackward>)

mean_overall=tensor(9.7036e-05, grad_fn=<MeanBackward0>)

-----------------------------------------------ITERATION220-----------------------------------------------

final_causality=[[1, 1, 1, 1, 1, 1, 1, 1, 1, 1, 1, 1, 1], [1, 1, 1, 1, 1, 1, 1, 1, 1, 1, 1, 1, 1, 1, 1, 1, 1, 1, 1, 1, 1, 1, 1, 1, 1, 1, 1, 1, 1, 1, 1, 1, 1, 1, 1, 1, 1, 1, 1, 1, 1, 1, 1, 1, 1, 1, 1, 1, 1, 1], [1, 1, 1, 1, 1, 1, 1, 1, 1, 1, 1, 1, 1, 1, 1, 1, 1, 1, 1, 1, 1, 1, 1, 1, 1, 1, 1, 1, 1, 1, 1, 1, 1, 1, 1, 1, 1, 1, 1, 1, 1, 1, 1, 1, 1, 1, 1, 1, 1, 1]]

means=tensor([9.8999e-05, 2.1058e-04, 2.2141e-04, 5.9695e-04, 8.4466e-05, 5.1541e-04,
        2.8266e-05, 5.1615e-05, 2.6409e-04, 5.1275e-04, 1.6093e-04, 1.3220e-05,
        3.4411e-05, 2.4968e-07, 3.5862e-04, 3.4654e-05, 1.3622e-04, 1.8010e-04,
        1.1667e-04, 2.6960e-05, 1.0548e-04, 1.2737e-04, 1.9251e-04, 2.9466e-05,
        1.2124e-04, 6.3802e-06, 1.2585e-04, 2.4066e-05, 8.1758e-05, 4.7878e-05,
        2.5981e-05, 4.2890e-05, 8.5554e-05, 1.5261e-04, 1.4183e-04, 5.1400e-05,
        1.2808e-04, 1.8614e-05, 9.4456e-06, 2.2603e-04, 1.2912e-04, 5.2568e-05,
        1.9412e-04, 1.1512e-04, 6.7232e-05, 1.0043e-04, 6.3114e-05, 3.1191e-05,
        3.1516e-05, 1.8585e-04, 4.5914e-05, 1.5383e-04, 7.7841e-05, 9.2535e-05,
        1.4686e-04, 1.9246e-04, 5.0142e-05, 1.2815e-04, 1.7422e-04, 2.1911e-04,
        2.4457e-04, 8.9611e-05, 2.2611e-04, 1.9248e-06, 6.3982e-05, 1.0753e-05,
        1.4701e-04, 2.4179e-05, 9.8785e-05, 2.9253e-05, 6.1266e-07, 4.7353e-05,
        4.3969e-05, 3.1023e-05, 9.0297e-05, 1.3821e-04, 2.6729e-05, 8.0328e-07,
        1.4330e-04, 2.2765e-05, 1.8728e-04, 1.6580e-04, 2.4541e-05, 5.1468e-05,
        4.4968e-05, 1.2030e-04, 2.5095e-06, 5.2552e-05, 3.2109e-05, 3.1124e-05,
        7.1417e-05, 8.4222e-06, 7.1610e-05, 7.4420e-05, 3.6446e-05, 6.3531e-05,
        1.4448e-05, 8.8005e-05, 2.4495e-05, 9.0604e-06, 5.0228e-06, 9.6598e-05,
        1.7220e-05, 1.6149e-04, 3.5387e-05, 2.2226e-05, 5.5895e-05, 6.8262e-05,
        7.2085e-06, 8.6418e-05, 1.4611e-04, 1.1347e-04, 1.0659e-05],
       grad_fn=<CatBackward>)

mean_overall=tensor(9.8443e-05, grad_fn=<MeanBackward0>)

-----------------------------------------------ITERATION230-----------------------------------------------

final_causality=[[1, 1, 1, 1, 1, 1, 1, 1, 1, 1, 1, 1, 1], [1, 1, 1, 1, 1, 1, 1, 1, 1, 1, 1, 1, 1, 1, 1, 1, 1, 1, 1, 1, 1, 1, 1, 1, 1, 1, 1, 1, 1, 1, 1, 1, 1, 1, 1, 1, 1, 1, 1, 1, 1, 1, 1, 1, 1, 1, 1, 1, 1, 1], [1, 1, 1, 1, 1, 1, 1, 1, 1, 1, 1, 1, 1, 1, 1, 1, 1, 1, 1, 1, 1, 1, 1, 1, 1, 1, 1, 1, 1, 1, 1, 1, 1, 1, 1, 1, 1, 1, 1, 1, 1, 1, 1, 1, 1, 1, 1, 1, 1, 1]]

means=tensor([1.0187e-04, 2.1968e-04, 2.3427e-04, 6.1984e-04, 9.1508e-05, 5.1751e-04,
        3.6128e-05, 6.3225e-05, 2.8063e-04, 5.2797e-04, 1.5679e-04, 1.3097e-05,
        3.6285e-05, 6.9546e-08, 3.6030e-04, 3.4761e-05, 1.3765e-04, 1.8169e-04,
        1.1499e-04, 2.7074e-05, 1.0638e-04, 1.2777e-04, 1.9447e-04, 2.8614e-05,
        1.2047e-04, 6.6043e-06, 1.2764e-04, 2.4403e-05, 7.9884e-05, 4.7715e-05,
        2.5462e-05, 4.2971e-05, 8.5799e-05, 1.5308e-04, 1.4101e-04, 5.0835e-05,
        1.2999e-04, 1.8314e-05, 9.2941e-06, 2.2643e-04, 1.2957e-04, 5.0243e-05,
        1.9462e-04, 1.1831e-04, 6.7771e-05, 1.0026e-04, 6.4324e-05, 3.1818e-05,
        3.1760e-05, 1.8716e-04, 4.6220e-05, 1.5501e-04, 7.6602e-05, 9.3180e-05,
        1.4510e-04, 1.9426e-04, 4.9545e-05, 1.2946e-04, 1.7188e-04, 2.1741e-04,
        2.4584e-04, 8.9170e-05, 2.2776e-04, 1.9207e-06, 6.7133e-05, 1.1071e-05,
        1.4921e-04, 2.4662e-05, 9.7070e-05, 2.9352e-05, 6.0680e-07, 4.7912e-05,
        4.3417e-05, 3.2010e-05, 8.9070e-05, 1.4077e-04, 2.7232e-05, 8.5012e-07,
        1.4656e-04, 2.3692e-05, 1.9409e-04, 1.6664e-04, 2.4193e-05, 5.1507e-05,
        4.6467e-05, 1.2520e-04, 2.5057e-06, 5.3652e-05, 3.1957e-05, 3.1760e-05,
        7.3611e-05, 8.5883e-06, 7.2322e-05, 7.4257e-05, 3.8224e-05, 6.4617e-05,
        1.4676e-05, 8.7643e-05, 2.5549e-05, 9.0183e-06, 5.0247e-06, 9.9995e-05,
        1.7945e-05, 1.6361e-04, 3.6624e-05, 2.2572e-05, 5.6682e-05, 6.9480e-05,
        7.1913e-06, 8.6952e-05, 1.4424e-04, 1.1672e-04, 1.0717e-05],
       grad_fn=<CatBackward>)

mean_overall=tensor(9.9881e-05, grad_fn=<MeanBackward0>)

-----------------------------------------------ITERATION240-----------------------------------------------

final_causality=[[1, 1, 1, 1, 1, 1, 1, 1, 1, 1, 1, 1, 1], [1, 1, 1, 1, 1, 1, 1, 1, 1, 1, 1, 1, 1, 1, 1, 1, 1, 1, 1, 1, 1, 1, 1, 1, 1, 1, 1, 1, 1, 1, 1, 1, 1, 1, 1, 1, 1, 1, 1, 1, 1, 1, 1, 1, 1, 1, 1, 1, 1, 1], [1, 1, 1, 1, 1, 1, 1, 1, 1, 1, 1, 1, 1, 1, 1, 1, 1, 1, 1, 1, 1, 1, 1, 1, 1, 1, 1, 1, 1, 1, 1, 1, 1, 1, 1, 1, 1, 1, 1, 1, 1, 1, 1, 1, 1, 1, 1, 1, 1, 1]]

means=tensor([1.0478e-04, 2.2887e-04, 2.4730e-04, 6.4295e-04, 9.8661e-05, 5.1969e-04,
        4.4093e-05, 7.5036e-05, 2.9737e-04, 5.4338e-04, 1.5250e-04, 1.2970e-05,
        3.8212e-05, 1.1253e-07, 3.6202e-04, 3.4872e-05, 1.3911e-04, 1.8330e-04,
        1.1331e-04, 2.7187e-05, 1.0730e-04, 1.2819e-04, 1.9645e-04, 2.7756e-05,
        1.1969e-04, 6.8355e-06, 1.2949e-04, 2.4746e-05, 7.8002e-05, 4.7557e-05,
        2.4933e-05, 4.3054e-05, 8.6056e-05, 1.5354e-04, 1.4018e-04, 5.0266e-05,
        1.3193e-04, 1.8015e-05, 9.1432e-06, 2.2683e-04, 1.3002e-04, 4.8093e-05,
        1.9513e-04, 1.2157e-04, 6.8320e-05, 1.0008e-04, 6.5538e-05, 3.2459e-05,
        3.2014e-05, 1.8848e-04, 4.6532e-05, 1.5620e-04, 7.5378e-05, 9.3820e-05,
        1.4332e-04, 1.9607e-04, 4.8946e-05, 1.3078e-04, 1.6953e-04, 2.1573e-04,
        2.4713e-04, 8.8725e-05, 2.2944e-04, 1.9131e-06, 7.0299e-05, 1.1393e-05,
        1.5144e-04, 2.5150e-05, 9.5330e-05, 2.9452e-05, 6.0050e-07, 4.8512e-05,
        4.3052e-05, 3.3004e-05, 9.0342e-05, 1.4334e-04, 2.7745e-05, 8.9957e-07,
        1.4985e-04, 2.4623e-05, 2.0094e-04, 1.6748e-04, 2.3843e-05, 5.2475e-05,
        4.7984e-05, 1.3023e-04, 2.5006e-06, 5.4762e-05, 3.2027e-05, 3.2400e-05,
        7.5822e-05, 8.7575e-06, 7.3046e-05, 7.4090e-05, 4.0020e-05, 6.5720e-05,
        1.4908e-05, 8.7274e-05, 2.6617e-05, 8.9749e-06, 5.0259e-06, 1.0342e-04,
        1.8678e-05, 1.6575e-04, 3.7874e-05, 2.2921e-05, 5.7478e-05, 7.0714e-05,
        7.1742e-06, 8.7502e-05, 1.4235e-04, 1.1999e-04, 1.0775e-05],
       grad_fn=<CatBackward>)

mean_overall=tensor(0.0001, grad_fn=<MeanBackward0>)

-----------------------------------------------ITERATION250-----------------------------------------------

final_causality=[[1, 1, 1, 1, 1, 1, 1, 1, 1, 1, 1, 1, 1], [1, 1, 1, 1, 1, 1, 1, 1, 1, 1, 1, 1, 1, 1, 1, 1, 1, 1, 1, 1, 1, 1, 1, 1, 1, 1, 1, 1, 1, 1, 1, 1, 1, 1, 1, 1, 1, 1, 1, 1, 1, 1, 1, 1, 1, 1, 1, 1, 1, 1], [1, 1, 1, 1, 1, 1, 1, 1, 1, 1, 1, 1, 1, 1, 1, 1, 1, 1, 1, 1, 1, 1, 1, 1, 1, 1, 1, 1, 1, 1, 1, 1, 1, 1, 1, 1, 1, 1, 1, 1, 1, 1, 1, 1, 1, 1, 1, 1, 1, 1]]

means=tensor([1.0771e-04, 2.3815e-04, 2.6050e-04, 6.6626e-04, 1.0592e-04, 5.2192e-04,
        5.2152e-05, 8.7042e-05, 3.1432e-04, 5.5898e-04, 1.4806e-04, 1.2839e-05,
        4.0191e-05, 2.9883e-07, 3.6375e-04, 3.4989e-05, 1.4059e-04, 1.8493e-04,
        1.1163e-04, 2.7298e-05, 1.0823e-04, 1.2862e-04, 1.9845e-04, 2.6892e-05,
        1.1890e-04, 7.0742e-06, 1.3137e-04, 2.5096e-05, 7.6113e-05, 4.7405e-05,
        2.4397e-05, 4.3140e-05, 8.6326e-05, 1.5399e-04, 1.3934e-04, 4.9696e-05,
        1.3388e-04, 1.7715e-05, 8.9934e-06, 2.2724e-04, 1.3048e-04, 4.5946e-05,
        1.9565e-04, 1.2490e-04, 6.8880e-05, 9.9913e-05, 6.6755e-05, 3.3115e-05,
        3.2278e-05, 1.8983e-04, 4.6851e-05, 1.5740e-04, 7.4169e-05, 9.4455e-05,
        1.4153e-04, 1.9790e-04, 4.8345e-05, 1.3210e-04, 1.6717e-04, 2.1432e-04,
        2.4842e-04, 8.8277e-05, 2.3113e-04, 1.9014e-06, 7.3478e-05, 1.1721e-05,
        1.5368e-04, 2.5644e-05, 9.3567e-05, 2.9553e-05, 5.9366e-07, 4.9252e-05,
        4.3570e-05, 3.4003e-05, 9.4022e-05, 1.4592e-04, 2.8267e-05, 9.5176e-07,
        1.5317e-04, 2.5555e-05, 2.0783e-04, 1.6834e-04, 2.3491e-05, 5.3656e-05,
        4.9516e-05, 1.3529e-04, 2.4941e-06, 5.5881e-05, 3.2095e-05, 3.3042e-05,
        7.8047e-05, 8.9297e-06, 7.3783e-05, 7.3921e-05, 4.1832e-05, 6.6838e-05,
        1.5144e-05, 8.6896e-05, 2.7783e-05, 8.9302e-06, 5.0264e-06, 1.0688e-04,
        1.9416e-05, 1.6790e-04, 3.9137e-05, 2.3374e-05, 5.8282e-05, 7.1964e-05,
        7.1574e-06, 8.8067e-05, 1.4044e-04, 1.2330e-04, 1.0833e-05],
       grad_fn=<CatBackward>)

mean_overall=tensor(0.0001, grad_fn=<MeanBackward0>)

-----------------------------------------------ITERATION260-----------------------------------------------

final_causality=[[1, 1, 1, 1, 1, 1, 1, 1, 1, 1, 1, 1, 1], [1, 1, 1, 1, 1, 1, 1, 1, 1, 1, 1, 1, 1, 1, 1, 1, 1, 1, 1, 1, 1, 1, 1, 1, 1, 1, 1, 1, 1, 1, 1, 1, 1, 1, 1, 1, 1, 1, 1, 1, 1, 1, 1, 1, 1, 1, 1, 1, 1, 1], [1, 1, 1, 1, 1, 1, 1, 1, 1, 1, 1, 1, 1, 1, 1, 1, 1, 1, 1, 1, 1, 1, 1, 1, 1, 1, 1, 1, 1, 1, 1, 1, 1, 1, 1, 1, 1, 1, 1, 1, 1, 1, 1, 1, 1, 1, 1, 1, 1, 1]]

means=tensor([1.1066e-04, 2.4751e-04, 2.7386e-04, 6.8975e-04, 1.1328e-04, 5.2421e-04,
        6.0300e-05, 9.9237e-05, 3.3145e-04, 5.7476e-04, 1.4347e-04, 1.2703e-05,
        4.2223e-05, 4.8706e-07, 3.6551e-04, 3.5110e-05, 1.4210e-04, 1.8656e-04,
        1.0995e-04, 2.7407e-05, 1.0917e-04, 1.2906e-04, 2.0046e-04, 2.6025e-05,
        1.1811e-04, 7.3202e-06, 1.3330e-04, 2.5498e-05, 7.4218e-05, 4.7259e-05,
        2.3853e-05, 4.3228e-05, 8.6610e-05, 1.5444e-04, 1.3850e-04, 4.9123e-05,
        1.3586e-04, 1.7415e-05, 8.8449e-06, 2.2804e-04, 1.3094e-04, 4.3803e-05,
        1.9616e-04, 1.2830e-04, 6.9450e-05, 9.9740e-05, 6.7975e-05, 3.3785e-05,
        3.2552e-05, 1.9118e-04, 4.7176e-05, 1.5860e-04, 7.2978e-05, 9.5530e-05,
        1.4100e-04, 1.9973e-04, 4.7742e-05, 1.3341e-04, 1.6480e-04, 2.1290e-04,
        2.4972e-04, 8.7825e-05, 2.3285e-04, 1.8855e-06, 7.6667e-05, 1.2052e-05,
        1.5595e-04, 2.6144e-05, 9.1782e-05, 2.9731e-05, 5.8632e-07, 4.9996e-05,
        4.4094e-05, 3.5006e-05, 9.7725e-05, 1.4852e-04, 2.8798e-05, 1.0068e-06,
        1.5712e-04, 2.6488e-05, 2.1475e-04, 1.6920e-04, 2.3139e-05, 5.4847e-05,
        5.1064e-05, 1.4036e-04, 2.4862e-06, 5.7007e-05, 3.2163e-05, 3.3686e-05,
        8.0286e-05, 9.1049e-06, 7.4532e-05, 7.3749e-05, 4.3659e-05, 6.7971e-05,
        1.5384e-05, 8.6511e-05, 2.9096e-05, 8.8843e-06, 5.0262e-06, 1.1036e-04,
        2.0159e-05, 1.7007e-04, 4.0471e-05, 2.3917e-05, 5.9095e-05, 7.3230e-05,
        7.1408e-06, 8.8648e-05, 1.3863e-04, 1.2662e-04, 1.0892e-05],
       grad_fn=<CatBackward>)

mean_overall=tensor(0.0001, grad_fn=<MeanBackward0>)

-----------------------------------------------ITERATION270-----------------------------------------------

final_causality=[[1, 1, 1, 1, 1, 1, 1, 1, 1, 1, 1, 1, 1], [1, 1, 1, 1, 1, 1, 1, 1, 1, 1, 1, 1, 1, 1, 1, 1, 1, 1, 1, 1, 1, 1, 1, 1, 1, 1, 1, 1, 1, 1, 1, 1, 1, 1, 1, 1, 1, 1, 1, 1, 1, 1, 1, 1, 1, 1, 1, 1, 1, 1], [1, 1, 1, 1, 1, 1, 1, 1, 1, 1, 1, 1, 1, 1, 1, 1, 1, 1, 1, 1, 1, 1, 1, 1, 1, 1, 1, 1, 1, 1, 1, 1, 1, 1, 1, 1, 1, 1, 1, 1, 1, 1, 1, 1, 1, 1, 1, 1, 1, 1]]

means=tensor([1.1364e-04, 2.5694e-04, 2.8737e-04, 7.1342e-04, 1.2073e-04, 5.2657e-04,
        6.8529e-05, 1.1161e-04, 3.4877e-04, 5.9072e-04, 1.3874e-04, 1.2563e-05,
        4.4307e-05, 6.7624e-07, 3.6730e-04, 3.5237e-05, 1.4363e-04, 1.8820e-04,
        1.0829e-04, 2.7514e-05, 1.1012e-04, 1.2951e-04, 2.0248e-04, 2.5153e-05,
        1.1731e-04, 7.5733e-06, 1.3528e-04, 2.6049e-05, 7.2320e-05, 4.7119e-05,
        2.3301e-05, 4.3319e-05, 8.6909e-05, 1.5489e-04, 1.3766e-04, 4.8550e-05,
        1.3785e-04, 1.7116e-05, 8.6977e-06, 2.2885e-04, 1.3141e-04, 4.1666e-05,
        1.9668e-04, 1.3177e-04, 7.0030e-05, 9.9566e-05, 6.9197e-05, 3.4468e-05,
        3.2835e-05, 1.9255e-04, 4.7507e-05, 1.5980e-04, 7.1806e-05, 9.6656e-05,
        1.4067e-04, 2.0158e-04, 4.7139e-05, 1.3472e-04, 1.6243e-04, 2.1148e-04,
        2.5103e-04, 8.7370e-05, 2.3458e-04, 1.8653e-06, 7.9862e-05, 1.2388e-05,
        1.5824e-04, 2.6649e-05, 8.9976e-05, 3.0136e-05, 5.7854e-07, 5.0744e-05,
        4.4622e-05, 3.6014e-05, 1.0145e-04, 1.5113e-04, 2.9338e-05, 1.0645e-06,
        1.6131e-04, 2.7420e-05, 2.2170e-04, 1.7008e-04, 2.2786e-05, 5.6050e-05,
        5.2626e-05, 1.4544e-04, 2.4769e-06, 5.8139e-05, 3.2230e-05, 3.4332e-05,
        8.2537e-05, 9.2830e-06, 7.5291e-05, 7.3575e-05, 4.5500e-05, 6.9120e-05,
        1.5627e-05, 8.6117e-05, 3.0832e-05, 8.8373e-06, 5.0253e-06, 1.1386e-04,
        2.0908e-05, 1.7225e-04, 4.1867e-05, 2.4465e-05, 5.9915e-05, 7.4511e-05,
        7.1244e-06, 8.9244e-05, 1.3856e-04, 1.2997e-04, 1.0951e-05],
       grad_fn=<CatBackward>)

mean_overall=tensor(0.0001, grad_fn=<MeanBackward0>)

-----------------------------------------------ITERATION280-----------------------------------------------

final_causality=[[1, 1, 1, 1, 1, 1, 1, 1, 1, 1, 1, 1, 1], [1, 1, 1, 1, 1, 1, 1, 1, 1, 1, 1, 1, 1, 1, 1, 1, 1, 1, 1, 1, 1, 1, 1, 1, 1, 1, 1, 1, 1, 1, 1, 1, 1, 1, 1, 1, 1, 1, 1, 1, 1, 1, 1, 1, 1, 1, 1, 1, 1, 1], [1, 1, 1, 1, 1, 1, 1, 1, 1, 1, 1, 1, 1, 1, 1, 1, 1, 1, 1, 1, 1, 1, 1, 1, 1, 1, 1, 1, 1, 1, 1, 1, 1, 1, 1, 1, 1, 1, 1, 1, 1, 1, 1, 1, 1, 1, 1, 1, 1, 1]]

means=tensor([1.1664e-04, 2.6642e-04, 3.0103e-04, 7.3724e-04, 1.2828e-04, 5.2899e-04,
        7.6836e-05, 1.2417e-04, 3.6625e-04, 6.0683e-04, 1.3385e-04, 1.2419e-05,
        4.6443e-05, 8.6593e-07, 3.6910e-04, 3.5460e-05, 1.4518e-04, 1.8986e-04,
        1.0663e-04, 2.7620e-05, 1.1107e-04, 1.2999e-04, 2.0452e-04, 2.4280e-05,
        1.1651e-04, 7.8335e-06, 1.3730e-04, 2.6604e-05, 7.0418e-05, 4.6985e-05,
        2.2743e-05, 4.3412e-05, 8.7223e-05, 1.5533e-04, 1.3681e-04, 4.7976e-05,
        1.3986e-04, 1.6818e-05, 8.5517e-06, 2.2965e-04, 1.3188e-04, 3.9537e-05,
        1.9720e-04, 1.3532e-04, 7.0622e-05, 9.9392e-05, 7.0420e-05, 3.5164e-05,
        3.3128e-05, 1.9394e-04, 4.7844e-05, 1.6100e-04, 7.0654e-05, 9.7778e-05,
        1.4034e-04, 2.0344e-04, 4.6832e-05, 1.3603e-04, 1.6006e-04, 2.1006e-04,
        2.5234e-04, 8.6912e-05, 2.3633e-04, 1.8408e-06, 8.3063e-05, 1.2728e-05,
        1.6055e-04, 2.7159e-05, 8.8150e-05, 3.0544e-05, 5.7034e-07, 5.1495e-05,
        4.5156e-05, 3.7024e-05, 1.0519e-04, 1.5375e-04, 2.9888e-05, 1.1252e-06,
        1.6552e-04, 2.8353e-05, 2.2867e-04, 1.7096e-04, 2.2432e-05, 5.7263e-05,
        5.4201e-05, 1.5053e-04, 2.4661e-06, 5.9278e-05, 3.2295e-05, 3.4979e-05,
        8.4797e-05, 9.4639e-06, 7.6063e-05, 7.3397e-05, 4.7353e-05, 7.0283e-05,
        1.5874e-05, 8.6156e-05, 3.2573e-05, 8.7892e-06, 5.0239e-06, 1.1738e-04,
        2.1661e-05, 1.7443e-04, 4.3275e-05, 2.5018e-05, 6.0744e-05, 7.5806e-05,
        7.1082e-06, 9.0030e-05, 1.3968e-04, 1.3333e-04, 1.1011e-05],
       grad_fn=<CatBackward>)

mean_overall=tensor(0.0001, grad_fn=<MeanBackward0>)

-----------------------------------------------ITERATION290-----------------------------------------------

final_causality=[[1, 1, 1, 1, 1, 1, 1, 1, 1, 1, 1, 1, 1], [1, 1, 1, 1, 1, 1, 1, 1, 1, 1, 1, 1, 1, 1, 1, 1, 1, 1, 1, 1, 1, 1, 1, 1, 1, 1, 1, 1, 1, 1, 1, 1, 1, 1, 1, 1, 1, 1, 1, 1, 1, 1, 1, 1, 1, 1, 1, 1, 1, 1], [1, 1, 1, 1, 1, 1, 1, 1, 1, 1, 1, 1, 1, 1, 1, 1, 1, 1, 1, 1, 1, 1, 1, 1, 1, 1, 1, 1, 1, 1, 1, 1, 1, 1, 1, 1, 1, 1, 1, 1, 1, 1, 1, 1, 1, 1, 1, 1, 1, 1]]

means=tensor([1.1966e-04, 2.7596e-04, 3.1483e-04, 7.6122e-04, 1.3592e-04, 5.3147e-04,
        8.5215e-05, 1.3689e-04, 3.8390e-04, 6.2311e-04, 1.2880e-04, 1.2271e-05,
        4.8633e-05, 1.0559e-06, 3.7093e-04, 3.5998e-05, 1.4675e-04, 1.9152e-04,
        1.0498e-04, 2.7723e-05, 1.1204e-04, 1.3047e-04, 2.0657e-04, 2.3404e-05,
        1.1571e-04, 8.1008e-06, 1.3936e-04, 2.7164e-05, 6.8515e-05, 4.6858e-05,
        2.2178e-05, 4.3509e-05, 8.7552e-05, 1.5576e-04, 1.3595e-04, 4.7402e-05,
        1.4188e-04, 1.6521e-05, 8.4072e-06, 2.3046e-04, 1.3235e-04, 3.7591e-05,
        1.9772e-04, 1.3893e-04, 7.1223e-05, 9.9217e-05, 7.1644e-05, 3.5873e-05,
        3.3431e-05, 1.9534e-04, 4.8188e-05, 1.6221e-04, 6.9523e-05, 9.8894e-05,
        1.4001e-04, 2.0530e-04, 4.7108e-05, 1.3734e-04, 1.5768e-04, 2.0863e-04,
        2.5365e-04, 8.6453e-05, 2.3810e-04, 1.8115e-06, 8.6265e-05, 1.3073e-05,
        1.6288e-04, 2.7674e-05, 8.6529e-05, 3.0957e-05, 5.6171e-07, 5.2249e-05,
        4.5694e-05, 3.8036e-05, 1.0895e-04, 1.5643e-04, 3.0446e-05, 1.1887e-06,
        1.6973e-04, 2.9284e-05, 2.3566e-04, 1.7186e-04, 2.2077e-05, 5.8486e-05,
        5.5790e-05, 1.5563e-04, 2.4538e-06, 6.0422e-05, 3.2360e-05, 3.5626e-05,
        8.7066e-05, 9.6476e-06, 7.6845e-05, 7.3217e-05, 4.9217e-05, 7.1459e-05,
        1.6124e-05, 8.7389e-05, 3.4315e-05, 8.7402e-06, 5.0218e-06, 1.2092e-04,
        2.2418e-05, 1.7663e-04, 4.4694e-05, 2.5576e-05, 6.1579e-05, 7.7115e-05,
        7.0921e-06, 9.0866e-05, 1.4217e-04, 1.3672e-04, 1.1071e-05],
       grad_fn=<CatBackward>)

mean_overall=tensor(0.0001, grad_fn=<MeanBackward0>)

-----------------------------------------------ITERATION300-----------------------------------------------

final_causality=[[1, 1, 1, 1, 1, 1, 1, 1, 1, 1, 1, 1, 1], [1, 1, 1, 1, 1, 1, 1, 1, 1, 1, 1, 1, 1, 1, 1, 1, 1, 1, 1, 1, 1, 1, 1, 1, 1, 1, 1, 1, 1, 1, 1, 1, 1, 1, 1, 1, 1, 1, 1, 1, 1, 1, 1, 1, 1, 1, 1, 1, 1, 1], [1, 1, 1, 1, 1, 1, 1, 1, 1, 1, 1, 1, 1, 1, 1, 1, 1, 1, 1, 1, 1, 1, 1, 1, 1, 1, 1, 1, 1, 1, 1, 1, 1, 1, 1, 1, 1, 1, 1, 1, 1, 1, 1, 1, 1, 1, 1, 1, 1, 1]]

means=tensor([1.2270e-04, 2.8554e-04, 3.2876e-04, 7.8533e-04, 1.4364e-04, 5.3402e-04,
        9.3661e-05, 1.4978e-04, 4.0170e-04, 6.3953e-04, 1.2360e-04, 1.2119e-05,
        5.0876e-05, 1.2458e-06, 3.7277e-04, 3.6752e-05, 1.4834e-04, 1.9318e-04,
        1.0334e-04, 2.7825e-05, 1.1319e-04, 1.3097e-04, 2.0863e-04, 2.2526e-05,
        1.1491e-04, 8.3752e-06, 1.4146e-04, 2.7728e-05, 6.6611e-05, 4.6738e-05,
        2.1607e-05, 4.3608e-05, 8.7898e-05, 1.5618e-04, 1.3510e-04, 4.7485e-05,
        1.4392e-04, 1.6226e-05, 8.2645e-06, 2.3125e-04, 1.3283e-04, 3.6346e-05,
        1.9823e-04, 1.4261e-04, 7.1836e-05, 9.9041e-05, 7.2867e-05, 3.6593e-05,
        3.3743e-05, 1.9675e-04, 4.8539e-05, 1.6342e-04, 6.8414e-05, 1.0000e-04,
        1.3968e-04, 2.0717e-04, 4.7449e-05, 1.3864e-04, 1.5530e-04, 2.0721e-04,
        2.5497e-04, 8.6419e-05, 2.3988e-04, 1.7775e-06, 8.9468e-05, 1.3421e-05,
        1.6523e-04, 2.8194e-05, 8.6600e-05, 3.1374e-05, 5.5266e-07, 5.3006e-05,
        4.6236e-05, 3.9051e-05, 1.1271e-04, 1.5922e-04, 3.1014e-05, 1.2552e-06,
        1.7396e-04, 3.0213e-05, 2.4266e-04, 1.7276e-04, 2.1722e-05, 5.9718e-05,
        5.7391e-05, 1.6072e-04, 2.4399e-06, 6.1571e-05, 3.3028e-05, 3.6274e-05,
        8.9342e-05, 9.8340e-06, 7.7638e-05, 7.3035e-05, 5.1092e-05, 7.2650e-05,
        1.6378e-05, 8.8643e-05, 3.6059e-05, 8.6901e-06, 5.0192e-06, 1.2447e-04,
        2.3179e-05, 1.7884e-04, 4.6122e-05, 2.6138e-05, 6.2422e-05, 7.8437e-05,
        7.0764e-06, 9.1724e-05, 1.4467e-04, 1.4011e-04, 1.1132e-05],
       grad_fn=<CatBackward>)

mean_overall=tensor(0.0001, grad_fn=<MeanBackward0>)

-----------------------------------------------ITERATION310-----------------------------------------------

final_causality=[[1, 1, 1, 1, 1, 1, 1, 1, 1, 1, 1, 1, 1], [1, 1, 1, 1, 1, 1, 1, 1, 1, 1, 1, 1, 1, 1, 1, 1, 1, 1, 1, 1, 1, 1, 1, 1, 1, 1, 1, 1, 1, 1, 1, 1, 1, 1, 1, 1, 1, 1, 1, 1, 1, 1, 1, 1, 1, 1, 1, 1, 1, 1], [1, 1, 1, 1, 1, 1, 1, 1, 1, 1, 1, 1, 1, 1, 1, 1, 1, 1, 1, 1, 1, 1, 1, 1, 1, 1, 1, 1, 1, 1, 1, 1, 1, 1, 1, 1, 1, 1, 1, 1, 1, 1, 1, 1, 1, 1, 1, 1, 1, 1]]

means=tensor([1.2576e-04, 2.9516e-04, 3.4282e-04, 8.0956e-04, 1.5145e-04, 5.3664e-04,
        1.0217e-04, 1.6284e-04, 4.1965e-04, 6.5610e-04, 1.1824e-04, 1.1961e-05,
        5.3172e-05, 1.4354e-06, 3.7463e-04, 3.7513e-05, 1.4996e-04, 1.9486e-04,
        1.0172e-04, 2.7923e-05, 1.1468e-04, 1.3149e-04, 2.1069e-04, 2.1647e-05,
        1.1411e-04, 8.6569e-06, 1.4361e-04, 2.8297e-05, 6.5037e-05, 4.6626e-05,
        2.1030e-05, 4.3710e-05, 8.8261e-05, 1.5659e-04, 1.3424e-04, 4.7571e-05,
        1.4597e-04, 1.5933e-05, 8.1236e-06, 2.3204e-04, 1.3331e-04, 3.5112e-05,
        1.9875e-04, 1.4635e-04, 7.2459e-05, 9.8864e-05, 7.4090e-05, 3.7325e-05,
        3.4066e-05, 1.9818e-04, 4.8895e-05, 1.6463e-04, 6.7327e-05, 1.0111e-04,
        1.3936e-04, 2.0943e-04, 4.7932e-05, 1.3993e-04, 1.5293e-04, 2.0580e-04,
        2.5629e-04, 8.7351e-05, 2.4167e-04, 1.7389e-06, 9.3765e-05, 1.3773e-05,
        1.6760e-04, 2.8718e-05, 8.6673e-05, 3.1795e-05, 5.4316e-07, 5.3764e-05,
        4.6782e-05, 4.0066e-05, 1.1649e-04, 1.6201e-04, 3.1590e-05, 1.3248e-06,
        1.7818e-04, 3.1140e-05, 2.4966e-04, 1.7366e-04, 2.1367e-05, 6.0959e-05,
        5.9337e-05, 1.6582e-04, 2.4244e-06, 6.2724e-05, 3.4341e-05, 3.6923e-05,
        9.1624e-05, 1.0023e-05, 7.8442e-05, 7.2850e-05, 5.3320e-05, 7.3854e-05,
        1.6635e-05, 8.9919e-05, 3.7803e-05, 8.6392e-06, 5.0159e-06, 1.2804e-04,
        2.3943e-05, 1.8105e-04, 4.7561e-05, 2.6704e-05, 6.3272e-05, 7.9772e-05,
        7.0609e-06, 9.2604e-05, 1.4719e-04, 1.4352e-04, 1.1193e-05],
       grad_fn=<CatBackward>)

mean_overall=tensor(0.0001, grad_fn=<MeanBackward0>)

-----------------------------------------------ITERATION320-----------------------------------------------

final_causality=[[1, 1, 1, 1, 1, 1, 1, 1, 1, 1, 1, 1, 1], [1, 1, 1, 1, 1, 1, 1, 1, 1, 1, 1, 1, 1, 1, 1, 1, 1, 1, 1, 1, 1, 1, 1, 1, 1, 1, 1, 1, 1, 1, 1, 1, 1, 1, 1, 1, 1, 1, 1, 1, 1, 1, 1, 1, 1, 1, 1, 1, 1, 1], [1, 1, 1, 1, 1, 1, 1, 1, 1, 1, 1, 1, 1, 1, 1, 1, 1, 1, 1, 1, 1, 1, 1, 1, 1, 1, 1, 1, 1, 1, 1, 1, 1, 1, 1, 1, 1, 1, 1, 1, 1, 1, 1, 1, 1, 1, 1, 1, 1, 1]]

means=tensor([1.2884e-04, 3.0480e-04, 3.5701e-04, 8.3392e-04, 1.5934e-04, 5.3932e-04,
        1.1074e-04, 1.7606e-04, 4.3773e-04, 6.7280e-04, 1.1272e-04, 1.1800e-05,
        5.5522e-05, 1.6247e-06, 3.7651e-04, 3.8279e-05, 1.5159e-04, 1.9653e-04,
        1.0011e-04, 2.8020e-05, 1.1617e-04, 1.3202e-04, 2.1276e-04, 2.0767e-05,
        1.1330e-04, 8.9458e-06, 1.4580e-04, 2.8871e-05, 6.5534e-05, 4.6520e-05,
        2.0447e-05, 4.3814e-05, 8.8641e-05, 1.5699e-04, 1.3338e-04, 4.7658e-05,
        1.4804e-04, 1.5642e-05, 7.9849e-06, 2.3282e-04, 1.3379e-04, 3.3890e-05,
        1.9927e-04, 1.5017e-04, 7.3093e-05, 9.8687e-05, 7.5312e-05, 3.8069e-05,
        3.4397e-05, 1.9961e-04, 4.9257e-05, 1.6583e-04, 6.6264e-05, 1.0220e-04,
        1.3903e-04, 2.1230e-04, 4.8421e-05, 1.4122e-04, 1.5056e-04, 2.0438e-04,
        2.5761e-04, 8.8282e-05, 2.4348e-04, 1.6965e-06, 9.8469e-05, 1.4129e-05,
        1.6998e-04, 2.9247e-05, 8.8833e-05, 3.2219e-05, 5.3321e-07, 5.4722e-05,
        4.7332e-05, 4.1228e-05, 1.2028e-04, 1.6480e-04, 3.2175e-05, 1.3975e-06,
        1.8255e-04, 3.2063e-05, 2.5667e-04, 1.7458e-04, 2.1011e-05, 6.2208e-05,
        6.1392e-05, 1.7091e-04, 2.4072e-06, 6.3880e-05, 3.5656e-05, 3.7571e-05,
        9.3913e-05, 1.0215e-05, 7.9256e-05, 7.2662e-05, 5.5695e-05, 7.5070e-05,
        1.6896e-05, 9.1216e-05, 3.9547e-05, 8.5873e-06, 5.0119e-06, 1.3162e-04,
        2.4711e-05, 1.8327e-04, 4.9008e-05, 2.7274e-05, 6.4128e-05, 8.1119e-05,
        7.0457e-06, 9.3506e-05, 1.4972e-04, 1.4694e-04, 1.1254e-05],
       grad_fn=<CatBackward>)

mean_overall=tensor(0.0001, grad_fn=<MeanBackward0>)

-----------------------------------------------ITERATION330-----------------------------------------------

final_causality=[[1, 1, 1, 1, 1, 1, 1, 1, 1, 1, 1, 1, 1], [1, 1, 1, 1, 1, 1, 1, 1, 1, 1, 1, 1, 1, 1, 1, 1, 1, 1, 1, 1, 1, 1, 1, 1, 1, 1, 1, 1, 1, 1, 1, 1, 1, 1, 1, 1, 1, 1, 1, 1, 1, 1, 1, 1, 1, 1, 1, 1, 1, 1], [1, 1, 1, 1, 1, 1, 1, 1, 1, 1, 1, 1, 1, 1, 1, 1, 1, 1, 1, 1, 1, 1, 1, 1, 1, 1, 1, 1, 1, 1, 1, 1, 1, 1, 1, 1, 1, 1, 1, 1, 1, 1, 1, 1, 1, 1, 1, 1, 1, 1]]

means=tensor([1.3193e-04, 3.1448e-04, 3.7132e-04, 8.5838e-04, 1.6731e-04, 5.4207e-04,
        1.1936e-04, 1.8943e-04, 4.5595e-04, 6.8962e-04, 1.0703e-04, 1.1633e-05,
        5.7927e-05, 1.8135e-06, 3.7841e-04, 3.9052e-05, 1.5325e-04, 1.9821e-04,
        9.8510e-05, 2.8113e-05, 1.1767e-04, 1.3256e-04, 2.1484e-04, 1.9886e-05,
        1.1250e-04, 9.2420e-06, 1.4804e-04, 2.9449e-05, 6.6040e-05, 4.6422e-05,
        1.9858e-05, 4.3922e-05, 8.9038e-05, 1.5739e-04, 1.3252e-04, 4.7746e-05,
        1.5012e-04, 1.5353e-05, 7.8485e-06, 2.3360e-04, 1.3427e-04, 3.2680e-05,
        1.9978e-04, 1.5406e-04, 7.3738e-05, 9.8510e-05, 7.6533e-05, 3.8824e-05,
        3.4739e-05, 2.0105e-04, 4.9625e-05, 1.6704e-04, 6.5224e-05, 1.0329e-04,
        1.3872e-04, 2.1519e-04, 4.8916e-05, 1.4250e-04, 1.4820e-04, 2.0297e-04,
        2.5893e-04, 8.9212e-05, 2.4530e-04, 1.6485e-06, 1.0317e-04, 1.4489e-05,
        1.7237e-04, 2.9780e-05, 9.1619e-05, 3.3155e-05, 5.2281e-07, 5.5823e-05,
        4.7886e-05, 4.2693e-05, 1.2407e-04, 1.6760e-04, 3.2841e-05, 1.4733e-06,
        1.8707e-04, 3.2983e-05, 2.6368e-04, 1.7550e-04, 2.0656e-05, 6.3464e-05,
        6.3460e-05, 1.7600e-04, 2.3883e-06, 6.5039e-05, 3.6974e-05, 3.8219e-05,
        9.6805e-05, 1.0410e-05, 8.0081e-05, 7.2472e-05, 5.8078e-05, 7.6423e-05,
        1.7160e-05, 9.2534e-05, 4.1288e-05, 8.5346e-06, 5.0074e-06, 1.3520e-04,
        2.5481e-05, 1.8549e-04, 5.0463e-05, 2.7848e-05, 6.4991e-05, 8.2478e-05,
        7.0308e-06, 9.4430e-05, 1.5227e-04, 1.5037e-04, 1.1396e-05],
       grad_fn=<CatBackward>)

mean_overall=tensor(0.0001, grad_fn=<MeanBackward0>)

-----------------------------------------------ITERATION340-----------------------------------------------

final_causality=[[1, 1, 1, 1, 1, 1, 1, 1, 1, 1, 1, 1, 1], [1, 1, 1, 1, 1, 1, 1, 1, 1, 1, 1, 1, 1, 1, 1, 1, 1, 1, 1, 1, 1, 1, 1, 1, 1, 1, 1, 1, 1, 1, 1, 1, 1, 1, 1, 1, 1, 1, 1, 1, 1, 1, 1, 1, 1, 1, 1, 1, 1, 1], [1, 1, 1, 1, 1, 1, 1, 1, 1, 1, 1, 1, 1, 1, 1, 1, 1, 1, 1, 1, 1, 1, 1, 1, 1, 1, 1, 1, 1, 1, 1, 1, 1, 1, 1, 1, 1, 1, 1, 1, 1, 1, 1, 1, 1, 1, 1, 1, 1, 1]]

means=tensor([1.3504e-04, 3.2416e-04, 3.8574e-04, 8.8294e-04, 1.7536e-04, 5.4488e-04,
        1.2803e-04, 2.0296e-04, 4.7430e-04, 7.0658e-04, 1.0118e-04, 1.1462e-05,
        6.0387e-05, 2.0016e-06, 3.8032e-04, 3.9829e-05, 1.5492e-04, 1.9989e-04,
        9.6930e-05, 2.8203e-05, 1.1916e-04, 1.3313e-04, 2.1692e-04, 1.9004e-05,
        1.1170e-04, 9.5456e-06, 1.5032e-04, 3.0032e-05, 6.6555e-05, 4.6331e-05,
        1.9263e-05, 4.4031e-05, 8.9454e-05, 1.5777e-04, 1.3166e-04, 4.7834e-05,
        1.5220e-04, 1.5066e-05, 7.7144e-06, 2.3436e-04, 1.3475e-04, 3.1484e-05,
        2.0030e-04, 1.5801e-04, 7.4393e-05, 9.8332e-05, 7.7752e-05, 3.9591e-05,
        3.5090e-05, 2.0251e-04, 4.9999e-05, 1.6824e-04, 6.4208e-05, 1.0437e-04,
        1.3840e-04, 2.1809e-04, 4.9415e-05, 1.4378e-04, 1.4585e-04, 2.0157e-04,
        2.6024e-04, 9.0141e-05, 2.4714e-04, 1.5947e-06, 1.0786e-04, 1.4906e-05,
        1.7478e-04, 3.0318e-05, 9.4433e-05, 3.4161e-05, 5.1196e-07, 5.6923e-05,
        4.8443e-05, 4.4152e-05, 1.2787e-04, 1.7040e-04, 3.3586e-05, 1.5524e-06,
        1.9159e-04, 3.3899e-05, 2.7068e-04, 1.7643e-04, 2.0300e-05, 6.4728e-05,
        6.5540e-05, 1.8107e-04, 2.3677e-06, 6.6199e-05, 3.8294e-05, 3.8866e-05,
        9.9690e-05, 1.0607e-05, 8.0916e-05, 7.2310e-05, 6.0468e-05, 7.8043e-05,
        1.7427e-05, 9.3872e-05, 4.3027e-05, 8.4810e-06, 5.0022e-06, 1.3880e-04,
        2.6254e-05, 1.8772e-04, 5.1926e-05, 2.8425e-05, 6.5861e-05, 8.3850e-05,
        7.0206e-06, 9.5377e-05, 1.5482e-04, 1.5381e-04, 1.1655e-05],
       grad_fn=<CatBackward>)

mean_overall=tensor(0.0001, grad_fn=<MeanBackward0>)

-----------------------------------------------ITERATION350-----------------------------------------------

final_causality=[[1, 1, 1, 1, 1, 1, 1, 1, 1, 1, 1, 1, 1], [1, 1, 1, 1, 1, 1, 1, 1, 1, 1, 1, 1, 1, 1, 1, 1, 1, 1, 1, 1, 1, 1, 1, 1, 1, 1, 1, 1, 1, 1, 1, 1, 1, 1, 1, 1, 1, 1, 1, 1, 1, 1, 1, 1, 1, 1, 1, 1, 1, 1], [1, 1, 1, 1, 1, 1, 1, 1, 1, 1, 1, 1, 1, 1, 1, 1, 1, 1, 1, 1, 1, 1, 1, 1, 1, 1, 1, 1, 1, 1, 1, 1, 1, 1, 1, 1, 1, 1, 1, 1, 1, 1, 1, 1, 1, 1, 1, 1, 1, 1]]

means=tensor([1.3817e-04, 3.3386e-04, 4.0028e-04, 9.0760e-04, 1.8348e-04, 5.4776e-04,
        1.3675e-04, 2.1664e-04, 4.9276e-04, 7.2364e-04, 9.5161e-05, 1.1286e-05,
        6.2903e-05, 2.1890e-06, 3.8224e-04, 4.0612e-05, 1.5661e-04, 2.0156e-04,
        9.5366e-05, 2.8291e-05, 1.2066e-04, 1.3370e-04, 2.1901e-04, 1.8123e-05,
        1.1090e-04, 9.8566e-06, 1.5264e-04, 3.0620e-05, 6.7079e-05, 4.6248e-05,
        1.8664e-05, 4.4144e-05, 8.9888e-05, 1.5815e-04, 1.3080e-04, 4.7923e-05,
        1.5430e-04, 1.4782e-05, 7.5829e-06, 2.3512e-04, 1.3524e-04, 3.1342e-05,
        2.0081e-04, 1.6203e-04, 7.5060e-05, 9.8153e-05, 7.8968e-05, 4.0368e-05,
        3.5451e-05, 2.0397e-04, 5.0378e-05, 1.6944e-04, 6.3217e-05, 1.0544e-04,
        1.3809e-04, 2.2100e-04, 4.9919e-05, 1.4505e-04, 1.4418e-04, 2.0017e-04,
        2.6156e-04, 9.1067e-05, 2.4898e-04, 1.5350e-06, 1.1254e-04, 1.5368e-05,
        1.7721e-04, 3.0859e-05, 9.7273e-05, 3.5176e-05, 5.0065e-07, 5.8023e-05,
        4.9004e-05, 4.5605e-05, 1.3167e-04, 1.7319e-04, 3.4342e-05, 1.6348e-06,
        1.9612e-04, 3.4811e-05, 2.7766e-04, 1.7736e-04, 1.9945e-05, 6.5999e-05,
        6.7632e-05, 1.8613e-04, 2.3507e-06, 6.7362e-05, 3.9615e-05, 3.9512e-05,
        1.0257e-04, 1.0807e-05, 8.1761e-05, 7.2719e-05, 6.2864e-05, 7.9677e-05,
        1.7698e-05, 9.5232e-05, 4.4763e-05, 8.4266e-06, 4.9965e-06, 1.4240e-04,
        2.7029e-05, 1.8995e-04, 5.3396e-05, 2.9006e-05, 6.6737e-05, 8.5233e-05,
        7.0182e-06, 9.6346e-05, 1.5738e-04, 1.5725e-04, 1.1914e-05],
       grad_fn=<CatBackward>)

mean_overall=tensor(0.0001, grad_fn=<MeanBackward0>)

-----------------------------------------------ITERATION360-----------------------------------------------

final_causality=[[1, 1, 1, 1, 1, 1, 1, 1, 1, 1, 1, 1, 1], [1, 1, 1, 1, 1, 1, 1, 1, 1, 1, 1, 1, 1, 1, 1, 1, 1, 1, 1, 1, 1, 1, 1, 1, 1, 1, 1, 1, 1, 1, 1, 1, 1, 1, 1, 1, 1, 1, 1, 1, 1, 1, 1, 1, 1, 1, 1, 1, 1, 1], [1, 1, 1, 1, 1, 1, 1, 1, 1, 1, 1, 1, 1, 1, 1, 1, 1, 1, 1, 1, 1, 1, 1, 1, 1, 1, 1, 1, 1, 1, 1, 1, 1, 1, 1, 1, 1, 1, 1, 1, 1, 1, 1, 1, 1, 1, 1, 1, 1, 1]]

means=tensor([1.4131e-04, 3.4356e-04, 4.1492e-04, 9.3234e-04, 1.9167e-04, 5.5070e-04,
        1.4551e-04, 2.3048e-04, 5.1134e-04, 7.4083e-04, 8.8968e-05, 1.1104e-05,
        6.5475e-05, 2.3754e-06, 3.8418e-04, 4.1401e-05, 1.5832e-04, 2.0324e-04,
        9.3820e-05, 2.8374e-05, 1.2215e-04, 1.3430e-04, 2.2109e-04, 1.7241e-05,
        1.1066e-04, 1.0175e-05, 1.5501e-04, 3.1212e-05, 6.7612e-05, 4.6173e-05,
        1.8058e-05, 4.4259e-05, 9.0342e-05, 1.5851e-04, 1.2994e-04, 4.8013e-05,
        1.5640e-04, 1.4501e-05, 7.4541e-06, 2.3587e-04, 1.3573e-04, 3.1459e-05,
        2.0131e-04, 1.6612e-04, 7.5738e-05, 9.7974e-05, 8.0183e-05, 4.1155e-05,
        3.5822e-05, 2.0544e-04, 5.0763e-05, 1.7063e-04, 6.2250e-05, 1.0650e-04,
        1.3853e-04, 2.2391e-04, 5.0429e-05, 1.4630e-04, 1.4271e-04, 1.9878e-04,
        2.6287e-04, 9.1989e-05, 2.5083e-04, 1.4690e-06, 1.1721e-04, 1.5834e-05,
        1.7965e-04, 3.1406e-05, 1.0014e-04, 3.6200e-05, 4.8889e-07, 5.9122e-05,
        4.9724e-05, 4.7051e-05, 1.3547e-04, 1.7599e-04, 3.5109e-05, 1.7205e-06,
        2.0064e-04, 3.5717e-05, 2.8464e-04, 1.7830e-04, 1.9590e-05, 6.7276e-05,
        6.9734e-05, 1.9118e-04, 2.3341e-06, 6.8525e-05, 4.0936e-05, 4.0157e-05,
        1.0543e-04, 1.1009e-05, 8.2617e-05, 7.3133e-05, 6.5264e-05, 8.1323e-05,
        1.7972e-05, 9.6613e-05, 4.6494e-05, 8.3715e-06, 4.9901e-06, 1.4600e-04,
        2.7806e-05, 1.9218e-04, 5.4873e-05, 2.9589e-05, 6.7619e-05, 8.6627e-05,
        7.0163e-06, 9.7339e-05, 1.5996e-04, 1.6070e-04, 1.2174e-05],
       grad_fn=<CatBackward>)

mean_overall=tensor(0.0001, grad_fn=<MeanBackward0>)

-----------------------------------------------ITERATION370-----------------------------------------------

final_causality=[[1, 1, 1, 1, 1, 1, 1, 1, 1, 1, 1, 1, 1], [1, 1, 1, 1, 1, 1, 1, 1, 1, 1, 1, 1, 1, 1, 1, 1, 1, 1, 1, 1, 1, 1, 1, 1, 1, 1, 1, 1, 1, 1, 1, 1, 1, 1, 1, 1, 1, 1, 1, 1, 1, 1, 1, 1, 1, 1, 1, 1, 1, 1], [1, 1, 1, 1, 1, 1, 1, 1, 1, 1, 1, 1, 1, 1, 1, 1, 1, 1, 1, 1, 1, 1, 1, 1, 1, 1, 1, 1, 1, 1, 1, 1, 1, 1, 1, 1, 1, 1, 1, 1, 1, 1, 1, 1, 1, 1, 1, 1, 1, 1]]

means=tensor([1.4446e-04, 3.5326e-04, 4.2967e-04, 9.5717e-04, 1.9993e-04, 5.5372e-04,
        1.5431e-04, 2.4446e-04, 5.3004e-04, 7.5812e-04, 8.2602e-05, 1.0918e-05,
        6.8105e-05, 2.5609e-06, 3.8612e-04, 4.2325e-05, 1.6004e-04, 2.0492e-04,
        9.2291e-05, 2.8455e-05, 1.2364e-04, 1.3491e-04, 2.2318e-04, 1.6359e-05,
        1.1124e-04, 1.0501e-05, 1.5741e-04, 3.1918e-05, 6.8154e-05, 4.6106e-05,
        1.7448e-05, 4.4377e-05, 9.0815e-05, 1.5887e-04, 1.2909e-04, 4.8993e-05,
        1.5851e-04, 1.4223e-05, 7.3281e-06, 2.3661e-04, 1.3622e-04, 3.1578e-05,
        2.0182e-04, 1.7028e-04, 7.6427e-05, 9.7794e-05, 8.1394e-05, 4.1953e-05,
        3.6203e-05, 2.0692e-04, 5.1154e-05, 1.7182e-04, 6.1307e-05, 1.0756e-04,
        1.3977e-04, 2.2684e-04, 5.0943e-05, 1.4755e-04, 1.4123e-04, 1.9740e-04,
        2.6418e-04, 9.2908e-05, 2.5269e-04, 1.3966e-06, 1.2186e-04, 1.6303e-05,
        1.8210e-04, 3.1956e-05, 1.0382e-04, 3.7231e-05, 4.7668e-07, 6.0218e-05,
        5.0765e-05, 4.8491e-05, 1.3927e-04, 1.7879e-04, 3.5886e-05, 1.8096e-06,
        2.0515e-04, 3.6619e-05, 2.9160e-04, 1.7924e-04, 1.9236e-05, 6.8559e-05,
        7.1846e-05, 1.9622e-04, 2.3153e-06, 6.9814e-05, 4.2257e-05, 4.0800e-05,
        1.0829e-04, 1.1214e-05, 8.3483e-05, 7.3551e-05, 6.7668e-05, 8.2981e-05,
        1.8249e-05, 9.8015e-05, 4.8220e-05, 8.3157e-06, 4.9831e-06, 1.4961e-04,
        2.8585e-05, 1.9441e-04, 5.6356e-05, 3.0175e-05, 6.8507e-05, 8.8032e-05,
        7.0148e-06, 9.8355e-05, 1.6254e-04, 1.6415e-04, 1.2433e-05],
       grad_fn=<CatBackward>)

mean_overall=tensor(0.0001, grad_fn=<MeanBackward0>)

-----------------------------------------------ITERATION380-----------------------------------------------

final_causality=[[1, 1, 1, 1, 1, 1, 1, 1, 1, 1, 1, 1, 1], [1, 1, 1, 1, 1, 1, 1, 1, 1, 1, 1, 1, 1, 1, 1, 1, 1, 1, 1, 1, 1, 1, 1, 1, 1, 1, 1, 1, 1, 1, 1, 1, 1, 1, 1, 1, 1, 1, 1, 1, 1, 1, 1, 1, 1, 1, 1, 1, 1, 1], [1, 1, 1, 1, 1, 1, 1, 1, 1, 1, 1, 1, 1, 1, 1, 1, 1, 1, 1, 1, 1, 1, 1, 1, 1, 1, 1, 1, 1, 1, 1, 1, 1, 1, 1, 1, 1, 1, 1, 1, 1, 1, 1, 1, 1, 1, 1, 1, 1, 1]]

means=tensor([1.4763e-04, 3.6295e-04, 4.4452e-04, 9.8207e-04, 2.0825e-04, 5.5680e-04,
        1.6314e-04, 2.5858e-04, 5.4884e-04, 7.7551e-04, 7.6058e-05, 1.0726e-05,
        7.0791e-05, 2.7452e-06, 3.8808e-04, 4.3298e-05, 1.6178e-04, 2.0659e-04,
        9.0781e-05, 2.8532e-05, 1.2513e-04, 1.3554e-04, 2.2527e-04, 1.5476e-05,
        1.1180e-04, 1.0835e-05, 1.5987e-04, 3.2657e-05, 6.8706e-05, 4.6046e-05,
        1.6833e-05, 4.4498e-05, 9.1308e-05, 1.5921e-04, 1.2823e-04, 5.0177e-05,
        1.6067e-04, 1.3948e-05, 7.2050e-06, 2.3734e-04, 1.3671e-04, 3.1696e-05,
        2.0235e-04, 1.7451e-04, 7.7127e-05, 9.7613e-05, 8.2603e-05, 4.2761e-05,
        3.6593e-05, 2.0841e-04, 5.1550e-05, 1.7301e-04, 6.0390e-05, 1.0860e-04,
        1.4102e-04, 2.2977e-04, 5.1461e-05, 1.4880e-04, 1.3977e-04, 1.9602e-04,
        2.6548e-04, 9.3823e-05, 2.5456e-04, 1.3177e-06, 1.2650e-04, 1.6775e-05,
        1.8457e-04, 3.2510e-05, 1.0762e-04, 3.8269e-05, 4.6402e-07, 6.1331e-05,
        5.1811e-05, 4.9922e-05, 1.4307e-04, 1.8158e-04, 3.6674e-05, 1.9022e-06,
        2.0966e-04, 3.7515e-05, 2.9854e-04, 1.8019e-04, 1.8882e-05, 6.9849e-05,
        7.3968e-05, 2.0123e-04, 2.2943e-06, 7.1138e-05, 4.3578e-05, 4.1442e-05,
        1.1114e-04, 1.1422e-05, 8.4359e-05, 7.3974e-05, 7.0076e-05, 8.4651e-05,
        1.8613e-05, 9.9438e-05, 4.9940e-05, 8.2592e-06, 4.9756e-06, 1.5322e-04,
        2.9365e-05, 1.9664e-04, 5.7845e-05, 3.0856e-05, 6.9402e-05, 8.9448e-05,
        7.0137e-06, 9.9395e-05, 1.6512e-04, 1.6761e-04, 1.2691e-05],
       grad_fn=<CatBackward>)

mean_overall=tensor(0.0001, grad_fn=<MeanBackward0>)

-----------------------------------------------ITERATION390-----------------------------------------------

final_causality=[[1, 1, 1, 1, 1, 1, 1, 1, 1, 1, 1, 1, 1], [1, 1, 1, 1, 1, 1, 1, 1, 1, 1, 1, 1, 1, 1, 1, 1, 1, 1, 1, 1, 1, 1, 1, 1, 1, 1, 1, 1, 1, 1, 1, 1, 1, 1, 1, 1, 1, 1, 1, 1, 1, 1, 1, 1, 1, 1, 1, 1, 1, 1], [1, 1, 1, 1, 1, 1, 1, 1, 1, 1, 1, 1, 1, 1, 1, 1, 1, 1, 1, 1, 1, 1, 1, 1, 1, 1, 1, 1, 1, 1, 1, 1, 1, 1, 1, 1, 1, 1, 1, 1, 1, 1, 1, 1, 1, 1, 1, 1, 1, 1]]

means=tensor([1.5081e-04, 3.7262e-04, 4.5947e-04, 1.0070e-03, 2.1664e-04, 5.5995e-04,
        1.7202e-04, 2.7285e-04, 5.6774e-04, 7.9300e-04, 6.9334e-05, 1.0530e-05,
        7.3536e-05, 2.9283e-06, 3.9005e-04, 4.4278e-05, 1.6354e-04, 2.0826e-04,
        8.9289e-05, 2.8605e-05, 1.2661e-04, 1.3619e-04, 2.2735e-04, 1.4594e-05,
        1.1235e-04, 1.1176e-05, 1.6236e-04, 3.3396e-05, 6.9266e-05, 4.5995e-05,
        1.6212e-05, 4.4621e-05, 9.1821e-05, 1.5954e-04, 1.2738e-04, 5.1355e-05,
        1.6301e-04, 1.3676e-05, 7.0849e-06, 2.3806e-04, 1.3720e-04, 3.1815e-05,
        2.0331e-04, 1.7881e-04, 7.7839e-05, 9.7432e-05, 8.3808e-05, 4.3579e-05,
        3.6993e-05, 2.0990e-04, 5.1952e-05, 1.7419e-04, 5.9497e-05, 1.0963e-04,
        1.4226e-04, 2.3271e-04, 5.1984e-05, 1.5003e-04, 1.3831e-04, 1.9466e-04,
        2.6678e-04, 9.4732e-05, 2.5644e-04, 1.2321e-06, 1.3112e-04, 1.7250e-05,
        1.8704e-04, 3.3068e-05, 1.1144e-04, 3.9315e-05, 4.5090e-07, 6.2445e-05,
        5.2863e-05, 5.1346e-05, 1.4688e-04, 1.8437e-04, 3.7472e-05, 1.9982e-06,
        2.1417e-04, 3.8405e-05, 3.0545e-04, 1.8114e-04, 1.8528e-05, 7.1241e-05,
        7.6098e-05, 2.0622e-04, 2.2710e-06, 7.2463e-05, 4.4897e-05, 4.2083e-05,
        1.1397e-04, 1.1633e-05, 8.5245e-05, 7.4401e-05, 7.2485e-05, 8.6333e-05,
        1.9090e-05, 1.0088e-04, 5.1654e-05, 8.2021e-06, 4.9675e-06, 1.5713e-04,
        3.0147e-05, 1.9887e-04, 5.9339e-05, 3.1648e-05, 7.0302e-05, 9.0874e-05,
        7.0130e-06, 1.0046e-04, 1.6803e-04, 1.7107e-04, 1.2959e-05],
       grad_fn=<CatBackward>)

mean_overall=tensor(0.0001, grad_fn=<MeanBackward0>)

-----------------------------------------------ITERATION400-----------------------------------------------

final_causality=[[1, 1, 1, 1, 1, 1, 1, 1, 1, 1, 1, 1, 1], [1, 1, 1, 1, 1, 1, 1, 1, 1, 1, 1, 1, 1, 1, 1, 1, 1, 1, 1, 1, 1, 1, 1, 1, 1, 1, 1, 1, 1, 1, 1, 1, 1, 1, 1, 1, 1, 1, 1, 1, 1, 1, 1, 1, 1, 1, 1, 1, 1, 1], [1, 1, 1, 1, 1, 1, 1, 1, 1, 1, 1, 1, 1, 1, 1, 1, 1, 1, 1, 1, 1, 1, 1, 1, 1, 1, 1, 1, 1, 1, 1, 1, 1, 1, 1, 1, 1, 1, 1, 1, 1, 1, 1, 1, 1, 1, 1, 1, 1, 1]]

means=tensor([1.5401e-04, 3.8228e-04, 4.7452e-04, 1.0321e-03, 2.2510e-04, 5.6317e-04,
        1.8092e-04, 2.8726e-04, 5.8674e-04, 8.1059e-04, 6.2427e-05, 1.0327e-05,
        7.6341e-05, 3.1101e-06, 3.9202e-04, 4.5263e-05, 1.6531e-04, 2.0992e-04,
        8.7817e-05, 2.8674e-05, 1.2809e-04, 1.3823e-04, 2.2944e-04, 1.3712e-05,
        1.1289e-04, 1.1525e-05, 1.6490e-04, 3.4136e-05, 6.9836e-05, 4.5952e-05,
        1.5587e-05, 4.4747e-05, 9.2674e-05, 1.5986e-04, 1.2653e-04, 5.2528e-05,
        1.6537e-04, 1.3408e-05, 6.9680e-06, 2.3876e-04, 1.3769e-04, 3.2235e-05,
        2.0426e-04, 1.8317e-04, 7.8562e-05, 9.7251e-05, 8.5010e-05, 4.4406e-05,
        3.7402e-05, 2.1140e-04, 5.2359e-05, 1.7536e-04, 5.8628e-05, 1.1065e-04,
        1.4351e-04, 2.3565e-04, 5.2512e-05, 1.5125e-04, 1.3686e-04, 1.9330e-04,
        2.6808e-04, 9.5637e-05, 2.5833e-04, 1.1395e-06, 1.3572e-04, 1.7729e-05,
        1.8953e-04, 3.3631e-05, 1.1528e-04, 4.0368e-05, 4.3732e-07, 6.3556e-05,
        5.3920e-05, 5.2760e-05, 1.5077e-04, 1.8715e-04, 3.8281e-05, 2.0978e-06,
        2.1866e-04, 3.9289e-05, 3.1234e-04, 1.8210e-04, 1.8175e-05, 7.2986e-05,
        7.8237e-05, 2.1119e-04, 2.2454e-06, 7.3789e-05, 4.6215e-05, 4.2722e-05,
        1.1679e-04, 1.1846e-05, 8.6140e-05, 7.4833e-05, 7.4895e-05, 8.8026e-05,
        1.9571e-05, 1.0235e-04, 5.3362e-05, 8.1444e-06, 4.9588e-06, 1.6138e-04,
        3.0930e-05, 2.0111e-04, 6.0839e-05, 3.2442e-05, 7.1209e-05, 9.2311e-05,
        7.0128e-06, 1.0155e-04, 1.7100e-04, 1.7452e-04, 1.3300e-05],
       grad_fn=<CatBackward>)

mean_overall=tensor(0.0001, grad_fn=<MeanBackward0>)

-----------------------------------------------ITERATION410-----------------------------------------------

final_causality=[[1, 1, 1, 1, 1, 1, 1, 1, 1, 1, 1, 1, 1], [1, 1, 1, 1, 1, 1, 1, 1, 1, 1, 1, 1, 1, 1, 1, 1, 1, 1, 1, 1, 1, 1, 1, 1, 1, 1, 1, 1, 1, 1, 1, 1, 1, 1, 1, 1, 1, 1, 1, 1, 1, 1, 1, 1, 1, 1, 1, 1, 1, 1], [1, 1, 1, 1, 1, 1, 1, 1, 1, 1, 1, 1, 1, 1, 1, 1, 1, 1, 1, 1, 1, 1, 1, 1, 1, 1, 1, 1, 1, 1, 1, 1, 1, 1, 1, 1, 1, 1, 1, 1, 1, 1, 1, 1, 1, 1, 1, 1, 1, 1]]

means=tensor([1.5721e-04, 3.9190e-04, 4.8966e-04, 1.0572e-03, 2.3362e-04, 5.6646e-04,
        1.8985e-04, 3.0182e-04, 6.0584e-04, 8.2828e-04, 5.5335e-05, 1.0120e-05,
        7.9205e-05, 3.2905e-06, 3.9401e-04, 4.6255e-05, 1.6710e-04, 2.1158e-04,
        8.6365e-05, 2.8740e-05, 1.2956e-04, 1.4107e-04, 2.3152e-04, 1.2829e-05,
        1.1385e-04, 1.1882e-05, 1.6748e-04, 3.4877e-05, 7.0415e-05, 4.5917e-05,
        1.4957e-05, 4.4876e-05, 9.5084e-05, 1.6017e-04, 1.2569e-04, 5.3695e-05,
        1.6773e-04, 1.3142e-05, 6.8544e-06, 2.3946e-04, 1.3818e-04, 3.2690e-05,
        2.0521e-04, 1.8760e-04, 7.9297e-05, 9.7264e-05, 8.6209e-05, 4.5243e-05,
        3.7822e-05, 2.1290e-04, 5.2771e-05, 1.7653e-04, 5.7784e-05, 1.1167e-04,
        1.4476e-04, 2.3859e-04, 5.3043e-05, 1.5246e-04, 1.3541e-04, 1.9196e-04,
        2.6937e-04, 9.6535e-05, 2.6022e-04, 1.0399e-06, 1.4030e-04, 1.8211e-05,
        1.9203e-04, 3.4197e-05, 1.1929e-04, 4.1427e-05, 4.2330e-07, 6.4663e-05,
        5.4982e-05, 5.4212e-05, 1.5465e-04, 1.8992e-04, 3.9100e-05, 2.2010e-06,
        2.2314e-04, 4.0167e-05, 3.1920e-04, 1.8306e-04, 1.7823e-05, 7.4733e-05,
        8.0384e-05, 2.1614e-04, 2.2174e-06, 7.5116e-05, 4.7531e-05, 4.3359e-05,
        1.1959e-04, 1.2061e-05, 8.7046e-05, 7.5268e-05, 7.7307e-05, 8.9730e-05,
        2.0056e-05, 1.0383e-04, 5.5062e-05, 8.0861e-06, 4.9496e-06, 1.6563e-04,
        3.1714e-05, 2.0334e-04, 6.2342e-05, 3.3238e-05, 7.2121e-05, 9.3759e-05,
        7.0131e-06, 1.0266e-04, 1.7397e-04, 1.7798e-04, 1.3640e-05],
       grad_fn=<CatBackward>)

mean_overall=tensor(0.0001, grad_fn=<MeanBackward0>)

-----------------------------------------------ITERATION420-----------------------------------------------

final_causality=[[1, 1, 1, 1, 1, 1, 1, 1, 1, 1, 1, 1, 1], [1, 1, 1, 1, 1, 1, 1, 1, 1, 1, 1, 1, 1, 1, 1, 1, 1, 1, 1, 1, 1, 1, 1, 1, 1, 1, 1, 1, 1, 1, 1, 1, 1, 1, 1, 1, 1, 1, 1, 1, 1, 1, 1, 1, 1, 1, 1, 1, 1, 1], [1, 1, 1, 1, 1, 1, 1, 1, 1, 1, 1, 1, 1, 1, 1, 1, 1, 1, 1, 1, 1, 1, 1, 1, 1, 1, 1, 1, 1, 1, 1, 1, 1, 1, 1, 1, 1, 1, 1, 1, 1, 1, 1, 1, 1, 1, 1, 1, 1, 1]]

means=tensor([1.6044e-04, 4.0150e-04, 5.0490e-04, 1.0823e-03, 2.4219e-04, 5.6982e-04,
        1.9880e-04, 3.1651e-04, 6.2504e-04, 8.4605e-04, 4.8054e-05, 9.9061e-06,
        8.2129e-05, 3.4694e-06, 3.9600e-04, 4.7252e-05, 1.6890e-04, 2.1324e-04,
        8.4933e-05, 2.8801e-05, 1.3103e-04, 1.4392e-04, 2.3361e-04, 1.1946e-05,
        1.1479e-04, 1.2246e-05, 1.7011e-04, 3.5619e-05, 7.1004e-05, 4.5890e-05,
        1.4322e-05, 4.5007e-05, 9.7518e-05, 1.6047e-04, 1.2484e-04, 5.4857e-05,
        1.7009e-04, 1.2880e-05, 6.7440e-06, 2.4015e-04, 1.3867e-04, 3.3138e-05,
        2.0615e-04, 1.9209e-04, 8.0043e-05, 9.7638e-05, 8.7404e-05, 4.6088e-05,
        3.8250e-05, 2.1441e-04, 5.3188e-05, 1.7769e-04, 5.6965e-05, 1.1267e-04,
        1.4601e-04, 2.4153e-04, 5.3707e-05, 1.5366e-04, 1.3397e-04, 1.9062e-04,
        2.7065e-04, 9.7428e-05, 2.6211e-04, 9.3310e-07, 1.4542e-04, 1.8697e-05,
        1.9454e-04, 3.4768e-05, 1.2361e-04, 4.2493e-05, 4.0882e-07, 6.5767e-05,
        5.6048e-05, 5.5716e-05, 1.5852e-04, 1.9269e-04, 3.9930e-05, 2.3077e-06,
        2.2762e-04, 4.1039e-05, 3.2603e-04, 1.8403e-04, 1.7753e-05, 7.6480e-05,
        8.2538e-05, 2.2107e-04, 2.1871e-06, 7.6443e-05, 4.8844e-05, 4.3994e-05,
        1.2238e-04, 1.2279e-05, 8.7962e-05, 7.5709e-05, 7.9718e-05, 9.1444e-05,
        2.0545e-05, 1.0534e-04, 5.6754e-05, 8.0273e-06, 4.9398e-06, 1.6988e-04,
        3.2499e-05, 2.0561e-04, 6.3850e-05, 3.4036e-05, 7.3039e-05, 9.5216e-05,
        7.0138e-06, 1.0379e-04, 1.7694e-04, 1.8144e-04, 1.3979e-05],
       grad_fn=<CatBackward>)

mean_overall=tensor(0.0001, grad_fn=<MeanBackward0>)

-----------------------------------------------ITERATION430-----------------------------------------------

final_causality=[[1, 1, 1, 1, 1, 1, 1, 1, 1, 1, 1, 1, 1], [1, 1, 1, 1, 1, 1, 1, 1, 1, 1, 1, 1, 1, 1, 1, 1, 1, 1, 1, 1, 1, 1, 1, 1, 1, 1, 1, 1, 1, 1, 1, 1, 1, 1, 1, 1, 1, 1, 1, 1, 1, 1, 1, 1, 1, 1, 1, 1, 1, 1], [1, 1, 1, 1, 1, 1, 1, 1, 1, 1, 1, 1, 1, 1, 1, 1, 1, 1, 1, 1, 1, 1, 1, 1, 1, 1, 1, 1, 1, 1, 1, 1, 1, 1, 1, 1, 1, 1, 1, 1, 1, 1, 1, 1, 1, 1, 1, 1, 1, 1]]

means=tensor([1.6367e-04, 4.1106e-04, 5.2022e-04, 1.1075e-03, 2.5083e-04, 5.7325e-04,
        2.0778e-04, 3.3134e-04, 6.4432e-04, 8.6391e-04, 4.0581e-05, 9.6870e-06,
        8.5116e-05, 3.6468e-06, 3.9800e-04, 4.8256e-05, 1.7072e-04, 2.1488e-04,
        8.3522e-05, 2.8858e-05, 1.3249e-04, 1.4678e-04, 2.3568e-04, 1.1063e-05,
        1.1571e-04, 1.2619e-05, 1.7278e-04, 3.6361e-05, 7.1603e-05, 4.5872e-05,
        1.3682e-05, 4.5140e-05, 9.9975e-05, 1.6076e-04, 1.2506e-04, 5.6013e-05,
        1.7247e-04, 1.2622e-05, 6.6371e-06, 2.4082e-04, 1.3916e-04, 3.3581e-05,
        2.0709e-04, 1.9666e-04, 8.0801e-05, 9.8009e-05, 8.8595e-05, 4.6942e-05,
        3.8688e-05, 2.1593e-04, 5.3610e-05, 1.7884e-04, 5.6170e-05, 1.1366e-04,
        1.4727e-04, 2.4448e-04, 5.4738e-05, 1.5485e-04, 1.3254e-04, 1.8930e-04,
        2.7192e-04, 9.8313e-05, 2.6402e-04, 8.1892e-07, 1.5055e-04, 1.9185e-05,
        1.9707e-04, 3.5343e-05, 1.2796e-04, 4.3564e-05, 3.9390e-07, 6.6867e-05,
        5.7119e-05, 5.7210e-05, 1.6238e-04, 1.9546e-04, 4.0770e-05, 2.4181e-06,
        2.3207e-04, 4.2105e-05, 3.3330e-04, 1.8499e-04, 1.7967e-05, 7.8228e-05,
        8.4699e-05, 2.2596e-04, 2.1543e-06, 7.7770e-05, 5.0155e-05, 4.4627e-05,
        1.2516e-04, 1.2500e-05, 8.8887e-05, 7.6153e-05, 8.2128e-05, 9.3169e-05,
        2.1038e-05, 1.0687e-04, 5.8438e-05, 7.9681e-06, 4.9295e-06, 1.7412e-04,
        3.3285e-05, 2.0795e-04, 6.5362e-05, 3.4835e-05, 7.3963e-05, 9.6683e-05,
        7.0150e-06, 1.0496e-04, 1.7992e-04, 1.8489e-04, 1.4318e-05],
       grad_fn=<CatBackward>)

mean_overall=tensor(0.0001, grad_fn=<MeanBackward0>)

-----------------------------------------------ITERATION440-----------------------------------------------

final_causality=[[1, 1, 1, 1, 1, 1, 1, 1, 1, 1, 1, 1, 1], [1, 1, 1, 1, 1, 1, 1, 1, 1, 1, 1, 1, 1, 1, 1, 1, 1, 1, 1, 1, 1, 1, 1, 1, 1, 1, 1, 1, 1, 1, 1, 1, 1, 1, 1, 1, 1, 1, 1, 1, 1, 1, 1, 1, 1, 1, 1, 1, 1, 1], [1, 1, 1, 1, 1, 1, 1, 1, 1, 1, 1, 1, 1, 1, 1, 1, 1, 1, 1, 1, 1, 1, 1, 1, 1, 1, 1, 1, 1, 1, 1, 1, 1, 1, 1, 1, 1, 1, 1, 1, 1, 1, 1, 1, 1, 1, 1, 1, 1, 1]]

means=tensor([1.6691e-04, 4.2057e-04, 5.3564e-04, 1.1328e-03, 2.5952e-04, 5.7676e-04,
        2.1678e-04, 3.4631e-04, 6.6369e-04, 8.8185e-04, 3.2914e-05, 9.4619e-06,
        8.8164e-05, 3.8225e-06, 4.0000e-04, 4.9265e-05, 1.7254e-04, 2.1652e-04,
        8.2131e-05, 2.8911e-05, 1.3394e-04, 1.4964e-04, 2.3776e-04, 1.0179e-05,
        1.1662e-04, 1.2999e-05, 1.7549e-04, 3.7104e-05, 7.2211e-05, 4.5861e-05,
        1.3038e-05, 4.5276e-05, 1.0246e-04, 1.6103e-04, 1.2580e-04, 5.7163e-05,
        1.7485e-04, 1.2367e-05, 6.5337e-06, 2.4148e-04, 1.3965e-04, 3.4019e-05,
        2.0802e-04, 2.0129e-04, 8.1571e-05, 9.8377e-05, 8.9783e-05, 4.7805e-05,
        3.9136e-05, 2.1745e-04, 5.4037e-05, 1.7998e-04, 5.5398e-05, 1.1464e-04,
        1.4852e-04, 2.4742e-04, 5.5764e-05, 1.5603e-04, 1.3113e-04, 1.8799e-04,
        2.7319e-04, 9.9192e-05, 2.6592e-04, 6.9723e-07, 1.5565e-04, 1.9677e-05,
        1.9960e-04, 3.5921e-05, 1.3233e-04, 4.4642e-05, 3.7853e-07, 6.7963e-05,
        5.8209e-05, 5.8693e-05, 1.6623e-04, 1.9821e-04, 4.1620e-05, 2.5321e-06,
        2.3652e-04, 4.3223e-05, 3.4077e-04, 1.8596e-04, 1.8184e-05, 7.9977e-05,
        8.6866e-05, 2.3083e-04, 2.1191e-06, 7.9097e-05, 5.1462e-05, 4.5257e-05,
        1.2791e-04, 1.2724e-05, 8.9870e-05, 7.6601e-05, 8.4538e-05, 9.4904e-05,
        2.1535e-05, 1.0842e-04, 6.0113e-05, 7.9084e-06, 4.9187e-06, 1.7836e-04,
        3.4071e-05, 2.1029e-04, 6.6877e-05, 3.5636e-05, 7.4893e-05, 9.8160e-05,
        7.0168e-06, 1.0614e-04, 1.8289e-04, 1.8835e-04, 1.4657e-05],
       grad_fn=<CatBackward>)

mean_overall=tensor(0.0001, grad_fn=<MeanBackward0>)

