loss_training=[0.01258897863833771, 0.011942553671327507, 0.011929984868720793, 0.011854805517334923, 0.011798667905654987, 0.011747913841570158, 0.011693336466604599, 0.011633565271877349, 0.011567940885815453, 0.011495908239266026, 0.011417009462660945, 0.01133063763468116, 0.011236193927358739, 0.011133165136307, 0.011021044630695299, 0.010899350386541532, 0.010767582403465314, 0.01062519530864499, 0.010471601160458532, 0.010306244399765007, 0.010128730269496563, 0.009938952992254089, 0.009737191788105615, 0.00952416599081259, 0.009301070282002223, 0.009069588740898662, 0.00883186502353036, 0.008590419841998383, 0.008348013346145202, 0.00810746998122611, 0.007871510642442407, 0.00764264246756597, 0.007423107724416363, 0.007214850608815395, 0.007019467581849717, 0.006838148633454684, 0.0066716365308405546, 0.006520229039847118, 0.006383796549226218, 0.006261911009821911, 0.006153951325804658, 0.006059121666902112, 0.005976518294483059, 0.005905144518732838, 0.005843973323326364]

test_loss_training=[0.10279703529371961, 0.10307993993918071, 0.09956102959751166, 0.09943124900641104, 0.09977926569534955, 0.09960566824376359, 0.09907411992077161, 0.09840566591038562, 0.09769355023727301, 0.09692626892705594, 0.09603772495263294, 0.09500367972988441, 0.09389596602111927, 0.09278058166841148, 0.09162554609364633, 0.09041596183913479, 0.08920173429898569, 0.08799377786864164, 0.08681194088381888, 0.08568105016422933, 0.08460949862394136, 0.0836077764004771, 0.08268069763359284, 0.08183460744848811, 0.08107639594549804, 0.08041312633118428, 0.07985343301092102, 0.07940868912321451, 0.07909527172758846, 0.07893644064787093, 0.07896157197722711, 0.07920148876210575, 0.07968127875572771, 0.08041397826366219, 0.0813980824427157, 0.08262004605330057, 0.08405893778510862, 0.0856898623519526, 0.08748487674515854, 0.08941289451308033, 0.09143927307590573, 0.09352881415051371, 0.09564658751854299, 0.09777268617773992, 0.09984241973377168]

loss_control_training_MSE=[0.011942973941114245, 0.011916608825779712, 0.011903258147621365, 0.01185503988675126, 0.011797624898523566, 0.011744293050027674, 0.011688566007072855, 0.011627953457927916, 0.01156157982219116, 0.011488927147758463, 0.011409387564103795, 0.011322278820715705, 0.011227066608902079, 0.011123221517569228, 0.011010246998937752, 0.01088765834734829, 0.010754952820441413, 0.01061157935820575, 0.010456949436053055, 0.010290516867545927, 0.01011191099741021, 0.009921064075550275, 0.009718297802334486, 0.009504378450528999, 0.009280550818623733, 0.009048546585282667, 0.008810551270268707, 0.008569116188304452, 0.008327014792574815, 0.008087065362103385, 0.00785196813297855, 0.007624202031024563, 0.0074059775010450555, 0.007199203049718658, 0.007005434058555119, 0.006825814916106505, 0.00666104168551805, 0.00651136727584396, 0.006376646327110436, 0.006256419515643454, 0.0061500305253165835, 0.006056669461104138, 0.005975424157711709, 0.0059053009755391924, 0.0058452598442210605]

variances=[9.800618971175217e-10, 1.0524462571505724e-09, 1.190374199825557e-09, 1.3805159020432342e-09, 1.6887170846995906e-09, 2.161634185701604e-09, 2.8514254756994835e-09, 3.816568630970359e-09, 5.131037407457332e-09, 6.884570997943218e-09, 9.183768638233721e-09, 1.2158825791003439e-08, 1.5964653205600982e-08, 2.077059033372089e-08, 2.6776516494966287e-08, 3.421026493412307e-08, 4.3309355470528554e-08, 5.4344610970868935e-08, 6.762708376484318e-08, 8.356059983645568e-08, 1.026830581641422e-07, 1.2564482887351858e-07, 1.5328086675421497e-07, 1.8656992593303684e-07, 2.2656978018587362e-07, 2.7439755878307455e-07, 3.311893945478489e-07, 3.979875560669401e-07, 4.7568489164436495e-07, 5.6489179503202e-07, 6.659167896172382e-07, 7.786718453816989e-07, 9.026894356511367e-07, 1.0371260160293486e-06, 1.1806931771261767e-06, 1.3316609769499284e-06, 1.4878788382305353e-06, 1.6470071017766387e-06, 1.8040242792718053e-06, 1.9569561000907232e-06, 2.1056803750283456e-06, 2.2487584643702623e-06, 2.3851127220292735e-06, 2.5126942095919055e-06, 2.632327141496788e-06]

ACE_values=[3.966432468918382e-05, 4.004019975024956e-05, 4.053088283768523e-05, 4.205285671280826e-05, 4.40808701457882e-05, 4.64815233863995e-05, 4.9298999436399154e-05, 5.255495450189629e-05, 5.62832422040372e-05, 6.057621832302312e-05, 6.54767343483404e-05, 7.1028067827712e-05, 7.728867566333486e-05, 8.441883544311176e-05, 9.243146353915126e-05, 0.00010134299934282146, 0.0001111539536977017, 0.00012181826778349738, 0.0001334275753470425, 0.00014594259764867803, 0.00015938662527884177, 0.00017408006100409805, 0.00019008416747833665, 0.00020746502540243468, 0.00022635660764505603, 0.00024671781897492014, 0.0002684957587046835, 0.00029165533516461317, 0.00031607860637409684, 0.00034150205310983455, 0.0003676212821331391, 0.0003941043716533564, 0.0004205894920265302, 0.0004467261041130637, 0.0004722067247366772, 0.000496804550312706, 0.0005203902130886319, 0.0005427463212519414, 0.0005660476380675509, 0.000589624057142058, 0.0006117550296983365, 0.0006322994974182792, 0.0006512798603598101, 0.000669744763077349, 0.0006867692567553256]

-------------------------------CAUSAL NEURAL NET-------------------------------

loss_test_causal=tensor(0.1016, grad_fn=<MseLossBackward>)

