loss_training=[0.110529292393699, 0.018529065739084888, 0.010267989874314131, 0.011303061530785176, 0.00818027094720622, 0.008442491848379117, 0.007961498593599077, 0.0078444356939696, 0.007648719440077425, 0.007478781988088212, 0.007282692465110207, 0.007073467285395712, 0.006840450257717377, 0.006586815914279404, 0.006309791491993464, 0.006006525830715422, 0.005673932596056591, 0.005309785853253184, 0.004906278013826485, 0.004464812309518029, 0.003982577734481846, 0.003453909746393218, 0.002876660373865452, 0.0022470468014925624, 0.0015575211569279386, 0.0008023783542642077, -2.1613545291801484e-05, -0.0009207834483932441, -0.001900711308502688, -0.0029696483738292784, -0.004138234911697923, -0.0054229656430268905, -0.0068271743840480695, -0.008358244690242512, -0.010028826248408567, -0.0118498236377427, -0.01383368562612241, -0.015998848465341064, -0.018366027831212585, -0.020948399529359, -0.023764309182749112, -0.02683033548238712, -0.03016188719167871, -0.03377722780190974, -0.037691630658554735]

test_loss_training=[0.33949762130314626, 0.150094433490773, 0.07966202181144566, 0.07957445604568007, 0.10304005267605804, 0.11232960356981853, 0.1038196052654316, 0.09899136368658153, 0.10169412527064203, 0.10349478847504542, 0.10229702918773118, 0.10177088846774729, 0.10228674715678628, 0.1023237883277722, 0.1021071769756174, 0.10215927912268657, 0.10221122683591666, 0.10217350044402577, 0.10218834729197437, 0.1022209918094605, 0.10223860923049538, 0.10227392954816422, 0.1023202832588128, 0.10237125579738048, 0.10243414250202358, 0.1025078533720304, 0.10259113476810205, 0.10268454043639375, 0.10278706188128531, 0.10289819982814473, 0.10301506845293822, 0.10313491321286461, 0.10325394002166963, 0.10336699648661515, 0.10346623353095814, 0.10354401417923532, 0.10358865463358304, 0.10358673929341763, 0.10352057470834017, 0.10336899543051849, 0.10311089133503841, 0.1027023230283164, 0.10211121469059779, 0.10127795777392076, 0.10014265031488076]

loss_control_training_MSE=[0.09971698259806075, 0.018523743715266473, 0.014680909954659715, 0.014680590647629206, 0.012008871116821505, 0.012338233849315573, 0.012004648349786776, 0.012055699034232694, 0.01199759995625731, 0.011991301987572589, 0.011986708827670065, 0.011986598580957724, 0.01198062864938096, 0.01197799083923354, 0.011976988392193005, 0.011975382302932039, 0.011974594407530306, 0.011975261446392455, 0.011976899179062193, 0.011979961987054373, 0.011984970621692485, 0.011992137000450799, 0.012001960866330682, 0.012015027213857223, 0.012031936107749237, 0.012053461724251533, 0.012080524723577537, 0.012114199784334444, 0.012155766351239161, 0.012206733023657233, 0.012268900160571956, 0.012344394271672521, 0.012435737063627335, 0.01254592016837397, 0.012678503621438781, 0.012837681029298586, 0.01302842244415415, 0.013256561222558418, 0.013528934390134646, 0.013853464737040556, 0.014239182683230265, 0.01469637114805825, 0.015235914860498608, 0.015869228538564293, 0.01660717831126506]

variances=[1.0881436265507701e-09, 1.1184090178356902e-09, 1.2276685984423812e-09, 1.3347616677392466e-09, 1.4310743561667215e-09, 1.583184963159164e-09, 1.8074379228162964e-09, 2.092034035244024e-09, 2.428052386966262e-09, 2.841413748696971e-09, 3.3582899638909755e-09, 3.986856897934184e-09, 4.740625470205086e-09, 5.6497133411448485e-09, 6.745117940338696e-09, 8.053842935919711e-09, 9.617074665977138e-09, 1.1485026895270729e-08, 1.371336452249603e-08, 1.636670688097769e-08, 1.9524811226291063e-08, 2.3278381352966204e-08, 2.774369131533749e-08, 3.305187820156181e-08, 3.936184195936437e-08, 4.685717745754854e-08, 5.57634811329752e-08, 6.635087514987466e-08, 7.894154363684556e-08, 9.391678662097977e-08, 1.1173508975493879e-07, 1.3293057893567494e-07, 1.5817661594740652e-07, 1.8828580895867286e-07, 2.2422131877511786e-07, 2.671615215571079e-07, 3.1851990596367213e-07, 3.800051294320807e-07, 4.536649013827223e-07, 5.419910101347875e-07, 6.479624531717836e-07, 7.751483294283702e-07, 9.277522161679281e-07, 1.1106510163868946e-06, 1.3294275260480958e-06]

ACE_values=[3.290349839618328e-05, 3.491307229681884e-05, 3.7389601701979796e-05, 3.8371624882184024e-05, 3.845536347117147e-05, 3.91019175627562e-05, 4.054718796305188e-05, 4.210502487256566e-05, 4.35294149970226e-05, 4.5128916592136e-05, 4.7039011869026854e-05, 4.9136232231467846e-05, 5.1406304197837915e-05, 5.3913230224527814e-05, 5.6673139395496086e-05, 5.969014739579753e-05, 6.300666942243186e-05, 6.665362471321759e-05, 7.070406785716271e-05, 7.514759495466994e-05, 8.001799975861176e-05, 8.537401305853818e-05, 9.124181245074313e-05, 9.766511916822271e-05, 0.00010472530460290014, 0.00011248697750954714, 0.00012099153711134433, 0.00013031283346645703, 0.0001405192504775605, 0.00015170812788370156, 0.00016400356554403082, 0.00017759142387349265, 0.00019252982862954555, 0.0002089220190625264, 0.00022692949647434821, 0.0002467025494730981, 0.0002684145477853795, 0.00029230726292512737, 0.00031865517656412914, 0.0003476681443323699, 0.0003796188554721817, 0.0004147746340630095, 0.0004533981749384283, 0.000495785872366788, 0.0005422002103106798]

-------------------------------CAUSAL NEURAL NET-------------------------------

loss_test_causal=tensor(0.0988, grad_fn=<MseLossBackward>)

