loss_training=[0.05074707050539329, 0.002190514591829145, 0.005687492719825908, 0.00225276780148105, 0.0025574285857557326, 0.002258814300718554, 0.002178872249411257, 0.00219032342203262, 0.002168313763112174, 0.002162082710827155, 0.0021596880595316096, 0.002156000285785894, 0.002152322487774124, 0.0021487865722478214, 0.0021451696808343027, 0.002141422141484955, 0.002137555521399063, 0.0021335772459681887, 0.002129489966826755, 0.002125295693899659, 0.0021209965876925396, 0.002116594700655504, 0.0021120917889704614, 0.0021074893311435164, 0.0021027885220462417, 0.002097990319192943, 0.002093095454176782, 0.0020881044625292357, 0.002083017699597403, 0.002077835362970364, 0.0020725575096318567, 0.0020671840752678784, 0.0020617148914781978, 0.0020561497037095626, 0.002050488188320564, 0.002044729969909448, 0.0020388746382775927, 0.002032921765494385, 0.0020268709228083836, 0.0020207216975667132, 0.0020144737100305705, 0.002008126630112012, 0.0020016801939609584, 0.001995134220355538, 0.0019884886268251795]

test_loss_training=[0.049937754507231064, 0.14635133930132274, 0.17070193148988264, 0.12541954070960315, 0.12381083328811156, 0.1403741371727582, 0.13453079505160914, 0.13093438653287753, 0.13484420168616562, 0.13335468800355282, 0.1327878303746571, 0.13346763352389157, 0.13280546816283176, 0.1328362787549389, 0.13269868707066285, 0.13246765985137732, 0.13237054410573304, 0.132159507430505, 0.13200664637378431, 0.13181859787338526, 0.1316360212059868, 0.1314464887395303, 0.13125028049031168, 0.13105105437262912, 0.13084480086516248, 0.13063470078532974, 0.13041848885350793, 0.13019759023025057, 0.12997104476527577, 0.12973935718826374, 0.129502131972017, 0.12925949884739216, 0.12901126843117902, 0.12875742660740422, 0.12849785196054986, 0.1282324747191201, 0.12796119246549653, 0.12768391363626505, 0.12740053900651666, 0.12711096921290033, 0.12681510482079444, 0.1265128453946823, 0.12620409265344537, 0.12588874930103017, 0.1255667213816728]

loss_control_training_MSE=[0.04042420930687886, 0.0025505404849234846, 0.005128807685342257, 0.002371441785509382, 0.0024498080709205836, 0.002280355654902097, 0.002171661031294633, 0.0021859454014821153, 0.002169324606197116, 0.0021616452044957014, 0.0021590812731635827, 0.0021556609092108514, 0.0021520040290421054, 0.0021484303039683694, 0.002144796131270747, 0.0021410393964065694, 0.0021371627646859744, 0.002133173557346929, 0.002129075361285928, 0.0021248704469687164, 0.0021205609623480724, 0.0021161488979448096, 0.002111635971476269, 0.0021070236295725104, 0.002102313042183329, 0.0020975051437064065, 0.002092600645051116, 0.002087600063058305, 0.0020825037363103737, 0.0020773118475925527, 0.0020720244408874568, 0.002066641440710547, 0.0020611626692402063, 0.002055587864250498, 0.002049916696147426, 0.0020441487852853922, 0.0020382837189280413, 0.0020323210683007784, 0.0020262604055030003, 0.0020201013204159983, 0.002013843437515982, 0.002007486432594842, 0.002001030049332149, 0.001994474115660605, 0.0019878185598586782]

variances=[1.9010218157325582e-09, 2.0799523584405505e-09, 2.1818226730780382e-09, 2.002983476434157e-09, 2.0145703279688506e-09, 2.0921564465308455e-09, 2.1009322637180195e-09, 2.124907964369137e-09, 2.180092782980417e-09, 2.2269364842749114e-09, 2.2695035693172373e-09, 2.3239748564488126e-09, 2.381146759723716e-09, 2.4489275831773138e-09, 2.5248121046484593e-09, 2.609845863016687e-09, 2.705397125796478e-09, 2.8111679861162186e-09, 2.9284003190739226e-09, 3.0573270453274215e-09, 3.198705526901311e-09, 3.352347166093336e-09, 3.519557365415745e-09, 3.7013995901447348e-09, 3.8986950052049565e-09, 4.11211450140228e-09, 4.343610449064123e-09, 4.592978706469096e-09, 4.861008547312537e-09, 5.1488697924744714e-09, 5.4579935912734484e-09, 5.78895361107373e-09, 6.1428918457143e-09, 6.520885739415245e-09, 6.924477465191692e-09, 7.354827574010196e-09, 7.813299428305042e-09, 8.301277222908125e-09, 8.82021710430091e-09, 9.37154431611129e-09, 9.956831124022015e-09, 1.057758155334503e-08, 1.1235964716563497e-08, 1.193366065631388e-08, 1.2672622647979653e-08]

ACE_values=[5.692672699947381e-05, 6.181715947612432e-05, 6.268472938390355e-05, 6.07568547183129e-05, 6.0762276901466944e-05, 6.163877249600207e-05, 6.155148258507382e-05, 6.158456723012543e-05, 6.198100175125257e-05, 6.21280204555978e-05, 6.246381669307729e-05, 6.287755455674899e-05, 6.325376228955777e-05, 6.368162540432462e-05, 6.41271328047641e-05, 6.459195266714591e-05, 6.508465684748156e-05, 6.559620187624482e-05, 6.6132401634884e-05, 6.668874092790246e-05, 6.726677349836387e-05, 6.787139057069706e-05, 6.850024199388165e-05, 6.915333078518822e-05, 6.983171628302446e-05, 7.053513843357152e-05, 7.127900158640178e-05, 7.204784426865792e-05, 7.28459007050803e-05, 7.366743820819807e-05, 7.452291422954351e-05, 7.540358474402662e-05, 7.631386707392291e-05, 7.72558282557338e-05, 7.822486144122601e-05, 7.92198687300198e-05, 8.024124973402717e-05, 8.128974739376266e-05, 8.23662001903325e-05, 8.347285683584846e-05, 8.461194732849139e-05, 8.578980707443944e-05, 8.70174411159225e-05, 8.827962183494107e-05, 8.957362612645083e-05]

-------------------------------CAUSAL NEURAL NET-------------------------------

loss_test_causal=tensor(0.1253, grad_fn=<MseLossBackward>)

