-----------------------------------------------ITERATION0-----------------------------------------------

final_causality=[[1, 1, 1, 1, 1, 1, 1, 1, 1, 1, 1, 1, 1], [1, 1, 1, 1, 1, 1, 1, 1, 1, 1, 1, 1, 1, 1, 1, 1, 1, 1, 1, 1, 1, 1, 1, 1, 1, 1, 1, 1, 1, 1, 1, 1, 1, 1, 1, 1, 1, 1, 1, 1, 1, 1, 1, 1, 1, 1, 1, 1, 1, 1], [1, 1, 1, 1, 1, 1, 1, 1, 1, 1, 1, 1, 1, 1, 1, 1, 1, 1, 1, 1, 1, 1, 1, 1, 1, 1, 1, 1, 1, 1, 1, 1, 1, 1, 1, 1, 1, 1, 1, 1, 1, 1, 1, 1, 1, 1, 1, 1, 1, 1]]

means=tensor([1.9422e-04, 0.0000e+00, 1.9586e-04, 0.0000e+00, 4.4801e-05, 7.3972e-05,
        4.9372e-05, 6.3610e-05, 5.5021e-05, 4.2462e-05, 2.1921e-06, 4.3548e-05,
        6.9924e-06, 5.3985e-05, 5.1516e-05, 1.2676e-05, 1.1866e-04, 1.2483e-05,
        3.1005e-05, 1.2489e-04, 1.4227e-04, 4.2282e-05, 4.2785e-06, 5.9169e-06,
        5.6927e-05, 2.1045e-05, 2.8945e-06, 2.9922e-05, 4.7231e-06, 6.5309e-05,
        2.0155e-05, 1.1547e-04, 3.3044e-05, 6.0458e-05, 2.9363e-05, 8.2390e-05,
        4.9453e-05, 5.8258e-05, 7.6375e-05, 6.3371e-05, 1.1359e-04, 2.9553e-05,
        4.5444e-05, 5.9108e-05, 1.3167e-05, 5.9652e-05, 8.6712e-05, 4.0196e-05,
        1.8280e-05, 7.7684e-06, 1.2820e-04, 1.4266e-04, 8.3171e-05, 7.3387e-05,
        8.3013e-05, 7.3416e-07, 2.0432e-05, 8.5359e-05, 6.3743e-06, 6.0626e-05,
        3.1586e-05, 1.0534e-04, 4.7429e-05, 5.5481e-05, 2.5099e-05, 1.4507e-04,
        2.4767e-05, 2.7631e-05, 1.0554e-05, 1.0960e-04, 7.0221e-07, 2.7449e-05,
        7.5669e-05, 7.1508e-05, 2.6759e-05, 8.4599e-05, 1.7519e-05, 8.9559e-05,
        3.2361e-05, 3.6299e-05, 2.7167e-05, 6.9315e-05, 1.2169e-04, 5.5839e-05,
        8.4488e-05, 4.5136e-05, 1.3109e-04, 4.2804e-05, 9.6382e-05, 6.7283e-05,
        1.0926e-04, 5.7789e-05, 8.7374e-06, 4.6557e-05, 8.1333e-05, 7.7717e-06,
        7.3958e-05, 5.6546e-05, 1.2830e-04, 1.1638e-06, 5.2782e-05, 3.0374e-05,
        6.7322e-05, 5.7938e-05, 5.2217e-05, 1.6455e-05, 2.1130e-04, 5.2552e-05,
        1.5533e-05, 5.2469e-05, 7.4810e-05, 3.0319e-05, 6.2439e-05],
       grad_fn=<CatBackward>)

mean_overall=tensor(5.6927e-05, grad_fn=<MeanBackward0>)

-----------------------------------------------ITERATION10-----------------------------------------------

final_causality=[[1, 1, 1, 1, 1, 1, 1, 1, 1, 1, 1, 1, 1], [1, 1, 1, 1, 1, 1, 1, 1, 1, 1, 1, 1, 1, 1, 1, 1, 1, 1, 1, 1, 1, 1, 1, 1, 1, 1, 1, 1, 1, 1, 1, 1, 1, 1, 1, 1, 1, 1, 1, 1, 1, 1, 1, 1, 1, 1, 1, 1, 1, 1], [1, 1, 1, 1, 1, 1, 1, 1, 1, 1, 1, 1, 1, 1, 1, 1, 1, 1, 1, 1, 1, 1, 1, 1, 1, 1, 1, 1, 1, 1, 1, 1, 1, 1, 1, 1, 1, 1, 1, 1, 1, 1, 1, 1, 1, 1, 1, 1, 1, 1]]

means=tensor([1.3889e-04, 0.0000e+00, 2.6720e-04, 0.0000e+00, 8.4263e-05, 1.0787e-04,
        7.2330e-05, 4.3203e-05, 7.4086e-05, 7.3921e-05, 6.8804e-05, 1.6742e-05,
        3.9000e-05, 7.6570e-05, 3.0659e-05, 2.4508e-05, 1.6233e-04, 3.6086e-05,
        4.3844e-05, 1.6488e-04, 1.7204e-04, 1.6724e-05, 2.9374e-05, 2.9272e-05,
        3.5797e-05, 3.8152e-05, 3.0725e-05, 6.1925e-05, 8.9371e-06, 9.2894e-05,
        4.7032e-05, 1.3539e-04, 8.8391e-06, 8.3647e-05, 5.2057e-05, 1.0357e-04,
        3.5004e-05, 4.3190e-05, 4.8604e-05, 8.7501e-05, 8.7350e-05, 4.7435e-05,
        5.9168e-05, 4.0640e-05, 2.9931e-05, 3.8064e-05, 6.4986e-05, 5.7048e-05,
        8.2659e-06, 2.9608e-05, 1.0535e-04, 1.2030e-04, 9.3320e-05, 5.4095e-05,
        1.0590e-04, 1.7711e-05, 4.4936e-05, 1.0540e-04, 1.9627e-05, 3.8353e-05,
        5.2005e-06, 1.2938e-04, 6.0936e-05, 6.0632e-05, 2.1243e-05, 1.3301e-04,
        2.9904e-05, 2.4695e-05, 1.2094e-05, 1.0935e-04, 2.7676e-06, 2.5427e-05,
        8.2176e-05, 7.1941e-05, 2.9594e-05, 8.3050e-05, 1.3676e-05, 9.0744e-05,
        3.0488e-05, 3.5002e-05, 2.3465e-05, 7.9177e-05, 1.1871e-04, 6.0269e-05,
        8.4743e-05, 5.0465e-05, 1.2711e-04, 4.6945e-05, 9.3690e-05, 7.1880e-05,
        9.6806e-05, 5.0957e-05, 6.3042e-06, 4.9535e-05, 8.4005e-05, 9.5186e-06,
        6.9080e-05, 5.6941e-05, 1.3037e-04, 1.7925e-06, 5.8318e-05, 2.9111e-05,
        6.8757e-05, 6.3175e-05, 4.8266e-05, 1.2352e-05, 2.1061e-04, 5.0469e-05,
        1.1985e-05, 4.6528e-05, 7.6302e-05, 3.5577e-05, 5.7460e-05],
       grad_fn=<CatBackward>)

mean_overall=tensor(6.1817e-05, grad_fn=<MeanBackward0>)

-----------------------------------------------ITERATION20-----------------------------------------------

final_causality=[[1, 1, 1, 1, 1, 1, 1, 1, 1, 1, 1, 1, 1], [1, 1, 1, 1, 1, 1, 1, 1, 1, 1, 1, 1, 1, 1, 1, 1, 1, 1, 1, 1, 1, 1, 1, 1, 1, 1, 1, 1, 1, 1, 1, 1, 1, 1, 1, 1, 1, 1, 1, 1, 1, 1, 1, 1, 1, 1, 1, 1, 1, 1], [1, 1, 1, 1, 1, 1, 1, 1, 1, 1, 1, 1, 1, 1, 1, 1, 1, 1, 1, 1, 1, 1, 1, 1, 1, 1, 1, 1, 1, 1, 1, 1, 1, 1, 1, 1, 1, 1, 1, 1, 1, 1, 1, 1, 1, 1, 1, 1, 1, 1]]

means=tensor([1.3393e-04, 0.0000e+00, 2.7795e-04, 0.0000e+00, 8.9594e-05, 1.1237e-04,
        7.5440e-05, 4.1193e-05, 9.2947e-05, 7.8997e-05, 7.9948e-05, 1.3237e-05,
        4.2592e-05, 8.0279e-05, 2.7282e-05, 2.6272e-05, 1.6916e-04, 3.9924e-05,
        4.5786e-05, 1.7113e-04, 1.7691e-04, 1.2423e-05, 3.3358e-05, 3.2908e-05,
        3.2196e-05, 4.0824e-05, 3.5132e-05, 6.7248e-05, 1.1373e-05, 9.6927e-05,
        5.1236e-05, 1.3823e-04, 4.9501e-06, 8.7039e-05, 5.5586e-05, 1.0693e-04,
        3.2609e-05, 4.0620e-05, 4.4134e-05, 9.0978e-05, 8.2857e-05, 5.0246e-05,
        6.1009e-05, 3.7678e-05, 3.2553e-05, 3.4604e-05, 6.1366e-05, 5.9433e-05,
        6.5814e-06, 3.2950e-05, 1.0136e-04, 1.1668e-04, 9.4807e-05, 5.0670e-05,
        1.0937e-04, 2.0372e-05, 4.8898e-05, 1.0849e-04, 2.1732e-05, 3.4794e-05,
        6.5617e-07, 1.3333e-04, 6.3027e-05, 6.1732e-05, 2.0532e-05, 1.3038e-04,
        3.0670e-05, 2.4130e-05, 1.2311e-05, 1.0996e-04, 3.1108e-06, 2.5048e-05,
        8.3345e-05, 7.1730e-05, 2.9949e-05, 8.2726e-05, 1.2988e-05, 9.1069e-05,
        3.0063e-05, 3.4725e-05, 2.3027e-05, 8.0677e-05, 1.1813e-04, 6.0780e-05,
        8.4315e-05, 5.1011e-05, 1.2673e-04, 4.7390e-05, 9.2846e-05, 7.1864e-05,
        9.4720e-05, 4.9566e-05, 5.8725e-06, 4.9983e-05, 8.4329e-05, 9.7895e-06,
        6.8261e-05, 5.7103e-05, 1.3035e-04, 2.3018e-06, 5.9020e-05, 2.8905e-05,
        6.9129e-05, 6.3952e-05, 4.7391e-05, 1.1692e-05, 2.0994e-04, 5.1002e-05,
        1.1369e-05, 4.5539e-05, 7.6509e-05, 3.6489e-05, 5.5845e-05],
       grad_fn=<CatBackward>)

mean_overall=tensor(6.2685e-05, grad_fn=<MeanBackward0>)

-----------------------------------------------ITERATION30-----------------------------------------------

final_causality=[[1, 1, 1, 1, 1, 1, 1, 1, 1, 1, 1, 1, 1], [1, 1, 1, 1, 1, 1, 1, 1, 1, 1, 1, 1, 1, 1, 1, 1, 1, 1, 1, 1, 1, 1, 1, 1, 1, 1, 1, 1, 1, 1, 1, 1, 1, 1, 1, 1, 1, 1, 1, 1, 1, 1, 1, 1, 1, 1, 1, 1, 1, 1], [1, 1, 1, 1, 1, 1, 1, 1, 1, 1, 1, 1, 1, 1, 1, 1, 1, 1, 1, 1, 1, 1, 1, 1, 1, 1, 1, 1, 1, 1, 1, 1, 1, 1, 1, 1, 1, 1, 1, 1, 1, 1, 1, 1, 1, 1, 1, 1, 1, 1]]

means=tensor([1.5564e-04, 0.0000e+00, 2.5435e-04, 0.0000e+00, 7.5416e-05, 1.0016e-04,
        6.7115e-05, 4.9458e-05, 5.3511e-05, 6.8227e-05, 6.1488e-05, 2.3629e-05,
        3.1404e-05, 7.2930e-05, 3.3872e-05, 2.2492e-05, 1.5503e-04, 3.2244e-05,
        4.1643e-05, 1.5786e-04, 1.6777e-04, 2.0338e-05, 2.5452e-05, 2.5083e-05,
        3.8466e-05, 3.5178e-05, 2.6076e-05, 5.7058e-05, 7.2341e-06, 8.8132e-05,
        4.2577e-05, 1.3188e-04, 1.2984e-05, 7.9535e-05, 4.7936e-05, 1.0003e-04,
        3.7403e-05, 4.5304e-05, 5.3499e-05, 8.2856e-05, 9.0872e-05, 4.4257e-05,
        5.6501e-05, 4.3840e-05, 2.6899e-05, 4.1981e-05, 6.8563e-05, 5.4131e-05,
        9.6733e-06, 2.5931e-05, 1.0811e-04, 1.2458e-04, 9.1465e-05, 5.6250e-05,
        1.0229e-04, 1.5004e-05, 4.0771e-05, 1.0198e-04, 1.7532e-05, 4.2182e-05,
        8.2474e-06, 1.2537e-04, 5.8704e-05, 6.0513e-05, 2.1713e-05, 1.3362e-04,
        2.8967e-05, 2.5073e-05, 1.1824e-05, 1.1149e-04, 2.5092e-06, 2.5717e-05,
        8.1521e-05, 7.1486e-05, 2.8986e-05, 8.3308e-05, 1.4180e-05, 9.0697e-05,
        3.0763e-05, 3.5025e-05, 2.3777e-05, 7.7257e-05, 1.1903e-04, 5.9087e-05,
        8.3196e-05, 4.8758e-05, 1.2864e-04, 4.5736e-05, 9.3221e-05, 6.9165e-05,
        9.8802e-05, 5.1434e-05, 6.4903e-06, 4.8967e-05, 8.3480e-05, 9.2084e-06,
        6.9841e-05, 5.7246e-05, 1.2954e-04, 1.4096e-06, 5.6908e-05, 2.9412e-05,
        6.9381e-05, 6.2197e-05, 4.8386e-05, 1.3006e-05, 2.0985e-04, 5.1216e-05,
        1.2390e-05, 4.7474e-05, 7.6162e-05, 3.4803e-05, 5.6259e-05],
       grad_fn=<CatBackward>)

mean_overall=tensor(6.0757e-05, grad_fn=<MeanBackward0>)

-----------------------------------------------ITERATION40-----------------------------------------------

final_causality=[[1, 1, 1, 1, 1, 1, 1, 1, 1, 1, 1, 1, 1], [1, 1, 1, 1, 1, 1, 1, 1, 1, 1, 1, 1, 1, 1, 1, 1, 1, 1, 1, 1, 1, 1, 1, 1, 1, 1, 1, 1, 1, 1, 1, 1, 1, 1, 1, 1, 1, 1, 1, 1, 1, 1, 1, 1, 1, 1, 1, 1, 1, 1], [1, 1, 1, 1, 1, 1, 1, 1, 1, 1, 1, 1, 1, 1, 1, 1, 1, 1, 1, 1, 1, 1, 1, 1, 1, 1, 1, 1, 1, 1, 1, 1, 1, 1, 1, 1, 1, 1, 1, 1, 1, 1, 1, 1, 1, 1, 1, 1, 1, 1]]

means=tensor([1.6405e-04, 1.3878e-17, 2.5381e-04, 1.3878e-17, 7.4434e-05, 9.9175e-05,
        6.6636e-05, 5.1326e-05, 5.2515e-05, 6.9232e-05, 6.1080e-05, 2.4173e-05,
        2.7946e-05, 7.2874e-05, 3.4298e-05, 2.2239e-05, 1.5451e-04, 3.2092e-05,
        4.1454e-05, 1.5742e-04, 1.6788e-04, 2.0587e-05, 2.5095e-05, 2.4864e-05,
        3.8567e-05, 3.4968e-05, 2.5819e-05, 5.7134e-05, 7.0364e-06, 8.7425e-05,
        4.2125e-05, 1.3146e-04, 1.3594e-05, 7.8996e-05, 4.7595e-05, 9.9879e-05,
        3.7703e-05, 4.5451e-05, 5.4196e-05, 8.2203e-05, 9.1045e-05, 4.4021e-05,
        5.5956e-05, 4.4309e-05, 2.6742e-05, 4.2647e-05, 6.8972e-05, 5.3660e-05,
        9.8088e-06, 2.5462e-05, 1.0818e-04, 1.2534e-04, 9.1325e-05, 5.6163e-05,
        1.0187e-04, 1.4986e-05, 4.0662e-05, 1.0175e-04, 1.7384e-05, 4.2822e-05,
        8.2498e-06, 1.2525e-04, 5.8571e-05, 6.0485e-05, 2.1747e-05, 1.3302e-04,
        2.8871e-05, 2.5157e-05, 1.1757e-05, 1.1176e-04, 2.4865e-06, 2.5846e-05,
        8.1638e-05, 7.1274e-05, 2.8852e-05, 8.3580e-05, 1.4201e-05, 9.0906e-05,
        3.0857e-05, 3.5097e-05, 2.3784e-05, 7.7063e-05, 1.1908e-04, 5.8870e-05,
        8.3718e-05, 4.8722e-05, 1.2865e-04, 4.5572e-05, 9.3224e-05, 6.9000e-05,
        9.8832e-05, 5.1392e-05, 6.5009e-06, 4.9021e-05, 8.3426e-05, 9.1733e-06,
        6.9890e-05, 5.7451e-05, 1.2906e-04, 1.3601e-06, 5.6857e-05, 2.9436e-05,
        6.9334e-05, 6.2097e-05, 4.8480e-05, 1.3021e-05, 2.1023e-04, 5.1623e-05,
        1.2372e-05, 4.7477e-05, 7.6237e-05, 3.4813e-05, 5.5826e-05],
       grad_fn=<CatBackward>)

mean_overall=tensor(6.0762e-05, grad_fn=<MeanBackward0>)

-----------------------------------------------ITERATION50-----------------------------------------------

final_causality=[[1, 1, 1, 1, 1, 1, 1, 1, 1, 1, 1, 1, 1], [1, 1, 1, 1, 1, 1, 1, 1, 1, 1, 1, 1, 1, 1, 1, 1, 1, 1, 1, 1, 1, 1, 1, 1, 1, 1, 1, 1, 1, 1, 1, 1, 1, 1, 1, 1, 1, 1, 1, 1, 1, 1, 1, 1, 1, 1, 1, 1, 1, 1], [1, 1, 1, 1, 1, 1, 1, 1, 1, 1, 1, 1, 1, 1, 1, 1, 1, 1, 1, 1, 1, 1, 1, 1, 1, 1, 1, 1, 1, 1, 1, 1, 1, 1, 1, 1, 1, 1, 1, 1, 1, 1, 1, 1, 1, 1, 1, 1, 1, 1]]

means=tensor([1.6676e-04, 0.0000e+00, 2.6342e-04, 0.0000e+00, 7.9071e-05, 1.0296e-04,
        6.9520e-05, 5.0646e-05, 6.8412e-05, 7.5272e-05, 6.9164e-05, 2.0705e-05,
        2.8036e-05, 7.6116e-05, 3.1948e-05, 2.3576e-05, 1.6016e-04, 3.5341e-05,
        4.3048e-05, 1.6275e-04, 1.7220e-04, 1.7376e-05, 2.8156e-05, 2.8034e-05,
        3.5893e-05, 3.7199e-05, 2.9502e-05, 6.1848e-05, 8.6664e-06, 9.0382e-05,
        4.5374e-05, 1.3371e-04, 1.0848e-05, 8.1588e-05, 5.0529e-05, 1.0278e-04,
        3.5987e-05, 4.3558e-05, 5.0996e-05, 8.4910e-05, 8.7692e-05, 4.6381e-05,
        5.7192e-05, 4.2217e-05, 2.9040e-05, 4.0297e-05, 6.6324e-05, 5.5363e-05,
        8.6126e-06, 2.7944e-05, 1.0523e-04, 1.2292e-04, 9.2631e-05, 5.3520e-05,
        1.0447e-04, 1.7351e-05, 4.4163e-05, 1.0437e-04, 1.9065e-05, 4.0441e-05,
        4.8368e-06, 1.2870e-04, 6.0342e-05, 6.1008e-05, 2.1260e-05, 1.3069e-04,
        2.9511e-05, 2.4853e-05, 1.1884e-05, 1.1153e-04, 2.7339e-06, 2.5736e-05,
        8.2642e-05, 7.1091e-05, 2.9110e-05, 8.3705e-05, 1.3693e-05, 9.1403e-05,
        3.0684e-05, 3.5065e-05, 2.3456e-05, 7.8327e-05, 1.1874e-04, 5.9341e-05,
        8.4643e-05, 4.9673e-05, 1.2781e-04, 4.6090e-05, 9.3058e-05, 6.9959e-05,
        9.7050e-05, 5.0493e-05, 6.2353e-06, 4.9570e-05, 8.3743e-05, 9.3892e-06,
        6.9251e-05, 5.7690e-05, 1.2873e-04, 1.6927e-06, 5.7721e-05, 2.9245e-05,
        6.9193e-05, 6.2750e-05, 4.8177e-05, 1.2444e-05, 2.1083e-04, 5.2124e-05,
        1.1884e-05, 4.6616e-05, 7.6504e-05, 3.5589e-05, 5.5018e-05],
       grad_fn=<CatBackward>)

mean_overall=tensor(6.1639e-05, grad_fn=<MeanBackward0>)

-----------------------------------------------ITERATION60-----------------------------------------------

final_causality=[[1, 1, 1, 1, 1, 1, 1, 1, 1, 1, 1, 1, 1], [1, 1, 1, 1, 1, 1, 1, 1, 1, 1, 1, 1, 1, 1, 1, 1, 1, 1, 1, 1, 1, 1, 1, 1, 1, 1, 1, 1, 1, 1, 1, 1, 1, 1, 1, 1, 1, 1, 1, 1, 1, 1, 1, 1, 1, 1, 1, 1, 1, 1], [1, 1, 1, 1, 1, 1, 1, 1, 1, 1, 1, 1, 1, 1, 1, 1, 1, 1, 1, 1, 1, 1, 1, 1, 1, 1, 1, 1, 1, 1, 1, 1, 1, 1, 1, 1, 1, 1, 1, 1, 1, 1, 1, 1, 1, 1, 1, 1, 1, 1]]

means=tensor([1.7935e-04, 0.0000e+00, 2.6133e-04, 0.0000e+00, 7.7168e-05, 1.0113e-04,
        6.8600e-05, 5.3440e-05, 6.4453e-05, 7.6177e-05, 6.6670e-05, 2.1752e-05,
        2.2485e-05, 7.5514e-05, 3.3106e-05, 2.2967e-05, 1.5845e-04, 3.4607e-05,
        4.2522e-05, 1.6128e-04, 1.7162e-04, 1.8431e-05, 2.7094e-05, 2.7289e-05,
        3.6659e-05, 3.6537e-05, 2.8563e-05, 6.1190e-05, 8.0185e-06, 8.8793e-05,
        4.4141e-05, 1.3273e-04, 1.2296e-05, 8.0338e-05, 4.9572e-05, 1.0210e-04,
        3.6800e-05, 4.4195e-05, 5.2653e-05, 8.3525e-05, 8.8689e-05, 4.5676e-05,
        5.6174e-05, 4.3342e-05, 2.8477e-05, 4.1759e-05, 6.7457e-05, 5.4334e-05,
        9.0803e-06, 2.6812e-05, 1.0604e-04, 1.2451e-04, 9.2244e-05, 5.4018e-05,
        1.0334e-04, 1.7041e-05, 4.3483e-05, 1.0362e-04, 1.8552e-05, 4.1907e-05,
        5.5926e-06, 1.2798e-04, 5.9856e-05, 6.0724e-05, 2.1435e-05, 1.3031e-04,
        2.9278e-05, 2.5080e-05, 1.1754e-05, 1.1160e-04, 2.6513e-06, 2.6001e-05,
        8.2622e-05, 7.0853e-05, 2.8875e-05, 8.4168e-05, 1.3839e-05, 9.1658e-05,
        3.0902e-05, 3.5245e-05, 2.3541e-05, 7.7873e-05, 1.1892e-04, 5.8992e-05,
        8.5649e-05, 4.9646e-05, 1.2777e-04, 4.5842e-05, 9.3333e-05, 6.9978e-05,
        9.7391e-05, 5.0711e-05, 6.3358e-06, 4.9595e-05, 8.3632e-05, 9.3048e-06,
        6.9451e-05, 5.7946e-05, 1.2807e-04, 1.5775e-06, 5.7618e-05, 2.9304e-05,
        6.8932e-05, 6.2509e-05, 4.8530e-05, 1.2560e-05, 2.1164e-04, 5.2556e-05,
        1.1962e-05, 4.6744e-05, 7.6578e-05, 3.5476e-05, 5.4834e-05],
       grad_fn=<CatBackward>)

mean_overall=tensor(6.1551e-05, grad_fn=<MeanBackward0>)

-----------------------------------------------ITERATION70-----------------------------------------------

final_causality=[[1, 1, 1, 1, 1, 1, 1, 1, 1, 1, 1, 1, 1], [1, 1, 1, 1, 1, 1, 1, 1, 1, 1, 1, 1, 1, 1, 1, 1, 1, 1, 1, 1, 1, 1, 1, 1, 1, 1, 1, 1, 1, 1, 1, 1, 1, 1, 1, 1, 1, 1, 1, 1, 1, 1, 1, 1, 1, 1, 1, 1, 1, 1], [1, 1, 1, 1, 1, 1, 1, 1, 1, 1, 1, 1, 1, 1, 1, 1, 1, 1, 1, 1, 1, 1, 1, 1, 1, 1, 1, 1, 1, 1, 1, 1, 1, 1, 1, 1, 1, 1, 1, 1, 1, 1, 1, 1, 1, 1, 1, 1, 1, 1]]

means=tensor([1.9207e-04, 0.0000e+00, 2.6056e-04, 0.0000e+00, 7.5955e-05, 9.9874e-05,
        6.8115e-05, 5.6048e-05, 6.2598e-05, 7.7905e-05, 6.5120e-05, 2.2262e-05,
        1.6984e-05, 7.5334e-05, 3.3976e-05, 2.2537e-05, 1.5747e-04, 3.4295e-05,
        4.2209e-05, 1.6051e-04, 1.7158e-04, 1.9094e-05, 2.6430e-05, 2.6972e-05,
        3.7106e-05, 3.6171e-05, 2.8109e-05, 6.1138e-05, 7.5729e-06, 8.7597e-05,
        4.3334e-05, 1.3205e-04, 1.3394e-05, 7.9438e-05, 4.9004e-05, 1.0179e-04,
        3.7398e-05, 4.4603e-05, 5.3899e-05, 8.2511e-05, 8.9279e-05, 4.5284e-05,
        5.5334e-05, 4.4202e-05, 2.8221e-05, 4.2919e-05, 6.8256e-05, 5.3535e-05,
        9.4023e-06, 2.6008e-05, 1.0650e-04, 1.2578e-04, 9.2032e-05, 5.4208e-05,
        1.0256e-04, 1.7055e-05, 4.3264e-05, 1.0322e-04, 1.8258e-05, 4.3071e-05,
        5.9416e-06, 1.2777e-04, 5.9599e-05, 6.0486e-05, 2.1553e-05, 1.2967e-04,
        2.9132e-05, 2.5275e-05, 1.1642e-05, 1.1156e-04, 2.5977e-06, 2.6256e-05,
        8.2722e-05, 7.0605e-05, 2.8680e-05, 8.4648e-05, 1.3924e-05, 9.1971e-05,
        3.1102e-05, 3.5429e-05, 2.3598e-05, 7.7592e-05, 1.1905e-04, 5.8719e-05,
        8.6814e-05, 4.9767e-05, 1.2761e-04, 4.5678e-05, 9.3625e-05, 7.0191e-05,
        9.7503e-05, 5.0834e-05, 6.4086e-06, 4.9692e-05, 8.3565e-05, 9.2493e-06,
        6.9572e-05, 5.8223e-05, 1.2738e-04, 1.5071e-06, 5.7645e-05, 2.9337e-05,
        6.8629e-05, 6.2357e-05, 4.8865e-05, 1.2601e-05, 2.1257e-04, 5.3026e-05,
        1.1981e-05, 4.6761e-05, 7.6687e-05, 3.5461e-05, 5.4607e-05],
       grad_fn=<CatBackward>)

mean_overall=tensor(6.1585e-05, grad_fn=<MeanBackward0>)

-----------------------------------------------ITERATION80-----------------------------------------------

final_causality=[[1, 1, 1, 1, 1, 1, 1, 1, 1, 1, 1, 1, 1], [1, 1, 1, 1, 1, 1, 1, 1, 1, 1, 1, 1, 1, 1, 1, 1, 1, 1, 1, 1, 1, 1, 1, 1, 1, 1, 1, 1, 1, 1, 1, 1, 1, 1, 1, 1, 1, 1, 1, 1, 1, 1, 1, 1, 1, 1, 1, 1, 1, 1], [1, 1, 1, 1, 1, 1, 1, 1, 1, 1, 1, 1, 1, 1, 1, 1, 1, 1, 1, 1, 1, 1, 1, 1, 1, 1, 1, 1, 1, 1, 1, 1, 1, 1, 1, 1, 1, 1, 1, 1, 1, 1, 1, 1, 1, 1, 1, 1, 1, 1]]

means=tensor([2.0289e-04, 0.0000e+00, 2.6393e-04, 0.0000e+00, 7.6980e-05, 1.0050e-04,
        6.8971e-05, 5.7743e-05, 6.7641e-05, 8.1744e-05, 6.7090e-05, 2.1189e-05,
        1.2758e-05, 7.6521e-05, 3.3709e-05, 2.2750e-05, 1.5902e-04, 3.5390e-05,
        4.2623e-05, 1.6210e-04, 1.7329e-04, 1.8332e-05, 2.7158e-05, 2.8053e-05,
        3.6407e-05, 3.6806e-05, 2.9274e-05, 6.3019e-05, 7.8731e-06, 8.7883e-05,
        4.4035e-05, 1.3246e-04, 1.3131e-05, 7.9799e-05, 4.9773e-05, 1.0274e-04,
        3.7172e-05, 4.4170e-05, 5.3562e-05, 8.2850e-05, 8.8418e-05, 4.5953e-05,
        5.5201e-05, 4.4020e-05, 2.8977e-05, 4.2861e-05, 6.7802e-05, 5.3614e-05,
        9.1782e-06, 2.6402e-05, 1.0571e-04, 1.2577e-04, 9.2405e-05, 5.3336e-05,
        1.0300e-04, 1.8057e-05, 4.4543e-05, 1.0398e-04, 1.8710e-05, 4.3010e-05,
        4.8775e-06, 1.2938e-04, 6.0124e-05, 6.0495e-05, 2.1452e-05, 1.2830e-04,
        2.9282e-05, 2.5308e-05, 1.1606e-05, 1.1137e-04, 2.6542e-06, 2.6414e-05,
        8.3207e-05, 7.0352e-05, 2.8637e-05, 8.5071e-05, 1.3790e-05, 9.2410e-05,
        3.1191e-05, 3.5570e-05, 2.3538e-05, 7.7901e-05, 1.1903e-04, 5.8712e-05,
        8.8256e-05, 5.0281e-05, 1.2713e-04, 4.5780e-05, 9.3833e-05, 7.0833e-05,
        9.6872e-05, 5.0591e-05, 6.3652e-06, 4.9996e-05, 8.3646e-05, 9.2975e-06,
        6.9410e-05, 5.8528e-05, 1.2674e-04, 1.5893e-06, 5.8043e-05, 2.9283e-05,
        6.8306e-05, 6.2508e-05, 4.9024e-05, 1.2403e-05, 2.1358e-04, 5.3567e-05,
        1.1806e-05, 4.6424e-05, 7.6883e-05, 3.5765e-05, 5.4172e-05],
       grad_fn=<CatBackward>)

mean_overall=tensor(6.1981e-05, grad_fn=<MeanBackward0>)

-----------------------------------------------ITERATION90-----------------------------------------------

final_causality=[[1, 1, 1, 1, 1, 1, 1, 1, 1, 1, 1, 1, 1], [1, 1, 1, 1, 1, 1, 1, 1, 1, 1, 1, 1, 1, 1, 1, 1, 1, 1, 1, 1, 1, 1, 1, 1, 1, 1, 1, 1, 1, 1, 1, 1, 1, 1, 1, 1, 1, 1, 1, 1, 1, 1, 1, 1, 1, 1, 1, 1, 1, 1], [1, 1, 1, 1, 1, 1, 1, 1, 1, 1, 1, 1, 1, 1, 1, 1, 1, 1, 1, 1, 1, 1, 1, 1, 1, 1, 1, 1, 1, 1, 1, 1, 1, 1, 1, 1, 1, 1, 1, 1, 1, 1, 1, 1, 1, 1, 1, 1, 1, 1]]

means=tensor([2.1641e-04, 0.0000e+00, 2.6451e-04, 0.0000e+00, 7.6411e-05, 9.9764e-05,
        6.8909e-05, 6.0333e-05, 6.7932e-05, 8.4436e-05, 6.6530e-05, 2.1199e-05,
        4.3951e-06, 7.6795e-05, 3.4308e-05, 2.2493e-05, 1.5879e-04, 3.5527e-05,
        4.2526e-05, 1.6205e-04, 1.7385e-04, 1.8597e-05, 2.6894e-05, 2.8188e-05,
        3.6527e-05, 3.6744e-05, 2.9324e-05, 6.3634e-05, 7.6300e-06, 8.7059e-05,
        4.3651e-05, 1.3207e-04, 1.3905e-05, 7.9231e-05, 4.9594e-05, 1.0283e-04,
        3.7568e-05, 4.4347e-05, 5.4427e-05, 8.2183e-05, 8.8594e-05, 4.5879e-05,
        5.4514e-05, 4.4636e-05, 2.9044e-05, 4.3756e-05, 6.8276e-05, 5.3029e-05,
        9.3569e-06, 2.5914e-05, 1.0581e-04, 1.2677e-04, 9.2369e-05, 5.3199e-05,
        1.0254e-04, 1.8430e-05, 4.4819e-05, 1.0392e-04, 1.8638e-05, 4.3908e-05,
        4.7977e-06, 1.2997e-04, 6.0103e-05, 6.0309e-05, 2.1512e-05, 1.2735e-04,
        2.9222e-05, 2.5475e-05, 1.1507e-05, 1.1125e-04, 2.6312e-06, 2.6670e-05,
        8.3449e-05, 7.0077e-05, 2.8475e-05, 8.5589e-05, 1.3811e-05, 9.2805e-05,
        3.1569e-05, 3.5767e-05, 2.3579e-05, 7.7792e-05, 1.1914e-04, 5.8505e-05,
        8.9724e-05, 5.0558e-05, 1.2684e-04, 4.5693e-05, 9.4149e-05, 7.1246e-05,
        9.6744e-05, 5.0612e-05, 6.4098e-06, 5.0176e-05, 8.3624e-05, 9.2721e-06,
        6.9450e-05, 5.8844e-05, 1.2600e-04, 1.5638e-06, 5.8208e-05, 2.9289e-05,
        6.7955e-05, 6.2443e-05, 4.9351e-05, 1.2368e-05, 2.1465e-04, 5.4110e-05,
        1.1763e-05, 4.6321e-05, 7.7037e-05, 3.5857e-05, 5.3868e-05],
       grad_fn=<CatBackward>)

mean_overall=tensor(6.2128e-05, grad_fn=<MeanBackward0>)

-----------------------------------------------ITERATION100-----------------------------------------------

final_causality=[[1, 1, 1, 1, 1, 1, 1, 1, 1, 1, 1, 1, 1], [1, 1, 1, 1, 1, 1, 1, 1, 1, 1, 1, 1, 1, 1, 1, 1, 1, 1, 1, 1, 1, 1, 1, 1, 1, 1, 1, 1, 1, 1, 1, 1, 1, 1, 1, 1, 1, 1, 1, 1, 1, 1, 1, 1, 1, 1, 1, 1, 1, 1], [1, 1, 1, 1, 1, 1, 1, 1, 1, 1, 1, 1, 1, 1, 1, 1, 1, 1, 1, 1, 1, 1, 1, 1, 1, 1, 1, 1, 1, 1, 1, 1, 1, 1, 1, 1, 1, 1, 1, 1, 1, 1, 1, 1, 1, 1, 1, 1, 1, 1]]

means=tensor([2.3031e-04, 1.3878e-17, 2.6567e-04, 1.3878e-17, 7.6111e-05, 9.9237e-05,
        6.9025e-05, 6.2928e-05, 6.9138e-05, 8.7543e-05, 6.6405e-05, 2.1006e-05,
        1.0524e-05, 7.7267e-05, 3.4791e-05, 2.2310e-05, 1.5889e-04, 3.5859e-05,
        4.2522e-05, 1.6231e-04, 1.7467e-04, 1.8689e-05, 2.6803e-05, 2.8521e-05,
        3.6505e-05, 3.6813e-05, 2.9592e-05, 6.4542e-05, 7.4760e-06, 8.6395e-05,
        4.3450e-05, 1.3182e-04, 1.4541e-05, 7.8807e-05, 4.9582e-05, 1.0309e-04,
        3.7879e-05, 4.4423e-05, 5.5131e-05, 8.1664e-05, 8.8591e-05, 4.5941e-05,
        5.3892e-05, 4.5149e-05, 2.9250e-05, 4.4540e-05, 6.8610e-05, 5.2537e-05,
        9.4738e-06, 2.5564e-05, 1.0576e-04, 1.2765e-04, 9.2408e-05, 5.2920e-05,
        1.0222e-04, 1.8965e-05, 4.5310e-05, 1.0402e-04, 1.8661e-05, 4.4694e-05,
        4.5313e-06, 1.3080e-04, 6.0184e-05, 6.0148e-05, 2.1545e-05, 1.2627e-04,
        2.9197e-05, 2.5630e-05, 1.1414e-05, 1.1130e-04, 2.6213e-06, 2.6928e-05,
        8.3756e-05, 6.9791e-05, 2.8327e-05, 8.6123e-05, 1.3806e-05, 9.3236e-05,
        3.1956e-05, 3.5970e-05, 2.3605e-05, 7.7756e-05, 1.1923e-04, 5.8324e-05,
        9.1303e-05, 5.0901e-05, 1.2650e-04, 4.5637e-05, 9.4475e-05, 7.1741e-05,
        9.6514e-05, 5.0588e-05, 6.4416e-06, 5.0392e-05, 8.3621e-05, 9.2597e-06,
        6.9455e-05, 5.9177e-05, 1.2523e-04, 1.5573e-06, 5.8433e-05, 2.9284e-05,
        6.7590e-05, 6.2415e-05, 4.9673e-05, 1.2300e-05, 2.1580e-04, 5.4690e-05,
        1.1693e-05, 4.6168e-05, 7.7213e-05, 3.5995e-05, 5.3524e-05],
       grad_fn=<CatBackward>)

mean_overall=tensor(6.2464e-05, grad_fn=<MeanBackward0>)

-----------------------------------------------ITERATION110-----------------------------------------------

final_causality=[[1, 1, 1, 1, 1, 1, 1, 1, 1, 1, 1, 1, 1], [1, 1, 1, 1, 1, 1, 1, 1, 1, 1, 1, 1, 1, 1, 1, 1, 1, 1, 1, 1, 1, 1, 1, 1, 1, 1, 1, 1, 1, 1, 1, 1, 1, 1, 1, 1, 1, 1, 1, 1, 1, 1, 1, 1, 1, 1, 1, 1, 1, 1], [1, 1, 1, 1, 1, 1, 1, 1, 1, 1, 1, 1, 1, 1, 1, 1, 1, 1, 1, 1, 1, 1, 1, 1, 1, 1, 1, 1, 1, 1, 1, 1, 1, 1, 1, 1, 1, 1, 1, 1, 1, 1, 1, 1, 1, 1, 1, 1, 1, 1]]

means=tensor([2.4447e-04, 0.0000e+00, 2.6760e-04, 0.0000e+00, 7.6176e-05, 9.9003e-05,
        6.9375e-05, 6.5489e-05, 7.1553e-05, 9.1147e-05, 6.6872e-05, 2.0548e-05,
        1.6745e-05, 7.7995e-05, 3.5104e-05, 2.2231e-05, 1.5941e-04, 3.6450e-05,
        4.2644e-05, 1.6298e-04, 1.7582e-04, 1.8546e-05, 2.6947e-05, 2.9115e-05,
        3.6292e-05, 3.7059e-05, 3.0152e-05, 6.5825e-05, 7.4431e-06, 8.5959e-05,
        4.3498e-05, 1.3174e-04, 1.4978e-05, 7.8581e-05, 4.9795e-05, 1.0357e-04,
        3.8065e-05, 4.4363e-05, 5.5600e-05, 8.1353e-05, 8.8346e-05, 4.6187e-05,
        5.3368e-05, 4.5510e-05, 2.9641e-05, 4.5156e-05, 6.8747e-05, 5.2179e-05,
        9.5044e-06, 2.5404e-05, 1.0549e-04, 1.2835e-04, 9.2545e-05, 5.2455e-05,
        1.0210e-04, 1.9704e-05, 4.6083e-05, 1.0433e-04, 1.8813e-05, 4.5310e-05,
        4.0182e-06, 1.3192e-04, 6.0401e-05, 6.0027e-05, 2.1541e-05, 1.2504e-04,
        2.9222e-05, 2.5764e-05, 1.1331e-05, 1.1174e-04, 2.6294e-06, 2.7179e-05,
        8.4145e-05, 6.9491e-05, 2.8199e-05, 8.6667e-05, 1.3762e-05, 9.3705e-05,
        3.2348e-05, 3.6175e-05, 2.3608e-05, 7.7819e-05, 1.1931e-04, 5.8181e-05,
        9.2992e-05, 5.1325e-05, 1.2611e-04, 4.5624e-05, 9.4803e-05, 7.2334e-05,
        9.6150e-05, 5.0500e-05, 6.4551e-06, 5.0652e-05, 8.3642e-05, 9.2654e-06,
        6.9413e-05, 5.9529e-05, 1.2445e-04, 1.5760e-06, 5.8733e-05, 2.9265e-05,
        6.7212e-05, 6.2436e-05, 4.9978e-05, 1.2191e-05, 2.1699e-04, 5.5308e-05,
        1.1588e-05, 4.5951e-05, 7.7415e-05, 3.6193e-05, 5.3129e-05],
       grad_fn=<CatBackward>)

mean_overall=tensor(6.2878e-05, grad_fn=<MeanBackward0>)

-----------------------------------------------ITERATION120-----------------------------------------------

final_causality=[[1, 1, 1, 1, 1, 1, 1, 1, 1, 1, 1, 1, 1], [1, 1, 1, 1, 1, 1, 1, 1, 1, 1, 1, 1, 1, 1, 1, 1, 1, 1, 1, 1, 1, 1, 1, 1, 1, 1, 1, 1, 1, 1, 1, 1, 1, 1, 1, 1, 1, 1, 1, 1, 1, 1, 1, 1, 1, 1, 1, 1, 1, 1], [1, 1, 1, 1, 1, 1, 1, 1, 1, 1, 1, 1, 1, 1, 1, 1, 1, 1, 1, 1, 1, 1, 1, 1, 1, 1, 1, 1, 1, 1, 1, 1, 1, 1, 1, 1, 1, 1, 1, 1, 1, 1, 1, 1, 1, 1, 1, 1, 1, 1]]

means=tensor([2.5968e-04, 0.0000e+00, 2.6888e-04, 0.0000e+00, 7.5835e-05, 9.8413e-05,
        6.9504e-05, 6.8350e-05, 7.2827e-05, 9.4571e-05, 6.6723e-05, 2.0358e-05,
        2.3522e-05, 7.8517e-05, 3.5652e-05, 2.2033e-05, 1.5951e-04, 3.6816e-05,
        4.2642e-05, 1.6326e-04, 1.7671e-04, 1.8659e-05, 2.6847e-05, 2.9488e-05,
        3.6279e-05, 3.7138e-05, 3.0445e-05, 6.6834e-05, 7.2774e-06, 8.5236e-05,
        4.3275e-05, 1.3147e-04, 1.5695e-05, 7.8120e-05, 4.9771e-05, 1.0386e-04,
        3.8418e-05, 4.4455e-05, 5.6395e-05, 8.0778e-05, 8.8356e-05, 4.6251e-05,
        5.2697e-05, 4.6090e-05, 2.9869e-05, 4.6040e-05, 6.9127e-05, 5.1651e-05,
        9.6386e-06, 2.5019e-05, 1.0545e-04, 1.2934e-04, 9.2582e-05, 5.2162e-05,
        1.0175e-04, 2.0315e-05, 4.6625e-05, 1.0443e-04, 1.8839e-05, 4.6194e-05,
        3.7382e-06, 1.3282e-04, 6.0485e-05, 5.9856e-05, 2.1578e-05, 1.2388e-04,
        2.9194e-05, 2.5937e-05, 1.1230e-05, 1.1222e-04, 2.6178e-06, 2.7465e-05,
        8.4485e-05, 6.9179e-05, 2.8039e-05, 8.7249e-05, 1.3757e-05, 9.4178e-05,
        3.2775e-05, 3.6401e-05, 2.3638e-05, 7.7777e-05, 1.1942e-04, 5.7986e-05,
        9.4721e-05, 5.1698e-05, 1.2576e-04, 4.5563e-05, 9.5170e-05, 7.2885e-05,
        9.5904e-05, 5.0477e-05, 6.4913e-06, 5.0886e-05, 8.3638e-05, 9.2528e-06,
        6.9420e-05, 5.9892e-05, 1.2363e-04, 1.5682e-06, 5.8982e-05, 2.9260e-05,
        6.6848e-05, 6.2403e-05, 5.0336e-05, 1.2120e-05, 2.1825e-04, 5.5946e-05,
        1.1513e-05, 4.5787e-05, 7.7613e-05, 3.6342e-05, 5.2755e-05],
       grad_fn=<CatBackward>)

mean_overall=tensor(6.3254e-05, grad_fn=<MeanBackward0>)

-----------------------------------------------ITERATION130-----------------------------------------------

final_causality=[[1, 1, 1, 1, 1, 1, 1, 1, 1, 1, 1, 1, 1], [1, 1, 1, 1, 1, 1, 1, 1, 1, 1, 1, 1, 1, 1, 1, 1, 1, 1, 1, 1, 1, 1, 1, 1, 1, 1, 1, 1, 1, 1, 1, 1, 1, 1, 1, 1, 1, 1, 1, 1, 1, 1, 1, 1, 1, 1, 1, 1, 1, 1], [1, 1, 1, 1, 1, 1, 1, 1, 1, 1, 1, 1, 1, 1, 1, 1, 1, 1, 1, 1, 1, 1, 1, 1, 1, 1, 1, 1, 1, 1, 1, 1, 1, 1, 1, 1, 1, 1, 1, 1, 1, 1, 1, 1, 1, 1, 1, 1, 1, 1]]

means=tensor([2.7529e-04, 1.3878e-17, 2.7062e-04, 1.3878e-17, 7.5693e-05, 9.7978e-05,
        6.9769e-05, 7.1244e-05, 7.4798e-05, 9.8336e-05, 6.6908e-05, 2.0023e-05,
        3.0476e-05, 7.9198e-05, 3.6116e-05, 2.1893e-05, 1.5986e-04, 3.7338e-05,
        4.2712e-05, 1.6377e-04, 1.7781e-04, 1.8642e-05, 2.6881e-05, 3.0022e-05,
        3.6160e-05, 3.7320e-05, 3.0910e-05, 6.8078e-05, 7.1794e-06, 8.4635e-05,
        4.3192e-05, 1.3129e-04, 1.6315e-05, 7.7766e-05, 4.9874e-05, 1.0427e-04,
        3.8708e-05, 4.4473e-05, 5.7075e-05, 8.0313e-05, 8.8231e-05, 4.6420e-05,
        5.2074e-05, 4.6596e-05, 3.0209e-05, 4.6849e-05, 6.9403e-05, 5.1194e-05,
        9.7271e-06, 2.4738e-05, 1.0529e-04, 1.3025e-04, 9.2674e-05, 5.1762e-05,
        1.0151e-04, 2.1064e-05, 4.7341e-05, 1.0465e-04, 1.8939e-05, 4.7000e-05,
        3.3161e-06, 1.3391e-04, 6.0647e-05, 5.9707e-05, 2.1594e-05, 1.2262e-04,
        2.9194e-05, 2.6101e-05, 1.1134e-05, 1.1270e-04, 2.6160e-06, 2.7752e-05,
        8.4879e-05, 6.8856e-05, 2.7889e-05, 8.7846e-05, 1.3730e-05, 9.4680e-05,
        3.3211e-05, 3.6632e-05, 2.3656e-05, 7.7791e-05, 1.1953e-04, 5.7810e-05,
        9.6537e-05, 5.2123e-05, 1.2537e-04, 4.5525e-05, 9.5547e-05, 7.3502e-05,
        9.5580e-05, 5.0418e-05, 6.5178e-06, 5.1149e-05, 8.3648e-05, 9.2507e-06,
        6.9402e-05, 6.0271e-05, 1.2279e-04, 1.5745e-06, 5.9280e-05, 2.9247e-05,
        6.6500e-05, 6.2398e-05, 5.0692e-05, 1.2055e-05, 2.1955e-04, 5.6617e-05,
        1.1418e-05, 4.5586e-05, 7.7833e-05, 3.6527e-05, 5.2472e-05],
       grad_fn=<CatBackward>)

mean_overall=tensor(6.3682e-05, grad_fn=<MeanBackward0>)

-----------------------------------------------ITERATION140-----------------------------------------------

final_causality=[[1, 1, 1, 1, 1, 1, 1, 1, 1, 1, 1, 1, 1], [1, 1, 1, 1, 1, 1, 1, 1, 1, 1, 1, 1, 1, 1, 1, 1, 1, 1, 1, 1, 1, 1, 1, 1, 1, 1, 1, 1, 1, 1, 1, 1, 1, 1, 1, 1, 1, 1, 1, 1, 1, 1, 1, 1, 1, 1, 1, 1, 1, 1], [1, 1, 1, 1, 1, 1, 1, 1, 1, 1, 1, 1, 1, 1, 1, 1, 1, 1, 1, 1, 1, 1, 1, 1, 1, 1, 1, 1, 1, 1, 1, 1, 1, 1, 1, 1, 1, 1, 1, 1, 1, 1, 1, 1, 1, 1, 1, 1, 1, 1]]

means=tensor([2.9153e-04, 0.0000e+00, 2.7234e-04, 0.0000e+00, 7.5494e-05, 9.7480e-05,
        7.0018e-05, 7.4277e-05, 7.6680e-05, 1.0221e-04, 6.7026e-05, 1.9721e-05,
        3.7754e-05, 7.9880e-05, 3.6631e-05, 2.1736e-05, 1.6016e-04, 3.7854e-05,
        4.2771e-05, 1.6425e-04, 1.7892e-04, 1.8659e-05, 2.6888e-05, 3.0554e-05,
        3.6064e-05, 3.7491e-05, 3.1360e-05, 6.9340e-05, 7.0650e-06, 8.3984e-05,
        4.3075e-05, 1.3108e-04, 1.6996e-05, 7.7377e-05, 4.9949e-05, 1.0468e-04,
        3.9033e-05, 4.4513e-05, 5.7825e-05, 7.9800e-05, 8.8138e-05, 4.6572e-05,
        5.1420e-05, 4.7152e-05, 3.0544e-05, 4.7727e-05, 6.9722e-05, 5.0708e-05,
        9.8330e-06, 2.4422e-05, 1.0516e-04, 1.3123e-04, 9.2755e-05, 5.1374e-05,
        1.0123e-04, 2.1839e-05, 4.8057e-05, 1.0506e-04, 1.9027e-05, 4.7875e-05,
        2.9118e-06, 1.3500e-04, 6.0798e-05, 5.9549e-05, 2.1615e-05, 1.2133e-04,
        2.9187e-05, 2.6277e-05, 1.1033e-05, 1.1321e-04, 2.6116e-06, 2.8055e-05,
        8.5283e-05, 6.8521e-05, 2.7732e-05, 8.8465e-05, 1.3707e-05, 9.5200e-05,
        3.3667e-05, 3.6876e-05, 2.3678e-05, 7.7793e-05, 1.1965e-04, 5.7622e-05,
        9.8415e-05, 5.2556e-05, 1.2499e-04, 4.5480e-05, 9.5946e-05, 7.4139e-05,
        9.5262e-05, 5.0367e-05, 6.5483e-06, 5.1416e-05, 8.3655e-05, 9.2471e-06,
        6.9389e-05, 6.0705e-05, 1.2192e-04, 1.5777e-06, 5.9584e-05, 2.9236e-05,
        6.6145e-05, 6.2385e-05, 5.1069e-05, 1.2082e-05, 2.2090e-04, 5.7315e-05,
        1.1323e-05, 4.5386e-05, 7.8062e-05, 3.6712e-05, 5.2471e-05],
       grad_fn=<CatBackward>)

mean_overall=tensor(6.4127e-05, grad_fn=<MeanBackward0>)

-----------------------------------------------ITERATION150-----------------------------------------------

final_causality=[[1, 1, 1, 1, 1, 1, 1, 1, 1, 1, 1, 1, 1], [1, 1, 1, 1, 1, 1, 1, 1, 1, 1, 1, 1, 1, 1, 1, 1, 1, 1, 1, 1, 1, 1, 1, 1, 1, 1, 1, 1, 1, 1, 1, 1, 1, 1, 1, 1, 1, 1, 1, 1, 1, 1, 1, 1, 1, 1, 1, 1, 1, 1], [1, 1, 1, 1, 1, 1, 1, 1, 1, 1, 1, 1, 1, 1, 1, 1, 1, 1, 1, 1, 1, 1, 1, 1, 1, 1, 1, 1, 1, 1, 1, 1, 1, 1, 1, 1, 1, 1, 1, 1, 1, 1, 1, 1, 1, 1, 1, 1, 1, 1]]

means=tensor([3.0836e-04, 0.0000e+00, 2.7409e-04, 0.0000e+00, 7.5259e-05, 9.6940e-05,
        7.0265e-05, 7.7438e-05, 7.8536e-05, 1.0622e-04, 6.7112e-05, 1.9439e-05,
        4.5334e-05, 8.0578e-05, 3.7185e-05, 2.1570e-05, 1.6045e-04, 3.8376e-05,
        4.2828e-05, 1.6472e-04, 1.8005e-04, 1.8696e-05, 2.6884e-05, 3.1098e-05,
        3.5981e-05, 3.7660e-05, 3.1811e-05, 7.0639e-05, 6.9424e-06, 8.3301e-05,
        4.2941e-05, 1.3086e-04, 1.7727e-05, 7.6966e-05, 5.0008e-05, 1.0509e-04,
        3.9385e-05, 4.4567e-05, 5.8631e-05, 7.9255e-05, 8.8061e-05, 4.6717e-05,
        5.0865e-05, 4.7747e-05, 3.0883e-05, 4.8662e-05, 7.0071e-05, 5.0205e-05,
        9.9509e-06, 2.4085e-05, 1.0503e-04, 1.3227e-04, 9.2830e-05, 5.0989e-05,
        1.0094e-04, 2.2651e-05, 4.8788e-05, 1.0577e-04, 1.9113e-05, 4.8805e-05,
        2.5125e-06, 1.3611e-04, 6.0944e-05, 5.9387e-05, 2.1639e-05, 1.2003e-04,
        2.9177e-05, 2.6463e-05, 1.0930e-05, 1.1372e-04, 2.6056e-06, 2.8371e-05,
        8.5701e-05, 6.8176e-05, 2.7570e-05, 8.9105e-05, 1.3685e-05, 9.5738e-05,
        3.4141e-05, 3.7132e-05, 2.3703e-05, 7.7788e-05, 1.1978e-04, 5.7428e-05,
        1.0036e-04, 5.2999e-05, 1.2460e-04, 4.5431e-05, 9.6366e-05, 7.4800e-05,
        9.4943e-05, 5.0318e-05, 6.5815e-06, 5.1690e-05, 8.3661e-05, 9.2429e-06,
        6.9379e-05, 6.1170e-05, 1.2104e-04, 1.5793e-06, 5.9897e-05, 2.9225e-05,
        6.5785e-05, 6.2369e-05, 5.1464e-05, 1.2113e-05, 2.2230e-04, 5.8039e-05,
        1.1228e-05, 4.5185e-05, 7.8303e-05, 3.6899e-05, 5.2471e-05],
       grad_fn=<CatBackward>)

mean_overall=tensor(6.4592e-05, grad_fn=<MeanBackward0>)

-----------------------------------------------ITERATION160-----------------------------------------------

final_causality=[[1, 1, 1, 1, 1, 1, 1, 1, 1, 1, 1, 1, 1], [1, 1, 1, 1, 1, 1, 1, 1, 1, 1, 1, 1, 1, 1, 1, 1, 1, 1, 1, 1, 1, 1, 1, 1, 1, 1, 1, 1, 1, 1, 1, 1, 1, 1, 1, 1, 1, 1, 1, 1, 1, 1, 1, 1, 1, 1, 1, 1, 1, 1], [1, 1, 1, 1, 1, 1, 1, 1, 1, 1, 1, 1, 1, 1, 1, 1, 1, 1, 1, 1, 1, 1, 1, 1, 1, 1, 1, 1, 1, 1, 1, 1, 1, 1, 1, 1, 1, 1, 1, 1, 1, 1, 1, 1, 1, 1, 1, 1, 1, 1]]

means=tensor([3.2570e-04, 0.0000e+00, 2.7599e-04, 0.0000e+00, 7.5058e-05, 9.6414e-05,
        7.0549e-05, 8.0698e-05, 8.0570e-05, 1.1041e-04, 6.7273e-05, 1.9133e-05,
        5.3175e-05, 8.1334e-05, 3.7742e-05, 2.1414e-05, 1.6079e-04, 3.8951e-05,
        4.2904e-05, 1.6524e-04, 1.8126e-04, 1.8709e-05, 2.6910e-05, 3.1700e-05,
        3.5877e-05, 3.7860e-05, 3.2314e-05, 7.2032e-05, 6.8338e-06, 8.2634e-05,
        4.2835e-05, 1.3077e-04, 1.8463e-05, 7.6572e-05, 5.0094e-05, 1.0554e-04,
        3.9787e-05, 4.4610e-05, 5.9441e-05, 7.8720e-05, 8.7959e-05, 4.6889e-05,
        5.0360e-05, 4.8348e-05, 3.1259e-05, 4.9616e-05, 7.0412e-05, 4.9711e-05,
        1.0064e-05, 2.3763e-05, 1.0489e-04, 1.3333e-04, 9.2918e-05, 5.0577e-05,
        1.0070e-04, 2.3533e-05, 4.9581e-05, 1.0652e-04, 1.9218e-05, 4.9752e-05,
        2.0766e-06, 1.3729e-04, 6.1111e-05, 5.9229e-05, 2.1658e-05, 1.1868e-04,
        2.9172e-05, 2.6653e-05, 1.0825e-05, 1.1425e-04, 2.6012e-06, 2.8697e-05,
        8.6144e-05, 6.7822e-05, 2.7407e-05, 8.9763e-05, 1.3659e-05, 9.6296e-05,
        3.4630e-05, 3.7396e-05, 2.3727e-05, 7.7794e-05, 1.1992e-04, 5.7233e-05,
        1.0236e-04, 5.3464e-05, 1.2421e-04, 4.5385e-05, 9.6804e-05, 7.5495e-05,
        9.4601e-05, 5.0262e-05, 6.6139e-06, 5.1976e-05, 8.3671e-05, 9.2416e-06,
        6.9365e-05, 6.1652e-05, 1.2013e-04, 1.5837e-06, 6.0232e-05, 2.9212e-05,
        6.5418e-05, 6.2357e-05, 5.1870e-05, 1.2141e-05, 2.2375e-04, 5.8791e-05,
        1.1127e-05, 4.4972e-05, 7.8559e-05, 3.7098e-05, 5.2468e-05],
       grad_fn=<CatBackward>)

mean_overall=tensor(6.5085e-05, grad_fn=<MeanBackward0>)

-----------------------------------------------ITERATION170-----------------------------------------------

final_causality=[[1, 1, 1, 1, 1, 1, 1, 1, 1, 1, 1, 1, 1], [1, 1, 1, 1, 1, 1, 1, 1, 1, 1, 1, 1, 1, 1, 1, 1, 1, 1, 1, 1, 1, 1, 1, 1, 1, 1, 1, 1, 1, 1, 1, 1, 1, 1, 1, 1, 1, 1, 1, 1, 1, 1, 1, 1, 1, 1, 1, 1, 1, 1], [1, 1, 1, 1, 1, 1, 1, 1, 1, 1, 1, 1, 1, 1, 1, 1, 1, 1, 1, 1, 1, 1, 1, 1, 1, 1, 1, 1, 1, 1, 1, 1, 1, 1, 1, 1, 1, 1, 1, 1, 1, 1, 1, 1, 1, 1, 1, 1, 1, 1]]

means=tensor([3.4361e-04, 0.0000e+00, 2.7791e-04, 0.0000e+00, 7.4814e-05, 9.5840e-05,
        7.0827e-05, 8.4084e-05, 8.2553e-05, 1.1472e-04, 6.7393e-05, 1.8854e-05,
        6.1313e-05, 8.2101e-05, 3.8343e-05, 2.1249e-05, 1.6112e-04, 3.9528e-05,
        4.2976e-05, 1.6575e-04, 1.8248e-04, 1.8747e-05, 2.6922e-05, 3.2311e-05,
        3.5791e-05, 3.8056e-05, 3.2814e-05, 7.3456e-05, 6.7158e-06, 8.1933e-05,
        4.2707e-05, 1.3093e-04, 1.9253e-05, 7.6154e-05, 5.0160e-05, 1.0598e-04,
        4.0240e-05, 4.4669e-05, 6.0311e-05, 7.8151e-05, 8.7878e-05, 4.7051e-05,
        4.9836e-05, 4.8992e-05, 3.1637e-05, 5.0630e-05, 7.0787e-05, 4.9200e-05,
        1.0191e-05, 2.3418e-05, 1.0477e-04, 1.3445e-04, 9.2998e-05, 5.0172e-05,
        1.0045e-04, 2.4453e-05, 5.0384e-05, 1.0727e-04, 1.9317e-05, 5.0757e-05,
        1.6507e-06, 1.3848e-04, 6.1270e-05, 5.9067e-05, 2.1681e-05, 1.1731e-04,
        2.9163e-05, 2.6853e-05, 1.0716e-05, 1.1479e-04, 2.5950e-06, 2.9037e-05,
        8.6599e-05, 6.7458e-05, 2.7240e-05, 9.0441e-05, 1.3635e-05, 9.6870e-05,
        3.5137e-05, 3.7673e-05, 2.3986e-05, 7.7793e-05, 1.2007e-04, 5.7030e-05,
        1.0443e-04, 5.3938e-05, 1.2382e-04, 4.5334e-05, 9.7263e-05, 7.6213e-05,
        9.4263e-05, 5.0211e-05, 6.6493e-06, 5.2266e-05, 8.3679e-05, 9.2397e-06,
        6.9354e-05, 6.2147e-05, 1.1920e-04, 1.5861e-06, 6.0575e-05, 2.9201e-05,
        6.5048e-05, 6.2340e-05, 5.2295e-05, 1.2173e-05, 2.2525e-04, 5.9568e-05,
        1.1026e-05, 4.4760e-05, 7.8826e-05, 3.7297e-05, 5.2466e-05],
       grad_fn=<CatBackward>)

mean_overall=tensor(6.5596e-05, grad_fn=<MeanBackward0>)

-----------------------------------------------ITERATION180-----------------------------------------------

final_causality=[[1, 1, 1, 1, 1, 1, 1, 1, 1, 1, 1, 1, 1], [1, 1, 1, 1, 1, 1, 1, 1, 1, 1, 1, 1, 1, 1, 1, 1, 1, 1, 1, 1, 1, 1, 1, 1, 1, 1, 1, 1, 1, 1, 1, 1, 1, 1, 1, 1, 1, 1, 1, 1, 1, 1, 1, 1, 1, 1, 1, 1, 1, 1], [1, 1, 1, 1, 1, 1, 1, 1, 1, 1, 1, 1, 1, 1, 1, 1, 1, 1, 1, 1, 1, 1, 1, 1, 1, 1, 1, 1, 1, 1, 1, 1, 1, 1, 1, 1, 1, 1, 1, 1, 1, 1, 1, 1, 1, 1, 1, 1, 1, 1]]

means=tensor([3.6203e-04, 1.3878e-17, 2.7993e-04, 1.3878e-17, 7.4579e-05, 9.5261e-05,
        7.1129e-05, 8.7577e-05, 8.4638e-05, 1.1918e-04, 6.7553e-05, 1.8569e-05,
        6.9718e-05, 8.2912e-05, 3.8960e-05, 2.1088e-05, 1.6148e-04, 4.0143e-05,
        4.3060e-05, 1.6630e-04, 1.8376e-04, 1.8776e-05, 2.6951e-05, 3.2968e-05,
        3.5695e-05, 3.8273e-05, 3.3348e-05, 7.4955e-05, 6.6052e-06, 8.1234e-05,
        4.2594e-05, 1.3112e-04, 2.0063e-05, 7.5743e-05, 5.0239e-05, 1.0646e-04,
        4.0705e-05, 4.4725e-05, 6.1202e-05, 7.7579e-05, 8.7787e-05, 4.7229e-05,
        4.9311e-05, 4.9653e-05, 3.2041e-05, 5.1676e-05, 7.1166e-05, 4.8692e-05,
        1.0319e-05, 2.3078e-05, 1.0463e-04, 1.3560e-04, 9.3083e-05, 4.9753e-05,
        1.0020e-04, 2.5436e-05, 5.1234e-05, 1.0806e-04, 1.9428e-05, 5.1792e-05,
        1.2036e-06, 1.3972e-04, 6.1442e-05, 5.8906e-05, 2.1701e-05, 1.1591e-04,
        2.9157e-05, 2.7059e-05, 1.0607e-05, 1.1535e-04, 2.5894e-06, 2.9388e-05,
        8.7077e-05, 6.7086e-05, 2.7070e-05, 9.1136e-05, 1.3608e-05, 9.7463e-05,
        3.5659e-05, 3.7959e-05, 2.4288e-05, 7.7797e-05, 1.2024e-04, 5.6826e-05,
        1.0655e-04, 5.4430e-05, 1.2343e-04, 4.5285e-05, 9.7955e-05, 7.6962e-05,
        9.3910e-05, 5.0155e-05, 6.6850e-06, 5.2567e-05, 8.3689e-05, 9.2397e-06,
        6.9341e-05, 6.2657e-05, 1.1826e-04, 1.5899e-06, 6.0935e-05, 2.9188e-05,
        6.4673e-05, 6.2326e-05, 5.2734e-05, 1.2204e-05, 2.2678e-04, 6.0370e-05,
        1.0921e-05, 4.4541e-05, 7.9107e-05, 3.7505e-05, 5.2463e-05],
       grad_fn=<CatBackward>)

mean_overall=tensor(6.6132e-05, grad_fn=<MeanBackward0>)

-----------------------------------------------ITERATION190-----------------------------------------------

final_causality=[[1, 1, 1, 1, 1, 1, 1, 1, 1, 1, 1, 1, 1], [1, 1, 1, 1, 1, 1, 1, 1, 1, 1, 1, 1, 1, 1, 1, 1, 1, 1, 1, 1, 1, 1, 1, 1, 1, 1, 1, 1, 1, 1, 1, 1, 1, 1, 1, 1, 1, 1, 1, 1, 1, 1, 1, 1, 1, 1, 1, 1, 1, 1], [1, 1, 1, 1, 1, 1, 1, 1, 1, 1, 1, 1, 1, 1, 1, 1, 1, 1, 1, 1, 1, 1, 1, 1, 1, 1, 1, 1, 1, 1, 1, 1, 1, 1, 1, 1, 1, 1, 1, 1, 1, 1, 1, 1, 1, 1, 1, 1, 1, 1]]

means=tensor([3.8098e-04, 0.0000e+00, 2.8202e-04, 0.0000e+00, 7.4326e-05, 9.4654e-05,
        7.1439e-05, 9.1185e-05, 8.6737e-05, 1.2379e-04, 6.7709e-05, 1.8300e-05,
        7.8403e-05, 8.3749e-05, 3.9607e-05, 2.0925e-05, 1.6184e-04, 4.0777e-05,
        4.3147e-05, 1.6685e-04, 1.8508e-04, 1.8815e-05, 2.6981e-05, 3.3650e-05,
        3.5606e-05, 3.8498e-05, 3.3896e-05, 7.6506e-05, 6.4935e-06, 8.0522e-05,
        4.2476e-05, 1.3131e-04, 2.0913e-05, 7.5324e-05, 5.0312e-05, 1.0694e-04,
        4.1194e-05, 4.4790e-05, 6.2136e-05, 7.6988e-05, 8.7704e-05, 4.7408e-05,
        4.8777e-05, 5.0345e-05, 3.2460e-05, 5.2771e-05, 7.1566e-05, 4.8178e-05,
        1.0455e-05, 2.2729e-05, 1.0451e-04, 1.3680e-04, 9.3167e-05, 4.9332e-05,
        9.9938e-05, 2.6473e-05, 5.2111e-05, 1.0885e-04, 1.9542e-05, 5.2873e-05,
        7.5286e-07, 1.4100e-04, 6.1615e-05, 5.8745e-05, 2.1722e-05, 1.1448e-04,
        2.9149e-05, 2.7273e-05, 1.0495e-05, 1.1591e-04, 2.5829e-06, 2.9751e-05,
        8.7571e-05, 6.6705e-05, 2.6897e-05, 9.1849e-05, 1.3581e-05, 9.8072e-05,
        3.6198e-05, 3.8256e-05, 2.4599e-05, 7.7800e-05, 1.2042e-04, 5.6616e-05,
        1.0873e-04, 5.4934e-05, 1.2304e-04, 4.5259e-05, 9.8757e-05, 7.7737e-05,
        9.3553e-05, 5.0101e-05, 6.7225e-06, 5.2873e-05, 8.3699e-05, 9.2404e-06,
        6.9329e-05, 6.3181e-05, 1.1730e-04, 1.5932e-06, 6.1423e-05, 2.9176e-05,
        6.4294e-05, 6.2310e-05, 5.3190e-05, 1.2237e-05, 2.2837e-04, 6.1198e-05,
        1.0814e-05, 4.4319e-05, 7.9402e-05, 3.7717e-05, 5.2460e-05],
       grad_fn=<CatBackward>)

mean_overall=tensor(6.6689e-05, grad_fn=<MeanBackward0>)

-----------------------------------------------ITERATION200-----------------------------------------------

final_causality=[[1, 1, 1, 1, 1, 1, 1, 1, 1, 1, 1, 1, 1], [1, 1, 1, 1, 1, 1, 1, 1, 1, 1, 1, 1, 1, 1, 1, 1, 1, 1, 1, 1, 1, 1, 1, 1, 1, 1, 1, 1, 1, 1, 1, 1, 1, 1, 1, 1, 1, 1, 1, 1, 1, 1, 1, 1, 1, 1, 1, 1, 1, 1], [1, 1, 1, 1, 1, 1, 1, 1, 1, 1, 1, 1, 1, 1, 1, 1, 1, 1, 1, 1, 1, 1, 1, 1, 1, 1, 1, 1, 1, 1, 1, 1, 1, 1, 1, 1, 1, 1, 1, 1, 1, 1, 1, 1, 1, 1, 1, 1, 1, 1]]

means=tensor([4.0044e-04, 0.0000e+00, 2.8418e-04, 0.0000e+00, 7.4066e-05, 9.4028e-05,
        7.1764e-05, 9.4905e-05, 8.8885e-05, 1.2853e-04, 6.7882e-05, 1.8040e-05,
        8.7360e-05, 8.4620e-05, 4.0280e-05, 2.0764e-05, 1.6221e-04, 4.1438e-05,
        4.3242e-05, 1.6742e-04, 1.8643e-04, 1.8856e-05, 2.7019e-05, 3.4369e-05,
        3.5516e-05, 3.8737e-05, 3.4467e-05, 7.8119e-05, 6.3847e-06, 7.9804e-05,
        4.2363e-05, 1.3151e-04, 2.1794e-05, 7.4903e-05, 5.0388e-05, 1.0744e-04,
        4.1703e-05, 4.4859e-05, 6.3104e-05, 7.6386e-05, 8.7621e-05, 4.7595e-05,
        4.8238e-05, 5.1063e-05, 3.2897e-05, 5.3907e-05, 7.1980e-05, 4.7663e-05,
        1.0596e-05, 2.2377e-05, 1.0438e-04, 1.3804e-04, 9.3253e-05, 4.8905e-05,
        9.9682e-05, 2.7572e-05, 5.3023e-05, 1.0967e-04, 1.9663e-05, 5.3994e-05,
        2.9157e-07, 1.4230e-04, 6.1794e-05, 5.8584e-05, 2.1742e-05, 1.1303e-04,
        2.9142e-05, 2.7494e-05, 1.0382e-05, 1.1649e-04, 2.5763e-06, 3.0126e-05,
        8.8084e-05, 6.6316e-05, 2.6722e-05, 9.2578e-05, 1.3552e-05, 9.8699e-05,
        3.6752e-05, 3.8564e-05, 2.4920e-05, 7.7805e-05, 1.2061e-04, 5.6403e-05,
        1.1097e-04, 5.5453e-05, 1.2265e-04, 4.5340e-05, 9.9591e-05, 7.8540e-05,
        9.3188e-05, 5.0046e-05, 6.7612e-06, 5.3187e-05, 8.3709e-05, 9.2425e-06,
        6.9316e-05, 6.3719e-05, 1.1632e-04, 1.5968e-06, 6.1983e-05, 2.9164e-05,
        6.3912e-05, 6.2293e-05, 5.3660e-05, 1.2272e-05, 2.2999e-04, 6.2051e-05,
        1.0705e-05, 4.4093e-05, 7.9710e-05, 3.7934e-05, 5.2457e-05],
       grad_fn=<CatBackward>)

mean_overall=tensor(6.7267e-05, grad_fn=<MeanBackward0>)

-----------------------------------------------ITERATION210-----------------------------------------------

final_causality=[[1, 1, 1, 1, 1, 1, 1, 1, 1, 1, 1, 1, 1], [1, 1, 1, 1, 1, 1, 1, 1, 1, 1, 1, 1, 1, 1, 1, 1, 1, 1, 1, 1, 1, 1, 1, 1, 1, 1, 1, 1, 1, 1, 1, 1, 1, 1, 1, 1, 1, 1, 1, 1, 1, 1, 1, 1, 1, 1, 1, 1, 1, 1], [1, 1, 1, 1, 1, 1, 1, 1, 1, 1, 1, 1, 1, 1, 1, 1, 1, 1, 1, 1, 1, 1, 1, 1, 1, 1, 1, 1, 1, 1, 1, 1, 1, 1, 1, 1, 1, 1, 1, 1, 1, 1, 1, 1, 1, 1, 1, 1, 1, 1]]

means=tensor([4.2041e-04, 0.0000e+00, 2.8641e-04, 0.0000e+00, 7.3796e-05, 9.3381e-05,
        7.2102e-05, 9.8739e-05, 9.1068e-05, 1.3341e-04, 6.8066e-05, 1.7793e-05,
        9.6592e-05, 8.5523e-05, 4.0980e-05, 2.0603e-05, 1.6260e-04, 4.2124e-05,
        4.3345e-05, 1.6801e-04, 1.8783e-04, 1.8901e-05, 2.7063e-05, 3.5123e-05,
        3.5429e-05, 3.8988e-05, 3.5060e-05, 7.9791e-05, 6.2779e-06, 7.9079e-05,
        4.2251e-05, 1.3172e-04, 2.2710e-05, 7.4481e-05, 5.0464e-05, 1.0796e-04,
        4.2233e-05, 4.4933e-05, 6.4110e-05, 7.5772e-05, 8.7540e-05, 4.7789e-05,
        4.7694e-05, 5.1808e-05, 3.3353e-05, 5.5088e-05, 7.2410e-05, 4.7148e-05,
        1.0744e-05, 2.2021e-05, 1.0426e-04, 1.3932e-04, 9.3339e-05, 4.8474e-05,
        9.9423e-05, 2.8734e-05, 5.3970e-05, 1.1050e-04, 1.9790e-05, 5.5156e-05,
        5.5636e-07, 1.4365e-04, 6.1978e-05, 5.8425e-05, 2.1762e-05, 1.1156e-04,
        2.9135e-05, 2.7722e-05, 1.0266e-05, 1.1707e-04, 2.5692e-06, 3.0512e-05,
        8.8616e-05, 6.5919e-05, 2.6545e-05, 9.3324e-05, 1.3523e-05, 9.9342e-05,
        3.7322e-05, 3.8882e-05, 2.5249e-05, 7.7810e-05, 1.2081e-04, 5.6186e-05,
        1.1326e-04, 5.5985e-05, 1.2227e-04, 4.5419e-05, 1.0046e-04, 7.9372e-05,
        9.2816e-05, 4.9990e-05, 6.8013e-06, 5.3528e-05, 8.3721e-05, 9.2458e-06,
        6.9304e-05, 6.4271e-05, 1.1535e-04, 1.6004e-06, 6.2562e-05, 2.9151e-05,
        6.3528e-05, 6.2276e-05, 5.4146e-05, 1.2307e-05, 2.3166e-04, 6.2929e-05,
        1.0593e-05, 4.3864e-05, 8.0033e-05, 3.8156e-05, 5.2452e-05],
       grad_fn=<CatBackward>)

mean_overall=tensor(6.7871e-05, grad_fn=<MeanBackward0>)

-----------------------------------------------ITERATION220-----------------------------------------------

final_causality=[[1, 1, 1, 1, 1, 1, 1, 1, 1, 1, 1, 1, 1], [1, 1, 1, 1, 1, 1, 1, 1, 1, 1, 1, 1, 1, 1, 1, 1, 1, 1, 1, 1, 1, 1, 1, 1, 1, 1, 1, 1, 1, 1, 1, 1, 1, 1, 1, 1, 1, 1, 1, 1, 1, 1, 1, 1, 1, 1, 1, 1, 1, 1], [1, 1, 1, 1, 1, 1, 1, 1, 1, 1, 1, 1, 1, 1, 1, 1, 1, 1, 1, 1, 1, 1, 1, 1, 1, 1, 1, 1, 1, 1, 1, 1, 1, 1, 1, 1, 1, 1, 1, 1, 1, 1, 1, 1, 1, 1, 1, 1, 1, 1]]

means=tensor([4.4088e-04, 0.0000e+00, 2.8872e-04, 0.0000e+00, 7.3514e-05, 9.2711e-05,
        7.2453e-05, 1.0269e-04, 9.3282e-05, 1.3844e-04, 6.8260e-05, 1.7562e-05,
        1.0610e-04, 8.6458e-05, 4.1707e-05, 2.0443e-05, 1.6300e-04, 4.2835e-05,
        4.3454e-05, 1.6861e-04, 1.8926e-04, 1.8951e-05, 2.7114e-05, 3.5912e-05,
        3.5344e-05, 3.9252e-05, 3.5673e-05, 8.1523e-05, 6.1734e-06, 7.8349e-05,
        4.2143e-05, 1.3195e-04, 2.3662e-05, 7.4056e-05, 5.0541e-05, 1.0849e-04,
        4.2784e-05, 4.5012e-05, 6.5152e-05, 7.5147e-05, 8.7463e-05, 4.7988e-05,
        4.7146e-05, 5.2581e-05, 3.3828e-05, 5.6313e-05, 7.2857e-05, 4.6632e-05,
        1.0897e-05, 2.1661e-05, 1.0413e-04, 1.4065e-04, 9.3425e-05, 4.8039e-05,
        9.9165e-05, 2.9961e-05, 5.4950e-05, 1.1135e-04, 1.9922e-05, 5.6360e-05,
        1.0246e-06, 1.4502e-04, 6.2166e-05, 5.8266e-05, 2.1781e-05, 1.1007e-04,
        2.9128e-05, 2.7958e-05, 1.0150e-05, 1.1767e-04, 2.5618e-06, 3.0910e-05,
        8.9167e-05, 6.5515e-05, 2.6365e-05, 9.4087e-05, 1.3493e-05, 1.0000e-04,
        3.7907e-05, 3.9211e-05, 2.5588e-05, 7.7816e-05, 1.2103e-04, 5.5966e-05,
        1.1561e-04, 5.6531e-05, 1.2189e-04, 4.5496e-05, 1.0135e-04, 8.0232e-05,
        9.2439e-05, 4.9934e-05, 6.8428e-06, 5.4101e-05, 8.3733e-05, 9.2504e-06,
        6.9292e-05, 6.4837e-05, 1.1440e-04, 1.6042e-06, 6.3162e-05, 2.9138e-05,
        6.3140e-05, 6.2259e-05, 5.4647e-05, 1.2343e-05, 2.3337e-04, 6.3832e-05,
        1.0479e-05, 4.3632e-05, 8.0370e-05, 3.8382e-05, 5.2448e-05],
       grad_fn=<CatBackward>)

mean_overall=tensor(6.8500e-05, grad_fn=<MeanBackward0>)

-----------------------------------------------ITERATION230-----------------------------------------------

final_causality=[[1, 1, 1, 1, 1, 1, 1, 1, 1, 1, 1, 1, 1], [1, 1, 1, 1, 1, 1, 1, 1, 1, 1, 1, 1, 1, 1, 1, 1, 1, 1, 1, 1, 1, 1, 1, 1, 1, 1, 1, 1, 1, 1, 1, 1, 1, 1, 1, 1, 1, 1, 1, 1, 1, 1, 1, 1, 1, 1, 1, 1, 1, 1], [1, 1, 1, 1, 1, 1, 1, 1, 1, 1, 1, 1, 1, 1, 1, 1, 1, 1, 1, 1, 1, 1, 1, 1, 1, 1, 1, 1, 1, 1, 1, 1, 1, 1, 1, 1, 1, 1, 1, 1, 1, 1, 1, 1, 1, 1, 1, 1, 1, 1]]

means=tensor([4.6187e-04, 0.0000e+00, 2.9111e-04, 0.0000e+00, 7.3222e-05, 9.2020e-05,
        7.2818e-05, 1.0675e-04, 9.5530e-05, 1.4360e-04, 6.8468e-05, 1.7347e-05,
        1.1588e-04, 8.7427e-05, 4.2462e-05, 2.0285e-05, 1.6342e-04, 4.3574e-05,
        4.3571e-05, 1.6922e-04, 1.9074e-04, 1.9006e-05, 2.7173e-05, 3.6738e-05,
        3.5261e-05, 3.9530e-05, 3.6308e-05, 8.3317e-05, 6.0718e-06, 7.7616e-05,
        4.2038e-05, 1.3218e-04, 2.4650e-05, 7.3632e-05, 5.0617e-05, 1.0904e-04,
        4.3357e-05, 4.5097e-05, 6.6231e-05, 7.4510e-05, 8.7389e-05, 4.8195e-05,
        4.6595e-05, 5.3382e-05, 3.4322e-05, 5.7583e-05, 7.3319e-05, 4.6118e-05,
        1.1057e-05, 2.1299e-05, 1.0402e-04, 1.4202e-04, 9.3511e-05, 4.7602e-05,
        9.8906e-05, 3.1257e-05, 5.5965e-05, 1.1221e-04, 2.0061e-05, 5.7606e-05,
        1.5009e-06, 1.4643e-04, 6.2359e-05, 5.8110e-05, 2.1800e-05, 1.0856e-04,
        2.9122e-05, 2.8202e-05, 1.0031e-05, 1.1828e-04, 2.5539e-06, 3.1320e-05,
        8.9738e-05, 6.5104e-05, 2.6183e-05, 9.4865e-05, 1.3462e-05, 1.0068e-04,
        3.8508e-05, 3.9552e-05, 2.5936e-05, 7.7823e-05, 1.2126e-04, 5.5742e-05,
        1.1801e-04, 5.7090e-05, 1.2151e-04, 4.5569e-05, 1.0228e-04, 8.1196e-05,
        9.2055e-05, 4.9878e-05, 6.8856e-06, 5.4689e-05, 8.3746e-05, 9.2566e-06,
        6.9279e-05, 6.5418e-05, 1.1343e-04, 1.6080e-06, 6.3783e-05, 2.9125e-05,
        6.2751e-05, 6.2241e-05, 5.5164e-05, 1.2381e-05, 2.3513e-04, 6.4759e-05,
        1.0395e-05, 4.3396e-05, 8.1028e-05, 3.8613e-05, 5.2443e-05],
       grad_fn=<CatBackward>)

mean_overall=tensor(6.9153e-05, grad_fn=<MeanBackward0>)

-----------------------------------------------ITERATION240-----------------------------------------------

final_causality=[[1, 1, 1, 1, 1, 1, 1, 1, 1, 1, 1, 1, 1], [1, 1, 1, 1, 1, 1, 1, 1, 1, 1, 1, 1, 1, 1, 1, 1, 1, 1, 1, 1, 1, 1, 1, 1, 1, 1, 1, 1, 1, 1, 1, 1, 1, 1, 1, 1, 1, 1, 1, 1, 1, 1, 1, 1, 1, 1, 1, 1, 1, 1], [1, 1, 1, 1, 1, 1, 1, 1, 1, 1, 1, 1, 1, 1, 1, 1, 1, 1, 1, 1, 1, 1, 1, 1, 1, 1, 1, 1, 1, 1, 1, 1, 1, 1, 1, 1, 1, 1, 1, 1, 1, 1, 1, 1, 1, 1, 1, 1, 1, 1]]

means=tensor([4.8336e-04, 0.0000e+00, 2.9358e-04, 0.0000e+00, 7.2918e-05, 9.1305e-05,
        7.3196e-05, 1.1093e-04, 9.7804e-05, 1.4890e-04, 6.8687e-05, 1.7151e-05,
        1.2594e-04, 8.8428e-05, 4.3246e-05, 2.0129e-05, 1.6385e-04, 4.4338e-05,
        4.3695e-05, 1.6985e-04, 1.9225e-04, 1.9066e-05, 2.7239e-05, 3.7603e-05,
        3.5181e-05, 3.9822e-05, 3.6965e-05, 8.5171e-05, 5.9729e-06, 7.6879e-05,
        4.1936e-05, 1.3243e-04, 2.5675e-05, 7.3207e-05, 5.0694e-05, 1.0960e-04,
        4.3953e-05, 4.5188e-05, 6.7349e-05, 7.3864e-05, 8.7319e-05, 4.8408e-05,
        4.6041e-05, 5.4211e-05, 3.4835e-05, 5.8900e-05, 7.3798e-05, 4.5606e-05,
        1.1223e-05, 2.0934e-05, 1.0390e-04, 1.4343e-04, 9.3598e-05, 4.7163e-05,
        9.8648e-05, 3.2625e-05, 5.7014e-05, 1.1309e-04, 2.0208e-05, 5.8896e-05,
        1.9842e-06, 1.4786e-04, 6.2557e-05, 5.7955e-05, 2.1818e-05, 1.0704e-04,
        2.9115e-05, 2.8453e-05, 9.9111e-06, 1.1889e-04, 2.5456e-06, 3.1742e-05,
        9.0328e-05, 6.4687e-05, 2.5998e-05, 9.5659e-05, 1.3430e-05, 1.0137e-04,
        3.9124e-05, 3.9903e-05, 2.6293e-05, 7.7831e-05, 1.2151e-04, 5.5514e-05,
        1.2046e-04, 5.7663e-05, 1.2114e-04, 4.5639e-05, 1.0324e-04, 8.2417e-05,
        9.1666e-05, 4.9822e-05, 6.9299e-06, 5.5291e-05, 8.3759e-05, 9.2643e-06,
        6.9267e-05, 6.6012e-05, 1.1245e-04, 1.6120e-06, 6.4424e-05, 2.9113e-05,
        6.2359e-05, 6.2222e-05, 5.5697e-05, 1.2420e-05, 2.3693e-04, 6.5710e-05,
        1.0315e-05, 4.3158e-05, 8.1995e-05, 3.8849e-05, 5.2437e-05],
       grad_fn=<CatBackward>)

mean_overall=tensor(6.9832e-05, grad_fn=<MeanBackward0>)

-----------------------------------------------ITERATION250-----------------------------------------------

final_causality=[[1, 1, 1, 1, 1, 1, 1, 1, 1, 1, 1, 1, 1], [1, 1, 1, 1, 1, 1, 1, 1, 1, 1, 1, 1, 1, 1, 1, 1, 1, 1, 1, 1, 1, 1, 1, 1, 1, 1, 1, 1, 1, 1, 1, 1, 1, 1, 1, 1, 1, 1, 1, 1, 1, 1, 1, 1, 1, 1, 1, 1, 1, 1], [1, 1, 1, 1, 1, 1, 1, 1, 1, 1, 1, 1, 1, 1, 1, 1, 1, 1, 1, 1, 1, 1, 1, 1, 1, 1, 1, 1, 1, 1, 1, 1, 1, 1, 1, 1, 1, 1, 1, 1, 1, 1, 1, 1, 1, 1, 1, 1, 1, 1]]

means=tensor([5.0536e-04, 0.0000e+00, 2.9612e-04, 0.0000e+00, 7.2602e-05, 9.0567e-05,
        7.3588e-05, 1.1522e-04, 1.0011e-04, 1.5434e-04, 6.8920e-05, 1.6975e-05,
        1.3628e-04, 8.9463e-05, 4.4059e-05, 1.9974e-05, 1.6429e-04, 4.5129e-05,
        4.3828e-05, 1.7049e-04, 1.9380e-04, 1.9130e-05, 2.7313e-05, 3.8508e-05,
        3.5105e-05, 4.0128e-05, 3.7644e-05, 8.7088e-05, 5.8771e-06, 7.6141e-05,
        4.1839e-05, 1.3269e-04, 2.6739e-05, 7.2782e-05, 5.0771e-05, 1.1018e-04,
        4.4570e-05, 4.5285e-05, 6.8504e-05, 7.3207e-05, 8.7252e-05, 4.8628e-05,
        4.5486e-05, 5.5068e-05, 3.5368e-05, 6.0263e-05, 7.4294e-05, 4.5096e-05,
        1.1396e-05, 2.0568e-05, 1.0400e-04, 1.4489e-04, 9.3685e-05, 4.6722e-05,
        9.8391e-05, 3.4070e-05, 5.8099e-05, 1.1399e-04, 2.0572e-05, 6.0229e-05,
        2.4751e-06, 1.4933e-04, 6.2760e-05, 5.7804e-05, 2.1835e-05, 1.0549e-04,
        2.9109e-05, 2.8712e-05, 9.7897e-06, 1.1952e-04, 2.5369e-06, 3.2175e-05,
        9.0938e-05, 6.4263e-05, 2.5812e-05, 9.6468e-05, 1.3397e-05, 1.0208e-04,
        3.9756e-05, 4.0265e-05, 2.6659e-05, 7.7840e-05, 1.2177e-04, 5.5282e-05,
        1.2296e-04, 5.8250e-05, 1.2077e-04, 4.5704e-05, 1.0424e-04, 8.3676e-05,
        9.1271e-05, 4.9765e-05, 6.9755e-06, 5.5907e-05, 8.3773e-05, 9.2736e-06,
        6.9255e-05, 6.6622e-05, 1.1146e-04, 1.6161e-06, 6.5087e-05, 2.9100e-05,
        6.1965e-05, 6.2203e-05, 5.6246e-05, 1.2459e-05, 2.3877e-04, 6.6686e-05,
        1.0232e-05, 4.2917e-05, 8.2996e-05, 3.9089e-05, 5.2431e-05],
       grad_fn=<CatBackward>)

mean_overall=tensor(7.0535e-05, grad_fn=<MeanBackward0>)

-----------------------------------------------ITERATION260-----------------------------------------------

final_causality=[[1, 1, 1, 1, 1, 1, 1, 1, 1, 1, 1, 1, 1], [1, 1, 1, 1, 1, 1, 1, 1, 1, 1, 1, 1, 1, 1, 1, 1, 1, 1, 1, 1, 1, 1, 1, 1, 1, 1, 1, 1, 1, 1, 1, 1, 1, 1, 1, 1, 1, 1, 1, 1, 1, 1, 1, 1, 1, 1, 1, 1, 1, 1], [1, 1, 1, 1, 1, 1, 1, 1, 1, 1, 1, 1, 1, 1, 1, 1, 1, 1, 1, 1, 1, 1, 1, 1, 1, 1, 1, 1, 1, 1, 1, 1, 1, 1, 1, 1, 1, 1, 1, 1, 1, 1, 1, 1, 1, 1, 1, 1, 1, 1]]

means=tensor([5.2788e-04, 1.3878e-17, 2.9874e-04, 1.3878e-17, 7.2273e-05, 8.9805e-05,
        7.3994e-05, 1.1964e-04, 1.0243e-04, 1.5992e-04, 6.9165e-05, 1.6822e-05,
        1.4691e-04, 9.0532e-05, 4.4901e-05, 1.9822e-05, 1.6474e-04, 4.5948e-05,
        4.3969e-05, 1.7114e-04, 1.9538e-04, 1.9200e-05, 2.7395e-05, 3.9454e-05,
        3.5031e-05, 4.0449e-05, 3.8354e-05, 8.9068e-05, 5.7844e-06, 7.5402e-05,
        4.1745e-05, 1.3297e-04, 2.7841e-05, 7.2359e-05, 5.0848e-05, 1.1077e-04,
        4.5211e-05, 4.5387e-05, 6.9699e-05, 7.2541e-05, 8.7190e-05, 4.8854e-05,
        4.4930e-05, 5.5954e-05, 3.5922e-05, 6.1674e-05, 7.4806e-05, 4.4590e-05,
        1.1575e-05, 2.0199e-05, 1.0473e-04, 1.4638e-04, 9.3772e-05, 4.6280e-05,
        9.8135e-05, 3.5593e-05, 5.9220e-05, 1.1490e-04, 2.0950e-05, 6.1606e-05,
        2.9729e-06, 1.5083e-04, 6.2967e-05, 5.7655e-05, 2.1852e-05, 1.0393e-04,
        2.9103e-05, 2.8978e-05, 9.6667e-06, 1.2016e-04, 2.5278e-06, 3.2620e-05,
        9.1568e-05, 6.4065e-05, 2.5623e-05, 9.7293e-05, 1.3362e-05, 1.0409e-04,
        4.0403e-05, 4.0639e-05, 2.7034e-05, 7.7851e-05, 1.2205e-04, 5.5046e-05,
        1.2552e-04, 5.8850e-05, 1.2042e-04, 4.5765e-05, 1.0527e-04, 8.4973e-05,
        9.0871e-05, 4.9709e-05, 7.0226e-06, 5.6538e-05, 8.3788e-05, 9.2846e-06,
        6.9243e-05, 6.7245e-05, 1.1046e-04, 1.6202e-06, 6.5772e-05, 2.9087e-05,
        6.1568e-05, 6.2184e-05, 5.6811e-05, 1.2501e-05, 2.4065e-04, 6.7687e-05,
        1.0149e-05, 4.2674e-05, 8.4030e-05, 3.9334e-05, 5.2424e-05],
       grad_fn=<CatBackward>)

mean_overall=tensor(7.1279e-05, grad_fn=<MeanBackward0>)

-----------------------------------------------ITERATION270-----------------------------------------------

final_causality=[[1, 1, 1, 1, 1, 1, 1, 1, 1, 1, 1, 1, 1], [1, 1, 1, 1, 1, 1, 1, 1, 1, 1, 1, 1, 1, 1, 1, 1, 1, 1, 1, 1, 1, 1, 1, 1, 1, 1, 1, 1, 1, 1, 1, 1, 1, 1, 1, 1, 1, 1, 1, 1, 1, 1, 1, 1, 1, 1, 1, 1, 1, 1], [1, 1, 1, 1, 1, 1, 1, 1, 1, 1, 1, 1, 1, 1, 1, 1, 1, 1, 1, 1, 1, 1, 1, 1, 1, 1, 1, 1, 1, 1, 1, 1, 1, 1, 1, 1, 1, 1, 1, 1, 1, 1, 1, 1, 1, 1, 1, 1, 1, 1]]

means=tensor([5.5091e-04, 0.0000e+00, 3.0145e-04, 0.0000e+00, 7.1931e-05, 8.9018e-05,
        7.4413e-05, 1.2418e-04, 1.0478e-04, 1.6565e-04, 6.9424e-05, 1.6694e-05,
        1.5782e-04, 9.1636e-05, 4.5773e-05, 1.9673e-05, 1.6521e-04, 4.6794e-05,
        4.4118e-05, 1.7181e-04, 1.9701e-04, 1.9275e-05, 2.7485e-05, 4.0443e-05,
        3.4961e-05, 4.0785e-05, 3.9104e-05, 9.1111e-05, 5.6949e-06, 7.4663e-05,
        4.1657e-05, 1.3326e-04, 2.8984e-05, 7.1937e-05, 5.0926e-05, 1.1138e-04,
        4.5876e-05, 4.5497e-05, 7.0933e-05, 7.1866e-05, 8.7131e-05, 4.9088e-05,
        4.4373e-05, 5.6870e-05, 3.6497e-05, 6.3134e-05, 7.5336e-05, 4.4087e-05,
        1.1761e-05, 1.9829e-05, 1.0547e-04, 1.4793e-04, 9.3858e-05, 4.5837e-05,
        9.7880e-05, 3.7201e-05, 6.0376e-05, 1.1582e-04, 2.1340e-05, 6.3029e-05,
        3.4779e-06, 1.5236e-04, 6.3180e-05, 5.7509e-05, 2.1868e-05, 1.0235e-04,
        2.9097e-05, 2.9252e-05, 9.5424e-06, 1.2080e-04, 2.5182e-06, 3.3077e-05,
        9.2219e-05, 6.4036e-05, 2.5432e-05, 9.8132e-05, 1.3327e-05, 1.0614e-04,
        4.1065e-05, 4.1024e-05, 2.7418e-05, 7.7863e-05, 1.2234e-04, 5.4807e-05,
        1.2813e-04, 5.9464e-05, 1.2007e-04, 4.5820e-05, 1.0633e-04, 8.6310e-05,
        9.0467e-05, 4.9652e-05, 7.0711e-06, 5.7182e-05, 8.3804e-05, 9.2974e-06,
        6.9231e-05, 6.7884e-05, 1.0945e-04, 1.6245e-06, 6.6479e-05, 2.9075e-05,
        6.1170e-05, 6.2164e-05, 5.7514e-05, 1.2543e-05, 2.4257e-04, 6.8712e-05,
        1.0063e-05, 4.2428e-05, 8.5097e-05, 3.9583e-05, 5.2416e-05],
       grad_fn=<CatBackward>)

mean_overall=tensor(7.2048e-05, grad_fn=<MeanBackward0>)

-----------------------------------------------ITERATION280-----------------------------------------------

final_causality=[[1, 1, 1, 1, 1, 1, 1, 1, 1, 1, 1, 1, 1], [1, 1, 1, 1, 1, 1, 1, 1, 1, 1, 1, 1, 1, 1, 1, 1, 1, 1, 1, 1, 1, 1, 1, 1, 1, 1, 1, 1, 1, 1, 1, 1, 1, 1, 1, 1, 1, 1, 1, 1, 1, 1, 1, 1, 1, 1, 1, 1, 1, 1], [1, 1, 1, 1, 1, 1, 1, 1, 1, 1, 1, 1, 1, 1, 1, 1, 1, 1, 1, 1, 1, 1, 1, 1, 1, 1, 1, 1, 1, 1, 1, 1, 1, 1, 1, 1, 1, 1, 1, 1, 1, 1, 1, 1, 1, 1, 1, 1, 1, 1]]

means=tensor([5.7446e-04, 1.3878e-17, 3.0423e-04, 1.3878e-17, 7.1576e-05, 8.8205e-05,
        7.4846e-05, 1.2884e-04, 1.0715e-04, 1.7151e-04, 6.9697e-05, 1.6592e-05,
        1.6903e-04, 9.2774e-05, 4.6676e-05, 1.9526e-05, 1.6569e-04, 4.7669e-05,
        4.4276e-05, 1.7249e-04, 1.9867e-04, 1.9355e-05, 2.7584e-05, 4.1476e-05,
        3.4895e-05, 4.1137e-05, 3.9877e-05, 9.3217e-05, 5.6089e-06, 7.3924e-05,
        4.1573e-05, 1.3356e-04, 3.0168e-05, 7.1517e-05, 5.1003e-05, 1.1201e-04,
        4.6564e-05, 4.5612e-05, 7.2206e-05, 7.1182e-05, 8.7078e-05, 4.9329e-05,
        4.3816e-05, 5.7815e-05, 3.7093e-05, 6.4643e-05, 7.5883e-05, 4.3589e-05,
        1.1954e-05, 1.9458e-05, 1.0624e-04, 1.4951e-04, 9.3945e-05, 4.5395e-05,
        9.7628e-05, 3.8895e-05, 6.1570e-05, 1.1675e-04, 2.1743e-05, 6.4497e-05,
        3.9898e-06, 1.5392e-04, 6.3397e-05, 5.7368e-05, 2.1883e-05, 1.0076e-04,
        2.9092e-05, 2.9535e-05, 9.4165e-06, 1.2145e-04, 2.5081e-06, 3.3546e-05,
        9.2890e-05, 6.4007e-05, 2.5238e-05, 9.8986e-05, 1.3291e-05, 1.0822e-04,
        4.1743e-05, 4.1421e-05, 2.7811e-05, 7.7876e-05, 1.2266e-04, 5.4563e-05,
        1.3079e-04, 6.0091e-05, 1.1973e-04, 4.5870e-05, 1.0743e-04, 8.7687e-05,
        9.0057e-05, 4.9596e-05, 7.1211e-06, 5.7840e-05, 8.3821e-05, 9.3122e-06,
        6.9220e-05, 6.8538e-05, 1.0842e-04, 1.6288e-06, 6.7208e-05, 2.9062e-05,
        6.0769e-05, 6.2144e-05, 5.8977e-05, 1.2586e-05, 2.4454e-04, 6.9761e-05,
        9.9768e-06, 4.2179e-05, 8.6199e-05, 3.9845e-05, 5.2407e-05],
       grad_fn=<CatBackward>)

mean_overall=tensor(7.2846e-05, grad_fn=<MeanBackward0>)

-----------------------------------------------ITERATION290-----------------------------------------------

final_causality=[[1, 1, 1, 1, 1, 1, 1, 1, 1, 1, 1, 1, 1], [1, 1, 1, 1, 1, 1, 1, 1, 1, 1, 1, 1, 1, 1, 1, 1, 1, 1, 1, 1, 1, 1, 1, 1, 1, 1, 1, 1, 1, 1, 1, 1, 1, 1, 1, 1, 1, 1, 1, 1, 1, 1, 1, 1, 1, 1, 1, 1, 1, 1], [1, 1, 1, 1, 1, 1, 1, 1, 1, 1, 1, 1, 1, 1, 1, 1, 1, 1, 1, 1, 1, 1, 1, 1, 1, 1, 1, 1, 1, 1, 1, 1, 1, 1, 1, 1, 1, 1, 1, 1, 1, 1, 1, 1, 1, 1, 1, 1, 1, 1]]

means=tensor([5.9854e-04, 1.3878e-17, 3.0711e-04, 1.3878e-17, 7.1205e-05, 8.7365e-05,
        7.5293e-05, 1.3363e-04, 1.0953e-04, 1.7752e-04, 6.9983e-05, 1.6519e-05,
        1.8053e-04, 9.3947e-05, 4.7610e-05, 1.9383e-05, 1.6618e-04, 4.8572e-05,
        4.4442e-05, 1.7318e-04, 2.0037e-04, 1.9441e-05, 2.7692e-05, 4.2554e-05,
        3.4833e-05, 4.1505e-05, 4.0675e-05, 9.5389e-05, 5.5264e-06, 7.3187e-05,
        4.1495e-05, 1.3387e-04, 3.1396e-05, 7.1099e-05, 5.1081e-05, 1.1265e-04,
        4.7277e-05, 4.5735e-05, 7.3521e-05, 7.0490e-05, 8.7029e-05, 4.9578e-05,
        4.3259e-05, 5.8790e-05, 3.7711e-05, 6.6202e-05, 7.6448e-05, 4.3097e-05,
        1.2153e-05, 1.9086e-05, 1.0703e-04, 1.5115e-04, 9.4053e-05, 4.4953e-05,
        9.7378e-05, 4.0682e-05, 6.2800e-05, 1.1770e-04, 2.2161e-05, 6.6012e-05,
        4.5086e-06, 1.5551e-04, 6.3619e-05, 5.7230e-05, 2.1897e-05, 9.9151e-05,
        2.9087e-05, 2.9825e-05, 9.2893e-06, 1.2211e-04, 2.4976e-06, 3.4028e-05,
        9.3587e-05, 6.3978e-05, 2.5043e-05, 9.9855e-05, 1.3253e-05, 1.1033e-04,
        4.2436e-05, 4.1829e-05, 2.8214e-05, 7.7891e-05, 1.2299e-04, 5.4316e-05,
        1.3350e-04, 6.0733e-05, 1.1939e-04, 4.5912e-05, 1.0856e-04, 8.9104e-05,
        8.9643e-05, 4.9539e-05, 7.1726e-06, 5.8512e-05, 8.3839e-05, 9.3289e-06,
        6.9208e-05, 6.9207e-05, 1.0739e-04, 1.6333e-06, 6.7960e-05, 2.9050e-05,
        6.0366e-05, 6.2123e-05, 6.0469e-05, 1.2631e-05, 2.4655e-04, 7.0834e-05,
        9.8885e-06, 4.1929e-05, 8.7334e-05, 4.0135e-05, 5.2398e-05],
       grad_fn=<CatBackward>)

mean_overall=tensor(7.3667e-05, grad_fn=<MeanBackward0>)

-----------------------------------------------ITERATION300-----------------------------------------------

final_causality=[[1, 1, 1, 1, 1, 1, 1, 1, 1, 1, 1, 1, 1], [1, 1, 1, 1, 1, 1, 1, 1, 1, 1, 1, 1, 1, 1, 1, 1, 1, 1, 1, 1, 1, 1, 1, 1, 1, 1, 1, 1, 1, 1, 1, 1, 1, 1, 1, 1, 1, 1, 1, 1, 1, 1, 1, 1, 1, 1, 1, 1, 1, 1], [1, 1, 1, 1, 1, 1, 1, 1, 1, 1, 1, 1, 1, 1, 1, 1, 1, 1, 1, 1, 1, 1, 1, 1, 1, 1, 1, 1, 1, 1, 1, 1, 1, 1, 1, 1, 1, 1, 1, 1, 1, 1, 1, 1, 1, 1, 1, 1, 1, 1]]

means=tensor([6.2315e-04, 0.0000e+00, 3.1006e-04, 0.0000e+00, 7.0819e-05, 8.6499e-05,
        7.5754e-05, 1.3855e-04, 1.1194e-04, 1.8368e-04, 7.0284e-05, 1.6476e-05,
        1.9234e-04, 9.5156e-05, 4.8576e-05, 1.9242e-05, 1.6668e-04, 4.9504e-05,
        4.4618e-05, 1.7389e-04, 2.0210e-04, 1.9533e-05, 2.7809e-05, 4.3680e-05,
        3.4775e-05, 4.1889e-05, 4.1498e-05, 9.7626e-05, 5.4474e-06, 7.2453e-05,
        4.1422e-05, 1.3420e-04, 3.2667e-05, 7.0685e-05, 5.1158e-05, 1.1330e-04,
        4.8015e-05, 4.5864e-05, 7.4876e-05, 6.9790e-05, 8.6986e-05, 4.9834e-05,
        4.2704e-05, 5.9796e-05, 3.8351e-05, 6.7812e-05, 7.7031e-05, 4.2613e-05,
        1.2360e-05, 1.8714e-05, 1.0785e-04, 1.5282e-04, 9.5240e-05, 4.4512e-05,
        9.7130e-05, 4.2565e-05, 6.4068e-05, 1.1865e-04, 2.2592e-05, 6.7575e-05,
        5.0345e-06, 1.5713e-04, 6.3846e-05, 5.7097e-05, 2.1910e-05, 9.7529e-05,
        2.9083e-05, 3.0123e-05, 9.1605e-06, 1.2278e-04, 2.4865e-06, 3.4521e-05,
        9.4375e-05, 6.3950e-05, 2.4844e-05, 1.0074e-04, 1.3215e-05, 1.1248e-04,
        4.3146e-05, 4.2250e-05, 2.8626e-05, 7.7908e-05, 1.2334e-04, 5.4064e-05,
        1.3626e-04, 6.1387e-05, 1.1907e-04, 4.5948e-05, 1.0973e-04, 9.0562e-05,
        8.9224e-05, 4.9482e-05, 7.2257e-06, 5.9198e-05, 8.3857e-05, 9.3478e-06,
        6.9197e-05, 6.9892e-05, 1.0634e-04, 1.6379e-06, 6.8736e-05, 2.9037e-05,
        5.9960e-05, 6.2101e-05, 6.1991e-05, 1.2677e-05, 2.4860e-04, 7.1969e-05,
        9.7987e-06, 4.1676e-05, 8.8505e-05, 4.0429e-05, 5.2388e-05],
       grad_fn=<CatBackward>)

mean_overall=tensor(7.4523e-05, grad_fn=<MeanBackward0>)

-----------------------------------------------ITERATION310-----------------------------------------------

final_causality=[[1, 1, 1, 1, 1, 1, 1, 1, 1, 1, 1, 1, 1], [1, 1, 1, 1, 1, 1, 1, 1, 1, 1, 1, 1, 1, 1, 1, 1, 1, 1, 1, 1, 1, 1, 1, 1, 1, 1, 1, 1, 1, 1, 1, 1, 1, 1, 1, 1, 1, 1, 1, 1, 1, 1, 1, 1, 1, 1, 1, 1, 1, 1], [1, 1, 1, 1, 1, 1, 1, 1, 1, 1, 1, 1, 1, 1, 1, 1, 1, 1, 1, 1, 1, 1, 1, 1, 1, 1, 1, 1, 1, 1, 1, 1, 1, 1, 1, 1, 1, 1, 1, 1, 1, 1, 1, 1, 1, 1, 1, 1, 1, 1]]

means=tensor([6.4831e-04, 0.0000e+00, 3.1311e-04, 0.0000e+00, 7.0417e-05, 8.5603e-05,
        7.6229e-05, 1.4361e-04, 1.1435e-04, 1.8998e-04, 7.0600e-05, 1.6466e-05,
        2.0445e-04, 9.6402e-05, 4.9575e-05, 1.9105e-05, 1.6720e-04, 5.0466e-05,
        4.4803e-05, 1.7461e-04, 2.0387e-04, 1.9631e-05, 2.7935e-05, 4.4856e-05,
        3.4722e-05, 4.2290e-05, 4.2346e-05, 9.9929e-05, 5.3720e-06, 7.1722e-05,
        4.1355e-05, 1.3454e-04, 3.3984e-05, 7.0273e-05, 5.1236e-05, 1.1397e-04,
        4.8779e-05, 4.6000e-05, 7.6273e-05, 6.9082e-05, 8.6948e-05, 5.0098e-05,
        4.2150e-05, 6.0832e-05, 3.9014e-05, 6.9475e-05, 7.7632e-05, 4.2277e-05,
        1.2574e-05, 1.8341e-05, 1.0868e-04, 1.5454e-04, 9.6437e-05, 4.4072e-05,
        9.6886e-05, 4.4548e-05, 6.5374e-05, 1.1962e-04, 2.3038e-05, 6.9187e-05,
        5.5673e-06, 1.5878e-04, 6.4078e-05, 5.6968e-05, 2.1922e-05, 9.5893e-05,
        2.9079e-05, 3.0429e-05, 9.0302e-06, 1.2346e-04, 2.4750e-06, 3.5026e-05,
        9.5185e-05, 6.3923e-05, 2.4644e-05, 1.0164e-04, 1.3175e-05, 1.1466e-04,
        4.3870e-05, 4.2683e-05, 2.9047e-05, 7.7926e-05, 1.2372e-04, 5.3807e-05,
        1.3907e-04, 6.2056e-05, 1.1876e-04, 4.5976e-05, 1.1093e-04, 9.2061e-05,
        8.8801e-05, 4.9425e-05, 7.2803e-06, 5.9898e-05, 8.3877e-05, 9.3688e-06,
        6.9185e-05, 7.0594e-05, 1.0528e-04, 1.6426e-06, 6.9536e-05, 2.9025e-05,
        5.9551e-05, 6.2080e-05, 6.3544e-05, 1.2725e-05, 2.5069e-04, 7.3133e-05,
        9.7073e-06, 4.1420e-05, 8.9710e-05, 4.0728e-05, 5.2377e-05],
       grad_fn=<CatBackward>)

mean_overall=tensor(7.5404e-05, grad_fn=<MeanBackward0>)

-----------------------------------------------ITERATION320-----------------------------------------------

final_causality=[[1, 1, 1, 1, 1, 1, 1, 1, 1, 1, 1, 1, 1], [1, 1, 1, 1, 1, 1, 1, 1, 1, 1, 1, 1, 1, 1, 1, 1, 1, 1, 1, 1, 1, 1, 1, 1, 1, 1, 1, 1, 1, 1, 1, 1, 1, 1, 1, 1, 1, 1, 1, 1, 1, 1, 1, 1, 1, 1, 1, 1, 1, 1], [1, 1, 1, 1, 1, 1, 1, 1, 1, 1, 1, 1, 1, 1, 1, 1, 1, 1, 1, 1, 1, 1, 1, 1, 1, 1, 1, 1, 1, 1, 1, 1, 1, 1, 1, 1, 1, 1, 1, 1, 1, 1, 1, 1, 1, 1, 1, 1, 1, 1]]

means=tensor([6.7402e-04, 1.3878e-17, 3.1625e-04, 1.3878e-17, 6.9997e-05, 8.4678e-05,
        7.6718e-05, 1.4880e-04, 1.1677e-04, 1.9644e-04, 7.0930e-05, 1.6491e-05,
        2.1688e-04, 9.7683e-05, 5.0607e-05, 1.8971e-05, 1.6773e-04, 5.1457e-05,
        4.4998e-05, 1.7534e-04, 2.0568e-04, 1.9735e-05, 2.8070e-05, 4.6082e-05,
        3.4673e-05, 4.2709e-05, 4.3220e-05, 1.0230e-04, 5.3004e-06, 7.0994e-05,
        4.1294e-05, 1.3490e-04, 3.5349e-05, 6.9865e-05, 5.1313e-05, 1.1466e-04,
        4.9568e-05, 4.6144e-05, 7.7713e-05, 6.8368e-05, 8.6915e-05, 5.0369e-05,
        4.1599e-05, 6.1900e-05, 3.9700e-05, 7.1223e-05, 7.8251e-05, 4.1947e-05,
        1.2796e-05, 1.7967e-05, 1.0954e-04, 1.5630e-04, 9.7644e-05, 4.3634e-05,
        9.6645e-05, 4.6637e-05, 6.6718e-05, 1.2060e-04, 2.3499e-05, 7.0848e-05,
        6.1072e-06, 1.6045e-04, 6.4315e-05, 5.6845e-05, 2.1932e-05, 9.4242e-05,
        2.9075e-05, 3.0744e-05, 8.8984e-06, 1.2415e-04, 2.4629e-06, 3.5544e-05,
        9.6019e-05, 6.3897e-05, 2.4440e-05, 1.0255e-04, 1.3134e-05, 1.1688e-04,
        4.4611e-05, 4.3192e-05, 2.9478e-05, 7.7946e-05, 1.2411e-04, 5.3547e-05,
        1.4193e-04, 6.2739e-05, 1.1846e-04, 4.5995e-05, 1.1217e-04, 9.3601e-05,
        8.8374e-05, 4.9368e-05, 7.3365e-06, 6.0612e-05, 8.3898e-05, 9.3921e-06,
        6.9174e-05, 7.1311e-05, 1.0421e-04, 1.6474e-06, 7.0361e-05, 2.9014e-05,
        5.9139e-05, 6.2058e-05, 6.5127e-05, 1.2774e-05, 2.5283e-04, 7.4826e-05,
        9.6143e-06, 4.1163e-05, 9.0951e-05, 4.1032e-05, 5.2365e-05],
       grad_fn=<CatBackward>)

mean_overall=tensor(7.6314e-05, grad_fn=<MeanBackward0>)

-----------------------------------------------ITERATION330-----------------------------------------------

final_causality=[[1, 1, 1, 1, 1, 1, 1, 1, 1, 1, 1, 1, 1], [1, 1, 1, 1, 1, 1, 1, 1, 1, 1, 1, 1, 1, 1, 1, 1, 1, 1, 1, 1, 1, 1, 1, 1, 1, 1, 1, 1, 1, 1, 1, 1, 1, 1, 1, 1, 1, 1, 1, 1, 1, 1, 1, 1, 1, 1, 1, 1, 1, 1], [1, 1, 1, 1, 1, 1, 1, 1, 1, 1, 1, 1, 1, 1, 1, 1, 1, 1, 1, 1, 1, 1, 1, 1, 1, 1, 1, 1, 1, 1, 1, 1, 1, 1, 1, 1, 1, 1, 1, 1, 1, 1, 1, 1, 1, 1, 1, 1, 1, 1]]

means=tensor([7.0028e-04, 0.0000e+00, 3.1948e-04, 0.0000e+00, 6.9558e-05, 8.3722e-05,
        7.7221e-05, 1.5412e-04, 1.1921e-04, 2.0304e-04, 7.1275e-05, 1.6553e-05,
        2.2963e-04, 9.9002e-05, 5.1673e-05, 1.8841e-05, 1.6827e-04, 5.2480e-05,
        4.5202e-05, 1.7608e-04, 2.0752e-04, 1.9844e-05, 2.8216e-05, 4.7361e-05,
        3.4629e-05, 4.3145e-05, 4.4119e-05, 1.0474e-04, 5.2325e-06, 7.0271e-05,
        4.1239e-05, 1.3527e-04, 3.6762e-05, 6.9461e-05, 5.1391e-05, 1.1536e-04,
        5.0385e-05, 4.6295e-05, 7.9196e-05, 6.7646e-05, 8.6888e-05, 5.0649e-05,
        4.1050e-05, 6.3000e-05, 4.0411e-05, 7.3092e-05, 7.8889e-05, 4.1624e-05,
        1.3025e-05, 1.7595e-05, 1.1043e-04, 1.5811e-04, 9.8860e-05, 4.3199e-05,
        9.6407e-05, 4.8837e-05, 6.8101e-05, 1.2159e-04, 2.3974e-05, 7.2559e-05,
        6.6543e-06, 1.6215e-04, 6.4557e-05, 5.6728e-05, 2.1942e-05, 9.2578e-05,
        2.9072e-05, 3.1067e-05, 8.7650e-06, 1.2487e-04, 2.4503e-06, 3.6074e-05,
        9.6876e-05, 6.3871e-05, 2.4234e-05, 1.0348e-04, 1.3091e-05, 1.1913e-04,
        4.5367e-05, 4.4006e-05, 2.9918e-05, 7.7968e-05, 1.2452e-04, 5.3281e-05,
        1.4484e-04, 6.3435e-05, 1.1818e-04, 4.6006e-05, 1.1345e-04, 9.5184e-05,
        8.7942e-05, 4.9310e-05, 7.3944e-06, 6.1339e-05, 8.3920e-05, 9.4179e-06,
        6.9163e-05, 7.2046e-05, 1.0314e-04, 1.6523e-06, 7.1210e-05, 2.9002e-05,
        5.8724e-05, 6.2035e-05, 6.6740e-05, 1.2824e-05, 2.5501e-04, 7.6948e-05,
        9.5197e-06, 4.0903e-05, 9.2228e-05, 4.1342e-05, 5.2352e-05],
       grad_fn=<CatBackward>)

mean_overall=tensor(7.7256e-05, grad_fn=<MeanBackward0>)

-----------------------------------------------ITERATION340-----------------------------------------------

final_causality=[[1, 1, 1, 1, 1, 1, 1, 1, 1, 1, 1, 1, 1], [1, 1, 1, 1, 1, 1, 1, 1, 1, 1, 1, 1, 1, 1, 1, 1, 1, 1, 1, 1, 1, 1, 1, 1, 1, 1, 1, 1, 1, 1, 1, 1, 1, 1, 1, 1, 1, 1, 1, 1, 1, 1, 1, 1, 1, 1, 1, 1, 1, 1], [1, 1, 1, 1, 1, 1, 1, 1, 1, 1, 1, 1, 1, 1, 1, 1, 1, 1, 1, 1, 1, 1, 1, 1, 1, 1, 1, 1, 1, 1, 1, 1, 1, 1, 1, 1, 1, 1, 1, 1, 1, 1, 1, 1, 1, 1, 1, 1, 1, 1]]

means=tensor([7.2712e-04, 0.0000e+00, 3.2280e-04, 0.0000e+00, 6.9101e-05, 8.2735e-05,
        7.7737e-05, 1.5960e-04, 1.2164e-04, 2.0980e-04, 7.1636e-05, 1.6654e-05,
        2.4271e-04, 1.0036e-04, 5.2774e-05, 1.8715e-05, 1.6882e-04, 5.3533e-05,
        4.5416e-05, 1.7684e-04, 2.0940e-04, 1.9960e-05, 2.8371e-05, 4.8694e-05,
        3.4595e-05, 4.3600e-05, 4.5045e-05, 1.0724e-04, 5.1684e-06, 6.9553e-05,
        4.1191e-05, 1.3566e-04, 3.8225e-05, 6.9060e-05, 5.1468e-05, 1.1607e-04,
        5.1228e-05, 4.6453e-05, 8.0722e-05, 6.6918e-05, 8.6866e-05, 5.0937e-05,
        4.0503e-05, 6.4131e-05, 4.1145e-05, 7.5021e-05, 7.9546e-05, 4.1309e-05,
        1.3261e-05, 1.7230e-05, 1.1134e-04, 1.5997e-04, 1.0009e-04, 4.2766e-05,
        9.6174e-05, 5.1153e-05, 6.9523e-05, 1.2260e-04, 2.4465e-05, 7.4323e-05,
        7.2086e-06, 1.6388e-04, 6.4804e-05, 5.6616e-05, 2.1951e-05, 9.0900e-05,
        2.9069e-05, 3.1399e-05, 8.6300e-06, 1.2576e-04, 2.4372e-06, 3.6617e-05,
        9.7756e-05, 6.3847e-05, 2.4024e-05, 1.0442e-04, 1.3048e-05, 1.2141e-04,
        4.6139e-05, 4.4840e-05, 3.0368e-05, 7.7993e-05, 1.2496e-04, 5.3010e-05,
        1.4780e-04, 6.4145e-05, 1.1790e-04, 4.6006e-05, 1.1476e-04, 9.6809e-05,
        8.7506e-05, 4.9252e-05, 7.4539e-06, 6.2081e-05, 8.3943e-05, 9.4460e-06,
        6.9153e-05, 7.2798e-05, 1.0205e-04, 1.6574e-06, 7.2084e-05, 2.8991e-05,
        5.8304e-05, 6.2012e-05, 6.8383e-05, 1.2876e-05, 2.5723e-04, 7.9118e-05,
        9.4235e-06, 4.0640e-05, 9.3541e-05, 4.1656e-05, 5.2338e-05],
       grad_fn=<CatBackward>)

mean_overall=tensor(7.8225e-05, grad_fn=<MeanBackward0>)

-----------------------------------------------ITERATION350-----------------------------------------------

final_causality=[[1, 1, 1, 1, 1, 1, 1, 1, 1, 1, 1, 1, 1], [1, 1, 1, 1, 1, 1, 1, 1, 1, 1, 1, 1, 1, 1, 1, 1, 1, 1, 1, 1, 1, 1, 1, 1, 1, 1, 1, 1, 1, 1, 1, 1, 1, 1, 1, 1, 1, 1, 1, 1, 1, 1, 1, 1, 1, 1, 1, 1, 1, 1], [1, 1, 1, 1, 1, 1, 1, 1, 1, 1, 1, 1, 1, 1, 1, 1, 1, 1, 1, 1, 1, 1, 1, 1, 1, 1, 1, 1, 1, 1, 1, 1, 1, 1, 1, 1, 1, 1, 1, 1, 1, 1, 1, 1, 1, 1, 1, 1, 1, 1]]

means=tensor([7.5453e-04, 0.0000e+00, 3.2623e-04, 0.0000e+00, 6.8622e-05, 8.1714e-05,
        7.8268e-05, 1.6521e-04, 1.2409e-04, 2.1672e-04, 7.2011e-05, 1.6797e-05,
        2.5613e-04, 1.0175e-04, 5.3910e-05, 1.8592e-05, 1.6939e-04, 5.4617e-05,
        4.5640e-05, 1.7761e-04, 2.1131e-04, 2.0083e-05, 2.8536e-05, 5.0084e-05,
        3.4573e-05, 4.4073e-05, 4.5998e-05, 1.0981e-04, 5.1081e-06, 6.8841e-05,
        4.1149e-05, 1.3607e-04, 3.9741e-05, 6.8664e-05, 5.1545e-05, 1.1681e-04,
        5.2099e-05, 4.6619e-05, 8.2293e-05, 6.6184e-05, 8.6851e-05, 5.1233e-05,
        3.9960e-05, 6.5296e-05, 4.1905e-05, 7.7013e-05, 8.0222e-05, 4.1002e-05,
        1.3506e-05, 1.6865e-05, 1.1227e-04, 1.6187e-04, 1.0132e-04, 4.2336e-05,
        9.5944e-05, 5.3589e-05, 7.0986e-05, 1.2361e-04, 2.4971e-05, 7.6139e-05,
        7.7704e-06, 1.6564e-04, 6.5057e-05, 5.6511e-05, 2.1958e-05, 8.9208e-05,
        2.9067e-05, 3.1739e-05, 8.4932e-06, 1.2667e-04, 2.4236e-06, 3.7172e-05,
        9.8660e-05, 6.3824e-05, 2.3812e-05, 1.0537e-04, 1.3003e-05, 1.2373e-04,
        4.6927e-05, 4.5695e-05, 3.0828e-05, 7.8019e-05, 1.2542e-04, 5.2734e-05,
        1.5081e-04, 6.4869e-05, 1.1764e-04, 4.5996e-05, 1.1611e-04, 9.8477e-05,
        8.7067e-05, 4.9194e-05, 7.5152e-06, 6.2837e-05, 8.3967e-05, 9.4768e-06,
        6.9143e-05, 7.3568e-05, 1.0095e-04, 1.6625e-06, 7.2985e-05, 2.8980e-05,
        5.7881e-05, 6.1989e-05, 7.0057e-05, 1.2929e-05, 2.5950e-04, 8.1336e-05,
        9.3256e-06, 4.0376e-05, 9.4890e-05, 4.1975e-05, 5.2323e-05],
       grad_fn=<CatBackward>)

mean_overall=tensor(7.9220e-05, grad_fn=<MeanBackward0>)

-----------------------------------------------ITERATION360-----------------------------------------------

final_causality=[[1, 1, 1, 1, 1, 1, 1, 1, 1, 1, 1, 1, 1], [1, 1, 1, 1, 1, 1, 1, 1, 1, 1, 1, 1, 1, 1, 1, 1, 1, 1, 1, 1, 1, 1, 1, 1, 1, 1, 1, 1, 1, 1, 1, 1, 1, 1, 1, 1, 1, 1, 1, 1, 1, 1, 1, 1, 1, 1, 1, 1, 1, 1], [1, 1, 1, 1, 1, 1, 1, 1, 1, 1, 1, 1, 1, 1, 1, 1, 1, 1, 1, 1, 1, 1, 1, 1, 1, 1, 1, 1, 1, 1, 1, 1, 1, 1, 1, 1, 1, 1, 1, 1, 1, 1, 1, 1, 1, 1, 1, 1, 1, 1]]

means=tensor([7.8253e-04, 1.3878e-17, 3.2975e-04, 1.3878e-17, 6.8121e-05, 8.0658e-05,
        7.8812e-05, 1.7098e-04, 1.2653e-04, 2.2379e-04, 7.2402e-05, 1.6983e-05,
        2.6989e-04, 1.0319e-04, 5.5083e-05, 1.8474e-05, 1.6997e-04, 5.5733e-05,
        4.5874e-05, 1.7838e-04, 2.1326e-04, 2.0211e-05, 2.8712e-05, 5.1533e-05,
        3.4557e-05, 4.4565e-05, 4.6977e-05, 1.1246e-04, 5.0517e-06, 6.8136e-05,
        4.1115e-05, 1.3649e-04, 4.1310e-05, 6.8273e-05, 5.1622e-05, 1.1755e-04,
        5.2998e-05, 4.6792e-05, 8.3909e-05, 6.5444e-05, 8.6842e-05, 5.1537e-05,
        3.9421e-05, 6.6493e-05, 4.2690e-05, 7.9069e-05, 8.0918e-05, 4.0703e-05,
        1.3758e-05, 1.6500e-05, 1.1322e-04, 1.6382e-04, 1.0256e-04, 4.1909e-05,
        9.5720e-05, 5.6153e-05, 7.2488e-05, 1.2463e-04, 2.5494e-05, 7.8009e-05,
        8.3397e-06, 1.6742e-04, 6.5314e-05, 5.6413e-05, 2.1964e-05, 8.7502e-05,
        2.9065e-05, 3.2088e-05, 8.3547e-06, 1.2759e-04, 2.4094e-06, 3.7740e-05,
        9.9589e-05, 6.3802e-05, 2.3596e-05, 1.0634e-04, 1.2956e-05, 1.2608e-04,
        4.7731e-05, 4.6572e-05, 3.1298e-05, 7.8047e-05, 1.2590e-04, 5.2453e-05,
        1.5387e-04, 6.5608e-05, 1.1740e-04, 4.5975e-05, 1.1750e-04, 1.0019e-04,
        8.6623e-05, 4.9136e-05, 7.5782e-06, 6.3606e-05, 8.3993e-05, 9.5102e-06,
        6.9133e-05, 7.4355e-05, 9.9839e-05, 1.6678e-06, 7.3911e-05, 2.8970e-05,
        5.7452e-05, 6.1965e-05, 7.1761e-05, 1.2984e-05, 2.6181e-04, 8.3603e-05,
        9.2288e-06, 4.0108e-05, 9.6276e-05, 4.2300e-05, 5.2306e-05],
       grad_fn=<CatBackward>)

mean_overall=tensor(8.0241e-05, grad_fn=<MeanBackward0>)

-----------------------------------------------ITERATION370-----------------------------------------------

final_causality=[[1, 1, 1, 1, 1, 1, 1, 1, 1, 1, 1, 1, 1], [1, 1, 1, 1, 1, 1, 1, 1, 1, 1, 1, 1, 1, 1, 1, 1, 1, 1, 1, 1, 1, 1, 1, 1, 1, 1, 1, 1, 1, 1, 1, 1, 1, 1, 1, 1, 1, 1, 1, 1, 1, 1, 1, 1, 1, 1, 1, 1, 1, 1], [1, 1, 1, 1, 1, 1, 1, 1, 1, 1, 1, 1, 1, 1, 1, 1, 1, 1, 1, 1, 1, 1, 1, 1, 1, 1, 1, 1, 1, 1, 1, 1, 1, 1, 1, 1, 1, 1, 1, 1, 1, 1, 1, 1, 1, 1, 1, 1, 1, 1]]

means=tensor([8.1114e-04, 0.0000e+00, 3.3337e-04, 0.0000e+00, 6.7596e-05, 7.9567e-05,
        7.9369e-05, 1.7691e-04, 1.2897e-04, 2.3103e-04, 7.2809e-05, 1.7215e-05,
        2.8401e-04, 1.0466e-04, 5.6292e-05, 1.8359e-05, 1.7056e-04, 5.6882e-05,
        4.6118e-05, 1.7917e-04, 2.1524e-04, 2.0346e-05, 2.8898e-05, 5.3042e-05,
        3.4547e-05, 4.5077e-05, 4.7984e-05, 1.1517e-04, 4.9991e-06, 6.7437e-05,
        4.1088e-05, 1.3692e-04, 4.2934e-05, 6.7887e-05, 5.1699e-05, 1.1831e-04,
        5.3926e-05, 4.6974e-05, 8.5571e-05, 6.4697e-05, 8.6839e-05, 5.1850e-05,
        3.8886e-05, 6.7724e-05, 4.3501e-05, 8.1190e-05, 8.1634e-05, 4.0413e-05,
        1.4019e-05, 1.6134e-05, 1.1420e-04, 1.6581e-04, 1.0381e-04, 4.1487e-05,
        9.5500e-05, 5.8848e-05, 7.4031e-05, 1.2565e-04, 2.6032e-05, 7.9934e-05,
        8.9167e-06, 1.6923e-04, 6.5577e-05, 5.6322e-05, 2.1969e-05, 8.5782e-05,
        2.9064e-05, 3.2445e-05, 8.2144e-06, 1.2853e-04, 2.3946e-06, 3.8322e-05,
        1.0054e-04, 6.3781e-05, 2.3377e-05, 1.0732e-04, 1.2909e-05, 1.2847e-04,
        4.8552e-05, 4.7469e-05, 3.1777e-05, 7.8078e-05, 1.2640e-04, 5.2166e-05,
        1.5698e-04, 6.6360e-05, 1.1717e-04, 4.5942e-05, 1.1892e-04, 1.0194e-04,
        8.6175e-05, 4.9077e-05, 7.6429e-06, 6.4390e-05, 8.4021e-05, 9.5464e-06,
        6.9123e-05, 7.5162e-05, 9.8719e-05, 1.6733e-06, 7.4865e-05, 2.8960e-05,
        5.7018e-05, 6.1941e-05, 7.3497e-05, 1.3041e-05, 2.6416e-04, 8.5918e-05,
        9.1671e-06, 3.9838e-05, 9.7699e-05, 4.2630e-05, 5.2288e-05],
       grad_fn=<CatBackward>)

mean_overall=tensor(8.1290e-05, grad_fn=<MeanBackward0>)

-----------------------------------------------ITERATION380-----------------------------------------------

final_causality=[[1, 1, 1, 1, 1, 1, 1, 1, 1, 1, 1, 1, 1], [1, 1, 1, 1, 1, 1, 1, 1, 1, 1, 1, 1, 1, 1, 1, 1, 1, 1, 1, 1, 1, 1, 1, 1, 1, 1, 1, 1, 1, 1, 1, 1, 1, 1, 1, 1, 1, 1, 1, 1, 1, 1, 1, 1, 1, 1, 1, 1, 1, 1], [1, 1, 1, 1, 1, 1, 1, 1, 1, 1, 1, 1, 1, 1, 1, 1, 1, 1, 1, 1, 1, 1, 1, 1, 1, 1, 1, 1, 1, 1, 1, 1, 1, 1, 1, 1, 1, 1, 1, 1, 1, 1, 1, 1, 1, 1, 1, 1, 1, 1]]

means=tensor([8.4035e-04, 1.3878e-17, 3.3710e-04, 1.3878e-17, 6.7046e-05, 7.8438e-05,
        7.9941e-05, 1.8299e-04, 1.3140e-04, 2.3843e-04, 7.3231e-05, 1.7495e-05,
        2.9850e-04, 1.0617e-04, 5.7539e-05, 1.8248e-05, 1.7116e-04, 5.8063e-05,
        4.6373e-05, 1.7997e-04, 2.1725e-04, 2.0488e-05, 2.9095e-05, 5.4614e-05,
        3.4542e-05, 4.5609e-05, 4.9018e-05, 1.1795e-04, 4.9504e-06, 6.6746e-05,
        4.1068e-05, 1.3737e-04, 4.4616e-05, 6.7506e-05, 5.1775e-05, 1.1909e-04,
        5.4884e-05, 4.7164e-05, 8.7294e-05, 6.3945e-05, 8.6843e-05, 5.2172e-05,
        3.8355e-05, 6.8988e-05, 4.4338e-05, 8.3378e-05, 8.2369e-05, 4.0132e-05,
        1.4287e-05, 1.5768e-05, 1.1521e-04, 1.6784e-04, 1.0506e-04, 4.1068e-05,
        9.5285e-05, 6.1681e-05, 7.5616e-05, 1.2669e-04, 2.6587e-05, 8.1915e-05,
        9.5017e-06, 1.7106e-04, 6.5844e-05, 5.6239e-05, 2.1973e-05, 8.4048e-05,
        2.9064e-05, 3.2812e-05, 8.1236e-06, 1.2947e-04, 2.3792e-06, 3.8916e-05,
        1.0152e-04, 6.3761e-05, 2.3154e-05, 1.0832e-04, 1.2859e-05, 1.3089e-04,
        4.9389e-05, 4.8389e-05, 3.2267e-05, 7.8112e-05, 1.2693e-04, 5.1873e-05,
        1.6013e-04, 6.7126e-05, 1.1696e-04, 4.5897e-05, 1.2038e-04, 1.0374e-04,
        8.5723e-05, 4.9017e-05, 7.7095e-06, 6.5188e-05, 8.4050e-05, 9.5855e-06,
        6.9114e-05, 7.5987e-05, 9.7589e-05, 1.6789e-06, 7.5845e-05, 2.8950e-05,
        5.6579e-05, 6.1916e-05, 7.5263e-05, 1.3099e-05, 2.6656e-04, 8.8283e-05,
        9.1186e-06, 3.9566e-05, 9.9159e-05, 4.2966e-05, 5.2269e-05],
       grad_fn=<CatBackward>)

mean_overall=tensor(8.2366e-05, grad_fn=<MeanBackward0>)

-----------------------------------------------ITERATION390-----------------------------------------------

final_causality=[[1, 1, 1, 1, 1, 1, 1, 1, 1, 1, 1, 1, 1], [1, 1, 1, 1, 1, 1, 1, 1, 1, 1, 1, 1, 1, 1, 1, 1, 1, 1, 1, 1, 1, 1, 1, 1, 1, 1, 1, 1, 1, 1, 1, 1, 1, 1, 1, 1, 1, 1, 1, 1, 1, 1, 1, 1, 1, 1, 1, 1, 1, 1], [1, 1, 1, 1, 1, 1, 1, 1, 1, 1, 1, 1, 1, 1, 1, 1, 1, 1, 1, 1, 1, 1, 1, 1, 1, 1, 1, 1, 1, 1, 1, 1, 1, 1, 1, 1, 1, 1, 1, 1, 1, 1, 1, 1, 1, 1, 1, 1, 1, 1]]

means=tensor([8.7019e-04, 1.3878e-17, 3.4094e-04, 1.3878e-17, 6.6469e-05, 7.7270e-05,
        8.0525e-05, 1.8924e-04, 1.3383e-04, 2.4600e-04, 7.3668e-05, 1.7826e-05,
        3.1335e-04, 1.0772e-04, 5.8825e-05, 1.8142e-05, 1.7178e-04, 5.9277e-05,
        4.6639e-05, 1.8078e-04, 2.1930e-04, 2.0636e-05, 2.9303e-05, 5.6251e-05,
        3.4543e-05, 4.6161e-05, 5.0110e-05, 1.2081e-04, 4.9055e-06, 6.6062e-05,
        4.1056e-05, 1.3784e-04, 4.6356e-05, 6.7130e-05, 5.1850e-05, 1.1988e-04,
        5.5871e-05, 4.7454e-05, 8.9111e-05, 6.3188e-05, 8.6853e-05, 5.2503e-05,
        3.7829e-05, 7.0286e-05, 4.5203e-05, 8.5633e-05, 8.3125e-05, 3.9859e-05,
        1.4565e-05, 1.5403e-05, 1.1624e-04, 1.6993e-04, 1.0633e-04, 4.0653e-05,
        9.5075e-05, 6.4658e-05, 7.7241e-05, 1.2773e-04, 2.7159e-05, 8.3954e-05,
        1.0095e-05, 1.7292e-04, 6.6117e-05, 5.6163e-05, 2.1975e-05, 8.2300e-05,
        2.9064e-05, 3.3188e-05, 8.0800e-06, 1.3042e-04, 2.3633e-06, 3.9523e-05,
        1.0252e-04, 6.3743e-05, 2.2927e-05, 1.0933e-04, 1.2809e-05, 1.3335e-04,
        5.0242e-05, 4.9330e-05, 3.2767e-05, 7.8148e-05, 1.2749e-04, 5.1574e-05,
        1.6334e-04, 6.7907e-05, 1.1676e-04, 4.5838e-05, 1.2188e-04, 1.0559e-04,
        8.5268e-05, 4.8957e-05, 7.7780e-06, 6.6000e-05, 8.4081e-05, 9.6275e-06,
        6.9105e-05, 7.6831e-05, 9.6449e-05, 1.6846e-06, 7.6853e-05, 2.8941e-05,
        5.6133e-05, 6.1892e-05, 7.7060e-05, 1.3158e-05, 2.6901e-04, 9.0698e-05,
        9.1351e-06, 3.9290e-05, 1.0066e-04, 4.3307e-05, 5.2247e-05],
       grad_fn=<CatBackward>)

mean_overall=tensor(8.3473e-05, grad_fn=<MeanBackward0>)

-----------------------------------------------ITERATION400-----------------------------------------------

final_causality=[[1, 1, 1, 1, 1, 1, 1, 1, 1, 1, 1, 1, 1], [1, 1, 1, 1, 1, 1, 1, 1, 1, 1, 1, 1, 1, 1, 1, 1, 1, 1, 1, 1, 1, 1, 1, 1, 1, 1, 1, 1, 1, 1, 1, 1, 1, 1, 1, 1, 1, 1, 1, 1, 1, 1, 1, 1, 1, 1, 1, 1, 1, 1], [1, 1, 1, 1, 1, 1, 1, 1, 1, 1, 1, 1, 1, 1, 1, 1, 1, 1, 1, 1, 1, 1, 1, 1, 1, 1, 1, 1, 1, 1, 1, 1, 1, 1, 1, 1, 1, 1, 1, 1, 1, 1, 1, 1, 1, 1, 1, 1, 1, 1]]

means=tensor([9.0067e-04, 0.0000e+00, 3.4489e-04, 0.0000e+00, 6.5863e-05, 7.6062e-05,
        8.1123e-05, 1.9565e-04, 1.3624e-04, 2.5375e-04, 7.4122e-05, 1.8210e-05,
        3.2860e-04, 1.0931e-04, 6.0150e-05, 1.8096e-05, 1.7240e-04, 6.0524e-05,
        4.6916e-05, 1.8160e-04, 2.2138e-04, 2.0791e-05, 2.9522e-05, 5.7955e-05,
        3.4549e-05, 4.6734e-05, 5.1403e-05, 1.2373e-04, 4.8645e-06, 6.5387e-05,
        4.1052e-05, 1.3833e-04, 4.8157e-05, 6.6759e-05, 5.1925e-05, 1.2068e-04,
        5.6889e-05, 4.7821e-05, 9.0980e-05, 6.2426e-05, 8.6869e-05, 5.2851e-05,
        3.7308e-05, 7.1619e-05, 4.6095e-05, 8.7957e-05, 8.3902e-05, 3.9597e-05,
        1.4850e-05, 1.5037e-05, 1.1730e-04, 1.7206e-04, 1.0759e-04, 4.0243e-05,
        9.4871e-05, 6.7785e-05, 7.8909e-05, 1.2879e-04, 2.7748e-05, 8.6051e-05,
        1.0696e-05, 1.7481e-04, 6.6395e-05, 5.6096e-05, 2.1976e-05, 8.0536e-05,
        2.9066e-05, 3.3572e-05, 8.0359e-06, 1.3139e-04, 2.3469e-06, 4.0143e-05,
        1.0355e-04, 6.3901e-05, 2.2696e-05, 1.1036e-04, 1.2756e-05, 1.3583e-04,
        5.1111e-05, 5.0294e-05, 3.3277e-05, 7.8186e-05, 1.2807e-04, 5.1269e-05,
        1.6660e-04, 6.8702e-05, 1.1658e-04, 4.5766e-05, 1.2342e-04, 1.0747e-04,
        8.4808e-05, 4.8896e-05, 7.8483e-06, 6.6826e-05, 8.4113e-05, 9.6725e-06,
        6.9096e-05, 7.7695e-05, 9.5298e-05, 1.6906e-06, 7.7890e-05, 2.8932e-05,
        5.5681e-05, 6.1866e-05, 7.8889e-05, 1.3220e-05, 2.7149e-04, 9.3162e-05,
        9.1524e-06, 3.9011e-05, 1.0219e-04, 4.3654e-05, 5.2225e-05],
       grad_fn=<CatBackward>)

mean_overall=tensor(8.4612e-05, grad_fn=<MeanBackward0>)

-----------------------------------------------ITERATION410-----------------------------------------------

final_causality=[[1, 1, 1, 1, 1, 1, 1, 1, 1, 1, 1, 1, 1], [1, 1, 1, 1, 1, 1, 1, 1, 1, 1, 1, 1, 1, 1, 1, 1, 1, 1, 1, 1, 1, 1, 1, 1, 1, 1, 1, 1, 1, 1, 1, 1, 1, 1, 1, 1, 1, 1, 1, 1, 1, 1, 1, 1, 1, 1, 1, 1, 1, 1], [1, 1, 1, 1, 1, 1, 1, 1, 1, 1, 1, 1, 1, 1, 1, 1, 1, 1, 1, 1, 1, 1, 1, 1, 1, 1, 1, 1, 1, 1, 1, 1, 1, 1, 1, 1, 1, 1, 1, 1, 1, 1, 1, 1, 1, 1, 1, 1, 1, 1]]

means=tensor([9.3179e-04, 1.3878e-17, 3.4895e-04, 1.3878e-17, 6.5227e-05, 7.4811e-05,
        8.1733e-05, 2.0224e-04, 1.3864e-04, 2.6166e-04, 7.4590e-05, 1.8649e-05,
        3.4423e-04, 1.1094e-04, 6.1515e-05, 1.8235e-05, 1.7304e-04, 6.1806e-05,
        4.7203e-05, 1.8243e-04, 2.2349e-04, 2.0953e-05, 2.9752e-05, 5.9729e-05,
        3.4562e-05, 4.7329e-05, 5.2733e-05, 1.2673e-04, 4.8274e-06, 6.4721e-05,
        4.1056e-05, 1.3883e-04, 5.0022e-05, 6.6394e-05, 5.1998e-05, 1.2150e-04,
        5.7938e-05, 4.8199e-05, 9.2900e-05, 6.1658e-05, 8.6893e-05, 5.3233e-05,
        3.6792e-05, 7.2987e-05, 4.7016e-05, 9.0352e-05, 8.4699e-05, 3.9344e-05,
        1.5145e-05, 1.4672e-05, 1.1838e-04, 1.7423e-04, 1.0887e-04, 3.9838e-05,
        9.4672e-05, 7.1067e-05, 8.0619e-05, 1.2984e-04, 2.8355e-05, 8.8209e-05,
        1.1306e-05, 1.7671e-04, 6.6678e-05, 5.6037e-05, 2.1976e-05, 7.8758e-05,
        2.9067e-05, 3.3966e-05, 7.9913e-06, 1.3237e-04, 2.3298e-06, 4.0777e-05,
        1.0460e-04, 6.4623e-05, 2.2460e-05, 1.1139e-04, 1.2703e-05, 1.3835e-04,
        5.1997e-05, 5.1281e-05, 3.3797e-05, 7.8228e-05, 1.2868e-04, 5.0956e-05,
        1.6990e-04, 6.9511e-05, 1.1642e-04, 4.5678e-05, 1.2500e-04, 1.0941e-04,
        8.4679e-05, 4.8833e-05, 7.9206e-06, 6.7667e-05, 8.4148e-05, 9.7206e-06,
        6.9089e-05, 7.8580e-05, 9.4137e-05, 1.6967e-06, 7.8954e-05, 2.8924e-05,
        5.5221e-05, 6.1841e-05, 8.0748e-05, 1.3283e-05, 2.7403e-04, 9.5676e-05,
        9.1703e-06, 3.8729e-05, 1.0376e-04, 4.4039e-05, 5.2200e-05],
       grad_fn=<CatBackward>)

mean_overall=tensor(8.5790e-05, grad_fn=<MeanBackward0>)

-----------------------------------------------ITERATION420-----------------------------------------------

final_causality=[[1, 1, 1, 1, 1, 1, 1, 1, 1, 1, 1, 1, 1], [1, 1, 1, 1, 1, 1, 1, 1, 1, 1, 1, 1, 1, 1, 1, 1, 1, 1, 1, 1, 1, 1, 1, 1, 1, 1, 1, 1, 1, 1, 1, 1, 1, 1, 1, 1, 1, 1, 1, 1, 1, 1, 1, 1, 1, 1, 1, 1, 1, 1], [1, 1, 1, 1, 1, 1, 1, 1, 1, 1, 1, 1, 1, 1, 1, 1, 1, 1, 1, 1, 1, 1, 1, 1, 1, 1, 1, 1, 1, 1, 1, 1, 1, 1, 1, 1, 1, 1, 1, 1, 1, 1, 1, 1, 1, 1, 1, 1, 1, 1]]

means=tensor([9.6357e-04, 0.0000e+00, 3.5314e-04, 0.0000e+00, 6.4558e-05, 7.3517e-05,
        8.2356e-05, 2.0900e-04, 1.4101e-04, 2.6975e-04, 7.5074e-05, 1.9147e-05,
        3.6027e-04, 1.1262e-04, 6.2921e-05, 1.8379e-05, 1.7369e-04, 6.3121e-05,
        4.7502e-05, 1.8327e-04, 2.2564e-04, 2.1121e-05, 2.9994e-05, 6.1574e-05,
        3.4581e-05, 4.7945e-05, 5.4102e-05, 1.2980e-04, 4.7941e-06, 6.4065e-05,
        4.1068e-05, 1.3935e-04, 5.1950e-05, 6.6035e-05, 5.2071e-05, 1.2234e-04,
        5.9018e-05, 4.8588e-05, 9.4872e-05, 6.0886e-05, 8.6923e-05, 5.3624e-05,
        3.6281e-05, 7.4390e-05, 4.7965e-05, 9.2817e-05, 8.5517e-05, 3.9100e-05,
        1.5448e-05, 1.4306e-05, 1.1949e-04, 1.7645e-04, 1.1015e-04, 3.9438e-05,
        9.4479e-05, 7.4547e-05, 8.2371e-05, 1.3091e-04, 2.8979e-05, 9.0427e-05,
        1.1925e-05, 1.7865e-04, 6.6966e-05, 5.5988e-05, 2.1974e-05, 7.6964e-05,
        2.9070e-05, 3.4370e-05, 7.9464e-06, 1.3336e-04, 2.3122e-06, 4.1424e-05,
        1.0568e-04, 6.5354e-05, 2.2220e-05, 1.1245e-04, 1.2647e-05, 1.4091e-04,
        5.2900e-05, 5.2291e-05, 3.4329e-05, 7.8272e-05, 1.2931e-04, 5.0637e-05,
        1.7326e-04, 7.0334e-05, 1.1628e-04, 4.5576e-05, 1.2662e-04, 1.1139e-04,
        8.5720e-05, 4.8770e-05, 7.9949e-06, 6.8521e-05, 8.4185e-05, 9.7719e-06,
        6.9081e-05, 7.9484e-05, 9.3920e-05, 1.7029e-06, 8.0048e-05, 2.8916e-05,
        5.4752e-05, 6.1814e-05, 8.2639e-05, 1.3348e-05, 2.7661e-04, 9.8240e-05,
        9.1891e-06, 3.8443e-05, 1.0538e-04, 4.4586e-05, 5.2173e-05],
       grad_fn=<CatBackward>)

mean_overall=tensor(8.7017e-05, grad_fn=<MeanBackward0>)

-----------------------------------------------ITERATION430-----------------------------------------------

final_causality=[[1, 1, 1, 1, 1, 1, 1, 1, 1, 1, 1, 1, 1], [1, 1, 1, 1, 1, 1, 1, 1, 1, 1, 1, 1, 1, 1, 1, 1, 1, 1, 1, 1, 1, 1, 1, 1, 1, 1, 1, 1, 1, 1, 1, 1, 1, 1, 1, 1, 1, 1, 1, 1, 1, 1, 1, 1, 1, 1, 1, 1, 1, 1], [1, 1, 1, 1, 1, 1, 1, 1, 1, 1, 1, 1, 1, 1, 1, 1, 1, 1, 1, 1, 1, 1, 1, 1, 1, 1, 1, 1, 1, 1, 1, 1, 1, 1, 1, 1, 1, 1, 1, 1, 1, 1, 1, 1, 1, 1, 1, 1, 1, 1]]

means=tensor([9.9602e-04, 0.0000e+00, 3.5744e-04, 0.0000e+00, 6.3854e-05, 7.2178e-05,
        8.2992e-05, 2.1595e-04, 1.4336e-04, 2.7803e-04, 7.5574e-05, 1.9704e-05,
        3.7673e-04, 1.1433e-04, 6.4368e-05, 1.8528e-05, 1.7435e-04, 6.4471e-05,
        4.7812e-05, 1.8412e-04, 2.2781e-04, 2.1296e-05, 3.0247e-05, 6.3492e-05,
        3.4606e-05, 4.8583e-05, 5.5510e-05, 1.3294e-04, 4.7646e-06, 6.3418e-05,
        4.1089e-05, 1.3989e-04, 5.3945e-05, 6.5681e-05, 5.2143e-05, 1.2319e-04,
        6.0131e-05, 4.8989e-05, 9.6898e-05, 6.0109e-05, 8.6960e-05, 5.4026e-05,
        3.5777e-05, 7.5828e-05, 4.8943e-05, 9.5356e-05, 8.6356e-05, 3.8867e-05,
        1.5760e-05, 1.3941e-05, 1.2062e-04, 1.7872e-04, 1.1143e-04, 3.9043e-05,
        9.4293e-05, 7.8263e-05, 8.4166e-05, 1.3198e-04, 2.9774e-05, 9.2708e-05,
        1.2553e-05, 1.8060e-04, 6.7260e-05, 5.5948e-05, 2.1970e-05, 7.5154e-05,
        2.9074e-05, 3.4783e-05, 7.9010e-06, 1.3437e-04, 2.2939e-06, 4.2085e-05,
        1.0678e-04, 6.6094e-05, 2.1975e-05, 1.1351e-04, 1.2590e-05, 1.4350e-04,
        5.3819e-05, 5.3324e-05, 3.4870e-05, 7.8320e-05, 1.2997e-04, 5.0311e-05,
        1.7666e-04, 7.1171e-05, 1.1615e-04, 4.5457e-05, 1.2828e-04, 1.1341e-04,
        8.6782e-05, 4.8706e-05, 8.0712e-06, 6.9390e-05, 8.4224e-05, 9.8265e-06,
        6.9075e-05, 8.0410e-05, 9.3995e-05, 1.7094e-06, 8.1170e-05, 2.8909e-05,
        5.4275e-05, 6.1788e-05, 8.4562e-05, 1.3415e-05, 2.7923e-04, 1.0085e-04,
        9.2087e-06, 3.8153e-05, 1.0702e-04, 4.5144e-05, 5.2145e-05],
       grad_fn=<CatBackward>)

mean_overall=tensor(8.8280e-05, grad_fn=<MeanBackward0>)

-----------------------------------------------ITERATION440-----------------------------------------------

final_causality=[[1, 1, 1, 1, 1, 1, 1, 1, 1, 1, 1, 1, 1], [1, 1, 1, 1, 1, 1, 1, 1, 1, 1, 1, 1, 1, 1, 1, 1, 1, 1, 1, 1, 1, 1, 1, 1, 1, 1, 1, 1, 1, 1, 1, 1, 1, 1, 1, 1, 1, 1, 1, 1, 1, 1, 1, 1, 1, 1, 1, 1, 1, 1], [1, 1, 1, 1, 1, 1, 1, 1, 1, 1, 1, 1, 1, 1, 1, 1, 1, 1, 1, 1, 1, 1, 1, 1, 1, 1, 1, 1, 1, 1, 1, 1, 1, 1, 1, 1, 1, 1, 1, 1, 1, 1, 1, 1, 1, 1, 1, 1, 1, 1]]

means=tensor([1.0292e-03, 0.0000e+00, 3.6186e-04, 0.0000e+00, 6.3113e-05, 7.0792e-05,
        8.3639e-05, 2.2308e-04, 1.4569e-04, 2.8649e-04, 7.6089e-05, 2.0324e-05,
        3.9361e-04, 1.1609e-04, 6.5858e-05, 1.8682e-05, 1.7502e-04, 6.5856e-05,
        4.8134e-05, 1.8498e-04, 2.3002e-04, 2.1478e-05, 3.0512e-05, 6.5487e-05,
        3.4637e-05, 4.9244e-05, 5.6957e-05, 1.3615e-04, 4.7389e-06, 6.2781e-05,
        4.1118e-05, 1.4044e-04, 5.6009e-05, 6.5334e-05, 5.2213e-05, 1.2405e-04,
        6.1276e-05, 4.9401e-05, 9.8977e-05, 5.9327e-05, 8.7004e-05, 5.4466e-05,
        3.5278e-05, 7.7302e-05, 4.9950e-05, 9.7968e-05, 8.7216e-05, 3.8645e-05,
        1.6082e-05, 1.3576e-05, 1.2178e-04, 1.8103e-04, 1.1271e-04, 3.8654e-05,
        9.4113e-05, 8.2164e-05, 8.6004e-05, 1.3305e-04, 3.0685e-05, 9.5053e-05,
        1.3190e-05, 1.8258e-04, 6.7558e-05, 5.5917e-05, 2.1966e-05, 7.3328e-05,
        2.9079e-05, 3.5205e-05, 7.8551e-06, 1.3539e-04, 2.2751e-06, 4.2759e-05,
        1.0791e-04, 6.6844e-05, 2.1725e-05, 1.1459e-04, 1.2532e-05, 1.4612e-04,
        5.4755e-05, 5.4382e-05, 3.5423e-05, 7.8370e-05, 1.3066e-04, 4.9977e-05,
        1.8011e-04, 7.2022e-05, 1.1606e-04, 4.5322e-05, 1.2997e-04, 1.1548e-04,
        8.7866e-05, 4.8640e-05, 8.1496e-06, 7.0273e-05, 8.4266e-05, 9.8844e-06,
        6.9069e-05, 8.1357e-05, 9.4072e-05, 1.7161e-06, 8.2323e-05, 2.8902e-05,
        5.3789e-05, 6.1761e-05, 8.6516e-05, 1.3488e-05, 2.8190e-04, 1.0352e-04,
        9.2291e-06, 3.7859e-05, 1.0871e-04, 4.5713e-05, 5.2114e-05],
       grad_fn=<CatBackward>)

mean_overall=tensor(8.9574e-05, grad_fn=<MeanBackward0>)

