-----------------------------------------------ITERATION0-----------------------------------------------

final_causality=[[1, 1, 1, 1, 1, 1, 1, 1, 1, 1, 1, 1, 1], [1, 1, 1, 1, 1, 1, 1, 1, 1, 1, 1, 1, 1, 1, 1, 1, 1, 1, 1, 1, 1, 1, 1, 1, 1, 1, 1, 1, 1, 1, 1, 1, 1, 1, 1, 1, 1, 1, 1, 1, 1, 1, 1, 1, 1, 1, 1, 1, 1, 1], [1, 1, 1, 1, 1, 1, 1, 1, 1, 1, 1, 1, 1, 1, 1, 1, 1, 1, 1, 1, 1, 1, 1, 1, 1, 1, 1, 1, 1, 1, 1, 1, 1, 1, 1, 1, 1, 1, 1, 1, 1, 1, 1, 1, 1, 1, 1, 1, 1, 1]]

means=tensor([4.6890e-05, 0.0000e+00, 0.0000e+00, 0.0000e+00, 8.1090e-05, 6.1377e-06,
        1.4975e-04, 2.4466e-06, 0.0000e+00, 0.0000e+00, 0.0000e+00, 2.5559e-04,
        1.5695e-04, 1.0822e-04, 5.2121e-05, 1.2792e-05, 8.7492e-06, 9.9189e-05,
        1.3504e-05, 8.4992e-05, 1.8497e-05, 5.2285e-05, 4.8669e-05, 3.8689e-05,
        7.2010e-05, 1.3442e-06, 2.4149e-05, 3.9104e-05, 5.2596e-05, 5.2935e-05,
        1.6527e-05, 1.1866e-04, 5.4025e-05, 9.1966e-05, 5.9936e-05, 6.8350e-05,
        6.7992e-06, 6.4783e-06, 1.9035e-05, 2.2882e-05, 2.4063e-06, 2.0932e-05,
        9.4739e-05, 9.0040e-06, 4.0136e-05, 5.0986e-06, 3.6088e-05, 4.5958e-05,
        2.0594e-04, 1.2872e-05, 2.3181e-05, 3.6210e-05, 6.5395e-05, 2.0386e-05,
        1.1891e-05, 1.1370e-04, 3.7255e-05, 2.1591e-05, 9.6620e-05, 2.4968e-05,
        4.3864e-05, 4.4316e-05, 1.0210e-05, 5.5471e-05, 3.3757e-05, 1.1301e-04,
        6.4909e-05, 1.9691e-05, 2.6063e-05, 1.1664e-05, 5.1514e-05, 3.8505e-05,
        4.5987e-06, 6.7036e-06, 4.0386e-05, 5.8263e-05, 7.2906e-05, 2.4943e-05,
        7.0082e-05, 5.2555e-05, 2.9012e-05, 9.0192e-05, 3.0606e-05, 3.9300e-05,
        3.1917e-05, 4.3310e-05, 3.3236e-05, 4.5441e-05, 5.8358e-05, 1.6404e-05,
        1.0214e-05, 2.0890e-05, 6.1042e-06, 5.4745e-06, 4.9479e-05, 5.1898e-05,
        1.3343e-05, 4.0691e-06, 1.7022e-05, 8.3311e-06, 3.4174e-05, 6.6424e-05,
        6.8719e-05, 1.7191e-05, 7.5409e-05, 6.3787e-05, 6.4313e-05, 2.9545e-05,
        2.8757e-06, 1.1680e-04, 8.2722e-05, 1.1232e-04, 2.5915e-06],
       grad_fn=<CatBackward>)

mean_overall=tensor(4.4714e-05, grad_fn=<MeanBackward0>)

-----------------------------------------------ITERATION10-----------------------------------------------

final_causality=[[1, 1, 1, 1, 1, 1, 1, 1, 1, 1, 1, 1, 1], [1, 1, 1, 1, 1, 1, 1, 1, 1, 1, 1, 1, 1, 1, 1, 1, 1, 1, 1, 1, 1, 1, 1, 1, 1, 1, 1, 1, 1, 1, 1, 1, 1, 1, 1, 1, 1, 1, 1, 1, 1, 1, 1, 1, 1, 1, 1, 1, 1, 1], [1, 1, 1, 1, 1, 1, 1, 1, 1, 1, 1, 1, 1, 1, 1, 1, 1, 1, 1, 1, 1, 1, 1, 1, 1, 1, 1, 1, 1, 1, 1, 1, 1, 1, 1, 1, 1, 1, 1, 1, 1, 1, 1, 1, 1, 1, 1, 1, 1, 1]]

means=tensor([8.1364e-05, 0.0000e+00, 0.0000e+00, 0.0000e+00, 8.4503e-05, 2.2762e-05,
        1.4026e-04, 4.3662e-06, 0.0000e+00, 0.0000e+00, 0.0000e+00, 3.4169e-04,
        1.0024e-04, 1.3282e-04, 3.7168e-05, 2.8746e-05, 2.0739e-05, 1.2411e-04,
        2.9519e-05, 6.4605e-05, 3.4418e-05, 7.3001e-05, 6.3111e-05, 1.7279e-05,
        9.0457e-05, 1.3080e-05, 3.4395e-05, 2.5855e-05, 7.1545e-05, 3.8624e-05,
        5.7017e-06, 9.4616e-05, 2.5459e-05, 1.1075e-04, 3.5865e-05, 4.7806e-05,
        1.2515e-05, 1.2144e-05, 4.5290e-05, 3.5832e-05, 2.0218e-05, 1.9627e-06,
        1.0673e-04, 7.9117e-06, 2.4594e-05, 2.5970e-05, 1.8117e-05, 5.4254e-05,
        1.6639e-04, 2.0421e-05, 1.3860e-06, 4.9488e-05, 4.3748e-05, 3.4404e-06,
        2.8352e-05, 1.3646e-04, 5.3098e-05, 8.4429e-07, 1.1237e-04, 4.0655e-05,
        3.1439e-05, 5.7407e-05, 6.4697e-06, 5.0391e-05, 3.5492e-05, 1.0688e-04,
        7.4059e-05, 1.7248e-05, 2.3929e-05, 9.8381e-06, 5.2082e-05, 3.8524e-05,
        5.6524e-06, 1.0170e-05, 3.6490e-05, 5.4344e-05, 6.8696e-05, 2.7951e-05,
        7.3007e-05, 4.9091e-05, 3.0361e-05, 9.9171e-05, 3.0226e-05, 4.0124e-05,
        3.3763e-05, 3.5737e-05, 3.0594e-05, 4.0988e-05, 5.1541e-05, 1.7768e-05,
        8.0251e-06, 1.9633e-05, 1.2697e-06, 8.6642e-06, 4.3388e-05, 4.7481e-05,
        1.8125e-05, 2.2776e-06, 2.0536e-05, 1.0578e-05, 3.8730e-05, 6.3864e-05,
        6.3083e-05, 1.9793e-05, 6.7736e-05, 5.9360e-05, 5.8435e-05, 3.1453e-05,
        5.3292e-06, 1.1106e-04, 9.1571e-05, 1.1994e-04, 1.2921e-07],
       grad_fn=<CatBackward>)

mean_overall=tensor(4.5725e-05, grad_fn=<MeanBackward0>)

-----------------------------------------------ITERATION20-----------------------------------------------

final_causality=[[1, 1, 1, 1, 1, 1, 1, 1, 1, 1, 1, 1, 1], [1, 1, 1, 1, 1, 1, 1, 1, 1, 1, 1, 1, 1, 1, 1, 1, 1, 1, 1, 1, 1, 1, 1, 1, 1, 1, 1, 1, 1, 1, 1, 1, 1, 1, 1, 1, 1, 1, 1, 1, 1, 1, 1, 1, 1, 1, 1, 1, 1, 1], [1, 1, 1, 1, 1, 1, 1, 1, 1, 1, 1, 1, 1, 1, 1, 1, 1, 1, 1, 1, 1, 1, 1, 1, 1, 1, 1, 1, 1, 1, 1, 1, 1, 1, 1, 1, 1, 1, 1, 1, 1, 1, 1, 1, 1, 1, 1, 1, 1, 1]]

means=tensor([2.0346e-04, 0.0000e+00, 0.0000e+00, 0.0000e+00, 8.4902e-05, 4.0924e-05,
        1.2901e-04, 6.5849e-06, 0.0000e+00, 0.0000e+00, 0.0000e+00, 4.1956e-04,
        4.4829e-05, 1.5332e-04, 2.3525e-05, 4.1782e-05, 3.2052e-05, 1.4626e-04,
        4.3480e-05, 4.6312e-05, 4.8360e-05, 9.1363e-05, 7.5302e-05, 1.5418e-06,
        1.0641e-04, 2.3086e-05, 4.2175e-05, 1.4074e-05, 8.8016e-05, 2.6885e-05,
        3.0660e-06, 7.3615e-05, 1.0780e-08, 1.2696e-04, 1.4350e-05, 3.0285e-05,
        1.6956e-05, 1.6376e-05, 6.7091e-05, 4.7447e-05, 3.5853e-05, 1.4179e-05,
        1.1580e-04, 2.3061e-05, 1.1688e-05, 4.3346e-05, 2.4254e-06, 6.0974e-05,
        1.3158e-04, 2.6677e-05, 2.1428e-05, 6.1398e-05, 2.4733e-05, 1.0779e-05,
        4.2266e-05, 1.5545e-04, 6.6961e-05, 1.6201e-05, 1.2537e-04, 5.4575e-05,
        2.0480e-05, 6.8329e-05, 2.1750e-05, 4.6487e-05, 3.7003e-05, 1.0058e-04,
        8.2338e-05, 1.5932e-05, 2.3208e-05, 8.1169e-06, 5.1869e-05, 3.7493e-05,
        6.4444e-06, 1.3329e-05, 3.4106e-05, 5.0682e-05, 6.4499e-05, 3.0486e-05,
        7.5892e-05, 4.5753e-05, 3.1309e-05, 1.0738e-04, 3.1628e-05, 4.0198e-05,
        3.5898e-05, 2.9257e-05, 2.9727e-05, 3.6906e-05, 4.5556e-05, 1.9079e-05,
        6.1833e-06, 2.0254e-05, 3.1594e-06, 1.1479e-05, 3.8459e-05, 4.4824e-05,
        2.2189e-05, 4.8121e-07, 2.4105e-05, 1.2555e-05, 4.2774e-05, 6.2216e-05,
        5.7687e-05, 2.2237e-05, 6.1185e-05, 5.4959e-05, 5.2970e-05, 3.2561e-05,
        7.4619e-06, 1.0596e-04, 1.0205e-04, 1.2634e-04, 2.1714e-06],
       grad_fn=<CatBackward>)

mean_overall=tensor(4.8939e-05, grad_fn=<MeanBackward0>)

-----------------------------------------------ITERATION30-----------------------------------------------

final_causality=[[1, 1, 1, 1, 1, 1, 1, 1, 1, 1, 1, 1, 1], [1, 1, 1, 1, 1, 1, 1, 1, 1, 1, 1, 1, 1, 1, 1, 1, 1, 1, 1, 1, 1, 1, 1, 1, 1, 1, 1, 1, 1, 1, 1, 1, 1, 1, 1, 1, 1, 1, 1, 1, 1, 1, 1, 1, 1, 1, 1, 1, 1, 1], [1, 1, 1, 1, 1, 1, 1, 1, 1, 1, 1, 1, 1, 1, 1, 1, 1, 1, 1, 1, 1, 1, 1, 1, 1, 1, 1, 1, 1, 1, 1, 1, 1, 1, 1, 1, 1, 1, 1, 1, 1, 1, 1, 1, 1, 1, 1, 1, 1, 1]]

means=tensor([3.0287e-04, 0.0000e+00, 0.0000e+00, 0.0000e+00, 8.1932e-05, 6.0394e-05,
        1.1630e-04, 9.1657e-06, 0.0000e+00, 0.0000e+00, 0.0000e+00, 4.8552e-04,
        1.6776e-06, 1.6836e-04, 1.2676e-05, 5.0995e-05, 4.1466e-05, 1.6363e-04,
        5.4144e-05, 3.1953e-05, 5.9187e-05, 1.0532e-04, 8.4435e-05, 1.5997e-05,
        1.1844e-04, 3.0659e-05, 4.7252e-05, 4.7972e-06, 1.0063e-04, 1.7725e-05,
        9.3249e-06, 5.7649e-05, 1.8125e-05, 1.3936e-04, 2.3945e-06, 1.7042e-05,
        1.9852e-05, 1.9110e-05, 8.2859e-05, 5.6991e-05, 4.7911e-05, 2.7144e-05,
        1.2187e-04, 3.5177e-05, 2.1170e-06, 5.5922e-05, 1.0508e-05, 6.5839e-05,
        1.0492e-04, 3.1340e-05, 3.9519e-05, 7.0871e-05, 1.0061e-05, 2.1705e-05,
        5.2633e-05, 1.6955e-04, 7.7640e-05, 2.9579e-05, 1.3481e-04, 6.5494e-05,
        1.1992e-05, 7.6263e-05, 3.3665e-05, 4.3975e-05, 3.7724e-05, 9.4712e-05,
        8.8920e-05, 1.4842e-05, 2.2524e-05, 6.9320e-06, 5.1312e-05, 3.6147e-05,
        6.9130e-06, 1.6065e-05, 3.2212e-05, 4.7823e-05, 6.1022e-05, 3.2186e-05,
        7.8385e-05, 4.3061e-05, 3.1536e-05, 1.1415e-04, 3.2813e-05, 3.9239e-05,
        3.8143e-05, 2.5602e-05, 2.8885e-05, 3.3757e-05, 4.1023e-05, 2.0576e-05,
        4.9208e-06, 2.1107e-05, 6.7103e-06, 1.3598e-05, 3.4686e-05, 4.2988e-05,
        2.5097e-05, 9.9500e-07, 2.8012e-05, 1.4952e-05, 4.6390e-05, 6.0547e-05,
        5.3333e-05, 2.4246e-05, 5.6776e-05, 5.0930e-05, 4.8684e-05, 3.3051e-05,
        9.0591e-06, 1.0211e-04, 1.1066e-04, 1.3104e-04, 4.0455e-06],
       grad_fn=<CatBackward>)

mean_overall=tensor(5.2471e-05, grad_fn=<MeanBackward0>)

-----------------------------------------------ITERATION40-----------------------------------------------

final_causality=[[1, 1, 1, 1, 1, 1, 1, 1, 1, 1, 1, 1, 1], [1, 1, 1, 1, 1, 1, 1, 1, 1, 1, 1, 1, 1, 1, 1, 1, 1, 1, 1, 1, 1, 1, 1, 1, 1, 1, 1, 1, 1, 1, 1, 1, 1, 1, 1, 1, 1, 1, 1, 1, 1, 1, 1, 1, 1, 1, 1, 1, 1, 1], [1, 1, 1, 1, 1, 1, 1, 1, 1, 1, 1, 1, 1, 1, 1, 1, 1, 1, 1, 1, 1, 1, 1, 1, 1, 1, 1, 1, 1, 1, 1, 1, 1, 1, 1, 1, 1, 1, 1, 1, 1, 1, 1, 1, 1, 1, 1, 1, 1, 1]]

means=tensor([3.6974e-04, 0.0000e+00, 0.0000e+00, 0.0000e+00, 7.7701e-05, 7.7294e-05,
        1.0495e-04, 1.1520e-05, 0.0000e+00, 0.0000e+00, 0.0000e+00, 5.3321e-04,
        3.5102e-05, 1.7757e-04, 5.5688e-06, 5.6390e-05, 4.7903e-05, 1.7486e-04,
        6.0866e-05, 2.2622e-05, 6.6249e-05, 1.1411e-04, 9.0205e-05, 2.5225e-05,
        1.2601e-04, 3.5494e-05, 5.0025e-05, 9.7922e-07, 1.0866e-04, 1.1808e-05,
        1.3390e-05, 4.7572e-05, 2.9987e-05, 1.4727e-04, 1.6877e-05, 8.5381e-06,
        2.1375e-05, 2.0588e-05, 9.2337e-05, 6.3928e-05, 5.5639e-05, 3.5749e-05,
        1.2537e-04, 4.3249e-05, 3.5386e-06, 6.3446e-05, 1.9424e-05, 6.8876e-05,
        8.8039e-05, 3.4314e-05, 5.0949e-05, 7.7123e-05, 6.1338e-07, 2.8664e-05,
        5.9048e-05, 1.7837e-04, 8.4487e-05, 3.8393e-05, 1.4057e-04, 7.2637e-05,
        6.5160e-06, 8.1277e-05, 4.1371e-05, 4.2355e-05, 3.7836e-05, 9.0368e-05,
        9.3274e-05, 1.4121e-05, 2.3509e-05, 6.1215e-06, 5.0794e-05, 3.5122e-05,
        7.1832e-06, 1.8123e-05, 3.1042e-05, 4.6014e-05, 5.8754e-05, 3.3040e-05,
        8.0199e-05, 4.1339e-05, 3.1237e-05, 1.1876e-04, 3.3589e-05, 3.8135e-05,
        3.9991e-05, 2.4065e-05, 2.8275e-05, 3.1900e-05, 3.8154e-05, 2.1916e-05,
        4.1570e-06, 2.1497e-05, 9.0790e-06, 1.4868e-05, 3.2341e-05, 4.1897e-05,
        2.6732e-05, 1.9531e-06, 3.1344e-05, 1.6707e-05, 4.9053e-05, 5.9263e-05,
        5.0497e-05, 2.5576e-05, 5.4562e-05, 4.7913e-05, 4.5982e-05, 3.3211e-05,
        1.0034e-05, 9.9739e-05, 1.1651e-04, 1.3397e-04, 5.2807e-06],
       grad_fn=<CatBackward>)

mean_overall=tensor(5.5672e-05, grad_fn=<MeanBackward0>)

-----------------------------------------------ITERATION50-----------------------------------------------

final_causality=[[1, 1, 1, 1, 1, 1, 1, 1, 1, 1, 1, 1, 1], [1, 1, 1, 1, 1, 1, 1, 1, 1, 1, 1, 1, 1, 1, 1, 1, 1, 1, 1, 1, 1, 1, 1, 1, 1, 1, 1, 1, 1, 1, 1, 1, 1, 1, 1, 1, 1, 1, 1, 1, 1, 1, 1, 1, 1, 1, 1, 1, 1, 1], [1, 1, 1, 1, 1, 1, 1, 1, 1, 1, 1, 1, 1, 1, 1, 1, 1, 1, 1, 1, 1, 1, 1, 1, 1, 1, 1, 1, 1, 1, 1, 1, 1, 1, 1, 1, 1, 1, 1, 1, 1, 1, 1, 1, 1, 1, 1, 1, 1, 1]]

means=tensor([3.9919e-04, 0.0000e+00, 0.0000e+00, 0.0000e+00, 7.5280e-05, 8.6819e-05,
        9.8489e-05, 1.2840e-05, 0.0000e+00, 0.0000e+00, 0.0000e+00, 5.5747e-04,
        5.0654e-05, 1.8166e-04, 2.2207e-06, 5.8823e-05, 5.0980e-05, 1.7996e-04,
        6.3923e-05, 1.8250e-05, 6.9691e-05, 1.1812e-04, 9.2897e-05, 2.9499e-05,
        1.2945e-04, 3.7838e-05, 5.1234e-05, 3.8953e-06, 1.1233e-04, 9.0243e-06,
        1.5307e-05, 4.2920e-05, 3.5439e-05, 1.5090e-04, 2.3776e-05, 4.5146e-06,
        2.1956e-05, 2.1202e-05, 9.6630e-05, 6.7330e-05, 5.9266e-05, 3.9903e-05,
        1.2691e-04, 4.7135e-05, 6.6140e-06, 6.6862e-05, 2.3593e-05, 7.0338e-05,
        8.0218e-05, 3.5743e-05, 5.6216e-05, 8.0043e-05, 2.4982e-06, 3.1895e-05,
        6.1887e-05, 1.8239e-04, 8.7658e-05, 4.2575e-05, 1.4313e-04, 7.6161e-05,
        3.9392e-06, 8.3644e-05, 4.4884e-05, 4.1635e-05, 3.7753e-05, 8.8179e-05,
        9.5285e-05, 1.3754e-05, 2.4382e-05, 5.7134e-06, 5.0969e-05, 3.4602e-05,
        7.4157e-06, 1.9123e-05, 3.0637e-05, 4.5210e-05, 5.7747e-05, 3.3349e-05,
        8.1175e-05, 4.1004e-05, 3.0898e-05, 1.2094e-04, 3.3833e-05, 3.7765e-05,
        4.0959e-05, 2.3302e-05, 2.7931e-05, 3.1006e-05, 3.6758e-05, 2.2546e-05,
        3.8118e-06, 2.1597e-05, 1.0215e-05, 1.5405e-05, 3.1393e-05, 4.1346e-05,
        2.7399e-05, 2.4019e-06, 3.2982e-05, 1.7574e-05, 5.0324e-05, 5.8543e-05,
        4.9187e-05, 2.6170e-05, 5.3455e-05, 4.6319e-05, 4.4805e-05, 3.3221e-05,
        1.0479e-05, 9.8679e-05, 1.1921e-04, 1.3531e-04, 5.9071e-06],
       grad_fn=<CatBackward>)

mean_overall=tensor(5.7289e-05, grad_fn=<MeanBackward0>)

-----------------------------------------------ITERATION60-----------------------------------------------

final_causality=[[1, 1, 1, 1, 1, 1, 1, 1, 1, 1, 1, 1, 1], [1, 1, 1, 1, 1, 1, 1, 1, 1, 1, 1, 1, 1, 1, 1, 1, 1, 1, 1, 1, 1, 1, 1, 1, 1, 1, 1, 1, 1, 1, 1, 1, 1, 1, 1, 1, 1, 1, 1, 1, 1, 1, 1, 1, 1, 1, 1, 1, 1, 1], [1, 1, 1, 1, 1, 1, 1, 1, 1, 1, 1, 1, 1, 1, 1, 1, 1, 1, 1, 1, 1, 1, 1, 1, 1, 1, 1, 1, 1, 1, 1, 1, 1, 1, 1, 1, 1, 1, 1, 1, 1, 1, 1, 1, 1, 1, 1, 1, 1, 1]]

means=tensor([3.9826e-04, 0.0000e+00, 0.0000e+00, 0.0000e+00, 7.5708e-05, 8.8393e-05,
        9.7458e-05, 1.2973e-05, 0.0000e+00, 0.0000e+00, 0.0000e+00, 5.6130e-04,
        4.9982e-05, 1.8219e-04, 1.6681e-06, 5.9423e-05, 5.1386e-05, 1.8048e-04,
        6.4376e-05, 1.7543e-05, 7.0482e-05, 1.1874e-04, 9.3375e-05, 3.0260e-05,
        1.2993e-04, 3.8421e-05, 5.1561e-05, 4.3911e-06, 1.1282e-04, 8.5175e-06,
        1.5620e-05, 4.2126e-05, 3.6345e-05, 1.5137e-04, 2.5167e-05, 3.7537e-06,
        2.2017e-05, 2.1322e-05, 9.7536e-05, 6.7920e-05, 5.9939e-05, 4.0634e-05,
        1.2718e-04, 4.7816e-05, 7.1648e-06, 6.7662e-05, 2.4295e-05, 7.0694e-05,
        7.8834e-05, 3.6049e-05, 5.7130e-05, 8.0414e-05, 3.2942e-06, 3.2463e-05,
        6.2211e-05, 1.8298e-04, 8.8142e-05, 4.3234e-05, 1.4350e-04, 7.6689e-05,
        3.4786e-06, 8.3826e-05, 4.5282e-05, 4.1550e-05, 3.7712e-05, 8.7821e-05,
        9.5479e-05, 1.3627e-05, 2.4373e-05, 5.6061e-06, 5.1003e-05, 3.4483e-05,
        7.4641e-06, 1.9256e-05, 3.0811e-05, 4.5011e-05, 5.7666e-05, 3.3417e-05,
        8.1424e-05, 4.0951e-05, 3.0904e-05, 1.2117e-04, 3.3634e-05, 3.7719e-05,
        4.1040e-05, 2.3128e-05, 2.7757e-05, 3.0793e-05, 3.6374e-05, 2.2520e-05,
        3.7472e-06, 2.1500e-05, 1.0407e-05, 1.5468e-05, 3.1107e-05, 4.1192e-05,
        2.7512e-05, 2.4943e-06, 3.3077e-05, 1.7710e-05, 5.0512e-05, 5.8292e-05,
        4.8988e-05, 2.6202e-05, 5.3106e-05, 4.5954e-05, 4.4721e-05, 3.3156e-05,
        1.0575e-05, 9.8488e-05, 1.1937e-04, 1.3551e-04, 6.0181e-06],
       grad_fn=<CatBackward>)

mean_overall=tensor(5.7465e-05, grad_fn=<MeanBackward0>)

-----------------------------------------------ITERATION70-----------------------------------------------

final_causality=[[1, 1, 1, 1, 1, 1, 1, 1, 1, 1, 1, 1, 1], [1, 1, 1, 1, 1, 1, 1, 1, 1, 1, 1, 1, 1, 1, 1, 1, 1, 1, 1, 1, 1, 1, 1, 1, 1, 1, 1, 1, 1, 1, 1, 1, 1, 1, 1, 1, 1, 1, 1, 1, 1, 1, 1, 1, 1, 1, 1, 1, 1, 1], [1, 1, 1, 1, 1, 1, 1, 1, 1, 1, 1, 1, 1, 1, 1, 1, 1, 1, 1, 1, 1, 1, 1, 1, 1, 1, 1, 1, 1, 1, 1, 1, 1, 1, 1, 1, 1, 1, 1, 1, 1, 1, 1, 1, 1, 1, 1, 1, 1, 1]]

means=tensor([3.8216e-04, 0.0000e+00, 0.0000e+00, 0.0000e+00, 7.7731e-05, 8.5719e-05,
        9.9336e-05, 1.2464e-05, 0.0000e+00, 0.0000e+00, 0.0000e+00, 5.5465e-04,
        4.0962e-05, 1.8098e-04, 2.4938e-06, 5.9161e-05, 5.0452e-05, 1.7872e-04,
        6.3557e-05, 1.8644e-05, 6.9969e-05, 1.1772e-04, 9.2773e-05, 2.9314e-05,
        1.2896e-04, 3.8144e-05, 5.1488e-05, 3.6984e-06, 1.1175e-04, 9.1268e-06,
        1.5143e-05, 4.3213e-05, 3.5040e-05, 1.5028e-04, 2.3868e-05, 4.5883e-06,
        2.1846e-05, 2.1220e-05, 9.6838e-05, 6.7094e-05, 5.9163e-05, 3.9657e-05,
        1.2684e-04, 4.6897e-05, 6.4795e-06, 6.7217e-05, 2.3299e-05, 7.0513e-05,
        8.0587e-05, 3.5804e-05, 5.5936e-05, 7.9520e-05, 2.3204e-06, 3.1728e-05,
        6.1317e-05, 1.8189e-04, 8.7305e-05, 4.2152e-05, 1.4280e-04, 7.5739e-05,
        4.0551e-06, 8.2935e-05, 4.4159e-05, 4.1771e-05, 3.7716e-05, 8.8388e-05,
        9.4773e-05, 1.3613e-05, 2.3919e-05, 5.6452e-06, 5.0840e-05, 3.4565e-05,
        7.4206e-06, 1.8952e-05, 3.1269e-05, 4.5159e-05, 5.8036e-05, 3.3389e-05,
        8.1292e-05, 4.0944e-05, 3.0808e-05, 1.2042e-04, 3.3215e-05, 3.7872e-05,
        4.0662e-05, 2.3245e-05, 2.7661e-05, 3.0917e-05, 3.6476e-05, 2.2157e-05,
        3.8166e-06, 2.1304e-05, 1.0128e-05, 1.5312e-05, 3.1146e-05, 4.1232e-05,
        2.7375e-05, 2.4132e-06, 3.2382e-05, 1.7475e-05, 5.0159e-05, 5.8278e-05,
        4.9331e-05, 2.5964e-05, 5.3115e-05, 4.6219e-05, 4.5169e-05, 3.3061e-05,
        1.0500e-05, 9.8702e-05, 1.1824e-04, 1.3513e-04, 5.8714e-06],
       grad_fn=<CatBackward>)

mean_overall=tensor(5.6910e-05, grad_fn=<MeanBackward0>)

-----------------------------------------------ITERATION80-----------------------------------------------

final_causality=[[1, 1, 1, 1, 1, 1, 1, 1, 1, 1, 1, 1, 1], [1, 1, 1, 1, 1, 1, 1, 1, 1, 1, 1, 1, 1, 1, 1, 1, 1, 1, 1, 1, 1, 1, 1, 1, 1, 1, 1, 1, 1, 1, 1, 1, 1, 1, 1, 1, 1, 1, 1, 1, 1, 1, 1, 1, 1, 1, 1, 1, 1, 1], [1, 1, 1, 1, 1, 1, 1, 1, 1, 1, 1, 1, 1, 1, 1, 1, 1, 1, 1, 1, 1, 1, 1, 1, 1, 1, 1, 1, 1, 1, 1, 1, 1, 1, 1, 1, 1, 1, 1, 1, 1, 1, 1, 1, 1, 1, 1, 1, 1, 1]]

means=tensor([3.6413e-04, 0.0000e+00, 0.0000e+00, 0.0000e+00, 7.9859e-05, 8.2751e-05,
        1.0143e-04, 1.1912e-05, 0.0000e+00, 0.0000e+00, 0.0000e+00, 5.4696e-04,
        3.0981e-05, 1.7952e-04, 3.5177e-06, 5.8757e-05, 4.9356e-05, 1.7666e-04,
        6.2557e-05, 2.0006e-05, 6.9293e-05, 1.1646e-04, 9.2029e-05, 2.8112e-05,
        1.2779e-04, 3.7759e-05, 5.1348e-05, 2.8308e-06, 1.1047e-04, 9.8965e-06,
        1.4560e-05, 4.4589e-05, 3.3401e-05, 1.4899e-04, 2.2187e-05, 5.6444e-06,
        2.1628e-05, 2.1079e-05, 9.5900e-05, 6.6100e-05, 5.8187e-05, 3.8466e-05,
        1.2643e-04, 4.5772e-05, 5.6258e-06, 6.6571e-05, 2.2063e-05, 7.0270e-05,
        8.2822e-05, 3.5491e-05, 5.4440e-05, 7.8463e-05, 1.0966e-06, 3.0804e-05,
        6.0249e-05, 1.8058e-04, 8.6289e-05, 4.0848e-05, 1.4195e-04, 7.4718e-05,
        4.7774e-06, 8.1891e-05, 4.2834e-05, 4.2052e-05, 3.7713e-05, 8.9071e-05,
        9.3953e-05, 1.3623e-05, 2.3415e-05, 5.7069e-06, 5.0644e-05, 3.4676e-05,
        7.3637e-06, 1.8596e-05, 3.1782e-05, 4.5368e-05, 5.8482e-05, 3.3335e-05,
        8.1131e-05, 4.1120e-05, 3.0820e-05, 1.1956e-04, 3.2773e-05, 3.8027e-05,
        4.0246e-05, 2.3408e-05, 2.7588e-05, 3.1089e-05, 3.6647e-05, 2.1758e-05,
        3.9080e-06, 2.1099e-05, 9.7865e-06, 1.5119e-05, 3.1225e-05, 4.1305e-05,
        2.7190e-05, 2.3030e-06, 3.1606e-05, 1.7194e-05, 4.9737e-05, 5.8296e-05,
        4.9761e-05, 2.5694e-05, 5.3196e-05, 4.6550e-05, 4.5713e-05, 3.2963e-05,
        1.0394e-05, 9.9005e-05, 1.1695e-04, 1.3469e-04, 5.6882e-06],
       grad_fn=<CatBackward>)

mean_overall=tensor(5.6269e-05, grad_fn=<MeanBackward0>)

-----------------------------------------------ITERATION90-----------------------------------------------

final_causality=[[1, 1, 1, 1, 1, 1, 1, 1, 1, 1, 1, 1, 1], [1, 1, 1, 1, 1, 1, 1, 1, 1, 1, 1, 1, 1, 1, 1, 1, 1, 1, 1, 1, 1, 1, 1, 1, 1, 1, 1, 1, 1, 1, 1, 1, 1, 1, 1, 1, 1, 1, 1, 1, 1, 1, 1, 1, 1, 1, 1, 1, 1, 1], [1, 1, 1, 1, 1, 1, 1, 1, 1, 1, 1, 1, 1, 1, 1, 1, 1, 1, 1, 1, 1, 1, 1, 1, 1, 1, 1, 1, 1, 1, 1, 1, 1, 1, 1, 1, 1, 1, 1, 1, 1, 1, 1, 1, 1, 1, 1, 1, 1, 1]]

means=tensor([3.5044e-04, 0.0000e+00, 0.0000e+00, 0.0000e+00, 8.1444e-05, 8.1380e-05,
        1.0248e-04, 1.1596e-05, 0.0000e+00, 0.0000e+00, 0.0000e+00, 5.4290e-04,
        2.3490e-05, 1.7857e-04, 4.1516e-06, 5.8601e-05, 4.8679e-05, 1.7527e-04,
        6.1932e-05, 2.0861e-05, 6.9046e-05, 1.1569e-04, 9.1623e-05, 2.7383e-05,
        1.2706e-04, 3.7655e-05, 5.1318e-05, 2.2964e-06, 1.0965e-04, 1.0350e-05,
        1.4210e-05, 4.5461e-05, 3.2375e-05, 1.4818e-04, 2.1287e-05, 6.2387e-06,
        2.1460e-05, 2.0998e-05, 9.5426e-05, 6.5561e-05, 5.7649e-05, 3.7805e-05,
        1.2621e-04, 4.5143e-05, 5.1300e-06, 6.6282e-05, 2.1312e-05, 7.0209e-05,
        8.4206e-05, 3.5358e-05, 5.3546e-05, 7.7796e-05, 3.8181e-07, 3.0253e-05,
        5.9535e-05, 1.7980e-04, 8.5669e-05, 4.0077e-05, 1.4143e-04, 7.4129e-05,
        5.1999e-06, 8.1286e-05, 4.1958e-05, 4.2270e-05, 3.7684e-05, 8.9485e-05,
        9.3405e-05, 1.3614e-05, 2.3059e-05, 5.7327e-06, 5.0626e-05, 3.4730e-05,
        7.3359e-06, 1.8382e-05, 3.2246e-05, 4.5509e-05, 5.8826e-05, 3.3298e-05,
        8.1128e-05, 4.1374e-05, 3.0771e-05, 1.1900e-04, 3.2394e-05, 3.8303e-05,
        3.9986e-05, 2.3503e-05, 2.7514e-05, 3.1210e-05, 3.6682e-05, 2.1463e-05,
        3.9652e-06, 2.0930e-05, 9.5839e-06, 1.4988e-05, 3.1204e-05, 4.1338e-05,
        2.7068e-05, 2.2384e-06, 3.1090e-05, 1.7032e-05, 4.9483e-05, 5.8242e-05,
        5.0057e-05, 2.5507e-05, 5.3222e-05, 4.6671e-05, 4.6136e-05, 3.2875e-05,
        1.0340e-05, 9.9253e-05, 1.1606e-04, 1.3441e-04, 5.5835e-06],
       grad_fn=<CatBackward>)

mean_overall=tensor(5.5860e-05, grad_fn=<MeanBackward0>)

-----------------------------------------------ITERATION100-----------------------------------------------

final_causality=[[1, 1, 1, 1, 1, 1, 1, 1, 1, 1, 1, 1, 1], [1, 1, 1, 1, 1, 1, 1, 1, 1, 1, 1, 1, 1, 1, 1, 1, 1, 1, 1, 1, 1, 1, 1, 1, 1, 1, 1, 1, 1, 1, 1, 1, 1, 1, 1, 1, 1, 1, 1, 1, 1, 1, 1, 1, 1, 1, 1, 1, 1, 1], [1, 1, 1, 1, 1, 1, 1, 1, 1, 1, 1, 1, 1, 1, 1, 1, 1, 1, 1, 1, 1, 1, 1, 1, 1, 1, 1, 1, 1, 1, 1, 1, 1, 1, 1, 1, 1, 1, 1, 1, 1, 1, 1, 1, 1, 1, 1, 1, 1, 1]]

means=tensor([3.4134e-04, 0.0000e+00, 0.0000e+00, 0.0000e+00, 8.2513e-05, 8.1652e-05,
        1.0246e-04, 1.1521e-05, 0.0000e+00, 0.0000e+00, 0.0000e+00, 5.4271e-04,
        1.8591e-05, 1.7820e-04, 4.3418e-06, 5.8747e-05, 4.8464e-05, 1.7466e-04,
        6.1734e-05, 2.1137e-05, 6.9284e-05, 1.1548e-04, 9.1596e-05, 2.7201e-05,
        1.2682e-04, 3.7871e-05, 5.1427e-05, 2.1443e-06, 1.0936e-04, 1.0443e-05,
        1.4121e-05, 4.5747e-05, 3.2058e-05, 1.4791e-04, 2.1281e-05, 6.3090e-06,
        2.1358e-05, 2.0991e-05, 9.5498e-05, 6.5525e-05, 5.7612e-05, 3.7731e-05,
        1.2622e-04, 4.5069e-05, 5.0375e-06, 6.6427e-05, 2.1108e-05, 7.0353e-05,
        8.4595e-05, 3.5427e-05, 5.3342e-05, 7.7562e-05, 2.4612e-07, 3.0130e-05,
        5.9221e-05, 1.7960e-04, 8.5497e-05, 3.9897e-05, 1.4127e-04, 7.4025e-05,
        5.2814e-06, 8.1021e-05, 4.1582e-05, 4.2410e-05, 3.7637e-05, 8.9608e-05,
        9.3156e-05, 1.3581e-05, 2.2861e-05, 5.7170e-06, 5.0628e-05, 3.4719e-05,
        7.3423e-06, 1.8322e-05, 3.2654e-05, 4.5566e-05, 5.9053e-05, 3.3290e-05,
        8.1297e-05, 4.1540e-05, 3.0656e-05, 1.1879e-04, 3.2077e-05, 3.8476e-05,
        3.9882e-05, 2.3522e-05, 2.7434e-05, 3.1224e-05, 3.6557e-05, 2.1275e-05,
        3.9820e-06, 2.0799e-05, 9.5375e-06, 1.4928e-05, 3.1164e-05, 4.1322e-05,
        2.7027e-05, 2.2285e-06, 3.0851e-05, 1.7000e-05, 4.9413e-05, 5.8103e-05,
        5.0197e-05, 2.5408e-05, 5.3177e-05, 4.6561e-05, 4.6418e-05, 3.2795e-05,
        1.0348e-05, 9.9426e-05, 1.1562e-04, 1.3433e-04, 5.5682e-06],
       grad_fn=<CatBackward>)

mean_overall=tensor(5.5701e-05, grad_fn=<MeanBackward0>)

-----------------------------------------------ITERATION110-----------------------------------------------

final_causality=[[1, 1, 1, 1, 1, 1, 1, 1, 1, 1, 1, 1, 1], [1, 1, 1, 1, 1, 1, 1, 1, 1, 1, 1, 1, 1, 1, 1, 1, 1, 1, 1, 1, 1, 1, 1, 1, 1, 1, 1, 1, 1, 1, 1, 1, 1, 1, 1, 1, 1, 1, 1, 1, 1, 1, 1, 1, 1, 1, 1, 1, 1, 1], [1, 1, 1, 1, 1, 1, 1, 1, 1, 1, 1, 1, 1, 1, 1, 1, 1, 1, 1, 1, 1, 1, 1, 1, 1, 1, 1, 1, 1, 1, 1, 1, 1, 1, 1, 1, 1, 1, 1, 1, 1, 1, 1, 1, 1, 1, 1, 1, 1, 1]]

means=tensor([3.3442e-04, 0.0000e+00, 0.0000e+00, 0.0000e+00, 8.3345e-05, 8.2801e-05,
        1.0187e-04, 1.1571e-05, 0.0000e+00, 0.0000e+00, 0.0000e+00, 5.4460e-04,
        1.4922e-05, 1.7815e-04, 4.2971e-06, 5.9064e-05, 4.8490e-05, 1.7443e-04,
        6.1764e-05, 2.1108e-05, 6.9792e-05, 1.1556e-04, 9.1773e-05, 2.7312e-05,
        1.2684e-04, 3.8268e-05, 5.1616e-05, 2.1952e-06, 1.0935e-04, 1.0343e-05,
        1.4170e-05, 4.5723e-05, 3.2116e-05, 1.4792e-04, 2.1759e-05, 6.0985e-06,
        2.1288e-05, 2.1024e-05, 9.5869e-05, 6.5760e-05, 5.7844e-05, 3.7972e-05,
        1.2635e-04, 4.5293e-05, 5.1599e-06, 6.6814e-05, 2.1195e-05, 7.0612e-05,
        8.4452e-05, 3.5608e-05, 5.3504e-05, 7.7555e-05, 4.1972e-07, 3.0236e-05,
        5.9116e-05, 1.7971e-04, 8.5563e-05, 4.0031e-05, 1.4131e-04, 7.4181e-05,
        5.1807e-06, 8.0912e-05, 4.1464e-05, 4.2512e-05, 3.7578e-05, 8.9579e-05,
        9.3060e-05, 1.3534e-05, 2.2935e-05, 5.6788e-06, 5.0610e-05, 3.4671e-05,
        7.3678e-06, 1.8343e-05, 3.3043e-05, 4.5579e-05, 5.9222e-05, 3.3300e-05,
        8.1563e-05, 4.1663e-05, 3.0538e-05, 1.1875e-04, 3.1783e-05, 3.8576e-05,
        3.9855e-05, 2.3500e-05, 2.7349e-05, 3.1180e-05, 3.6345e-05, 2.1135e-05,
        3.9771e-06, 2.0685e-05, 9.5738e-06, 1.4905e-05, 3.1037e-05, 4.1325e-05,
        2.7029e-05, 2.2483e-06, 3.0752e-05, 1.7037e-05, 4.9440e-05, 5.7913e-05,
        5.0257e-05, 2.5352e-05, 5.3095e-05, 4.6325e-05, 4.6629e-05, 3.2717e-05,
        1.0392e-05, 9.9561e-05, 1.1540e-04, 1.3434e-04, 5.6005e-06],
       grad_fn=<CatBackward>)

mean_overall=tensor(5.5672e-05, grad_fn=<MeanBackward0>)

-----------------------------------------------ITERATION120-----------------------------------------------

final_causality=[[1, 1, 1, 1, 1, 1, 1, 1, 1, 1, 1, 1, 1], [1, 1, 1, 1, 1, 1, 1, 1, 1, 1, 1, 1, 1, 1, 1, 1, 1, 1, 1, 1, 1, 1, 1, 1, 1, 1, 1, 1, 1, 1, 1, 1, 1, 1, 1, 1, 1, 1, 1, 1, 1, 1, 1, 1, 1, 1, 1, 1, 1, 1], [1, 1, 1, 1, 1, 1, 1, 1, 1, 1, 1, 1, 1, 1, 1, 1, 1, 1, 1, 1, 1, 1, 1, 1, 1, 1, 1, 1, 1, 1, 1, 1, 1, 1, 1, 1, 1, 1, 1, 1, 1, 1, 1, 1, 1, 1, 1, 1, 1, 1]]

means=tensor([3.2736e-04, 0.0000e+00, 0.0000e+00, 0.0000e+00, 8.4197e-05, 8.4084e-05,
        1.0121e-04, 1.1634e-05, 0.0000e+00, 0.0000e+00, 0.0000e+00, 5.4675e-04,
        1.1179e-05, 1.7811e-04, 4.2321e-06, 5.9409e-05, 4.8538e-05, 1.7424e-04,
        6.1813e-05, 2.1054e-05, 7.0348e-05, 1.1568e-04, 9.1976e-05, 2.7449e-05,
        1.2688e-04, 3.8700e-05, 5.1819e-05, 2.2640e-06, 1.0936e-04, 1.0223e-05,
        1.4233e-05, 4.5675e-05, 3.2205e-05, 1.4796e-04, 2.2296e-05, 5.8566e-06,
        2.1218e-05, 2.1061e-05, 9.6281e-05, 6.6027e-05, 5.8109e-05, 3.8251e-05,
        1.2649e-04, 4.5551e-05, 5.3046e-06, 6.7238e-05, 2.1308e-05, 7.0892e-05,
        8.4262e-05, 3.5806e-05, 5.3703e-05, 7.7567e-05, 6.2512e-07, 3.0365e-05,
        5.9023e-05, 1.7986e-04, 8.5652e-05, 4.0197e-05, 1.4137e-04, 7.4364e-05,
        5.0614e-06, 8.0811e-05, 4.1364e-05, 4.2616e-05, 3.7515e-05, 8.9538e-05,
        9.2971e-05, 1.3484e-05, 2.3116e-05, 5.6375e-06, 5.0588e-05, 3.4618e-05,
        7.3961e-06, 1.8371e-05, 3.3447e-05, 4.5590e-05, 5.9395e-05, 3.3310e-05,
        8.1849e-05, 4.1790e-05, 3.0523e-05, 1.1872e-04, 3.1478e-05, 3.8674e-05,
        3.9834e-05, 2.3474e-05, 2.7260e-05, 3.1130e-05, 3.6117e-05, 2.0993e-05,
        3.9702e-06, 2.0569e-05, 9.6188e-06, 1.4883e-05, 3.0898e-05, 4.1343e-05,
        2.7034e-05, 2.2714e-06, 3.0685e-05, 1.7082e-05, 4.9476e-05, 5.7712e-05,
        5.0313e-05, 2.5296e-05, 5.3007e-05, 4.6068e-05, 4.6844e-05, 3.2636e-05,
        1.0442e-05, 9.9700e-05, 1.1520e-04, 1.3437e-04, 5.6383e-06],
       grad_fn=<CatBackward>)

mean_overall=tensor(5.5655e-05, grad_fn=<MeanBackward0>)

-----------------------------------------------ITERATION130-----------------------------------------------

final_causality=[[1, 1, 1, 1, 1, 1, 1, 1, 1, 1, 1, 1, 1], [1, 1, 1, 1, 1, 1, 1, 1, 1, 1, 1, 1, 1, 1, 1, 1, 1, 1, 1, 1, 1, 1, 1, 1, 1, 1, 1, 1, 1, 1, 1, 1, 1, 1, 1, 1, 1, 1, 1, 1, 1, 1, 1, 1, 1, 1, 1, 1, 1, 1], [1, 1, 1, 1, 1, 1, 1, 1, 1, 1, 1, 1, 1, 1, 1, 1, 1, 1, 1, 1, 1, 1, 1, 1, 1, 1, 1, 1, 1, 1, 1, 1, 1, 1, 1, 1, 1, 1, 1, 1, 1, 1, 1, 1, 1, 1, 1, 1, 1, 1]]

means=tensor([3.1913e-04, 0.0000e+00, 0.0000e+00, 0.0000e+00, 8.5183e-05, 8.5149e-05,
        1.0070e-04, 1.1658e-05, 0.0000e+00, 0.0000e+00, 0.0000e+00, 5.4831e-04,
        6.7799e-06, 1.7797e-04, 4.2462e-06, 5.9715e-05, 4.8505e-05, 1.7389e-04,
        6.1786e-05, 2.1105e-05, 7.0846e-05, 1.1570e-04, 9.2119e-05, 2.7492e-05,
        1.2683e-04, 3.9099e-05, 5.2007e-05, 2.2649e-06, 1.0927e-04, 1.0165e-05,
        1.4251e-05, 4.5735e-05, 3.2168e-05, 1.4790e-04, 2.2696e-05, 5.6992e-06,
        2.1132e-05, 2.1088e-05, 9.6614e-05, 6.6217e-05, 5.8296e-05, 3.8439e-05,
        1.2660e-04, 4.5722e-05, 5.3823e-06, 6.7603e-05, 2.1326e-05, 7.1149e-05,
        8.4250e-05, 3.5978e-05, 5.3788e-05, 7.7502e-05, 7.3370e-07, 3.0422e-05,
        5.8854e-05, 1.7990e-04, 8.5663e-05, 4.0265e-05, 1.4136e-04, 7.4469e-05,
        4.9992e-06, 8.0650e-05, 4.1173e-05, 4.2740e-05, 3.7451e-05, 8.9548e-05,
        9.2825e-05, 1.3438e-05, 2.3313e-05, 5.6022e-06, 5.0573e-05, 3.4575e-05,
        7.4195e-06, 1.8374e-05, 3.3882e-05, 4.5617e-05, 5.9600e-05, 3.3315e-05,
        8.2120e-05, 4.1940e-05, 3.0498e-05, 1.1864e-04, 3.1147e-05, 3.8803e-05,
        3.9785e-05, 2.3461e-05, 2.7170e-05, 3.1097e-05, 3.5908e-05, 2.0824e-05,
        3.9707e-06, 2.0440e-05, 9.6380e-06, 1.4846e-05, 3.0781e-05, 4.1372e-05,
        2.7024e-05, 2.2853e-06, 3.0593e-05, 1.7105e-05, 4.9481e-05, 5.7516e-05,
        5.0401e-05, 2.5223e-05, 5.2930e-05, 4.5840e-05, 4.7098e-05, 3.2550e-05,
        1.0482e-05, 9.9859e-05, 1.1490e-04, 1.3437e-04, 5.6619e-06],
       grad_fn=<CatBackward>)

mean_overall=tensor(5.5593e-05, grad_fn=<MeanBackward0>)

-----------------------------------------------ITERATION140-----------------------------------------------

final_causality=[[1, 1, 1, 1, 1, 1, 1, 1, 1, 1, 1, 1, 1], [1, 1, 1, 1, 1, 1, 1, 1, 1, 1, 1, 1, 1, 1, 1, 1, 1, 1, 1, 1, 1, 1, 1, 1, 1, 1, 1, 1, 1, 1, 1, 1, 1, 1, 1, 1, 1, 1, 1, 1, 1, 1, 1, 1, 1, 1, 1, 1, 1, 1], [1, 1, 1, 1, 1, 1, 1, 1, 1, 1, 1, 1, 1, 1, 1, 1, 1, 1, 1, 1, 1, 1, 1, 1, 1, 1, 1, 1, 1, 1, 1, 1, 1, 1, 1, 1, 1, 1, 1, 1, 1, 1, 1, 1, 1, 1, 1, 1, 1, 1]]

means=tensor([3.0983e-04, 0.0000e+00, 0.0000e+00, 0.0000e+00, 8.6295e-05, 8.6010e-05,
        1.0033e-04, 1.1645e-05, 0.0000e+00, 0.0000e+00, 0.0000e+00, 5.4934e-04,
        1.7730e-06, 1.7773e-04, 4.3333e-06, 5.9984e-05, 4.8399e-05, 1.7341e-04,
        6.1689e-05, 2.1253e-05, 7.1291e-05, 1.1563e-04, 9.2210e-05, 2.7449e-05,
        1.2671e-04, 3.9468e-05, 5.2180e-05, 2.2035e-06, 1.0909e-04, 1.0163e-05,
        1.4228e-05, 4.5895e-05, 3.2014e-05, 1.4775e-04, 2.2970e-05, 5.6193e-06,
        2.1031e-05, 2.1103e-05, 9.6876e-05, 6.6460e-05, 5.8410e-05, 3.8551e-05,
        1.2668e-04, 4.5811e-05, 5.3983e-06, 6.7915e-05, 2.1258e-05, 7.1386e-05,
        8.4401e-05, 3.6126e-05, 5.3769e-05, 7.7365e-05, 7.5327e-07, 3.0412e-05,
        5.8614e-05, 1.7986e-04, 8.5603e-05, 4.0243e-05, 1.4130e-04, 7.4500e-05,
        4.9894e-06, 8.0521e-05, 4.0897e-05, 4.2883e-05, 3.7388e-05, 8.9605e-05,
        9.2625e-05, 1.3394e-05, 2.3524e-05, 5.5721e-06, 5.0563e-05, 3.4540e-05,
        7.4383e-06, 1.8352e-05, 3.4347e-05, 4.5660e-05, 5.9833e-05, 3.3315e-05,
        8.2376e-05, 4.2111e-05, 3.0465e-05, 1.1849e-04, 3.0794e-05, 3.8960e-05,
        3.9711e-05, 2.3461e-05, 2.7078e-05, 3.1081e-05, 3.5716e-05, 2.0631e-05,
        3.9779e-06, 2.0299e-05, 9.6332e-06, 1.4797e-05, 3.0687e-05, 4.1410e-05,
        2.7000e-05, 2.2907e-06, 3.0458e-05, 1.7109e-05, 4.9456e-05, 5.7325e-05,
        5.0519e-05, 2.5134e-05, 5.2863e-05, 4.5638e-05, 4.7387e-05, 3.2460e-05,
        1.0513e-05, 1.0004e-04, 1.1451e-04, 1.3433e-04, 5.6725e-06],
       grad_fn=<CatBackward>)

mean_overall=tensor(5.5491e-05, grad_fn=<MeanBackward0>)

-----------------------------------------------ITERATION150-----------------------------------------------

final_causality=[[1, 1, 1, 1, 1, 1, 1, 1, 1, 1, 1, 1, 1], [1, 1, 1, 1, 1, 1, 1, 1, 1, 1, 1, 1, 1, 1, 1, 1, 1, 1, 1, 1, 1, 1, 1, 1, 1, 1, 1, 1, 1, 1, 1, 1, 1, 1, 1, 1, 1, 1, 1, 1, 1, 1, 1, 1, 1, 1, 1, 1, 1, 1], [1, 1, 1, 1, 1, 1, 1, 1, 1, 1, 1, 1, 1, 1, 1, 1, 1, 1, 1, 1, 1, 1, 1, 1, 1, 1, 1, 1, 1, 1, 1, 1, 1, 1, 1, 1, 1, 1, 1, 1, 1, 1, 1, 1, 1, 1, 1, 1, 1, 1]]

means=tensor([2.9996e-04, 0.0000e+00, 0.0000e+00, 0.0000e+00, 8.7478e-05, 8.6825e-05,
        1.0001e-04, 1.1620e-05, 0.0000e+00, 0.0000e+00, 0.0000e+00, 5.5021e-04,
        1.1664e-06, 1.7745e-04, 4.4475e-06, 6.0248e-05, 4.8267e-05, 1.7287e-04,
        6.1566e-05, 2.1438e-05, 7.1731e-05, 1.1552e-04, 9.2284e-05, 2.7375e-05,
        1.2655e-04, 3.9838e-05, 5.2353e-05, 2.1191e-06, 1.0889e-04, 1.0180e-05,
        1.4191e-05, 4.6093e-05, 3.1818e-05, 1.4757e-04, 2.3208e-05, 5.5638e-06,
        2.0922e-05, 2.1116e-05, 9.7121e-05, 6.6734e-05, 5.8502e-05, 3.8715e-05,
        1.2675e-04, 4.5875e-05, 5.3939e-06, 6.8216e-05, 2.1158e-05, 7.1621e-05,
        8.4613e-05, 3.6270e-05, 5.3715e-05, 7.7201e-05, 7.4299e-07, 3.0378e-05,
        5.8378e-05, 1.7978e-04, 8.5517e-05, 4.0191e-05, 1.4121e-04, 7.4507e-05,
        4.9972e-06, 8.0435e-05, 4.0590e-05, 4.3036e-05, 3.7324e-05, 8.9679e-05,
        9.2402e-05, 1.3349e-05, 2.3745e-05, 5.5431e-06, 5.0555e-05, 3.4507e-05,
        7.4559e-06, 1.8321e-05, 3.4832e-05, 4.5708e-05, 6.0082e-05, 3.3314e-05,
        8.2632e-05, 4.2294e-05, 3.0429e-05, 1.1832e-04, 3.0426e-05, 3.9131e-05,
        3.9627e-05, 2.3464e-05, 2.6983e-05, 3.1081e-05, 3.5526e-05, 2.0424e-05,
        3.9874e-06, 2.0151e-05, 9.6203e-06, 1.4742e-05, 3.0597e-05, 4.1453e-05,
        2.6971e-05, 2.2935e-06, 3.0305e-05, 1.7106e-05, 4.9421e-05, 5.7133e-05,
        5.0649e-05, 2.5037e-05, 5.2798e-05, 4.5440e-05, 4.7696e-05, 3.2365e-05,
        1.0544e-05, 1.0023e-04, 1.1409e-04, 1.3428e-04, 5.6788e-06],
       grad_fn=<CatBackward>)

mean_overall=tensor(5.5418e-05, grad_fn=<MeanBackward0>)

-----------------------------------------------ITERATION160-----------------------------------------------

final_causality=[[1, 1, 1, 1, 1, 1, 1, 1, 1, 1, 1, 1, 1], [1, 1, 1, 1, 1, 1, 1, 1, 1, 1, 1, 1, 1, 1, 1, 1, 1, 1, 1, 1, 1, 1, 1, 1, 1, 1, 1, 1, 1, 1, 1, 1, 1, 1, 1, 1, 1, 1, 1, 1, 1, 1, 1, 1, 1, 1, 1, 1, 1, 1], [1, 1, 1, 1, 1, 1, 1, 1, 1, 1, 1, 1, 1, 1, 1, 1, 1, 1, 1, 1, 1, 1, 1, 1, 1, 1, 1, 1, 1, 1, 1, 1, 1, 1, 1, 1, 1, 1, 1, 1, 1, 1, 1, 1, 1, 1, 1, 1, 1, 1]]

means=tensor([2.8986e-04, 0.0000e+00, 0.0000e+00, 0.0000e+00, 8.8695e-05, 8.7705e-05,
        9.9646e-05, 1.1598e-05, 0.0000e+00, 0.0000e+00, 0.0000e+00, 5.5120e-04,
        2.8668e-06, 1.7717e-04, 4.5557e-06, 6.0529e-05, 4.8141e-05, 1.7233e-04,
        6.1449e-05, 2.1617e-05, 7.2200e-05, 1.1543e-04, 9.2370e-05, 2.7312e-05,
        1.2640e-04, 4.0231e-05, 5.2535e-05, 2.0406e-06, 1.0868e-04, 1.0189e-05,
        1.4158e-05, 4.6285e-05, 3.1632e-05, 1.4740e-04, 2.3476e-05, 5.4943e-06,
        2.0812e-05, 2.1132e-05, 9.7389e-05, 6.7027e-05, 5.8609e-05, 3.8898e-05,
        1.2683e-04, 4.5953e-05, 5.3986e-06, 6.8539e-05, 2.1068e-05, 7.1869e-05,
        8.4809e-05, 3.6424e-05, 5.3678e-05, 7.7042e-05, 7.4553e-07, 3.0354e-05,
        5.8155e-05, 1.7972e-04, 8.5439e-05, 4.0152e-05, 1.4113e-04, 7.4525e-05,
        4.9975e-06, 8.0354e-05, 4.0287e-05, 4.3192e-05, 3.7257e-05, 8.9748e-05,
        9.2179e-05, 1.3303e-05, 2.3974e-05, 5.5123e-06, 5.0546e-05, 3.4472e-05,
        7.4748e-06, 1.8292e-05, 3.5332e-05, 4.5755e-05, 6.0337e-05, 3.3313e-05,
        8.2900e-05, 4.2482e-05, 3.0393e-05, 1.1816e-04, 3.0047e-05, 3.9304e-05,
        3.9544e-05, 2.3467e-05, 2.6886e-05, 3.1110e-05, 3.5326e-05, 2.0213e-05,
        3.9962e-06, 1.9999e-05, 9.6105e-06, 1.4687e-05, 3.0501e-05, 4.1495e-05,
        2.6943e-05, 2.2976e-06, 3.0153e-05, 1.7106e-05, 4.9388e-05, 5.6932e-05,
        5.0780e-05, 2.4940e-05, 5.2729e-05, 4.5230e-05, 4.8012e-05, 3.2268e-05,
        1.0581e-05, 1.0042e-04, 1.1367e-04, 1.3423e-04, 5.6874e-06],
       grad_fn=<CatBackward>)

mean_overall=tensor(5.5369e-05, grad_fn=<MeanBackward0>)

-----------------------------------------------ITERATION170-----------------------------------------------

final_causality=[[1, 1, 1, 1, 1, 1, 1, 1, 1, 1, 1, 1, 1], [1, 1, 1, 1, 1, 1, 1, 1, 1, 1, 1, 1, 1, 1, 1, 1, 1, 1, 1, 1, 1, 1, 1, 1, 1, 1, 1, 1, 1, 1, 1, 1, 1, 1, 1, 1, 1, 1, 1, 1, 1, 1, 1, 1, 1, 1, 1, 1, 1, 1], [1, 1, 1, 1, 1, 1, 1, 1, 1, 1, 1, 1, 1, 1, 1, 1, 1, 1, 1, 1, 1, 1, 1, 1, 1, 1, 1, 1, 1, 1, 1, 1, 1, 1, 1, 1, 1, 1, 1, 1, 1, 1, 1, 1, 1, 1, 1, 1, 1, 1]]

means=tensor([2.7961e-04, 0.0000e+00, 0.0000e+00, 0.0000e+00, 8.9936e-05, 8.8674e-05,
        9.9235e-05, 1.1584e-05, 0.0000e+00, 0.0000e+00, 0.0000e+00, 5.5235e-04,
        8.6014e-06, 1.7690e-04, 4.6515e-06, 6.0830e-05, 4.8029e-05, 1.7180e-04,
        6.1343e-05, 2.1781e-05, 7.2705e-05, 1.1535e-04, 9.2474e-05, 2.7267e-05,
        1.2626e-04, 4.0653e-05, 5.2728e-05, 1.9733e-06, 1.0849e-04, 1.0186e-05,
        1.4134e-05, 4.6463e-05, 3.1466e-05, 1.4724e-04, 2.3785e-05, 5.4035e-06,
        2.0700e-05, 2.1151e-05, 9.7688e-05, 6.7344e-05, 5.8738e-05, 3.9108e-05,
        1.2693e-04, 4.6053e-05, 5.4181e-06, 6.8890e-05, 2.0996e-05, 7.2132e-05,
        8.4976e-05, 3.6591e-05, 5.3666e-05, 7.6894e-05, 7.6890e-07, 3.0344e-05,
        5.7940e-05, 1.7967e-04, 8.5376e-05, 4.0134e-05, 1.4105e-04, 7.4560e-05,
        4.9856e-06, 8.0282e-05, 3.9996e-05, 4.3351e-05, 3.7187e-05, 8.9810e-05,
        9.1960e-05, 1.3255e-05, 2.4209e-05, 5.4791e-06, 5.0534e-05, 3.4432e-05,
        7.4957e-06, 1.8268e-05, 3.5846e-05, 4.5800e-05, 6.0595e-05, 3.3314e-05,
        8.3184e-05, 4.2673e-05, 3.0358e-05, 1.1800e-04, 2.9660e-05, 3.9479e-05,
        3.9464e-05, 2.3466e-05, 2.6785e-05, 3.1136e-05, 3.5115e-05, 1.9997e-05,
        4.0037e-06, 1.9844e-05, 9.6060e-06, 1.4632e-05, 3.0396e-05, 4.1537e-05,
        2.6917e-05, 2.3040e-06, 3.0005e-05, 1.7110e-05, 4.9360e-05, 5.6722e-05,
        5.0909e-05, 2.4843e-05, 5.2655e-05, 4.5005e-05, 4.8333e-05, 3.2169e-05,
        1.0622e-05, 1.0061e-04, 1.1325e-04, 1.3418e-04, 5.6994e-06],
       grad_fn=<CatBackward>)

mean_overall=tensor(5.5362e-05, grad_fn=<MeanBackward0>)

-----------------------------------------------ITERATION180-----------------------------------------------

final_causality=[[1, 1, 1, 1, 1, 1, 1, 1, 1, 1, 1, 1, 1], [1, 1, 1, 1, 1, 1, 1, 1, 1, 1, 1, 1, 1, 1, 1, 1, 1, 1, 1, 1, 1, 1, 1, 1, 1, 1, 1, 1, 1, 1, 1, 1, 1, 1, 1, 1, 1, 1, 1, 1, 1, 1, 1, 1, 1, 1, 1, 1, 1, 1], [1, 1, 1, 1, 1, 1, 1, 1, 1, 1, 1, 1, 1, 1, 1, 1, 1, 1, 1, 1, 1, 1, 1, 1, 1, 1, 1, 1, 1, 1, 1, 1, 1, 1, 1, 1, 1, 1, 1, 1, 1, 1, 1, 1, 1, 1, 1, 1, 1, 1]]

means=tensor([2.6913e-04, 0.0000e+00, 0.0000e+00, 0.0000e+00, 9.1213e-05, 8.9700e-05,
        9.8794e-05, 1.1572e-05, 0.0000e+00, 0.0000e+00, 0.0000e+00, 5.5360e-04,
        1.4483e-05, 1.7664e-04, 4.7436e-06, 6.1146e-05, 4.7922e-05, 1.7127e-04,
        6.1242e-05, 2.1941e-05, 7.3237e-05, 1.1528e-04, 9.2587e-05, 2.7229e-05,
        1.2612e-04, 4.1097e-05, 5.2930e-05, 1.9098e-06, 1.0830e-04, 1.0178e-05,
        1.4114e-05, 4.6638e-05, 3.1307e-05, 1.4708e-04, 2.4119e-05, 5.3016e-06,
        2.0586e-05, 2.1173e-05, 9.8007e-05, 6.7679e-05, 5.8878e-05, 3.9334e-05,
        1.2703e-04, 4.6165e-05, 5.4446e-06, 6.9259e-05, 2.0931e-05, 7.2407e-05,
        8.5133e-05, 3.6766e-05, 5.3667e-05, 7.6749e-05, 8.0196e-07, 3.0341e-05,
        5.7726e-05, 1.7964e-04, 8.5318e-05, 4.0125e-05, 1.4099e-04, 7.4604e-05,
        4.9679e-06, 8.0214e-05, 3.9707e-05, 4.3513e-05, 3.7114e-05, 8.9870e-05,
        9.1740e-05, 1.3205e-05, 2.4450e-05, 5.4444e-06, 5.0522e-05, 3.4391e-05,
        7.5178e-06, 1.8245e-05, 3.6374e-05, 4.5844e-05, 6.0860e-05, 3.3316e-05,
        8.3478e-05, 4.2870e-05, 3.0323e-05, 1.1785e-04, 2.9261e-05, 3.9656e-05,
        3.9384e-05, 2.3463e-05, 2.6682e-05, 3.1160e-05, 3.4896e-05, 1.9781e-05,
        4.0108e-06, 1.9685e-05, 9.6040e-06, 1.4576e-05, 3.0286e-05, 4.1579e-05,
        2.6891e-05, 2.3114e-06, 2.9856e-05, 1.7117e-05, 4.9335e-05, 5.6504e-05,
        5.1040e-05, 2.4744e-05, 5.2579e-05, 4.4769e-05, 4.8661e-05, 3.2067e-05,
        1.0665e-05, 1.0080e-04, 1.1281e-04, 1.3414e-04, 5.7130e-06],
       grad_fn=<CatBackward>)

mean_overall=tensor(5.5358e-05, grad_fn=<MeanBackward0>)

-----------------------------------------------ITERATION190-----------------------------------------------

final_causality=[[1, 1, 1, 1, 1, 1, 1, 1, 1, 1, 1, 1, 1], [1, 1, 1, 1, 1, 1, 1, 1, 1, 1, 1, 1, 1, 1, 1, 1, 1, 1, 1, 1, 1, 1, 1, 1, 1, 1, 1, 1, 1, 1, 1, 1, 1, 1, 1, 1, 1, 1, 1, 1, 1, 1, 1, 1, 1, 1, 1, 1, 1, 1], [1, 1, 1, 1, 1, 1, 1, 1, 1, 1, 1, 1, 1, 1, 1, 1, 1, 1, 1, 1, 1, 1, 1, 1, 1, 1, 1, 1, 1, 1, 1, 1, 1, 1, 1, 1, 1, 1, 1, 1, 1, 1, 1, 1, 1, 1, 1, 1, 1, 1]]

means=tensor([2.5833e-04, 0.0000e+00, 0.0000e+00, 0.0000e+00, 9.2534e-05, 9.0754e-05,
        9.8344e-05, 1.1559e-05, 0.0000e+00, 0.0000e+00, 0.0000e+00, 5.5488e-04,
        2.0557e-05, 1.7636e-04, 4.8402e-06, 6.1470e-05, 4.7810e-05, 1.7073e-04,
        6.1136e-05, 2.2109e-05, 7.3786e-05, 1.1521e-04, 9.2704e-05, 2.7189e-05,
        1.2598e-04, 4.1557e-05, 5.3137e-05, 1.8429e-06, 1.0811e-04, 1.0171e-05,
        1.4092e-05, 4.6820e-05, 3.1142e-05, 1.4692e-04, 2.4461e-05, 5.1985e-06,
        2.0706e-05, 2.1195e-05, 9.8336e-05, 6.8021e-05, 5.9021e-05, 3.9566e-05,
        1.2713e-04, 4.6278e-05, 5.4705e-06, 6.9639e-05, 2.0862e-05, 7.2690e-05,
        8.5298e-05, 3.6946e-05, 5.3668e-05, 7.6599e-05, 8.3382e-07, 3.0336e-05,
        5.7507e-05, 1.7960e-04, 8.5257e-05, 4.0116e-05, 1.4092e-04, 7.4648e-05,
        4.9510e-06, 8.0141e-05, 3.9413e-05, 4.3680e-05, 3.7040e-05, 8.9932e-05,
        9.1512e-05, 1.3153e-05, 2.4700e-05, 5.4089e-06, 5.0509e-05, 3.4348e-05,
        7.5404e-06, 1.8221e-05, 3.6918e-05, 4.5890e-05, 6.1134e-05, 3.3317e-05,
        8.3780e-05, 4.3073e-05, 3.0287e-05, 1.1769e-04, 2.8852e-05, 3.9840e-05,
        3.9302e-05, 2.3461e-05, 2.6577e-05, 3.1185e-05, 3.4673e-05, 1.9630e-05,
        4.0180e-06, 1.9521e-05, 9.6014e-06, 1.4519e-05, 3.0173e-05, 4.1622e-05,
        2.6864e-05, 2.3189e-06, 2.9702e-05, 1.7124e-05, 4.9307e-05, 5.6280e-05,
        5.1174e-05, 2.4643e-05, 5.2500e-05, 4.4528e-05, 4.9000e-05, 3.1962e-05,
        1.0709e-05, 1.0100e-04, 1.1237e-04, 1.3410e-04, 5.7267e-06],
       grad_fn=<CatBackward>)

mean_overall=tensor(5.5356e-05, grad_fn=<MeanBackward0>)

-----------------------------------------------ITERATION200-----------------------------------------------

final_causality=[[1, 1, 1, 1, 1, 1, 1, 1, 1, 1, 1, 1, 1], [1, 1, 1, 1, 1, 1, 1, 1, 1, 1, 1, 1, 1, 1, 1, 1, 1, 1, 1, 1, 1, 1, 1, 1, 1, 1, 1, 1, 1, 1, 1, 1, 1, 1, 1, 1, 1, 1, 1, 1, 1, 1, 1, 1, 1, 1, 1, 1, 1, 1], [1, 1, 1, 1, 1, 1, 1, 1, 1, 1, 1, 1, 1, 1, 1, 1, 1, 1, 1, 1, 1, 1, 1, 1, 1, 1, 1, 1, 1, 1, 1, 1, 1, 1, 1, 1, 1, 1, 1, 1, 1, 1, 1, 1, 1, 1, 1, 1, 1, 1]]

means=tensor([2.4721e-04, 0.0000e+00, 0.0000e+00, 0.0000e+00, 9.3900e-05, 9.1827e-05,
        9.7890e-05, 1.1542e-05, 0.0000e+00, 0.0000e+00, 0.0000e+00, 5.5615e-04,
        2.6832e-05, 1.7608e-04, 4.9435e-06, 6.1802e-05, 4.7693e-05, 1.7016e-04,
        6.1025e-05, 2.2287e-05, 7.4350e-05, 1.1513e-04, 9.2821e-05, 2.7143e-05,
        1.2583e-04, 4.2032e-05, 5.3349e-05, 1.7708e-06, 1.0790e-04, 1.0167e-05,
        1.4067e-05, 4.7014e-05, 3.0967e-05, 1.4675e-04, 2.4805e-05, 5.0969e-06,
        2.0862e-05, 2.1219e-05, 9.8671e-05, 6.8370e-05, 5.9164e-05, 3.9801e-05,
        1.2723e-04, 4.6390e-05, 5.4938e-06, 7.0028e-05, 2.0788e-05, 7.2979e-05,
        8.5478e-05, 3.7131e-05, 5.3666e-05, 7.6442e-05, 8.6152e-07, 3.0327e-05,
        5.7280e-05, 1.7956e-04, 8.5191e-05, 4.0178e-05, 1.4084e-04, 7.4689e-05,
        4.9366e-06, 8.0065e-05, 3.9110e-05, 4.3852e-05, 3.6964e-05, 8.9999e-05,
        9.1276e-05, 1.3101e-05, 2.4956e-05, 5.3824e-06, 5.0497e-05, 3.4304e-05,
        7.5633e-06, 1.8209e-05, 3.7477e-05, 4.5936e-05, 6.1416e-05, 3.3319e-05,
        8.4089e-05, 4.3283e-05, 3.0251e-05, 1.1752e-04, 2.8432e-05, 4.0030e-05,
        3.9216e-05, 2.3459e-05, 2.6469e-05, 3.1213e-05, 3.4445e-05, 1.9474e-05,
        4.0258e-06, 1.9352e-05, 9.5976e-06, 1.4459e-05, 3.0059e-05, 4.1667e-05,
        2.6835e-05, 2.3261e-06, 2.9542e-05, 1.7130e-05, 4.9278e-05, 5.6052e-05,
        5.1313e-05, 2.4538e-05, 5.2421e-05, 4.4281e-05, 4.9349e-05, 3.1855e-05,
        1.0753e-05, 1.0120e-04, 1.1191e-04, 1.3405e-04, 5.7400e-06],
       grad_fn=<CatBackward>)

mean_overall=tensor(5.5355e-05, grad_fn=<MeanBackward0>)

-----------------------------------------------ITERATION210-----------------------------------------------

final_causality=[[1, 1, 1, 1, 1, 1, 1, 1, 1, 1, 1, 1, 1], [1, 1, 1, 1, 1, 1, 1, 1, 1, 1, 1, 1, 1, 1, 1, 1, 1, 1, 1, 1, 1, 1, 1, 1, 1, 1, 1, 1, 1, 1, 1, 1, 1, 1, 1, 1, 1, 1, 1, 1, 1, 1, 1, 1, 1, 1, 1, 1, 1, 1], [1, 1, 1, 1, 1, 1, 1, 1, 1, 1, 1, 1, 1, 1, 1, 1, 1, 1, 1, 1, 1, 1, 1, 1, 1, 1, 1, 1, 1, 1, 1, 1, 1, 1, 1, 1, 1, 1, 1, 1, 1, 1, 1, 1, 1, 1, 1, 1, 1, 1]]

means=tensor([2.3578e-04, 0.0000e+00, 0.0000e+00, 0.0000e+00, 9.5310e-05, 9.2924e-05,
        9.7428e-05, 1.1524e-05, 0.0000e+00, 0.0000e+00, 0.0000e+00, 5.5745e-04,
        3.3295e-05, 1.7578e-04, 5.0517e-06, 6.2142e-05, 4.7573e-05, 1.6958e-04,
        6.0908e-05, 2.2473e-05, 7.4931e-05, 1.1504e-04, 9.2940e-05, 2.7095e-05,
        1.2568e-04, 4.2524e-05, 5.3567e-05, 1.6949e-06, 1.0769e-04, 1.0165e-05,
        1.4041e-05, 4.7217e-05, 3.0786e-05, 1.4658e-04, 2.5156e-05, 4.9948e-06,
        2.1022e-05, 2.1243e-05, 9.9016e-05, 6.8725e-05, 5.9309e-05, 4.0042e-05,
        1.2734e-04, 4.6503e-05, 5.5160e-06, 7.0427e-05, 2.0711e-05, 7.3275e-05,
        8.5668e-05, 3.7320e-05, 5.3664e-05, 7.6279e-05, 8.8737e-07, 3.0317e-05,
        5.7047e-05, 1.7951e-04, 8.5121e-05, 4.0381e-05, 1.4077e-04, 7.4728e-05,
        4.9234e-06, 7.9984e-05, 3.8802e-05, 4.4029e-05, 3.6885e-05, 9.0068e-05,
        9.1033e-05, 1.3048e-05, 2.5220e-05, 5.3779e-06, 5.0484e-05, 3.4260e-05,
        7.5866e-06, 1.8221e-05, 3.8050e-05, 4.5984e-05, 6.1706e-05, 3.3320e-05,
        8.4405e-05, 4.3499e-05, 3.0214e-05, 1.1734e-04, 2.8002e-05, 4.0225e-05,
        3.9128e-05, 2.3458e-05, 2.6397e-05, 3.1241e-05, 3.4213e-05, 1.9312e-05,
        4.0338e-06, 1.9179e-05, 9.5931e-06, 1.4397e-05, 2.9942e-05, 4.1713e-05,
        2.6806e-05, 2.3333e-06, 2.9376e-05, 1.7135e-05, 4.9246e-05, 5.5818e-05,
        5.1457e-05, 2.4431e-05, 5.2341e-05, 4.4030e-05, 4.9709e-05, 3.1745e-05,
        1.0799e-05, 1.0141e-04, 1.1143e-04, 1.3400e-04, 5.7533e-06],
       grad_fn=<CatBackward>)

mean_overall=tensor(5.5356e-05, grad_fn=<MeanBackward0>)

-----------------------------------------------ITERATION220-----------------------------------------------

final_causality=[[1, 1, 1, 1, 1, 1, 1, 1, 1, 1, 1, 1, 1], [1, 1, 1, 1, 1, 1, 1, 1, 1, 1, 1, 1, 1, 1, 1, 1, 1, 1, 1, 1, 1, 1, 1, 1, 1, 1, 1, 1, 1, 1, 1, 1, 1, 1, 1, 1, 1, 1, 1, 1, 1, 1, 1, 1, 1, 1, 1, 1, 1, 1], [1, 1, 1, 1, 1, 1, 1, 1, 1, 1, 1, 1, 1, 1, 1, 1, 1, 1, 1, 1, 1, 1, 1, 1, 1, 1, 1, 1, 1, 1, 1, 1, 1, 1, 1, 1, 1, 1, 1, 1, 1, 1, 1, 1, 1, 1, 1, 1, 1, 1]]

means=tensor([2.2409e-04, 0.0000e+00, 0.0000e+00, 0.0000e+00, 9.6760e-05, 9.4052e-05,
        9.6953e-05, 1.1504e-05, 0.0000e+00, 0.0000e+00, 0.0000e+00, 5.5878e-04,
        3.9929e-05, 1.7548e-04, 5.1628e-06, 6.2491e-05, 4.7450e-05, 1.6899e-04,
        6.0790e-05, 2.2665e-05, 7.5531e-05, 1.1495e-04, 9.3063e-05, 2.7046e-05,
        1.2564e-04, 4.3034e-05, 5.3791e-05, 1.6171e-06, 1.0747e-04, 1.0162e-05,
        1.4015e-05, 4.7425e-05, 3.0601e-05, 1.4640e-04, 2.5517e-05, 4.8899e-06,
        2.1186e-05, 2.1269e-05, 9.9373e-05, 6.9090e-05, 5.9568e-05, 4.0304e-05,
        1.2745e-04, 4.6619e-05, 5.5389e-06, 7.0838e-05, 2.0632e-05, 7.3578e-05,
        8.5863e-05, 3.7515e-05, 5.3665e-05, 7.6114e-05, 9.1390e-07, 3.0306e-05,
        5.6810e-05, 1.7947e-04, 8.5051e-05, 4.0590e-05, 1.4069e-04, 7.4769e-05,
        4.9097e-06, 7.9902e-05, 3.8491e-05, 4.4210e-05, 3.6805e-05, 9.0139e-05,
        9.0784e-05, 1.2994e-05, 2.5491e-05, 5.3733e-06, 5.0470e-05, 3.4214e-05,
        7.6105e-06, 1.8233e-05, 3.8638e-05, 4.6033e-05, 6.2004e-05, 3.3322e-05,
        8.4729e-05, 4.3722e-05, 3.0176e-05, 1.1716e-04, 2.7562e-05, 4.0426e-05,
        3.9039e-05, 2.3456e-05, 2.6552e-05, 3.1270e-05, 3.3975e-05, 1.9146e-05,
        4.0420e-06, 1.9002e-05, 9.5886e-06, 1.4334e-05, 2.9823e-05, 4.1759e-05,
        2.6775e-05, 2.3407e-06, 2.9207e-05, 1.7141e-05, 4.9214e-05, 5.5578e-05,
        5.1603e-05, 2.4322e-05, 5.2258e-05, 4.3772e-05, 5.0077e-05, 3.1633e-05,
        1.0846e-05, 1.0162e-04, 1.1094e-04, 1.3394e-04, 5.7668e-06],
       grad_fn=<CatBackward>)

mean_overall=tensor(5.5362e-05, grad_fn=<MeanBackward0>)

-----------------------------------------------ITERATION230-----------------------------------------------

final_causality=[[1, 1, 1, 1, 1, 1, 1, 1, 1, 1, 1, 1, 1], [1, 1, 1, 1, 1, 1, 1, 1, 1, 1, 1, 1, 1, 1, 1, 1, 1, 1, 1, 1, 1, 1, 1, 1, 1, 1, 1, 1, 1, 1, 1, 1, 1, 1, 1, 1, 1, 1, 1, 1, 1, 1, 1, 1, 1, 1, 1, 1, 1, 1], [1, 1, 1, 1, 1, 1, 1, 1, 1, 1, 1, 1, 1, 1, 1, 1, 1, 1, 1, 1, 1, 1, 1, 1, 1, 1, 1, 1, 1, 1, 1, 1, 1, 1, 1, 1, 1, 1, 1, 1, 1, 1, 1, 1, 1, 1, 1, 1, 1, 1]]

means=tensor([2.1212e-04, 0.0000e+00, 0.0000e+00, 0.0000e+00, 9.8250e-05, 9.5213e-05,
        9.6466e-05, 1.1484e-05, 0.0000e+00, 0.0000e+00, 0.0000e+00, 5.6015e-04,
        4.6730e-05, 1.7517e-04, 5.2763e-06, 6.2850e-05, 4.7327e-05, 1.6839e-04,
        6.0669e-05, 2.2861e-05, 7.6151e-05, 1.1487e-04, 9.3191e-05, 2.6997e-05,
        1.2559e-04, 4.3562e-05, 5.4020e-05, 1.5377e-06, 1.0725e-04, 1.0159e-05,
        1.3988e-05, 4.7639e-05, 3.0414e-05, 1.4622e-04, 2.5889e-05, 4.7818e-06,
        2.1354e-05, 2.1296e-05, 9.9742e-05, 6.9464e-05, 5.9887e-05, 4.0592e-05,
        1.2756e-04, 4.6739e-05, 5.5629e-06, 7.1262e-05, 2.0553e-05, 7.3890e-05,
        8.6062e-05, 3.7717e-05, 5.3670e-05, 7.5946e-05, 9.4172e-07, 3.0297e-05,
        5.6571e-05, 1.7943e-04, 8.4980e-05, 4.0808e-05, 1.4061e-04, 7.4812e-05,
        4.8954e-06, 7.9819e-05, 3.8178e-05, 4.4396e-05, 3.6723e-05, 9.0212e-05,
        9.0530e-05, 1.3065e-05, 2.5823e-05, 5.3686e-06, 5.0456e-05, 3.4166e-05,
        7.6350e-06, 1.8245e-05, 3.9239e-05, 4.6082e-05, 6.2309e-05, 3.3324e-05,
        8.5060e-05, 4.3950e-05, 3.0138e-05, 1.1698e-04, 2.7113e-05, 4.0631e-05,
        3.8948e-05, 2.3454e-05, 2.6710e-05, 3.1300e-05, 3.3733e-05, 1.8976e-05,
        4.0502e-06, 1.8821e-05, 9.5843e-06, 1.4269e-05, 2.9701e-05, 4.1807e-05,
        2.6744e-05, 2.3485e-06, 2.9034e-05, 1.7147e-05, 4.9181e-05, 5.5333e-05,
        5.1753e-05, 2.4210e-05, 5.2174e-05, 4.3507e-05, 5.0455e-05, 3.1518e-05,
        1.0894e-05, 1.0183e-04, 1.1044e-04, 1.3389e-04, 5.7807e-06],
       grad_fn=<CatBackward>)

mean_overall=tensor(5.5371e-05, grad_fn=<MeanBackward0>)

-----------------------------------------------ITERATION240-----------------------------------------------

final_causality=[[1, 1, 1, 1, 1, 1, 1, 1, 1, 1, 1, 1, 1], [1, 1, 1, 1, 1, 1, 1, 1, 1, 1, 1, 1, 1, 1, 1, 1, 1, 1, 1, 1, 1, 1, 1, 1, 1, 1, 1, 1, 1, 1, 1, 1, 1, 1, 1, 1, 1, 1, 1, 1, 1, 1, 1, 1, 1, 1, 1, 1, 1, 1], [1, 1, 1, 1, 1, 1, 1, 1, 1, 1, 1, 1, 1, 1, 1, 1, 1, 1, 1, 1, 1, 1, 1, 1, 1, 1, 1, 1, 1, 1, 1, 1, 1, 1, 1, 1, 1, 1, 1, 1, 1, 1, 1, 1, 1, 1, 1, 1, 1, 1]]

means=tensor([1.9990e-04, 0.0000e+00, 0.0000e+00, 0.0000e+00, 9.9781e-05, 9.6405e-05,
        9.5966e-05, 1.1462e-05, 0.0000e+00, 0.0000e+00, 0.0000e+00, 5.6155e-04,
        5.3698e-05, 1.7486e-04, 5.3925e-06, 6.3218e-05, 4.7201e-05, 1.6777e-04,
        6.0546e-05, 2.3062e-05, 7.6789e-05, 1.1478e-04, 9.3323e-05, 2.6948e-05,
        1.2555e-04, 4.4108e-05, 5.4256e-05, 1.4565e-06, 1.0702e-04, 1.0156e-05,
        1.3962e-05, 4.7859e-05, 3.0224e-05, 1.4604e-04, 2.6271e-05, 4.6711e-06,
        2.1525e-05, 2.1324e-05, 1.0012e-04, 6.9847e-05, 6.0215e-05, 4.0889e-05,
        1.2767e-04, 4.6863e-05, 5.5875e-06, 7.1698e-05, 2.0473e-05, 7.4209e-05,
        8.6267e-05, 3.7923e-05, 5.3679e-05, 7.5775e-05, 9.7014e-07, 3.0287e-05,
        5.6327e-05, 1.7938e-04, 8.4908e-05, 4.1032e-05, 1.4053e-04, 7.4855e-05,
        4.8808e-06, 7.9733e-05, 3.7863e-05, 4.4586e-05, 3.6639e-05, 9.0286e-05,
        9.0270e-05, 1.3141e-05, 2.6362e-05, 5.3638e-06, 5.0442e-05, 3.4117e-05,
        7.6601e-06, 1.8258e-05, 3.9854e-05, 4.6132e-05, 6.2621e-05, 3.3326e-05,
        8.5399e-05, 4.4185e-05, 3.0099e-05, 1.1680e-04, 2.6654e-05, 4.0841e-05,
        3.8855e-05, 2.3452e-05, 2.6872e-05, 3.1331e-05, 3.3486e-05, 1.8801e-05,
        4.0585e-06, 1.8635e-05, 9.5801e-06, 1.4202e-05, 2.9576e-05, 4.1856e-05,
        2.6711e-05, 2.3564e-06, 2.8857e-05, 1.7153e-05, 4.9147e-05, 5.5082e-05,
        5.1906e-05, 2.4096e-05, 5.2089e-05, 4.3236e-05, 5.0841e-05, 3.1401e-05,
        1.0943e-05, 1.0204e-04, 1.0992e-04, 1.3383e-04, 5.7949e-06],
       grad_fn=<CatBackward>)

mean_overall=tensor(5.5382e-05, grad_fn=<MeanBackward0>)

-----------------------------------------------ITERATION250-----------------------------------------------

final_causality=[[1, 1, 1, 1, 1, 1, 1, 1, 1, 1, 1, 1, 1], [1, 1, 1, 1, 1, 1, 1, 1, 1, 1, 1, 1, 1, 1, 1, 1, 1, 1, 1, 1, 1, 1, 1, 1, 1, 1, 1, 1, 1, 1, 1, 1, 1, 1, 1, 1, 1, 1, 1, 1, 1, 1, 1, 1, 1, 1, 1, 1, 1, 1], [1, 1, 1, 1, 1, 1, 1, 1, 1, 1, 1, 1, 1, 1, 1, 1, 1, 1, 1, 1, 1, 1, 1, 1, 1, 1, 1, 1, 1, 1, 1, 1, 1, 1, 1, 1, 1, 1, 1, 1, 1, 1, 1, 1, 1, 1, 1, 1, 1, 1]]

means=tensor([1.8740e-04, 0.0000e+00, 0.0000e+00, 0.0000e+00, 1.0135e-04, 9.7626e-05,
        9.5456e-05, 1.1439e-05, 0.0000e+00, 0.0000e+00, 0.0000e+00, 5.6298e-04,
        6.0836e-05, 1.7454e-04, 5.5121e-06, 6.3596e-05, 4.7074e-05, 1.6715e-04,
        6.0421e-05, 2.3269e-05, 7.7447e-05, 1.1469e-04, 9.3458e-05, 2.6898e-05,
        1.2550e-04, 4.4672e-05, 5.4497e-05, 1.3729e-06, 1.0679e-04, 1.0154e-05,
        1.3934e-05, 4.8085e-05, 3.0030e-05, 1.4586e-04, 2.6662e-05, 4.5583e-06,
        2.1701e-05, 2.1354e-05, 1.0051e-04, 7.0239e-05, 6.0550e-05, 4.1194e-05,
        1.2779e-04, 4.6989e-05, 5.6124e-06, 7.2146e-05, 2.0392e-05, 7.4536e-05,
        8.6478e-05, 3.8136e-05, 5.3690e-05, 7.5602e-05, 9.9856e-07, 3.0278e-05,
        5.6081e-05, 1.7934e-04, 8.4834e-05, 4.1263e-05, 1.4044e-04, 7.4899e-05,
        4.8663e-06, 7.9646e-05, 3.7545e-05, 4.4780e-05, 3.6553e-05, 9.0363e-05,
        9.0005e-05, 1.3218e-05, 2.6913e-05, 5.3590e-06, 5.0427e-05, 3.4067e-05,
        7.6857e-06, 1.8322e-05, 4.0483e-05, 4.6182e-05, 6.2940e-05, 3.3328e-05,
        8.5744e-05, 4.4425e-05, 3.0060e-05, 1.1661e-04, 2.6186e-05, 4.1057e-05,
        3.8761e-05, 2.3449e-05, 2.7038e-05, 3.1362e-05, 3.3235e-05, 1.8621e-05,
        4.0669e-06, 1.8446e-05, 9.5758e-06, 1.4133e-05, 2.9522e-05, 4.1916e-05,
        2.6678e-05, 2.3645e-06, 2.8676e-05, 1.7159e-05, 4.9111e-05, 5.4827e-05,
        5.2062e-05, 2.3980e-05, 5.2002e-05, 4.2960e-05, 5.1237e-05, 3.1282e-05,
        1.0994e-05, 1.0226e-04, 1.0940e-04, 1.3378e-04, 5.8093e-06],
       grad_fn=<CatBackward>)

mean_overall=tensor(5.5396e-05, grad_fn=<MeanBackward0>)

-----------------------------------------------ITERATION260-----------------------------------------------

final_causality=[[1, 1, 1, 1, 1, 1, 1, 1, 1, 1, 1, 1, 1], [1, 1, 1, 1, 1, 1, 1, 1, 1, 1, 1, 1, 1, 1, 1, 1, 1, 1, 1, 1, 1, 1, 1, 1, 1, 1, 1, 1, 1, 1, 1, 1, 1, 1, 1, 1, 1, 1, 1, 1, 1, 1, 1, 1, 1, 1, 1, 1, 1, 1], [1, 1, 1, 1, 1, 1, 1, 1, 1, 1, 1, 1, 1, 1, 1, 1, 1, 1, 1, 1, 1, 1, 1, 1, 1, 1, 1, 1, 1, 1, 1, 1, 1, 1, 1, 1, 1, 1, 1, 1, 1, 1, 1, 1, 1, 1, 1, 1, 1, 1]]

means=tensor([1.7465e-04, 0.0000e+00, 0.0000e+00, 0.0000e+00, 1.0296e-04, 9.8875e-05,
        9.4936e-05, 1.1414e-05, 0.0000e+00, 0.0000e+00, 0.0000e+00, 5.6443e-04,
        6.8141e-05, 1.7421e-04, 5.6349e-06, 6.3982e-05, 4.6945e-05, 1.6651e-04,
        6.0293e-05, 2.3482e-05, 7.8123e-05, 1.1459e-04, 9.3597e-05, 2.6847e-05,
        1.2545e-04, 4.5255e-05, 5.4743e-05, 1.2869e-06, 1.0656e-04, 1.0152e-05,
        1.3906e-05, 4.8318e-05, 2.9833e-05, 1.4567e-04, 2.7061e-05, 4.4436e-06,
        2.1881e-05, 2.1399e-05, 1.0092e-04, 7.0638e-05, 6.0893e-05, 4.1508e-05,
        1.2792e-04, 4.7118e-05, 5.6375e-06, 7.2605e-05, 2.0310e-05, 7.4869e-05,
        8.6695e-05, 3.8353e-05, 5.3704e-05, 7.5425e-05, 1.0268e-06, 3.0268e-05,
        5.5831e-05, 1.7930e-04, 8.4759e-05, 4.1500e-05, 1.4036e-04, 7.4944e-05,
        4.8519e-06, 7.9557e-05, 3.7224e-05, 4.4978e-05, 3.6466e-05, 9.0442e-05,
        8.9735e-05, 1.3297e-05, 2.7475e-05, 5.3542e-06, 5.0412e-05, 3.4016e-05,
        7.7117e-06, 1.8393e-05, 4.1124e-05, 4.6232e-05, 6.3267e-05, 3.3330e-05,
        8.6097e-05, 4.4672e-05, 3.0021e-05, 1.1642e-04, 2.5763e-05, 4.1277e-05,
        3.8665e-05, 2.3447e-05, 2.7207e-05, 3.1394e-05, 3.2980e-05, 1.8437e-05,
        4.0755e-06, 1.8252e-05, 9.5713e-06, 1.4063e-05, 2.9498e-05, 4.2210e-05,
        2.6644e-05, 2.3728e-06, 2.8492e-05, 1.7166e-05, 4.9075e-05, 5.4566e-05,
        5.2221e-05, 2.3862e-05, 5.1914e-05, 4.2678e-05, 5.1641e-05, 3.1160e-05,
        1.1046e-05, 1.0248e-04, 1.0886e-04, 1.3372e-04, 5.8239e-06],
       grad_fn=<CatBackward>)

mean_overall=tensor(5.5414e-05, grad_fn=<MeanBackward0>)

-----------------------------------------------ITERATION270-----------------------------------------------

final_causality=[[1, 1, 1, 1, 1, 1, 1, 1, 1, 1, 1, 1, 1], [1, 1, 1, 1, 1, 1, 1, 1, 1, 1, 1, 1, 1, 1, 1, 1, 1, 1, 1, 1, 1, 1, 1, 1, 1, 1, 1, 1, 1, 1, 1, 1, 1, 1, 1, 1, 1, 1, 1, 1, 1, 1, 1, 1, 1, 1, 1, 1, 1, 1], [1, 1, 1, 1, 1, 1, 1, 1, 1, 1, 1, 1, 1, 1, 1, 1, 1, 1, 1, 1, 1, 1, 1, 1, 1, 1, 1, 1, 1, 1, 1, 1, 1, 1, 1, 1, 1, 1, 1, 1, 1, 1, 1, 1, 1, 1, 1, 1, 1, 1]]

means=tensor([1.6164e-04, 0.0000e+00, 0.0000e+00, 0.0000e+00, 1.0462e-04, 1.0015e-04,
        9.4405e-05, 1.1388e-05, 0.0000e+00, 0.0000e+00, 0.0000e+00, 5.6592e-04,
        7.5611e-05, 1.7388e-04, 5.7610e-06, 6.4377e-05, 4.6815e-05, 1.6587e-04,
        6.0163e-05, 2.3700e-05, 7.8818e-05, 1.1450e-04, 9.3739e-05, 2.6795e-05,
        1.2540e-04, 4.5857e-05, 5.4995e-05, 1.1988e-06, 1.0632e-04, 1.0150e-05,
        1.3878e-05, 4.8557e-05, 2.9632e-05, 1.4547e-04, 2.7470e-05, 4.3269e-06,
        2.2064e-05, 2.1466e-05, 1.0133e-04, 7.1045e-05, 6.1248e-05, 4.1831e-05,
        1.2804e-04, 4.7250e-05, 5.6628e-06, 7.3076e-05, 2.0227e-05, 7.5210e-05,
        8.6919e-05, 3.8577e-05, 5.3721e-05, 7.5245e-05, 1.0551e-06, 3.0257e-05,
        5.5578e-05, 1.7926e-04, 8.4683e-05, 4.1744e-05, 1.4027e-04, 7.4990e-05,
        4.8376e-06, 7.9466e-05, 3.6902e-05, 4.5181e-05, 3.6377e-05, 9.0522e-05,
        8.9459e-05, 1.3377e-05, 2.8048e-05, 5.3493e-06, 5.0397e-05, 3.3964e-05,
        7.7383e-06, 1.8466e-05, 4.1779e-05, 4.6284e-05, 6.3601e-05, 3.3332e-05,
        8.6456e-05, 4.4924e-05, 2.9981e-05, 1.1622e-04, 2.5390e-05, 4.1502e-05,
        3.8567e-05, 2.3444e-05, 2.7380e-05, 3.1427e-05, 3.2720e-05, 1.8249e-05,
        4.0842e-06, 1.8096e-05, 9.5668e-06, 1.3992e-05, 2.9472e-05, 4.2510e-05,
        2.6609e-05, 2.3812e-06, 2.8303e-05, 1.7172e-05, 4.9038e-05, 5.4301e-05,
        5.2383e-05, 2.3742e-05, 5.1825e-05, 4.2390e-05, 5.2054e-05, 3.1037e-05,
        1.1098e-05, 1.0270e-04, 1.0831e-04, 1.3365e-04, 5.8386e-06],
       grad_fn=<CatBackward>)

mean_overall=tensor(5.5434e-05, grad_fn=<MeanBackward0>)

-----------------------------------------------ITERATION280-----------------------------------------------

final_causality=[[1, 1, 1, 1, 1, 1, 1, 1, 1, 1, 1, 1, 1], [1, 1, 1, 1, 1, 1, 1, 1, 1, 1, 1, 1, 1, 1, 1, 1, 1, 1, 1, 1, 1, 1, 1, 1, 1, 1, 1, 1, 1, 1, 1, 1, 1, 1, 1, 1, 1, 1, 1, 1, 1, 1, 1, 1, 1, 1, 1, 1, 1, 1], [1, 1, 1, 1, 1, 1, 1, 1, 1, 1, 1, 1, 1, 1, 1, 1, 1, 1, 1, 1, 1, 1, 1, 1, 1, 1, 1, 1, 1, 1, 1, 1, 1, 1, 1, 1, 1, 1, 1, 1, 1, 1, 1, 1, 1, 1, 1, 1, 1, 1]]

means=tensor([1.4838e-04, 0.0000e+00, 0.0000e+00, 0.0000e+00, 1.0631e-04, 1.0146e-04,
        9.3864e-05, 1.1360e-05, 0.0000e+00, 0.0000e+00, 0.0000e+00, 5.6743e-04,
        8.3245e-05, 1.7354e-04, 5.8901e-06, 6.4781e-05, 4.6683e-05, 1.6521e-04,
        6.0030e-05, 2.3924e-05, 7.9532e-05, 1.1440e-04, 9.3885e-05, 2.6743e-05,
        1.2535e-04, 4.6478e-05, 5.5253e-05, 1.1085e-06, 1.0607e-04, 1.0149e-05,
        1.3849e-05, 4.8803e-05, 2.9429e-05, 1.4528e-04, 2.7887e-05, 4.2082e-06,
        2.2251e-05, 2.1536e-05, 1.0175e-04, 7.1461e-05, 6.1686e-05, 4.2163e-05,
        1.2817e-04, 4.7584e-05, 5.6884e-06, 7.3560e-05, 2.0142e-05, 7.5558e-05,
        8.7149e-05, 3.8806e-05, 5.3741e-05, 7.5062e-05, 1.0835e-06, 3.0247e-05,
        5.5322e-05, 1.7922e-04, 8.4606e-05, 4.1995e-05, 1.4018e-04, 7.5036e-05,
        4.8232e-06, 7.9373e-05, 3.6579e-05, 4.5562e-05, 3.6286e-05, 9.0605e-05,
        8.9178e-05, 1.3459e-05, 2.8632e-05, 5.3445e-06, 5.0381e-05, 3.3910e-05,
        7.7654e-06, 1.8540e-05, 4.2446e-05, 4.6335e-05, 6.3941e-05, 3.3334e-05,
        8.6822e-05, 4.5183e-05, 2.9941e-05, 1.1602e-04, 2.5130e-05, 4.1731e-05,
        3.8468e-05, 2.3441e-05, 2.7557e-05, 3.1460e-05, 3.2456e-05, 1.8056e-05,
        4.0930e-06, 1.8118e-05, 9.5622e-06, 1.3918e-05, 2.9447e-05, 4.2815e-05,
        2.6574e-05, 2.3898e-06, 2.8110e-05, 1.7179e-05, 4.8999e-05, 5.4030e-05,
        5.2549e-05, 2.3619e-05, 5.1735e-05, 4.2097e-05, 5.2475e-05, 3.0911e-05,
        1.1152e-05, 1.0292e-04, 1.0774e-04, 1.3359e-04, 5.8534e-06],
       grad_fn=<CatBackward>)

mean_overall=tensor(5.5462e-05, grad_fn=<MeanBackward0>)

-----------------------------------------------ITERATION290-----------------------------------------------

final_causality=[[1, 1, 1, 1, 1, 1, 1, 1, 1, 1, 1, 1, 1], [1, 1, 1, 1, 1, 1, 1, 1, 1, 1, 1, 1, 1, 1, 1, 1, 1, 1, 1, 1, 1, 1, 1, 1, 1, 1, 1, 1, 1, 1, 1, 1, 1, 1, 1, 1, 1, 1, 1, 1, 1, 1, 1, 1, 1, 1, 1, 1, 1, 1], [1, 1, 1, 1, 1, 1, 1, 1, 1, 1, 1, 1, 1, 1, 1, 1, 1, 1, 1, 1, 1, 1, 1, 1, 1, 1, 1, 1, 1, 1, 1, 1, 1, 1, 1, 1, 1, 1, 1, 1, 1, 1, 1, 1, 1, 1, 1, 1, 1, 1]]

means=tensor([1.3486e-04, 0.0000e+00, 0.0000e+00, 0.0000e+00, 1.0804e-04, 1.0280e-04,
        9.3312e-05, 1.1331e-05, 0.0000e+00, 0.0000e+00, 0.0000e+00, 5.6897e-04,
        9.1041e-05, 1.7319e-04, 6.0223e-06, 6.5194e-05, 4.6550e-05, 1.6455e-04,
        5.9895e-05, 2.4154e-05, 8.0266e-05, 1.1430e-04, 9.4035e-05, 2.6690e-05,
        1.2530e-04, 4.7119e-05, 5.5516e-05, 1.0160e-06, 1.0583e-04, 1.0148e-05,
        1.3820e-05, 4.9055e-05, 2.9222e-05, 1.4508e-04, 2.8314e-05, 4.0874e-06,
        2.2442e-05, 2.1608e-05, 1.0219e-04, 7.1884e-05, 6.2134e-05, 4.2504e-05,
        1.2830e-04, 4.7929e-05, 5.7144e-06, 7.4055e-05, 2.0057e-05, 7.5913e-05,
        8.7385e-05, 3.9040e-05, 5.3765e-05, 7.4877e-05, 1.1119e-06, 3.0312e-05,
        5.5063e-05, 1.7918e-04, 8.4527e-05, 4.2253e-05, 1.4009e-04, 7.5083e-05,
        4.8089e-06, 7.9278e-05, 3.6254e-05, 4.5950e-05, 3.6193e-05, 9.0689e-05,
        8.8892e-05, 1.3542e-05, 2.9228e-05, 5.3396e-06, 5.0365e-05, 3.3855e-05,
        7.7930e-06, 1.8615e-05, 4.3126e-05, 4.6387e-05, 6.4289e-05, 3.3336e-05,
        8.7195e-05, 4.5447e-05, 2.9901e-05, 1.1581e-04, 2.5307e-05, 4.1966e-05,
        3.8368e-05, 2.3438e-05, 2.7737e-05, 3.1495e-05, 3.2189e-05, 1.7859e-05,
        4.1019e-06, 1.8140e-05, 9.5576e-06, 1.3843e-05, 2.9422e-05, 4.3127e-05,
        2.6537e-05, 2.3986e-06, 2.7914e-05, 1.7186e-05, 4.8960e-05, 5.3755e-05,
        5.2717e-05, 2.3495e-05, 5.1647e-05, 4.1798e-05, 5.2905e-05, 3.0783e-05,
        1.1208e-05, 1.0314e-04, 1.0717e-04, 1.3352e-04, 5.8684e-06],
       grad_fn=<CatBackward>)

mean_overall=tensor(5.5495e-05, grad_fn=<MeanBackward0>)

-----------------------------------------------ITERATION300-----------------------------------------------

final_causality=[[1, 1, 1, 1, 1, 1, 1, 1, 1, 1, 1, 1, 1], [1, 1, 1, 1, 1, 1, 1, 1, 1, 1, 1, 1, 1, 1, 1, 1, 1, 1, 1, 1, 1, 1, 1, 1, 1, 1, 1, 1, 1, 1, 1, 1, 1, 1, 1, 1, 1, 1, 1, 1, 1, 1, 1, 1, 1, 1, 1, 1, 1, 1], [1, 1, 1, 1, 1, 1, 1, 1, 1, 1, 1, 1, 1, 1, 1, 1, 1, 1, 1, 1, 1, 1, 1, 1, 1, 1, 1, 1, 1, 1, 1, 1, 1, 1, 1, 1, 1, 1, 1, 1, 1, 1, 1, 1, 1, 1, 1, 1, 1, 1]]

means=tensor([1.2110e-04, 0.0000e+00, 0.0000e+00, 0.0000e+00, 1.0982e-04, 1.0416e-04,
        9.2750e-05, 1.1300e-05, 0.0000e+00, 0.0000e+00, 0.0000e+00, 5.7054e-04,
        9.9000e-05, 1.7284e-04, 6.1576e-06, 6.5616e-05, 4.6415e-05, 1.6387e-04,
        5.9757e-05, 2.4389e-05, 8.1019e-05, 1.1420e-04, 9.4188e-05, 2.6636e-05,
        1.2525e-04, 4.7779e-05, 5.5784e-05, 9.2141e-07, 1.0557e-04, 1.0147e-05,
        1.3790e-05, 4.9314e-05, 2.9013e-05, 1.4488e-04, 2.8749e-05, 3.9648e-06,
        2.2649e-05, 2.1683e-05, 1.0264e-04, 7.2316e-05, 6.2591e-05, 4.2854e-05,
        1.2844e-04, 4.8280e-05, 5.7405e-06, 7.4563e-05, 1.9972e-05, 7.6274e-05,
        8.7627e-05, 3.9280e-05, 5.3793e-05, 7.4689e-05, 1.1403e-06, 3.0442e-05,
        5.4802e-05, 1.7914e-04, 8.4448e-05, 4.2518e-05, 1.4000e-04, 7.5130e-05,
        4.7947e-06, 7.9182e-05, 3.5928e-05, 4.6345e-05, 3.6099e-05, 9.0776e-05,
        8.8600e-05, 1.3627e-05, 2.9834e-05, 5.3347e-06, 5.0348e-05, 3.3799e-05,
        7.8210e-06, 1.8691e-05, 4.3819e-05, 4.6440e-05, 6.4643e-05, 3.3338e-05,
        8.7574e-05, 4.5717e-05, 2.9861e-05, 1.1560e-04, 2.5487e-05, 4.2205e-05,
        3.8266e-05, 2.3435e-05, 2.7920e-05, 3.1530e-05, 3.1917e-05, 1.7657e-05,
        4.1109e-06, 1.8163e-05, 9.5530e-06, 1.3766e-05, 2.9396e-05, 4.3444e-05,
        2.6499e-05, 2.4076e-06, 2.7714e-05, 1.7192e-05, 4.8919e-05, 5.3475e-05,
        5.2889e-05, 2.3368e-05, 5.1690e-05, 4.1494e-05, 5.3344e-05, 3.0653e-05,
        1.1264e-05, 1.0338e-04, 1.0658e-04, 1.3346e-04, 5.8872e-06],
       grad_fn=<CatBackward>)

mean_overall=tensor(5.5533e-05, grad_fn=<MeanBackward0>)

-----------------------------------------------ITERATION310-----------------------------------------------

final_causality=[[1, 1, 1, 1, 1, 1, 1, 1, 1, 1, 1, 1, 1], [1, 1, 1, 1, 1, 1, 1, 1, 1, 1, 1, 1, 1, 1, 1, 1, 1, 1, 1, 1, 1, 1, 1, 1, 1, 1, 1, 1, 1, 1, 1, 1, 1, 1, 1, 1, 1, 1, 1, 1, 1, 1, 1, 1, 1, 1, 1, 1, 1, 1], [1, 1, 1, 1, 1, 1, 1, 1, 1, 1, 1, 1, 1, 1, 1, 1, 1, 1, 1, 1, 1, 1, 1, 1, 1, 1, 1, 1, 1, 1, 1, 1, 1, 1, 1, 1, 1, 1, 1, 1, 1, 1, 1, 1, 1, 1, 1, 1, 1, 1]]

means=tensor([1.0710e-04, 0.0000e+00, 0.0000e+00, 0.0000e+00, 1.1163e-04, 1.0555e-04,
        9.2178e-05, 1.1267e-05, 0.0000e+00, 0.0000e+00, 0.0000e+00, 5.7214e-04,
        1.0712e-04, 1.7248e-04, 6.2961e-06, 6.6047e-05, 4.6279e-05, 1.6319e-04,
        5.9618e-05, 2.4630e-05, 8.1791e-05, 1.1410e-04, 9.4540e-05, 2.6583e-05,
        1.2520e-04, 4.8460e-05, 5.6058e-05, 8.2460e-07, 1.0532e-04, 1.0147e-05,
        1.3760e-05, 4.9579e-05, 2.8800e-05, 1.4468e-04, 2.9193e-05, 3.8403e-06,
        2.2882e-05, 2.1760e-05, 1.0310e-04, 7.2755e-05, 6.3057e-05, 4.3213e-05,
        1.2858e-04, 4.8639e-05, 5.7669e-06, 7.5083e-05, 1.9885e-05, 7.6643e-05,
        8.7876e-05, 3.9588e-05, 5.3825e-05, 7.4499e-05, 1.1686e-06, 3.0574e-05,
        5.4650e-05, 1.7910e-04, 8.4367e-05, 4.2790e-05, 1.3991e-04, 7.5178e-05,
        4.7806e-06, 7.9084e-05, 3.5601e-05, 4.6747e-05, 3.6003e-05, 9.0864e-05,
        8.8304e-05, 1.3714e-05, 3.0451e-05, 5.3298e-06, 5.0331e-05, 3.3742e-05,
        7.8496e-06, 1.8768e-05, 4.4523e-05, 4.6492e-05, 6.5005e-05, 3.3341e-05,
        8.7960e-05, 4.5994e-05, 2.9820e-05, 1.1539e-04, 2.5671e-05, 4.2449e-05,
        3.8162e-05, 2.3431e-05, 2.8107e-05, 3.1566e-05, 3.1642e-05, 1.7451e-05,
        4.1200e-06, 1.8187e-05, 9.5482e-06, 1.3688e-05, 2.9371e-05, 4.3766e-05,
        2.6461e-05, 2.4167e-06, 2.7510e-05, 1.7199e-05, 4.8878e-05, 5.3190e-05,
        5.3063e-05, 2.3239e-05, 5.1733e-05, 4.1185e-05, 5.3790e-05, 3.0521e-05,
        1.1322e-05, 1.0422e-04, 1.0598e-04, 1.3339e-04, 5.9113e-06],
       grad_fn=<CatBackward>)

mean_overall=tensor(5.5580e-05, grad_fn=<MeanBackward0>)

-----------------------------------------------ITERATION320-----------------------------------------------

final_causality=[[1, 1, 1, 1, 1, 1, 1, 1, 1, 1, 1, 1, 1], [1, 1, 1, 1, 1, 1, 1, 1, 1, 1, 1, 1, 1, 1, 1, 1, 1, 1, 1, 1, 1, 1, 1, 1, 1, 1, 1, 1, 1, 1, 1, 1, 1, 1, 1, 1, 1, 1, 1, 1, 1, 1, 1, 1, 1, 1, 1, 1, 1, 1], [1, 1, 1, 1, 1, 1, 1, 1, 1, 1, 1, 1, 1, 1, 1, 1, 1, 1, 1, 1, 1, 1, 1, 1, 1, 1, 1, 1, 1, 1, 1, 1, 1, 1, 1, 1, 1, 1, 1, 1, 1, 1, 1, 1, 1, 1, 1, 1, 1, 1]]

means=tensor([9.2856e-05, 0.0000e+00, 0.0000e+00, 0.0000e+00, 1.1349e-04, 1.0697e-04,
        9.1596e-05, 1.1232e-05, 0.0000e+00, 0.0000e+00, 0.0000e+00, 5.7376e-04,
        1.1540e-04, 1.7212e-04, 6.4378e-06, 6.6486e-05, 4.6236e-05, 1.6250e-04,
        5.9476e-05, 2.4877e-05, 8.2584e-05, 1.1399e-04, 9.5007e-05, 2.6528e-05,
        1.2515e-04, 4.9162e-05, 5.6337e-05, 7.2560e-07, 1.0505e-04, 1.0147e-05,
        1.3730e-05, 4.9851e-05, 2.8586e-05, 1.4447e-04, 2.9646e-05, 3.7141e-06,
        2.3120e-05, 2.1840e-05, 1.0357e-04, 7.3201e-05, 6.3532e-05, 4.3582e-05,
        1.2872e-04, 4.9005e-05, 5.7935e-06, 7.5615e-05, 1.9798e-05, 7.7018e-05,
        8.8131e-05, 3.9955e-05, 5.3860e-05, 7.4307e-05, 1.1967e-06, 3.0708e-05,
        5.4555e-05, 1.7906e-04, 8.4285e-05, 4.3069e-05, 1.3982e-04, 7.5227e-05,
        4.7666e-06, 7.8984e-05, 3.5274e-05, 4.7156e-05, 3.5906e-05, 9.0955e-05,
        8.8003e-05, 1.3802e-05, 3.1078e-05, 5.3250e-06, 5.0314e-05, 3.3684e-05,
        7.8787e-06, 1.8847e-05, 4.5240e-05, 4.6545e-05, 6.5373e-05, 3.3343e-05,
        8.8352e-05, 4.6276e-05, 2.9779e-05, 1.1517e-04, 2.5858e-05, 4.2697e-05,
        3.8057e-05, 2.3427e-05, 2.8298e-05, 3.1602e-05, 3.1363e-05, 1.7241e-05,
        4.1292e-06, 1.8210e-05, 9.5435e-06, 1.3607e-05, 2.9345e-05, 4.4094e-05,
        2.6422e-05, 2.4260e-06, 2.7303e-05, 1.7218e-05, 4.8871e-05, 5.2901e-05,
        5.3241e-05, 2.3108e-05, 5.1775e-05, 4.0870e-05, 5.4246e-05, 3.0387e-05,
        1.1380e-05, 1.0507e-04, 1.0537e-04, 1.3331e-04, 5.9355e-06],
       grad_fn=<CatBackward>)

mean_overall=tensor(5.5632e-05, grad_fn=<MeanBackward0>)

-----------------------------------------------ITERATION330-----------------------------------------------

final_causality=[[1, 1, 1, 1, 1, 1, 1, 1, 1, 1, 1, 1, 1], [1, 1, 1, 1, 1, 1, 1, 1, 1, 1, 1, 1, 1, 1, 1, 1, 1, 1, 1, 1, 1, 1, 1, 1, 1, 1, 1, 1, 1, 1, 1, 1, 1, 1, 1, 1, 1, 1, 1, 1, 1, 1, 1, 1, 1, 1, 1, 1, 1, 1], [1, 1, 1, 1, 1, 1, 1, 1, 1, 1, 1, 1, 1, 1, 1, 1, 1, 1, 1, 1, 1, 1, 1, 1, 1, 1, 1, 1, 1, 1, 1, 1, 1, 1, 1, 1, 1, 1, 1, 1, 1, 1, 1, 1, 1, 1, 1, 1, 1, 1]]

means=tensor([7.8370e-05, 0.0000e+00, 0.0000e+00, 0.0000e+00, 1.1538e-04, 1.0842e-04,
        9.1004e-05, 1.1196e-05, 0.0000e+00, 0.0000e+00, 0.0000e+00, 5.7541e-04,
        1.2385e-04, 1.7176e-04, 6.5826e-06, 6.6935e-05, 4.6475e-05, 1.6180e-04,
        5.9332e-05, 2.5129e-05, 8.3397e-05, 1.1388e-04, 9.5485e-05, 2.6473e-05,
        1.2509e-04, 4.9884e-05, 5.6622e-05, 6.2441e-07, 1.0479e-04, 1.0148e-05,
        1.3699e-05, 5.0130e-05, 2.8368e-05, 1.4426e-04, 3.0107e-05, 3.5861e-06,
        2.3363e-05, 2.1922e-05, 1.0405e-04, 7.3656e-05, 6.4017e-05, 4.3961e-05,
        1.2887e-04, 4.9378e-05, 5.8203e-06, 7.6160e-05, 1.9710e-05, 7.7400e-05,
        8.8392e-05, 4.0331e-05, 5.3899e-05, 7.4112e-05, 1.2247e-06, 3.0844e-05,
        5.4461e-05, 1.7902e-04, 8.4202e-05, 4.3356e-05, 1.3972e-04, 7.5277e-05,
        4.7528e-06, 7.8883e-05, 3.4946e-05, 4.7572e-05, 3.5807e-05, 9.1047e-05,
        8.7696e-05, 1.3891e-05, 3.1716e-05, 5.3201e-06, 5.0296e-05, 3.3624e-05,
        7.9082e-06, 1.8927e-05, 4.5970e-05, 4.6599e-05, 6.5748e-05, 3.3345e-05,
        8.8750e-05, 4.6564e-05, 2.9738e-05, 1.1495e-04, 2.6048e-05, 4.2950e-05,
        3.7950e-05, 2.3423e-05, 2.8491e-05, 3.1640e-05, 3.1081e-05, 1.7026e-05,
        4.1385e-06, 1.8234e-05, 9.5387e-06, 1.3526e-05, 2.9320e-05, 4.4428e-05,
        2.6381e-05, 2.4354e-06, 2.7091e-05, 1.7239e-05, 4.8896e-05, 5.2607e-05,
        5.3421e-05, 2.2975e-05, 5.1817e-05, 4.0550e-05, 5.4709e-05, 3.0251e-05,
        1.1440e-05, 1.0593e-04, 1.0474e-04, 1.3324e-04, 5.9597e-06],
       grad_fn=<CatBackward>)

mean_overall=tensor(5.5689e-05, grad_fn=<MeanBackward0>)

-----------------------------------------------ITERATION340-----------------------------------------------

final_causality=[[1, 1, 1, 1, 1, 1, 1, 1, 1, 1, 1, 1, 1], [1, 1, 1, 1, 1, 1, 1, 1, 1, 1, 1, 1, 1, 1, 1, 1, 1, 1, 1, 1, 1, 1, 1, 1, 1, 1, 1, 1, 1, 1, 1, 1, 1, 1, 1, 1, 1, 1, 1, 1, 1, 1, 1, 1, 1, 1, 1, 1, 1, 1], [1, 1, 1, 1, 1, 1, 1, 1, 1, 1, 1, 1, 1, 1, 1, 1, 1, 1, 1, 1, 1, 1, 1, 1, 1, 1, 1, 1, 1, 1, 1, 1, 1, 1, 1, 1, 1, 1, 1, 1, 1, 1, 1, 1, 1, 1, 1, 1, 1, 1]]

means=tensor([6.3645e-05, 0.0000e+00, 0.0000e+00, 0.0000e+00, 1.1732e-04, 1.0990e-04,
        9.0402e-05, 1.1157e-05, 0.0000e+00, 0.0000e+00, 0.0000e+00, 5.7708e-04,
        1.3245e-04, 1.7138e-04, 6.7306e-06, 6.7393e-05, 4.6719e-05, 1.6109e-04,
        5.9186e-05, 2.5388e-05, 8.4230e-05, 1.1378e-04, 9.5972e-05, 2.6418e-05,
        1.2504e-04, 5.0628e-05, 5.6912e-05, 5.2105e-07, 1.0452e-04, 1.0149e-05,
        1.3668e-05, 5.0415e-05, 2.8148e-05, 1.4405e-04, 3.0577e-05, 3.4564e-06,
        2.3609e-05, 2.2007e-05, 1.0455e-04, 7.4118e-05, 6.4512e-05, 4.4349e-05,
        1.2901e-04, 4.9758e-05, 5.8472e-06, 7.6717e-05, 1.9622e-05, 7.7789e-05,
        8.8660e-05, 4.0715e-05, 5.3942e-05, 7.3915e-05, 1.2525e-06, 3.0982e-05,
        5.4368e-05, 1.7898e-04, 8.4118e-05, 4.3650e-05, 1.3963e-04, 7.5327e-05,
        4.7391e-06, 7.8780e-05, 3.4618e-05, 4.7995e-05, 3.5706e-05, 9.1142e-05,
        8.7385e-05, 1.3983e-05, 3.2365e-05, 5.3153e-06, 5.0278e-05, 3.3563e-05,
        7.9382e-06, 1.9033e-05, 4.6711e-05, 4.6652e-05, 6.6129e-05, 3.3348e-05,
        8.9154e-05, 4.6858e-05, 2.9697e-05, 1.1473e-04, 2.6241e-05, 4.3208e-05,
        3.7842e-05, 2.3419e-05, 2.8689e-05, 3.1678e-05, 3.0795e-05, 1.6807e-05,
        4.1479e-06, 1.8350e-05, 9.5338e-06, 1.3442e-05, 2.9294e-05, 4.4767e-05,
        2.6340e-05, 2.4450e-06, 2.6876e-05, 1.7262e-05, 4.8921e-05, 5.2309e-05,
        5.3604e-05, 2.2840e-05, 5.1858e-05, 4.0225e-05, 5.5181e-05, 3.0113e-05,
        1.1502e-05, 1.0683e-04, 1.0411e-04, 1.3316e-04, 5.9840e-06],
       grad_fn=<CatBackward>)

mean_overall=tensor(5.5749e-05, grad_fn=<MeanBackward0>)

-----------------------------------------------ITERATION350-----------------------------------------------

final_causality=[[1, 1, 1, 1, 1, 1, 1, 1, 1, 1, 1, 1, 1], [1, 1, 1, 1, 1, 1, 1, 1, 1, 1, 1, 1, 1, 1, 1, 1, 1, 1, 1, 1, 1, 1, 1, 1, 1, 1, 1, 1, 1, 1, 1, 1, 1, 1, 1, 1, 1, 1, 1, 1, 1, 1, 1, 1, 1, 1, 1, 1, 1, 1], [1, 1, 1, 1, 1, 1, 1, 1, 1, 1, 1, 1, 1, 1, 1, 1, 1, 1, 1, 1, 1, 1, 1, 1, 1, 1, 1, 1, 1, 1, 1, 1, 1, 1, 1, 1, 1, 1, 1, 1, 1, 1, 1, 1, 1, 1, 1, 1, 1, 1]]

means=tensor([4.8683e-05, 0.0000e+00, 0.0000e+00, 0.0000e+00, 1.1930e-04, 1.1140e-04,
        8.9791e-05, 1.1117e-05, 0.0000e+00, 0.0000e+00, 0.0000e+00, 5.7878e-04,
        1.4121e-04, 1.7101e-04, 6.8818e-06, 6.7860e-05, 4.6968e-05, 1.6037e-04,
        5.9038e-05, 2.5652e-05, 8.5084e-05, 1.1372e-04, 9.6469e-05, 2.6363e-05,
        1.2499e-04, 5.1394e-05, 5.7207e-05, 4.1550e-07, 1.0425e-04, 1.0151e-05,
        1.3636e-05, 5.0707e-05, 2.7926e-05, 1.4384e-04, 3.1056e-05, 3.3251e-06,
        2.3859e-05, 2.2094e-05, 1.0506e-04, 7.4587e-05, 6.5015e-05, 4.4747e-05,
        1.2917e-04, 5.0146e-05, 5.8743e-06, 7.7287e-05, 1.9533e-05, 7.8184e-05,
        8.8935e-05, 4.1108e-05, 5.3990e-05, 7.3716e-05, 1.2800e-06, 3.1123e-05,
        5.4276e-05, 1.7895e-04, 8.4033e-05, 4.3951e-05, 1.3953e-04, 7.5378e-05,
        4.7257e-06, 7.8676e-05, 3.4290e-05, 4.8424e-05, 3.5604e-05, 9.1239e-05,
        8.7069e-05, 1.4075e-05, 3.3023e-05, 5.3104e-06, 5.0260e-05, 3.3501e-05,
        7.9687e-06, 1.9232e-05, 4.7464e-05, 4.6706e-05, 6.6517e-05, 3.3350e-05,
        8.9565e-05, 4.7159e-05, 2.9656e-05, 1.1450e-04, 2.6438e-05, 4.3470e-05,
        3.7733e-05, 2.3415e-05, 2.8935e-05, 3.1717e-05, 3.0505e-05, 1.6583e-05,
        4.1575e-06, 1.8494e-05, 9.5289e-06, 1.3357e-05, 2.9268e-05, 4.5111e-05,
        2.6298e-05, 2.4548e-06, 2.6658e-05, 1.7284e-05, 4.8945e-05, 5.2007e-05,
        5.3790e-05, 2.2703e-05, 5.1899e-05, 3.9895e-05, 5.5660e-05, 2.9973e-05,
        1.1564e-05, 1.0804e-04, 1.0346e-04, 1.3308e-04, 6.0084e-06],
       grad_fn=<CatBackward>)

mean_overall=tensor(5.5816e-05, grad_fn=<MeanBackward0>)

-----------------------------------------------ITERATION360-----------------------------------------------

final_causality=[[1, 1, 1, 1, 1, 1, 1, 1, 1, 1, 1, 1, 1], [1, 1, 1, 1, 1, 1, 1, 1, 1, 1, 1, 1, 1, 1, 1, 1, 1, 1, 1, 1, 1, 1, 1, 1, 1, 1, 1, 1, 1, 1, 1, 1, 1, 1, 1, 1, 1, 1, 1, 1, 1, 1, 1, 1, 1, 1, 1, 1, 1, 1], [1, 1, 1, 1, 1, 1, 1, 1, 1, 1, 1, 1, 1, 1, 1, 1, 1, 1, 1, 1, 1, 1, 1, 1, 1, 1, 1, 1, 1, 1, 1, 1, 1, 1, 1, 1, 1, 1, 1, 1, 1, 1, 1, 1, 1, 1, 1, 1, 1, 1]]

means=tensor([3.3485e-05, 0.0000e+00, 0.0000e+00, 0.0000e+00, 1.2132e-04, 1.1294e-04,
        8.9169e-05, 1.1075e-05, 0.0000e+00, 0.0000e+00, 0.0000e+00, 5.8050e-04,
        1.5014e-04, 1.7062e-04, 7.0362e-06, 6.8336e-05, 4.7221e-05, 1.5965e-04,
        5.8888e-05, 2.5922e-05, 8.5958e-05, 1.1387e-04, 9.6976e-05, 2.6307e-05,
        1.2493e-04, 5.2182e-05, 5.7508e-05, 3.0775e-07, 1.0397e-04, 1.0154e-05,
        1.3604e-05, 5.1007e-05, 2.7702e-05, 1.4362e-04, 3.1543e-05, 3.1921e-06,
        2.4114e-05, 2.2184e-05, 1.0558e-04, 7.5064e-05, 6.5528e-05, 4.5156e-05,
        1.2932e-04, 5.0541e-05, 5.9015e-06, 7.7870e-05, 1.9443e-05, 7.8585e-05,
        8.9215e-05, 4.1509e-05, 5.4084e-05, 7.3587e-05, 1.3073e-06, 3.1266e-05,
        5.4193e-05, 1.7891e-04, 8.3948e-05, 4.4260e-05, 1.3943e-04, 7.5430e-05,
        4.7125e-06, 7.8570e-05, 3.3963e-05, 4.8861e-05, 3.5585e-05, 9.1338e-05,
        8.6749e-05, 1.4169e-05, 3.3692e-05, 5.3056e-06, 5.0241e-05, 3.3438e-05,
        7.9997e-06, 1.9434e-05, 4.8229e-05, 4.6760e-05, 6.6912e-05, 3.3352e-05,
        8.9981e-05, 4.7465e-05, 2.9615e-05, 1.1427e-04, 2.6638e-05, 4.3737e-05,
        3.7622e-05, 2.3410e-05, 2.9314e-05, 3.1756e-05, 3.0212e-05, 1.6356e-05,
        4.1671e-06, 1.8641e-05, 9.5240e-06, 1.3270e-05, 2.9243e-05, 4.5461e-05,
        2.6255e-05, 2.4648e-06, 2.6435e-05, 1.7308e-05, 4.8970e-05, 5.1700e-05,
        5.3979e-05, 2.2563e-05, 5.1940e-05, 3.9559e-05, 5.6149e-05, 2.9831e-05,
        1.1628e-05, 1.0927e-04, 1.0320e-04, 1.3300e-04, 6.0327e-06],
       grad_fn=<CatBackward>)

mean_overall=tensor(5.5892e-05, grad_fn=<MeanBackward0>)

-----------------------------------------------ITERATION370-----------------------------------------------

final_causality=[[1, 1, 1, 1, 1, 1, 1, 1, 1, 1, 1, 1, 1], [1, 1, 1, 1, 1, 1, 1, 1, 1, 1, 1, 1, 1, 1, 1, 1, 1, 1, 1, 1, 1, 1, 1, 1, 1, 1, 1, 1, 1, 1, 1, 1, 1, 1, 1, 1, 1, 1, 1, 1, 1, 1, 1, 1, 1, 1, 1, 1, 1, 1], [1, 1, 1, 1, 1, 1, 1, 1, 1, 1, 1, 1, 1, 1, 1, 1, 1, 1, 1, 1, 1, 1, 1, 1, 1, 1, 1, 1, 1, 1, 1, 1, 1, 1, 1, 1, 1, 1, 1, 1, 1, 1, 1, 1, 1, 1, 1, 1, 1, 1]]

means=tensor([1.8053e-05, 0.0000e+00, 0.0000e+00, 0.0000e+00, 1.2338e-04, 1.1450e-04,
        8.8538e-05, 1.1030e-05, 0.0000e+00, 0.0000e+00, 0.0000e+00, 5.8226e-04,
        1.5923e-04, 1.7024e-04, 7.1939e-06, 6.8821e-05, 4.7480e-05, 1.5892e-04,
        5.8736e-05, 2.6197e-05, 8.6854e-05, 1.1403e-04, 9.7492e-05, 2.6251e-05,
        1.2487e-04, 5.2993e-05, 5.7814e-05, 1.9779e-07, 1.0369e-04, 1.0156e-05,
        1.3572e-05, 5.1312e-05, 2.7475e-05, 1.4341e-04, 3.2039e-05, 3.0576e-06,
        2.4373e-05, 2.2277e-05, 1.0611e-04, 7.5548e-05, 6.6051e-05, 4.5574e-05,
        1.2948e-04, 5.0944e-05, 5.9289e-06, 7.8467e-05, 1.9354e-05, 7.8994e-05,
        8.9503e-05, 4.1919e-05, 5.4188e-05, 7.3599e-05, 1.3343e-06, 3.1410e-05,
        5.4147e-05, 1.7888e-04, 8.3861e-05, 4.4576e-05, 1.3933e-04, 7.5482e-05,
        4.6995e-06, 7.8463e-05, 3.3635e-05, 4.9304e-05, 3.5657e-05, 9.1439e-05,
        8.6423e-05, 1.4265e-05, 3.4371e-05, 5.3008e-06, 5.0221e-05, 3.3374e-05,
        8.0312e-06, 1.9640e-05, 4.9006e-05, 4.6814e-05, 6.7313e-05, 3.3354e-05,
        9.0404e-05, 4.7777e-05, 2.9607e-05, 1.1403e-04, 2.6842e-05, 4.4009e-05,
        3.7509e-05, 2.3405e-05, 2.9698e-05, 3.1797e-05, 2.9916e-05, 1.6123e-05,
        4.1768e-06, 1.8790e-05, 9.5191e-06, 1.3181e-05, 2.9217e-05, 4.5816e-05,
        2.6211e-05, 2.4749e-06, 2.6209e-05, 1.7332e-05, 4.8994e-05, 5.1389e-05,
        5.4171e-05, 2.2422e-05, 5.1979e-05, 3.9219e-05, 5.6645e-05, 2.9688e-05,
        1.1693e-05, 1.1051e-04, 1.0296e-04, 1.3292e-04, 6.0569e-06],
       grad_fn=<CatBackward>)

mean_overall=tensor(5.5975e-05, grad_fn=<MeanBackward0>)

-----------------------------------------------ITERATION380-----------------------------------------------

final_causality=[[1, 1, 1, 1, 1, 1, 1, 1, 1, 1, 1, 1, 1], [1, 1, 1, 1, 1, 1, 1, 1, 1, 1, 1, 1, 1, 1, 1, 1, 1, 1, 1, 1, 1, 1, 1, 1, 1, 1, 1, 1, 1, 1, 1, 1, 1, 1, 1, 1, 1, 1, 1, 1, 1, 1, 1, 1, 1, 1, 1, 1, 1, 1], [1, 1, 1, 1, 1, 1, 1, 1, 1, 1, 1, 1, 1, 1, 1, 1, 1, 1, 1, 1, 1, 1, 1, 1, 1, 1, 1, 1, 1, 1, 1, 1, 1, 1, 1, 1, 1, 1, 1, 1, 1, 1, 1, 1, 1, 1, 1, 1, 1, 1]]

means=tensor([2.3861e-06, 0.0000e+00, 0.0000e+00, 0.0000e+00, 1.2549e-04, 1.1609e-04,
        8.7897e-05, 1.0984e-05, 0.0000e+00, 0.0000e+00, 0.0000e+00, 5.8403e-04,
        1.6847e-04, 1.6984e-04, 7.3548e-06, 6.9316e-05, 4.7743e-05, 1.5818e-04,
        5.8582e-05, 2.6479e-05, 8.7771e-05, 1.1419e-04, 9.8019e-05, 2.6194e-05,
        1.2482e-04, 5.3828e-05, 5.8125e-05, 8.5634e-08, 1.0340e-04, 1.0160e-05,
        1.3540e-05, 5.1625e-05, 2.7246e-05, 1.4319e-04, 3.2544e-05, 2.9215e-06,
        2.4636e-05, 2.2373e-05, 1.0665e-04, 7.6040e-05, 6.6583e-05, 4.6004e-05,
        1.2964e-04, 5.1354e-05, 5.9563e-06, 7.9076e-05, 1.9264e-05, 7.9408e-05,
        8.9797e-05, 4.2337e-05, 5.4298e-05, 7.3612e-05, 1.3609e-06, 3.1557e-05,
        5.4103e-05, 1.7885e-04, 8.3773e-05, 4.4901e-05, 1.3923e-04, 7.5535e-05,
        4.6867e-06, 7.8354e-05, 3.3308e-05, 4.9754e-05, 3.5730e-05, 9.1543e-05,
        8.6093e-05, 1.4362e-05, 3.5060e-05, 5.2961e-06, 5.0202e-05, 3.3309e-05,
        8.0632e-06, 1.9848e-05, 4.9794e-05, 4.6868e-05, 6.7721e-05, 3.3357e-05,
        9.0833e-05, 4.8096e-05, 2.9635e-05, 1.1380e-04, 2.7048e-05, 4.4285e-05,
        3.7395e-05, 2.3399e-05, 3.0088e-05, 3.1838e-05, 2.9617e-05, 1.6009e-05,
        4.1866e-06, 1.8942e-05, 9.5141e-06, 1.3091e-05, 2.9192e-05, 4.6176e-05,
        2.6166e-05, 2.4852e-06, 2.5980e-05, 1.7356e-05, 4.9018e-05, 5.1073e-05,
        5.4365e-05, 2.2278e-05, 5.2019e-05, 3.8873e-05, 5.7149e-05, 2.9542e-05,
        1.1760e-05, 1.1177e-04, 1.0271e-04, 1.3283e-04, 6.0811e-06],
       grad_fn=<CatBackward>)

mean_overall=tensor(5.6060e-05, grad_fn=<MeanBackward0>)

-----------------------------------------------ITERATION390-----------------------------------------------

final_causality=[[1, 1, 1, 1, 1, 1, 1, 1, 1, 1, 1, 1, 1], [1, 1, 1, 1, 1, 1, 1, 1, 1, 1, 1, 1, 1, 1, 1, 1, 1, 1, 1, 1, 1, 1, 1, 1, 1, 1, 1, 1, 1, 1, 1, 1, 1, 1, 1, 1, 1, 1, 1, 1, 1, 1, 1, 1, 1, 1, 1, 1, 1, 1], [1, 1, 1, 1, 1, 1, 1, 1, 1, 1, 1, 1, 1, 1, 1, 1, 1, 1, 1, 1, 1, 1, 1, 1, 1, 1, 1, 1, 1, 1, 1, 1, 1, 1, 1, 1, 1, 1, 1, 1, 1, 1, 1, 1, 1, 1, 1, 1, 1, 1]]

means=tensor([3.5607e-06, 0.0000e+00, 0.0000e+00, 0.0000e+00, 1.2763e-04, 1.1770e-04,
        8.7247e-05, 1.0935e-05, 0.0000e+00, 0.0000e+00, 0.0000e+00, 5.8583e-04,
        1.7788e-04, 1.6945e-04, 7.5190e-06, 6.9820e-05, 4.8010e-05, 1.5744e-04,
        5.8426e-05, 2.6767e-05, 8.8709e-05, 1.1436e-04, 9.8555e-05, 2.6138e-05,
        1.2476e-04, 5.4686e-05, 5.8442e-05, 2.8746e-08, 1.0312e-04, 1.0164e-05,
        1.3507e-05, 5.1946e-05, 2.7015e-05, 1.4297e-04, 3.3057e-05, 2.7840e-06,
        2.4903e-05, 2.2472e-05, 1.0721e-04, 7.6539e-05, 6.7125e-05, 4.6444e-05,
        1.2981e-04, 5.1772e-05, 5.9838e-06, 7.9700e-05, 1.9173e-05, 7.9830e-05,
        9.0098e-05, 4.2765e-05, 5.4413e-05, 7.3626e-05, 1.3872e-06, 3.1706e-05,
        5.4061e-05, 1.7882e-04, 8.3684e-05, 4.5233e-05, 1.3913e-04, 7.5589e-05,
        4.6743e-06, 7.8244e-05, 3.2989e-05, 5.0210e-05, 3.5805e-05, 9.1649e-05,
        8.5757e-05, 1.4460e-05, 3.5759e-05, 5.2914e-06, 5.0182e-05, 3.3242e-05,
        8.0957e-06, 2.0060e-05, 5.0595e-05, 4.6972e-05, 6.8136e-05, 3.3359e-05,
        9.1267e-05, 4.8421e-05, 2.9664e-05, 1.1355e-04, 2.7258e-05, 4.4615e-05,
        3.7280e-05, 2.3393e-05, 3.0485e-05, 3.1880e-05, 2.9314e-05, 1.5917e-05,
        4.1966e-06, 1.9097e-05, 9.5091e-06, 1.2999e-05, 2.9167e-05, 4.6659e-05,
        2.6120e-05, 2.4956e-06, 2.5746e-05, 1.7381e-05, 4.9042e-05, 5.0753e-05,
        5.4563e-05, 2.2133e-05, 5.2057e-05, 3.8580e-05, 5.7662e-05, 2.9394e-05,
        1.1827e-05, 1.1305e-04, 1.0246e-04, 1.3274e-04, 6.1052e-06],
       grad_fn=<CatBackward>)

mean_overall=tensor(5.6303e-05, grad_fn=<MeanBackward0>)

-----------------------------------------------ITERATION400-----------------------------------------------

final_causality=[[1, 1, 1, 1, 1, 1, 1, 1, 1, 1, 1, 1, 1], [1, 1, 1, 1, 1, 1, 1, 1, 1, 1, 1, 1, 1, 1, 1, 1, 1, 1, 1, 1, 1, 1, 1, 1, 1, 1, 1, 1, 1, 1, 1, 1, 1, 1, 1, 1, 1, 1, 1, 1, 1, 1, 1, 1, 1, 1, 1, 1, 1, 1], [1, 1, 1, 1, 1, 1, 1, 1, 1, 1, 1, 1, 1, 1, 1, 1, 1, 1, 1, 1, 1, 1, 1, 1, 1, 1, 1, 1, 1, 1, 1, 1, 1, 1, 1, 1, 1, 1, 1, 1, 1, 1, 1, 1, 1, 1, 1, 1, 1, 1]]

means=tensor([2.0202e-05, 0.0000e+00, 0.0000e+00, 0.0000e+00, 1.2983e-04, 1.1935e-04,
        8.6586e-05, 1.0884e-05, 0.0000e+00, 0.0000e+00, 0.0000e+00, 5.8766e-04,
        1.8746e-04, 1.6904e-04, 7.6866e-06, 7.0335e-05, 4.8283e-05, 1.5669e-04,
        5.8267e-05, 2.7061e-05, 8.9671e-05, 1.1453e-04, 9.9102e-05, 2.6081e-05,
        1.2470e-04, 5.5570e-05, 5.8765e-05, 2.4808e-09, 1.0282e-04, 1.0169e-05,
        1.3474e-05, 5.2274e-05, 2.6782e-05, 1.4274e-04, 3.3580e-05, 2.6453e-06,
        2.5175e-05, 2.2573e-05, 1.0778e-04, 7.7048e-05, 6.7679e-05, 4.6896e-05,
        1.2998e-04, 5.2199e-05, 6.0109e-06, 8.0338e-05, 1.9082e-05, 8.0259e-05,
        9.0407e-05, 4.3202e-05, 5.4533e-05, 7.3641e-05, 1.4136e-06, 3.1859e-05,
        5.4021e-05, 1.7879e-04, 8.3594e-05, 4.5574e-05, 1.3903e-04, 7.5644e-05,
        4.6621e-06, 7.8134e-05, 3.2877e-05, 5.0674e-05, 3.5882e-05, 9.1758e-05,
        8.5416e-05, 1.4560e-05, 3.6469e-05, 5.2866e-06, 5.0161e-05, 3.3174e-05,
        8.1287e-06, 2.0275e-05, 5.1408e-05, 4.7242e-05, 6.8558e-05, 3.3360e-05,
        9.1708e-05, 4.8752e-05, 2.9694e-05, 1.1330e-04, 2.7472e-05, 4.5009e-05,
        3.7162e-05, 2.3387e-05, 3.0887e-05, 3.1923e-05, 2.9008e-05, 1.5824e-05,
        4.2067e-06, 1.9254e-05, 9.5041e-06, 1.2905e-05, 2.9141e-05, 4.7171e-05,
        2.6073e-05, 2.5062e-06, 2.5509e-05, 1.7407e-05, 4.9067e-05, 5.0428e-05,
        5.4763e-05, 2.1984e-05, 5.2095e-05, 3.8300e-05, 5.8183e-05, 2.9244e-05,
        1.1897e-05, 1.1434e-04, 1.0221e-04, 1.3265e-04, 6.1293e-06],
       grad_fn=<CatBackward>)

mean_overall=tensor(5.6691e-05, grad_fn=<MeanBackward0>)

-----------------------------------------------ITERATION410-----------------------------------------------

final_causality=[[1, 1, 1, 1, 1, 1, 1, 1, 1, 1, 1, 1, 1], [1, 1, 1, 1, 1, 1, 1, 1, 1, 1, 1, 1, 1, 1, 1, 1, 1, 1, 1, 1, 1, 1, 1, 1, 1, 1, 1, 1, 1, 1, 1, 1, 1, 1, 1, 1, 1, 1, 1, 1, 1, 1, 1, 1, 1, 1, 1, 1, 1, 1], [1, 1, 1, 1, 1, 1, 1, 1, 1, 1, 1, 1, 1, 1, 1, 1, 1, 1, 1, 1, 1, 1, 1, 1, 1, 1, 1, 1, 1, 1, 1, 1, 1, 1, 1, 1, 1, 1, 1, 1, 1, 1, 1, 1, 1, 1, 1, 1, 1, 1]]

means=tensor([3.7104e-05, 0.0000e+00, 0.0000e+00, 0.0000e+00, 1.3206e-04, 1.2103e-04,
        8.5916e-05, 1.0830e-05, 0.0000e+00, 0.0000e+00, 0.0000e+00, 5.8951e-04,
        1.9719e-04, 1.6863e-04, 7.8576e-06, 7.0861e-05, 4.8561e-05, 1.5593e-04,
        5.8107e-05, 2.7362e-05, 9.0656e-05, 1.1470e-04, 9.9660e-05, 2.6024e-05,
        1.2464e-04, 5.6480e-05, 5.9095e-05, 4.8071e-08, 1.0253e-04, 1.0175e-05,
        1.3441e-05, 5.2609e-05, 2.6547e-05, 1.4252e-04, 3.4111e-05, 2.5053e-06,
        2.5452e-05, 2.2693e-05, 1.0836e-04, 7.7565e-05, 6.8243e-05, 4.7361e-05,
        1.3015e-04, 5.2755e-05, 6.0379e-06, 8.0992e-05, 1.8990e-05, 8.0695e-05,
        9.0723e-05, 4.3649e-05, 5.4659e-05, 7.3656e-05, 1.4398e-06, 3.2013e-05,
        5.3982e-05, 1.7876e-04, 8.3502e-05, 4.5923e-05, 1.3892e-04, 7.5701e-05,
        4.6503e-06, 7.8022e-05, 3.2765e-05, 5.1145e-05, 3.5960e-05, 9.1869e-05,
        8.5069e-05, 1.4662e-05, 3.7190e-05, 5.2820e-06, 5.0140e-05, 3.3105e-05,
        8.1623e-06, 2.0494e-05, 5.2234e-05, 4.7515e-05, 6.8988e-05, 3.3362e-05,
        9.2155e-05, 4.9091e-05, 2.9724e-05, 1.1305e-04, 2.7689e-05, 4.5409e-05,
        3.7043e-05, 2.3381e-05, 3.1296e-05, 3.1967e-05, 2.8697e-05, 1.5729e-05,
        4.2169e-06, 1.9414e-05, 9.4990e-06, 1.2809e-05, 2.9115e-05, 4.7691e-05,
        2.6024e-05, 2.5170e-06, 2.5267e-05, 1.7433e-05, 4.9110e-05, 5.0098e-05,
        5.4967e-05, 2.1833e-05, 5.2132e-05, 3.8016e-05, 5.8713e-05, 2.9092e-05,
        1.1968e-05, 1.1565e-04, 1.0263e-04, 1.3256e-04, 6.1532e-06],
       grad_fn=<CatBackward>)

mean_overall=tensor(5.7094e-05, grad_fn=<MeanBackward0>)

-----------------------------------------------ITERATION420-----------------------------------------------

final_causality=[[1, 1, 1, 1, 1, 1, 1, 1, 1, 1, 1, 1, 1], [1, 1, 1, 1, 1, 1, 1, 1, 1, 1, 1, 1, 1, 1, 1, 1, 1, 1, 1, 1, 1, 1, 1, 1, 1, 1, 1, 1, 1, 1, 1, 1, 1, 1, 1, 1, 1, 1, 1, 1, 1, 1, 1, 1, 1, 1, 1, 1, 1, 1], [1, 1, 1, 1, 1, 1, 1, 1, 1, 1, 1, 1, 1, 1, 1, 1, 1, 1, 1, 1, 1, 1, 1, 1, 1, 1, 1, 1, 1, 1, 1, 1, 1, 1, 1, 1, 1, 1, 1, 1, 1, 1, 1, 1, 1, 1, 1, 1, 1, 1]]

means=tensor([5.4250e-05, 0.0000e+00, 0.0000e+00, 0.0000e+00, 1.3434e-04, 1.2273e-04,
        8.5236e-05, 1.0774e-05, 0.0000e+00, 0.0000e+00, 0.0000e+00, 5.9139e-04,
        2.0709e-04, 1.6822e-04, 8.0319e-06, 7.1396e-05, 4.8843e-05, 1.5517e-04,
        5.7944e-05, 2.7669e-05, 9.1663e-05, 1.1488e-04, 1.0023e-04, 2.5967e-05,
        1.2458e-04, 5.7415e-05, 5.9429e-05, 6.8216e-08, 1.0222e-04, 1.0182e-05,
        1.3407e-05, 5.2952e-05, 2.6309e-05, 1.4229e-04, 3.4652e-05, 2.3639e-06,
        2.5733e-05, 2.2842e-05, 1.0895e-04, 7.8089e-05, 6.8817e-05, 4.7837e-05,
        1.3033e-04, 5.3328e-05, 6.0649e-06, 8.1660e-05, 1.8898e-05, 8.1138e-05,
        9.1046e-05, 4.4106e-05, 5.4790e-05, 7.3753e-05, 1.4656e-06, 3.2171e-05,
        5.3946e-05, 1.7874e-04, 8.3410e-05, 4.6280e-05, 1.3881e-04, 7.5758e-05,
        4.6388e-06, 7.7910e-05, 3.2655e-05, 5.1622e-05, 3.6040e-05, 9.1983e-05,
        8.4717e-05, 1.4764e-05, 3.7921e-05, 5.2784e-06, 5.0119e-05, 3.3034e-05,
        8.1963e-06, 2.0716e-05, 5.3071e-05, 4.7791e-05, 6.9424e-05, 3.3363e-05,
        9.2608e-05, 4.9435e-05, 2.9756e-05, 1.1279e-04, 2.7910e-05, 4.5815e-05,
        3.6923e-05, 2.3374e-05, 3.1711e-05, 3.2012e-05, 2.8384e-05, 1.5633e-05,
        4.2273e-06, 1.9578e-05, 9.4940e-06, 1.2711e-05, 2.9090e-05, 4.8218e-05,
        2.5975e-05, 2.5280e-06, 2.5022e-05, 1.7460e-05, 4.9163e-05, 4.9764e-05,
        5.5174e-05, 2.1680e-05, 5.2169e-05, 3.7727e-05, 5.9252e-05, 2.8938e-05,
        1.2040e-05, 1.1697e-04, 1.0313e-04, 1.3247e-04, 6.1769e-06],
       grad_fn=<CatBackward>)

mean_overall=tensor(5.7506e-05, grad_fn=<MeanBackward0>)

-----------------------------------------------ITERATION430-----------------------------------------------

final_causality=[[1, 1, 1, 1, 1, 1, 1, 1, 1, 1, 1, 1, 1], [1, 1, 1, 1, 1, 1, 1, 1, 1, 1, 1, 1, 1, 1, 1, 1, 1, 1, 1, 1, 1, 1, 1, 1, 1, 1, 1, 1, 1, 1, 1, 1, 1, 1, 1, 1, 1, 1, 1, 1, 1, 1, 1, 1, 1, 1, 1, 1, 1, 1], [1, 1, 1, 1, 1, 1, 1, 1, 1, 1, 1, 1, 1, 1, 1, 1, 1, 1, 1, 1, 1, 1, 1, 1, 1, 1, 1, 1, 1, 1, 1, 1, 1, 1, 1, 1, 1, 1, 1, 1, 1, 1, 1, 1, 1, 1, 1, 1, 1, 1]]

means=tensor([7.1634e-05, 0.0000e+00, 0.0000e+00, 0.0000e+00, 1.3666e-04, 1.2447e-04,
        8.4546e-05, 1.0716e-05, 0.0000e+00, 0.0000e+00, 0.0000e+00, 5.9329e-04,
        2.1715e-04, 1.6780e-04, 8.2097e-06, 7.1941e-05, 4.9131e-05, 1.5440e-04,
        5.7779e-05, 2.7982e-05, 9.2693e-05, 1.1534e-04, 1.0081e-04, 2.5910e-05,
        1.2452e-04, 5.8376e-05, 5.9770e-05, 1.8692e-07, 1.0192e-04, 1.0190e-05,
        1.3374e-05, 5.3302e-05, 2.6071e-05, 1.4206e-04, 3.5201e-05, 2.2212e-06,
        2.6044e-05, 2.2995e-05, 1.0956e-04, 7.8621e-05, 6.9401e-05, 4.8325e-05,
        1.3051e-04, 5.3913e-05, 6.0919e-06, 8.2342e-05, 1.8806e-05, 8.1587e-05,
        9.1376e-05, 4.4572e-05, 5.4928e-05, 7.3945e-05, 1.4909e-06, 3.2330e-05,
        5.3912e-05, 1.7871e-04, 8.3316e-05, 4.6646e-05, 1.3871e-04, 7.5816e-05,
        4.6276e-06, 7.7796e-05, 3.2547e-05, 5.2106e-05, 3.6121e-05, 9.2099e-05,
        8.4361e-05, 1.4869e-05, 3.8661e-05, 5.2837e-06, 5.0097e-05, 3.2962e-05,
        8.2309e-06, 2.0941e-05, 5.3920e-05, 4.8124e-05, 6.9867e-05, 3.3365e-05,
        9.3067e-05, 4.9786e-05, 2.9789e-05, 1.1253e-04, 2.8134e-05, 4.6226e-05,
        3.6801e-05, 2.3367e-05, 3.2131e-05, 3.2057e-05, 2.8067e-05, 1.5535e-05,
        4.2378e-06, 1.9747e-05, 9.4890e-06, 1.2611e-05, 2.9064e-05, 4.8752e-05,
        2.5925e-05, 2.5392e-06, 2.4773e-05, 1.7488e-05, 4.9216e-05, 4.9426e-05,
        5.5435e-05, 2.1525e-05, 5.2205e-05, 3.7574e-05, 5.9798e-05, 2.8782e-05,
        1.2114e-05, 1.1831e-04, 1.0364e-04, 1.3237e-04, 6.2004e-06],
       grad_fn=<CatBackward>)

mean_overall=tensor(5.7932e-05, grad_fn=<MeanBackward0>)

-----------------------------------------------ITERATION440-----------------------------------------------

final_causality=[[1, 1, 1, 1, 1, 1, 1, 1, 1, 1, 1, 1, 1], [1, 1, 1, 1, 1, 1, 1, 1, 1, 1, 1, 1, 1, 1, 1, 1, 1, 1, 1, 1, 1, 1, 1, 1, 1, 1, 1, 1, 1, 1, 1, 1, 1, 1, 1, 1, 1, 1, 1, 1, 1, 1, 1, 1, 1, 1, 1, 1, 1, 1], [1, 1, 1, 1, 1, 1, 1, 1, 1, 1, 1, 1, 1, 1, 1, 1, 1, 1, 1, 1, 1, 1, 1, 1, 1, 1, 1, 1, 1, 1, 1, 1, 1, 1, 1, 1, 1, 1, 1, 1, 1, 1, 1, 1, 1, 1, 1, 1, 1, 1]]

means=tensor([8.9255e-05, 0.0000e+00, 0.0000e+00, 0.0000e+00, 1.3903e-04, 1.2623e-04,
        8.3846e-05, 1.0655e-05, 0.0000e+00, 0.0000e+00, 0.0000e+00, 5.9522e-04,
        2.2738e-04, 1.6738e-04, 8.3908e-06, 7.2496e-05, 4.9424e-05, 1.5362e-04,
        5.7613e-05, 2.8301e-05, 9.3747e-05, 1.1585e-04, 1.0139e-04, 2.5852e-05,
        1.2446e-04, 5.9365e-05, 6.0115e-05, 3.0792e-07, 1.0161e-04, 1.0198e-05,
        1.3340e-05, 5.3660e-05, 2.5830e-05, 1.4183e-04, 3.5759e-05, 2.0773e-06,
        2.6451e-05, 2.3151e-05, 1.1018e-04, 7.9262e-05, 6.9996e-05, 4.8825e-05,
        1.3069e-04, 5.4508e-05, 6.1188e-06, 8.3039e-05, 1.8731e-05, 8.2042e-05,
        9.1713e-05, 4.5047e-05, 5.5073e-05, 7.4141e-05, 1.5156e-06, 3.2492e-05,
        5.3881e-05, 1.7869e-04, 8.3222e-05, 4.7021e-05, 1.3860e-04, 7.5875e-05,
        4.6169e-06, 7.7681e-05, 3.2440e-05, 5.2597e-05, 3.6205e-05, 9.2218e-05,
        8.4000e-05, 1.4975e-05, 3.9412e-05, 5.2893e-06, 5.0075e-05, 3.2890e-05,
        8.2659e-06, 2.1170e-05, 5.4781e-05, 4.8464e-05, 7.0317e-05, 3.3366e-05,
        9.3531e-05, 5.0144e-05, 2.9870e-05, 1.1226e-04, 2.8361e-05, 4.6644e-05,
        3.6677e-05, 2.3359e-05, 3.2557e-05, 3.2104e-05, 2.7748e-05, 1.5435e-05,
        4.2484e-06, 1.9918e-05, 9.4840e-06, 1.2510e-05, 2.9054e-05, 4.9293e-05,
        2.5874e-05, 2.5505e-06, 2.4521e-05, 1.7516e-05, 4.9269e-05, 4.9083e-05,
        5.5710e-05, 2.1367e-05, 5.2239e-05, 3.7453e-05, 6.0353e-05, 2.8624e-05,
        1.2190e-05, 1.1966e-04, 1.0415e-04, 1.3227e-04, 6.2236e-06],
       grad_fn=<CatBackward>)

mean_overall=tensor(5.8367e-05, grad_fn=<MeanBackward0>)

