loss_training=[0.21572752387832955, 0.058088616133573794, 0.012263495793010318, 0.015068515484345412, 0.013927164758037604, 0.01151541874251919, 0.011695362318903706, 0.0115451057112749, 0.011455471394408133, 0.011459397848922017, 0.011434510857203506, 0.01142656150425853, 0.0114149436735308, 0.011404492706576378, 0.011393402092868536, 0.011381955920675032, 0.011370060981595972, 0.011357722071490635, 0.01134492986817655, 0.011329737643431651, 0.011311403705234865, 0.01129153263726187, 0.011270777760207566, 0.01124932813788873, 0.01122710180944705, 0.011204229444197354, 0.011180526728276565, 0.011156009471397024, 0.011130835830751402, 0.011104954735539055, 0.011078353119375068, 0.011050988597305378, 0.011022896401291274, 0.010994049042159414, 0.010964421791409381, 0.010933828456600292, 0.01090232539280739, 0.010869835015147433, 0.01083632429024084, 0.010801905350117076, 0.010766522276821658, 0.010730142024733923, 0.0106926242544368, 0.010653967522650878, 0.01061425590649843]

test_loss_training=[0.4955487764179073, 0.23432161977674051, 0.10743519036151661, 0.07315473551014677, 0.07964648783935181, 0.0986103278921314, 0.10779773968789672, 0.10380986886616242, 0.09842436206416574, 0.09774454522787504, 0.09941794072783769, 0.10000657473018548, 0.09936415826094921, 0.09888129258230731, 0.09888845559389949, 0.09888894415672252, 0.09869721080774535, 0.09849325944355873, 0.0983538825137481, 0.09821063257004617, 0.09802713624174256, 0.09782438486753621, 0.09762347902202373, 0.0974186805438423, 0.09720478983648512, 0.09698549877265353, 0.0967619913797249, 0.09653255552941295, 0.09629711806990221, 0.09605616928680419, 0.0958093589927629, 0.09555641898516692, 0.09529734574391967, 0.09503197952688976, 0.094756485564213, 0.09447118195923948, 0.0941827140778001, 0.09388415420649503, 0.09357783709309574, 0.093264979191358, 0.09294382032446634, 0.09261450602254148, 0.09227708483746686, 0.09193093108956638, 0.0915758917833169]

loss_control_training_MSE=[0.19471880524788085, 0.049520568766619213, 0.012118186295287743, 0.015831048510389738, 0.013988912306724596, 0.01191992786951147, 0.012141749289731914, 0.011960993523856602, 0.011899326802782374, 0.011899761631863136, 0.011877290813536816, 0.011870708274469104, 0.01186086753517655, 0.01185238026500571, 0.0118430486954616, 0.011833545642150915, 0.011823773272029658, 0.01181369569982804, 0.011803263566190316, 0.011791830926255934, 0.011778781137867685, 0.011764855127240818, 0.01175040432804229, 0.01173555682246823, 0.011720357526786488, 0.011704817904433085, 0.011688939125888415, 0.011672719006169474, 0.011656152563711407, 0.01163923327574444, 0.01162195388046789, 0.011604306191906803, 0.011586281188018107, 0.011567869236383137, 0.011549042034612586, 0.011529757140760398, 0.011510036176436462, 0.01148987936070883, 0.01146927569603139, 0.011448211941453361, 0.011426675216610248, 0.01140465074703274, 0.011382123137067808, 0.01135907652429244, 0.011335494183927658]

variances=[1.1556768400348748e-09, 1.1319374912973252e-09, 1.3556867504561946e-09, 1.5388132593103568e-09, 1.502770250618459e-09, 1.4064247294188884e-09, 1.3706237262731415e-09, 1.390088481459378e-09, 1.4235196745467767e-09, 1.4439234079657108e-09, 1.457587507406217e-09, 1.4795356288182575e-09, 1.5122313207499808e-09, 1.55057887715071e-09, 1.593010264755855e-09, 1.641866737258767e-09, 1.6988628751279633e-09, 1.7637939159884868e-09, 1.8368039182828671e-09, 1.905836392722073e-09, 1.9777116622889297e-09, 2.064173358767165e-09, 2.1675051117915723e-09, 2.2891751315319234e-09, 2.42994417633472e-09, 2.5906853560572137e-09, 2.7731001322332816e-09, 2.9780945318797205e-09, 3.2066430021373745e-09, 3.4605775279300533e-09, 3.740847208290483e-09, 4.04872775303952e-09, 4.385932243214046e-09, 4.754043669937608e-09, 5.155431545764314e-09, 5.592299795279989e-09, 6.066161304837975e-09, 6.579363248335897e-09, 7.134362684781427e-09, 7.733538399259516e-09, 8.379494667956359e-09, 9.075150303698267e-09, 9.823143907738166e-09, 1.0626918131015655e-08, 1.1490380734315695e-08]

ACE_values=[3.9220589147151014e-05, 4.040691215057007e-05, 4.316215664588012e-05, 4.486843617257031e-05, 4.469480476580929e-05, 4.390825473319921e-05, 4.358612969700494e-05, 4.3805282114227756e-05, 4.413885826453968e-05, 4.430961490269415e-05, 4.4381382748209646e-05, 4.4499587641302835e-05, 4.468395509401482e-05, 4.48762581681287e-05, 4.505971382300557e-05, 4.525483731712515e-05, 4.5470293965426495e-05, 4.569972204214665e-05, 4.593918135139408e-05, 4.6332133787753204e-05, 4.687311043746068e-05, 4.747419896548927e-05, 4.810907321000243e-05, 4.8772963411737824e-05, 4.947910244381278e-05, 5.0215767351564505e-05, 5.10015575973853e-05, 5.183470315689811e-05, 5.269891420183173e-05, 5.35986547630924e-05, 5.453451310250432e-05, 5.550991887444954e-05, 5.6520453613754646e-05, 5.756790895746535e-05, 5.865263519498067e-05, 5.978768829337847e-05, 6.097023927642553e-05, 6.220799045522075e-05, 6.350322718334456e-05, 6.484340240414862e-05, 6.623283055606556e-05, 6.767335575122165e-05, 6.917747274199664e-05, 7.074374921875435e-05, 7.236210999080737e-05]

-------------------------------CAUSAL NEURAL NET-------------------------------

loss_test_causal=tensor(0.0912, grad_fn=<MseLossBackward>)

