-----------------------------------------------ITERATION0-----------------------------------------------

final_causality=[[1, 1, 1, 1, 1, 1, 1, 1, 1, 1, 1, 1, 1], [1, 1, 1, 1, 1, 1, 1, 1, 1, 1, 1, 1, 1, 1, 1, 1, 1, 1, 1, 1, 1, 1, 1, 1, 1, 1, 1, 1, 1, 1, 1, 1, 1, 1, 1, 1, 1, 1, 1, 1, 1, 1, 1, 1, 1, 1, 1, 1, 1, 1], [1, 1, 1, 1, 1, 1, 1, 1, 1, 1, 1, 1, 1, 1, 1, 1, 1, 1, 1, 1, 1, 1, 1, 1, 1, 1, 1, 1, 1, 1, 1, 1, 1, 1, 1, 1, 1, 1, 1, 1, 1, 1, 1, 1, 1, 1, 1, 1, 1, 1]]

means=tensor([4.4856e-05, 0.0000e+00, 0.0000e+00, 0.0000e+00, 6.5992e-05, 3.8549e-05,
        3.5132e-05, 4.0293e-05, 0.0000e+00, 0.0000e+00, 0.0000e+00, 1.5404e-04,
        6.6317e-05, 5.7625e-05, 1.2723e-05, 2.1537e-05, 3.0169e-05, 4.0987e-05,
        1.9731e-06, 1.7664e-05, 6.2401e-05, 5.7135e-05, 2.9351e-05, 7.9286e-05,
        2.8961e-05, 4.2555e-05, 4.3545e-06, 2.9392e-05, 8.9904e-06, 2.1512e-05,
        2.3898e-05, 4.3514e-05, 9.0799e-06, 1.1604e-05, 8.1277e-06, 1.6781e-05,
        1.1038e-04, 2.1281e-05, 1.4864e-05, 4.8690e-05, 1.5216e-05, 2.0542e-05,
        1.7090e-06, 1.5433e-06, 8.2164e-06, 5.5414e-05, 1.3015e-05, 1.6131e-05,
        1.0717e-05, 6.7878e-06, 5.2147e-05, 7.7187e-07, 1.1985e-05, 5.7654e-06,
        5.2972e-05, 2.7224e-05, 6.8856e-05, 8.2355e-05, 3.4642e-06, 1.5118e-05,
        1.2140e-05, 3.1914e-05, 3.8639e-05, 2.0621e-05, 3.1226e-05, 4.0896e-05,
        2.4489e-06, 8.0313e-05, 9.1516e-05, 3.0119e-05, 3.2979e-06, 1.8492e-05,
        5.0634e-05, 4.4348e-05, 4.2995e-05, 5.6072e-06, 1.4034e-05, 9.0901e-06,
        1.7798e-06, 4.6053e-06, 5.4462e-06, 9.2258e-05, 4.4833e-05, 1.5053e-06,
        6.4018e-06, 1.8212e-05, 1.0903e-06, 7.1656e-06, 7.2575e-05, 1.8398e-05,
        1.1751e-05, 5.3841e-05, 6.8040e-05, 6.8828e-06, 2.3485e-05, 2.8486e-05,
        2.6031e-05, 1.3715e-05, 2.7867e-05, 4.0833e-05, 2.5073e-05, 2.5899e-05,
        4.9943e-05, 2.5748e-05, 5.5046e-06, 7.9857e-05, 2.7310e-05, 1.2699e-05,
        7.0694e-06, 1.0447e-05, 8.5679e-05, 1.3059e-05, 2.0935e-06],
       grad_fn=<CatBackward>)

mean_overall=tensor(2.9061e-05, grad_fn=<MeanBackward0>)

-----------------------------------------------ITERATION10-----------------------------------------------

final_causality=[[1, 1, 1, 1, 1, 1, 1, 1, 1, 1, 1, 1, 1], [1, 1, 1, 1, 1, 1, 1, 1, 1, 1, 1, 1, 1, 1, 1, 1, 1, 1, 1, 1, 1, 1, 1, 1, 1, 1, 1, 1, 1, 1, 1, 1, 1, 1, 1, 1, 1, 1, 1, 1, 1, 1, 1, 1, 1, 1, 1, 1, 1, 1], [1, 1, 1, 1, 1, 1, 1, 1, 1, 1, 1, 1, 1, 1, 1, 1, 1, 1, 1, 1, 1, 1, 1, 1, 1, 1, 1, 1, 1, 1, 1, 1, 1, 1, 1, 1, 1, 1, 1, 1, 1, 1, 1, 1, 1, 1, 1, 1, 1, 1]]

means=tensor([5.2019e-05, 0.0000e+00, 0.0000e+00, 0.0000e+00, 6.8445e-05, 5.1828e-05,
        9.0493e-05, 3.5228e-05, 0.0000e+00, 0.0000e+00, 0.0000e+00, 1.9190e-04,
        6.2527e-05, 6.6162e-05, 2.0179e-05, 1.1954e-05, 1.8060e-05, 2.9838e-05,
        1.4760e-05, 8.1423e-06, 5.4383e-05, 7.8549e-05, 2.2521e-05, 6.5353e-05,
        4.6495e-05, 3.5499e-05, 1.3920e-05, 5.0692e-05, 2.1651e-05, 1.3551e-05,
        1.9227e-05, 2.5028e-05, 1.7660e-05, 1.4271e-06, 2.3651e-06, 3.6356e-05,
        9.2507e-05, 1.3434e-05, 6.7033e-06, 6.1543e-05, 2.4307e-05, 4.0142e-05,
        1.0787e-05, 9.4614e-06, 5.4349e-06, 4.1901e-05, 3.4492e-06, 7.5946e-06,
        4.8622e-06, 7.0729e-06, 6.6574e-05, 1.0980e-05, 2.0756e-05, 1.9740e-05,
        3.6981e-05, 1.7383e-05, 5.0569e-05, 1.0011e-04, 5.5443e-06, 3.6829e-05,
        2.0927e-06, 2.3109e-05, 5.0609e-05, 1.7278e-05, 3.1544e-05, 4.0518e-05,
        4.0639e-06, 7.9637e-05, 9.7647e-05, 3.0105e-05, 4.5188e-06, 1.7079e-05,
        4.7628e-05, 4.1416e-05, 4.2817e-05, 7.0543e-06, 1.5085e-05, 1.1255e-05,
        8.1667e-07, 6.0211e-06, 6.0277e-06, 9.1336e-05, 4.3428e-05, 2.9420e-06,
        5.5992e-06, 1.6305e-05, 1.9019e-06, 8.4807e-06, 7.1106e-05, 1.7455e-05,
        1.2080e-05, 5.0887e-05, 7.0993e-05, 7.7855e-06, 2.1963e-05, 2.7630e-05,
        2.4132e-05, 1.2378e-05, 2.9733e-05, 4.5513e-05, 2.8735e-05, 2.5673e-05,
        5.2000e-05, 2.3442e-05, 4.9071e-06, 8.1906e-05, 3.0476e-05, 1.1439e-05,
        5.9934e-06, 1.2622e-05, 8.1847e-05, 1.2307e-05, 6.4151e-07],
       grad_fn=<CatBackward>)

mean_overall=tensor(3.0361e-05, grad_fn=<MeanBackward0>)

-----------------------------------------------ITERATION20-----------------------------------------------

final_causality=[[1, 1, 1, 1, 1, 1, 1, 1, 1, 1, 1, 1, 1], [1, 1, 1, 1, 1, 1, 1, 1, 1, 1, 1, 1, 1, 1, 1, 1, 1, 1, 1, 1, 1, 1, 1, 1, 1, 1, 1, 1, 1, 1, 1, 1, 1, 1, 1, 1, 1, 1, 1, 1, 1, 1, 1, 1, 1, 1, 1, 1, 1, 1], [1, 1, 1, 1, 1, 1, 1, 1, 1, 1, 1, 1, 1, 1, 1, 1, 1, 1, 1, 1, 1, 1, 1, 1, 1, 1, 1, 1, 1, 1, 1, 1, 1, 1, 1, 1, 1, 1, 1, 1, 1, 1, 1, 1, 1, 1, 1, 1, 1, 1]]

means=tensor([5.1997e-05, 0.0000e+00, 0.0000e+00, 0.0000e+00, 7.0167e-05, 5.2809e-05,
        1.0162e-04, 3.3063e-05, 0.0000e+00, 0.0000e+00, 0.0000e+00, 1.8184e-04,
        5.5309e-05, 6.8440e-05, 2.1323e-05, 9.9767e-06, 1.5621e-05, 2.7082e-05,
        1.6941e-05, 6.3948e-06, 5.2531e-05, 8.3561e-05, 2.1316e-05, 6.2198e-05,
        4.8847e-05, 3.4278e-05, 1.5052e-05, 5.3227e-05, 2.3211e-05, 1.2033e-05,
        1.8664e-05, 2.2014e-05, 1.8840e-05, 3.4530e-06, 4.3412e-06, 3.9185e-05,
        8.8111e-05, 1.1787e-05, 5.0302e-06, 6.4763e-05, 2.5361e-05, 4.4455e-05,
        1.2811e-05, 1.1332e-05, 7.6346e-06, 3.8778e-05, 1.6447e-06, 5.7990e-06,
        3.8539e-06, 9.9605e-06, 7.0060e-05, 1.2807e-05, 2.2179e-05, 2.2897e-05,
        3.4360e-05, 1.5704e-05, 4.6254e-05, 1.0255e-04, 5.8309e-06, 3.9873e-05,
        3.9292e-07, 2.1401e-05, 5.1854e-05, 1.6766e-05, 3.1273e-05, 4.1685e-05,
        4.3333e-06, 7.8316e-05, 9.7950e-05, 3.0602e-05, 4.7658e-06, 1.6366e-05,
        4.7106e-05, 4.1661e-05, 4.2303e-05, 7.1382e-06, 1.5199e-05, 1.1635e-05,
        1.2720e-06, 6.2790e-06, 6.3613e-06, 8.9679e-05, 4.3391e-05, 3.2459e-06,
        5.4000e-06, 1.5923e-05, 2.4130e-06, 8.7255e-06, 7.1959e-05, 1.7073e-05,
        1.2229e-05, 5.0581e-05, 7.0396e-05, 8.0884e-06, 2.1406e-05, 2.6621e-05,
        2.3344e-05, 1.2145e-05, 3.1241e-05, 4.6100e-05, 2.9412e-05, 2.5597e-05,
        5.1565e-05, 2.3206e-05, 4.8202e-06, 8.3719e-05, 3.1016e-05, 1.0987e-05,
        5.5833e-06, 1.3104e-05, 8.0069e-05, 1.2117e-05, 3.7214e-07],
       grad_fn=<CatBackward>)

mean_overall=tensor(3.0401e-05, grad_fn=<MeanBackward0>)

-----------------------------------------------ITERATION30-----------------------------------------------

final_causality=[[1, 1, 1, 1, 1, 1, 1, 1, 1, 1, 1, 1, 1], [1, 1, 1, 1, 1, 1, 1, 1, 1, 1, 1, 1, 1, 1, 1, 1, 1, 1, 1, 1, 1, 1, 1, 1, 1, 1, 1, 1, 1, 1, 1, 1, 1, 1, 1, 1, 1, 1, 1, 1, 1, 1, 1, 1, 1, 1, 1, 1, 1, 1], [1, 1, 1, 1, 1, 1, 1, 1, 1, 1, 1, 1, 1, 1, 1, 1, 1, 1, 1, 1, 1, 1, 1, 1, 1, 1, 1, 1, 1, 1, 1, 1, 1, 1, 1, 1, 1, 1, 1, 1, 1, 1, 1, 1, 1, 1, 1, 1, 1, 1]]

means=tensor([4.7544e-05, 0.0000e+00, 0.0000e+00, 0.0000e+00, 7.1894e-05, 4.7348e-05,
        8.6660e-05, 3.3484e-05, 0.0000e+00, 0.0000e+00, 0.0000e+00, 1.5040e-04,
        4.6010e-05, 6.6810e-05, 1.8712e-05, 1.2607e-05, 1.9159e-05, 2.9472e-05,
        1.0810e-05, 9.2297e-06, 5.4587e-05, 7.8416e-05, 2.3600e-05, 6.5934e-05,
        4.2323e-05, 3.6768e-05, 1.1460e-05, 4.5012e-05, 1.8515e-05, 1.4380e-05,
        2.0557e-05, 2.8284e-05, 1.5673e-05, 9.0892e-07, 4.0607e-07, 3.2355e-05,
        9.2089e-05, 1.4053e-05, 7.4488e-06, 6.1979e-05, 2.1909e-05, 3.9335e-05,
        1.0394e-05, 7.8042e-06, 3.0080e-06, 4.2087e-05, 4.6820e-06, 8.1341e-06,
        5.7343e-06, 6.5603e-06, 6.6639e-05, 8.6438e-06, 1.9262e-05, 1.9229e-05,
        3.9990e-05, 1.8719e-05, 5.0378e-05, 9.6081e-05, 4.7423e-06, 3.1952e-05,
        3.8085e-06, 2.3970e-05, 4.6990e-05, 1.7832e-05, 3.0824e-05, 4.2529e-05,
        3.7329e-06, 7.7168e-05, 9.4975e-05, 3.1304e-05, 4.3878e-06, 1.6243e-05,
        4.8162e-05, 4.3425e-05, 4.1940e-05, 6.5672e-06, 1.4785e-05, 1.0956e-05,
        5.2483e-07, 5.8416e-06, 6.4013e-06, 8.8189e-05, 4.4361e-05, 2.7968e-06,
        5.6293e-06, 1.6577e-05, 1.4720e-06, 8.3376e-06, 7.4129e-05, 1.7116e-05,
        1.2392e-05, 5.1850e-05, 6.8055e-05, 7.9431e-06, 2.1542e-05, 2.5721e-05,
        2.3318e-05, 1.2625e-05, 3.2281e-05, 4.4612e-05, 2.8350e-05, 2.5841e-05,
        4.9989e-05, 2.4201e-05, 4.9902e-06, 8.4921e-05, 3.0043e-05, 1.0988e-05,
        5.6413e-06, 1.2502e-05, 8.0169e-05, 1.2284e-05, 7.6911e-07],
       grad_fn=<CatBackward>)

mean_overall=tensor(2.9400e-05, grad_fn=<MeanBackward0>)

-----------------------------------------------ITERATION40-----------------------------------------------

final_causality=[[1, 1, 1, 1, 1, 1, 1, 1, 1, 1, 1, 1, 1], [1, 1, 1, 1, 1, 1, 1, 1, 1, 1, 1, 1, 1, 1, 1, 1, 1, 1, 1, 1, 1, 1, 1, 1, 1, 1, 1, 1, 1, 1, 1, 1, 1, 1, 1, 1, 1, 1, 1, 1, 1, 1, 1, 1, 1, 1, 1, 1, 1, 1], [1, 1, 1, 1, 1, 1, 1, 1, 1, 1, 1, 1, 1, 1, 1, 1, 1, 1, 1, 1, 1, 1, 1, 1, 1, 1, 1, 1, 1, 1, 1, 1, 1, 1, 1, 1, 1, 1, 1, 1, 1, 1, 1, 1, 1, 1, 1, 1, 1, 1]]

means=tensor([4.5346e-05, 0.0000e+00, 0.0000e+00, 0.0000e+00, 7.4774e-05, 4.5978e-05,
        8.9683e-05, 3.2105e-05, 0.0000e+00, 0.0000e+00, 0.0000e+00, 1.2810e-04,
        3.4882e-05, 6.8019e-05, 1.8535e-05, 1.2220e-05, 1.8819e-05, 2.8388e-05,
        9.7915e-06, 9.2134e-06, 5.4057e-05, 8.0370e-05, 2.3717e-05, 6.5148e-05,
        4.1359e-05, 3.7011e-05, 1.0808e-05, 4.3310e-05, 1.7644e-05, 1.4446e-05,
        2.1082e-05, 2.8966e-05, 1.5285e-05, 1.3986e-06, 1.0181e-07, 3.1529e-05,
        9.0430e-05, 1.3793e-05, 7.2249e-06, 6.3462e-05, 2.1225e-05, 4.0579e-05,
        1.1005e-05, 7.8245e-06, 2.5406e-06, 4.1125e-05, 4.7061e-06, 7.8367e-06,
        5.8730e-06, 7.2934e-06, 6.8138e-05, 8.2411e-06, 1.9161e-05, 2.0245e-05,
        4.0636e-05, 1.8909e-05, 4.8871e-05, 9.5224e-05, 4.5806e-06, 3.0841e-05,
        4.1043e-06, 2.3828e-05, 4.5857e-05, 1.7978e-05, 3.0396e-05, 4.4329e-05,
        3.7117e-06, 7.5918e-05, 9.3930e-05, 3.1959e-05, 4.7686e-06, 1.5625e-05,
        4.8250e-05, 4.4566e-05, 4.1252e-05, 6.3963e-06, 1.4777e-05, 1.1001e-05,
        5.0342e-07, 5.8349e-06, 6.6803e-06, 8.6076e-05, 4.4838e-05, 2.8598e-06,
        5.5497e-06, 1.6512e-05, 1.4093e-06, 8.3055e-06, 7.5986e-05, 1.6845e-05,
        1.2674e-05, 5.2115e-05, 6.6480e-05, 8.0720e-06, 2.1209e-05, 2.4525e-05,
        2.2683e-05, 1.2699e-05, 3.4081e-05, 4.4138e-05, 2.8487e-05, 2.5689e-05,
        4.8864e-05, 2.4429e-05, 4.9905e-06, 8.7078e-05, 3.0094e-05, 1.0609e-05,
        5.4173e-06, 1.2644e-05, 7.8745e-05, 1.2347e-05, 7.5666e-07],
       grad_fn=<CatBackward>)

mean_overall=tensor(2.9033e-05, grad_fn=<MeanBackward0>)

-----------------------------------------------ITERATION50-----------------------------------------------

final_causality=[[1, 1, 1, 1, 1, 1, 1, 1, 1, 1, 1, 1, 1], [1, 1, 1, 1, 1, 1, 1, 1, 1, 1, 1, 1, 1, 1, 1, 1, 1, 1, 1, 1, 1, 1, 1, 1, 1, 1, 1, 1, 1, 1, 1, 1, 1, 1, 1, 1, 1, 1, 1, 1, 1, 1, 1, 1, 1, 1, 1, 1, 1, 1], [1, 1, 1, 1, 1, 1, 1, 1, 1, 1, 1, 1, 1, 1, 1, 1, 1, 1, 1, 1, 1, 1, 1, 1, 1, 1, 1, 1, 1, 1, 1, 1, 1, 1, 1, 1, 1, 1, 1, 1, 1, 1, 1, 1, 1, 1, 1, 1, 1, 1]]

means=tensor([4.3908e-05, 0.0000e+00, 0.0000e+00, 0.0000e+00, 7.8215e-05, 4.5881e-05,
        9.9471e-05, 2.9883e-05, 0.0000e+00, 0.0000e+00, 0.0000e+00, 1.0718e-04,
        2.2567e-05, 7.0424e-05, 1.9556e-05, 1.0749e-05, 1.7061e-05, 2.6007e-05,
        1.0570e-05, 8.1270e-06, 5.2566e-05, 8.5203e-05, 2.3036e-05, 6.2689e-05,
        4.2358e-05, 3.6432e-05, 1.1156e-05, 4.3888e-05, 1.8103e-05, 1.3596e-05,
        2.1119e-05, 2.7618e-05, 1.5869e-05, 4.9748e-07, 1.0982e-06, 3.2842e-05,
        8.6669e-05, 1.2615e-05, 6.0280e-06, 6.6723e-05, 2.1491e-05, 4.4353e-05,
        1.2862e-05, 9.2617e-06, 3.5464e-06, 3.8589e-05, 3.6261e-06, 6.5596e-06,
        5.3619e-06, 9.6701e-06, 7.1653e-05, 9.1893e-06, 2.0259e-05, 2.3173e-05,
        3.9450e-05, 1.8049e-05, 4.5288e-05, 9.6363e-05, 4.8331e-06, 3.2139e-05,
        3.2537e-06, 2.2690e-05, 4.5993e-05, 1.7788e-05, 2.9931e-05, 4.6756e-05,
        3.9059e-06, 7.4589e-05, 9.3524e-05, 3.2652e-05, 5.3042e-06, 1.4819e-05,
        4.8004e-05, 4.5553e-05, 4.0390e-05, 6.3593e-06, 1.4988e-05, 1.1337e-05,
        7.4280e-07, 5.9907e-06, 7.0807e-06, 8.3620e-05, 4.5176e-05, 3.1367e-06,
        5.3518e-06, 1.6182e-05, 1.6556e-06, 8.4030e-06, 7.7855e-05, 1.6448e-05,
        1.3012e-05, 5.2036e-05, 6.5062e-05, 8.3258e-06, 2.0691e-05, 2.3167e-05,
        2.1795e-05, 1.2630e-05, 3.6346e-05, 4.3964e-05, 2.9105e-05, 2.5365e-05,
        4.7812e-05, 2.4378e-05, 4.9271e-06, 8.9796e-05, 3.0545e-05, 1.0242e-05,
        5.0584e-06, 1.3091e-05, 7.6687e-05, 1.2329e-05, 5.9405e-07],
       grad_fn=<CatBackward>)

mean_overall=tensor(2.8866e-05, grad_fn=<MeanBackward0>)

-----------------------------------------------ITERATION60-----------------------------------------------

final_causality=[[1, 1, 1, 1, 1, 1, 1, 1, 1, 1, 1, 1, 1], [1, 1, 1, 1, 1, 1, 1, 1, 1, 1, 1, 1, 1, 1, 1, 1, 1, 1, 1, 1, 1, 1, 1, 1, 1, 1, 1, 1, 1, 1, 1, 1, 1, 1, 1, 1, 1, 1, 1, 1, 1, 1, 1, 1, 1, 1, 1, 1, 1, 1], [1, 1, 1, 1, 1, 1, 1, 1, 1, 1, 1, 1, 1, 1, 1, 1, 1, 1, 1, 1, 1, 1, 1, 1, 1, 1, 1, 1, 1, 1, 1, 1, 1, 1, 1, 1, 1, 1, 1, 1, 1, 1, 1, 1, 1, 1, 1, 1, 1, 1]]

means=tensor([4.0857e-05, 0.0000e+00, 0.0000e+00, 0.0000e+00, 8.1954e-05, 4.3675e-05,
        1.0054e-04, 2.8585e-05, 0.0000e+00, 0.0000e+00, 0.0000e+00, 7.8804e-05,
        9.1064e-06, 7.1468e-05, 1.9397e-05, 1.0811e-05, 1.7324e-05, 2.5372e-05,
        8.5884e-06, 8.6512e-06, 5.2403e-05, 8.6593e-05, 2.3591e-05, 6.2590e-05,
        4.0349e-05, 3.7175e-05, 1.0062e-05, 4.0804e-05, 1.6478e-05, 1.4163e-05,
        2.2086e-05, 2.9581e-05, 1.5020e-05, 1.8027e-06, 8.2940e-08, 3.0861e-05,
        8.5722e-05, 1.2772e-05, 6.2306e-06, 6.7920e-05, 2.0250e-05, 4.4908e-05,
        1.3222e-05, 8.8928e-06, 2.2808e-06, 3.8216e-05, 4.2111e-06, 6.6723e-06,
        5.8937e-06, 9.9635e-06, 7.2836e-05, 8.1455e-06, 2.0223e-05, 2.3785e-05,
        4.1221e-05, 1.8865e-05, 4.4517e-05, 9.4433e-05, 5.0041e-06, 2.9733e-05,
        4.1951e-06, 2.3027e-05, 4.4078e-05, 1.8159e-05, 2.9360e-05, 4.8934e-05,
        3.8093e-06, 7.3324e-05, 9.2014e-05, 3.3406e-05, 5.7610e-06, 1.4187e-05,
        4.8315e-05, 4.7178e-05, 3.9547e-05, 6.1174e-06, 1.4894e-05, 1.1297e-05,
        6.0666e-07, 5.9003e-06, 7.3815e-06, 8.1161e-05, 4.5849e-05, 3.1473e-06,
        5.3010e-06, 1.6202e-05, 1.4619e-06, 8.2794e-06, 8.0279e-05, 1.6314e-05,
        1.3454e-05, 5.2498e-05, 6.3013e-05, 8.4119e-06, 2.0404e-05, 2.1811e-05,
        2.1151e-05, 1.2810e-05, 3.8425e-05, 4.3106e-05, 2.9100e-05, 2.5160e-05,
        4.6362e-05, 2.4768e-05, 4.9490e-06, 9.2396e-05, 3.0470e-05, 1.1213e-05,
        4.9171e-06, 1.3157e-05, 7.5237e-05, 1.2442e-05, 6.5624e-07],
       grad_fn=<CatBackward>)

mean_overall=tensor(2.8408e-05, grad_fn=<MeanBackward0>)

-----------------------------------------------ITERATION70-----------------------------------------------

final_causality=[[1, 1, 1, 1, 1, 1, 1, 1, 1, 1, 1, 1, 1], [1, 1, 1, 1, 1, 1, 1, 1, 1, 1, 1, 1, 1, 1, 1, 1, 1, 1, 1, 1, 1, 1, 1, 1, 1, 1, 1, 1, 1, 1, 1, 1, 1, 1, 1, 1, 1, 1, 1, 1, 1, 1, 1, 1, 1, 1, 1, 1, 1, 1], [1, 1, 1, 1, 1, 1, 1, 1, 1, 1, 1, 1, 1, 1, 1, 1, 1, 1, 1, 1, 1, 1, 1, 1, 1, 1, 1, 1, 1, 1, 1, 1, 1, 1, 1, 1, 1, 1, 1, 1, 1, 1, 1, 1, 1, 1, 1, 1, 1, 1]]

means=tensor([3.7959e-05, 0.0000e+00, 0.0000e+00, 0.0000e+00, 8.6089e-05, 4.1808e-05,
        1.0405e-04, 2.6958e-05, 0.0000e+00, 0.0000e+00, 0.0000e+00, 4.9843e-05,
        3.0286e-06, 7.2972e-05, 1.9545e-05, 1.0510e-05, 1.7116e-05, 2.4284e-05,
        7.1762e-06, 8.8359e-06, 5.1905e-05, 8.9098e-05, 2.3905e-05, 6.1934e-05,
        3.8964e-05, 3.7677e-05, 9.3419e-06, 3.8430e-05, 1.5288e-05, 1.4445e-05,
        2.2945e-05, 3.0961e-05, 1.4488e-05, 2.6967e-06, 5.0976e-07, 2.9566e-05,
        8.4040e-05, 1.2627e-05, 6.1124e-06, 6.9814e-05, 1.9315e-05, 4.6401e-05,
        1.4068e-05, 8.9712e-06, 1.4805e-06, 3.7309e-05, 4.4470e-06, 6.4592e-06,
        6.2394e-06, 1.0885e-05, 7.4814e-05, 7.5361e-06, 2.0553e-05, 2.5143e-05,
        4.2467e-05, 1.9366e-05, 4.3035e-05, 9.3134e-05, 5.2784e-06, 2.8097e-05,
        4.8028e-06, 2.3037e-05, 4.2554e-05, 1.8435e-05, 2.8740e-05, 5.1434e-05,
        3.7842e-06, 7.1996e-05, 9.0687e-05, 3.4191e-05, 6.2986e-06, 1.3491e-05,
        4.8537e-05, 4.8842e-05, 3.8607e-05, 5.9197e-06, 1.4899e-05, 1.1360e-05,
        5.5322e-07, 5.8621e-06, 7.7347e-06, 7.8513e-05, 4.6502e-05, 3.2346e-06,
        5.2089e-06, 1.6135e-05, 1.3678e-06, 8.1964e-06, 8.2833e-05, 1.6810e-05,
        1.4898e-05, 5.2864e-05, 6.0942e-05, 8.5432e-06, 2.0049e-05, 2.0360e-05,
        2.0443e-05, 1.2954e-05, 4.0748e-05, 4.2328e-05, 2.9270e-05, 2.4886e-05,
        4.4894e-05, 2.5077e-05, 4.9519e-06, 9.5322e-05, 3.0541e-05, 1.2281e-05,
        4.9015e-06, 1.3333e-05, 7.3545e-05, 1.2535e-05, 6.6986e-07],
       grad_fn=<CatBackward>)

mean_overall=tensor(2.8113e-05, grad_fn=<MeanBackward0>)

-----------------------------------------------ITERATION80-----------------------------------------------

final_causality=[[1, 1, 1, 1, 1, 1, 1, 1, 1, 1, 1, 1, 1], [1, 1, 1, 1, 1, 1, 1, 1, 1, 1, 1, 1, 1, 1, 1, 1, 1, 1, 1, 1, 1, 1, 1, 1, 1, 1, 1, 1, 1, 1, 1, 1, 1, 1, 1, 1, 1, 1, 1, 1, 1, 1, 1, 1, 1, 1, 1, 1, 1, 1], [1, 1, 1, 1, 1, 1, 1, 1, 1, 1, 1, 1, 1, 1, 1, 1, 1, 1, 1, 1, 1, 1, 1, 1, 1, 1, 1, 1, 1, 1, 1, 1, 1, 1, 1, 1, 1, 1, 1, 1, 1, 1, 1, 1, 1, 1, 1, 1, 1, 1]]

means=tensor([3.5251e-05, 0.0000e+00, 0.0000e+00, 0.0000e+00, 9.0634e-05, 4.0311e-05,
        1.1028e-04, 2.4949e-05, 0.0000e+00, 0.0000e+00, 0.0000e+00, 2.0395e-05,
        1.2480e-05, 7.4999e-05, 2.0046e-05, 9.8303e-06, 1.6398e-05, 2.2713e-05,
        6.3965e-06, 8.6212e-06, 5.1043e-05, 9.2865e-05, 2.3936e-05, 6.0667e-05,
        3.8273e-05, 3.7891e-05, 8.9955e-06, 3.6865e-05, 1.4575e-05, 1.4387e-05,
        2.3652e-05, 3.1646e-05, 1.4295e-05, 3.1123e-06, 6.4489e-07, 2.9037e-05,
        8.1577e-05, 1.2154e-05, 5.6433e-06, 7.2508e-05, 1.8711e-05, 4.8967e-05,
        1.5487e-05, 9.5665e-06, 1.2001e-06, 3.5833e-05, 4.2899e-06, 5.8885e-06,
        6.3558e-06, 1.2535e-05, 7.7694e-05, 7.4190e-06, 2.1309e-05, 2.7369e-05,
        4.3078e-05, 1.9485e-05, 4.0804e-05, 9.2541e-05, 5.6758e-06, 2.7317e-05,
        5.0161e-06, 2.2682e-05, 4.1458e-05, 1.8593e-05, 2.8069e-05, 5.4299e-05,
        3.8377e-06, 7.0610e-05, 8.9567e-05, 3.5017e-05, 6.9261e-06, 1.2739e-05,
        4.8663e-05, 5.0524e-05, 3.7566e-05, 5.7693e-06, 1.4979e-05, 1.1542e-05,
        5.9231e-07, 5.8849e-06, 8.1516e-06, 7.5687e-05, 4.7130e-05, 3.4150e-06,
        5.0736e-06, 1.5976e-05, 1.3785e-06, 8.1635e-06, 8.5499e-05, 1.7262e-05,
        1.6407e-05, 5.3125e-05, 5.8856e-05, 8.7296e-06, 1.9800e-05, 1.9126e-05,
        1.9697e-05, 1.3057e-05, 4.3345e-05, 4.1648e-05, 2.9641e-05, 2.4543e-05,
        4.3406e-05, 2.5290e-05, 4.9344e-06, 9.8598e-05, 3.0775e-05, 1.3325e-05,
        4.8276e-06, 1.3638e-05, 7.1606e-05, 1.2605e-05, 6.2866e-07],
       grad_fn=<CatBackward>)

mean_overall=tensor(2.8038e-05, grad_fn=<MeanBackward0>)

-----------------------------------------------ITERATION90-----------------------------------------------

final_causality=[[1, 1, 1, 1, 1, 1, 1, 1, 1, 1, 1, 1, 1], [1, 1, 1, 1, 1, 1, 1, 1, 1, 1, 1, 1, 1, 1, 1, 1, 1, 1, 1, 1, 1, 1, 1, 1, 1, 1, 1, 1, 1, 1, 1, 1, 1, 1, 1, 1, 1, 1, 1, 1, 1, 1, 1, 1, 1, 1, 1, 1, 1, 1], [1, 1, 1, 1, 1, 1, 1, 1, 1, 1, 1, 1, 1, 1, 1, 1, 1, 1, 1, 1, 1, 1, 1, 1, 1, 1, 1, 1, 1, 1, 1, 1, 1, 1, 1, 1, 1, 1, 1, 1, 1, 1, 1, 1, 1, 1, 1, 1, 1, 1]]

means=tensor([3.2073e-05, 0.0000e+00, 0.0000e+00, 0.0000e+00, 9.5458e-05, 3.8213e-05,
        1.1455e-04, 2.3126e-05, 0.0000e+00, 0.0000e+00, 0.0000e+00, 3.0224e-05,
        2.8524e-05, 7.6891e-05, 2.0250e-05, 9.5295e-06, 1.6173e-05, 2.1557e-05,
        4.9416e-06, 8.8296e-06, 5.0495e-05, 9.5938e-05, 2.4304e-05, 5.9986e-05,
        3.6853e-05, 3.8477e-05, 8.3081e-06, 3.4399e-05, 1.3382e-05, 1.4709e-05,
        2.4665e-05, 3.3269e-05, 1.3766e-05, 4.1306e-06, 1.2301e-06, 2.7707e-05,
        7.9770e-05, 1.2013e-05, 5.5197e-06, 7.4793e-05, 1.7758e-05, 5.0836e-05,
        1.6614e-05, 9.7198e-06, 3.4986e-07, 3.4875e-05, 4.5583e-06, 5.6598e-06,
        6.7762e-06, 1.3763e-05, 8.0115e-05, 6.8038e-06, 2.1731e-05, 2.9132e-05,
        4.4528e-05, 2.0065e-05, 3.9242e-05, 9.1184e-05, 5.9918e-06, 2.5639e-05,
        5.7353e-06, 2.2694e-05, 3.9867e-05, 1.8909e-05, 2.7333e-05, 5.7217e-05,
        3.8203e-06, 6.9237e-05, 8.8177e-05, 3.5870e-05, 7.5347e-06, 1.2037e-05,
        4.8956e-05, 5.2473e-05, 3.6488e-05, 5.5660e-06, 1.5012e-05, 1.1638e-05,
        5.3738e-07, 5.8456e-06, 8.5495e-06, 7.2808e-05, 4.7869e-05, 3.5305e-06,
        4.9694e-06, 1.5903e-05, 1.2868e-06, 8.0739e-06, 8.8437e-05, 1.7799e-05,
        1.8060e-05, 5.3540e-05, 5.6562e-05, 8.8755e-06, 1.9757e-05, 1.9335e-05,
        1.8997e-05, 1.3237e-05, 4.5971e-05, 4.0779e-05, 2.9873e-05, 2.4212e-05,
        4.1794e-05, 2.5624e-05, 4.9391e-06, 1.0197e-04, 3.0894e-05, 1.4544e-05,
        4.8055e-06, 1.3857e-05, 6.9806e-05, 1.2751e-05, 6.4278e-07],
       grad_fn=<CatBackward>)

mean_overall=tensor(2.8357e-05, grad_fn=<MeanBackward0>)

-----------------------------------------------ITERATION100-----------------------------------------------

final_causality=[[1, 1, 1, 1, 1, 1, 1, 1, 1, 1, 1, 1, 1], [1, 1, 1, 1, 1, 1, 1, 1, 1, 1, 1, 1, 1, 1, 1, 1, 1, 1, 1, 1, 1, 1, 1, 1, 1, 1, 1, 1, 1, 1, 1, 1, 1, 1, 1, 1, 1, 1, 1, 1, 1, 1, 1, 1, 1, 1, 1, 1, 1, 1], [1, 1, 1, 1, 1, 1, 1, 1, 1, 1, 1, 1, 1, 1, 1, 1, 1, 1, 1, 1, 1, 1, 1, 1, 1, 1, 1, 1, 1, 1, 1, 1, 1, 1, 1, 1, 1, 1, 1, 1, 1, 1, 1, 1, 1, 1, 1, 1, 1, 1]]

means=tensor([2.8885e-05, 0.0000e+00, 0.0000e+00, 0.0000e+00, 1.0067e-04, 3.6181e-05,
        1.2011e-04, 2.1095e-05, 0.0000e+00, 0.0000e+00, 0.0000e+00, 6.2628e-05,
        4.5518e-05, 7.9484e-05, 2.0610e-05, 9.1089e-06, 1.5755e-05, 2.0213e-05,
        3.7206e-06, 8.8912e-06, 4.9799e-05, 9.9687e-05, 2.4581e-05, 5.9079e-05,
        3.5700e-05, 3.8977e-05, 7.7567e-06, 3.2243e-05, 1.2384e-05, 1.4910e-05,
        2.5667e-05, 3.4700e-05, 1.3371e-05, 5.0070e-06, 1.6821e-06, 2.6672e-05,
        7.7657e-05, 1.1753e-05, 5.2651e-06, 7.7514e-05, 1.6936e-05, 5.3247e-05,
        1.8074e-05, 1.0104e-05, 3.2867e-07, 3.3705e-05, 4.6879e-06, 5.2949e-06,
        7.1335e-06, 1.5401e-05, 8.3034e-05, 6.3828e-06, 2.2352e-05, 3.1386e-05,
        4.5796e-05, 2.0521e-05, 3.7399e-05, 9.0090e-05, 6.3692e-06, 2.4293e-05,
        6.3432e-06, 2.2569e-05, 3.8434e-05, 1.9191e-05, 2.6538e-05, 6.0412e-05,
        3.8355e-06, 6.7835e-05, 8.6858e-05, 3.6760e-05, 8.1998e-06, 1.1328e-05,
        4.9242e-05, 5.4520e-05, 3.5329e-05, 5.3805e-06, 1.5080e-05, 1.1792e-05,
        5.1714e-07, 5.8304e-06, 8.9871e-06, 6.9815e-05, 4.8623e-05, 3.6934e-06,
        4.8464e-06, 1.5797e-05, 1.2349e-06, 8.0036e-06, 9.1533e-05, 1.8327e-05,
        1.9798e-05, 5.3933e-05, 5.4544e-05, 9.0475e-06, 1.9685e-05, 2.0294e-05,
        1.8242e-05, 1.3415e-05, 4.8790e-05, 3.9930e-05, 3.0206e-05, 2.3837e-05,
        4.0132e-05, 2.5928e-05, 4.9381e-06, 1.0562e-04, 3.1092e-05, 1.5794e-05,
        4.7599e-06, 1.4158e-05, 6.7899e-05, 1.3087e-05, 6.3615e-07],
       grad_fn=<CatBackward>)

mean_overall=tensor(2.8960e-05, grad_fn=<MeanBackward0>)

-----------------------------------------------ITERATION110-----------------------------------------------

final_causality=[[1, 1, 1, 1, 1, 1, 1, 1, 1, 1, 1, 1, 1], [1, 1, 1, 1, 1, 1, 1, 1, 1, 1, 1, 1, 1, 1, 1, 1, 1, 1, 1, 1, 1, 1, 1, 1, 1, 1, 1, 1, 1, 1, 1, 1, 1, 1, 1, 1, 1, 1, 1, 1, 1, 1, 1, 1, 1, 1, 1, 1, 1, 1], [1, 1, 1, 1, 1, 1, 1, 1, 1, 1, 1, 1, 1, 1, 1, 1, 1, 1, 1, 1, 1, 1, 1, 1, 1, 1, 1, 1, 1, 1, 1, 1, 1, 1, 1, 1, 1, 1, 1, 1, 1, 1, 1, 1, 1, 1, 1, 1, 1, 1]]

means=tensor([2.5571e-05, 0.0000e+00, 0.0000e+00, 0.0000e+00, 1.0628e-04, 3.4042e-05,
        1.2619e-04, 1.8947e-05, 0.0000e+00, 0.0000e+00, 0.0000e+00, 9.6532e-05,
        6.3353e-05, 8.2243e-05, 2.1016e-05, 8.6760e-06, 1.5318e-05, 1.8839e-05,
        2.5108e-06, 8.9471e-06, 4.9074e-05, 1.0379e-04, 2.4875e-05, 5.8155e-05,
        3.4580e-05, 3.9504e-05, 7.2229e-06, 3.0114e-05, 1.1424e-05, 1.5115e-05,
        2.6737e-05, 3.6221e-05, 1.2996e-05, 5.9304e-06, 2.1457e-06, 2.5673e-05,
        7.5491e-05, 1.1488e-05, 4.9996e-06, 8.0471e-05, 1.6133e-05, 5.5905e-05,
        1.9732e-05, 1.0558e-05, 1.0089e-06, 3.2512e-05, 4.8187e-06, 4.9144e-06,
        7.5215e-06, 1.7266e-05, 8.6225e-05, 5.9904e-06, 2.3044e-05, 3.3919e-05,
        4.7135e-05, 2.0996e-05, 3.5525e-05, 8.9015e-05, 7.2093e-06, 2.2986e-05,
        6.9983e-06, 2.2431e-05, 3.7008e-05, 1.9487e-05, 2.5681e-05, 6.3835e-05,
        3.8582e-06, 6.6425e-05, 8.5534e-05, 3.7685e-05, 9.0599e-06, 1.0632e-05,
        4.9572e-05, 5.6714e-05, 3.4098e-05, 5.1967e-06, 1.5167e-05, 1.1971e-05,
        4.9996e-07, 5.8187e-06, 9.4506e-06, 6.6738e-05, 4.9418e-05, 3.8778e-06,
        4.7172e-06, 1.5691e-05, 1.1881e-06, 8.0162e-06, 9.4817e-05, 1.8869e-05,
        2.1632e-05, 5.4351e-05, 5.2480e-05, 9.2293e-06, 1.9611e-05, 2.1284e-05,
        1.7452e-05, 1.3613e-05, 5.2278e-05, 3.9475e-05, 3.0583e-05, 2.3429e-05,
        3.8400e-05, 2.6238e-05, 4.9388e-06, 1.0949e-04, 3.1321e-05, 1.7111e-05,
        4.7094e-06, 1.4538e-05, 6.5959e-05, 1.3454e-05, 6.2745e-07],
       grad_fn=<CatBackward>)

mean_overall=tensor(2.9642e-05, grad_fn=<MeanBackward0>)

-----------------------------------------------ITERATION120-----------------------------------------------

final_causality=[[1, 1, 1, 1, 1, 1, 1, 1, 1, 1, 1, 1, 1], [1, 1, 1, 1, 1, 1, 1, 1, 1, 1, 1, 1, 1, 1, 1, 1, 1, 1, 1, 1, 1, 1, 1, 1, 1, 1, 1, 1, 1, 1, 1, 1, 1, 1, 1, 1, 1, 1, 1, 1, 1, 1, 1, 1, 1, 1, 1, 1, 1, 1], [1, 1, 1, 1, 1, 1, 1, 1, 1, 1, 1, 1, 1, 1, 1, 1, 1, 1, 1, 1, 1, 1, 1, 1, 1, 1, 1, 1, 1, 1, 1, 1, 1, 1, 1, 1, 1, 1, 1, 1, 1, 1, 1, 1, 1, 1, 1, 1, 1, 1]]

means=tensor([2.2060e-05, 0.0000e+00, 0.0000e+00, 0.0000e+00, 1.1226e-04, 3.1686e-05,
        1.3229e-04, 1.6742e-05, 0.0000e+00, 0.0000e+00, 0.0000e+00, 1.3213e-04,
        8.1950e-05, 8.5065e-05, 2.1397e-05, 8.3063e-06, 1.4967e-05, 1.7536e-05,
        1.1715e-06, 9.0916e-06, 4.9013e-05, 1.0802e-04, 2.5255e-05, 5.7346e-05,
        3.3353e-05, 4.0136e-05, 6.6343e-06, 2.7846e-05, 1.0410e-05, 1.5406e-05,
        2.7935e-05, 3.8022e-05, 1.2578e-05, 7.0283e-06, 2.7159e-06, 2.4552e-05,
        7.3431e-05, 1.1290e-05, 4.7975e-06, 8.3527e-05, 1.5288e-05, 5.8618e-05,
        2.1499e-05, 1.0977e-05, 1.8222e-06, 3.1415e-05, 5.0386e-06, 4.5940e-06,
        8.0070e-06, 1.9312e-05, 8.9538e-05, 5.5220e-06, 2.3723e-05, 3.6588e-05,
        4.8717e-05, 2.1591e-05, 3.3776e-05, 8.7811e-05, 8.0863e-06, 2.1545e-05,
        7.8107e-06, 2.2361e-05, 3.5507e-05, 1.9829e-05, 2.4759e-05, 6.7446e-05,
        3.8726e-06, 6.5020e-05, 8.4163e-05, 3.8644e-05, 9.9717e-06, 9.9657e-06,
        4.9979e-05, 5.9093e-05, 3.2800e-05, 5.0061e-06, 1.5261e-05, 1.2152e-05,
        4.6566e-07, 5.7979e-06, 9.9292e-06, 6.3597e-05, 5.0270e-05, 4.0648e-06,
        4.5887e-06, 1.5603e-05, 1.1263e-06, 8.0395e-06, 9.8311e-05, 1.9436e-05,
        2.3577e-05, 5.4823e-05, 5.0321e-05, 9.4099e-06, 1.9551e-05, 2.2305e-05,
        1.6640e-05, 1.3847e-05, 5.6021e-05, 4.0624e-05, 3.0968e-05, 2.2993e-05,
        3.6588e-05, 2.6578e-05, 4.9460e-06, 1.1357e-04, 3.1550e-05, 1.8970e-05,
        4.6655e-06, 1.4928e-05, 6.4035e-05, 1.3863e-05, 6.3563e-07],
       grad_fn=<CatBackward>)

mean_overall=tensor(3.0404e-05, grad_fn=<MeanBackward0>)

-----------------------------------------------ITERATION130-----------------------------------------------

final_causality=[[1, 1, 1, 1, 1, 1, 1, 1, 1, 1, 1, 1, 1], [1, 1, 1, 1, 1, 1, 1, 1, 1, 1, 1, 1, 1, 1, 1, 1, 1, 1, 1, 1, 1, 1, 1, 1, 1, 1, 1, 1, 1, 1, 1, 1, 1, 1, 1, 1, 1, 1, 1, 1, 1, 1, 1, 1, 1, 1, 1, 1, 1, 1], [1, 1, 1, 1, 1, 1, 1, 1, 1, 1, 1, 1, 1, 1, 1, 1, 1, 1, 1, 1, 1, 1, 1, 1, 1, 1, 1, 1, 1, 1, 1, 1, 1, 1, 1, 1, 1, 1, 1, 1, 1, 1, 1, 1, 1, 1, 1, 1, 1, 1]]

means=tensor([1.8432e-05, 0.0000e+00, 0.0000e+00, 0.0000e+00, 1.1872e-04, 2.9251e-05,
        1.3921e-04, 1.4374e-05, 0.0000e+00, 0.0000e+00, 0.0000e+00, 1.6924e-04,
        1.0149e-04, 8.8098e-05, 2.1861e-05, 7.8971e-06, 1.4555e-05, 1.6173e-05,
        1.2649e-07, 9.1924e-06, 4.9249e-05, 1.1273e-04, 2.5624e-05, 5.6478e-05,
        3.2237e-05, 4.0766e-05, 6.1014e-06, 2.5706e-05, 9.4869e-06, 1.5667e-05,
        2.9221e-05, 3.9843e-05, 1.2450e-05, 8.1359e-06, 3.2626e-06, 2.3551e-05,
        7.1275e-05, 1.1061e-05, 4.5553e-06, 8.6897e-05, 1.4691e-05, 6.1711e-05,
        2.3547e-05, 1.1525e-05, 2.6112e-06, 3.0260e-05, 5.2233e-06, 4.2287e-06,
        8.5046e-06, 2.1719e-05, 9.3215e-05, 5.1354e-06, 2.4519e-05, 3.9649e-05,
        5.0304e-05, 2.2167e-05, 3.1952e-05, 8.6705e-05, 9.0546e-06, 2.0268e-05,
        8.6414e-06, 2.2246e-05, 3.4068e-05, 2.0173e-05, 2.3767e-05, 7.1319e-05,
        3.9027e-06, 6.3612e-05, 8.2815e-05, 3.9647e-05, 1.0942e-05, 9.5348e-06,
        5.0431e-05, 6.1625e-05, 3.1421e-05, 4.8225e-06, 1.5384e-05, 1.2372e-05,
        4.4331e-07, 5.7879e-06, 1.0441e-05, 6.0379e-05, 5.1162e-05, 4.2858e-06,
        4.4508e-06, 1.5511e-05, 1.0790e-06, 8.0696e-06, 1.0200e-04, 2.0010e-05,
        2.5618e-05, 5.5314e-05, 4.8100e-05, 9.6062e-06, 1.9482e-05, 2.3354e-05,
        1.5787e-05, 1.4102e-05, 5.9976e-05, 4.1876e-05, 3.1421e-05, 2.2515e-05,
        3.4698e-05, 2.8073e-05, 4.9543e-06, 1.1790e-04, 3.1822e-05, 2.0978e-05,
        4.6113e-06, 1.5369e-05, 6.2071e-05, 1.4326e-05, 6.5962e-07],
       grad_fn=<CatBackward>)

mean_overall=tensor(3.1264e-05, grad_fn=<MeanBackward0>)

-----------------------------------------------ITERATION140-----------------------------------------------

final_causality=[[1, 1, 1, 1, 1, 1, 1, 1, 1, 1, 1, 1, 1], [1, 1, 1, 1, 1, 1, 1, 1, 1, 1, 1, 1, 1, 1, 1, 1, 1, 1, 1, 1, 1, 1, 1, 1, 1, 1, 1, 1, 1, 1, 1, 1, 1, 1, 1, 1, 1, 1, 1, 1, 1, 1, 1, 1, 1, 1, 1, 1, 1, 1], [1, 1, 1, 1, 1, 1, 1, 1, 1, 1, 1, 1, 1, 1, 1, 1, 1, 1, 1, 1, 1, 1, 1, 1, 1, 1, 1, 1, 1, 1, 1, 1, 1, 1, 1, 1, 1, 1, 1, 1, 1, 1, 1, 1, 1, 1, 1, 1, 1, 1]]

means=tensor([1.4608e-05, 0.0000e+00, 0.0000e+00, 0.0000e+00, 1.2566e-04, 2.6617e-05,
        1.4645e-04, 1.1897e-05, 0.0000e+00, 0.0000e+00, 0.0000e+00, 2.0810e-04,
        1.2193e-04, 9.1242e-05, 2.2335e-05, 7.5208e-06, 1.4187e-05, 1.4848e-05,
        1.6191e-06, 9.3437e-06, 4.9515e-05, 1.1771e-04, 2.6052e-05, 5.5678e-05,
        3.1094e-05, 4.1472e-05, 5.5519e-06, 2.3524e-05, 8.5620e-06, 1.5982e-05,
        3.0705e-05, 4.1877e-05, 1.2491e-05, 9.3839e-06, 3.8823e-06, 2.2514e-05,
        6.9176e-05, 1.0935e-05, 4.3459e-06, 9.0445e-05, 1.4297e-05, 6.4975e-05,
        2.5790e-05, 1.2098e-05, 3.5056e-06, 2.9160e-05, 5.4593e-06, 3.8925e-06,
        9.0827e-06, 2.4373e-05, 9.7108e-05, 4.7259e-06, 2.5348e-05, 4.2962e-05,
        5.2070e-05, 2.2824e-05, 3.0203e-05, 8.5550e-05, 1.0141e-05, 1.8972e-05,
        9.6034e-06, 2.2165e-05, 3.2608e-05, 2.0551e-05, 2.3489e-05, 7.5417e-05,
        3.9330e-06, 6.2210e-05, 8.1447e-05, 4.0695e-05, 1.1975e-05, 9.3028e-06,
        5.0962e-05, 6.4352e-05, 2.9964e-05, 4.6374e-06, 1.5526e-05, 1.2608e-05,
        4.1289e-07, 5.7763e-06, 1.0976e-05, 5.7098e-05, 5.2111e-05, 4.5216e-06,
        4.3100e-06, 1.5435e-05, 1.0265e-06, 8.0934e-06, 1.0612e-04, 2.0604e-05,
        2.7771e-05, 5.5855e-05, 4.5791e-05, 9.8074e-06, 1.9420e-05, 2.4435e-05,
        1.4903e-05, 1.4395e-05, 6.4238e-05, 4.3208e-05, 3.1906e-05, 2.1997e-05,
        3.2714e-05, 2.9871e-05, 4.9681e-06, 1.2245e-04, 3.2106e-05, 2.3300e-05,
        4.5580e-06, 1.5836e-05, 6.0114e-05, 1.4867e-05, 6.8927e-07],
       grad_fn=<CatBackward>)

mean_overall=tensor(3.2238e-05, grad_fn=<MeanBackward0>)

-----------------------------------------------ITERATION150-----------------------------------------------

final_causality=[[1, 1, 1, 1, 1, 1, 1, 1, 1, 1, 1, 1, 1], [1, 1, 1, 1, 1, 1, 1, 1, 1, 1, 1, 1, 1, 1, 1, 1, 1, 1, 1, 1, 1, 1, 1, 1, 1, 1, 1, 1, 1, 1, 1, 1, 1, 1, 1, 1, 1, 1, 1, 1, 1, 1, 1, 1, 1, 1, 1, 1, 1, 1], [1, 1, 1, 1, 1, 1, 1, 1, 1, 1, 1, 1, 1, 1, 1, 1, 1, 1, 1, 1, 1, 1, 1, 1, 1, 1, 1, 1, 1, 1, 1, 1, 1, 1, 1, 1, 1, 1, 1, 1, 1, 1, 1, 1, 1, 1, 1, 1, 1, 1]]

means=tensor([1.0596e-05, 0.0000e+00, 0.0000e+00, 0.0000e+00, 1.3315e-04, 2.3814e-05,
        1.5432e-04, 9.2632e-06, 0.0000e+00, 0.0000e+00, 0.0000e+00, 2.4877e-04,
        1.4338e-04, 9.4548e-05, 2.2858e-05, 7.1468e-06, 1.3816e-05, 1.3521e-05,
        3.1503e-06, 9.5043e-06, 4.9778e-05, 1.2306e-04, 2.6511e-05, 5.4895e-05,
        2.9994e-05, 4.2221e-05, 5.0205e-06, 2.1386e-05, 7.6800e-06, 1.6313e-05,
        3.2292e-05, 4.4143e-05, 1.2561e-05, 1.0733e-05, 4.5373e-06, 2.1517e-05,
        6.7076e-05, 1.0933e-05, 4.1423e-06, 9.4249e-05, 1.3918e-05, 6.8515e-05,
        2.8534e-05, 1.2754e-05, 4.4688e-06, 2.8071e-05, 5.7695e-06, 3.5527e-06,
        9.7176e-06, 2.7375e-05, 1.0131e-04, 4.3442e-06, 2.6374e-05, 4.6726e-05,
        5.3941e-05, 2.3519e-05, 2.8469e-05, 8.4420e-05, 1.1280e-05, 1.7716e-05,
        1.0660e-05, 2.2082e-05, 3.1172e-05, 2.0951e-05, 2.3845e-05, 7.9776e-05,
        3.9713e-06, 6.0812e-05, 8.0078e-05, 4.1797e-05, 1.3062e-05, 9.0831e-06,
        5.1566e-05, 6.7273e-05, 2.8421e-05, 4.4548e-06, 1.5696e-05, 1.2875e-05,
        3.8362e-07, 5.7701e-06, 1.1543e-05, 5.4079e-05, 5.3117e-05, 4.7846e-06,
        4.1631e-06, 1.5370e-05, 9.7803e-07, 8.1920e-06, 1.1087e-04, 2.1212e-05,
        3.0035e-05, 5.6436e-05, 4.3496e-05, 1.0020e-05, 1.9357e-05, 2.5549e-05,
        1.3979e-05, 1.4722e-05, 6.9134e-05, 4.4644e-05, 3.2445e-05, 2.1433e-05,
        3.0627e-05, 3.1717e-05, 4.9862e-06, 1.2726e-04, 3.2413e-05, 2.5970e-05,
        4.5470e-06, 1.6345e-05, 5.8146e-05, 1.5463e-05, 7.1931e-07],
       grad_fn=<CatBackward>)

mean_overall=tensor(3.3320e-05, grad_fn=<MeanBackward0>)

-----------------------------------------------ITERATION160-----------------------------------------------

final_causality=[[1, 1, 1, 1, 1, 1, 1, 1, 1, 1, 1, 1, 1], [1, 1, 1, 1, 1, 1, 1, 1, 1, 1, 1, 1, 1, 1, 1, 1, 1, 1, 1, 1, 1, 1, 1, 1, 1, 1, 1, 1, 1, 1, 1, 1, 1, 1, 1, 1, 1, 1, 1, 1, 1, 1, 1, 1, 1, 1, 1, 1, 1, 1], [1, 1, 1, 1, 1, 1, 1, 1, 1, 1, 1, 1, 1, 1, 1, 1, 1, 1, 1, 1, 1, 1, 1, 1, 1, 1, 1, 1, 1, 1, 1, 1, 1, 1, 1, 1, 1, 1, 1, 1, 1, 1, 1, 1, 1, 1, 1, 1, 1, 1]]

means=tensor([6.3634e-06, 0.0000e+00, 0.0000e+00, 0.0000e+00, 1.4123e-04, 2.0808e-05,
        1.6281e-04, 6.4627e-06, 0.0000e+00, 0.0000e+00, 0.0000e+00, 2.9139e-04,
        1.6594e-04, 9.8009e-05, 2.3423e-05, 6.7844e-06, 1.3554e-05, 1.2205e-05,
        4.7587e-06, 9.6872e-06, 5.0048e-05, 1.2879e-04, 2.7011e-05, 5.4146e-05,
        2.8925e-05, 4.3025e-05, 4.4989e-06, 1.9274e-05, 6.8302e-06, 1.6674e-05,
        3.3996e-05, 4.6694e-05, 1.2653e-05, 1.2264e-05, 5.2452e-06, 2.0545e-05,
        6.4999e-05, 1.0953e-05, 3.9674e-06, 9.8369e-05, 1.3548e-05, 7.2320e-05,
        3.1617e-05, 1.3486e-05, 5.5354e-06, 2.7008e-05, 6.1226e-06, 3.2187e-06,
        1.0424e-05, 3.0773e-05, 1.0581e-04, 3.9787e-06, 2.7899e-05, 5.0936e-05,
        5.5944e-05, 2.4269e-05, 2.6773e-05, 8.3301e-05, 1.2473e-05, 1.6481e-05,
        1.1838e-05, 2.2009e-05, 2.9753e-05, 2.1378e-05, 2.4244e-05, 8.4404e-05,
        4.0164e-06, 5.9417e-05, 7.8701e-05, 4.2960e-05, 1.4204e-05, 8.8771e-06,
        5.2255e-05, 7.0407e-05, 2.6944e-05, 4.2732e-06, 1.6039e-05, 1.3172e-05,
        3.5301e-07, 5.7684e-06, 1.2141e-05, 5.1715e-05, 5.4187e-05, 5.0748e-06,
        4.0104e-06, 1.5321e-05, 9.3113e-07, 8.3464e-06, 1.1589e-04, 2.1840e-05,
        3.2416e-05, 5.7066e-05, 4.1682e-05, 1.0321e-05, 1.9295e-05, 2.6699e-05,
        1.3014e-05, 1.5091e-05, 7.4274e-05, 4.6191e-05, 3.3038e-05, 2.0858e-05,
        2.8423e-05, 3.3614e-05, 5.0096e-06, 1.3233e-04, 3.2737e-05, 2.8783e-05,
        4.7217e-06, 1.6896e-05, 5.6194e-05, 1.6120e-05, 7.5137e-07],
       grad_fn=<CatBackward>)

mean_overall=tensor(3.4515e-05, grad_fn=<MeanBackward0>)

-----------------------------------------------ITERATION170-----------------------------------------------

final_causality=[[1, 1, 1, 1, 1, 1, 1, 1, 1, 1, 1, 1, 1], [1, 1, 1, 1, 1, 1, 1, 1, 1, 1, 1, 1, 1, 1, 1, 1, 1, 1, 1, 1, 1, 1, 1, 1, 1, 1, 1, 1, 1, 1, 1, 1, 1, 1, 1, 1, 1, 1, 1, 1, 1, 1, 1, 1, 1, 1, 1, 1, 1, 1], [1, 1, 1, 1, 1, 1, 1, 1, 1, 1, 1, 1, 1, 1, 1, 1, 1, 1, 1, 1, 1, 1, 1, 1, 1, 1, 1, 1, 1, 1, 1, 1, 1, 1, 1, 1, 1, 1, 1, 1, 1, 1, 1, 1, 1, 1, 1, 1, 1, 1]]

means=tensor([1.8791e-06, 0.0000e+00, 0.0000e+00, 0.0000e+00, 1.4999e-04, 1.7569e-05,
        1.7196e-04, 3.4761e-06, 0.0000e+00, 0.0000e+00, 0.0000e+00, 3.3616e-04,
        1.8969e-04, 1.0163e-04, 2.4030e-05, 6.4365e-06, 1.3357e-05, 1.0905e-05,
        6.4741e-06, 9.8975e-06, 5.0326e-05, 1.3491e-04, 2.7555e-05, 5.3440e-05,
        2.7884e-05, 4.3890e-05, 3.9849e-06, 1.7185e-05, 6.0096e-06, 1.7068e-05,
        3.5826e-05, 4.9459e-05, 1.2768e-05, 1.3961e-05, 6.0161e-06, 1.9596e-05,
        6.2955e-05, 1.0997e-05, 3.8032e-06, 1.0279e-04, 1.3187e-05, 7.6398e-05,
        3.5052e-05, 1.4298e-05, 6.7333e-06, 2.5978e-05, 6.5190e-06, 2.8929e-06,
        1.1211e-05, 3.4903e-05, 1.1062e-04, 3.6267e-06, 2.9534e-05, 5.5562e-05,
        5.8092e-05, 2.5078e-05, 2.5121e-05, 8.2190e-05, 1.3722e-05, 1.5263e-05,
        1.3155e-05, 2.1947e-05, 2.8448e-05, 2.1836e-05, 2.4691e-05, 8.9387e-05,
        4.0683e-06, 5.8023e-05, 7.7311e-05, 4.4194e-05, 1.5405e-05, 8.6849e-06,
        5.3038e-05, 7.3771e-05, 2.5478e-05, 4.0922e-06, 1.6661e-05, 1.3502e-05,
        3.2036e-07, 5.7720e-06, 1.2773e-05, 4.9305e-05, 5.5329e-05, 5.3940e-06,
        4.1418e-06, 1.5291e-05, 8.8529e-07, 8.5135e-06, 1.2127e-04, 2.2488e-05,
        3.4923e-05, 5.7752e-05, 3.9805e-05, 1.0719e-05, 1.9234e-05, 2.7890e-05,
        1.2005e-05, 1.5507e-05, 7.9671e-05, 4.7859e-05, 3.3688e-05, 2.0271e-05,
        2.6085e-05, 3.5565e-05, 5.0390e-06, 1.3766e-04, 3.3074e-05, 3.1749e-05,
        4.9052e-06, 1.7492e-05, 5.4367e-05, 1.6844e-05, 7.8612e-07],
       grad_fn=<CatBackward>)

mean_overall=tensor(3.5822e-05, grad_fn=<MeanBackward0>)

-----------------------------------------------ITERATION180-----------------------------------------------

final_causality=[[1, 1, 1, 1, 1, 1, 1, 1, 1, 1, 1, 1, 1], [1, 1, 1, 1, 1, 1, 1, 1, 1, 1, 1, 1, 1, 1, 1, 1, 1, 1, 1, 1, 1, 1, 1, 1, 1, 1, 1, 1, 1, 1, 1, 1, 1, 1, 1, 1, 1, 1, 1, 1, 1, 1, 1, 1, 1, 1, 1, 1, 1, 1], [1, 1, 1, 1, 1, 1, 1, 1, 1, 1, 1, 1, 1, 1, 1, 1, 1, 1, 1, 1, 1, 1, 1, 1, 1, 1, 1, 1, 1, 1, 1, 1, 1, 1, 1, 1, 1, 1, 1, 1, 1, 1, 1, 1, 1, 1, 1, 1, 1, 1]]

means=tensor([3.2098e-06, 0.0000e+00, 0.0000e+00, 0.0000e+00, 1.5949e-04, 1.4075e-05,
        1.8189e-04, 2.7466e-07, 0.0000e+00, 0.0000e+00, 0.0000e+00, 3.8323e-04,
        2.1478e-04, 1.0547e-04, 2.4688e-05, 6.0992e-06, 1.3297e-05, 9.6152e-06,
        8.3154e-06, 1.0130e-05, 5.0608e-05, 1.4145e-04, 2.8142e-05, 5.2814e-05,
        2.6884e-05, 4.4813e-05, 3.4831e-06, 1.5130e-05, 5.2231e-06, 1.7491e-05,
        3.7787e-05, 5.2437e-05, 1.2914e-05, 1.5925e-05, 6.8511e-06, 1.8683e-05,
        6.0940e-05, 1.1064e-05, 3.6455e-06, 1.0749e-04, 1.2840e-05, 8.0779e-05,
        3.8884e-05, 1.5207e-05, 8.0813e-06, 2.4975e-05, 6.9606e-06, 2.5704e-06,
        1.2083e-05, 3.9574e-05, 1.1578e-04, 3.2964e-06, 3.1296e-05, 6.0650e-05,
        6.0379e-05, 2.5943e-05, 2.3508e-05, 8.1102e-05, 1.5037e-05, 1.4076e-05,
        1.4619e-05, 2.1892e-05, 2.7595e-05, 2.2325e-05, 2.5192e-05, 9.4743e-05,
        4.1287e-06, 5.6625e-05, 7.5905e-05, 4.5508e-05, 1.6671e-05, 8.5050e-06,
        5.3922e-05, 7.7380e-05, 2.3934e-05, 3.9113e-06, 1.7400e-05, 1.3869e-05,
        2.8703e-07, 5.7829e-06, 1.3445e-05, 4.6844e-05, 5.6551e-05, 5.7473e-06,
        4.3632e-06, 1.5283e-05, 8.4175e-07, 8.6802e-06, 1.2696e-04, 2.3159e-05,
        3.7562e-05, 5.8497e-05, 3.7860e-05, 1.1142e-05, 1.9171e-05, 2.9128e-05,
        1.0947e-05, 1.5973e-05, 8.5346e-05, 4.9662e-05, 3.4404e-05, 1.9636e-05,
        2.3596e-05, 3.7572e-05, 5.0748e-06, 1.4329e-04, 3.3423e-05, 3.5665e-05,
        5.0982e-06, 1.8190e-05, 5.2520e-05, 1.7642e-05, 8.2283e-07],
       grad_fn=<CatBackward>)

mean_overall=tensor(3.7307e-05, grad_fn=<MeanBackward0>)

-----------------------------------------------ITERATION190-----------------------------------------------

final_causality=[[1, 1, 1, 1, 1, 1, 1, 1, 1, 1, 1, 1, 1], [1, 1, 1, 1, 1, 1, 1, 1, 1, 1, 1, 1, 1, 1, 1, 1, 1, 1, 1, 1, 1, 1, 1, 1, 1, 1, 1, 1, 1, 1, 1, 1, 1, 1, 1, 1, 1, 1, 1, 1, 1, 1, 1, 1, 1, 1, 1, 1, 1, 1], [1, 1, 1, 1, 1, 1, 1, 1, 1, 1, 1, 1, 1, 1, 1, 1, 1, 1, 1, 1, 1, 1, 1, 1, 1, 1, 1, 1, 1, 1, 1, 1, 1, 1, 1, 1, 1, 1, 1, 1, 1, 1, 1, 1, 1, 1, 1, 1, 1, 1]]

means=tensor([8.2883e-06, 0.0000e+00, 0.0000e+00, 0.0000e+00, 1.6981e-04, 1.0283e-05,
        1.9265e-04, 2.9644e-06, 0.0000e+00, 0.0000e+00, 0.0000e+00, 4.3284e-04,
        2.4132e-04, 1.0948e-04, 2.5395e-05, 5.7768e-06, 1.3252e-05, 8.3405e-06,
        1.0327e-05, 1.0394e-05, 5.0900e-05, 1.4841e-04, 2.8779e-05, 5.2322e-05,
        2.5919e-05, 4.5803e-05, 2.9882e-06, 1.3098e-05, 4.4633e-06, 1.7953e-05,
        3.9892e-05, 5.5656e-05, 1.3088e-05, 1.8218e-05, 7.7655e-06, 1.7796e-05,
        5.8966e-05, 1.1159e-05, 3.5132e-06, 1.1249e-04, 1.2503e-05, 8.5466e-05,
        4.3141e-05, 1.6214e-05, 9.6190e-06, 2.4009e-05, 7.4623e-06, 2.2557e-06,
        1.3054e-05, 4.4833e-05, 1.2129e-04, 2.9811e-06, 3.3189e-05, 6.6225e-05,
        6.2825e-05, 2.6875e-05, 2.1944e-05, 8.0029e-05, 1.6422e-05, 1.2910e-05,
        1.6257e-05, 2.2430e-05, 2.6759e-05, 2.2850e-05, 2.5750e-05, 1.0043e-04,
        4.1972e-06, 5.5218e-05, 7.4474e-05, 4.6913e-05, 1.8008e-05, 8.3364e-06,
        5.4916e-05, 8.1393e-05, 2.2400e-05, 3.7292e-06, 1.8270e-05, 1.4276e-05,
        2.5156e-07, 5.8015e-06, 1.4157e-05, 4.4327e-05, 5.7863e-05, 6.1363e-06,
        4.6085e-06, 1.5302e-05, 7.9928e-07, 8.8303e-06, 1.3299e-04, 2.3856e-05,
        4.0342e-05, 5.9309e-05, 3.5837e-05, 1.1594e-05, 1.9107e-05, 3.0418e-05,
        9.8360e-06, 1.6495e-05, 9.1313e-05, 5.2735e-05, 3.5331e-05, 1.8952e-05,
        2.0936e-05, 3.9641e-05, 5.1727e-06, 1.4922e-04, 3.3777e-05, 3.9795e-05,
        5.3030e-06, 1.8944e-05, 5.0651e-05, 1.8522e-05, 8.6269e-07],
       grad_fn=<CatBackward>)

mean_overall=tensor(3.9019e-05, grad_fn=<MeanBackward0>)

-----------------------------------------------ITERATION200-----------------------------------------------

final_causality=[[1, 1, 1, 1, 1, 1, 1, 1, 1, 1, 1, 1, 1], [1, 1, 1, 1, 1, 1, 1, 1, 1, 1, 1, 1, 1, 1, 1, 1, 1, 1, 1, 1, 1, 1, 1, 1, 1, 1, 1, 1, 1, 1, 1, 1, 1, 1, 1, 1, 1, 1, 1, 1, 1, 1, 1, 1, 1, 1, 1, 1, 1, 1], [1, 1, 1, 1, 1, 1, 1, 1, 1, 1, 1, 1, 1, 1, 1, 1, 1, 1, 1, 1, 1, 1, 1, 1, 1, 1, 1, 1, 1, 1, 1, 1, 1, 1, 1, 1, 1, 1, 1, 1, 1, 1, 1, 1, 1, 1, 1, 1, 1, 1]]

means=tensor([1.3729e-05, 0.0000e+00, 0.0000e+00, 0.0000e+00, 1.8104e-04, 6.1600e-06,
        2.0434e-04, 6.6596e-06, 0.0000e+00, 0.0000e+00, 0.0000e+00, 4.8522e-04,
        2.6949e-04, 1.1367e-04, 2.6158e-05, 5.4668e-06, 1.3218e-05, 7.0766e-06,
        1.2541e-05, 1.0739e-05, 5.1198e-05, 1.5583e-04, 2.9466e-05, 5.1876e-05,
        2.4996e-05, 4.7477e-05, 2.5023e-06, 1.1093e-05, 3.7314e-06, 1.8451e-05,
        4.2180e-05, 5.9121e-05, 1.3296e-05, 2.0797e-05, 8.7644e-06, 1.6979e-05,
        5.7031e-05, 1.1281e-05, 3.3920e-06, 1.1780e-04, 1.2182e-05, 9.0485e-05,
        4.7869e-05, 1.7335e-05, 1.1375e-05, 2.3138e-05, 8.0182e-06, 1.9453e-06,
        1.4129e-05, 5.0753e-05, 1.2718e-04, 2.6856e-06, 3.5229e-05, 7.2336e-05,
        6.5428e-05, 2.7873e-05, 2.0424e-05, 7.8980e-05, 1.7885e-05, 1.1773e-05,
        1.8082e-05, 2.3037e-05, 2.5943e-05, 2.3411e-05, 2.6370e-05, 1.0646e-04,
        4.2750e-06, 5.3795e-05, 7.3011e-05, 4.8421e-05, 1.9424e-05, 8.1763e-06,
        5.6029e-05, 8.6276e-05, 2.0986e-05, 3.5451e-06, 1.9281e-05, 1.4726e-05,
        2.1477e-07, 5.8298e-06, 1.4997e-05, 4.1744e-05, 5.9276e-05, 6.5664e-06,
        4.8794e-06, 1.5350e-05, 7.5858e-07, 8.9611e-06, 1.3937e-04, 2.4583e-05,
        4.3273e-05, 6.0195e-05, 3.5932e-05, 1.2077e-05, 1.9040e-05, 3.2278e-05,
        9.4677e-06, 1.7080e-05, 9.7596e-05, 5.7321e-05, 3.6356e-05, 1.8217e-05,
        1.8306e-05, 4.1776e-05, 5.4629e-06, 1.5548e-04, 3.4132e-05, 4.4151e-05,
        5.5205e-06, 1.9762e-05, 4.8752e-05, 1.9489e-05, 9.0534e-07],
       grad_fn=<CatBackward>)

mean_overall=tensor(4.0939e-05, grad_fn=<MeanBackward0>)

-----------------------------------------------ITERATION210-----------------------------------------------

final_causality=[[1, 1, 1, 1, 1, 1, 1, 1, 1, 1, 1, 1, 1], [1, 1, 1, 1, 1, 1, 1, 1, 1, 1, 1, 1, 1, 1, 1, 1, 1, 1, 1, 1, 1, 1, 1, 1, 1, 1, 1, 1, 1, 1, 1, 1, 1, 1, 1, 1, 1, 1, 1, 1, 1, 1, 1, 1, 1, 1, 1, 1, 1, 1], [1, 1, 1, 1, 1, 1, 1, 1, 1, 1, 1, 1, 1, 1, 1, 1, 1, 1, 1, 1, 1, 1, 1, 1, 1, 1, 1, 1, 1, 1, 1, 1, 1, 1, 1, 1, 1, 1, 1, 1, 1, 1, 1, 1, 1, 1, 1, 1, 1, 1]]

means=tensor([1.9579e-05, 0.0000e+00, 0.0000e+00, 0.0000e+00, 1.9328e-04, 6.6995e-07,
        2.1704e-04, 1.0654e-05, 0.0000e+00, 0.0000e+00, 0.0000e+00, 5.4061e-04,
        2.9945e-04, 1.1805e-04, 2.7401e-05, 5.1711e-06, 1.3200e-05, 5.8250e-06,
        1.5005e-05, 1.1173e-05, 5.1507e-05, 1.6372e-04, 3.0237e-05, 5.1480e-05,
        2.4114e-05, 4.9404e-05, 2.0217e-06, 9.1080e-06, 3.0217e-06, 1.8989e-05,
        4.4854e-05, 6.2854e-05, 1.3539e-05, 2.3702e-05, 9.8615e-06, 1.6236e-05,
        5.5272e-05, 1.1435e-05, 3.2806e-06, 1.2344e-04, 1.1874e-05, 9.5882e-05,
        5.3106e-05, 1.8576e-05, 1.3391e-05, 2.2334e-05, 8.6364e-06, 1.6407e-06,
        1.5321e-05, 5.7398e-05, 1.3347e-04, 2.4068e-06, 3.7426e-05, 7.9017e-05,
        6.8204e-05, 2.8944e-05, 1.8951e-05, 7.7952e-05, 1.9432e-05, 1.0660e-05,
        2.0121e-05, 2.3674e-05, 2.5575e-05, 2.4014e-05, 2.7160e-05, 1.1287e-04,
        4.3625e-06, 5.2349e-05, 7.1505e-05, 5.0043e-05, 2.0925e-05, 8.0218e-06,
        5.7271e-05, 9.1511e-05, 1.9657e-05, 3.3696e-06, 2.0446e-05, 1.5237e-05,
        1.7586e-07, 5.8692e-06, 1.5907e-05, 3.9086e-05, 6.0801e-05, 7.0481e-06,
        5.1783e-06, 1.5432e-05, 7.1904e-07, 9.0688e-06, 1.4612e-04, 2.5664e-05,
        4.6365e-05, 6.1202e-05, 3.6952e-05, 1.2595e-05, 1.8968e-05, 3.4467e-05,
        9.4572e-06, 1.7732e-05, 1.0421e-04, 6.2231e-05, 3.7482e-05, 1.7588e-05,
        1.5894e-05, 4.4254e-05, 5.7834e-06, 1.6209e-04, 3.4482e-05, 4.8746e-05,
        5.7528e-06, 2.0648e-05, 4.6815e-05, 2.0551e-05, 9.5155e-07],
       grad_fn=<CatBackward>)

mean_overall=tensor(4.3046e-05, grad_fn=<MeanBackward0>)

-----------------------------------------------ITERATION220-----------------------------------------------

final_causality=[[1, 1, 1, 1, 1, 1, 1, 1, 1, 1, 1, 1, 1], [1, 1, 1, 1, 1, 1, 1, 1, 1, 1, 1, 1, 1, 1, 1, 1, 1, 1, 1, 1, 1, 1, 1, 1, 1, 1, 1, 1, 1, 1, 1, 1, 1, 1, 1, 1, 1, 1, 1, 1, 1, 1, 1, 1, 1, 1, 1, 1, 1, 1], [1, 1, 1, 1, 1, 1, 1, 1, 1, 1, 1, 1, 1, 1, 1, 1, 1, 1, 1, 1, 1, 1, 1, 1, 1, 1, 1, 1, 1, 1, 1, 1, 1, 1, 1, 1, 1, 1, 1, 1, 1, 1, 1, 1, 1, 1, 1, 1, 1, 1]]

means=tensor([2.5887e-05, 0.0000e+00, 0.0000e+00, 0.0000e+00, 2.0662e-04, 6.4672e-06,
        2.3088e-04, 1.4982e-05, 0.0000e+00, 0.0000e+00, 0.0000e+00, 5.9928e-04,
        3.3137e-04, 1.2263e-04, 2.8971e-05, 4.8885e-06, 1.3196e-05, 4.5822e-06,
        1.7764e-05, 1.1650e-05, 5.1824e-05, 1.7212e-04, 3.1230e-05, 5.1135e-05,
        2.3275e-05, 5.1441e-05, 1.5460e-06, 7.1405e-06, 2.3315e-06, 1.9570e-05,
        4.7722e-05, 6.6870e-05, 1.3821e-05, 2.6966e-05, 1.1066e-05, 1.5522e-05,
        5.3676e-05, 1.1621e-05, 3.1783e-06, 1.2942e-04, 1.1582e-05, 1.0246e-04,
        5.8898e-05, 2.0346e-05, 1.5707e-05, 2.1561e-05, 9.3218e-06, 1.3403e-06,
        1.6643e-05, 6.4846e-05, 1.4018e-04, 2.1462e-06, 3.9794e-05, 8.6314e-05,
        7.1157e-05, 3.0091e-05, 1.7524e-05, 7.6951e-05, 2.1073e-05, 9.5730e-06,
        2.2393e-05, 2.4342e-05, 2.5698e-05, 2.4660e-05, 2.8276e-05, 1.1968e-04,
        4.4606e-06, 5.0871e-05, 6.9946e-05, 5.1790e-05, 2.2521e-05, 7.8686e-06,
        5.8651e-05, 9.7119e-05, 1.8692e-05, 3.2700e-06, 2.1775e-05, 1.5874e-05,
        1.3499e-07, 5.9216e-06, 1.6880e-05, 3.6342e-05, 6.2452e-05, 7.5836e-06,
        5.5076e-06, 1.5552e-05, 6.8082e-07, 9.1501e-06, 1.5326e-04, 2.7112e-05,
        4.9629e-05, 6.2571e-05, 3.8049e-05, 1.3153e-05, 1.8890e-05, 3.6771e-05,
        1.0379e-05, 1.8458e-05, 1.1119e-04, 6.7485e-05, 3.8717e-05, 1.8288e-05,
        1.3711e-05, 4.7181e-05, 6.1712e-06, 1.6908e-04, 3.4822e-05, 5.3594e-05,
        6.0195e-06, 2.1607e-05, 4.4827e-05, 2.1715e-05, 1.0014e-06],
       grad_fn=<CatBackward>)

mean_overall=tensor(4.5486e-05, grad_fn=<MeanBackward0>)

-----------------------------------------------ITERATION230-----------------------------------------------

final_causality=[[1, 1, 1, 1, 1, 1, 1, 1, 1, 1, 1, 1, 1], [1, 1, 1, 1, 1, 1, 1, 1, 1, 1, 1, 1, 1, 1, 1, 1, 1, 1, 1, 1, 1, 1, 1, 1, 1, 1, 1, 1, 1, 1, 1, 1, 1, 1, 1, 1, 1, 1, 1, 1, 1, 1, 1, 1, 1, 1, 1, 1, 1, 1], [1, 1, 1, 1, 1, 1, 1, 1, 1, 1, 1, 1, 1, 1, 1, 1, 1, 1, 1, 1, 1, 1, 1, 1, 1, 1, 1, 1, 1, 1, 1, 1, 1, 1, 1, 1, 1, 1, 1, 1, 1, 1, 1, 1, 1, 1, 1, 1, 1, 1]]

means=tensor([3.2703e-05, 0.0000e+00, 0.0000e+00, 0.0000e+00, 2.2118e-04, 1.1868e-05,
        2.4596e-04, 1.9681e-05, 0.0000e+00, 0.0000e+00, 0.0000e+00, 6.6154e-04,
        3.6547e-04, 1.2742e-04, 3.0647e-05, 4.6500e-06, 1.3209e-05, 3.3470e-06,
        2.0872e-05, 1.2175e-05, 5.2152e-05, 1.8104e-04, 3.2297e-05, 5.0844e-05,
        2.2479e-05, 5.3593e-05, 1.0723e-06, 5.1832e-06, 1.6556e-06, 2.0196e-05,
        5.0798e-05, 7.1187e-05, 1.4418e-05, 3.0629e-05, 1.2393e-05, 1.4835e-05,
        5.2125e-05, 1.1842e-05, 3.0863e-06, 1.3576e-04, 1.1306e-05, 1.0961e-04,
        6.5289e-05, 2.2439e-05, 1.8368e-05, 2.0822e-05, 1.0082e-05, 1.0440e-06,
        1.8107e-05, 7.3175e-05, 1.4733e-04, 1.9023e-06, 4.2347e-05, 9.4280e-05,
        7.4298e-05, 3.1505e-05, 1.6144e-05, 7.5976e-05, 2.2817e-05, 8.5097e-06,
        2.4928e-05, 2.5044e-05, 2.5832e-05, 2.5355e-05, 3.0400e-05, 1.2692e-04,
        4.5698e-06, 4.9351e-05, 6.8321e-05, 5.3677e-05, 2.4221e-05, 7.7120e-06,
        6.0180e-05, 1.0312e-04, 1.7698e-05, 3.1665e-06, 2.3281e-05, 1.6576e-05,
        9.1681e-08, 5.9891e-06, 1.7922e-05, 3.6485e-05, 6.4241e-05, 8.1751e-06,
        6.1698e-06, 1.5712e-05, 6.4362e-07, 9.2010e-06, 1.6082e-04, 2.8639e-05,
        5.3078e-05, 6.4095e-05, 3.9229e-05, 1.3753e-05, 1.8804e-05, 3.9208e-05,
        1.1432e-05, 1.9264e-05, 1.1855e-04, 7.3106e-05, 4.0068e-05, 1.9077e-05,
        1.1796e-05, 5.0233e-05, 6.6158e-06, 1.7648e-04, 3.5144e-05, 5.8711e-05,
        6.3253e-06, 2.2648e-05, 4.2777e-05, 2.2988e-05, 1.0556e-06],
       grad_fn=<CatBackward>)

mean_overall=tensor(4.8164e-05, grad_fn=<MeanBackward0>)

-----------------------------------------------ITERATION240-----------------------------------------------

final_causality=[[1, 1, 1, 1, 1, 1, 1, 1, 1, 1, 1, 1, 1], [1, 1, 1, 1, 1, 1, 1, 1, 1, 1, 1, 1, 1, 1, 1, 1, 1, 1, 1, 1, 1, 1, 1, 1, 1, 1, 1, 1, 1, 1, 1, 1, 1, 1, 1, 1, 1, 1, 1, 1, 1, 1, 1, 1, 1, 1, 1, 1, 1, 1], [1, 1, 1, 1, 1, 1, 1, 1, 1, 1, 1, 1, 1, 1, 1, 1, 1, 1, 1, 1, 1, 1, 1, 1, 1, 1, 1, 1, 1, 1, 1, 1, 1, 1, 1, 1, 1, 1, 1, 1, 1, 1, 1, 1, 1, 1, 1, 1, 1, 1]]

means=tensor([4.0084e-05, 0.0000e+00, 0.0000e+00, 0.0000e+00, 2.3708e-04, 1.7816e-05,
        2.6239e-04, 2.4789e-05, 0.0000e+00, 0.0000e+00, 0.0000e+00, 7.2767e-04,
        4.0194e-04, 1.3242e-04, 3.2437e-05, 4.4410e-06, 1.3239e-05, 2.1163e-06,
        2.4382e-05, 1.2750e-05, 5.2490e-05, 1.9051e-04, 3.3501e-05, 5.0609e-05,
        2.1787e-05, 5.5869e-05, 5.9859e-07, 3.2303e-06, 9.8935e-07, 2.0870e-05,
        5.4098e-05, 7.5822e-05, 1.5076e-05, 3.4731e-05, 1.3853e-05, 1.4177e-05,
        5.0619e-05, 1.2100e-05, 3.0046e-06, 1.4247e-04, 1.1045e-05, 1.1728e-04,
        7.2329e-05, 2.4777e-05, 2.1422e-05, 2.0116e-05, 1.0924e-05, 7.5052e-07,
        1.9752e-05, 8.2471e-05, 1.5496e-04, 1.6753e-06, 4.5100e-05, 1.0305e-04,
        7.7637e-05, 3.3075e-05, 1.4807e-05, 7.5029e-05, 2.4674e-05, 7.4697e-06,
        2.7750e-05, 2.5781e-05, 2.5979e-05, 2.6101e-05, 3.3398e-05, 1.3461e-04,
        4.6911e-06, 4.7779e-05, 6.6733e-05, 5.5714e-05, 2.6038e-05, 7.5857e-06,
        6.1868e-05, 1.0954e-04, 1.6674e-05, 3.0582e-06, 2.4974e-05, 1.7348e-05,
        4.5771e-08, 6.0739e-06, 1.9040e-05, 3.7345e-05, 6.6185e-05, 8.8293e-06,
        7.0282e-06, 1.6176e-05, 6.0743e-07, 9.2178e-06, 1.6880e-04, 3.0257e-05,
        5.6723e-05, 6.5792e-05, 4.0499e-05, 1.4400e-05, 1.8707e-05, 4.1792e-05,
        1.2546e-05, 2.0239e-05, 1.2632e-04, 7.9113e-05, 4.1545e-05, 1.9964e-05,
        9.7258e-06, 5.3424e-05, 7.1034e-06, 1.8432e-04, 3.5517e-05, 6.4112e-05,
        6.6540e-06, 2.3776e-05, 4.1066e-05, 2.4375e-05, 1.1144e-06],
       grad_fn=<CatBackward>)

mean_overall=tensor(5.1083e-05, grad_fn=<MeanBackward0>)

-----------------------------------------------ITERATION250-----------------------------------------------

final_causality=[[1, 1, 1, 1, 1, 1, 1, 1, 1, 1, 1, 1, 1], [1, 1, 1, 1, 1, 1, 1, 1, 1, 1, 1, 1, 1, 1, 1, 1, 1, 1, 1, 1, 1, 1, 1, 1, 1, 1, 1, 1, 1, 1, 1, 1, 1, 1, 1, 1, 1, 1, 1, 1, 1, 1, 1, 1, 1, 1, 1, 1, 1, 1], [1, 1, 1, 1, 1, 1, 1, 1, 1, 1, 1, 1, 1, 1, 1, 1, 1, 1, 1, 1, 1, 1, 1, 1, 1, 1, 1, 1, 1, 1, 1, 1, 1, 1, 1, 1, 1, 1, 1, 1, 1, 1, 1, 1, 1, 1, 1, 1, 1, 1]]

means=tensor([4.8089e-05, 0.0000e+00, 0.0000e+00, 0.0000e+00, 2.5443e-04, 2.4380e-05,
        2.8032e-04, 3.0348e-05, 0.0000e+00, 0.0000e+00, 0.0000e+00, 7.9799e-04,
        4.4100e-04, 1.3764e-04, 3.4350e-05, 4.2428e-06, 1.3286e-05, 8.8719e-07,
        2.8402e-05, 1.3382e-05, 5.2840e-05, 2.0056e-04, 3.4790e-05, 5.0430e-05,
        2.1162e-05, 5.8275e-05, 1.2180e-07, 1.2733e-06, 3.2665e-07, 2.1595e-05,
        5.7635e-05, 8.0795e-05, 1.5800e-05, 3.9314e-05, 1.5461e-05, 1.3547e-05,
        4.9159e-05, 1.2397e-05, 2.9337e-06, 1.4958e-04, 1.0802e-05, 1.2551e-04,
        8.0066e-05, 2.7524e-05, 2.4917e-05, 1.9443e-05, 1.1857e-05, 4.5927e-07,
        2.1702e-05, 9.2823e-05, 1.6308e-04, 1.4642e-06, 4.8069e-05, 1.1259e-04,
        8.1183e-05, 3.4759e-05, 1.3514e-05, 7.4431e-05, 2.6653e-05, 6.4507e-06,
        3.0890e-05, 2.6556e-05, 2.6142e-05, 2.6904e-05, 3.6643e-05, 1.4279e-04,
        4.8254e-06, 4.6147e-05, 6.5135e-05, 5.7914e-05, 2.7980e-05, 7.9719e-06,
        6.3725e-05, 1.1641e-04, 1.7297e-05, 2.9443e-06, 2.6866e-05, 1.8197e-05,
        3.2215e-09, 6.1786e-06, 2.0240e-05, 3.8256e-05, 6.8297e-05, 9.5529e-06,
        7.9786e-06, 1.6769e-05, 5.7210e-07, 9.1964e-06, 1.7725e-04, 3.1975e-05,
        6.0645e-05, 6.7680e-05, 4.1868e-05, 1.5099e-05, 1.8598e-05, 4.4541e-05,
        1.3797e-05, 2.1455e-05, 1.3452e-04, 8.5554e-05, 4.3156e-05, 2.0955e-05,
        9.9573e-06, 5.6801e-05, 7.6368e-06, 1.9263e-04, 3.5861e-05, 6.9815e-05,
        7.0076e-06, 2.4999e-05, 4.0478e-05, 2.5884e-05, 1.1826e-06],
       grad_fn=<CatBackward>)

mean_overall=tensor(5.4299e-05, grad_fn=<MeanBackward0>)

-----------------------------------------------ITERATION260-----------------------------------------------

final_causality=[[1, 1, 1, 1, 1, 1, 1, 1, 1, 1, 1, 1, 1], [1, 1, 1, 1, 1, 1, 1, 1, 1, 1, 1, 1, 1, 1, 1, 1, 1, 1, 1, 1, 1, 1, 1, 1, 1, 1, 1, 1, 1, 1, 1, 1, 1, 1, 1, 1, 1, 1, 1, 1, 1, 1, 1, 1, 1, 1, 1, 1, 1, 1], [1, 1, 1, 1, 1, 1, 1, 1, 1, 1, 1, 1, 1, 1, 1, 1, 1, 1, 1, 1, 1, 1, 1, 1, 1, 1, 1, 1, 1, 1, 1, 1, 1, 1, 1, 1, 1, 1, 1, 1, 1, 1, 1, 1, 1, 1, 1, 1, 1, 1]]

means=tensor([5.6778e-05, 0.0000e+00, 0.0000e+00, 0.0000e+00, 2.7336e-04, 3.1636e-05,
        2.9987e-04, 3.6402e-05, 0.0000e+00, 0.0000e+00, 0.0000e+00, 8.7283e-04,
        4.8288e-04, 1.4311e-04, 3.6395e-05, 4.0714e-06, 1.3353e-05, 3.7428e-07,
        3.3143e-05, 1.4073e-05, 5.3202e-05, 2.1120e-04, 3.6170e-05, 5.0310e-05,
        2.0578e-05, 6.0821e-05, 3.6885e-07, 5.5865e-07, 3.3795e-07, 2.2386e-05,
        6.1426e-05, 8.6123e-05, 1.6594e-05, 4.4422e-05, 1.7358e-05, 1.2948e-05,
        4.7748e-05, 1.2736e-05, 2.8739e-06, 1.5710e-04, 1.0575e-05, 1.3433e-04,
        8.8550e-05, 3.0757e-05, 2.8908e-05, 1.8805e-05, 1.2889e-05, 1.6907e-07,
        2.3905e-05, 1.0433e-04, 1.7173e-04, 1.2687e-06, 5.1272e-05, 1.2295e-04,
        8.4946e-05, 3.6562e-05, 1.2262e-05, 7.4915e-05, 2.8767e-05, 5.4512e-06,
        3.4380e-05, 2.7370e-05, 2.6320e-05, 2.7768e-05, 4.0152e-05, 1.5148e-04,
        4.9738e-06, 4.4443e-05, 6.3438e-05, 6.0290e-05, 3.0062e-05, 8.4462e-06,
        6.5763e-05, 1.2373e-04, 1.9024e-05, 2.8240e-06, 2.8969e-05, 1.9277e-05,
        5.6613e-08, 6.3057e-06, 2.1540e-05, 3.9222e-05, 7.0592e-05, 1.0354e-05,
        9.0064e-06, 1.7462e-05, 5.3756e-07, 9.3607e-06, 1.8617e-04, 3.3804e-05,
        6.4846e-05, 6.9778e-05, 4.3552e-05, 1.5853e-05, 1.8559e-05, 4.7475e-05,
        1.5286e-05, 2.2798e-05, 1.4319e-04, 9.2503e-05, 4.4911e-05, 2.2058e-05,
        1.3495e-05, 6.0359e-05, 8.3159e-06, 2.0146e-04, 3.6162e-05, 7.5839e-05,
        7.3881e-06, 2.6325e-05, 3.9857e-05, 2.7521e-05, 1.2611e-06],
       grad_fn=<CatBackward>)

mean_overall=tensor(5.7865e-05, grad_fn=<MeanBackward0>)

-----------------------------------------------ITERATION270-----------------------------------------------

final_causality=[[1, 1, 1, 1, 1, 1, 1, 1, 1, 1, 1, 1, 1], [1, 1, 1, 1, 1, 1, 1, 1, 1, 1, 1, 1, 1, 1, 1, 1, 1, 1, 1, 1, 1, 1, 1, 1, 1, 1, 1, 1, 1, 1, 1, 1, 1, 1, 1, 1, 1, 1, 1, 1, 1, 1, 1, 1, 1, 1, 1, 1, 1, 1], [1, 1, 1, 1, 1, 1, 1, 1, 1, 1, 1, 1, 1, 1, 1, 1, 1, 1, 1, 1, 1, 1, 1, 1, 1, 1, 1, 1, 1, 1, 1, 1, 1, 1, 1, 1, 1, 1, 1, 1, 1, 1, 1, 1, 1, 1, 1, 1, 1, 1]]

means=tensor([6.6217e-05, 0.0000e+00, 0.0000e+00, 0.0000e+00, 2.9400e-04, 3.9667e-05,
        3.2119e-04, 4.2995e-05, 0.0000e+00, 0.0000e+00, 0.0000e+00, 9.5252e-04,
        5.2783e-04, 1.4881e-04, 3.8876e-05, 4.0056e-06, 1.3439e-05, 1.5338e-06,
        3.8540e-05, 1.4829e-05, 5.3576e-05, 2.2247e-04, 3.7647e-05, 5.0251e-05,
        2.0036e-05, 6.3512e-05, 8.8556e-07, 2.3586e-06, 9.8115e-07, 2.3573e-05,
        6.5487e-05, 9.1826e-05, 1.7466e-05, 5.0159e-05, 1.9532e-05, 1.2378e-05,
        4.6386e-05, 1.3119e-05, 2.8256e-06, 1.6505e-04, 1.0365e-05, 1.4375e-04,
        9.7832e-05, 3.4370e-05, 3.3448e-05, 1.8199e-05, 1.4030e-05, 1.2794e-07,
        2.6352e-05, 1.1707e-04, 1.8094e-04, 1.0881e-06, 5.4725e-05, 1.3418e-04,
        8.8937e-05, 3.8542e-05, 1.1049e-05, 7.5442e-05, 3.1027e-05, 4.4690e-06,
        3.8251e-05, 2.8226e-05, 2.6517e-05, 2.8697e-05, 4.3943e-05, 1.6071e-04,
        5.1372e-06, 4.4419e-05, 6.1627e-05, 6.2856e-05, 3.2296e-05, 8.9703e-06,
        6.7993e-05, 1.3155e-04, 2.0893e-05, 2.6963e-06, 3.1295e-05, 2.0543e-05,
        1.1401e-07, 6.4581e-06, 2.2949e-05, 4.0248e-05, 7.3087e-05, 1.1241e-05,
        1.0117e-05, 1.8261e-05, 5.0377e-07, 9.7174e-06, 1.9572e-04, 3.5756e-05,
        6.9296e-05, 7.2106e-05, 4.6566e-05, 1.6668e-05, 1.8651e-05, 5.0612e-05,
        1.6868e-05, 2.4277e-05, 1.5234e-04, 9.9908e-05, 4.6819e-05, 2.3280e-05,
        1.7298e-05, 6.4107e-05, 9.1735e-06, 2.1083e-04, 3.6413e-05, 8.2201e-05,
        7.9742e-06, 2.7763e-05, 3.9199e-05, 2.9294e-05, 1.3469e-06],
       grad_fn=<CatBackward>)

mean_overall=tensor(6.1803e-05, grad_fn=<MeanBackward0>)

-----------------------------------------------ITERATION280-----------------------------------------------

final_causality=[[1, 1, 1, 1, 1, 1, 1, 1, 1, 1, 1, 1, 1], [1, 1, 1, 1, 1, 1, 1, 1, 1, 1, 1, 1, 1, 1, 1, 1, 1, 1, 1, 1, 1, 1, 1, 1, 1, 1, 1, 1, 1, 1, 1, 1, 1, 1, 1, 1, 1, 1, 1, 1, 1, 1, 1, 1, 1, 1, 1, 1, 1, 1], [1, 1, 1, 1, 1, 1, 1, 1, 1, 1, 1, 1, 1, 1, 1, 1, 1, 1, 1, 1, 1, 1, 1, 1, 1, 1, 1, 1, 1, 1, 1, 1, 1, 1, 1, 1, 1, 1, 1, 1, 1, 1, 1, 1, 1, 1, 1, 1, 1, 1]]

means=tensor([7.6472e-05, 0.0000e+00, 0.0000e+00, 0.0000e+00, 3.1649e-04, 4.8564e-05,
        3.4443e-04, 5.0173e-05, 0.0000e+00, 0.0000e+00, 0.0000e+00, 1.0374e-03,
        5.7609e-04, 1.5478e-04, 4.1609e-05, 3.9450e-06, 1.3546e-05, 2.7025e-06,
        4.4666e-05, 1.5655e-05, 5.3964e-05, 2.3438e-04, 4.0357e-05, 5.0253e-05,
        1.9536e-05, 6.6359e-05, 1.4164e-06, 4.1870e-06, 1.6409e-06, 2.4846e-05,
        6.9835e-05, 9.7922e-05, 1.8424e-05, 5.6806e-05, 2.2050e-05, 1.1838e-05,
        4.5102e-05, 1.3549e-05, 2.7889e-06, 1.7344e-04, 1.0172e-05, 1.5382e-04,
        1.0796e-04, 3.8401e-05, 3.8594e-05, 1.7628e-05, 1.5292e-05, 4.0713e-07,
        2.9066e-05, 1.3117e-04, 1.9072e-04, 9.2190e-07, 5.8448e-05, 1.4632e-04,
        9.3166e-05, 4.1109e-05, 9.8718e-06, 7.6011e-05, 3.3445e-05, 3.5018e-06,
        4.2539e-05, 2.9124e-05, 2.6733e-05, 2.9698e-05, 4.8329e-05, 1.7052e-04,
        5.3170e-06, 4.5674e-05, 5.9687e-05, 6.6303e-05, 3.4693e-05, 9.5537e-06,
        7.0426e-05, 1.3988e-04, 2.2916e-05, 2.5604e-06, 3.3858e-05, 2.1927e-05,
        1.7598e-07, 6.6460e-06, 2.4466e-05, 4.3890e-05, 7.5796e-05, 1.2223e-05,
        1.1316e-05, 1.9173e-05, 4.7069e-07, 1.0098e-05, 2.0582e-04, 3.7842e-05,
        7.4010e-05, 7.4684e-05, 5.3629e-05, 1.7548e-05, 1.9785e-05, 5.4188e-05,
        1.8548e-05, 2.5940e-05, 1.6201e-04, 1.0779e-04, 4.9115e-05, 2.4629e-05,
        2.2062e-05, 6.8061e-05, 1.0108e-05, 2.2079e-04, 3.6605e-05, 8.8921e-05,
        8.7653e-06, 2.9321e-05, 3.8499e-05, 3.1408e-05, 1.4409e-06],
       grad_fn=<CatBackward>)

mean_overall=tensor(6.6166e-05, grad_fn=<MeanBackward0>)

-----------------------------------------------ITERATION290-----------------------------------------------

final_causality=[[1, 1, 1, 1, 1, 1, 1, 1, 1, 1, 1, 1, 1], [1, 1, 1, 1, 1, 1, 1, 1, 1, 1, 1, 1, 1, 1, 1, 1, 1, 1, 1, 1, 1, 1, 1, 1, 1, 1, 1, 1, 1, 1, 1, 1, 1, 1, 1, 1, 1, 1, 1, 1, 1, 1, 1, 1, 1, 1, 1, 1, 1, 1], [1, 1, 1, 1, 1, 1, 1, 1, 1, 1, 1, 1, 1, 1, 1, 1, 1, 1, 1, 1, 1, 1, 1, 1, 1, 1, 1, 1, 1, 1, 1, 1, 1, 1, 1, 1, 1, 1, 1, 1, 1, 1, 1, 1, 1, 1, 1, 1, 1, 1]]

means=tensor([8.7612e-05, 0.0000e+00, 0.0000e+00, 0.0000e+00, 3.4096e-04, 5.8424e-05,
        3.6974e-04, 5.7986e-05, 0.0000e+00, 0.0000e+00, 0.0000e+00, 1.1278e-03,
        6.2792e-04, 1.6101e-04, 4.4534e-05, 3.8897e-06, 1.3675e-05, 3.8841e-06,
        5.1594e-05, 1.6555e-05, 5.4365e-05, 2.4698e-04, 4.3370e-05, 5.0317e-05,
        1.9078e-05, 6.9369e-05, 1.9660e-06, 6.0539e-06, 2.3250e-06, 2.6212e-05,
        7.4485e-05, 1.0443e-04, 1.9475e-05, 6.4181e-05, 2.4884e-05, 1.1329e-05,
        4.4167e-05, 1.4028e-05, 2.7643e-06, 1.8230e-04, 1.0170e-05, 1.6455e-04,
        1.1899e-04, 4.2889e-05, 4.4405e-05, 1.7089e-05, 1.6788e-05, 6.8861e-07,
        3.2174e-05, 1.4670e-04, 2.0111e-04, 7.6962e-07, 6.2460e-05, 1.5943e-04,
        9.7642e-05, 4.3863e-05, 8.7284e-06, 7.6626e-05, 3.6035e-05, 2.5471e-06,
        4.7281e-05, 3.0285e-05, 2.6969e-05, 3.0774e-05, 5.3703e-05, 1.8094e-04,
        5.5143e-06, 4.7033e-05, 5.7604e-05, 7.0196e-05, 3.7269e-05, 1.0206e-05,
        7.3073e-05, 1.4875e-04, 2.5103e-05, 2.5541e-06, 3.6668e-05, 2.3436e-05,
        2.4323e-07, 6.9127e-06, 2.6099e-05, 4.7947e-05, 7.8734e-05, 1.3312e-05,
        1.2608e-05, 2.0207e-05, 4.3833e-07, 1.0504e-05, 2.1649e-04, 4.0723e-05,
        7.9007e-05, 7.7533e-05, 6.1332e-05, 1.8498e-05, 2.1225e-05, 5.8071e-05,
        2.0334e-05, 2.7945e-05, 1.7223e-04, 1.1617e-04, 5.1631e-05, 2.6112e-05,
        2.7681e-05, 7.2239e-05, 1.1124e-05, 2.3138e-04, 3.6730e-05, 9.6018e-05,
        9.6203e-06, 3.1009e-05, 3.7754e-05, 3.3769e-05, 1.5440e-06],
       grad_fn=<CatBackward>)

mean_overall=tensor(7.0901e-05, grad_fn=<MeanBackward0>)

-----------------------------------------------ITERATION300-----------------------------------------------

final_causality=[[1, 1, 1, 1, 1, 1, 1, 1, 1, 1, 1, 1, 1], [1, 1, 1, 1, 1, 1, 1, 1, 1, 1, 1, 1, 1, 1, 1, 1, 1, 1, 1, 1, 1, 1, 1, 1, 1, 1, 1, 1, 1, 1, 1, 1, 1, 1, 1, 1, 1, 1, 1, 1, 1, 1, 1, 1, 1, 1, 1, 1, 1, 1], [1, 1, 1, 1, 1, 1, 1, 1, 1, 1, 1, 1, 1, 1, 1, 1, 1, 1, 1, 1, 1, 1, 1, 1, 1, 1, 1, 1, 1, 1, 1, 1, 1, 1, 1, 1, 1, 1, 1, 1, 1, 1, 1, 1, 1, 1, 1, 1, 1, 1]]

means=tensor([9.9710e-05, 0.0000e+00, 0.0000e+00, 0.0000e+00, 3.6754e-04, 6.9353e-05,
        3.9729e-04, 6.6480e-05, 0.0000e+00, 0.0000e+00, 0.0000e+00, 1.2241e-03,
        6.8357e-04, 1.6751e-04, 4.7664e-05, 3.8397e-06, 1.3825e-05, 5.0827e-06,
        5.9402e-05, 1.7534e-05, 5.4780e-05, 2.6026e-04, 4.6588e-05, 5.0446e-05,
        1.8661e-05, 7.2551e-05, 2.5394e-06, 7.9697e-06, 3.0417e-06, 2.7676e-05,
        7.9457e-05, 1.1140e-04, 2.0628e-05, 7.2337e-05, 2.8288e-05, 1.0850e-05,
        4.3277e-05, 1.4559e-05, 2.7518e-06, 1.9164e-04, 1.0276e-05, 1.7598e-04,
        1.3097e-04, 4.7876e-05, 5.0941e-05, 1.6583e-05, 1.8517e-05, 9.7364e-07,
        3.5743e-05, 1.6378e-04, 2.1214e-04, 6.3087e-07, 6.6780e-05, 1.7357e-04,
        1.0238e-04, 4.6818e-05, 7.6155e-06, 7.7287e-05, 3.8810e-05, 1.6025e-06,
        5.2514e-05, 3.1582e-05, 2.7228e-05, 3.1933e-05, 5.9487e-05, 1.9199e-04,
        5.8609e-06, 4.8507e-05, 5.5361e-05, 7.4409e-05, 4.0037e-05, 1.0936e-05,
        7.5947e-05, 1.5820e-04, 2.8433e-05, 2.6744e-06, 3.9741e-05, 2.5081e-05,
        3.1660e-07, 7.2222e-06, 2.7858e-05, 5.2214e-05, 8.1917e-05, 1.4521e-05,
        1.4001e-05, 2.1369e-05, 4.0671e-07, 1.0936e-05, 2.2774e-04, 4.4008e-05,
        8.4304e-05, 8.0672e-05, 6.9542e-05, 1.9533e-05, 2.2830e-05, 6.2233e-05,
        2.2231e-05, 3.0138e-05, 1.8302e-04, 1.2507e-04, 5.4359e-05, 2.7739e-05,
        3.3738e-05, 7.6661e-05, 1.2452e-05, 2.4262e-04, 3.6783e-05, 1.0351e-04,
        1.0742e-05, 3.2835e-05, 3.6958e-05, 3.6314e-05, 1.6572e-06],
       grad_fn=<CatBackward>)

mean_overall=tensor(7.6019e-05, grad_fn=<MeanBackward0>)

-----------------------------------------------ITERATION310-----------------------------------------------

final_causality=[[1, 1, 1, 1, 1, 1, 1, 1, 1, 1, 1, 1, 1], [1, 1, 1, 1, 1, 1, 1, 1, 1, 1, 1, 1, 1, 1, 1, 1, 1, 1, 1, 1, 1, 1, 1, 1, 1, 1, 1, 1, 1, 1, 1, 1, 1, 1, 1, 1, 1, 1, 1, 1, 1, 1, 1, 1, 1, 1, 1, 1, 1, 1], [1, 1, 1, 1, 1, 1, 1, 1, 1, 1, 1, 1, 1, 1, 1, 1, 1, 1, 1, 1, 1, 1, 1, 1, 1, 1, 1, 1, 1, 1, 1, 1, 1, 1, 1, 1, 1, 1, 1, 1, 1, 1, 1, 1, 1, 1, 1, 1, 1, 1]]

means=tensor([1.1284e-04, 0.0000e+00, 0.0000e+00, 0.0000e+00, 3.9639e-04, 8.1462e-05,
        4.2723e-04, 7.5707e-05, 0.0000e+00, 0.0000e+00, 0.0000e+00, 1.3265e-03,
        7.4331e-04, 1.7430e-04, 5.1013e-05, 3.7950e-06, 1.3999e-05, 6.3024e-06,
        6.8162e-05, 1.8599e-05, 5.5209e-05, 2.7427e-04, 5.0022e-05, 5.0639e-05,
        1.8285e-05, 7.5913e-05, 3.1422e-06, 9.9456e-06, 3.8002e-06, 2.9243e-05,
        8.4767e-05, 1.1950e-04, 2.1890e-05, 8.1326e-05, 3.2132e-05, 1.0402e-05,
        4.2431e-05, 1.5144e-05, 2.7518e-06, 2.0147e-04, 1.0394e-05, 1.8814e-04,
        1.4395e-04, 5.3407e-05, 5.8261e-05, 1.6109e-05, 2.0445e-05, 1.2635e-06,
        3.9699e-05, 1.8248e-04, 2.2384e-04, 5.0531e-07, 7.1429e-05, 1.8877e-04,
        1.0738e-04, 4.9983e-05, 6.5300e-06, 7.7998e-05, 4.1783e-05, 6.6525e-07,
        5.8276e-05, 3.2943e-05, 2.7510e-05, 3.3179e-05, 6.5703e-05, 2.0371e-04,
        6.3016e-06, 5.0171e-05, 5.2945e-05, 7.8962e-05, 4.3010e-05, 1.1753e-05,
        7.9434e-05, 1.6823e-04, 3.3621e-05, 2.8049e-06, 4.3088e-05, 2.6870e-05,
        3.9707e-07, 7.5782e-06, 2.9751e-05, 5.6704e-05, 8.5360e-05, 1.5862e-05,
        1.5501e-05, 2.2667e-05, 3.7588e-07, 1.1395e-05, 2.3960e-04, 4.7535e-05,
        8.9919e-05, 8.4121e-05, 7.8290e-05, 2.0912e-05, 2.4613e-05, 6.6693e-05,
        2.4247e-05, 3.2533e-05, 1.9442e-04, 1.3451e-04, 5.7313e-05, 3.0776e-05,
        4.0255e-05, 8.1344e-05, 1.3903e-05, 2.5455e-04, 3.6757e-05, 1.1142e-04,
        1.1987e-05, 3.4811e-05, 3.6110e-05, 3.9052e-05, 1.7817e-06],
       grad_fn=<CatBackward>)

mean_overall=tensor(8.1562e-05, grad_fn=<MeanBackward0>)

-----------------------------------------------ITERATION320-----------------------------------------------

final_causality=[[1, 1, 1, 1, 1, 1, 1, 1, 1, 1, 1, 1, 1], [1, 1, 1, 1, 1, 1, 1, 1, 1, 1, 1, 1, 1, 1, 1, 1, 1, 1, 1, 1, 1, 1, 1, 1, 1, 1, 1, 1, 1, 1, 1, 1, 1, 1, 1, 1, 1, 1, 1, 1, 1, 1, 1, 1, 1, 1, 1, 1, 1, 1], [1, 1, 1, 1, 1, 1, 1, 1, 1, 1, 1, 1, 1, 1, 1, 1, 1, 1, 1, 1, 1, 1, 1, 1, 1, 1, 1, 1, 1, 1, 1, 1, 1, 1, 1, 1, 1, 1, 1, 1, 1, 1, 1, 1, 1, 1, 1, 1, 1, 1]]

means=tensor([1.2707e-04, 0.0000e+00, 0.0000e+00, 0.0000e+00, 4.2762e-04, 9.4868e-05,
        4.5973e-04, 8.5715e-05, 0.0000e+00, 0.0000e+00, 0.0000e+00, 1.4355e-03,
        8.0740e-04, 1.8138e-04, 5.4595e-05, 3.7557e-06, 1.4196e-05, 7.5474e-06,
        7.7951e-05, 1.9753e-05, 5.5652e-05, 2.8902e-04, 5.3687e-05, 5.0899e-05,
        1.7949e-05, 7.9463e-05, 3.7804e-06, 1.1993e-05, 4.6102e-06, 3.0920e-05,
        9.0431e-05, 1.2817e-04, 2.3272e-05, 9.1196e-05, 3.6433e-05, 9.9841e-06,
        4.1631e-05, 1.5787e-05, 2.7644e-06, 2.1182e-04, 1.0526e-05, 2.0103e-04,
        1.5797e-04, 5.9525e-05, 6.6427e-05, 1.5667e-05, 2.2594e-05, 1.5595e-06,
        4.4075e-05, 2.0291e-04, 2.3623e-04, 3.9280e-07, 7.6428e-05, 2.0508e-04,
        1.1266e-04, 5.3372e-05, 5.4688e-06, 7.8758e-05, 4.4971e-05, 2.4628e-07,
        6.4607e-05, 3.4370e-05, 2.7816e-05, 3.4520e-05, 7.2372e-05, 2.1611e-04,
        6.8053e-06, 5.2302e-05, 5.0341e-05, 8.3876e-05, 4.6203e-05, 1.2666e-05,
        8.3807e-05, 1.7889e-04, 3.9140e-05, 3.0641e-06, 4.6723e-05, 2.8813e-05,
        4.8585e-07, 7.9845e-06, 3.1787e-05, 6.1430e-05, 8.9077e-05, 1.7351e-05,
        1.7115e-05, 2.4108e-05, 3.4663e-07, 1.2017e-05, 2.5210e-04, 5.1320e-05,
        9.5871e-05, 8.7899e-05, 8.7604e-05, 2.2399e-05, 2.6586e-05, 7.1470e-05,
        2.6388e-05, 3.5140e-05, 2.0645e-04, 1.4452e-04, 6.0505e-05, 3.4953e-05,
        4.7258e-05, 8.6308e-05, 1.5512e-05, 2.6721e-04, 3.6645e-05, 1.1975e-04,
        1.3354e-05, 3.6946e-05, 3.5203e-05, 4.1994e-05, 1.9186e-06],
       grad_fn=<CatBackward>)

mean_overall=tensor(8.7538e-05, grad_fn=<MeanBackward0>)

-----------------------------------------------ITERATION330-----------------------------------------------

final_causality=[[1, 1, 1, 1, 1, 1, 1, 1, 1, 1, 1, 1, 1], [1, 1, 1, 1, 1, 1, 1, 1, 1, 1, 1, 1, 1, 1, 1, 1, 1, 1, 1, 1, 1, 1, 1, 1, 1, 1, 1, 1, 1, 1, 1, 1, 1, 1, 1, 1, 1, 1, 1, 1, 1, 1, 1, 1, 1, 1, 1, 1, 1, 1], [1, 1, 1, 1, 1, 1, 1, 1, 1, 1, 1, 1, 1, 1, 1, 1, 1, 1, 1, 1, 1, 1, 1, 1, 1, 1, 1, 1, 1, 1, 1, 1, 1, 1, 1, 1, 1, 1, 1, 1, 1, 1, 1, 1, 1, 1, 1, 1, 1, 1]]

means=tensor([1.4248e-04, 0.0000e+00, 0.0000e+00, 0.0000e+00, 4.6138e-04, 1.0969e-04,
        4.9495e-04, 9.6554e-05, 0.0000e+00, 0.0000e+00, 0.0000e+00, 1.5512e-03,
        8.7611e-04, 1.8876e-04, 5.8425e-05, 3.7218e-06, 1.4418e-05, 8.8220e-06,
        8.8841e-05, 2.1003e-05, 5.6109e-05, 3.0452e-04, 5.7593e-05, 5.1226e-05,
        1.7653e-05, 8.3211e-05, 4.4606e-06, 1.4125e-05, 5.4821e-06, 3.2712e-05,
        9.6467e-05, 1.3741e-04, 2.4783e-05, 1.0200e-04, 4.1231e-05, 9.5976e-06,
        4.0876e-05, 1.6490e-05, 2.7899e-06, 2.2268e-04, 1.0672e-05, 2.1470e-04,
        1.7308e-04, 6.6278e-05, 7.5496e-05, 1.5256e-05, 2.4985e-05, 1.8631e-06,
        4.8906e-05, 2.2512e-04, 2.4933e-04, 2.9331e-07, 8.1797e-05, 2.2254e-04,
        1.1822e-04, 5.6995e-05, 4.4283e-06, 7.9571e-05, 4.8386e-05, 1.1257e-06,
        7.1546e-05, 3.5866e-05, 2.8147e-05, 3.5961e-05, 7.9515e-05, 2.2924e-04,
        7.4798e-06, 5.6841e-05, 4.7536e-05, 8.9170e-05, 4.9628e-05, 1.3682e-05,
        8.8533e-05, 1.9021e-04, 4.5010e-05, 3.4948e-06, 5.0800e-05, 3.0921e-05,
        5.8438e-07, 8.4447e-06, 3.3977e-05, 6.6402e-05, 9.3082e-05, 1.9005e-05,
        1.8850e-05, 2.5701e-05, 3.1824e-07, 1.3047e-05, 2.6525e-04, 5.5377e-05,
        1.0218e-04, 9.2023e-05, 9.7510e-05, 2.4001e-05, 2.8762e-05, 7.6585e-05,
        2.9119e-05, 3.7971e-05, 2.1913e-04, 1.5511e-04, 6.3950e-05, 3.9434e-05,
        5.4767e-05, 9.1572e-05, 1.7249e-05, 2.8063e-04, 3.6444e-05, 1.2854e-04,
        1.4829e-05, 3.9427e-05, 3.4234e-05, 4.5147e-05, 2.0695e-06],
       grad_fn=<CatBackward>)

mean_overall=tensor(9.3993e-05, grad_fn=<MeanBackward0>)

-----------------------------------------------ITERATION340-----------------------------------------------

final_causality=[[1, 1, 1, 1, 1, 1, 1, 1, 1, 1, 1, 1, 1], [1, 1, 1, 1, 1, 1, 1, 1, 1, 1, 1, 1, 1, 1, 1, 1, 1, 1, 1, 1, 1, 1, 1, 1, 1, 1, 1, 1, 1, 1, 1, 1, 1, 1, 1, 1, 1, 1, 1, 1, 1, 1, 1, 1, 1, 1, 1, 1, 1, 1], [1, 1, 1, 1, 1, 1, 1, 1, 1, 1, 1, 1, 1, 1, 1, 1, 1, 1, 1, 1, 1, 1, 1, 1, 1, 1, 1, 1, 1, 1, 1, 1, 1, 1, 1, 1, 1, 1, 1, 1, 1, 1, 1, 1, 1, 1, 1, 1, 1, 1]]

means=tensor([1.5914e-04, 0.0000e+00, 0.0000e+00, 0.0000e+00, 4.9778e-04, 1.2606e-04,
        5.3307e-04, 1.0827e-04, 0.0000e+00, 0.0000e+00, 0.0000e+00, 1.6740e-03,
        9.4969e-04, 1.9645e-04, 6.2518e-05, 3.6931e-06, 1.4664e-05, 1.0130e-05,
        1.0090e-04, 2.2353e-05, 5.6579e-05, 3.2121e-04, 6.1754e-05, 5.1620e-05,
        1.7395e-05, 8.7162e-05, 5.1903e-06, 1.6353e-05, 6.4270e-06, 3.4623e-05,
        1.0289e-04, 1.4725e-04, 2.6431e-05, 1.1378e-04, 4.6568e-05, 9.2422e-06,
        4.0168e-05, 1.7257e-05, 2.8283e-06, 2.3409e-04, 1.0833e-05, 2.2915e-04,
        1.8930e-04, 7.3711e-05, 8.5527e-05, 1.4875e-05, 2.7641e-05, 2.1755e-06,
        5.4224e-05, 2.4920e-04, 2.6319e-04, 2.0701e-07, 8.7558e-05, 2.4120e-04,
        1.2408e-04, 6.0863e-05, 3.4052e-06, 8.0437e-05, 5.2043e-05, 2.0058e-06,
        7.9134e-05, 3.7434e-05, 2.8503e-05, 3.7622e-05, 8.7150e-05, 2.4311e-04,
        8.3107e-06, 6.3198e-05, 4.4516e-05, 9.4865e-05, 5.3300e-05, 1.4810e-05,
        9.3625e-05, 2.0220e-04, 5.1248e-05, 3.9617e-06, 5.5868e-05, 3.3203e-05,
        6.9437e-07, 8.9621e-06, 3.6328e-05, 7.1921e-05, 9.7387e-05, 2.0843e-05,
        2.0712e-05, 2.7453e-05, 2.9073e-07, 1.4256e-05, 2.7909e-04, 5.9720e-05,
        1.0886e-04, 9.6511e-05, 1.0803e-04, 2.5725e-05, 3.1152e-05, 8.2052e-05,
        3.2500e-05, 4.1038e-05, 2.3250e-04, 1.6631e-04, 6.7663e-05, 4.4229e-05,
        6.2804e-05, 9.7154e-05, 1.9122e-05, 2.9484e-04, 3.6150e-05, 1.3778e-04,
        1.6420e-05, 4.2229e-05, 3.3200e-05, 4.8522e-05, 2.2546e-06],
       grad_fn=<CatBackward>)

mean_overall=tensor(0.0001, grad_fn=<MeanBackward0>)

-----------------------------------------------ITERATION350-----------------------------------------------

final_causality=[[1, 1, 1, 1, 1, 1, 1, 1, 1, 1, 1, 1, 1], [1, 1, 1, 1, 1, 1, 1, 1, 1, 1, 1, 1, 1, 1, 1, 1, 1, 1, 1, 1, 1, 1, 1, 1, 1, 1, 1, 1, 1, 1, 1, 1, 1, 1, 1, 1, 1, 1, 1, 1, 1, 1, 1, 1, 1, 1, 1, 1, 1, 1], [1, 1, 1, 1, 1, 1, 1, 1, 1, 1, 1, 1, 1, 1, 1, 1, 1, 1, 1, 1, 1, 1, 1, 1, 1, 1, 1, 1, 1, 1, 1, 1, 1, 1, 1, 1, 1, 1, 1, 1, 1, 1, 1, 1, 1, 1, 1, 1, 1, 1]]

means=tensor([1.7712e-04, 0.0000e+00, 0.0000e+00, 0.0000e+00, 5.3696e-04, 1.4409e-04,
        5.7422e-04, 1.2091e-04, 0.0000e+00, 0.0000e+00, 0.0000e+00, 1.8042e-03,
        1.0284e-03, 2.0446e-04, 6.6886e-05, 3.6698e-06, 1.4936e-05, 1.1477e-05,
        1.1420e-04, 2.3808e-05, 5.7062e-05, 3.3933e-04, 6.6180e-05, 5.2084e-05,
        1.7176e-05, 9.1325e-05, 5.9771e-06, 1.8690e-05, 7.4567e-06, 3.6658e-05,
        1.0971e-04, 1.5770e-04, 2.8226e-05, 1.2657e-04, 5.2490e-05, 8.9180e-06,
        3.9506e-05, 1.8088e-05, 2.8798e-06, 2.4604e-04, 1.1011e-05, 2.4439e-04,
        2.0668e-04, 8.1869e-05, 9.6575e-05, 1.4525e-05, 3.0586e-05, 2.4983e-06,
        6.0063e-05, 2.7518e-04, 2.7820e-04, 1.3429e-07, 9.3730e-05, 2.6108e-04,
        1.3023e-04, 6.4987e-05, 2.3959e-06, 8.1358e-05, 5.5958e-05, 2.8891e-06,
        8.7409e-05, 3.9075e-05, 2.9108e-05, 3.9659e-05, 9.5295e-05, 2.5775e-04,
        9.2344e-06, 7.0035e-05, 4.2585e-05, 1.0098e-04, 5.7266e-05, 1.6292e-05,
        9.9096e-05, 2.1491e-04, 5.7869e-05, 4.4674e-06, 6.1841e-05, 3.5671e-05,
        8.1787e-07, 9.6207e-06, 3.8850e-05, 7.8893e-05, 1.0200e-04, 2.2885e-05,
        2.2709e-05, 2.9371e-05, 2.6415e-07, 1.5617e-05, 2.9363e-04, 6.4362e-05,
        1.1593e-04, 1.0138e-04, 1.1920e-04, 2.7575e-05, 3.3764e-05, 8.8028e-05,
        3.6158e-05, 4.4351e-05, 2.4657e-04, 1.7813e-04, 7.1658e-05, 4.9348e-05,
        7.1385e-05, 1.0307e-04, 2.1135e-05, 3.0987e-04, 3.5759e-05, 1.4750e-04,
        1.8134e-05, 4.5250e-05, 3.2097e-05, 5.2127e-05, 2.4735e-06],
       grad_fn=<CatBackward>)

mean_overall=tensor(0.0001, grad_fn=<MeanBackward0>)

-----------------------------------------------ITERATION360-----------------------------------------------

final_causality=[[1, 1, 1, 1, 1, 1, 1, 1, 1, 1, 1, 1, 1], [1, 1, 1, 1, 1, 1, 1, 1, 1, 1, 1, 1, 1, 1, 1, 1, 1, 1, 1, 1, 1, 1, 1, 1, 1, 1, 1, 1, 1, 1, 1, 1, 1, 1, 1, 1, 1, 1, 1, 1, 1, 1, 1, 1, 1, 1, 1, 1, 1, 1], [1, 1, 1, 1, 1, 1, 1, 1, 1, 1, 1, 1, 1, 1, 1, 1, 1, 1, 1, 1, 1, 1, 1, 1, 1, 1, 1, 1, 1, 1, 1, 1, 1, 1, 1, 1, 1, 1, 1, 1, 1, 1, 1, 1, 1, 1, 1, 1, 1, 1]]

means=tensor([1.9650e-04, 0.0000e+00, 0.0000e+00, 0.0000e+00, 5.7901e-04, 1.6392e-04,
        6.1857e-04, 1.3453e-04, 0.0000e+00, 0.0000e+00, 0.0000e+00, 1.9418e-03,
        1.1124e-03, 2.1278e-04, 7.1545e-05, 3.6515e-06, 1.5234e-05, 1.2865e-05,
        1.2879e-04, 2.5372e-05, 5.7557e-05, 3.5834e-04, 7.0883e-05, 5.2889e-05,
        1.6994e-05, 9.5705e-05, 6.8296e-06, 2.1150e-05, 8.5835e-06, 3.8822e-05,
        1.1695e-04, 1.6877e-04, 3.0179e-05, 1.4042e-04, 5.9038e-05, 8.6253e-06,
        3.8891e-05, 1.8988e-05, 2.9445e-06, 2.5854e-04, 1.1207e-05, 2.6045e-04,
        2.2525e-04, 9.0799e-05, 1.0869e-04, 1.4203e-05, 3.4297e-05, 2.8325e-06,
        6.6457e-05, 3.0310e-04, 2.9436e-04, 7.5746e-08, 1.0033e-04, 2.8222e-04,
        1.3669e-04, 6.9376e-05, 1.3972e-06, 8.2335e-05, 6.0144e-05, 3.7776e-06,
        9.6408e-05, 4.0791e-05, 2.9923e-05, 4.1850e-05, 1.0396e-04, 2.7316e-04,
        1.0257e-05, 7.7376e-05, 4.0608e-05, 1.0752e-04, 6.1589e-05, 1.7980e-05,
        1.0496e-04, 2.2834e-04, 6.4888e-05, 5.0144e-06, 6.8299e-05, 3.8337e-05,
        9.5732e-07, 1.0401e-05, 4.1552e-05, 8.6229e-05, 1.0694e-04, 2.5153e-05,
        2.4849e-05, 3.1460e-05, 2.3854e-07, 1.7419e-05, 3.0889e-04, 6.9315e-05,
        1.2341e-04, 1.0663e-04, 1.3102e-04, 2.9558e-05, 3.6607e-05, 9.4971e-05,
        4.0041e-05, 4.7921e-05, 2.6135e-04, 1.9059e-04, 7.5949e-05, 5.4801e-05,
        8.0527e-05, 1.0934e-04, 2.3295e-05, 3.2573e-04, 3.5269e-05, 1.5771e-04,
        1.9976e-05, 4.8502e-05, 3.3267e-05, 5.5970e-05, 2.7161e-06],
       grad_fn=<CatBackward>)

mean_overall=tensor(0.0001, grad_fn=<MeanBackward0>)

-----------------------------------------------ITERATION370-----------------------------------------------

final_causality=[[1, 1, 1, 1, 1, 1, 1, 1, 1, 1, 1, 1, 1], [1, 1, 1, 1, 1, 1, 1, 1, 1, 1, 1, 1, 1, 1, 1, 1, 1, 1, 1, 1, 1, 1, 1, 1, 1, 1, 1, 1, 1, 1, 1, 1, 1, 1, 1, 1, 1, 1, 1, 1, 1, 1, 1, 1, 1, 1, 1, 1, 1, 1], [1, 1, 1, 1, 1, 1, 1, 1, 1, 1, 1, 1, 1, 1, 1, 1, 1, 1, 1, 1, 1, 1, 1, 1, 1, 1, 1, 1, 1, 1, 1, 1, 1, 1, 1, 1, 1, 1, 1, 1, 1, 1, 1, 1, 1, 1, 1, 1, 1, 1]]

means=tensor([2.1734e-04, 0.0000e+00, 0.0000e+00, 0.0000e+00, 6.2404e-04, 1.8566e-04,
        6.6626e-04, 1.4915e-04, 0.0000e+00, 0.0000e+00, 0.0000e+00, 2.0870e-03,
        1.2021e-03, 2.2143e-04, 7.6507e-05, 3.6384e-06, 1.5692e-05, 1.4298e-05,
        1.4472e-04, 2.7048e-05, 5.8062e-05, 3.7823e-04, 7.5872e-05, 5.4731e-05,
        1.6848e-05, 1.0031e-04, 7.7569e-06, 2.3743e-05, 9.8201e-06, 4.1126e-05,
        1.2462e-04, 1.8047e-04, 3.2297e-05, 1.5536e-04, 6.6257e-05, 8.3642e-06,
        3.8323e-05, 1.9959e-05, 3.0226e-06, 2.7159e-04, 1.1421e-05, 2.7731e-04,
        2.4502e-04, 1.0054e-04, 1.2192e-04, 1.3910e-05, 3.9300e-05, 3.1796e-06,
        7.3437e-05, 3.3299e-04, 3.1137e-04, 3.2229e-08, 1.0739e-04, 3.0463e-04,
        1.4345e-04, 7.4202e-05, 4.0553e-07, 8.3369e-05, 6.4614e-05, 4.6735e-06,
        1.0617e-04, 4.2583e-05, 3.0769e-05, 4.4202e-05, 1.1317e-04, 2.8938e-04,
        1.1387e-05, 8.5242e-05, 4.2735e-05, 1.1452e-04, 6.6208e-05, 1.9836e-05,
        1.1122e-04, 2.4254e-04, 7.2318e-05, 5.6055e-06, 7.5228e-05, 4.1211e-05,
        1.1156e-06, 1.1262e-05, 4.4442e-05, 9.3937e-05, 1.1356e-04, 2.7671e-05,
        2.7137e-05, 3.3728e-05, 2.1388e-07, 1.9391e-05, 3.2487e-04, 7.4586e-05,
        1.3132e-04, 1.1229e-04, 1.4352e-04, 3.1851e-05, 3.9687e-05, 1.0235e-04,
        4.4155e-05, 5.1758e-05, 2.7687e-04, 2.0370e-04, 8.0549e-05, 6.0594e-05,
        9.0241e-05, 1.1597e-04, 2.5607e-05, 3.4244e-04, 3.4679e-05, 1.6841e-04,
        2.1953e-05, 5.1998e-05, 3.6190e-05, 6.0056e-05, 2.9849e-06],
       grad_fn=<CatBackward>)

mean_overall=tensor(0.0001, grad_fn=<MeanBackward0>)

-----------------------------------------------ITERATION380-----------------------------------------------

final_causality=[[1, 1, 1, 1, 1, 1, 1, 1, 1, 1, 1, 1, 1], [1, 1, 1, 1, 1, 1, 1, 1, 1, 1, 1, 1, 1, 1, 1, 1, 1, 1, 1, 1, 1, 1, 1, 1, 1, 1, 1, 1, 1, 1, 1, 1, 1, 1, 1, 1, 1, 1, 1, 1, 1, 1, 1, 1, 1, 1, 1, 1, 1, 1], [1, 1, 1, 1, 1, 1, 1, 1, 1, 1, 1, 1, 1, 1, 1, 1, 1, 1, 1, 1, 1, 1, 1, 1, 1, 1, 1, 1, 1, 1, 1, 1, 1, 1, 1, 1, 1, 1, 1, 1, 1, 1, 1, 1, 1, 1, 1, 1, 1, 1]]

means=tensor([2.3970e-04, 0.0000e+00, 0.0000e+00, 0.0000e+00, 6.7214e-04, 2.0944e-04,
        7.1742e-04, 1.6482e-04, 0.0000e+00, 0.0000e+00, 0.0000e+00, 2.2399e-03,
        1.2974e-03, 2.3040e-04, 8.1784e-05, 3.6302e-06, 1.6264e-05, 1.5779e-05,
        1.6205e-04, 2.8840e-05, 5.8577e-05, 3.9900e-04, 8.1156e-05, 5.6700e-05,
        1.6737e-05, 1.0514e-04, 8.7687e-06, 2.6484e-05, 1.1180e-05, 4.3650e-05,
        1.3271e-04, 1.9281e-04, 3.4591e-05, 1.7140e-04, 7.4187e-05, 8.1358e-06,
        3.7802e-05, 2.1003e-05, 3.1142e-06, 2.8520e-04, 1.1654e-05, 2.9499e-04,
        2.6600e-04, 1.1114e-04, 1.3630e-04, 1.3645e-05, 4.4922e-05, 3.5406e-06,
        8.1033e-05, 3.6484e-04, 3.2925e-04, 4.8516e-09, 1.1491e-04, 3.2834e-04,
        1.5053e-04, 7.9576e-05, 5.4749e-07, 8.4460e-05, 6.9382e-05, 5.5785e-06,
        1.1672e-04, 4.4452e-05, 3.1648e-05, 4.6923e-05, 1.2292e-04, 3.0639e-04,
        1.2631e-05, 9.3648e-05, 4.5726e-05, 1.2197e-04, 7.1133e-05, 2.1867e-05,
        1.1789e-04, 2.5750e-04, 8.0169e-05, 6.2536e-06, 8.2637e-05, 4.4304e-05,
        1.2960e-06, 1.2209e-05, 4.7530e-05, 1.0236e-04, 1.2072e-04, 3.0466e-05,
        2.9581e-05, 3.6177e-05, 2.0042e-07, 2.1537e-05, 3.4160e-04, 8.0184e-05,
        1.3967e-04, 1.1836e-04, 1.5671e-04, 3.4393e-05, 4.3009e-05, 1.1018e-04,
        4.8580e-05, 5.5869e-05, 2.9313e-04, 2.1747e-04, 8.5472e-05, 6.6732e-05,
        1.0053e-04, 1.2299e-04, 2.8076e-05, 3.6001e-04, 3.3989e-05, 1.7961e-04,
        2.4071e-05, 5.5747e-05, 3.9837e-05, 6.4393e-05, 3.2825e-06],
       grad_fn=<CatBackward>)

mean_overall=tensor(0.0001, grad_fn=<MeanBackward0>)

-----------------------------------------------ITERATION390-----------------------------------------------

final_causality=[[1, 1, 1, 1, 1, 1, 1, 1, 1, 1, 1, 1, 1], [1, 1, 1, 1, 1, 1, 1, 1, 1, 1, 1, 1, 1, 1, 1, 1, 1, 1, 1, 1, 1, 1, 1, 1, 1, 1, 1, 1, 1, 1, 1, 1, 1, 1, 1, 1, 1, 1, 1, 1, 1, 1, 1, 1, 1, 1, 1, 1, 1, 1], [1, 1, 1, 1, 1, 1, 1, 1, 1, 1, 1, 1, 1, 1, 1, 1, 1, 1, 1, 1, 1, 1, 1, 1, 1, 1, 1, 1, 1, 1, 1, 1, 1, 1, 1, 1, 1, 1, 1, 1, 1, 1, 1, 1, 1, 1, 1, 1, 1, 1]]

means=tensor([2.6363e-04, 0.0000e+00, 0.0000e+00, 0.0000e+00, 7.2337e-04, 2.3537e-04,
        7.7215e-04, 1.8158e-04, 0.0000e+00, 0.0000e+00, 0.0000e+00, 2.4005e-03,
        1.3987e-03, 2.3969e-04, 8.7387e-05, 3.6268e-06, 1.6871e-05, 1.7311e-05,
        1.8078e-04, 3.0749e-05, 5.9100e-05, 4.2066e-04, 8.6740e-05, 5.8802e-05,
        1.6658e-05, 1.1019e-04, 9.8753e-06, 2.9383e-05, 1.2676e-05, 4.6319e-05,
        1.4125e-04, 2.0577e-04, 3.7068e-05, 1.8857e-04, 8.2866e-05, 7.9462e-06,
        3.7329e-05, 2.2466e-05, 3.2193e-06, 2.9936e-04, 1.1905e-05, 3.1348e-04,
        2.8821e-04, 1.2262e-04, 1.5186e-04, 1.3406e-05, 5.1210e-05, 3.9165e-06,
        8.9269e-05, 3.9863e-04, 3.4800e-04, 5.0165e-09, 1.2291e-04, 3.5334e-04,
        1.5810e-04, 8.5271e-05, 1.4112e-06, 8.5609e-05, 7.4458e-05, 6.4941e-06,
        1.2809e-04, 4.6397e-05, 3.2560e-05, 4.9950e-05, 1.3322e-04, 3.2420e-04,
        1.4016e-05, 1.0261e-04, 4.8985e-05, 1.2990e-04, 7.6376e-05, 2.4077e-05,
        1.2497e-04, 2.7326e-04, 8.8447e-05, 7.0035e-06, 9.0531e-05, 4.7628e-05,
        1.5025e-06, 1.3243e-05, 5.0823e-05, 1.1198e-04, 1.2891e-04, 3.3565e-05,
        3.2186e-05, 3.8814e-05, 1.8949e-07, 2.3859e-05, 3.5906e-04, 8.6112e-05,
        1.4847e-04, 1.2485e-04, 1.7058e-04, 3.7103e-05, 4.6576e-05, 1.1846e-04,
        5.3310e-05, 6.0261e-05, 3.1031e-04, 2.3190e-04, 9.0728e-05, 7.3218e-05,
        1.1141e-04, 1.3039e-04, 3.0706e-05, 3.7846e-04, 3.3201e-05, 1.9132e-04,
        2.6334e-05, 5.9761e-05, 4.3735e-05, 6.8982e-05, 3.6116e-06],
       grad_fn=<CatBackward>)

mean_overall=tensor(0.0001, grad_fn=<MeanBackward0>)

-----------------------------------------------ITERATION400-----------------------------------------------

final_causality=[[1, 1, 1, 1, 1, 1, 1, 1, 1, 1, 1, 1, 1], [1, 1, 1, 1, 1, 1, 1, 1, 1, 1, 1, 1, 1, 1, 1, 1, 1, 1, 1, 1, 1, 1, 1, 1, 1, 1, 1, 1, 1, 1, 1, 1, 1, 1, 1, 1, 1, 1, 1, 1, 1, 1, 1, 1, 1, 1, 1, 1, 1, 1], [1, 1, 1, 1, 1, 1, 1, 1, 1, 1, 1, 1, 1, 1, 1, 1, 1, 1, 1, 1, 1, 1, 1, 1, 1, 1, 1, 1, 1, 1, 1, 1, 1, 1, 1, 1, 1, 1, 1, 1, 1, 1, 1, 1, 1, 1, 1, 1, 1, 1]]

means=tensor([2.8919e-04, 0.0000e+00, 0.0000e+00, 0.0000e+00, 7.7777e-04, 2.6355e-04,
        8.3056e-04, 1.9944e-04, 0.0000e+00, 0.0000e+00, 0.0000e+00, 2.5688e-03,
        1.5061e-03, 2.4930e-04, 9.3325e-05, 3.6281e-06, 1.7514e-05, 1.8894e-05,
        2.0095e-04, 3.2777e-05, 5.9627e-05, 4.4342e-04, 9.2630e-05, 6.1042e-05,
        1.6612e-05, 1.1585e-04, 1.1087e-05, 3.2451e-05, 1.4322e-05, 4.9134e-05,
        1.5023e-04, 2.1936e-04, 3.9736e-05, 2.0686e-04, 9.2328e-05, 7.7881e-06,
        3.6903e-05, 2.4389e-05, 3.3381e-06, 3.1406e-04, 1.2177e-05, 3.3275e-04,
        3.1163e-04, 1.3503e-04, 1.6863e-04, 1.3211e-05, 5.8211e-05, 4.3079e-06,
        9.8169e-05, 4.3431e-04, 3.6763e-04, 4.2758e-09, 1.3140e-04, 3.7963e-04,
        1.6656e-04, 9.1291e-05, 2.2761e-06, 8.6816e-05, 7.9851e-05, 7.4212e-06,
        1.4030e-04, 4.8418e-05, 3.3503e-05, 5.3188e-05, 1.4407e-04, 3.4281e-04,
        1.5553e-05, 1.1213e-04, 5.4831e-05, 1.3830e-04, 8.1944e-05, 2.6470e-05,
        1.3246e-04, 2.9007e-04, 9.7156e-05, 7.9144e-06, 9.8937e-05, 5.1191e-05,
        1.7396e-06, 1.4368e-05, 5.4326e-05, 1.2204e-04, 1.3814e-04, 3.6995e-05,
        3.4956e-05, 4.1638e-05, 1.7941e-07, 2.6357e-05, 3.7726e-04, 9.2371e-05,
        1.5773e-04, 1.3385e-04, 1.8516e-04, 3.9984e-05, 5.0389e-05, 1.2719e-04,
        5.8298e-05, 6.4940e-05, 3.2862e-04, 2.4699e-04, 9.6326e-05, 8.0050e-05,
        1.2286e-04, 1.3819e-04, 3.3499e-05, 3.9777e-04, 3.2315e-05, 2.0351e-04,
        2.8746e-05, 6.4049e-05, 4.7891e-05, 7.3825e-05, 3.9752e-06],
       grad_fn=<CatBackward>)

mean_overall=tensor(0.0002, grad_fn=<MeanBackward0>)

-----------------------------------------------ITERATION410-----------------------------------------------

final_causality=[[1, 1, 1, 1, 1, 1, 1, 1, 1, 1, 1, 1, 1], [1, 1, 1, 1, 1, 1, 1, 1, 1, 1, 1, 1, 1, 1, 1, 1, 1, 1, 1, 1, 1, 1, 1, 1, 1, 1, 1, 1, 1, 1, 1, 1, 1, 1, 1, 1, 1, 1, 1, 1, 1, 1, 1, 1, 1, 1, 1, 1, 1, 1], [1, 1, 1, 1, 1, 1, 1, 1, 1, 1, 1, 1, 1, 1, 1, 1, 1, 1, 1, 1, 1, 1, 1, 1, 1, 1, 1, 1, 1, 1, 1, 1, 1, 1, 1, 1, 1, 1, 1, 1, 1, 1, 1, 1, 1, 1, 1, 1, 1, 1]]

means=tensor([3.1642e-04, 0.0000e+00, 0.0000e+00, 0.0000e+00, 8.3537e-04, 2.9408e-04,
        8.9272e-04, 2.1842e-04, 0.0000e+00, 0.0000e+00, 0.0000e+00, 2.7445e-03,
        1.6196e-03, 2.5922e-04, 9.9604e-05, 3.6341e-06, 1.8192e-05, 2.0529e-05,
        2.2256e-04, 3.4922e-05, 6.0158e-05, 4.6715e-04, 9.8826e-05, 6.3425e-05,
        1.6595e-05, 1.2178e-04, 1.2441e-05, 3.5697e-05, 1.6131e-05, 5.2192e-05,
        1.5965e-04, 2.3355e-04, 4.2660e-05, 2.2627e-04, 1.0260e-04, 7.6620e-06,
        3.6524e-05, 2.6486e-05, 3.4706e-06, 3.2928e-04, 1.2467e-05, 3.5279e-04,
        3.3624e-04, 1.4838e-04, 1.8661e-04, 1.3051e-05, 6.5967e-05, 4.7154e-06,
        1.0775e-04, 4.7184e-04, 3.8811e-04, 3.4745e-08, 1.4039e-04, 4.0719e-04,
        1.7537e-04, 9.7635e-05, 3.1438e-06, 8.8081e-05, 8.5569e-05, 8.3606e-06,
        1.5337e-04, 5.0514e-05, 3.4477e-05, 5.6645e-05, 1.5545e-04, 3.6221e-04,
        1.7234e-05, 1.2221e-04, 6.2229e-05, 1.4717e-04, 8.7845e-05, 2.9047e-05,
        1.4036e-04, 3.0808e-04, 1.0629e-04, 8.8929e-06, 1.0794e-04, 5.5002e-05,
        2.0125e-06, 1.5584e-05, 5.8045e-05, 1.3253e-04, 1.4789e-04, 4.0788e-05,
        3.7896e-05, 4.4652e-05, 1.7013e-07, 2.9038e-05, 3.9618e-04, 9.8959e-05,
        1.6745e-04, 1.4360e-04, 2.0041e-04, 4.3038e-05, 5.4445e-05, 1.3637e-04,
        6.3544e-05, 6.9908e-05, 3.4770e-04, 2.6273e-04, 1.0227e-04, 8.7225e-05,
        1.3489e-04, 1.4639e-04, 3.6456e-05, 4.1794e-04, 3.1372e-05, 2.1620e-04,
        3.1309e-05, 6.8618e-05, 5.2306e-05, 7.8921e-05, 4.3763e-06],
       grad_fn=<CatBackward>)

mean_overall=tensor(0.0002, grad_fn=<MeanBackward0>)

-----------------------------------------------ITERATION420-----------------------------------------------

final_causality=[[1, 1, 1, 1, 1, 1, 1, 1, 1, 1, 1, 1, 1], [1, 1, 1, 1, 1, 1, 1, 1, 1, 1, 1, 1, 1, 1, 1, 1, 1, 1, 1, 1, 1, 1, 1, 1, 1, 1, 1, 1, 1, 1, 1, 1, 1, 1, 1, 1, 1, 1, 1, 1, 1, 1, 1, 1, 1, 1, 1, 1, 1, 1], [1, 1, 1, 1, 1, 1, 1, 1, 1, 1, 1, 1, 1, 1, 1, 1, 1, 1, 1, 1, 1, 1, 1, 1, 1, 1, 1, 1, 1, 1, 1, 1, 1, 1, 1, 1, 1, 1, 1, 1, 1, 1, 1, 1, 1, 1, 1, 1, 1, 1]]

means=tensor([3.4532e-04, 0.0000e+00, 0.0000e+00, 0.0000e+00, 8.9616e-04, 3.2703e-04,
        9.5866e-04, 2.3854e-04, 0.0000e+00, 0.0000e+00, 0.0000e+00, 2.9273e-03,
        1.7392e-03, 2.6943e-04, 1.0623e-04, 3.6446e-06, 1.8908e-05, 2.2216e-05,
        2.4558e-04, 3.7182e-05, 6.0688e-05, 4.9171e-04, 1.0533e-04, 6.5955e-05,
        1.6607e-05, 1.2797e-04, 1.4022e-05, 3.9128e-05, 1.8115e-05, 5.5479e-05,
        1.6950e-04, 2.4832e-04, 4.6182e-05, 2.4679e-04, 1.1370e-04, 7.5680e-06,
        3.6194e-05, 2.8785e-05, 3.6171e-06, 3.4500e-04, 1.2776e-05, 3.7357e-04,
        3.6203e-04, 1.6270e-04, 2.0581e-04, 1.2917e-05, 7.4516e-05, 5.1391e-06,
        1.1802e-04, 5.1112e-04, 4.0944e-04, 8.8624e-08, 1.4989e-04, 4.3599e-04,
        1.8451e-04, 1.0430e-04, 4.0158e-06, 8.9402e-05, 9.1616e-05, 9.3124e-06,
        1.6730e-04, 5.3239e-05, 3.5479e-05, 6.0326e-05, 1.6737e-04, 3.8236e-04,
        1.9069e-05, 1.3285e-04, 7.0060e-05, 1.5651e-04, 9.4081e-05, 3.2029e-05,
        1.4865e-04, 3.2694e-04, 1.1586e-04, 9.9411e-06, 1.1742e-04, 5.9067e-05,
        2.3272e-06, 1.6894e-05, 6.1984e-05, 1.4343e-04, 1.5817e-04, 4.4971e-05,
        4.1007e-05, 4.7855e-05, 1.6161e-07, 3.1963e-05, 4.1580e-04, 1.0587e-04,
        1.7764e-04, 1.5394e-04, 2.1634e-04, 4.6267e-05, 5.8740e-05, 1.4605e-04,
        6.9047e-05, 7.5165e-05, 3.6750e-04, 2.7910e-04, 1.0857e-04, 9.4735e-05,
        1.4747e-04, 1.5499e-04, 3.9579e-05, 4.3894e-04, 3.0428e-05, 2.2936e-04,
        3.4026e-05, 7.3472e-05, 5.7127e-05, 8.4267e-05, 4.8177e-06],
       grad_fn=<CatBackward>)

mean_overall=tensor(0.0002, grad_fn=<MeanBackward0>)

-----------------------------------------------ITERATION430-----------------------------------------------

final_causality=[[1, 1, 1, 1, 1, 1, 1, 1, 1, 1, 1, 1, 1], [1, 1, 1, 1, 1, 1, 1, 1, 1, 1, 1, 1, 1, 1, 1, 1, 1, 1, 1, 1, 1, 1, 1, 1, 1, 1, 1, 1, 1, 1, 1, 1, 1, 1, 1, 1, 1, 1, 1, 1, 1, 1, 1, 1, 1, 1, 1, 1, 1, 1], [1, 1, 1, 1, 1, 1, 1, 1, 1, 1, 1, 1, 1, 1, 1, 1, 1, 1, 1, 1, 1, 1, 1, 1, 1, 1, 1, 1, 1, 1, 1, 1, 1, 1, 1, 1, 1, 1, 1, 1, 1, 1, 1, 1, 1, 1, 1, 1, 1, 1]]

means=tensor([3.7593e-04, 0.0000e+00, 0.0000e+00, 0.0000e+00, 9.6011e-04, 3.6249e-04,
        1.0284e-03, 2.5979e-04, 0.0000e+00, 0.0000e+00, 0.0000e+00, 3.1169e-03,
        1.8649e-03, 2.7992e-04, 1.1320e-04, 3.6595e-06, 1.9659e-05, 2.3952e-05,
        2.6999e-04, 3.9554e-05, 6.1215e-05, 5.1707e-04, 1.1213e-04, 6.8636e-05,
        1.7157e-05, 1.3440e-04, 1.5857e-05, 4.2750e-05, 2.0287e-05, 5.8920e-05,
        1.7976e-04, 2.6364e-04, 4.9959e-05, 2.6839e-04, 1.2563e-04, 7.5061e-06,
        3.5912e-05, 3.1267e-05, 3.7776e-06, 3.6120e-04, 1.3102e-05, 3.9503e-04,
        3.8896e-04, 1.7798e-04, 2.2621e-04, 1.2806e-05, 8.3891e-05, 5.5787e-06,
        1.2898e-04, 5.5206e-04, 4.3157e-04, 1.6841e-07, 1.5990e-04, 4.6600e-04,
        1.9398e-04, 1.1129e-04, 4.8927e-06, 9.0778e-05, 9.7993e-05, 1.0276e-05,
        1.8210e-04, 5.6116e-05, 3.6507e-05, 6.4233e-05, 1.7979e-04, 4.0324e-04,
        2.1065e-05, 1.4404e-04, 7.8313e-05, 1.6630e-04, 1.0065e-04, 3.5559e-05,
        1.5734e-04, 3.4660e-04, 1.2583e-04, 1.1060e-05, 1.2735e-04, 6.3393e-05,
        2.6903e-06, 1.8297e-05, 6.6144e-05, 1.5473e-04, 1.6895e-04, 4.9574e-05,
        4.4291e-05, 5.1243e-05, 1.5756e-07, 3.5055e-05, 4.3608e-04, 1.1309e-04,
        1.8830e-04, 1.6484e-04, 2.3290e-04, 4.9667e-05, 6.3267e-05, 1.5642e-04,
        7.4803e-05, 8.0708e-05, 3.8800e-04, 2.9609e-04, 1.1522e-04, 1.0257e-04,
        1.6059e-04, 1.6399e-04, 4.2864e-05, 4.6074e-04, 2.9410e-05, 2.4298e-04,
        3.6896e-05, 7.8615e-05, 6.2936e-05, 8.9856e-05, 5.3025e-06],
       grad_fn=<CatBackward>)

mean_overall=tensor(0.0002, grad_fn=<MeanBackward0>)

-----------------------------------------------ITERATION440-----------------------------------------------

final_causality=[[1, 1, 1, 1, 1, 1, 1, 1, 1, 1, 1, 1, 1], [1, 1, 1, 1, 1, 1, 1, 1, 1, 1, 1, 1, 1, 1, 1, 1, 1, 1, 1, 1, 1, 1, 1, 1, 1, 1, 1, 1, 1, 1, 1, 1, 1, 1, 1, 1, 1, 1, 1, 1, 1, 1, 1, 1, 1, 1, 1, 1, 1, 1], [1, 1, 1, 1, 1, 1, 1, 1, 1, 1, 1, 1, 1, 1, 1, 1, 1, 1, 1, 1, 1, 1, 1, 1, 1, 1, 1, 1, 1, 1, 1, 1, 1, 1, 1, 1, 1, 1, 1, 1, 1, 1, 1, 1, 1, 1, 1, 1, 1, 1]]

means=tensor([4.0823e-04, 0.0000e+00, 0.0000e+00, 0.0000e+00, 1.0271e-03, 4.0050e-04,
        1.1019e-03, 2.8216e-04, 0.0000e+00, 0.0000e+00, 0.0000e+00, 3.3126e-03,
        1.9967e-03, 2.9067e-04, 1.2051e-04, 3.6788e-06, 2.0447e-05, 2.5733e-05,
        2.9574e-04, 4.2031e-05, 6.1735e-05, 5.4318e-04, 1.1923e-04, 7.1470e-05,
        1.7821e-05, 1.4106e-04, 1.8236e-05, 4.6566e-05, 2.2655e-05, 6.2508e-05,
        1.9043e-04, 2.7945e-04, 5.3997e-05, 2.9102e-04, 1.3839e-04, 7.4763e-06,
        3.5678e-05, 3.3934e-05, 3.9523e-06, 3.7783e-04, 1.3446e-05, 4.1714e-04,
        4.1696e-04, 1.9424e-04, 2.4778e-04, 1.2878e-05, 9.4116e-05, 6.0333e-06,
        1.4063e-04, 5.9455e-04, 4.5447e-04, 2.7685e-07, 1.7041e-04, 4.9714e-04,
        2.0375e-04, 1.1858e-04, 5.7750e-06, 9.2207e-05, 1.0470e-04, 1.1250e-05,
        1.9776e-04, 5.9082e-05, 3.7557e-05, 6.8367e-05, 1.9268e-04, 4.2480e-04,
        2.3229e-05, 1.5575e-04, 8.6972e-05, 1.7654e-04, 1.0756e-04, 3.9301e-05,
        1.6640e-04, 3.6706e-04, 1.3619e-04, 1.2252e-05, 1.3771e-04, 6.7979e-05,
        3.1091e-06, 1.9939e-05, 7.0525e-05, 1.6641e-04, 1.8022e-04, 5.4624e-05,
        4.7746e-05, 5.4812e-05, 1.6298e-07, 3.8514e-05, 4.5700e-04, 1.2061e-04,
        1.9941e-04, 1.7628e-04, 2.5008e-04, 5.3237e-05, 6.8325e-05, 1.6721e-04,
        8.0802e-05, 8.6531e-05, 4.0916e-04, 3.1365e-04, 1.2221e-04, 1.1071e-04,
        1.7422e-04, 1.7336e-04, 4.6307e-05, 4.8330e-04, 2.8325e-05, 2.5702e-04,
        3.9917e-05, 8.4045e-05, 6.9745e-05, 9.5677e-05, 5.8336e-06],
       grad_fn=<CatBackward>)

mean_overall=tensor(0.0002, grad_fn=<MeanBackward0>)

