-----------------------------------------------ITERATION0-----------------------------------------------

final_causality=[[1, 1, 1, 1, 1, 1, 1, 1, 1, 1, 1, 1, 1], [1, 1, 1, 1, 1, 1, 1, 1, 1, 1, 1, 1, 1, 1, 1, 1, 1, 1, 1, 1, 1, 1, 1, 1, 1, 1, 1, 1, 1, 1, 1, 1, 1, 1, 1, 1, 1, 1, 1, 1, 1, 1, 1, 1, 1, 1, 1, 1, 1, 1], [1, 1, 1, 1, 1, 1, 1, 1, 1, 1, 1, 1, 1, 1, 1, 1, 1, 1, 1, 1, 1, 1, 1, 1, 1, 1, 1, 1, 1, 1, 1, 1, 1, 1, 1, 1, 1, 1, 1, 1, 1, 1, 1, 1, 1, 1, 1, 1, 1, 1]]

means=tensor([1.6108e-05, 0.0000e+00, 0.0000e+00, 0.0000e+00, 1.4065e-04, 7.4527e-05,
        6.0811e-06, 2.0177e-05, 0.0000e+00, 0.0000e+00, 0.0000e+00, 6.8885e-06,
        2.3316e-05, 8.9555e-07, 4.1024e-05, 4.5354e-05, 9.3899e-06, 2.7561e-05,
        6.6183e-06, 4.9730e-06, 6.9627e-06, 1.4445e-05, 3.6232e-06, 6.9092e-05,
        3.9554e-05, 4.6949e-05, 3.3274e-05, 5.3295e-06, 2.3228e-05, 1.7503e-05,
        4.8491e-06, 7.3018e-05, 9.0970e-05, 6.0788e-05, 5.4755e-05, 4.7003e-05,
        6.8326e-05, 1.9777e-05, 4.6697e-05, 3.1867e-05, 2.6302e-05, 9.7411e-05,
        5.7695e-05, 1.8007e-05, 8.8424e-06, 3.4639e-05, 1.0708e-05, 5.3126e-06,
        1.2466e-05, 2.8494e-07, 1.6458e-05, 8.3985e-05, 7.1462e-06, 9.3113e-06,
        3.0979e-05, 2.4519e-06, 1.6361e-05, 1.6648e-05, 1.2659e-06, 2.3761e-05,
        6.4259e-06, 3.6675e-06, 2.1564e-05, 7.2261e-06, 4.8543e-05, 3.2395e-05,
        1.3766e-05, 2.2206e-05, 5.2469e-05, 1.2415e-05, 5.1371e-06, 1.9704e-05,
        5.0835e-05, 1.6141e-05, 3.2704e-05, 5.2785e-05, 9.3557e-06, 3.8683e-05,
        9.7869e-05, 9.1928e-05, 3.3706e-05, 7.2133e-05, 3.0368e-05, 2.0288e-05,
        2.2461e-05, 2.2619e-05, 3.2253e-05, 6.7752e-05, 3.6957e-06, 5.5652e-06,
        1.1952e-05, 3.6147e-05, 8.0684e-06, 1.2579e-05, 3.5460e-05, 4.4133e-05,
        2.6727e-05, 5.6102e-05, 2.9056e-05, 1.4839e-05, 1.0762e-04, 4.5333e-05,
        3.4514e-05, 3.4586e-05, 5.3889e-05, 7.8060e-06, 4.2831e-05, 2.5329e-05,
        3.2943e-05, 7.7175e-05, 1.0319e-05, 5.7210e-06, 1.1641e-05],
       grad_fn=<CatBackward>)

mean_overall=tensor(2.9850e-05, grad_fn=<MeanBackward0>)

-----------------------------------------------ITERATION10-----------------------------------------------

final_causality=[[1, 1, 1, 1, 1, 1, 1, 1, 1, 1, 1, 1, 1], [1, 1, 1, 1, 1, 1, 1, 1, 1, 1, 1, 1, 1, 1, 1, 1, 1, 1, 1, 1, 1, 1, 1, 1, 1, 1, 1, 1, 1, 1, 1, 1, 1, 1, 1, 1, 1, 1, 1, 1, 1, 1, 1, 1, 1, 1, 1, 1, 1, 1], [1, 1, 1, 1, 1, 1, 1, 1, 1, 1, 1, 1, 1, 1, 1, 1, 1, 1, 1, 1, 1, 1, 1, 1, 1, 1, 1, 1, 1, 1, 1, 1, 1, 1, 1, 1, 1, 1, 1, 1, 1, 1, 1, 1, 1, 1, 1, 1, 1, 1]]

means=tensor([1.9359e-05, 0.0000e+00, 0.0000e+00, 0.0000e+00, 1.5616e-04, 7.8088e-05,
        1.2700e-05, 1.6279e-05, 0.0000e+00, 0.0000e+00, 0.0000e+00, 2.7464e-05,
        5.1245e-07, 1.5710e-06, 3.9311e-05, 4.8498e-05, 8.3113e-06, 2.9089e-05,
        6.9582e-06, 2.4126e-06, 6.8720e-06, 1.5627e-05, 3.3243e-06, 7.1430e-05,
        3.5832e-05, 4.7923e-05, 3.1812e-05, 4.6016e-06, 2.0683e-05, 1.5996e-05,
        3.7318e-06, 6.9086e-05, 9.4542e-05, 6.0088e-05, 5.6129e-05, 4.7848e-05,
        7.2615e-05, 1.9068e-05, 4.0236e-05, 2.5692e-05, 2.6174e-05, 1.0151e-04,
        5.2631e-05, 1.8093e-05, 5.2497e-06, 3.2822e-05, 1.4720e-05, 5.2687e-06,
        1.1926e-05, 5.8588e-07, 1.7075e-05, 8.6042e-05, 8.0985e-06, 9.3859e-06,
        3.0201e-05, 3.7494e-06, 1.7048e-05, 1.6169e-05, 1.4947e-06, 2.3670e-05,
        8.4200e-06, 3.4535e-06, 2.0424e-05, 7.4520e-06, 5.0152e-05, 3.3187e-05,
        1.3981e-05, 2.2343e-05, 5.3489e-05, 1.3260e-05, 5.6066e-06, 2.0453e-05,
        5.2543e-05, 1.6060e-05, 3.4167e-05, 5.5451e-05, 1.0110e-05, 4.0189e-05,
        9.5375e-05, 8.9577e-05, 3.5945e-05, 7.1078e-05, 3.0596e-05, 2.0181e-05,
        2.2912e-05, 2.3145e-05, 3.1093e-05, 6.6023e-05, 3.6313e-06, 5.7715e-06,
        1.1968e-05, 3.4891e-05, 7.5928e-06, 1.2029e-05, 3.6933e-05, 4.5150e-05,
        2.6950e-05, 5.7249e-05, 2.9191e-05, 1.6064e-05, 1.0924e-04, 4.5414e-05,
        3.3023e-05, 3.3929e-05, 5.3111e-05, 7.6820e-06, 4.6526e-05, 2.5188e-05,
        3.2897e-05, 7.4848e-05, 1.0484e-05, 5.7030e-06, 1.1441e-05],
       grad_fn=<CatBackward>)

mean_overall=tensor(3.0047e-05, grad_fn=<MeanBackward0>)

-----------------------------------------------ITERATION20-----------------------------------------------

final_causality=[[1, 1, 1, 1, 1, 1, 1, 1, 1, 1, 1, 1, 1], [1, 1, 1, 1, 1, 1, 1, 1, 1, 1, 1, 1, 1, 1, 1, 1, 1, 1, 1, 1, 1, 1, 1, 1, 1, 1, 1, 1, 1, 1, 1, 1, 1, 1, 1, 1, 1, 1, 1, 1, 1, 1, 1, 1, 1, 1, 1, 1, 1, 1], [1, 1, 1, 1, 1, 1, 1, 1, 1, 1, 1, 1, 1, 1, 1, 1, 1, 1, 1, 1, 1, 1, 1, 1, 1, 1, 1, 1, 1, 1, 1, 1, 1, 1, 1, 1, 1, 1, 1, 1, 1, 1, 1, 1, 1, 1, 1, 1, 1, 1]]

means=tensor([2.3352e-05, 2.7756e-17, 2.7756e-17, 2.7756e-17, 1.7803e-04, 8.3027e-05,
        2.4958e-05, 1.1240e-05, 2.7756e-17, 2.7756e-17, 2.7756e-17, 9.2554e-05,
        3.3069e-05, 4.8867e-06, 3.7318e-05, 5.2837e-05, 7.1663e-06, 3.1123e-05,
        6.8283e-06, 5.8291e-07, 7.4193e-06, 1.7323e-05, 1.9248e-06, 7.4477e-05,
        3.1146e-05, 5.0005e-05, 2.8846e-05, 4.0203e-06, 1.7693e-05, 1.4462e-05,
        2.6333e-06, 6.1209e-05, 9.9894e-05, 5.8469e-05, 5.7440e-05, 4.9794e-05,
        7.8379e-05, 1.8609e-05, 3.1870e-05, 1.7706e-05, 2.6461e-05, 1.1019e-04,
        4.6214e-05, 1.8507e-05, 7.4673e-07, 3.1140e-05, 2.0002e-05, 6.0888e-06,
        1.1578e-05, 1.6682e-06, 1.7127e-05, 8.9576e-05, 9.1327e-06, 1.0498e-05,
        2.9404e-05, 5.0395e-06, 1.7626e-05, 1.5939e-05, 5.4011e-06, 2.4118e-05,
        1.1223e-05, 4.0785e-06, 1.9325e-05, 7.7783e-06, 5.2773e-05, 3.4258e-05,
        1.4260e-05, 2.2733e-05, 5.5060e-05, 1.4389e-05, 6.2758e-06, 2.1634e-05,
        5.5144e-05, 1.5996e-05, 3.6264e-05, 5.9305e-05, 1.1268e-05, 4.1930e-05,
        9.2050e-05, 8.6116e-05, 3.9042e-05, 6.8769e-05, 3.1169e-05, 2.0346e-05,
        2.3555e-05, 2.3964e-05, 2.9572e-05, 6.3920e-05, 3.6301e-06, 5.8901e-06,
        1.3072e-05, 3.3044e-05, 7.0176e-06, 1.1446e-05, 3.8928e-05, 4.6748e-05,
        2.7335e-05, 5.8876e-05, 2.9324e-05, 1.8686e-05, 1.1184e-04, 4.5782e-05,
        3.0756e-05, 3.3277e-05, 5.1810e-05, 7.5541e-06, 5.2333e-05, 2.5189e-05,
        3.2605e-05, 7.2135e-05, 1.0534e-05, 5.8060e-06, 1.1225e-05],
       grad_fn=<CatBackward>)

mean_overall=tensor(3.1449e-05, grad_fn=<MeanBackward0>)

-----------------------------------------------ITERATION30-----------------------------------------------

final_causality=[[1, 1, 1, 1, 1, 1, 1, 1, 1, 1, 1, 1, 1], [1, 1, 1, 1, 1, 1, 1, 1, 1, 1, 1, 1, 1, 1, 1, 1, 1, 1, 1, 1, 1, 1, 1, 1, 1, 1, 1, 1, 1, 1, 1, 1, 1, 1, 1, 1, 1, 1, 1, 1, 1, 1, 1, 1, 1, 1, 1, 1, 1, 1], [1, 1, 1, 1, 1, 1, 1, 1, 1, 1, 1, 1, 1, 1, 1, 1, 1, 1, 1, 1, 1, 1, 1, 1, 1, 1, 1, 1, 1, 1, 1, 1, 1, 1, 1, 1, 1, 1, 1, 1, 1, 1, 1, 1, 1, 1, 1, 1, 1, 1]]

means=tensor([2.8692e-05, 2.7756e-17, 2.7756e-17, 2.7756e-17, 2.0066e-04, 8.6742e-05,
        4.3593e-05, 7.3155e-06, 2.7756e-17, 2.7756e-17, 2.7756e-17, 1.6626e-04,
        7.5169e-05, 7.3503e-06, 3.6314e-05, 5.6840e-05, 7.0558e-06, 3.3159e-05,
        5.4429e-06, 2.4860e-06, 9.4536e-06, 1.8042e-05, 1.2296e-06, 7.6650e-05,
        2.7483e-05, 5.3903e-05, 2.4248e-05, 4.5912e-06, 1.5774e-05, 1.4270e-05,
        2.5071e-06, 4.9807e-05, 1.0447e-04, 5.5657e-05, 5.8671e-05, 5.3634e-05,
        8.3389e-05, 1.9510e-05, 2.5063e-05, 1.1398e-05, 2.8215e-05, 1.2381e-04,
        4.1324e-05, 2.0112e-05, 2.2527e-06, 3.1516e-05, 2.3794e-05, 8.8525e-06,
        1.2268e-05, 2.1667e-06, 1.5378e-05, 9.4999e-05, 9.5152e-06, 1.3626e-05,
        2.9400e-05, 5.0059e-06, 1.7231e-05, 1.6866e-05, 8.6615e-06, 2.6189e-05,
        1.3553e-05, 6.5814e-06, 1.9296e-05, 8.0467e-06, 5.6896e-05, 3.5111e-05,
        1.4782e-05, 2.3492e-05, 5.7006e-05, 1.7268e-05, 6.8699e-06, 2.3276e-05,
        5.8189e-05, 1.5725e-05, 3.8380e-05, 6.3504e-05, 1.2793e-05, 4.3545e-05,
        8.9160e-05, 8.3627e-05, 4.2296e-05, 6.6326e-05, 3.2301e-05, 2.0872e-05,
        2.4016e-05, 2.4785e-05, 2.8271e-05, 6.1894e-05, 3.8861e-06, 5.6192e-06,
        1.5629e-05, 3.2638e-05, 6.6803e-06, 1.1270e-05, 4.0714e-05, 4.8554e-05,
        2.7942e-05, 6.0942e-05, 2.9381e-05, 2.2248e-05, 1.1426e-04, 4.6582e-05,
        2.8314e-05, 3.2815e-05, 5.3524e-05, 7.5788e-06, 5.9547e-05, 2.5465e-05,
        3.2180e-05, 6.9955e-05, 1.0197e-05, 6.1317e-06, 1.1325e-05],
       grad_fn=<CatBackward>)

mean_overall=tensor(3.3533e-05, grad_fn=<MeanBackward0>)

-----------------------------------------------ITERATION40-----------------------------------------------

final_causality=[[1, 1, 1, 1, 1, 1, 1, 1, 1, 1, 1, 1, 1], [1, 1, 1, 1, 1, 1, 1, 1, 1, 1, 1, 1, 1, 1, 1, 1, 1, 1, 1, 1, 1, 1, 1, 1, 1, 1, 1, 1, 1, 1, 1, 1, 1, 1, 1, 1, 1, 1, 1, 1, 1, 1, 1, 1, 1, 1, 1, 1, 1, 1], [1, 1, 1, 1, 1, 1, 1, 1, 1, 1, 1, 1, 1, 1, 1, 1, 1, 1, 1, 1, 1, 1, 1, 1, 1, 1, 1, 1, 1, 1, 1, 1, 1, 1, 1, 1, 1, 1, 1, 1, 1, 1, 1, 1, 1, 1, 1, 1, 1, 1]]

means=tensor([3.4798e-05, 0.0000e+00, 0.0000e+00, 0.0000e+00, 2.2640e-04, 9.1337e-05,
        6.6183e-05, 3.1859e-06, 0.0000e+00, 0.0000e+00, 0.0000e+00, 2.4894e-04,
        1.2280e-04, 1.0248e-05, 3.5520e-05, 6.1373e-05, 7.1498e-06, 3.6480e-05,
        3.9204e-06, 4.6162e-06, 1.2224e-05, 1.8680e-05, 5.1194e-06, 7.9045e-05,
        2.3936e-05, 5.8729e-05, 1.9335e-05, 5.5284e-06, 1.4053e-05, 1.4414e-05,
        2.6092e-06, 3.7285e-05, 1.0951e-04, 5.3435e-05, 6.0095e-05, 5.8421e-05,
        8.8980e-05, 2.0828e-05, 1.8185e-05, 4.9787e-06, 3.0498e-05, 1.4037e-04,
        3.6526e-05, 2.2324e-05, 5.3432e-06, 3.2510e-05, 2.8181e-05, 1.2679e-05,
        1.3307e-05, 2.7352e-06, 1.3429e-05, 1.0147e-04, 9.8555e-06, 1.7771e-05,
        2.9627e-05, 4.8378e-06, 1.6795e-05, 1.8189e-05, 1.2642e-05, 2.8929e-05,
        1.6338e-05, 1.0029e-05, 1.9964e-05, 8.3880e-06, 6.1644e-05, 3.6051e-05,
        1.5481e-05, 2.4477e-05, 5.9424e-05, 2.0292e-05, 7.5550e-06, 2.5281e-05,
        6.2074e-05, 1.5410e-05, 4.0861e-05, 6.8599e-05, 1.4627e-05, 4.4991e-05,
        8.6715e-05, 8.1154e-05, 5.1599e-05, 6.3802e-05, 3.3812e-05, 2.1690e-05,
        2.4561e-05, 2.5811e-05, 3.0519e-05, 5.9848e-05, 4.2216e-06, 5.2799e-06,
        1.8735e-05, 3.4246e-05, 6.3564e-06, 1.1157e-05, 4.2461e-05, 5.0916e-05,
        2.8741e-05, 6.3105e-05, 2.9443e-05, 2.6583e-05, 1.1696e-04, 4.7567e-05,
        2.5946e-05, 3.4518e-05, 5.5751e-05, 7.6298e-06, 6.7638e-05, 2.5895e-05,
        3.1267e-05, 6.7629e-05, 9.8100e-06, 6.5177e-06, 1.1464e-05],
       grad_fn=<CatBackward>)

mean_overall=tensor(3.6258e-05, grad_fn=<MeanBackward0>)

-----------------------------------------------ITERATION50-----------------------------------------------

final_causality=[[1, 1, 1, 1, 1, 1, 1, 1, 1, 1, 1, 1, 1], [1, 1, 1, 1, 1, 1, 1, 1, 1, 1, 1, 1, 1, 1, 1, 1, 1, 1, 1, 1, 1, 1, 1, 1, 1, 1, 1, 1, 1, 1, 1, 1, 1, 1, 1, 1, 1, 1, 1, 1, 1, 1, 1, 1, 1, 1, 1, 1, 1, 1], [1, 1, 1, 1, 1, 1, 1, 1, 1, 1, 1, 1, 1, 1, 1, 1, 1, 1, 1, 1, 1, 1, 1, 1, 1, 1, 1, 1, 1, 1, 1, 1, 1, 1, 1, 1, 1, 1, 1, 1, 1, 1, 1, 1, 1, 1, 1, 1, 1, 1]]

means=tensor([4.1475e-05, 0.0000e+00, 0.0000e+00, 0.0000e+00, 2.5692e-04, 9.8252e-05,
        9.1560e-05, 1.7560e-06, 0.0000e+00, 0.0000e+00, 0.0000e+00, 3.4115e-04,
        1.7623e-04, 1.4473e-05, 3.4504e-05, 6.7066e-05, 6.9359e-06, 4.0769e-05,
        2.8351e-06, 7.6555e-06, 1.5330e-05, 1.9896e-05, 9.2505e-06, 8.2364e-05,
        2.0061e-05, 6.3930e-05, 1.4831e-05, 6.3349e-06, 1.2104e-05, 1.4348e-05,
        2.5107e-06, 2.4993e-05, 1.1585e-04, 5.1685e-05, 6.2459e-05, 6.3575e-05,
        9.6086e-05, 2.1979e-05, 1.0360e-05, 2.6262e-06, 3.2709e-05, 1.5865e-04,
        3.1068e-05, 2.4622e-05, 9.6248e-06, 3.3366e-05, 3.4555e-05, 1.7007e-05,
        1.4384e-05, 3.8972e-06, 1.2076e-05, 1.0847e-04, 1.0650e-05, 2.2356e-05,
        3.0072e-05, 5.2422e-06, 1.6897e-05, 1.9419e-05, 1.8345e-05, 3.1710e-05,
        2.0295e-05, 1.3910e-05, 2.0786e-05, 8.8716e-06, 6.6883e-05, 3.7234e-05,
        1.6261e-05, 2.5857e-05, 6.3315e-05, 2.4366e-05, 8.4598e-06, 2.7589e-05,
        6.6919e-05, 1.5917e-05, 4.3987e-05, 7.4949e-05, 1.6682e-05, 4.6251e-05,
        8.4176e-05, 7.8733e-05, 6.3217e-05, 6.6919e-05, 3.5571e-05, 2.2790e-05,
        2.5405e-05, 2.7192e-05, 3.2846e-05, 5.7646e-05, 4.5522e-06, 5.0549e-06,
        2.2549e-05, 3.5901e-05, 5.9271e-06, 1.0915e-05, 4.4422e-05, 5.4014e-05,
        3.0576e-05, 6.5230e-05, 2.9527e-05, 3.1735e-05, 1.2042e-04, 4.8561e-05,
        2.4891e-05, 3.6259e-05, 5.8488e-05, 7.6306e-06, 7.7759e-05, 2.6384e-05,
        2.9661e-05, 6.5342e-05, 9.5529e-06, 6.8766e-06, 1.1463e-05],
       grad_fn=<CatBackward>)

mean_overall=tensor(3.9681e-05, grad_fn=<MeanBackward0>)

-----------------------------------------------ITERATION60-----------------------------------------------

final_causality=[[1, 1, 1, 1, 1, 1, 1, 1, 1, 1, 1, 1, 1], [1, 1, 1, 1, 1, 1, 1, 1, 1, 1, 1, 1, 1, 1, 1, 1, 1, 1, 1, 1, 1, 1, 1, 1, 1, 1, 1, 1, 1, 1, 1, 1, 1, 1, 1, 1, 1, 1, 1, 1, 1, 1, 1, 1, 1, 1, 1, 1, 1, 1], [1, 1, 1, 1, 1, 1, 1, 1, 1, 1, 1, 1, 1, 1, 1, 1, 1, 1, 1, 1, 1, 1, 1, 1, 1, 1, 1, 1, 1, 1, 1, 1, 1, 1, 1, 1, 1, 1, 1, 1, 1, 1, 1, 1, 1, 1, 1, 1, 1, 1]]

means=tensor([4.9298e-05, 0.0000e+00, 0.0000e+00, 0.0000e+00, 2.9201e-04, 1.0739e-04,
        1.2123e-04, 7.8480e-06, 0.0000e+00, 0.0000e+00, 0.0000e+00, 4.4381e-04,
        2.3658e-04, 1.9735e-05, 3.3564e-05, 7.3694e-05, 6.7103e-06, 4.5658e-05,
        1.8919e-06, 1.1671e-05, 1.9656e-05, 2.1429e-05, 1.4352e-05, 8.6895e-05,
        1.6264e-05, 6.9872e-05, 1.0485e-05, 7.3331e-06, 1.0260e-05, 1.4835e-05,
        2.4917e-06, 1.2495e-05, 1.2309e-04, 5.0061e-05, 6.5320e-05, 6.9490e-05,
        1.0433e-04, 2.3318e-05, 2.2414e-06, 1.0961e-05, 3.5582e-05, 1.7937e-04,
        2.5574e-05, 2.7244e-05, 1.4846e-05, 3.4597e-05, 4.2248e-05, 2.2343e-05,
        1.5913e-05, 5.5354e-06, 1.0946e-05, 1.1634e-04, 1.1661e-05, 2.7852e-05,
        3.1977e-05, 5.8701e-06, 1.7301e-05, 2.0868e-05, 2.5541e-05, 3.4936e-05,
        2.5252e-05, 1.8777e-05, 2.1797e-05, 9.4536e-06, 7.2790e-05, 3.8566e-05,
        1.7148e-05, 2.7587e-05, 6.7769e-05, 2.8845e-05, 9.5428e-06, 3.0359e-05,
        7.2491e-05, 1.6871e-05, 4.7712e-05, 8.2389e-05, 1.8989e-05, 4.7253e-05,
        8.1561e-05, 7.6153e-05, 7.6743e-05, 7.3524e-05, 3.7694e-05, 2.4295e-05,
        2.6525e-05, 2.8875e-05, 3.6238e-05, 6.3528e-05, 4.9449e-06, 4.8430e-06,
        2.7315e-05, 3.7662e-05, 5.4589e-06, 1.0659e-05, 4.6671e-05, 5.8288e-05,
        3.2999e-05, 6.7467e-05, 2.9515e-05, 3.7703e-05, 1.2487e-04, 4.9642e-05,
        2.3671e-05, 3.8147e-05, 6.1712e-05, 7.6144e-06, 8.9312e-05, 2.6972e-05,
        2.7406e-05, 6.2968e-05, 9.3139e-06, 7.2815e-06, 1.1412e-05],
       grad_fn=<CatBackward>)

mean_overall=tensor(4.4030e-05, grad_fn=<MeanBackward0>)

-----------------------------------------------ITERATION70-----------------------------------------------

final_causality=[[1, 1, 1, 1, 1, 1, 1, 1, 1, 1, 1, 1, 1], [1, 1, 1, 1, 1, 1, 1, 1, 1, 1, 1, 1, 1, 1, 1, 1, 1, 1, 1, 1, 1, 1, 1, 1, 1, 1, 1, 1, 1, 1, 1, 1, 1, 1, 1, 1, 1, 1, 1, 1, 1, 1, 1, 1, 1, 1, 1, 1, 1, 1], [1, 1, 1, 1, 1, 1, 1, 1, 1, 1, 1, 1, 1, 1, 1, 1, 1, 1, 1, 1, 1, 1, 1, 1, 1, 1, 1, 1, 1, 1, 1, 1, 1, 1, 1, 1, 1, 1, 1, 1, 1, 1, 1, 1, 1, 1, 1, 1, 1, 1]]

means=tensor([5.8732e-05, 0.0000e+00, 0.0000e+00, 0.0000e+00, 3.3210e-04, 1.1916e-04,
        1.5631e-04, 1.4952e-05, 0.0000e+00, 0.0000e+00, 0.0000e+00, 5.5844e-04,
        3.0515e-04, 2.5983e-05, 3.2816e-05, 8.1215e-05, 6.5853e-06, 5.1128e-05,
        9.8272e-07, 1.6758e-05, 2.5145e-05, 2.3203e-05, 2.0850e-05, 9.2037e-05,
        1.2693e-05, 7.6742e-05, 6.2511e-06, 8.7768e-06, 8.6328e-06, 1.5642e-05,
        2.6780e-06, 6.7157e-07, 1.3112e-04, 4.8462e-05, 6.8536e-05, 7.6363e-05,
        1.1362e-04, 2.5001e-05, 5.8177e-06, 1.9891e-05, 3.8973e-05, 2.0284e-04,
        2.0287e-05, 3.0333e-05, 2.1037e-05, 3.6425e-05, 5.1122e-05, 2.9001e-05,
        1.7844e-05, 7.6674e-06, 9.8612e-06, 1.2526e-04, 1.2811e-05, 3.4520e-05,
        3.4190e-05, 6.6071e-06, 1.7946e-05, 2.2689e-05, 3.4249e-05, 3.8816e-05,
        3.1216e-05, 2.4924e-05, 2.3137e-05, 1.0118e-05, 7.9493e-05, 4.2249e-05,
        1.8172e-05, 2.9751e-05, 7.3569e-05, 3.3784e-05, 1.0806e-05, 3.3738e-05,
        7.8657e-05, 1.7909e-05, 5.2053e-05, 9.0871e-05, 2.1590e-05, 4.7920e-05,
        7.8918e-05, 7.3354e-05, 9.2665e-05, 8.0668e-05, 4.0270e-05, 2.6315e-05,
        2.7946e-05, 3.0854e-05, 4.1841e-05, 7.2128e-05, 5.5007e-06, 4.6048e-06,
        3.3278e-05, 4.3053e-05, 5.1563e-06, 1.0428e-05, 4.9318e-05, 6.3857e-05,
        3.5795e-05, 6.9888e-05, 2.9316e-05, 4.4502e-05, 1.3061e-04, 5.0852e-05,
        2.2290e-05, 4.0271e-05, 6.5465e-05, 7.5853e-06, 1.0195e-04, 2.7692e-05,
        2.4491e-05, 6.0455e-05, 9.0436e-06, 7.7769e-06, 1.1340e-05],
       grad_fn=<CatBackward>)

mean_overall=tensor(4.9331e-05, grad_fn=<MeanBackward0>)

-----------------------------------------------ITERATION80-----------------------------------------------

final_causality=[[1, 1, 1, 1, 1, 1, 1, 1, 1, 1, 1, 1, 1], [1, 1, 1, 1, 1, 1, 1, 1, 1, 1, 1, 1, 1, 1, 1, 1, 1, 1, 1, 1, 1, 1, 1, 1, 1, 1, 1, 1, 1, 1, 1, 1, 1, 1, 1, 1, 1, 1, 1, 1, 1, 1, 1, 1, 1, 1, 1, 1, 1, 1], [1, 1, 1, 1, 1, 1, 1, 1, 1, 1, 1, 1, 1, 1, 1, 1, 1, 1, 1, 1, 1, 1, 1, 1, 1, 1, 1, 1, 1, 1, 1, 1, 1, 1, 1, 1, 1, 1, 1, 1, 1, 1, 1, 1, 1, 1, 1, 1, 1, 1]]

means=tensor([7.0176e-05, 0.0000e+00, 0.0000e+00, 0.0000e+00, 3.7811e-04, 1.3436e-04,
        1.9767e-04, 2.3411e-05, 0.0000e+00, 0.0000e+00, 0.0000e+00, 6.8699e-04,
        3.8348e-04, 3.3379e-05, 3.2249e-05, 8.9746e-05, 6.5403e-06, 5.7286e-05,
        1.1323e-07, 2.3304e-05, 3.1958e-05, 2.5313e-05, 2.8945e-05, 9.7849e-05,
        9.3208e-06, 8.4579e-05, 2.0081e-06, 1.0670e-05, 7.1978e-06, 1.6780e-05,
        3.0752e-06, 1.7320e-05, 1.4003e-04, 4.6958e-05, 7.2219e-05, 8.4244e-05,
        1.2411e-04, 2.7020e-05, 1.4224e-05, 2.9827e-05, 4.2907e-05, 2.2906e-04,
        1.5179e-05, 3.3931e-05, 2.9014e-05, 3.8855e-05, 6.1367e-05, 3.7123e-05,
        2.0214e-05, 1.0450e-05, 8.8623e-06, 1.3666e-04, 1.4149e-05, 4.2457e-05,
        3.6737e-05, 7.5122e-06, 1.8900e-05, 2.4897e-05, 4.4713e-05, 4.3380e-05,
        3.8372e-05, 3.2519e-05, 2.4827e-05, 1.0877e-05, 8.7881e-05, 4.6872e-05,
        1.9377e-05, 3.2410e-05, 8.0877e-05, 3.9309e-05, 1.2298e-05, 3.7838e-05,
        8.5435e-05, 1.9058e-05, 5.7114e-05, 1.0049e-04, 2.4535e-05, 4.8176e-05,
        7.6226e-05, 7.0343e-05, 1.1000e-04, 8.8505e-05, 4.3354e-05, 2.8914e-05,
        2.9733e-05, 3.3203e-05, 4.8113e-05, 8.1925e-05, 6.2316e-06, 4.3478e-06,
        4.0078e-05, 4.9186e-05, 4.8773e-06, 1.0850e-05, 5.2493e-05, 7.0525e-05,
        3.9384e-05, 7.2513e-05, 2.8866e-05, 5.2185e-05, 1.3795e-04, 5.2198e-05,
        2.0732e-05, 4.2699e-05, 7.4150e-05, 7.5271e-06, 1.1580e-04, 2.8552e-05,
        2.1263e-05, 5.7802e-05, 8.7428e-06, 8.3940e-06, 1.1225e-05],
       grad_fn=<CatBackward>)

mean_overall=tensor(5.5876e-05, grad_fn=<MeanBackward0>)

-----------------------------------------------ITERATION90-----------------------------------------------

final_causality=[[1, 1, 1, 1, 1, 1, 1, 1, 1, 1, 1, 1, 1], [1, 1, 1, 1, 1, 1, 1, 1, 1, 1, 1, 1, 1, 1, 1, 1, 1, 1, 1, 1, 1, 1, 1, 1, 1, 1, 1, 1, 1, 1, 1, 1, 1, 1, 1, 1, 1, 1, 1, 1, 1, 1, 1, 1, 1, 1, 1, 1, 1, 1], [1, 1, 1, 1, 1, 1, 1, 1, 1, 1, 1, 1, 1, 1, 1, 1, 1, 1, 1, 1, 1, 1, 1, 1, 1, 1, 1, 1, 1, 1, 1, 1, 1, 1, 1, 1, 1, 1, 1, 1, 1, 1, 1, 1, 1, 1, 1, 1, 1, 1]]

means=tensor([8.4083e-05, 0.0000e+00, 0.0000e+00, 0.0000e+00, 4.3109e-04, 1.5381e-04,
        2.4635e-04, 3.3594e-05, 0.0000e+00, 0.0000e+00, 0.0000e+00, 8.3167e-04,
        4.7337e-04, 4.2091e-05, 3.1851e-05, 9.9414e-05, 6.5556e-06, 6.4252e-05,
        7.1940e-07, 3.1773e-05, 4.0264e-05, 2.7861e-05, 3.8824e-05, 1.0442e-04,
        6.1046e-06, 9.3430e-05, 2.4201e-06, 1.3083e-05, 5.9273e-06, 1.8303e-05,
        3.6983e-06, 3.4563e-05, 1.4990e-04, 4.5607e-05, 7.6481e-05, 9.3191e-05,
        1.3595e-04, 2.9388e-05, 2.3238e-05, 4.1188e-05, 4.7410e-05, 2.5810e-04,
        1.0204e-05, 3.8089e-05, 3.8793e-05, 4.1901e-05, 7.3172e-05, 4.6859e-05,
        2.3070e-05, 1.4057e-05, 8.0033e-06, 1.4943e-04, 1.5728e-05, 5.2307e-05,
        3.9646e-05, 8.6374e-06, 2.0227e-05, 2.7512e-05, 5.7175e-05, 4.8669e-05,
        4.6915e-05, 4.1950e-05, 2.6895e-05, 1.2437e-05, 9.7522e-05, 5.2074e-05,
        2.1755e-05, 3.5625e-05, 9.1006e-05, 4.5553e-05, 1.4082e-05, 4.2763e-05,
        9.3530e-05, 2.0344e-05, 6.3028e-05, 1.1140e-04, 2.7890e-05, 4.7946e-05,
        7.3462e-05, 6.7127e-05, 1.2883e-04, 9.9387e-05, 4.7003e-05, 3.2167e-05,
        3.1948e-05, 3.6583e-05, 5.5571e-05, 9.3200e-05, 7.1555e-06, 4.0789e-06,
        4.7823e-05, 5.7367e-05, 4.7452e-06, 1.1532e-05, 5.6324e-05, 7.8448e-05,
        4.3930e-05, 7.5360e-05, 2.8111e-05, 6.0836e-05, 1.4714e-04, 5.3689e-05,
        2.1398e-05, 4.5574e-05, 8.4250e-05, 7.8205e-06, 1.3106e-04, 2.9556e-05,
        1.8487e-05, 5.5008e-05, 8.4130e-06, 9.3068e-06, 1.1044e-05],
       grad_fn=<CatBackward>)

mean_overall=tensor(6.3628e-05, grad_fn=<MeanBackward0>)

-----------------------------------------------ITERATION100-----------------------------------------------

final_causality=[[1, 1, 1, 1, 1, 1, 1, 1, 1, 1, 1, 1, 1], [1, 1, 1, 1, 1, 1, 1, 1, 1, 1, 1, 1, 1, 1, 1, 1, 1, 1, 1, 1, 1, 1, 1, 1, 1, 1, 1, 1, 1, 1, 1, 1, 1, 1, 1, 1, 1, 1, 1, 1, 1, 1, 1, 1, 1, 1, 1, 1, 1, 1], [1, 1, 1, 1, 1, 1, 1, 1, 1, 1, 1, 1, 1, 1, 1, 1, 1, 1, 1, 1, 1, 1, 1, 1, 1, 1, 1, 1, 1, 1, 1, 1, 1, 1, 1, 1, 1, 1, 1, 1, 1, 1, 1, 1, 1, 1, 1, 1, 1, 1]]

means=tensor([1.0096e-04, 0.0000e+00, 0.0000e+00, 0.0000e+00, 4.9210e-04, 1.7837e-04,
        3.0359e-04, 4.5868e-05, 0.0000e+00, 0.0000e+00, 0.0000e+00, 9.9486e-04,
        5.7680e-04, 5.3136e-05, 3.2406e-05, 1.1050e-04, 6.6426e-06, 7.2137e-05,
        1.5612e-06, 4.2395e-05, 5.0259e-05, 3.0930e-05, 5.0683e-05, 1.1181e-04,
        2.9982e-06, 1.0337e-04, 7.0759e-06, 1.6083e-05, 4.8046e-06, 2.0230e-05,
        4.5899e-06, 5.2711e-05, 1.6082e-04, 4.4433e-05, 8.1404e-05, 1.0330e-04,
        1.4927e-04, 3.2215e-05, 3.3165e-05, 5.4303e-05, 5.2539e-05, 2.9003e-04,
        5.3228e-06, 4.2874e-05, 5.0631e-05, 4.5606e-05, 8.6676e-05, 5.8393e-05,
        2.6486e-05, 1.9056e-05, 7.3039e-06, 1.6364e-04, 1.7583e-05, 6.4624e-05,
        4.2963e-05, 1.0359e-05, 2.1968e-05, 3.0577e-05, 7.1830e-05, 5.4752e-05,
        5.7054e-05, 5.3650e-05, 2.9388e-05, 1.4347e-05, 1.0843e-04, 5.8991e-05,
        2.4733e-05, 3.9472e-05, 1.0280e-04, 5.2655e-05, 1.6228e-05, 4.8622e-05,
        1.0445e-04, 2.1792e-05, 6.9931e-05, 1.2374e-04, 3.1736e-05, 4.7163e-05,
        7.0610e-05, 6.3699e-05, 1.4942e-04, 1.1708e-04, 5.1281e-05, 3.6150e-05,
        3.4653e-05, 4.0986e-05, 6.4359e-05, 1.0629e-04, 8.3197e-06, 3.7995e-06,
        5.6651e-05, 6.6509e-05, 4.9788e-06, 1.2363e-05, 6.0932e-05, 8.7794e-05,
        4.9164e-05, 7.9313e-05, 2.6998e-05, 7.0574e-05, 1.5839e-04, 5.5345e-05,
        2.6487e-05, 4.9441e-05, 9.5924e-05, 8.7908e-06, 1.4797e-04, 3.0706e-05,
        1.7458e-05, 5.2061e-05, 8.0517e-06, 1.0438e-05, 1.0780e-05],
       grad_fn=<CatBackward>)

mean_overall=tensor(7.2814e-05, grad_fn=<MeanBackward0>)

-----------------------------------------------ITERATION110-----------------------------------------------

final_causality=[[1, 1, 1, 1, 1, 1, 1, 1, 1, 1, 1, 1, 1], [1, 1, 1, 1, 1, 1, 1, 1, 1, 1, 1, 1, 1, 1, 1, 1, 1, 1, 1, 1, 1, 1, 1, 1, 1, 1, 1, 1, 1, 1, 1, 1, 1, 1, 1, 1, 1, 1, 1, 1, 1, 1, 1, 1, 1, 1, 1, 1, 1, 1], [1, 1, 1, 1, 1, 1, 1, 1, 1, 1, 1, 1, 1, 1, 1, 1, 1, 1, 1, 1, 1, 1, 1, 1, 1, 1, 1, 1, 1, 1, 1, 1, 1, 1, 1, 1, 1, 1, 1, 1, 1, 1, 1, 1, 1, 1, 1, 1, 1, 1]]

means=tensor([1.2137e-04, 0.0000e+00, 0.0000e+00, 0.0000e+00, 5.6225e-04, 2.0896e-04,
        3.7073e-04, 6.0609e-05, 0.0000e+00, 0.0000e+00, 0.0000e+00, 1.1789e-03,
        6.9588e-04, 6.6393e-05, 3.3533e-05, 1.2368e-04, 6.7942e-06, 8.1049e-05,
        2.4891e-06, 5.5522e-05, 6.2152e-05, 3.4603e-05, 6.4714e-05, 1.2006e-04,
        6.8256e-08, 1.1459e-04, 1.1923e-05, 1.9815e-05, 3.8140e-06, 2.2613e-05,
        5.8134e-06, 7.2146e-05, 1.7283e-04, 4.3447e-05, 8.7060e-05, 1.1468e-04,
        1.6420e-04, 3.5448e-05, 4.4319e-05, 6.9424e-05, 5.8364e-05, 3.2496e-04,
        4.8249e-07, 4.8366e-05, 6.4762e-05, 5.0031e-05, 1.0199e-04, 7.1916e-05,
        3.0551e-05, 2.5532e-05, 6.7706e-06, 1.7939e-04, 1.9750e-05, 7.9123e-05,
        4.6745e-05, 1.2607e-05, 2.4346e-05, 3.4371e-05, 8.8845e-05, 6.1709e-05,
        6.9071e-05, 6.7872e-05, 3.2368e-05, 1.6535e-05, 1.2076e-04, 6.7997e-05,
        2.8535e-05, 4.4035e-05, 1.1749e-04, 6.0763e-05, 1.8813e-05, 5.5534e-05,
        1.1668e-04, 2.3543e-05, 7.7967e-05, 1.3768e-04, 3.6164e-05, 4.5761e-05,
        6.7649e-05, 6.0037e-05, 1.7203e-04, 1.3664e-04, 5.6265e-05, 4.0940e-05,
        3.7916e-05, 4.6147e-05, 7.6284e-05, 1.2158e-04, 9.7823e-06, 3.5110e-06,
        6.6697e-05, 7.6801e-05, 5.7180e-06, 1.3381e-05, 6.6440e-05, 9.8735e-05,
        5.5578e-05, 8.5722e-05, 2.6907e-05, 8.1553e-05, 1.7187e-04, 5.7185e-05,
        3.2227e-05, 5.3965e-05, 1.0942e-04, 1.0063e-05, 1.6678e-04, 3.2005e-05,
        1.8997e-05, 5.0785e-05, 7.6581e-06, 1.1836e-05, 1.0425e-05],
       grad_fn=<CatBackward>)

mean_overall=tensor(8.3536e-05, grad_fn=<MeanBackward0>)

-----------------------------------------------ITERATION120-----------------------------------------------

final_causality=[[1, 1, 1, 1, 1, 1, 1, 1, 1, 1, 1, 1, 1], [1, 1, 1, 1, 1, 1, 1, 1, 1, 1, 1, 1, 1, 1, 1, 1, 1, 1, 1, 1, 1, 1, 1, 1, 1, 1, 1, 1, 1, 1, 1, 1, 1, 1, 1, 1, 1, 1, 1, 1, 1, 1, 1, 1, 1, 1, 1, 1, 1, 1], [1, 1, 1, 1, 1, 1, 1, 1, 1, 1, 1, 1, 1, 1, 1, 1, 1, 1, 1, 1, 1, 1, 1, 1, 1, 1, 1, 1, 1, 1, 1, 1, 1, 1, 1, 1, 1, 1, 1, 1, 1, 1, 1, 1, 1, 1, 1, 1, 1, 1]]

means=tensor([1.4587e-04, 0.0000e+00, 0.0000e+00, 0.0000e+00, 6.4264e-04, 2.4656e-04,
        4.4917e-04, 7.8199e-05, 0.0000e+00, 0.0000e+00, 0.0000e+00, 1.3863e-03,
        8.3280e-04, 8.1778e-05, 3.4905e-05, 1.3846e-04, 7.0115e-06, 9.1098e-05,
        3.5791e-06, 7.1501e-05, 7.6146e-05, 3.8965e-05, 8.1086e-05, 1.2923e-04,
        3.1911e-06, 1.2753e-04, 1.7064e-05, 2.4343e-05, 3.0090e-06, 2.5517e-05,
        7.4480e-06, 9.3258e-05, 1.8597e-04, 4.2654e-05, 9.3525e-05, 1.2743e-04,
        1.8086e-04, 3.9514e-05, 5.6988e-05, 8.6745e-05, 6.4953e-05, 3.6296e-04,
        4.7674e-06, 5.4649e-05, 8.1402e-05, 5.5652e-05, 1.1922e-04, 8.7613e-05,
        3.5362e-05, 3.3644e-05, 6.4083e-06, 1.9679e-04, 2.2826e-05, 9.6035e-05,
        5.1050e-05, 1.5389e-05, 2.8073e-05, 3.9157e-05, 1.0836e-04, 6.9621e-05,
        8.3040e-05, 8.4709e-05, 3.5901e-05, 1.9790e-05, 1.3471e-04, 7.8257e-05,
        3.4766e-05, 4.9410e-05, 1.3531e-04, 7.0034e-05, 2.1929e-05, 6.3629e-05,
        1.3172e-04, 2.7287e-05, 8.7284e-05, 1.5339e-04, 4.1266e-05, 4.3690e-05,
        6.5383e-05, 5.6879e-05, 1.9691e-04, 1.5829e-04, 6.2038e-05, 4.6613e-05,
        4.2029e-05, 5.2156e-05, 9.0784e-05, 1.3915e-04, 1.1616e-05, 3.2164e-06,
        7.8087e-05, 8.8427e-05, 6.9078e-06, 1.4634e-05, 7.2970e-05, 1.1145e-04,
        6.5057e-05, 9.2870e-05, 2.8381e-05, 9.3959e-05, 1.8772e-04, 5.9233e-05,
        3.8775e-05, 6.0535e-05, 1.2496e-04, 1.1691e-05, 1.8773e-04, 3.3716e-05,
        2.1664e-05, 5.6573e-05, 7.2343e-06, 1.3553e-05, 9.9780e-06],
       grad_fn=<CatBackward>)

mean_overall=tensor(9.6208e-05, grad_fn=<MeanBackward0>)

-----------------------------------------------ITERATION130-----------------------------------------------

final_causality=[[1, 1, 1, 1, 1, 1, 1, 1, 1, 1, 1, 1, 1], [1, 1, 1, 1, 1, 1, 1, 1, 1, 1, 1, 1, 1, 1, 1, 1, 1, 1, 1, 1, 1, 1, 1, 1, 1, 1, 1, 1, 1, 1, 1, 1, 1, 1, 1, 1, 1, 1, 1, 1, 1, 1, 1, 1, 1, 1, 1, 1, 1, 1], [1, 1, 1, 1, 1, 1, 1, 1, 1, 1, 1, 1, 1, 1, 1, 1, 1, 1, 1, 1, 1, 1, 1, 1, 1, 1, 1, 1, 1, 1, 1, 1, 1, 1, 1, 1, 1, 1, 1, 1, 1, 1, 1, 1, 1, 1, 1, 1, 1, 1]]

means=tensor([1.7503e-04, 0.0000e+00, 0.0000e+00, 0.0000e+00, 7.3436e-04, 2.9222e-04,
        5.4035e-04, 9.9021e-05, 0.0000e+00, 0.0000e+00, 0.0000e+00, 1.6189e-03,
        9.8971e-04, 9.9414e-05, 3.6548e-05, 1.5497e-04, 7.2935e-06, 1.0239e-04,
        4.9205e-06, 9.0671e-05, 9.2432e-05, 4.4108e-05, 9.9942e-05, 1.3933e-04,
        6.4386e-06, 1.4193e-04, 2.2946e-05, 2.9777e-05, 2.2555e-06, 2.9011e-05,
        9.5872e-06, 1.1640e-04, 2.0105e-04, 4.2060e-05, 1.0088e-04, 1.4167e-04,
        1.9935e-04, 4.4555e-05, 7.1411e-05, 1.0642e-04, 7.2372e-05, 4.0411e-04,
        1.0164e-05, 6.1862e-05, 1.0075e-04, 6.4227e-05, 1.3844e-04, 1.0564e-04,
        4.1023e-05, 4.3621e-05, 6.2223e-06, 2.1591e-04, 2.6829e-05, 1.1558e-04,
        5.5940e-05, 1.8794e-05, 3.2666e-05, 4.4704e-05, 1.3048e-04, 7.8565e-05,
        9.9118e-05, 1.0437e-04, 4.0058e-05, 2.3588e-05, 1.5044e-04, 8.9941e-05,
        4.2324e-05, 5.5692e-05, 1.5529e-04, 8.0633e-05, 2.5682e-05, 7.3049e-05,
        1.4964e-04, 3.2014e-05, 9.8030e-05, 1.7107e-04, 4.7139e-05, 4.0909e-05,
        6.3196e-05, 5.4019e-05, 2.2435e-04, 1.8225e-04, 6.8686e-05, 5.3248e-05,
        4.7548e-05, 5.9108e-05, 1.0697e-04, 1.5918e-04, 1.3953e-05, 2.9205e-06,
        9.0930e-05, 1.0155e-04, 8.5638e-06, 1.6175e-05, 8.0635e-05, 1.2610e-04,
        7.5915e-05, 1.0152e-04, 3.0054e-05, 1.0799e-04, 2.0606e-04, 6.1508e-05,
        4.8943e-05, 6.7990e-05, 1.4279e-04, 1.3730e-05, 2.1107e-04, 3.6415e-05,
        2.7588e-05, 6.4832e-05, 6.7848e-06, 1.5646e-05, 9.4438e-06],
       grad_fn=<CatBackward>)

mean_overall=tensor(0.0001, grad_fn=<MeanBackward0>)

-----------------------------------------------ITERATION140-----------------------------------------------

final_causality=[[1, 1, 1, 1, 1, 1, 1, 1, 1, 1, 1, 1, 1], [1, 1, 1, 1, 1, 1, 1, 1, 1, 1, 1, 1, 1, 1, 1, 1, 1, 1, 1, 1, 1, 1, 1, 1, 1, 1, 1, 1, 1, 1, 1, 1, 1, 1, 1, 1, 1, 1, 1, 1, 1, 1, 1, 1, 1, 1, 1, 1, 1, 1], [1, 1, 1, 1, 1, 1, 1, 1, 1, 1, 1, 1, 1, 1, 1, 1, 1, 1, 1, 1, 1, 1, 1, 1, 1, 1, 1, 1, 1, 1, 1, 1, 1, 1, 1, 1, 1, 1, 1, 1, 1, 1, 1, 1, 1, 1, 1, 1, 1, 1]]

means=tensor([2.0942e-04, 0.0000e+00, 0.0000e+00, 0.0000e+00, 8.3839e-04, 3.4698e-04,
        6.4567e-04, 1.2344e-04, 0.0000e+00, 0.0000e+00, 0.0000e+00, 1.8787e-03,
        1.1687e-03, 1.1939e-04, 3.8482e-05, 1.7330e-04, 7.6350e-06, 1.1503e-04,
        6.6169e-06, 1.1334e-04, 1.1118e-04, 5.0130e-05, 1.2139e-04, 1.5040e-04,
        9.9240e-06, 1.5786e-04, 2.9809e-05, 3.6218e-05, 1.5374e-06, 3.3171e-05,
        1.2335e-05, 1.4247e-04, 2.1771e-04, 4.1666e-05, 1.0920e-04, 1.5749e-04,
        2.1978e-04, 5.0294e-05, 8.7772e-05, 1.2901e-04, 8.0678e-05, 4.4844e-04,
        1.5804e-05, 7.0245e-05, 1.2297e-04, 7.4452e-05, 1.6118e-04, 1.2613e-04,
        4.7639e-05, 5.5679e-05, 6.2196e-06, 2.3683e-04, 3.1585e-05, 1.3797e-04,
        6.1477e-05, 2.3356e-05, 3.8269e-05, 5.1086e-05, 1.5529e-04, 8.8602e-05,
        1.1744e-04, 1.2731e-04, 4.4914e-05, 2.8569e-05, 1.6812e-04, 1.0337e-04,
        5.1083e-05, 6.2973e-05, 1.7749e-04, 9.3113e-05, 3.0194e-05, 8.3942e-05,
        1.6968e-04, 3.8227e-05, 1.1035e-04, 1.9086e-04, 5.3876e-05, 3.7400e-05,
        6.4755e-05, 5.8677e-05, 2.5458e-04, 2.0870e-04, 7.7015e-05, 6.0922e-05,
        5.4035e-05, 6.7099e-05, 1.2497e-04, 1.8181e-04, 1.6853e-05, 2.6294e-06,
        1.0531e-04, 1.1645e-04, 1.0535e-05, 1.8983e-05, 8.9623e-05, 1.4285e-04,
        8.8260e-05, 1.1294e-04, 3.1929e-05, 1.2382e-04, 2.2698e-04, 6.4021e-05,
        6.2181e-05, 7.7271e-05, 1.6307e-04, 1.6235e-05, 2.3699e-04, 3.9493e-05,
        3.4282e-05, 7.8703e-05, 6.3155e-06, 1.8174e-05, 8.8325e-06],
       grad_fn=<CatBackward>)

mean_overall=tensor(0.0001, grad_fn=<MeanBackward0>)

-----------------------------------------------ITERATION150-----------------------------------------------

final_causality=[[1, 1, 1, 1, 1, 1, 1, 1, 1, 1, 1, 1, 1], [1, 1, 1, 1, 1, 1, 1, 1, 1, 1, 1, 1, 1, 1, 1, 1, 1, 1, 1, 1, 1, 1, 1, 1, 1, 1, 1, 1, 1, 1, 1, 1, 1, 1, 1, 1, 1, 1, 1, 1, 1, 1, 1, 1, 1, 1, 1, 1, 1, 1], [1, 1, 1, 1, 1, 1, 1, 1, 1, 1, 1, 1, 1, 1, 1, 1, 1, 1, 1, 1, 1, 1, 1, 1, 1, 1, 1, 1, 1, 1, 1, 1, 1, 1, 1, 1, 1, 1, 1, 1, 1, 1, 1, 1, 1, 1, 1, 1, 1, 1]]

means=tensor([2.4955e-04, 0.0000e+00, 0.0000e+00, 0.0000e+00, 9.5559e-04, 4.1191e-04,
        7.6644e-04, 1.5180e-04, 0.0000e+00, 0.0000e+00, 0.0000e+00, 2.1669e-03,
        1.3716e-03, 1.4177e-04, 4.0726e-05, 1.9352e-04, 8.0264e-06, 1.2911e-04,
        8.7849e-06, 1.3987e-04, 1.3252e-04, 5.7123e-05, 1.4548e-04, 1.6243e-04,
        1.3771e-05, 1.7537e-04, 3.7775e-05, 4.3753e-05, 8.4458e-07, 3.8075e-05,
        1.5800e-05, 1.7146e-04, 2.3571e-04, 4.1472e-05, 1.1857e-04, 1.7496e-04,
        2.4223e-04, 5.7157e-05, 1.0670e-04, 1.5468e-04, 8.9913e-05, 4.9592e-04,
        2.1837e-05, 7.9696e-05, 1.4817e-04, 8.6563e-05, 1.8667e-04, 1.4916e-04,
        5.5315e-05, 7.0005e-05, 6.4082e-06, 2.5959e-04, 3.7308e-05, 1.6336e-04,
        6.7721e-05, 2.9289e-05, 4.5038e-05, 5.9707e-05, 1.8282e-04, 9.9777e-05,
        1.3811e-04, 1.5494e-04, 5.0547e-05, 3.4328e-05, 1.8789e-04, 1.1852e-04,
        6.1123e-05, 7.1399e-05, 2.0197e-04, 1.0734e-04, 3.5600e-05, 9.6455e-05,
        1.9199e-04, 4.5323e-05, 1.2438e-04, 2.1294e-04, 6.1562e-05, 3.3158e-05,
        7.3395e-05, 6.8042e-05, 2.8784e-04, 2.3798e-04, 8.7284e-05, 6.9706e-05,
        6.1582e-05, 7.6221e-05, 1.4488e-04, 2.0717e-04, 2.0432e-05, 2.3493e-06,
        1.2130e-04, 1.3351e-04, 1.2875e-05, 2.2726e-05, 1.0195e-04, 1.6180e-04,
        1.0217e-04, 1.2880e-04, 3.4002e-05, 1.4161e-04, 2.5053e-04, 6.7472e-05,
        7.7198e-05, 8.9224e-05, 1.8596e-04, 1.9330e-05, 2.6566e-04, 4.4195e-05,
        4.3529e-05, 9.4213e-05, 5.9172e-06, 2.1512e-05, 8.1581e-06],
       grad_fn=<CatBackward>)

mean_overall=tensor(0.0001, grad_fn=<MeanBackward0>)

-----------------------------------------------ITERATION160-----------------------------------------------

final_causality=[[1, 1, 1, 1, 1, 1, 1, 1, 1, 1, 1, 1, 1], [1, 1, 1, 1, 1, 1, 1, 1, 1, 1, 1, 1, 1, 1, 1, 1, 1, 1, 1, 1, 1, 1, 1, 1, 1, 1, 1, 1, 1, 1, 1, 1, 1, 1, 1, 1, 1, 1, 1, 1, 1, 1, 1, 1, 1, 1, 1, 1, 1, 1], [1, 1, 1, 1, 1, 1, 1, 1, 1, 1, 1, 1, 1, 1, 1, 1, 1, 1, 1, 1, 1, 1, 1, 1, 1, 1, 1, 1, 1, 1, 1, 1, 1, 1, 1, 1, 1, 1, 1, 1, 1, 1, 1, 1, 1, 1, 1, 1, 1, 1]]

means=tensor([2.9591e-04, 0.0000e+00, 0.0000e+00, 0.0000e+00, 1.0866e-03, 4.8798e-04,
        9.0379e-04, 1.8437e-04, 0.0000e+00, 0.0000e+00, 0.0000e+00, 2.4839e-03,
        1.6001e-03, 1.6655e-04, 4.3658e-05, 2.1569e-04, 8.4529e-06, 1.4468e-04,
        1.1551e-05, 1.7062e-04, 1.5655e-04, 6.5172e-05, 1.7224e-04, 1.7539e-04,
        1.8107e-05, 1.9450e-04, 4.7012e-05, 5.2448e-05, 1.6685e-07, 4.3801e-05,
        2.0086e-05, 2.0340e-04, 2.5501e-04, 4.1474e-05, 1.2907e-04, 1.9411e-04,
        2.6675e-04, 6.4944e-05, 1.2821e-04, 1.8313e-04, 1.0010e-04, 5.4647e-04,
        2.8377e-05, 9.0266e-05, 1.7641e-04, 1.0080e-04, 2.1464e-04, 1.7472e-04,
        6.4710e-05, 8.6743e-05, 6.7967e-06, 2.8418e-04, 4.4433e-05, 1.9188e-04,
        7.4724e-05, 3.6490e-05, 5.3138e-05, 6.9757e-05, 2.1303e-04, 1.1210e-04,
        1.6119e-04, 1.8618e-04, 5.7032e-05, 4.0866e-05, 2.1030e-04, 1.3552e-04,
        7.2502e-05, 8.1213e-05, 2.2871e-04, 1.2346e-04, 4.2045e-05, 1.1073e-04,
        2.1663e-04, 5.3363e-05, 1.4022e-04, 2.3740e-04, 7.0267e-05, 2.8694e-05,
        8.3179e-05, 7.8705e-05, 3.2427e-04, 2.7014e-04, 9.8839e-05, 7.9654e-05,
        7.0262e-05, 8.6551e-05, 1.6676e-04, 2.3530e-04, 2.4815e-05, 2.0855e-06,
        1.3892e-04, 1.5243e-04, 1.5643e-05, 2.7259e-05, 1.1590e-04, 1.8304e-04,
        1.1767e-04, 1.4640e-04, 3.6501e-05, 1.6148e-04, 2.7673e-04, 7.4100e-05,
        9.4109e-05, 1.0552e-04, 2.1153e-04, 2.3071e-05, 2.9714e-04, 5.0395e-05,
        5.4146e-05, 1.1145e-04, 5.6107e-06, 2.5788e-05, 7.4363e-06],
       grad_fn=<CatBackward>)

mean_overall=tensor(0.0002, grad_fn=<MeanBackward0>)

-----------------------------------------------ITERATION170-----------------------------------------------

final_causality=[[1, 1, 1, 1, 1, 1, 1, 1, 1, 1, 1, 1, 1], [1, 1, 1, 1, 1, 1, 1, 1, 1, 1, 1, 1, 1, 1, 1, 1, 1, 1, 1, 1, 1, 1, 1, 1, 1, 1, 1, 1, 1, 1, 1, 1, 1, 1, 1, 1, 1, 1, 1, 1, 1, 1, 1, 1, 1, 1, 1, 1, 1, 1], [1, 1, 1, 1, 1, 1, 1, 1, 1, 1, 1, 1, 1, 1, 1, 1, 1, 1, 1, 1, 1, 1, 1, 1, 1, 1, 1, 1, 1, 1, 1, 1, 1, 1, 1, 1, 1, 1, 1, 1, 1, 1, 1, 1, 1, 1, 1, 1, 1, 1]]

means=tensor([3.4884e-04, 0.0000e+00, 0.0000e+00, 0.0000e+00, 1.2317e-03, 5.7606e-04,
        1.0585e-03, 2.2134e-04, 0.0000e+00, 0.0000e+00, 0.0000e+00, 2.8289e-03,
        1.8550e-03, 1.9369e-04, 4.7398e-05, 2.3978e-04, 8.8941e-06, 1.6175e-04,
        1.5047e-05, 2.0551e-04, 1.8329e-04, 7.4341e-05, 2.0162e-04, 1.9096e-04,
        2.3053e-05, 2.1522e-04, 5.7633e-05, 6.2332e-05, 4.8358e-07, 5.0683e-05,
        2.5655e-05, 2.3826e-04, 2.7553e-04, 4.1663e-05, 1.4074e-04, 2.1493e-04,
        2.9331e-04, 7.3537e-05, 1.5211e-04, 2.1430e-04, 1.1123e-04, 5.9991e-04,
        3.5532e-05, 1.0198e-04, 2.0764e-04, 1.1742e-04, 2.4501e-04, 2.0273e-04,
        7.5858e-05, 1.0597e-04, 7.3965e-06, 3.1054e-04, 5.2796e-05, 2.2355e-04,
        8.2531e-05, 4.5147e-05, 6.2734e-05, 8.1145e-05, 2.4583e-04, 1.2556e-04,
        1.8666e-04, 2.2094e-04, 6.4442e-05, 4.8237e-05, 2.3529e-04, 1.5443e-04,
        8.5246e-05, 9.2237e-05, 2.5816e-04, 1.4162e-04, 4.9670e-05, 1.2686e-04,
        2.4359e-04, 6.2382e-05, 1.5794e-04, 2.6430e-04, 8.0037e-05, 3.0848e-05,
        9.4185e-05, 9.9267e-05, 3.6395e-04, 3.0502e-04, 1.1172e-04, 9.0791e-05,
        8.0127e-05, 9.8142e-05, 1.9060e-04, 2.6617e-04, 3.0139e-05, 1.8417e-06,
        1.5814e-04, 1.7322e-04, 1.8903e-05, 3.2719e-05, 1.3152e-04, 2.0656e-04,
        1.3510e-04, 1.6571e-04, 4.0738e-05, 1.8347e-04, 3.0552e-04, 8.2967e-05,
        1.1298e-04, 1.2345e-04, 2.3978e-04, 2.8002e-05, 3.3143e-04, 5.8550e-05,
        6.6473e-05, 1.3045e-04, 5.3268e-06, 3.0813e-05, 6.6838e-06],
       grad_fn=<CatBackward>)

mean_overall=tensor(0.0002, grad_fn=<MeanBackward0>)

-----------------------------------------------ITERATION180-----------------------------------------------

final_causality=[[1, 1, 1, 1, 1, 1, 1, 1, 1, 1, 1, 1, 1], [1, 1, 1, 1, 1, 1, 1, 1, 1, 1, 1, 1, 1, 1, 1, 1, 1, 1, 1, 1, 1, 1, 1, 1, 1, 1, 1, 1, 1, 1, 1, 1, 1, 1, 1, 1, 1, 1, 1, 1, 1, 1, 1, 1, 1, 1, 1, 1, 1, 1], [1, 1, 1, 1, 1, 1, 1, 1, 1, 1, 1, 1, 1, 1, 1, 1, 1, 1, 1, 1, 1, 1, 1, 1, 1, 1, 1, 1, 1, 1, 1, 1, 1, 1, 1, 1, 1, 1, 1, 1, 1, 1, 1, 1, 1, 1, 1, 1, 1, 1]]

means=tensor([4.0855e-04, 0.0000e+00, 0.0000e+00, 0.0000e+00, 1.3907e-03, 6.7676e-04,
        1.2311e-03, 2.6280e-04, 0.0000e+00, 0.0000e+00, 0.0000e+00, 3.1999e-03,
        2.1368e-03, 2.2304e-04, 5.1587e-05, 2.6571e-04, 9.3234e-06, 1.8029e-04,
        1.9396e-05, 2.4444e-04, 2.1269e-04, 8.5404e-05, 2.3349e-04, 2.0780e-04,
        2.8710e-05, 2.3743e-04, 6.9682e-05, 7.3841e-05, 1.1346e-06, 5.9097e-05,
        3.3391e-05, 2.7591e-04, 2.9711e-04, 4.2026e-05, 1.5361e-04, 2.3733e-04,
        3.2183e-04, 8.2883e-05, 1.7830e-04, 2.4800e-04, 1.2326e-04, 6.5594e-04,
        4.3379e-05, 1.1483e-04, 2.4170e-04, 1.3663e-04, 2.7759e-04, 2.3301e-04,
        8.8538e-05, 1.2766e-04, 8.3477e-06, 3.3853e-04, 6.2513e-05, 2.5832e-04,
        9.1170e-05, 5.6240e-05, 7.3977e-05, 9.3886e-05, 2.8104e-04, 1.4007e-04,
        2.1442e-04, 2.5899e-04, 7.3191e-05, 5.6472e-05, 2.6252e-04, 1.7526e-04,
        9.9336e-05, 1.0446e-04, 2.9030e-04, 1.6188e-04, 5.8600e-05, 1.4492e-04,
        2.7275e-04, 7.2383e-05, 1.7754e-04, 2.9359e-04, 9.0876e-05, 3.3239e-05,
        1.1253e-04, 1.2265e-04, 4.0682e-04, 3.4250e-04, 1.2592e-04, 1.0310e-04,
        9.1190e-05, 1.1100e-04, 2.1630e-04, 2.9967e-04, 3.6534e-05, 1.6196e-06,
        1.7887e-04, 1.9578e-04, 2.2714e-05, 3.9242e-05, 1.4874e-04, 2.3229e-04,
        1.5436e-04, 1.8667e-04, 4.7604e-05, 2.0770e-04, 3.3674e-04, 9.4260e-05,
        1.3379e-04, 1.4294e-04, 2.7060e-04, 3.4186e-05, 3.6838e-04, 6.8247e-05,
        8.1047e-05, 1.5117e-04, 5.0690e-06, 3.6648e-05, 5.9171e-06],
       grad_fn=<CatBackward>)

mean_overall=tensor(0.0002, grad_fn=<MeanBackward0>)

-----------------------------------------------ITERATION190-----------------------------------------------

final_causality=[[1, 1, 1, 1, 1, 1, 1, 1, 1, 1, 1, 1, 1], [1, 1, 1, 1, 1, 1, 1, 1, 1, 1, 1, 1, 1, 1, 1, 1, 1, 1, 1, 1, 1, 1, 1, 1, 1, 1, 1, 1, 1, 1, 1, 1, 1, 1, 1, 1, 1, 1, 1, 1, 1, 1, 1, 1, 1, 1, 1, 1, 1, 1], [1, 1, 1, 1, 1, 1, 1, 1, 1, 1, 1, 1, 1, 1, 1, 1, 1, 1, 1, 1, 1, 1, 1, 1, 1, 1, 1, 1, 1, 1, 1, 1, 1, 1, 1, 1, 1, 1, 1, 1, 1, 1, 1, 1, 1, 1, 1, 1, 1, 1]]

means=tensor([4.7504e-04, 0.0000e+00, 0.0000e+00, 0.0000e+00, 1.5628e-03, 7.9039e-04,
        1.4213e-03, 3.0865e-04, 0.0000e+00, 0.0000e+00, 0.0000e+00, 3.5927e-03,
        2.4445e-03, 2.5434e-04, 5.6229e-05, 2.9329e-04, 9.7063e-06, 2.0017e-04,
        2.4702e-05, 2.8713e-04, 2.4516e-04, 9.8300e-05, 2.6763e-04, 2.2538e-04,
        3.5142e-05, 2.6095e-04, 8.3117e-05, 8.7314e-05, 1.7896e-06, 6.8948e-05,
        4.2745e-05, 3.1602e-04, 3.1949e-04, 4.2572e-05, 1.6970e-04, 2.6112e-04,
        3.5211e-04, 9.2879e-05, 2.0651e-04, 2.8394e-04, 1.3609e-04, 7.1408e-04,
        5.1945e-05, 1.2875e-04, 2.7828e-04, 1.5860e-04, 3.1207e-04, 2.6523e-04,
        1.0277e-04, 1.5171e-04, 9.5611e-06, 3.6789e-04, 7.3661e-05, 2.9599e-04,
        1.0065e-04, 6.9259e-05, 8.6989e-05, 1.0794e-04, 3.1836e-04, 1.5549e-04,
        2.4423e-04, 2.9992e-04, 8.4670e-05, 6.5563e-05, 2.9180e-04, 1.9793e-04,
        1.1469e-04, 1.1783e-04, 3.2428e-04, 1.8424e-04, 6.8918e-05, 1.6486e-04,
        3.0386e-04, 8.3323e-05, 1.9893e-04, 3.2511e-04, 1.0274e-04, 3.5839e-05,
        1.3470e-04, 1.4776e-04, 4.5264e-04, 3.8229e-04, 1.4137e-04, 1.1652e-04,
        1.0341e-04, 1.2510e-04, 2.4369e-04, 3.3552e-04, 4.4114e-05, 1.4189e-06,
        2.0095e-04, 2.1994e-04, 2.7126e-05, 4.6948e-05, 1.6745e-04, 2.6002e-04,
        1.7503e-04, 2.0909e-04, 5.6778e-05, 2.3391e-04, 3.7010e-04, 1.0670e-04,
        1.5644e-04, 1.6380e-04, 3.0376e-04, 4.1279e-05, 4.0769e-04, 7.8789e-05,
        9.6706e-05, 1.7347e-04, 4.8401e-06, 4.3332e-05, 5.1513e-06],
       grad_fn=<CatBackward>)

mean_overall=tensor(0.0002, grad_fn=<MeanBackward0>)

-----------------------------------------------ITERATION200-----------------------------------------------

final_causality=[[1, 1, 1, 1, 1, 1, 1, 1, 1, 1, 1, 1, 1], [1, 1, 1, 1, 1, 1, 1, 1, 1, 1, 1, 1, 1, 1, 1, 1, 1, 1, 1, 1, 1, 1, 1, 1, 1, 1, 1, 1, 1, 1, 1, 1, 1, 1, 1, 1, 1, 1, 1, 1, 1, 1, 1, 1, 1, 1, 1, 1, 1, 1], [1, 1, 1, 1, 1, 1, 1, 1, 1, 1, 1, 1, 1, 1, 1, 1, 1, 1, 1, 1, 1, 1, 1, 1, 1, 1, 1, 1, 1, 1, 1, 1, 1, 1, 1, 1, 1, 1, 1, 1, 1, 1, 1, 1, 1, 1, 1, 1, 1, 1]]

means=tensor([5.4802e-04, 0.0000e+00, 0.0000e+00, 0.0000e+00, 1.7465e-03, 9.1678e-04,
        1.6280e-03, 3.5857e-04, 0.0000e+00, 0.0000e+00, 0.0000e+00, 4.0008e-03,
        2.7762e-03, 2.8720e-04, 6.1312e-05, 3.2221e-04, 1.0001e-05, 2.2114e-04,
        3.1033e-05, 3.3302e-04, 2.7995e-04, 1.1252e-04, 3.0366e-04, 2.4336e-04,
        4.2366e-05, 2.8547e-04, 9.7783e-05, 1.0196e-04, 2.4485e-06, 8.0562e-05,
        5.3766e-05, 3.5809e-04, 3.4234e-04, 4.4432e-05, 1.8751e-04, 2.8598e-04,
        3.8382e-04, 1.0336e-04, 2.3636e-04, 3.2164e-04, 1.4955e-04, 7.7370e-04,
        6.1190e-05, 1.4359e-04, 3.1691e-04, 1.8343e-04, 3.4798e-04, 2.9892e-04,
        1.1849e-04, 1.7787e-04, 1.1053e-05, 3.9842e-04, 8.6257e-05, 3.3623e-04,
        1.1093e-04, 8.4245e-05, 1.0213e-04, 1.2317e-04, 3.5737e-04, 1.7158e-04,
        2.7575e-04, 3.4311e-04, 9.7506e-05, 7.5450e-05, 3.2281e-04, 2.2223e-04,
        1.3114e-04, 1.3222e-04, 3.5964e-04, 2.0856e-04, 8.0641e-05, 1.8657e-04,
        3.3651e-04, 9.5102e-05, 2.2193e-04, 3.5854e-04, 1.1552e-04, 4.0523e-05,
        1.5843e-04, 1.7428e-04, 5.0095e-04, 4.2394e-04, 1.5792e-04, 1.3090e-04,
        1.1668e-04, 1.4080e-04, 2.7242e-04, 3.7331e-04, 5.2947e-05, 1.2595e-06,
        2.2409e-04, 2.4542e-04, 3.2169e-05, 5.5917e-05, 1.8744e-04, 2.8941e-04,
        1.9685e-04, 2.3267e-04, 6.7925e-05, 2.6176e-04, 4.0517e-04, 1.1990e-04,
        1.8069e-04, 1.8577e-04, 3.3885e-04, 4.9280e-05, 4.4888e-04, 9.0051e-05,
        1.1325e-04, 1.9711e-04, 4.6851e-06, 5.0865e-05, 4.4004e-06],
       grad_fn=<CatBackward>)

mean_overall=tensor(0.0003, grad_fn=<MeanBackward0>)

-----------------------------------------------ITERATION210-----------------------------------------------

final_causality=[[1, 1, 1, 1, 1, 1, 1, 1, 1, 1, 1, 1, 1], [1, 1, 1, 1, 1, 1, 1, 1, 1, 1, 1, 1, 1, 1, 1, 1, 1, 1, 1, 1, 1, 1, 1, 1, 1, 1, 1, 1, 1, 1, 1, 1, 1, 1, 1, 1, 1, 1, 1, 1, 1, 1, 1, 1, 1, 1, 1, 1, 1, 1], [1, 1, 1, 1, 1, 1, 1, 1, 1, 1, 1, 1, 1, 1, 1, 1, 1, 1, 1, 1, 1, 1, 1, 1, 1, 1, 1, 1, 1, 1, 1, 1, 1, 1, 1, 1, 1, 1, 1, 1, 1, 1, 1, 1, 1, 1, 1, 1, 1, 1]]

means=tensor([6.2686e-04, 0.0000e+00, 0.0000e+00, 0.0000e+00, 1.9393e-03, 1.0552e-03,
        1.8494e-03, 4.1202e-04, 0.0000e+00, 0.0000e+00, 0.0000e+00, 4.4148e-03,
        3.1283e-03, 3.2102e-04, 6.6801e-05, 3.5204e-04, 1.0158e-05, 2.4288e-04,
        3.8398e-05, 3.8126e-04, 3.1661e-04, 1.2790e-04, 3.4107e-04, 2.6133e-04,
        5.0329e-05, 3.1059e-04, 1.1340e-04, 1.1752e-04, 3.1063e-06, 9.3582e-05,
        6.6407e-05, 4.0140e-04, 3.6518e-04, 4.6442e-05, 2.0652e-04, 3.1150e-04,
        4.1653e-04, 1.1409e-04, 2.6727e-04, 3.6047e-04, 1.6342e-04, 8.3393e-04,
        7.0997e-05, 1.5914e-04, 3.5693e-04, 2.1110e-04, 3.8468e-04, 3.3344e-04,
        1.3556e-04, 2.0573e-04, 1.2834e-05, 4.2972e-04, 1.0024e-04, 3.7850e-04,
        1.2364e-04, 1.0113e-04, 1.2082e-04, 1.3937e-04, 3.9750e-04, 1.8901e-04,
        3.0845e-04, 3.8773e-04, 1.1164e-04, 8.6006e-05, 3.5507e-04, 2.4780e-04,
        1.4844e-04, 1.4740e-04, 3.9580e-04, 2.3455e-04, 9.3686e-05, 2.0976e-04,
        3.7014e-04, 1.0755e-04, 2.4620e-04, 3.9339e-04, 1.2902e-04, 5.1002e-05,
        1.8342e-04, 2.0180e-04, 5.5105e-04, 4.6678e-04, 1.7533e-04, 1.4602e-04,
        1.3078e-04, 1.5742e-04, 3.0203e-04, 4.1245e-04, 6.3029e-05, 1.1934e-06,
        2.4795e-04, 2.7183e-04, 3.7834e-05, 6.6168e-05, 2.0835e-04, 3.1996e-04,
        2.1946e-04, 2.5699e-04, 7.9569e-05, 2.9082e-04, 4.4134e-04, 1.3360e-04,
        2.0618e-04, 2.0849e-04, 3.7531e-04, 5.8138e-05, 4.9125e-04, 1.0184e-04,
        1.3041e-04, 2.2171e-04, 4.6005e-06, 5.9187e-05, 3.6766e-06],
       grad_fn=<CatBackward>)

mean_overall=tensor(0.0003, grad_fn=<MeanBackward0>)

-----------------------------------------------ITERATION220-----------------------------------------------

final_causality=[[1, 1, 1, 1, 1, 1, 1, 1, 1, 1, 1, 1, 1], [1, 1, 1, 1, 1, 1, 1, 1, 1, 1, 1, 1, 1, 1, 1, 1, 1, 1, 1, 1, 1, 1, 1, 1, 1, 1, 1, 1, 1, 1, 1, 1, 1, 1, 1, 1, 1, 1, 1, 1, 1, 1, 1, 1, 1, 1, 1, 1, 1, 1], [1, 1, 1, 1, 1, 1, 1, 1, 1, 1, 1, 1, 1, 1, 1, 1, 1, 1, 1, 1, 1, 1, 1, 1, 1, 1, 1, 1, 1, 1, 1, 1, 1, 1, 1, 1, 1, 1, 1, 1, 1, 1, 1, 1, 1, 1, 1, 1, 1, 1]]

means=tensor([7.1056e-04, 0.0000e+00, 0.0000e+00, 0.0000e+00, 2.1379e-03, 1.2043e-03,
        2.0824e-03, 4.6816e-04, 0.0000e+00, 0.0000e+00, 0.0000e+00, 4.8229e-03,
        3.4956e-03, 3.5502e-04, 7.2635e-05, 3.8221e-04, 1.0129e-05, 2.6491e-04,
        4.6730e-05, 4.3069e-04, 3.5456e-04, 1.4418e-04, 3.7916e-04, 2.7874e-04,
        5.8898e-05, 3.3576e-04, 1.2958e-04, 1.3358e-04, 3.7528e-06, 1.0793e-04,
        8.0497e-05, 4.4503e-04, 3.8746e-04, 4.8562e-05, 2.2647e-04, 3.3712e-04,
        4.4964e-04, 1.2476e-04, 2.9847e-04, 3.9962e-04, 1.7739e-04, 8.9374e-04,
        8.1164e-05, 1.7511e-04, 3.9751e-04, 2.4145e-04, 4.2138e-04, 3.6804e-04,
        1.5372e-04, 2.3474e-04, 1.4905e-05, 4.6099e-04, 1.1545e-04, 4.2213e-04,
        1.3715e-04, 1.1972e-04, 1.4158e-04, 1.5622e-04, 4.3802e-04, 2.0772e-04,
        3.4164e-04, 4.3276e-04, 1.2691e-04, 9.7024e-05, 3.8790e-04, 2.7412e-04,
        1.6623e-04, 1.6309e-04, 4.3200e-04, 2.6173e-04, 1.0784e-04, 2.3402e-04,
        4.0402e-04, 1.2041e-04, 2.7127e-04, 4.2895e-04, 1.4297e-04, 6.3276e-05,
        2.0921e-04, 2.2976e-04, 6.0196e-04, 5.0997e-04, 1.9325e-04, 1.6159e-04,
        1.4543e-04, 1.7461e-04, 3.3192e-04, 4.5218e-04, 7.4259e-05, 1.1609e-06,
        2.7204e-04, 2.9864e-04, 4.4067e-05, 7.7627e-05, 2.3058e-04, 3.5103e-04,
        2.4239e-04, 2.8151e-04, 9.1445e-05, 3.2051e-04, 4.7786e-04, 1.4750e-04,
        2.3239e-04, 2.3146e-04, 4.1239e-04, 6.7724e-05, 5.3393e-04, 1.1391e-04,
        1.4781e-04, 2.4678e-04, 4.6632e-06, 6.8169e-05, 2.9907e-06],
       grad_fn=<CatBackward>)

mean_overall=tensor(0.0003, grad_fn=<MeanBackward0>)

-----------------------------------------------ITERATION230-----------------------------------------------

final_causality=[[1, 1, 1, 1, 1, 1, 1, 1, 1, 1, 1, 1, 1], [1, 1, 1, 1, 1, 1, 1, 1, 1, 1, 1, 1, 1, 1, 1, 1, 1, 1, 1, 1, 1, 1, 1, 1, 1, 1, 1, 1, 1, 1, 1, 1, 1, 1, 1, 1, 1, 1, 1, 1, 1, 1, 1, 1, 1, 1, 1, 1, 1, 1], [1, 1, 1, 1, 1, 1, 1, 1, 1, 1, 1, 1, 1, 1, 1, 1, 1, 1, 1, 1, 1, 1, 1, 1, 1, 1, 1, 1, 1, 1, 1, 1, 1, 1, 1, 1, 1, 1, 1, 1, 1, 1, 1, 1, 1, 1, 1, 1, 1, 1]]

means=tensor([7.9778e-04, 0.0000e+00, 0.0000e+00, 0.0000e+00, 2.3380e-03, 1.3620e-03,
        2.3233e-03, 5.2594e-04, 0.0000e+00, 0.0000e+00, 0.0000e+00, 5.2104e-03,
        3.8717e-03, 3.8831e-04, 7.8733e-05, 4.1202e-04, 9.8638e-06, 2.8667e-04,
        5.5877e-05, 4.7988e-04, 3.9304e-04, 1.6100e-04, 4.1706e-04, 2.9501e-04,
        6.7861e-05, 3.6046e-04, 1.4578e-04, 1.4968e-04, 4.3737e-06, 1.2360e-04,
        9.5728e-05, 4.8787e-04, 4.0856e-04, 5.1454e-05, 2.4702e-04, 3.6218e-04,
        4.8246e-04, 1.3502e-04, 3.2907e-04, 4.3811e-04, 1.9111e-04, 9.5195e-04,
        9.1414e-05, 1.9113e-04, 4.3766e-04, 2.7418e-04, 4.5715e-04, 4.0183e-04,
        1.7258e-04, 2.6417e-04, 1.7255e-05, 4.9154e-04, 1.3162e-04, 4.6627e-04,
        1.5107e-04, 1.3967e-04, 1.6416e-04, 1.7331e-04, 4.7807e-04, 2.2608e-04,
        3.7451e-04, 4.7697e-04, 1.4402e-04, 1.0822e-04, 4.2052e-04, 3.0054e-04,
        1.8406e-04, 1.7891e-04, 4.6737e-04, 2.8945e-04, 1.2277e-04, 2.5876e-04,
        4.3732e-04, 1.3335e-04, 2.9652e-04, 4.6438e-04, 1.5705e-04, 7.5500e-05,
        2.3523e-04, 2.5750e-04, 6.5249e-04, 5.5251e-04, 2.1159e-04, 1.7722e-04,
        1.6024e-04, 1.9192e-04, 3.6137e-04, 4.9160e-04, 8.6415e-05, 1.2570e-06,
        2.9584e-04, 3.2524e-04, 5.0756e-05, 9.0108e-05, 2.5286e-04, 3.8182e-04,
        2.6508e-04, 3.0630e-04, 1.0323e-04, 3.5009e-04, 5.1385e-04, 1.6123e-04,
        2.5867e-04, 2.5411e-04, 4.4923e-04, 7.7833e-05, 5.7588e-04, 1.2594e-04,
        1.6507e-04, 2.7174e-04, 5.5177e-06, 7.7741e-05, 2.4354e-06],
       grad_fn=<CatBackward>)

mean_overall=tensor(0.0004, grad_fn=<MeanBackward0>)

-----------------------------------------------ITERATION240-----------------------------------------------

final_causality=[[1, 1, 1, 1, 1, 1, 1, 1, 1, 1, 1, 1, 1], [1, 1, 1, 1, 1, 1, 1, 1, 1, 1, 1, 1, 1, 1, 1, 1, 1, 1, 1, 1, 1, 1, 1, 1, 1, 1, 1, 1, 1, 1, 1, 1, 1, 1, 1, 1, 1, 1, 1, 1, 1, 1, 1, 1, 1, 1, 1, 1, 1, 1], [1, 1, 1, 1, 1, 1, 1, 1, 1, 1, 1, 1, 1, 1, 1, 1, 1, 1, 1, 1, 1, 1, 1, 1, 1, 1, 1, 1, 1, 1, 1, 1, 1, 1, 1, 1, 1, 1, 1, 1, 1, 1, 1, 1, 1, 1, 1, 1, 1, 1]]

means=tensor([8.8691e-04, 0.0000e+00, 0.0000e+00, 0.0000e+00, 2.5351e-03, 1.5258e-03,
        2.5673e-03, 5.8412e-04, 0.0000e+00, 0.0000e+00, 0.0000e+00, 5.5616e-03,
        4.2489e-03, 4.1989e-04, 8.4993e-05, 4.4075e-04, 9.3251e-06, 3.0758e-04,
        6.5601e-05, 5.2723e-04, 4.3122e-04, 1.7792e-04, 4.5382e-04, 3.0954e-04,
        7.6940e-05, 3.8408e-04, 1.6143e-04, 1.6524e-04, 4.9512e-06, 1.4186e-04,
        1.1166e-04, 5.2875e-04, 4.2787e-04, 5.4797e-05, 2.6776e-04, 3.8601e-04,
        5.1424e-04, 1.4451e-04, 3.5808e-04, 4.7493e-04, 2.0420e-04, 1.0073e-03,
        1.0142e-04, 2.0679e-04, 4.7632e-04, 3.0885e-04, 4.9099e-04, 4.3388e-04,
        1.9171e-04, 2.9319e-04, 1.9861e-05, 5.2063e-04, 1.4837e-04, 5.0999e-04,
        1.6510e-04, 1.6050e-04, 1.8814e-04, 1.9019e-04, 5.1666e-04, 2.4354e-04,
        4.0616e-04, 5.1912e-04, 1.6206e-04, 1.1927e-04, 4.5201e-04, 3.2626e-04,
        2.0143e-04, 1.9441e-04, 5.0099e-04, 3.1692e-04, 1.3800e-04, 2.8333e-04,
        4.6913e-04, 1.4603e-04, 3.2126e-04, 4.9872e-04, 1.7084e-04, 8.7276e-05,
        2.6082e-04, 2.8432e-04, 7.0130e-04, 5.9332e-04, 2.2992e-04, 1.9251e-04,
        1.7474e-04, 2.0883e-04, 3.8960e-04, 5.2974e-04, 9.9157e-05, 1.4414e-06,
        3.1875e-04, 3.5098e-04, 5.7734e-05, 1.0331e-04, 2.7446e-04, 4.1147e-04,
        2.8691e-04, 3.3047e-04, 1.1458e-04, 3.7877e-04, 5.4837e-04, 1.7439e-04,
        2.8428e-04, 2.7584e-04, 4.8487e-04, 8.8181e-05, 6.1598e-04, 1.3759e-04,
        1.8245e-04, 2.9594e-04, 6.4206e-06, 8.7729e-05, 2.1113e-06],
       grad_fn=<CatBackward>)

mean_overall=tensor(0.0004, grad_fn=<MeanBackward0>)

-----------------------------------------------ITERATION250-----------------------------------------------

final_causality=[[1, 1, 1, 1, 1, 1, 1, 1, 1, 1, 1, 1, 1], [1, 1, 1, 1, 1, 1, 1, 1, 1, 1, 1, 1, 1, 1, 1, 1, 1, 1, 1, 1, 1, 1, 1, 1, 1, 1, 1, 1, 1, 1, 1, 1, 1, 1, 1, 1, 1, 1, 1, 1, 1, 1, 1, 1, 1, 1, 1, 1, 1, 1], [1, 1, 1, 1, 1, 1, 1, 1, 1, 1, 1, 1, 1, 1, 1, 1, 1, 1, 1, 1, 1, 1, 1, 1, 1, 1, 1, 1, 1, 1, 1, 1, 1, 1, 1, 1, 1, 1, 1, 1, 1, 1, 1, 1, 1, 1, 1, 1, 1, 1]]

means=tensor([9.7624e-04, 0.0000e+00, 0.0000e+00, 0.0000e+00, 2.7243e-03, 1.6928e-03,
        2.8097e-03, 6.4138e-04, 0.0000e+00, 0.0000e+00, 0.0000e+00, 5.8611e-03,
        4.6194e-03, 4.4885e-04, 9.1303e-05, 4.6768e-04, 8.4917e-06, 3.2703e-04,
        7.5595e-05, 5.7118e-04, 4.6821e-04, 1.9447e-04, 4.8849e-04, 3.2179e-04,
        8.5821e-05, 4.0586e-04, 1.7592e-04, 1.7971e-04, 5.4673e-06, 1.6047e-04,
        1.2776e-04, 5.6655e-04, 4.4483e-04, 5.8141e-05, 2.8827e-04, 4.0795e-04,
        5.4426e-04, 1.5287e-04, 3.8459e-04, 5.0905e-04, 2.1630e-04, 1.0587e-03,
        1.1083e-04, 2.2168e-04, 5.1247e-04, 3.4492e-04, 5.2197e-04, 4.6333e-04,
        2.1059e-04, 3.2091e-04, 2.2689e-05, 5.4762e-04, 1.6527e-04, 5.5232e-04,
        1.7895e-04, 1.8164e-04, 2.1298e-04, 2.0638e-04, 5.5287e-04, 2.5956e-04,
        4.3569e-04, 5.5797e-04, 1.8029e-04, 1.2979e-04, 4.8151e-04, 3.5052e-04,
        2.1782e-04, 2.0915e-04, 5.3201e-04, 3.4331e-04, 1.5300e-04, 3.0700e-04,
        4.9859e-04, 1.5804e-04, 3.4476e-04, 5.3101e-04, 1.8395e-04, 9.8264e-05,
        2.8531e-04, 3.0953e-04, 7.4705e-04, 6.3162e-04, 2.4733e-04, 2.0703e-04,
        1.8848e-04, 2.2481e-04, 4.1586e-04, 5.6564e-04, 1.1206e-04, 1.6367e-06,
        3.4021e-04, 3.7522e-04, 6.4792e-05, 1.1686e-04, 2.9476e-04, 4.3913e-04,
        3.0731e-04, 3.5293e-04, 1.2514e-04, 4.0620e-04, 5.8052e-04, 1.8661e-04,
        3.0849e-04, 2.9605e-04, 5.1836e-04, 9.8438e-05, 6.5317e-04, 1.4852e-04,
        1.9872e-04, 3.1877e-04, 7.5200e-06, 9.7596e-05, 1.9170e-06],
       grad_fn=<CatBackward>)

mean_overall=tensor(0.0004, grad_fn=<MeanBackward0>)

-----------------------------------------------ITERATION260-----------------------------------------------

final_causality=[[1, 1, 1, 1, 1, 1, 1, 1, 1, 1, 1, 1, 1], [1, 1, 1, 1, 1, 1, 1, 1, 1, 1, 1, 1, 1, 1, 1, 1, 1, 1, 1, 1, 1, 1, 1, 1, 1, 1, 1, 1, 1, 1, 1, 1, 1, 1, 1, 1, 1, 1, 1, 1, 1, 1, 1, 1, 1, 1, 1, 1, 1, 1], [1, 1, 1, 1, 1, 1, 1, 1, 1, 1, 1, 1, 1, 1, 1, 1, 1, 1, 1, 1, 1, 1, 1, 1, 1, 1, 1, 1, 1, 1, 1, 1, 1, 1, 1, 1, 1, 1, 1, 1, 1, 1, 1, 1, 1, 1, 1, 1, 1, 1]]

means=tensor([1.0641e-03, 0.0000e+00, 0.0000e+00, 0.0000e+00, 2.9015e-03, 1.8602e-03,
        3.0461e-03, 6.9654e-04, 0.0000e+00, 0.0000e+00, 0.0000e+00, 6.0967e-03,
        4.9764e-03, 4.7444e-04, 9.7769e-05, 4.9221e-04, 7.3644e-06, 3.4455e-04,
        8.5531e-05, 6.1040e-04, 5.0321e-04, 2.1022e-04, 5.2057e-04, 3.3140e-04,
        9.4203e-05, 4.2530e-04, 1.8877e-04, 1.9274e-04, 5.9357e-06, 1.7888e-04,
        1.4345e-04, 6.0033e-04, 4.5904e-04, 6.1427e-05, 3.0812e-04, 4.2751e-04,
        5.7192e-04, 1.5987e-04, 4.0781e-04, 5.3964e-04, 2.2713e-04, 1.1053e-03,
        1.1936e-04, 2.3547e-04, 5.4526e-04, 3.8178e-04, 5.4934e-04, 4.8948e-04,
        2.2877e-04, 3.4654e-04, 2.5696e-05, 5.7196e-04, 1.8184e-04, 5.9240e-04,
        1.9233e-04, 2.0249e-04, 2.3806e-04, 2.2147e-04, 5.8589e-04, 2.7374e-04,
        4.6239e-04, 5.9256e-04, 1.9828e-04, 1.3948e-04, 5.0828e-04, 3.7291e-04,
        2.3277e-04, 2.2274e-04, 5.5973e-04, 3.6783e-04, 1.6724e-04, 3.2913e-04,
        5.2502e-04, 1.6905e-04, 3.6640e-04, 5.6043e-04, 1.9605e-04, 1.0818e-04,
        3.0811e-04, 3.3254e-04, 7.8861e-04, 6.6710e-04, 2.6334e-04, 2.2044e-04,
        2.0105e-04, 2.3938e-04, 4.3954e-04, 5.9851e-04, 1.2466e-04, 1.8252e-06,
        3.5975e-04, 3.9740e-04, 7.1710e-05, 1.3031e-04, 3.1321e-04, 4.6409e-04,
        3.2577e-04, 3.7316e-04, 1.3480e-04, 4.3140e-04, 6.0957e-04, 1.9760e-04,
        3.3064e-04, 3.1425e-04, 5.4892e-04, 1.0827e-04, 6.8655e-04, 1.5845e-04,
        2.1347e-04, 3.3969e-04, 8.8199e-06, 1.0701e-04, 1.8139e-06],
       grad_fn=<CatBackward>)

mean_overall=tensor(0.0005, grad_fn=<MeanBackward0>)

-----------------------------------------------ITERATION270-----------------------------------------------

final_causality=[[1, 1, 1, 1, 1, 1, 1, 1, 1, 1, 1, 1, 1], [1, 1, 1, 1, 1, 1, 1, 1, 1, 1, 1, 1, 1, 1, 1, 1, 1, 1, 1, 1, 1, 1, 1, 1, 1, 1, 1, 1, 1, 1, 1, 1, 1, 1, 1, 1, 1, 1, 1, 1, 1, 1, 1, 1, 1, 1, 1, 1, 1, 1], [1, 1, 1, 1, 1, 1, 1, 1, 1, 1, 1, 1, 1, 1, 1, 1, 1, 1, 1, 1, 1, 1, 1, 1, 1, 1, 1, 1, 1, 1, 1, 1, 1, 1, 1, 1, 1, 1, 1, 1, 1, 1, 1, 1, 1, 1, 1, 1, 1, 1]]

means=tensor([1.1493e-03, 0.0000e+00, 0.0000e+00, 0.0000e+00, 3.0635e-03, 2.0256e-03,
        3.2728e-03, 7.4867e-04, 0.0000e+00, 0.0000e+00, 0.0000e+00, 6.2610e-03,
        5.3144e-03, 4.9621e-04, 1.0437e-04, 5.1397e-04, 5.9664e-06, 3.5983e-04,
        9.5110e-05, 6.4406e-04, 5.3561e-04, 2.2483e-04, 5.4969e-04, 3.3824e-04,
        1.0189e-04, 4.4211e-04, 1.9963e-04, 2.0427e-04, 6.3533e-06, 1.9654e-04,
        1.5821e-04, 6.2952e-04, 4.7032e-04, 6.4608e-05, 3.2698e-04, 4.4439e-04,
        5.9684e-04, 1.6535e-04, 4.2730e-04, 5.6618e-04, 2.3653e-04, 1.1465e-03,
        1.2680e-04, 2.4791e-04, 5.7416e-04, 4.1889e-04, 5.7269e-04, 5.1194e-04,
        2.4586e-04, 3.6951e-04, 2.8839e-05, 5.9334e-04, 1.9770e-04, 6.2958e-04,
        2.0501e-04, 2.2251e-04, 2.6281e-04, 2.3517e-04, 6.1517e-04, 2.8581e-04,
        4.8575e-04, 6.2226e-04, 2.1560e-04, 1.4810e-04, 5.3180e-04, 3.9313e-04,
        2.4599e-04, 2.3488e-04, 5.8374e-04, 3.8991e-04, 1.8030e-04, 3.4924e-04,
        5.4800e-04, 1.7883e-04, 3.8574e-04, 5.8646e-04, 2.0687e-04, 1.1685e-04,
        3.2879e-04, 3.5297e-04, 8.2521e-04, 6.9869e-04, 2.7764e-04, 2.3248e-04,
        2.1216e-04, 2.5222e-04, 4.6026e-04, 6.2783e-04, 1.3686e-04, 2.0318e-06,
        3.7707e-04, 4.1718e-04, 7.8296e-05, 1.4330e-04, 3.2943e-04, 4.8589e-04,
        3.4198e-04, 3.9084e-04, 1.4362e-04, 4.5390e-04, 6.3508e-04, 2.0726e-04,
        3.5028e-04, 3.3014e-04, 5.7604e-04, 1.1740e-04, 7.1559e-04, 1.6719e-04,
        2.2646e-04, 3.5835e-04, 1.0049e-05, 1.1571e-04, 1.8369e-06],
       grad_fn=<CatBackward>)

mean_overall=tensor(0.0005, grad_fn=<MeanBackward0>)

-----------------------------------------------ITERATION280-----------------------------------------------

final_causality=[[1, 1, 1, 1, 1, 1, 1, 1, 1, 1, 1, 1, 1], [1, 1, 1, 1, 1, 1, 1, 1, 1, 1, 1, 1, 1, 1, 1, 1, 1, 1, 1, 1, 1, 1, 1, 1, 1, 1, 1, 1, 1, 1, 1, 1, 1, 1, 1, 1, 1, 1, 1, 1, 1, 1, 1, 1, 1, 1, 1, 1, 1, 1], [1, 1, 1, 1, 1, 1, 1, 1, 1, 1, 1, 1, 1, 1, 1, 1, 1, 1, 1, 1, 1, 1, 1, 1, 1, 1, 1, 1, 1, 1, 1, 1, 1, 1, 1, 1, 1, 1, 1, 1, 1, 1, 1, 1, 1, 1, 1, 1, 1, 1]]

means=tensor([1.2309e-03, 0.0000e+00, 0.0000e+00, 0.0000e+00, 3.2087e-03, 2.1870e-03,
        3.4876e-03, 7.9718e-04, 0.0000e+00, 0.0000e+00, 0.0000e+00, 6.3536e-03,
        5.6304e-03, 5.1407e-04, 1.1079e-04, 5.3283e-04, 4.3390e-06, 3.7280e-04,
        1.0413e-04, 6.7192e-04, 5.6507e-04, 2.3813e-04, 5.7516e-04, 3.4240e-04,
        1.0895e-04, 4.5622e-04, 2.0840e-04, 2.1386e-04, 6.6764e-06, 2.1305e-04,
        1.7170e-04, 6.5394e-04, 4.7873e-04, 6.7655e-05, 3.4465e-04, 4.5854e-04,
        6.1887e-04, 1.6971e-04, 4.4297e-04, 5.8850e-04, 2.4446e-04, 1.1822e-03,
        1.3307e-04, 2.5890e-04, 5.9900e-04, 4.5578e-04, 5.9194e-04, 5.3063e-04,
        2.6166e-04, 3.8954e-04, 3.2080e-05, 6.1172e-04, 2.1252e-04, 6.6350e-04,
        2.1684e-04, 2.4133e-04, 2.8677e-04, 2.4735e-04, 6.4052e-04, 2.9572e-04,
        5.0563e-04, 6.4694e-04, 2.3194e-04, 1.5554e-04, 5.5192e-04, 4.1069e-04,
        2.5734e-04, 2.4545e-04, 6.0396e-04, 4.1010e-04, 1.9198e-04, 3.6708e-04,
        5.6742e-04, 1.8728e-04, 4.0258e-04, 6.0889e-04, 2.1631e-04, 1.2420e-04,
        3.4713e-04, 3.7068e-04, 8.5658e-04, 7.2622e-04, 2.9007e-04, 2.4306e-04,
        2.2167e-04, 2.6320e-04, 4.7791e-04, 6.5338e-04, 1.4819e-04, 2.2610e-06,
        3.9208e-04, 4.3442e-04, 8.4415e-05, 1.5552e-04, 3.4329e-04, 5.0438e-04,
        3.5584e-04, 4.0589e-04, 1.5110e-04, 4.7351e-04, 6.5693e-04, 2.1597e-04,
        3.6721e-04, 3.4364e-04, 5.9953e-04, 1.2565e-04, 7.4013e-04, 1.7467e-04,
        2.3758e-04, 3.7462e-04, 1.1184e-05, 1.2353e-04, 1.9086e-06],
       grad_fn=<CatBackward>)

mean_overall=tensor(0.0005, grad_fn=<MeanBackward0>)

-----------------------------------------------ITERATION290-----------------------------------------------

final_causality=[[1, 1, 1, 1, 1, 1, 1, 1, 1, 1, 1, 1, 1], [1, 1, 1, 1, 1, 1, 1, 1, 1, 1, 1, 1, 1, 1, 1, 1, 1, 1, 1, 1, 1, 1, 1, 1, 1, 1, 1, 1, 1, 1, 1, 1, 1, 1, 1, 1, 1, 1, 1, 1, 1, 1, 1, 1, 1, 1, 1, 1, 1, 1], [1, 1, 1, 1, 1, 1, 1, 1, 1, 1, 1, 1, 1, 1, 1, 1, 1, 1, 1, 1, 1, 1, 1, 1, 1, 1, 1, 1, 1, 1, 1, 1, 1, 1, 1, 1, 1, 1, 1, 1, 1, 1, 1, 1, 1, 1, 1, 1, 1, 1]]

means=tensor([1.3085e-03, 0.0000e+00, 0.0000e+00, 0.0000e+00, 3.3370e-03, 2.3435e-03,
        3.6896e-03, 8.4187e-04, 0.0000e+00, 0.0000e+00, 0.0000e+00, 6.3801e-03,
        5.9236e-03, 5.2825e-04, 1.1697e-04, 5.4890e-04, 2.5337e-06, 3.8357e-04,
        1.1249e-04, 6.9432e-04, 5.9154e-04, 2.5008e-04, 5.9710e-04, 3.4418e-04,
        1.1513e-04, 4.6777e-04, 2.1519e-04, 2.2159e-04, 6.9081e-06, 2.2816e-04,
        1.8383e-04, 6.7384e-04, 4.8454e-04, 7.0556e-05, 3.6102e-04, 4.7014e-04,
        6.3811e-04, 1.7301e-04, 4.5506e-04, 6.0681e-04, 2.5100e-04, 1.2128e-03,
        1.3823e-04, 2.6850e-04, 6.1999e-04, 4.9210e-04, 6.0736e-04, 5.4578e-04,
        2.7612e-04, 4.0672e-04, 3.5391e-05, 6.2726e-04, 2.2615e-04, 6.9412e-04,
        2.2776e-04, 2.5874e-04, 3.0964e-04, 2.5803e-04, 6.6209e-04, 3.0361e-04,
        5.2217e-04, 6.6688e-04, 2.4714e-04, 1.6181e-04, 5.6878e-04, 4.2565e-04,
        2.6688e-04, 2.5448e-04, 6.2063e-04, 4.2782e-04, 2.0263e-04, 3.8264e-04,
        5.8435e-04, 1.9445e-04, 4.1698e-04, 6.2786e-04, 2.2439e-04, 1.3032e-04,
        3.6316e-04, 3.8579e-04, 8.8292e-04, 7.4985e-04, 3.0068e-04, 2.5220e-04,
        2.3010e-04, 2.7236e-04, 4.9264e-04, 6.7532e-04, 1.5850e-04, 2.4681e-06,
        4.0488e-04, 4.4921e-04, 9.0007e-05, 1.6683e-04, 3.5563e-04, 5.1971e-04,
        3.6745e-04, 4.1845e-04, 1.5731e-04, 4.9032e-04, 6.7533e-04, 2.2327e-04,
        3.8230e-04, 3.5486e-04, 6.1952e-04, 1.3297e-04, 7.6040e-04, 1.8096e-04,
        2.4693e-04, 3.8858e-04, 1.2216e-05, 1.3041e-04, 1.9602e-06],
       grad_fn=<CatBackward>)

mean_overall=tensor(0.0005, grad_fn=<MeanBackward0>)

-----------------------------------------------ITERATION300-----------------------------------------------

final_causality=[[1, 1, 1, 1, 1, 1, 1, 1, 1, 1, 1, 1, 1], [1, 1, 1, 1, 1, 1, 1, 1, 1, 1, 1, 1, 1, 1, 1, 1, 1, 1, 1, 1, 1, 1, 1, 1, 1, 1, 1, 1, 1, 1, 1, 1, 1, 1, 1, 1, 1, 1, 1, 1, 1, 1, 1, 1, 1, 1, 1, 1, 1, 1], [1, 1, 1, 1, 1, 1, 1, 1, 1, 1, 1, 1, 1, 1, 1, 1, 1, 1, 1, 1, 1, 1, 1, 1, 1, 1, 1, 1, 1, 1, 1, 1, 1, 1, 1, 1, 1, 1, 1, 1, 1, 1, 1, 1, 1, 1, 1, 1, 1, 1]]

means=tensor([1.3823e-03, 0.0000e+00, 0.0000e+00, 0.0000e+00, 3.4492e-03, 2.4948e-03,
        3.8791e-03, 8.8288e-04, 0.0000e+00, 0.0000e+00, 0.0000e+00, 6.3509e-03,
        6.1952e-03, 5.3920e-04, 1.2290e-04, 5.6249e-04, 6.0397e-07, 3.9241e-04,
        1.2021e-04, 7.1202e-04, 6.1520e-04, 2.6080e-04, 6.1584e-04, 3.4402e-04,
        1.2049e-04, 4.7709e-04, 2.2027e-04, 2.2770e-04, 7.0591e-06, 2.4191e-04,
        1.9467e-04, 6.8975e-04, 4.8828e-04, 7.3315e-05, 3.7613e-04, 4.7951e-04,
        6.5483e-04, 1.7510e-04, 4.6405e-04, 6.2159e-04, 2.5634e-04, 1.2388e-03,
        1.4242e-04, 2.7683e-04, 6.3758e-04, 5.2764e-04, 6.1948e-04, 5.5784e-04,
        2.8930e-04, 4.2132e-04, 3.8754e-05, 6.4028e-04, 2.3857e-04, 7.2166e-04,
        2.3780e-04, 2.7475e-04, 3.3133e-04, 2.6737e-04, 6.8027e-04, 3.0973e-04,
        5.3577e-04, 6.8267e-04, 2.6114e-04, 1.6703e-04, 5.8275e-04, 4.3829e-04,
        2.7481e-04, 2.6212e-04, 6.3421e-04, 4.4317e-04, 2.1195e-04, 3.9610e-04,
        5.9886e-04, 2.0046e-04, 4.2920e-04, 6.4377e-04, 2.3156e-04, 1.3535e-04,
        3.7708e-04, 3.9859e-04, 9.0481e-04, 7.6998e-04, 3.0964e-04, 2.6005e-04,
        2.3726e-04, 2.7990e-04, 5.0481e-04, 6.9400e-04, 1.6781e-04, 2.6546e-06,
        4.1573e-04, 4.6183e-04, 9.5080e-05, 1.7720e-04, 3.6617e-04, 5.3226e-04,
        3.7709e-04, 4.2882e-04, 1.6241e-04, 5.0461e-04, 6.9069e-04, 2.2931e-04,
        3.9538e-04, 3.6411e-04, 6.3641e-04, 1.3939e-04, 7.7691e-04, 1.8618e-04,
        2.5472e-04, 4.0048e-04, 1.3149e-05, 1.3641e-04, 1.9951e-06],
       grad_fn=<CatBackward>)

mean_overall=tensor(0.0006, grad_fn=<MeanBackward0>)

-----------------------------------------------ITERATION310-----------------------------------------------

final_causality=[[1, 1, 1, 1, 1, 1, 1, 1, 1, 1, 1, 1, 1], [1, 1, 1, 1, 1, 1, 1, 1, 1, 1, 1, 1, 1, 1, 1, 1, 1, 1, 1, 1, 1, 1, 1, 1, 1, 1, 1, 1, 1, 1, 1, 1, 1, 1, 1, 1, 1, 1, 1, 1, 1, 1, 1, 1, 1, 1, 1, 1, 1, 1], [1, 1, 1, 1, 1, 1, 1, 1, 1, 1, 1, 1, 1, 1, 1, 1, 1, 1, 1, 1, 1, 1, 1, 1, 1, 1, 1, 1, 1, 1, 1, 1, 1, 1, 1, 1, 1, 1, 1, 1, 1, 1, 1, 1, 1, 1, 1, 1, 1, 1]]

means=tensor([1.4526e-03, 0.0000e+00, 0.0000e+00, 0.0000e+00, 3.5471e-03, 2.6412e-03,
        4.0571e-03, 9.2053e-04, 0.0000e+00, 0.0000e+00, 0.0000e+00, 6.2783e-03,
        6.4475e-03, 5.4747e-04, 1.2856e-04, 5.7398e-04, 1.9211e-06, 3.9967e-04,
        1.2737e-04, 7.2596e-04, 6.3638e-04, 2.7046e-04, 6.3185e-04, 3.4241e-04,
        1.2514e-04, 4.8453e-04, 2.2397e-04, 2.3251e-04, 7.1441e-06, 2.5769e-04,
        2.0441e-04, 7.0234e-04, 4.9120e-04, 7.5947e-05, 3.9008e-04, 4.8707e-04,
        6.6942e-04, 1.7623e-04, 4.7055e-04, 6.3344e-04, 2.6069e-04, 1.2610e-03,
        1.4581e-04, 2.8410e-04, 6.5236e-04, 5.6228e-04, 6.2893e-04, 5.6735e-04,
        3.0139e-04, 4.3379e-04, 4.2158e-05, 6.5121e-04, 2.4985e-04, 7.4646e-04,
        2.4702e-04, 2.8948e-04, 3.5185e-04, 2.7557e-04, 6.9578e-04, 3.1442e-04,
        5.4692e-04, 6.9506e-04, 2.7401e-04, 1.7138e-04, 5.9433e-04, 4.4899e-04,
        2.8141e-04, 2.6887e-04, 6.4524e-04, 4.5653e-04, 2.2013e-04, 4.0777e-04,
        6.1103e-04, 2.0554e-04, 4.3959e-04, 6.5715e-04, 2.3797e-04, 1.3950e-04,
        3.8920e-04, 4.0947e-04, 9.2299e-04, 7.8716e-04, 3.1746e-04, 2.6681e-04,
        2.4330e-04, 2.8610e-04, 5.1485e-04, 7.0995e-04, 1.7621e-04, 2.8239e-06,
        4.2495e-04, 4.7263e-04, 9.9691e-05, 1.8671e-04, 3.7510e-04, 5.4251e-04,
        3.8507e-04, 4.3735e-04, 1.6658e-04, 5.1680e-04, 7.0355e-04, 2.3431e-04,
        4.0655e-04, 3.7172e-04, 6.5071e-04, 1.4504e-04, 7.9032e-04, 1.9051e-04,
        2.6121e-04, 4.1064e-04, 1.3997e-05, 1.4163e-04, 2.1020e-06],
       grad_fn=<CatBackward>)

mean_overall=tensor(0.0006, grad_fn=<MeanBackward0>)

-----------------------------------------------ITERATION320-----------------------------------------------

final_causality=[[1, 1, 1, 1, 1, 1, 1, 1, 1, 1, 1, 1, 1], [1, 1, 1, 1, 1, 1, 1, 1, 1, 1, 1, 1, 1, 1, 1, 1, 1, 1, 1, 1, 1, 1, 1, 1, 1, 1, 1, 1, 1, 1, 1, 1, 1, 1, 1, 1, 1, 1, 1, 1, 1, 1, 1, 1, 1, 1, 1, 1, 1, 1], [1, 1, 1, 1, 1, 1, 1, 1, 1, 1, 1, 1, 1, 1, 1, 1, 1, 1, 1, 1, 1, 1, 1, 1, 1, 1, 1, 1, 1, 1, 1, 1, 1, 1, 1, 1, 1, 1, 1, 1, 1, 1, 1, 1, 1, 1, 1, 1, 1, 1]]

means=tensor([1.5198e-03, 0.0000e+00, 0.0000e+00, 0.0000e+00, 3.6326e-03, 2.7830e-03,
        4.2250e-03, 9.5521e-04, 0.0000e+00, 0.0000e+00, 0.0000e+00, 6.1742e-03,
        6.6832e-03, 5.5362e-04, 1.3396e-04, 5.8377e-04, 4.6177e-06, 4.0570e-04,
        1.3407e-04, 7.3704e-04, 6.5545e-04, 2.7926e-04, 6.4562e-04, 3.3980e-04,
        1.2922e-04, 4.9049e-04, 2.2665e-04, 2.3632e-04, 7.1786e-06, 2.7296e-04,
        2.1327e-04, 7.1231e-04, 4.9273e-04, 7.8468e-05, 4.0301e-04, 4.9321e-04,
        6.8224e-04, 1.7664e-04, 4.7516e-04, 6.4297e-04, 2.6427e-04, 1.2800e-03,
        1.4863e-04, 2.9052e-04, 6.6491e-04, 5.9595e-04, 6.3631e-04, 5.7535e-04,
        3.1256e-04, 4.4458e-04, 4.5596e-05, 6.6045e-04, 2.6010e-04, 7.6895e-04,
        2.5552e-04, 3.0309e-04, 3.7128e-04, 2.8288e-04, 7.1002e-04, 3.1800e-04,
        5.5614e-04, 7.0480e-04, 2.8585e-04, 1.7505e-04, 6.0454e-04, 4.5816e-04,
        2.8694e-04, 2.7515e-04, 6.5429e-04, 4.6828e-04, 2.2738e-04, 4.1797e-04,
        6.2133e-04, 2.0987e-04, 4.4855e-04, 6.6853e-04, 2.4357e-04, 1.4296e-04,
        3.9985e-04, 4.1884e-04, 9.3825e-04, 8.0196e-04, 3.2485e-04, 2.7268e-04,
        2.4846e-04, 2.9125e-04, 5.2321e-04, 7.2368e-04, 1.8386e-04, 2.9809e-06,
        4.3287e-04, 4.8195e-04, 1.0392e-04, 1.9548e-04, 3.8278e-04, 5.5109e-04,
        3.9176e-04, 4.4444e-04, 1.7003e-04, 5.2729e-04, 7.1445e-04, 2.3848e-04,
        4.1620e-04, 3.7806e-04, 6.6293e-04, 1.5004e-04, 8.0129e-04, 1.9415e-04,
        2.6669e-04, 4.1942e-04, 1.4776e-05, 1.4623e-04, 2.2091e-06],
       grad_fn=<CatBackward>)

mean_overall=tensor(0.0006, grad_fn=<MeanBackward0>)

-----------------------------------------------ITERATION330-----------------------------------------------

final_causality=[[1, 1, 1, 1, 1, 1, 1, 1, 1, 1, 1, 1, 1], [1, 1, 1, 1, 1, 1, 1, 1, 1, 1, 1, 1, 1, 1, 1, 1, 1, 1, 1, 1, 1, 1, 1, 1, 1, 1, 1, 1, 1, 1, 1, 1, 1, 1, 1, 1, 1, 1, 1, 1, 1, 1, 1, 1, 1, 1, 1, 1, 1, 1], [1, 1, 1, 1, 1, 1, 1, 1, 1, 1, 1, 1, 1, 1, 1, 1, 1, 1, 1, 1, 1, 1, 1, 1, 1, 1, 1, 1, 1, 1, 1, 1, 1, 1, 1, 1, 1, 1, 1, 1, 1, 1, 1, 1, 1, 1, 1, 1, 1, 1]]

means=tensor([1.5845e-03, 0.0000e+00, 0.0000e+00, 0.0000e+00, 3.7075e-03, 2.9210e-03,
        4.3842e-03, 9.8732e-04, 0.0000e+00, 0.0000e+00, 0.0000e+00, 6.0490e-03,
        6.9049e-03, 5.5814e-04, 1.3910e-04, 5.9224e-04, 7.3149e-06, 4.1080e-04,
        1.4041e-04, 7.4607e-04, 6.7275e-04, 2.8739e-04, 6.5759e-04, 3.3656e-04,
        1.3287e-04, 4.9531e-04, 2.2860e-04, 2.3942e-04, 7.1761e-06, 2.8772e-04,
        2.2250e-04, 7.2027e-04, 4.9325e-04, 8.0895e-05, 4.1504e-04, 4.9830e-04,
        6.9367e-04, 1.7655e-04, 4.7838e-04, 6.5071e-04, 2.6727e-04, 1.2966e-03,
        1.5103e-04, 2.9628e-04, 6.7575e-04, 6.2863e-04, 6.4219e-04, 5.8207e-04,
        3.2300e-04, 4.5407e-04, 4.9062e-05, 6.6838e-04, 2.6947e-04, 7.8950e-04,
        2.6340e-04, 3.1575e-04, 3.8975e-04, 2.8951e-04, 7.2249e-04, 3.2076e-04,
        5.6388e-04, 7.1256e-04, 2.9679e-04, 1.7820e-04, 6.1430e-04, 4.6618e-04,
        2.9167e-04, 2.8073e-04, 6.6182e-04, 4.7879e-04, 2.3391e-04, 4.2702e-04,
        6.3021e-04, 2.1365e-04, 4.5639e-04, 6.7839e-04, 2.4854e-04, 1.4589e-04,
        4.0932e-04, 4.2703e-04, 9.5127e-04, 8.1487e-04, 3.3141e-04, 2.7787e-04,
        2.5296e-04, 2.9561e-04, 5.3028e-04, 7.3566e-04, 1.9093e-04, 3.1300e-06,
        4.3977e-04, 4.9013e-04, 1.0783e-04, 2.0363e-04, 3.8949e-04, 5.5968e-04,
        3.9744e-04, 4.5042e-04, 1.7294e-04, 5.3647e-04, 7.2385e-04, 2.4202e-04,
        4.2466e-04, 3.8343e-04, 6.7355e-04, 1.5454e-04, 8.1040e-04, 1.9725e-04,
        2.7139e-04, 4.2713e-04, 1.5502e-05, 1.5033e-04, 2.3042e-06],
       grad_fn=<CatBackward>)

mean_overall=tensor(0.0006, grad_fn=<MeanBackward0>)

-----------------------------------------------ITERATION340-----------------------------------------------

final_causality=[[1, 1, 1, 1, 1, 1, 1, 1, 1, 1, 1, 1, 1], [1, 1, 1, 1, 1, 1, 1, 1, 1, 1, 1, 1, 1, 1, 1, 1, 1, 1, 1, 1, 1, 1, 1, 1, 1, 1, 1, 1, 1, 1, 1, 1, 1, 1, 1, 1, 1, 1, 1, 1, 1, 1, 1, 1, 1, 1, 1, 1, 1, 1], [1, 1, 1, 1, 1, 1, 1, 1, 1, 1, 1, 1, 1, 1, 1, 1, 1, 1, 1, 1, 1, 1, 1, 1, 1, 1, 1, 1, 1, 1, 1, 1, 1, 1, 1, 1, 1, 1, 1, 1, 1, 1, 1, 1, 1, 1, 1, 1, 1, 1]]

means=tensor([1.6471e-03, 0.0000e+00, 0.0000e+00, 0.0000e+00, 3.7734e-03, 3.0555e-03,
        4.5357e-03, 1.0171e-03, 0.0000e+00, 0.0000e+00, 0.0000e+00, 5.9111e-03,
        7.1145e-03, 5.6144e-04, 1.4399e-04, 5.9967e-04, 9.9802e-06, 4.1524e-04,
        1.4646e-04, 7.5365e-04, 6.8858e-04, 2.9499e-04, 6.6812e-04, 3.3301e-04,
        1.3658e-04, 4.9925e-04, 2.3006e-04, 2.4202e-04, 7.1473e-06, 3.0196e-04,
        2.3123e-04, 7.2672e-04, 4.9308e-04, 8.3240e-05, 4.2627e-04, 5.0261e-04,
        7.0396e-04, 1.7611e-04, 4.8064e-04, 6.5711e-04, 2.6985e-04, 1.3112e-03,
        1.5317e-04, 3.0153e-04, 6.8529e-04, 6.6027e-04, 6.4700e-04, 5.8764e-04,
        3.3285e-04, 4.6260e-04, 5.2548e-05, 6.7530e-04, 2.7807e-04, 8.0843e-04,
        2.7073e-04, 3.2760e-04, 4.1180e-04, 2.9562e-04, 7.3354e-04, 3.2292e-04,
        5.7051e-04, 7.1887e-04, 3.0692e-04, 1.8106e-04, 6.2295e-04, 4.7332e-04,
        2.9579e-04, 2.8575e-04, 6.6822e-04, 4.8834e-04, 2.3991e-04, 4.3517e-04,
        6.3799e-04, 2.1702e-04, 4.6340e-04, 6.8710e-04, 2.5302e-04, 1.4844e-04,
        4.1787e-04, 4.3432e-04, 9.6503e-04, 8.2631e-04, 3.3731e-04, 2.8251e-04,
        2.5695e-04, 2.9940e-04, 5.3636e-04, 7.4628e-04, 1.9753e-04, 3.2750e-06,
        4.4590e-04, 4.9741e-04, 1.1150e-04, 2.1129e-04, 3.9547e-04, 5.6724e-04,
        4.0236e-04, 4.5556e-04, 1.7544e-04, 5.4463e-04, 7.3214e-04, 2.4508e-04,
        4.3220e-04, 3.8808e-04, 6.8295e-04, 1.5865e-04, 8.1811e-04, 1.9996e-04,
        2.7617e-04, 4.3402e-04, 1.6190e-05, 1.5405e-04, 2.3902e-06],
       grad_fn=<CatBackward>)

mean_overall=tensor(0.0006, grad_fn=<MeanBackward0>)

-----------------------------------------------ITERATION350-----------------------------------------------

final_causality=[[1, 1, 1, 1, 1, 1, 1, 1, 1, 1, 1, 1, 1], [1, 1, 1, 1, 1, 1, 1, 1, 1, 1, 1, 1, 1, 1, 1, 1, 1, 1, 1, 1, 1, 1, 1, 1, 1, 1, 1, 1, 1, 1, 1, 1, 1, 1, 1, 1, 1, 1, 1, 1, 1, 1, 1, 1, 1, 1, 1, 1, 1, 1], [1, 1, 1, 1, 1, 1, 1, 1, 1, 1, 1, 1, 1, 1, 1, 1, 1, 1, 1, 1, 1, 1, 1, 1, 1, 1, 1, 1, 1, 1, 1, 1, 1, 1, 1, 1, 1, 1, 1, 1, 1, 1, 1, 1, 1, 1, 1, 1, 1, 1]]

means=tensor([1.7078e-03, 0.0000e+00, 0.0000e+00, 0.0000e+00, 3.8314e-03, 3.1870e-03,
        4.6802e-03, 1.0449e-03, 0.0000e+00, 0.0000e+00, 0.0000e+00, 5.7668e-03,
        7.3135e-03, 5.6384e-04, 1.4861e-04, 6.0629e-04, 1.2589e-05, 4.1919e-04,
        1.5225e-04, 7.6024e-04, 7.0314e-04, 3.0217e-04, 6.7747e-04, 3.2936e-04,
        1.4012e-04, 5.0253e-04, 2.3120e-04, 2.4426e-04, 7.0993e-06, 3.1568e-04,
        2.3951e-04, 7.3202e-04, 4.9244e-04, 8.5509e-05, 4.3680e-04, 5.0636e-04,
        7.1335e-04, 1.7547e-04, 4.8223e-04, 6.6247e-04, 2.7213e-04, 1.3243e-03,
        1.5515e-04, 3.0639e-04, 6.9385e-04, 6.9080e-04, 6.5105e-04, 5.9233e-04,
        3.4220e-04, 4.7038e-04, 5.6040e-05, 6.8142e-04, 2.8598e-04, 8.2597e-04,
        2.7941e-04, 3.3873e-04, 4.3352e-04, 3.0133e-04, 7.4347e-04, 3.2465e-04,
        5.7630e-04, 7.2412e-04, 3.1705e-04, 1.8406e-04, 6.3074e-04, 4.7981e-04,
        2.9944e-04, 2.9033e-04, 6.7378e-04, 4.9716e-04, 2.4550e-04, 4.4259e-04,
        6.4494e-04, 2.2009e-04, 4.6977e-04, 6.9495e-04, 2.5711e-04, 1.5096e-04,
        4.2566e-04, 4.4090e-04, 9.7758e-04, 8.3658e-04, 3.4269e-04, 2.8672e-04,
        2.6057e-04, 3.0276e-04, 5.4241e-04, 7.5580e-04, 2.0376e-04, 3.4188e-06,
        4.5141e-04, 5.0399e-04, 1.1497e-04, 2.1852e-04, 4.0090e-04, 5.7401e-04,
        4.0671e-04, 4.6006e-04, 1.7766e-04, 5.5199e-04, 7.3957e-04, 2.4779e-04,
        4.3902e-04, 3.9289e-04, 6.9138e-04, 1.6263e-04, 8.2477e-04, 2.0236e-04,
        2.8066e-04, 4.4026e-04, 1.6848e-05, 1.5747e-04, 2.4693e-06],
       grad_fn=<CatBackward>)

mean_overall=tensor(0.0006, grad_fn=<MeanBackward0>)

-----------------------------------------------ITERATION360-----------------------------------------------

final_causality=[[1, 1, 1, 1, 1, 1, 1, 1, 1, 1, 1, 1, 1], [1, 1, 1, 1, 1, 1, 1, 1, 1, 1, 1, 1, 1, 1, 1, 1, 1, 1, 1, 1, 1, 1, 1, 1, 1, 1, 1, 1, 1, 1, 1, 1, 1, 1, 1, 1, 1, 1, 1, 1, 1, 1, 1, 1, 1, 1, 1, 1, 1, 1], [1, 1, 1, 1, 1, 1, 1, 1, 1, 1, 1, 1, 1, 1, 1, 1, 1, 1, 1, 1, 1, 1, 1, 1, 1, 1, 1, 1, 1, 1, 1, 1, 1, 1, 1, 1, 1, 1, 1, 1, 1, 1, 1, 1, 1, 1, 1, 1, 1, 1]]

means=tensor([1.7667e-03, 0.0000e+00, 0.0000e+00, 0.0000e+00, 3.8822e-03, 3.3156e-03,
        4.8183e-03, 1.0707e-03, 0.0000e+00, 0.0000e+00, 0.0000e+00, 5.6204e-03,
        7.5027e-03, 5.6559e-04, 1.5296e-04, 6.1225e-04, 1.5123e-05, 4.2278e-04,
        1.5779e-04, 7.6612e-04, 7.1658e-04, 3.0900e-04, 6.8584e-04, 3.2576e-04,
        1.4345e-04, 5.0528e-04, 2.3215e-04, 2.4652e-04, 7.0364e-06, 3.2882e-04,
        2.4737e-04, 7.3644e-04, 4.9151e-04, 8.7705e-05, 4.4666e-04, 5.0968e-04,
        7.2196e-04, 1.7469e-04, 4.8337e-04, 6.6702e-04, 2.7418e-04, 1.3361e-03,
        1.5704e-04, 3.1094e-04, 7.0166e-04, 7.2014e-04, 6.5458e-04, 5.9636e-04,
        3.5112e-04, 4.7758e-04, 5.9522e-05, 6.8690e-04, 2.9327e-04, 8.4228e-04,
        2.8813e-04, 3.4918e-04, 4.5463e-04, 3.0674e-04, 7.5248e-04, 3.2608e-04,
        5.8144e-04, 7.2859e-04, 3.2665e-04, 1.8684e-04, 6.3782e-04, 4.8579e-04,
        3.0294e-04, 2.9455e-04, 6.7867e-04, 5.0539e-04, 2.5076e-04, 4.4941e-04,
        6.5123e-04, 2.2292e-04, 4.7564e-04, 7.0211e-04, 2.6087e-04, 1.5350e-04,
        4.3283e-04, 4.4692e-04, 9.8905e-04, 8.4588e-04, 3.4763e-04, 2.9059e-04,
        2.6390e-04, 3.0640e-04, 5.4841e-04, 7.6443e-04, 2.0970e-04, 3.5628e-06,
        4.5643e-04, 5.0999e-04, 1.1828e-04, 2.2538e-04, 4.0589e-04, 5.8015e-04,
        4.1060e-04, 4.6406e-04, 1.7965e-04, 5.5870e-04, 7.4633e-04, 2.5021e-04,
        4.4526e-04, 3.9749e-04, 6.9905e-04, 1.6665e-04, 8.3157e-04, 2.0452e-04,
        2.8476e-04, 4.4598e-04, 1.7481e-05, 1.6065e-04, 2.5428e-06],
       grad_fn=<CatBackward>)

mean_overall=tensor(0.0006, grad_fn=<MeanBackward0>)

-----------------------------------------------ITERATION370-----------------------------------------------

final_causality=[[1, 1, 1, 1, 1, 1, 1, 1, 1, 1, 1, 1, 1], [1, 1, 1, 1, 1, 1, 1, 1, 1, 1, 1, 1, 1, 1, 1, 1, 1, 1, 1, 1, 1, 1, 1, 1, 1, 1, 1, 1, 1, 1, 1, 1, 1, 1, 1, 1, 1, 1, 1, 1, 1, 1, 1, 1, 1, 1, 1, 1, 1, 1], [1, 1, 1, 1, 1, 1, 1, 1, 1, 1, 1, 1, 1, 1, 1, 1, 1, 1, 1, 1, 1, 1, 1, 1, 1, 1, 1, 1, 1, 1, 1, 1, 1, 1, 1, 1, 1, 1, 1, 1, 1, 1, 1, 1, 1, 1, 1, 1, 1, 1]]

means=tensor([1.8240e-03, 0.0000e+00, 0.0000e+00, 0.0000e+00, 3.9263e-03, 3.4413e-03,
        4.9501e-03, 1.0946e-03, 0.0000e+00, 0.0000e+00, 0.0000e+00, 5.4753e-03,
        7.6824e-03, 5.6686e-04, 1.5704e-04, 6.1766e-04, 1.7567e-05, 4.2610e-04,
        1.6309e-04, 7.7149e-04, 7.2899e-04, 3.1550e-04, 6.9334e-04, 3.2230e-04,
        1.4661e-04, 5.0761e-04, 2.3298e-04, 2.4892e-04, 6.9612e-06, 3.4136e-04,
        2.5482e-04, 7.4017e-04, 4.9039e-04, 8.9826e-05, 4.5590e-04, 5.1269e-04,
        7.2990e-04, 1.7385e-04, 4.8418e-04, 6.7090e-04, 2.7606e-04, 1.3468e-03,
        1.5887e-04, 3.1523e-04, 7.0886e-04, 7.4821e-04, 6.5775e-04, 5.9985e-04,
        3.5963e-04, 4.8428e-04, 6.2974e-05, 6.9186e-04, 2.9996e-04, 8.5746e-04,
        2.9645e-04, 3.5899e-04, 4.7506e-04, 3.1190e-04, 7.6068e-04, 3.2727e-04,
        5.8604e-04, 7.3248e-04, 3.3563e-04, 1.8945e-04, 6.4430e-04, 4.9135e-04,
        3.0672e-04, 2.9845e-04, 6.8304e-04, 5.1310e-04, 2.5575e-04, 4.5572e-04,
        6.5698e-04, 2.2557e-04, 4.8108e-04, 7.0870e-04, 2.6436e-04, 1.5583e-04,
        4.3944e-04, 4.5244e-04, 9.9963e-04, 8.5436e-04, 3.5221e-04, 2.9415e-04,
        2.6698e-04, 3.0993e-04, 5.5388e-04, 7.7229e-04, 2.1535e-04, 3.7079e-06,
        4.6104e-04, 5.1548e-04, 1.2142e-04, 2.3191e-04, 4.1052e-04, 5.8578e-04,
        4.1412e-04, 4.6767e-04, 1.8158e-04, 5.6485e-04, 7.5254e-04, 2.5240e-04,
        4.5100e-04, 4.0169e-04, 7.0607e-04, 1.7044e-04, 8.3869e-04, 2.0684e-04,
        2.8854e-04, 4.5126e-04, 1.8093e-05, 1.6407e-04, 2.6184e-06],
       grad_fn=<CatBackward>)

mean_overall=tensor(0.0006, grad_fn=<MeanBackward0>)

-----------------------------------------------ITERATION380-----------------------------------------------

final_causality=[[1, 1, 1, 1, 1, 1, 1, 1, 1, 1, 1, 1, 1], [1, 1, 1, 1, 1, 1, 1, 1, 1, 1, 1, 1, 1, 1, 1, 1, 1, 1, 1, 1, 1, 1, 1, 1, 1, 1, 1, 1, 1, 1, 1, 1, 1, 1, 1, 1, 1, 1, 1, 1, 1, 1, 1, 1, 1, 1, 1, 1, 1, 1], [1, 1, 1, 1, 1, 1, 1, 1, 1, 1, 1, 1, 1, 1, 1, 1, 1, 1, 1, 1, 1, 1, 1, 1, 1, 1, 1, 1, 1, 1, 1, 1, 1, 1, 1, 1, 1, 1, 1, 1, 1, 1, 1, 1, 1, 1, 1, 1, 1, 1]]

means=tensor([1.8797e-03, 0.0000e+00, 0.0000e+00, 0.0000e+00, 3.9641e-03, 3.5640e-03,
        5.0755e-03, 1.1166e-03, 0.0000e+00, 0.0000e+00, 0.0000e+00, 5.3339e-03,
        7.8527e-03, 5.6779e-04, 1.6082e-04, 6.2259e-04, 1.9907e-05, 4.2919e-04,
        1.6812e-04, 7.7647e-04, 7.4044e-04, 3.2169e-04, 7.0008e-04, 3.1905e-04,
        1.4960e-04, 5.0957e-04, 2.3374e-04, 2.5114e-04, 6.8743e-06, 3.5323e-04,
        2.6185e-04, 7.4332e-04, 4.8917e-04, 9.1867e-05, 4.6452e-04, 5.1544e-04,
        7.3723e-04, 1.7297e-04, 4.8476e-04, 6.7423e-04, 2.7780e-04, 1.3565e-03,
        1.6068e-04, 3.1930e-04, 7.1556e-04, 7.7491e-04, 6.6064e-04, 6.0291e-04,
        3.6774e-04, 4.9055e-04, 6.6376e-05, 6.9635e-04, 3.0609e-04, 8.7159e-04,
        3.0436e-04, 3.6817e-04, 4.9470e-04, 3.1683e-04, 7.6819e-04, 3.2829e-04,
        5.9020e-04, 7.3590e-04, 3.4400e-04, 1.9190e-04, 6.5026e-04, 4.9654e-04,
        3.1020e-04, 3.0208e-04, 6.8697e-04, 5.2036e-04, 2.6049e-04, 4.6157e-04,
        6.6226e-04, 2.2805e-04, 4.8614e-04, 7.1481e-04, 2.6760e-04, 1.5797e-04,
        4.4554e-04, 4.5752e-04, 1.0094e-03, 8.6210e-04, 3.5646e-04, 2.9745e-04,
        2.6985e-04, 3.1321e-04, 5.5890e-04, 7.7946e-04, 2.2075e-04, 3.8541e-06,
        4.6527e-04, 5.2053e-04, 1.2442e-04, 2.3809e-04, 4.1482e-04, 5.9095e-04,
        4.1731e-04, 4.7094e-04, 1.8371e-04, 5.7051e-04, 7.5827e-04, 2.5441e-04,
        4.5630e-04, 4.0555e-04, 7.1252e-04, 1.7400e-04, 8.4520e-04, 2.0905e-04,
        2.9203e-04, 4.5616e-04, 1.8683e-05, 1.6732e-04, 2.7551e-06],
       grad_fn=<CatBackward>)

mean_overall=tensor(0.0006, grad_fn=<MeanBackward0>)

-----------------------------------------------ITERATION390-----------------------------------------------

final_causality=[[1, 1, 1, 1, 1, 1, 1, 1, 1, 1, 1, 1, 1], [1, 1, 1, 1, 1, 1, 1, 1, 1, 1, 1, 1, 1, 1, 1, 1, 1, 1, 1, 1, 1, 1, 1, 1, 1, 1, 1, 1, 1, 1, 1, 1, 1, 1, 1, 1, 1, 1, 1, 1, 1, 1, 1, 1, 1, 1, 1, 1, 1, 1], [1, 1, 1, 1, 1, 1, 1, 1, 1, 1, 1, 1, 1, 1, 1, 1, 1, 1, 1, 1, 1, 1, 1, 1, 1, 1, 1, 1, 1, 1, 1, 1, 1, 1, 1, 1, 1, 1, 1, 1, 1, 1, 1, 1, 1, 1, 1, 1, 1, 1]]

means=tensor([1.9336e-03, 0.0000e+00, 0.0000e+00, 0.0000e+00, 3.9958e-03, 3.6836e-03,
        5.1946e-03, 1.1366e-03, 0.0000e+00, 0.0000e+00, 0.0000e+00, 5.1977e-03,
        8.0133e-03, 5.6848e-04, 1.6430e-04, 6.2708e-04, 2.2131e-05, 4.3209e-04,
        1.7288e-04, 7.8111e-04, 7.5097e-04, 3.2758e-04, 7.0611e-04, 3.1604e-04,
        1.5243e-04, 5.1121e-04, 2.3444e-04, 2.5322e-04, 6.7760e-06, 3.6439e-04,
        2.6844e-04, 7.4597e-04, 4.8789e-04, 9.3824e-05, 4.7253e-04, 5.1796e-04,
        7.4398e-04, 1.7209e-04, 4.8517e-04, 6.7706e-04, 2.7942e-04, 1.3654e-03,
        1.6248e-04, 3.2315e-04, 7.2184e-04, 8.0014e-04, 6.6334e-04, 6.0560e-04,
        3.7546e-04, 4.9642e-04, 6.9878e-05, 7.0044e-04, 3.1166e-04, 8.8469e-04,
        3.1183e-04, 3.7670e-04, 5.1345e-04, 3.2154e-04, 7.7506e-04, 3.2917e-04,
        5.9395e-04, 7.3895e-04, 3.5177e-04, 1.9420e-04, 6.5573e-04, 5.0140e-04,
        3.1341e-04, 3.0544e-04, 6.9051e-04, 5.2717e-04, 2.6499e-04, 4.6698e-04,
        6.6712e-04, 2.3038e-04, 4.9086e-04, 7.2047e-04, 2.7061e-04, 1.6006e-04,
        4.5117e-04, 4.6220e-04, 1.0184e-03, 8.6916e-04, 3.6039e-04, 3.0050e-04,
        2.7253e-04, 3.1627e-04, 5.6350e-04, 7.8600e-04, 2.2589e-04, 4.0011e-06,
        4.6916e-04, 5.2516e-04, 1.2726e-04, 2.4395e-04, 4.1883e-04, 5.9570e-04,
        4.2022e-04, 4.7391e-04, 1.8569e-04, 5.7572e-04, 7.6357e-04, 2.5624e-04,
        4.6119e-04, 4.0910e-04, 7.1844e-04, 1.7736e-04, 8.5114e-04, 2.1109e-04,
        2.9525e-04, 4.6069e-04, 1.9251e-05, 1.7038e-04, 2.8835e-06],
       grad_fn=<CatBackward>)

mean_overall=tensor(0.0006, grad_fn=<MeanBackward0>)

-----------------------------------------------ITERATION400-----------------------------------------------

final_causality=[[1, 1, 1, 1, 1, 1, 1, 1, 1, 1, 1, 1, 1], [1, 1, 1, 1, 1, 1, 1, 1, 1, 1, 1, 1, 1, 1, 1, 1, 1, 1, 1, 1, 1, 1, 1, 1, 1, 1, 1, 1, 1, 1, 1, 1, 1, 1, 1, 1, 1, 1, 1, 1, 1, 1, 1, 1, 1, 1, 1, 1, 1, 1], [1, 1, 1, 1, 1, 1, 1, 1, 1, 1, 1, 1, 1, 1, 1, 1, 1, 1, 1, 1, 1, 1, 1, 1, 1, 1, 1, 1, 1, 1, 1, 1, 1, 1, 1, 1, 1, 1, 1, 1, 1, 1, 1, 1, 1, 1, 1, 1, 1, 1]]

means=tensor([1.9857e-03, 0.0000e+00, 0.0000e+00, 0.0000e+00, 4.0217e-03, 3.7998e-03,
        5.3072e-03, 1.1547e-03, 0.0000e+00, 0.0000e+00, 0.0000e+00, 5.0682e-03,
        8.1641e-03, 5.6899e-04, 1.6747e-04, 6.3116e-04, 2.4229e-05, 4.3482e-04,
        1.7734e-04, 7.8547e-04, 7.6060e-04, 3.3315e-04, 7.1149e-04, 3.1330e-04,
        1.5510e-04, 5.1257e-04, 2.3512e-04, 2.5516e-04, 6.6658e-06, 3.7480e-04,
        2.7457e-04, 7.4820e-04, 4.8659e-04, 9.5692e-05, 4.7994e-04, 5.2029e-04,
        7.5018e-04, 1.7122e-04, 4.8543e-04, 6.7945e-04, 2.8094e-04, 1.3735e-03,
        1.6426e-04, 3.2682e-04, 7.2774e-04, 8.2384e-04, 6.6588e-04, 6.0797e-04,
        3.8276e-04, 5.0192e-04, 7.3699e-05, 7.0415e-04, 3.1669e-04, 8.9680e-04,
        3.1886e-04, 3.8458e-04, 5.3124e-04, 3.2606e-04, 7.8134e-04, 3.2992e-04,
        5.9735e-04, 7.4169e-04, 3.6028e-04, 1.9636e-04, 6.6074e-04, 5.0594e-04,
        3.1636e-04, 3.0855e-04, 6.9372e-04, 5.3356e-04, 2.6924e-04, 4.7197e-04,
        6.7158e-04, 2.3256e-04, 4.9525e-04, 7.2570e-04, 2.7339e-04, 1.6226e-04,
        4.5633e-04, 4.6649e-04, 1.0267e-03, 8.7559e-04, 3.6402e-04, 3.0331e-04,
        2.7503e-04, 3.1913e-04, 5.6770e-04, 7.9195e-04, 2.3075e-04, 4.1480e-06,
        4.7272e-04, 5.2940e-04, 1.2996e-04, 2.4946e-04, 4.2255e-04, 6.0007e-04,
        4.2287e-04, 4.7662e-04, 1.8753e-04, 5.8049e-04, 7.6847e-04, 2.5793e-04,
        4.6569e-04, 4.1235e-04, 7.2387e-04, 1.8050e-04, 8.5657e-04, 2.1298e-04,
        2.9820e-04, 4.6487e-04, 1.9794e-05, 1.7325e-04, 3.0037e-06],
       grad_fn=<CatBackward>)

mean_overall=tensor(0.0007, grad_fn=<MeanBackward0>)

-----------------------------------------------ITERATION410-----------------------------------------------

final_causality=[[1, 1, 1, 1, 1, 1, 1, 1, 1, 1, 1, 1, 1], [1, 1, 1, 1, 1, 1, 1, 1, 1, 1, 1, 1, 1, 1, 1, 1, 1, 1, 1, 1, 1, 1, 1, 1, 1, 1, 1, 1, 1, 1, 1, 1, 1, 1, 1, 1, 1, 1, 1, 1, 1, 1, 1, 1, 1, 1, 1, 1, 1, 1], [1, 1, 1, 1, 1, 1, 1, 1, 1, 1, 1, 1, 1, 1, 1, 1, 1, 1, 1, 1, 1, 1, 1, 1, 1, 1, 1, 1, 1, 1, 1, 1, 1, 1, 1, 1, 1, 1, 1, 1, 1, 1, 1, 1, 1, 1, 1, 1, 1, 1]]

means=tensor([2.0360e-03, 0.0000e+00, 0.0000e+00, 0.0000e+00, 4.0418e-03, 3.9125e-03,
        5.4133e-03, 1.1707e-03, 0.0000e+00, 0.0000e+00, 0.0000e+00, 4.9461e-03,
        8.3048e-03, 5.6939e-04, 1.7032e-04, 6.3488e-04, 2.6191e-05, 4.3739e-04,
        1.8148e-04, 7.8957e-04, 7.6936e-04, 3.3840e-04, 7.1625e-04, 3.1083e-04,
        1.5760e-04, 5.1367e-04, 2.3578e-04, 2.5697e-04, 6.5435e-06, 3.8442e-04,
        2.8270e-04, 7.5004e-04, 4.8530e-04, 9.7465e-05, 4.8674e-04, 5.2244e-04,
        7.5585e-04, 1.7037e-04, 4.8558e-04, 6.8143e-04, 2.8237e-04, 1.3812e-03,
        1.6602e-04, 3.3031e-04, 7.3331e-04, 8.4595e-04, 6.6830e-04, 6.1006e-04,
        3.8966e-04, 5.0705e-04, 7.7425e-05, 7.0751e-04, 3.2118e-04, 9.0796e-04,
        3.2542e-04, 3.9182e-04, 5.4799e-04, 3.3038e-04, 7.8706e-04, 3.3056e-04,
        6.0042e-04, 7.4415e-04, 3.6996e-04, 1.9839e-04, 6.6531e-04, 5.1017e-04,
        3.1907e-04, 3.1141e-04, 6.9661e-04, 5.3951e-04, 2.7326e-04, 4.7656e-04,
        6.7568e-04, 2.3460e-04, 4.9932e-04, 7.3054e-04, 2.7596e-04, 1.6430e-04,
        4.6105e-04, 4.7040e-04, 1.0344e-03, 8.8142e-04, 3.6736e-04, 3.0589e-04,
        2.7735e-04, 3.2178e-04, 5.7154e-04, 7.9733e-04, 2.3534e-04, 4.2941e-06,
        4.7598e-04, 5.3327e-04, 1.3249e-04, 2.5462e-04, 4.2600e-04, 6.0406e-04,
        4.2528e-04, 4.7908e-04, 1.8923e-04, 5.8485e-04, 7.7298e-04, 2.5947e-04,
        4.6981e-04, 4.1532e-04, 7.2883e-04, 1.8342e-04, 8.6152e-04, 2.1473e-04,
        3.0091e-04, 4.6873e-04, 2.0311e-05, 1.7593e-04, 3.1157e-06],
       grad_fn=<CatBackward>)

mean_overall=tensor(0.0007, grad_fn=<MeanBackward0>)

-----------------------------------------------ITERATION420-----------------------------------------------

final_causality=[[1, 1, 1, 1, 1, 1, 1, 1, 1, 1, 1, 1, 1], [1, 1, 1, 1, 1, 1, 1, 1, 1, 1, 1, 1, 1, 1, 1, 1, 1, 1, 1, 1, 1, 1, 1, 1, 1, 1, 1, 1, 1, 1, 1, 1, 1, 1, 1, 1, 1, 1, 1, 1, 1, 1, 1, 1, 1, 1, 1, 1, 1, 1], [1, 1, 1, 1, 1, 1, 1, 1, 1, 1, 1, 1, 1, 1, 1, 1, 1, 1, 1, 1, 1, 1, 1, 1, 1, 1, 1, 1, 1, 1, 1, 1, 1, 1, 1, 1, 1, 1, 1, 1, 1, 1, 1, 1, 1, 1, 1, 1, 1, 1]]

means=tensor([2.0844e-03, 0.0000e+00, 0.0000e+00, 0.0000e+00, 4.0566e-03, 4.0216e-03,
        5.5128e-03, 1.1847e-03, 0.0000e+00, 0.0000e+00, 0.0000e+00, 4.8323e-03,
        8.4354e-03, 5.6972e-04, 1.7286e-04, 6.3825e-04, 2.8011e-05, 4.3981e-04,
        1.8530e-04, 7.9343e-04, 7.7729e-04, 3.4332e-04, 7.2043e-04, 3.0863e-04,
        1.5994e-04, 5.1452e-04, 2.3643e-04, 2.5866e-04, 6.4087e-06, 3.9323e-04,
        2.9139e-04, 7.5154e-04, 4.8404e-04, 9.9142e-05, 4.9296e-04, 5.2442e-04,
        7.6101e-04, 1.6955e-04, 4.8563e-04, 6.8305e-04, 2.8371e-04, 1.3888e-03,
        1.6777e-04, 3.3362e-04, 7.3857e-04, 8.6643e-04, 6.7062e-04, 6.1190e-04,
        3.9614e-04, 5.1183e-04, 8.1033e-05, 7.1055e-04, 3.2516e-04, 9.1818e-04,
        3.3151e-04, 3.9841e-04, 5.6366e-04, 3.3451e-04, 7.9226e-04, 3.3110e-04,
        6.0317e-04, 7.4638e-04, 3.7897e-04, 2.0028e-04, 6.6947e-04, 5.1410e-04,
        3.2154e-04, 3.1403e-04, 6.9921e-04, 5.4505e-04, 2.7703e-04, 4.8075e-04,
        6.7944e-04, 2.3650e-04, 5.0308e-04, 7.3499e-04, 2.7831e-04, 1.6616e-04,
        4.6533e-04, 4.7397e-04, 1.0414e-03, 8.8669e-04, 3.7042e-04, 3.0826e-04,
        2.7950e-04, 3.2424e-04, 5.7502e-04, 8.0217e-04, 2.3964e-04, 4.4383e-06,
        4.7894e-04, 5.3677e-04, 1.3486e-04, 2.5942e-04, 4.2918e-04, 6.0771e-04,
        4.2745e-04, 4.8132e-04, 1.9080e-04, 5.8881e-04, 7.7713e-04, 2.6088e-04,
        4.7357e-04, 4.1802e-04, 7.3334e-04, 1.8614e-04, 8.6601e-04, 2.1633e-04,
        3.0336e-04, 4.7226e-04, 2.0800e-05, 1.7842e-04, 3.2193e-06],
       grad_fn=<CatBackward>)

mean_overall=tensor(0.0007, grad_fn=<MeanBackward0>)

-----------------------------------------------ITERATION430-----------------------------------------------

final_causality=[[1, 1, 1, 1, 1, 1, 1, 1, 1, 1, 1, 1, 1], [1, 1, 1, 1, 1, 1, 1, 1, 1, 1, 1, 1, 1, 1, 1, 1, 1, 1, 1, 1, 1, 1, 1, 1, 1, 1, 1, 1, 1, 1, 1, 1, 1, 1, 1, 1, 1, 1, 1, 1, 1, 1, 1, 1, 1, 1, 1, 1, 1, 1], [1, 1, 1, 1, 1, 1, 1, 1, 1, 1, 1, 1, 1, 1, 1, 1, 1, 1, 1, 1, 1, 1, 1, 1, 1, 1, 1, 1, 1, 1, 1, 1, 1, 1, 1, 1, 1, 1, 1, 1, 1, 1, 1, 1, 1, 1, 1, 1, 1, 1]]

means=tensor([2.1309e-03, 0.0000e+00, 0.0000e+00, 0.0000e+00, 4.0662e-03, 4.1268e-03,
        5.6058e-03, 1.1966e-03, 0.0000e+00, 0.0000e+00, 0.0000e+00, 4.7273e-03,
        8.5557e-03, 5.7002e-04, 1.7509e-04, 6.4130e-04, 2.9681e-05, 4.4208e-04,
        1.8879e-04, 7.9707e-04, 7.8442e-04, 3.4790e-04, 7.2408e-04, 3.0671e-04,
        1.6211e-04, 5.1516e-04, 2.3707e-04, 2.6023e-04, 6.2611e-06, 4.0123e-04,
        2.9956e-04, 7.5274e-04, 4.8282e-04, 1.0072e-04, 4.9861e-04, 5.2624e-04,
        7.6568e-04, 1.6877e-04, 4.8560e-04, 6.8433e-04, 2.8498e-04, 1.3957e-03,
        1.6950e-04, 3.3677e-04, 7.4354e-04, 8.8528e-04, 6.7286e-04, 6.1352e-04,
        4.0221e-04, 5.1628e-04, 8.4501e-05, 7.1328e-04, 3.2863e-04, 9.2751e-04,
        3.3713e-04, 4.0437e-04, 5.7821e-04, 3.3844e-04, 7.9698e-04, 3.3155e-04,
        6.0564e-04, 7.4841e-04, 3.8730e-04, 2.0203e-04, 6.7323e-04, 5.1773e-04,
        3.2379e-04, 3.1643e-04, 7.0156e-04, 5.5016e-04, 2.8055e-04, 4.8457e-04,
        6.8286e-04, 2.3826e-04, 5.0653e-04, 7.3907e-04, 2.8046e-04, 1.6786e-04,
        4.6921e-04, 4.7719e-04, 1.0478e-03, 8.9142e-04, 3.7321e-04, 3.1041e-04,
        2.8147e-04, 3.2651e-04, 5.7818e-04, 8.0651e-04, 2.4366e-04, 4.5799e-06,
        4.8162e-04, 5.3993e-04, 1.3706e-04, 2.6387e-04, 4.3210e-04, 6.1102e-04,
        4.3000e-04, 4.8335e-04, 1.9225e-04, 5.9240e-04, 7.8094e-04, 2.6217e-04,
        4.7699e-04, 4.2046e-04, 7.3742e-04, 1.8864e-04, 8.7007e-04, 2.1779e-04,
        3.0559e-04, 4.7548e-04, 2.1259e-05, 1.8072e-04, 3.3147e-06],
       grad_fn=<CatBackward>)

mean_overall=tensor(0.0007, grad_fn=<MeanBackward0>)

-----------------------------------------------ITERATION440-----------------------------------------------

final_causality=[[1, 1, 1, 1, 1, 1, 1, 1, 1, 1, 1, 1, 1], [1, 1, 1, 1, 1, 1, 1, 1, 1, 1, 1, 1, 1, 1, 1, 1, 1, 1, 1, 1, 1, 1, 1, 1, 1, 1, 1, 1, 1, 1, 1, 1, 1, 1, 1, 1, 1, 1, 1, 1, 1, 1, 1, 1, 1, 1, 1, 1, 1, 1], [1, 1, 1, 1, 1, 1, 1, 1, 1, 1, 1, 1, 1, 1, 1, 1, 1, 1, 1, 1, 1, 1, 1, 1, 1, 1, 1, 1, 1, 1, 1, 1, 1, 1, 1, 1, 1, 1, 1, 1, 1, 1, 1, 1, 1, 1, 1, 1, 1, 1]]

means=tensor([2.1754e-03, 0.0000e+00, 0.0000e+00, 0.0000e+00, 4.0711e-03, 4.2280e-03,
        5.6924e-03, 1.2065e-03, 0.0000e+00, 0.0000e+00, 0.0000e+00, 4.6313e-03,
        8.6658e-03, 5.7030e-04, 1.7701e-04, 6.4405e-04, 3.1198e-05, 4.4423e-04,
        1.9194e-04, 8.0051e-04, 7.9080e-04, 3.5216e-04, 7.2723e-04, 3.0505e-04,
        1.6412e-04, 5.1560e-04, 2.3770e-04, 2.6169e-04, 6.1010e-06, 4.0842e-04,
        3.0722e-04, 7.5366e-04, 4.8165e-04, 1.0220e-04, 5.0510e-04, 5.2791e-04,
        7.6988e-04, 1.6802e-04, 4.8550e-04, 6.8530e-04, 2.8617e-04, 1.4019e-03,
        1.7120e-04, 3.3977e-04, 7.4824e-04, 9.0251e-04, 6.7504e-04, 6.1495e-04,
        4.0787e-04, 5.2040e-04, 8.7812e-05, 7.1572e-04, 3.3163e-04, 9.3600e-04,
        3.4228e-04, 4.0972e-04, 5.9163e-04, 3.4219e-04, 8.0124e-04, 3.3191e-04,
        6.0785e-04, 7.5026e-04, 3.9495e-04, 2.0366e-04, 6.7662e-04, 5.2109e-04,
        3.2582e-04, 3.1860e-04, 7.0366e-04, 5.5487e-04, 2.8383e-04, 4.8803e-04,
        6.8598e-04, 2.3989e-04, 5.0970e-04, 7.4280e-04, 2.8242e-04, 1.6940e-04,
        4.7268e-04, 4.8008e-04, 1.0536e-03, 8.9564e-04, 3.7574e-04, 3.1236e-04,
        2.8329e-04, 3.2860e-04, 5.8103e-04, 8.1038e-04, 2.4738e-04, 4.7180e-06,
        4.8404e-04, 5.4276e-04, 1.3910e-04, 2.6796e-04, 4.3478e-04, 6.1401e-04,
        4.3239e-04, 4.8520e-04, 1.9358e-04, 5.9563e-04, 7.8441e-04, 2.6335e-04,
        4.8007e-04, 4.2266e-04, 7.4110e-04, 1.9093e-04, 8.7372e-04, 2.1913e-04,
        3.0759e-04, 4.7841e-04, 2.1688e-05, 1.8284e-04, 3.4021e-06],
       grad_fn=<CatBackward>)

mean_overall=tensor(0.0007, grad_fn=<MeanBackward0>)

