loss_training=[0.01612927362727379, 0.008657751191705532, 0.0075096491964122564, 0.006971153301372561, 0.00668981673123923, 0.006455935732471348, 0.006206279330533799, 0.0059217786223375885, 0.005597487380340557, 0.0052240590755236556, 0.004792668254617917, 0.004296768488016137, 0.0037226031800410477, 0.0030527836559392178, 0.0022800163639074486, 0.0013790452836793948, 0.00033478882929913016, -0.0008711070914556966, -0.0022663975506524367, -0.003884118534940346, -0.005749359895992002, -0.007897683964014485, -0.010370787750481145, -0.013207877163906775, -0.016467781206663243, -0.02021198156099199, -0.02452207155773549, -0.02949025582870241, -0.03523285682501272, -0.041897053869293044, -0.04963426799415192, -0.058570065335731655, -0.06878815181809733, -0.08033973524656493, -0.09323524786920834, -0.10746763506005888, -0.12299123678967014, -0.13974021405250628, -0.15768223461092382, -0.17670306042438375, -0.19677076254448206, -0.21781882684369475, -0.23977041132824467, -0.2623657454515142, -0.28544304141978744]

test_loss_training=[0.09117683909687224, 0.056290137426620535, 0.07253105271316844, 0.06151539516733924, 0.06758085254654243, 0.06396402245934586, 0.06618039644811485, 0.06478906166323957, 0.06564104152492523, 0.06527687862584453, 0.06538363157687256, 0.0654886547142007, 0.06542864371162994, 0.06548503816184592, 0.06550775896527222, 0.06547772502589856, 0.06543041696044684, 0.06533642332457848, 0.0651658390024848, 0.06489709614906589, 0.06449840468826872, 0.0639259080398428, 0.06312559034865323, 0.062035512969025146, 0.060592209414618646, 0.0587456085429816, 0.05648487498630539, 0.05387004442050861, 0.05107202308345483, 0.04843821250914301, 0.04645719735912278, 0.045889809966982095, 0.047874916342309955, 0.05406429454976826, 0.06676654484255477, 0.08899937626822726, 0.12440120908451692, 0.17706023250855993, 0.25141537814366355, 0.3522392420021682, 0.4845425580355948, 0.6583612539821687, 0.8579429032041128, 1.1017393847037416, 1.3957040286819453]

loss_control_training_MSE=[0.014794763201903515, 0.011045540255852703, 0.010355566272621677, 0.010054395599990712, 0.009935146203069772, 0.009929017703274385, 0.009936681984960512, 0.009967415615192286, 0.01000232088504388, 0.010051077865734328, 0.010110039065337894, 0.01018188948771129, 0.010269140847472748, 0.010373785611570074, 0.0104989953629829, 0.010647963463568168, 0.010824157505538463, 0.01103147128611486, 0.011273915804626158, 0.011555262609173516, 0.011878511508031049, 0.012245178783979446, 0.012654584913872963, 0.013103293250920184, 0.01358542539902479, 0.014095372194107378, 0.014633397788602844, 0.01521110907048851, 0.015854102370029866, 0.016602045526586916, 0.017510864288634655, 0.018648209522511807, 0.020080344218953536, 0.02185488321712223, 0.02399398809159909, 0.026502139420188166, 0.02938365266309473, 0.03266082011264246, 0.036381855833024036, 0.040632112954930105, 0.045552053387977874, 0.05135048101977398, 0.0583683243001193, 0.06651698887680206, 0.07558769357384287]

variances=[5.340331521053027e-10, 5.646100222781481e-10, 5.866524044945005e-10, 6.756234809882047e-10, 7.895071402815833e-10, 9.891733936266175e-10, 1.273330100916569e-09, 1.7053691200603477e-09, 2.3191829727960235e-09, 3.2076125071825038e-09, 4.458421633399676e-09, 6.211982436081936e-09, 8.65396130527807e-09, 1.203682481099133e-08, 1.669203120843599e-08, 2.305616413729252e-08, 3.170826678376017e-08, 4.343191471626886e-08, 5.924635384082368e-08, 8.048272986721048e-08, 1.089086287625816e-07, 1.4680656596139617e-07, 1.971454524472869e-07, 2.638428430072154e-07, 3.5213364414591053e-07, 4.69319892276187e-07, 6.258584533497338e-07, 8.369399927875505e-07, 1.124111661815885e-06, 1.5172047786782748e-06, 2.055859418335823e-06, 2.791133600329846e-06, 3.786428038496727e-06, 5.1172204029770246e-06, 6.869318320246383e-06, 9.135503692358449e-06, 1.201219510205798e-05, 1.5596307379686538e-05, 1.998512766133104e-05, 2.528328813689216e-05, 3.1607819315442725e-05, 3.909789800105846e-05, 4.7919070024384525e-05, 5.812640239871748e-05, 6.966710197380876e-05]

ACE_values=[2.671240201237253e-05, 2.810406209864853e-05, 2.875514718148654e-05, 3.0555240199870276e-05, 3.2288588058916734e-05, 3.4640321726190665e-05, 3.726016504777154e-05, 4.0420575508076995e-05, 4.400724526348974e-05, 4.822071847991175e-05, 5.310783255974644e-05, 5.8773088191324125e-05, 6.537100566270276e-05, 7.309633749447005e-05, 8.205450014890512e-05, 9.252865066072076e-05, 0.00010470411288220354, 0.0001188033022264181, 0.00013514377269526157, 0.00015409401210739193, 0.00017593602721896202, 0.0002010424142902126, 0.00022982584239473816, 0.0002626468689492367, 0.000300036734693756, 0.0003425517524662817, 0.00039100177688100444, 0.00044641192245416055, 0.0005101869503220349, 0.0005841811134228351, 0.0006704513075295104, 0.0007709227633150404, 0.0008871044688730089, 0.001020009431462216, 0.0011699871875047033, 0.0013370232433336914, 0.0015206949009924397, 0.0017205436925520094, 0.0019366996895316304, 0.0021688278809342838, 0.002417956046511626, 0.0026854466208599227, 0.0029738348377917603, 0.0032801302730647605, 0.003600897601990364]

-------------------------------CAUSAL NEURAL NET-------------------------------

loss_test_causal=tensor(1.6893, grad_fn=<MseLossBackward>)

