loss_training=[0.06778442821668729, 0.0297844495740295, 0.031715361590809385, 0.029268865227846164, 0.028828007904730547, 0.028434045904858016, 0.02792110013816641, 0.0274976980203104, 0.027026035436940158, 0.026504939300463916, 0.025937627730853285, 0.025316214523556143, 0.024635650256160734, 0.023894050201648132, 0.023091254469380148, 0.022229782539149007, 0.021315229354250217, 0.02035675981783736, 0.01936733223702633, 0.018363579319912088, 0.01736531239500541, 0.01639444904495122, 0.015473408000424215, 0.014623011959366553, 0.013860172361247838, 0.013195765717806309, 0.012633221362286645, 0.01216827527820847, 0.011790082400626534, 0.011483463487586967, 0.011231673856675378, 0.011018926939861513, 0.010832081567028858, 0.010661299762619834, 0.010499873364089338, 0.010343592368885282, 0.010190003269483517, 0.010037769201779581, 0.009886207670183994, 0.009734995680940084, 0.00958399882401511, 0.009433182172244342, 0.009282565378345457, 0.009132201137707385, 0.008982165559085854]

test_loss_training=[0.0621737268092091, 0.046131556536036795, 0.04783186420147752, 0.04211039689245662, 0.04220314811888046, 0.043212321257742894, 0.04188714347245233, 0.041558344524260944, 0.04143908149690369, 0.040760664671970016, 0.04035820972555269, 0.03982143872790547, 0.039200790784160125, 0.0385875529400173, 0.03787274666380484, 0.03713641914150187, 0.03634079733765721, 0.03551410601616727, 0.034660902976875387, 0.03379776787092594, 0.03294263086825567, 0.03211382774680742, 0.03133124981847046, 0.030611762899850604, 0.029968998987361137, 0.029410499915193424, 0.028937100975596763, 0.028542897445142608, 0.028216415399926226, 0.02794305250725621, 0.027707469962426966, 0.027495956984685058, 0.02729765874071223, 0.02710498250383508, 0.026913196211763225, 0.026719699535308557, 0.026523276903314255, 0.02632349100452469, 0.02612028539418831, 0.02591375331999534, 0.025704024196595027, 0.025491220239491137, 0.025275447039866512, 0.025056798870534084, 0.02483536829053293]

loss_control_training_MSE=[0.059018994361605924, 0.03036741152156094, 0.031129752151253704, 0.029370220735625528, 0.02871905157807169, 0.02839503252931987, 0.02788599207341315, 0.02744939885853099, 0.026976911016518983, 0.026452187180409457, 0.025879345472357252, 0.02525220901220529, 0.024565819179317758, 0.0238182868953397, 0.023009678965905892, 0.02214283701144434, 0.02122368996471115, 0.020261783328173806, 0.019270449584541525, 0.01826667151416003, 0.017270524607772234, 0.016304054896108054, 0.015389616973894772, 0.014547739959133442, 0.013794811371145181, 0.01314100068412195, 0.012588947273468185, 0.012133648315890628, 0.011763702276577135, 0.011463641500492967, 0.011216711656003974, 0.011007332548717406, 0.010822682463598425, 0.010653259713495882, 0.010492643916135122, 0.010336838910930379, 0.010183533999654064, 0.010031480076379756, 0.009880045090558988, 0.0097289338514716, 0.00957802778977072, 0.009427300497288208, 0.009276776245782792, 0.009126510815944311, 0.008976583010924116]

variances=[3.1017953539330887e-09, 3.3644488245186495e-09, 3.6913775817869542e-09, 3.898803724137104e-09, 4.426226487001046e-09, 5.087330408132041e-09, 5.972569766295407e-09, 7.265213906877424e-09, 9.058598909945325e-09, 1.1442881814337517e-08, 1.4633638648893974e-08, 1.8820001442040723e-08, 2.4266730739192932e-08, 3.1305630333682234e-08, 4.0337563695704784e-08, 5.181012503599046e-08, 6.62500333991597e-08, 8.424079891558655e-08, 1.0634568903760849e-07, 1.3308715969250762e-07, 1.6496477877821614e-07, 2.0228379796373997e-07, 2.449915266403532e-07, 2.927799567069832e-07, 3.449234080368533e-07, 4.002740196336277e-07, 4.573273071312952e-07, 5.143563080718113e-07, 5.696553430235501e-07, 6.218044604430949e-07, 6.697647046742483e-07, 7.130456693624239e-07, 7.516414186531679e-07, 7.85978569567163e-07, 8.167851489913899e-07, 8.449195422220082e-07, 8.712467134536936e-07, 8.965558237136051e-07, 9.215309385517488e-07, 9.467284827006479e-07, 9.726450381882454e-07, 9.996585036263149e-07, 1.0279740828028582e-06, 1.0577837099867889e-06, 1.0892654366255528e-06]

ACE_values=[7.02896124965566e-05, 6.743492296433273e-05, 6.82833319460364e-05, 7.060870539023838e-05, 7.38575944903131e-05, 7.915235994620483e-05, 8.568098491865791e-05, 9.363413201637646e-05, 0.00010290141126421726, 0.00011351166789387321, 0.0001258589425342206, 0.00014021286717154198, 0.00015674332857147337, 0.00017577560114540085, 0.00019724659373576407, 0.00022153051788316287, 0.00024867727303813685, 0.0002787640972600001, 0.0003118109560016985, 0.0003477738497446135, 0.0003864036926705048, 0.0004273461076568594, 0.00047014165226374804, 0.0005140658508331209, 0.0005583001272907721, 0.0006018795938776244, 0.0006438439490316314, 0.0006833122969896, 0.0007195182155967431, 0.0007518983263951981, 0.0007802007982481424, 0.0008044850689846045, 0.0008249777003766221, 0.0008421463670466422, 0.0008565254544102045, 0.000868650928427718, 0.0008790327516051599, 0.0008881323378979261, 0.0008963242998692326, 0.0009039018426882053, 0.0009111578973146156, 0.0009182605207083983, 0.0009252764062001182, 0.0009322487369449832, 0.0009392385471841093]

-------------------------------CAUSAL NEURAL NET-------------------------------

loss_test_causal=tensor(0.0246, grad_fn=<MseLossBackward>)

