loss_training=[0.06348394670844154, 0.02320410259883375, 0.025579009906190896, 0.022353446901500477, 0.02186685532068391, 0.020917278320570713, 0.019865899820198145, 0.018650591837346728, 0.017043739604232985, 0.014807988233554264, 0.011972689915454554, 0.008620100728118345, 0.004700672665175001, 0.00010388132218345711, -0.00534084972720902, -0.012018426345959773, -0.019863249153198276, -0.028979302905202425, -0.03952783869398442, -0.05169381590084733, -0.06559262786130284, -0.08130022005158635, -0.09880903221004227, -0.11796498059181093, -0.13844945223987642, -0.15985829575237528, -0.18169848267814512, -0.20370142013818804, -0.22582643873432717, -0.24838374015878847, -0.2721238056535363, -0.29863002940087086, -0.329060975133995, -0.3625287772562952, -0.3987101575616926, -0.4371903910043036, -0.47733811202589316, -0.5185034449039645, -0.5601058469777573, -0.6019238324064881, -0.6438194781514175, -0.6857445921969407, -0.7275193693558394, -0.7689764804528735, -0.8098603546848729]

test_loss_training=[0.08666825265836918, 0.04332800216927873, 0.043386768330033985, 0.045035851702070924, 0.04467251658116257, 0.04291604551490627, 0.04320139853242591, 0.04311562112043285, 0.04233500190957704, 0.041943800419274445, 0.0412668363963266, 0.04046736202572066, 0.03969649194366192, 0.03877295420168811, 0.03783006753184204, 0.03672153355963605, 0.035548623790651705, 0.034404537534445785, 0.03332066095035587, 0.03242783918112194, 0.03185687074318659, 0.03182142473872002, 0.03256539674539866, 0.03436381406164312, 0.037448792629434076, 0.041835830398485284, 0.04730941021152138, 0.05329287287481804, 0.05915433710190357, 0.06452282692081875, 0.06946721347754634, 0.07450734331764992, 0.08052258389899661, 0.0885430402524027, 0.09947221307081502, 0.11375484751002848, 0.13117448485885136, 0.15111126705739603, 0.17318251613619215, 0.19753494622638276, 0.22445937061950483, 0.25404023684336074, 0.28631779602093904, 0.32140989560900185, 0.35930856401188427]

loss_control_training_MSE=[0.061610854738880325, 0.030613569282838905, 0.032363370473933575, 0.02997734711812823, 0.02967396248518657, 0.02934816359992067, 0.02888762257950035, 0.02848341486961953, 0.027955149662073814, 0.027244008839722986, 0.02639649514951279, 0.025444242004392534, 0.024388869471010075, 0.023233783969150677, 0.02196233886137551, 0.020528895037138496, 0.019009970240372473, 0.017455334963492216, 0.01592826851005846, 0.014521878195461429, 0.013376669207825684, 0.012686358659047183, 0.012697558564737355, 0.0136817513769972, 0.015865431788766832, 0.019310009789328526, 0.02377161467334491, 0.02868182041098555, 0.0333846635065676, 0.03747242036579082, 0.04096730417979026, 0.04432890792046936, 0.048344257655274205, 0.0539046414364216, 0.061706354557414286, 0.07196391934588864, 0.08431569850267535, 0.09813296834906236, 0.11307236077432499, 0.12927674520749868, 0.1470178243920744, 0.1663936555309097, 0.18743649711078447, 0.21017588517530442, 0.2344689624293283]

variances=[3.1398970468129196e-09, 3.6937800715114204e-09, 4.3729076758723195e-09, 5.011732798461024e-09, 6.239604435581634e-09, 8.0956729687993e-09, 1.0612472536251299e-08, 1.401445136505073e-08, 1.8863756639830488e-08, 2.5419124446564486e-08, 3.511545976559788e-08, 4.9292173998995496e-08, 6.956505138332631e-08, 9.825240831232119e-08, 1.3835755012777027e-07, 1.941854913299951e-07, 2.731228414276366e-07, 3.85362173643843e-07, 5.45470862118925e-07, 7.741040171593868e-07, 1.100449941890142e-06, 1.5638617448392478e-06, 2.2153693329693163e-06, 3.1175107052897293e-06, 4.341059269633177e-06, 5.956441335635974e-06, 8.024435118366556e-06, 1.0593947700345239e-05, 1.372756895373152e-05, 1.7532068419134413e-05, 2.2174362081821426e-05, 2.789236951878447e-05, 3.501136491798527e-05, 4.40340198169732e-05, 5.5487849707956434e-05, 6.987346960412125e-05, 8.759355872204628e-05, 0.0001089746717412108, 0.00013447399159406554, 0.00016482263096425913, 0.00020097151997666035, 0.0002439077450051318, 0.00029464496570114795, 0.0003542205688691612, 0.0004236127326965518]

ACE_values=[6.76053572801549e-05, 7.021260183951645e-05, 7.318191492418493e-05, 7.536343341374478e-05, 7.91909632260622e-05, 8.447847235310886e-05, 9.060308209078384e-05, 9.882538284725835e-05, 0.0001096842067031691, 0.0001251421843312385, 0.00014513485361843066, 0.00016924155020581102, 0.0001979825501613724, 0.0002324984785509077, 0.00027439131382386384, 0.0003269535132520373, 0.00039027625383773805, 0.00046590045204157864, 0.0005560527993853746, 0.0006634727954168261, 0.0007906700564039506, 0.0009402843925817244, 0.0011146614193169922, 0.0013149720749648518, 0.0015403882327388947, 0.001787712323901401, 0.002049924769352971, 0.002318917345010254, 0.002587648694247102, 0.002854780271611214, 0.0031275831654297677, 0.003426080943148243, 0.003769483675056653, 0.004157850520686796, 0.004595246162799773, 0.0050802452909500225, 0.00560342815286908, 0.006152027591839449, 0.006716323858304457, 0.007295143524246504, 0.007889899806963694, 0.008501265333056214, 0.009127749309309126, 0.009768043666591657, 0.010418382307766712]

-------------------------------CAUSAL NEURAL NET-------------------------------

loss_test_causal=tensor(0.3956, grad_fn=<MseLossBackward>)

