-----------------------------------------------ITERATION0-----------------------------------------------

final_causality=[[1, 1, 1, 1, 1, 1, 1, 1, 1, 1, 1, 1, 1], [1, 1, 1, 1, 1, 1, 1, 1, 1, 1, 1, 1, 1, 1, 1, 1, 1, 1, 1, 1, 1, 1, 1, 1, 1, 1, 1, 1, 1, 1, 1, 1, 1, 1, 1, 1, 1, 1, 1, 1, 1, 1, 1, 1, 1, 1, 1, 1, 1, 1], [1, 1, 1, 1, 1, 1, 1, 1, 1, 1, 1, 1, 1, 1, 1, 1, 1, 1, 1, 1, 1, 1, 1, 1, 1, 1, 1, 1, 1, 1, 1, 1, 1, 1, 1, 1, 1, 1, 1, 1, 1, 1, 1, 1, 1, 1, 1, 1, 1, 1]]

means=tensor([6.1514e-05, 8.2620e-05, 1.0680e-04, 1.2012e-04, 4.3059e-05, 4.3461e-05,
        1.2468e-05, 1.2542e-05, 1.8029e-04, 3.8634e-04, 8.5852e-05, 2.5694e-04,
        5.9612e-05, 8.3350e-06, 8.6062e-05, 3.4822e-05, 1.2723e-05, 8.5811e-05,
        4.4581e-05, 3.9620e-05, 3.5740e-05, 1.6944e-04, 3.2374e-05, 3.1968e-05,
        5.1946e-06, 9.6197e-05, 3.6582e-05, 4.2579e-05, 6.8857e-06, 6.2401e-05,
        1.0694e-06, 7.3006e-05, 1.5525e-05, 6.8314e-05, 9.3547e-05, 1.3272e-05,
        1.2924e-04, 8.5248e-05, 6.0661e-05, 1.3371e-05, 1.8644e-05, 3.1517e-07,
        5.2836e-06, 6.5686e-05, 4.2942e-05, 1.6966e-04, 1.3823e-04, 6.1770e-05,
        5.5424e-05, 2.4230e-05, 8.3824e-05, 1.1844e-04, 3.3802e-05, 5.6594e-05,
        1.4372e-05, 5.3989e-05, 3.9990e-05, 3.6260e-05, 9.8584e-05, 1.0955e-04,
        6.5576e-05, 3.2073e-05, 2.3372e-04, 8.3498e-05, 6.6810e-05, 1.2808e-04,
        1.1129e-05, 8.0209e-05, 9.4943e-05, 6.1717e-05, 4.4737e-05, 1.6524e-06,
        5.5904e-06, 1.4992e-04, 2.3933e-05, 7.9535e-05, 2.2457e-04, 1.3801e-04,
        7.7421e-05, 5.6640e-05, 5.9605e-05, 1.2130e-05, 1.2893e-04, 1.1453e-08,
        1.4668e-04, 5.9654e-05, 3.9656e-05, 8.4058e-05, 4.5214e-05, 1.6571e-04,
        1.6222e-05, 1.4141e-04, 6.6412e-05, 1.8209e-05, 6.3493e-05, 4.0070e-05,
        6.3927e-05, 1.9974e-04, 4.8534e-05, 6.3715e-05, 2.0048e-05, 3.8656e-05,
        7.1312e-05, 2.3381e-05, 4.1393e-05, 1.3746e-04, 1.0766e-04, 1.8765e-05,
        4.1726e-05, 2.7080e-05, 6.0472e-05, 1.6854e-05, 1.4886e-04],
       grad_fn=<CatBackward>)

mean_overall=tensor(7.0271e-05, grad_fn=<MeanBackward0>)

-----------------------------------------------ITERATION10-----------------------------------------------

final_causality=[[1, 1, 1, 1, 1, 1, 1, 1, 1, 1, 1, 1, 1], [1, 1, 1, 1, 1, 1, 1, 1, 1, 1, 1, 1, 1, 1, 1, 1, 1, 1, 1, 1, 1, 1, 1, 1, 1, 1, 1, 1, 1, 1, 1, 1, 1, 1, 1, 1, 1, 1, 1, 1, 1, 1, 1, 1, 1, 1, 1, 1, 1, 1], [1, 1, 1, 1, 1, 1, 1, 1, 1, 1, 1, 1, 1, 1, 1, 1, 1, 1, 1, 1, 1, 1, 1, 1, 1, 1, 1, 1, 1, 1, 1, 1, 1, 1, 1, 1, 1, 1, 1, 1, 1, 1, 1, 1, 1, 1, 1, 1, 1, 1]]

means=tensor([7.7075e-05, 8.7079e-05, 7.1656e-05, 5.5285e-05, 1.8116e-04, 3.2050e-05,
        5.5587e-05, 5.1220e-06, 1.6015e-04, 4.4932e-04, 4.7185e-05, 2.9087e-04,
        8.6048e-05, 1.8101e-05, 5.7757e-05, 1.1934e-05, 5.3611e-05, 7.2043e-05,
        1.1014e-05, 6.0961e-05, 6.2839e-05, 1.8820e-04, 6.8655e-06, 4.2413e-06,
        2.7944e-05, 1.2419e-04, 5.9323e-05, 7.3975e-05, 3.5803e-05, 4.7531e-05,
        2.8655e-05, 9.0453e-05, 8.5626e-06, 9.3236e-05, 6.3271e-05, 7.0327e-06,
        1.7275e-04, 5.6992e-05, 3.1828e-05, 2.9404e-05, 2.6327e-07, 2.6289e-05,
        1.9656e-05, 4.4167e-05, 2.9427e-05, 2.0106e-04, 1.5852e-04, 3.8977e-05,
        3.1636e-05, 5.3214e-05, 6.9892e-05, 1.4462e-04, 4.9441e-05, 3.9912e-05,
        3.8563e-05, 7.5977e-05, 5.7998e-05, 1.2135e-05, 8.3884e-05, 7.2960e-05,
        8.8893e-05, 9.6773e-06, 2.6459e-04, 7.2500e-05, 6.5861e-05, 1.3048e-04,
        1.5630e-05, 8.0483e-05, 8.9119e-05, 5.7064e-05, 4.0422e-05, 9.8439e-07,
        2.3102e-07, 1.5080e-04, 1.8145e-05, 8.2529e-05, 2.4511e-04, 1.3406e-04,
        7.7000e-05, 4.9684e-05, 5.8782e-05, 5.3954e-06, 1.3135e-04, 4.5683e-06,
        1.4086e-04, 6.5680e-05, 4.3810e-05, 8.4971e-05, 5.2060e-05, 1.7588e-04,
        1.2386e-05, 1.3793e-04, 6.2215e-05, 2.2622e-05, 5.6010e-05, 3.3393e-05,
        6.8153e-05, 1.9471e-04, 4.1980e-05, 6.2710e-05, 1.2014e-05, 3.8008e-05,
        8.2313e-05, 1.8195e-05, 4.5543e-05, 1.2528e-04, 9.3542e-05, 2.3984e-05,
        4.0924e-05, 2.4910e-05, 7.0826e-05, 2.0830e-05, 1.6279e-04],
       grad_fn=<CatBackward>)

mean_overall=tensor(7.2864e-05, grad_fn=<MeanBackward0>)

-----------------------------------------------ITERATION20-----------------------------------------------

final_causality=[[1, 1, 1, 1, 1, 1, 1, 1, 1, 1, 1, 1, 1], [1, 1, 1, 1, 1, 1, 1, 1, 1, 1, 1, 1, 1, 1, 1, 1, 1, 1, 1, 1, 1, 1, 1, 1, 1, 1, 1, 1, 1, 1, 1, 1, 1, 1, 1, 1, 1, 1, 1, 1, 1, 1, 1, 1, 1, 1, 1, 1, 1, 1], [1, 1, 1, 1, 1, 1, 1, 1, 1, 1, 1, 1, 1, 1, 1, 1, 1, 1, 1, 1, 1, 1, 1, 1, 1, 1, 1, 1, 1, 1, 1, 1, 1, 1, 1, 1, 1, 1, 1, 1, 1, 1, 1, 1, 1, 1, 1, 1, 1, 1]]

means=tensor([6.6718e-05, 7.1263e-05, 9.2473e-05, 2.1525e-05, 2.1105e-04, 3.4999e-05,
        5.3219e-05, 8.8326e-06, 1.8643e-04, 4.4793e-04, 4.9997e-05, 3.0348e-04,
        1.2373e-04, 2.4545e-05, 4.6245e-05, 4.5039e-06, 6.5178e-05, 6.9440e-05,
        9.6432e-07, 6.5369e-05, 6.9553e-05, 2.0414e-04, 3.6162e-06, 4.8895e-06,
        3.4022e-05, 1.2746e-04, 7.0289e-05, 8.1242e-05, 4.9249e-05, 4.2152e-05,
        4.0828e-05, 9.3762e-05, 1.7569e-05, 1.0694e-04, 5.0003e-05, 1.2976e-05,
        1.7964e-04, 4.7903e-05, 2.3750e-05, 3.8486e-05, 8.3833e-06, 3.2767e-05,
        2.9492e-05, 3.8402e-05, 2.6138e-05, 2.1907e-04, 1.7056e-04, 3.2883e-05,
        2.3806e-05, 6.7996e-05, 6.4329e-05, 1.5118e-04, 5.2464e-05, 3.2099e-05,
        4.5378e-05, 8.7587e-05, 6.8079e-05, 2.3112e-05, 8.0315e-05, 5.6565e-05,
        9.3437e-05, 1.6254e-06, 2.6869e-04, 6.8858e-05, 6.5240e-05, 1.2708e-04,
        1.6550e-05, 8.4927e-05, 8.6368e-05, 5.5996e-05, 3.7279e-05, 2.1724e-06,
        1.6520e-06, 1.4887e-04, 1.6359e-05, 8.4026e-05, 2.3786e-04, 1.3905e-04,
        8.0643e-05, 4.8097e-05, 6.1238e-05, 2.9677e-06, 1.3059e-04, 6.1738e-06,
        1.3409e-04, 6.6560e-05, 4.4838e-05, 8.4424e-05, 5.2988e-05, 1.6588e-04,
        1.0542e-05, 1.3391e-04, 5.9291e-05, 2.4696e-05, 5.4964e-05, 3.3571e-05,
        7.1391e-05, 1.8966e-04, 4.0478e-05, 6.1692e-05, 9.8385e-06, 4.1674e-05,
        7.9703e-05, 1.7219e-05, 4.8897e-05, 1.2916e-04, 9.4290e-05, 2.5726e-05,
        3.7866e-05, 2.4219e-05, 6.8791e-05, 2.2563e-05, 1.5788e-04],
       grad_fn=<CatBackward>)

mean_overall=tensor(7.4420e-05, grad_fn=<MeanBackward0>)

-----------------------------------------------ITERATION30-----------------------------------------------

final_causality=[[1, 1, 1, 1, 1, 1, 1, 1, 1, 1, 1, 1, 1], [1, 1, 1, 1, 1, 1, 1, 1, 1, 1, 1, 1, 1, 1, 1, 1, 1, 1, 1, 1, 1, 1, 1, 1, 1, 1, 1, 1, 1, 1, 1, 1, 1, 1, 1, 1, 1, 1, 1, 1, 1, 1, 1, 1, 1, 1, 1, 1, 1, 1], [1, 1, 1, 1, 1, 1, 1, 1, 1, 1, 1, 1, 1, 1, 1, 1, 1, 1, 1, 1, 1, 1, 1, 1, 1, 1, 1, 1, 1, 1, 1, 1, 1, 1, 1, 1, 1, 1, 1, 1, 1, 1, 1, 1, 1, 1, 1, 1, 1, 1]]

means=tensor([4.5206e-05, 3.9378e-05, 1.3805e-04, 2.1524e-05, 1.5470e-04, 4.8337e-05,
        1.7374e-05, 2.1608e-05, 2.2846e-04, 4.0642e-04, 8.5381e-05, 3.0003e-04,
        1.4760e-04, 1.5675e-05, 5.1918e-05, 1.1369e-05, 5.0681e-05, 7.6303e-05,
        1.2827e-05, 5.6372e-05, 5.9120e-05, 2.1302e-04, 1.0959e-07, 2.6995e-06,
        2.6381e-05, 1.1212e-04, 6.8516e-05, 6.7996e-05, 4.5914e-05, 4.6722e-05,
        3.6623e-05, 8.6316e-05, 1.0078e-05, 1.0696e-04, 5.4149e-05, 7.6120e-06,
        1.5679e-04, 5.7457e-05, 3.4670e-05, 3.8437e-05, 4.8388e-06, 2.2790e-05,
        2.4280e-05, 4.7001e-05, 3.2081e-05, 2.2368e-04, 1.7117e-04, 4.1968e-05,
        3.0999e-05, 6.7103e-05, 6.7286e-05, 1.4213e-04, 4.5481e-05, 3.4030e-05,
        3.7294e-05, 8.7219e-05, 6.8174e-05, 9.8267e-06, 8.6959e-05, 5.9110e-05,
        8.2458e-05, 7.3609e-06, 2.5198e-04, 7.1633e-05, 6.5547e-05, 1.2210e-04,
        1.4419e-05, 9.1559e-05, 8.8709e-05, 5.7119e-05, 3.6451e-05, 1.7006e-06,
        4.8924e-07, 1.4830e-04, 1.8013e-05, 8.4147e-05, 2.1558e-04, 1.4833e-04,
        8.6278e-05, 5.0967e-05, 6.4579e-05, 4.3980e-06, 1.3129e-04, 4.6993e-06,
        1.3102e-04, 6.3851e-05, 4.3551e-05, 8.3508e-05, 4.9359e-05, 1.5437e-04,
        1.0750e-05, 1.3213e-04, 5.8851e-05, 2.4022e-05, 5.9014e-05, 3.8514e-05,
        7.3150e-05, 1.8723e-04, 4.2278e-05, 6.1595e-05, 1.2391e-05, 4.7407e-05,
        6.8996e-05, 1.9496e-05, 5.0882e-05, 1.4381e-04, 1.0284e-04, 2.4073e-05,
        3.6110e-05, 2.5056e-05, 5.8875e-05, 2.1750e-05, 1.4261e-04],
       grad_fn=<CatBackward>)

mean_overall=tensor(7.3274e-05, grad_fn=<MeanBackward0>)

-----------------------------------------------ITERATION40-----------------------------------------------

final_causality=[[1, 1, 1, 1, 1, 1, 1, 1, 1, 1, 1, 1, 1], [1, 1, 1, 1, 1, 1, 1, 1, 1, 1, 1, 1, 1, 1, 1, 1, 1, 1, 1, 1, 1, 1, 1, 1, 1, 1, 1, 1, 1, 1, 1, 1, 1, 1, 1, 1, 1, 1, 1, 1, 1, 1, 1, 1, 1, 1, 1, 1, 1, 1], [1, 1, 1, 1, 1, 1, 1, 1, 1, 1, 1, 1, 1, 1, 1, 1, 1, 1, 1, 1, 1, 1, 1, 1, 1, 1, 1, 1, 1, 1, 1, 1, 1, 1, 1, 1, 1, 1, 1, 1, 1, 1, 1, 1, 1, 1, 1, 1, 1, 1]]

means=tensor([2.6711e-05, 8.5147e-06, 1.8049e-04, 1.0804e-05, 1.1697e-04, 6.2651e-05,
        3.3830e-05, 3.3842e-05, 2.6891e-04, 3.7375e-04, 1.1684e-04, 2.9976e-04,
        1.7612e-04, 1.0405e-05, 5.3794e-05, 1.5834e-05, 4.1514e-05, 8.2440e-05,
        2.1010e-05, 5.0613e-05, 5.2467e-05, 2.2575e-04, 2.5117e-07, 6.9090e-06,
        2.2501e-05, 1.0074e-04, 7.0271e-05, 5.8933e-05, 4.6804e-05, 4.9401e-05,
        3.6306e-05, 8.1568e-05, 6.4411e-06, 1.1037e-04, 5.4109e-05, 4.8439e-06,
        1.3974e-04, 6.3680e-05, 4.3116e-05, 4.0849e-05, 4.0566e-06, 1.6745e-05,
        2.2618e-05, 5.3638e-05, 3.6774e-05, 2.3672e-04, 1.7470e-04, 4.8965e-05,
        3.5507e-05, 7.1073e-05, 6.8439e-05, 1.3654e-04, 4.0901e-05, 3.3543e-05,
        3.2533e-05, 8.9866e-05, 7.0786e-05, 1.2855e-06, 9.2068e-05, 5.6667e-05,
        7.4657e-05, 1.0186e-05, 2.3898e-04, 7.3290e-05, 6.5370e-05, 1.1706e-04,
        1.3152e-05, 9.8337e-05, 9.0439e-05, 5.7727e-05, 3.5129e-05, 1.5289e-06,
        6.1510e-08, 1.4684e-04, 1.9111e-05, 8.4653e-05, 1.9561e-04, 1.5769e-04,
        9.1305e-05, 5.2531e-05, 7.0779e-05, 5.0524e-06, 1.3728e-04, 3.9792e-06,
        1.2739e-04, 6.2240e-05, 4.2694e-05, 8.2764e-05, 4.6650e-05, 1.4392e-04,
        1.0566e-05, 1.2964e-04, 5.7802e-05, 2.3844e-05, 6.3058e-05, 4.3231e-05,
        7.5345e-05, 1.8416e-04, 4.4108e-05, 6.1147e-05, 1.4279e-05, 5.3165e-05,
        5.9868e-05, 2.1382e-05, 5.3288e-05, 1.5754e-04, 1.1073e-04, 2.3286e-05,
        3.4555e-05, 2.5197e-05, 5.0526e-05, 2.2278e-05, 1.2899e-04],
       grad_fn=<CatBackward>)

mean_overall=tensor(7.3608e-05, grad_fn=<MeanBackward0>)

-----------------------------------------------ITERATION50-----------------------------------------------

final_causality=[[1, 1, 1, 1, 1, 1, 1, 1, 1, 1, 1, 1, 1], [1, 1, 1, 1, 1, 1, 1, 1, 1, 1, 1, 1, 1, 1, 1, 1, 1, 1, 1, 1, 1, 1, 1, 1, 1, 1, 1, 1, 1, 1, 1, 1, 1, 1, 1, 1, 1, 1, 1, 1, 1, 1, 1, 1, 1, 1, 1, 1, 1, 1], [1, 1, 1, 1, 1, 1, 1, 1, 1, 1, 1, 1, 1, 1, 1, 1, 1, 1, 1, 1, 1, 1, 1, 1, 1, 1, 1, 1, 1, 1, 1, 1, 1, 1, 1, 1, 1, 1, 1, 1, 1, 1, 1, 1, 1, 1, 1, 1, 1, 1]]

means=tensor([1.1295e-05, 3.5218e-05, 2.2133e-04, 3.6807e-05, 1.0868e-04, 7.6048e-05,
        6.4155e-05, 4.4544e-05, 3.1073e-04, 3.5299e-04, 1.4340e-04, 3.0774e-04,
        2.1626e-04, 1.0794e-05, 4.8890e-05, 1.4960e-05, 4.2023e-05, 8.5455e-05,
        2.1806e-05, 4.9663e-05, 5.2007e-05, 2.4522e-04, 8.2864e-06, 4.8771e-06,
        2.3846e-05, 9.5427e-05, 7.8989e-05, 5.6984e-05, 5.6058e-05, 4.8591e-05,
        4.4164e-05, 8.3036e-05, 9.1775e-06, 1.2136e-04, 4.8163e-05, 6.4717e-06,
        1.3275e-04, 6.3542e-05, 4.5343e-05, 4.9013e-05, 9.1074e-06, 1.6677e-05,
        2.7556e-05, 5.5156e-05, 3.7990e-05, 2.6246e-04, 1.8450e-04, 5.0699e-05,
        3.4048e-05, 8.4426e-05, 6.6154e-05, 1.3608e-04, 3.9805e-05, 2.9367e-05,
        3.3448e-05, 9.8993e-05, 7.9006e-05, 1.4891e-06, 9.3662e-05, 4.5755e-05,
        7.2407e-05, 7.6830e-06, 2.3295e-04, 7.2777e-05, 6.4815e-05, 1.1191e-04,
        1.3360e-05, 1.0611e-04, 9.1113e-05, 5.7462e-05, 3.2764e-05, 2.2219e-06,
        5.3492e-07, 1.4497e-04, 1.8982e-05, 8.6312e-05, 1.7939e-04, 1.6816e-04,
        9.6458e-05, 5.2338e-05, 7.7875e-05, 4.2883e-06, 1.4330e-04, 4.3989e-06,
        1.2215e-04, 6.1741e-05, 4.2732e-05, 8.1506e-05, 4.5196e-05, 1.3273e-04,
        9.6615e-06, 1.2556e-04, 5.5687e-05, 2.4629e-05, 6.5754e-05, 4.7704e-05,
        7.9065e-05, 1.7956e-04, 4.4736e-05, 6.0189e-05, 1.4338e-05, 5.9460e-05,
        5.2731e-05, 2.2289e-05, 5.7147e-05, 1.6972e-04, 1.2391e-04, 2.3899e-05,
        3.2587e-05, 2.4479e-05, 5.2162e-05, 2.4027e-05, 1.1708e-04],
       grad_fn=<CatBackward>)

mean_overall=tensor(7.6615e-05, grad_fn=<MeanBackward0>)

-----------------------------------------------ITERATION60-----------------------------------------------

final_causality=[[1, 1, 1, 1, 1, 1, 1, 1, 1, 1, 1, 1, 1], [1, 1, 1, 1, 1, 1, 1, 1, 1, 1, 1, 1, 1, 1, 1, 1, 1, 1, 1, 1, 1, 1, 1, 1, 1, 1, 1, 1, 1, 1, 1, 1, 1, 1, 1, 1, 1, 1, 1, 1, 1, 1, 1, 1, 1, 1, 1, 1, 1, 1], [1, 1, 1, 1, 1, 1, 1, 1, 1, 1, 1, 1, 1, 1, 1, 1, 1, 1, 1, 1, 1, 1, 1, 1, 1, 1, 1, 1, 1, 1, 1, 1, 1, 1, 1, 1, 1, 1, 1, 1, 1, 1, 1, 1, 1, 1, 1, 1, 1, 1]]

means=tensor([1.3934e-05, 7.2302e-05, 2.6880e-04, 8.0320e-05, 8.7026e-05, 9.2539e-05,
        1.0272e-04, 5.6801e-05, 3.5677e-04, 3.2696e-04, 1.7751e-04, 3.1417e-04,
        2.5659e-04, 9.0785e-06, 4.6557e-05, 1.6724e-05, 3.8752e-05, 9.0415e-05,
        2.6977e-05, 4.7416e-05, 4.9240e-05, 2.6579e-04, 1.4761e-05, 5.4507e-06,
        2.4189e-05, 8.7519e-05, 8.6849e-05, 5.2020e-05, 6.3626e-05, 5.1352e-05,
        5.0402e-05, 8.3752e-05, 9.9668e-06, 1.3105e-04, 4.5285e-05, 6.6508e-06,
        1.2172e-04, 6.6858e-05, 5.1886e-05, 5.6973e-05, 1.3079e-05, 1.4627e-05,
        3.0707e-05, 5.9684e-05, 4.1157e-05, 2.8985e-04, 1.9333e-04, 5.5458e-05,
        3.5410e-05, 9.7441e-05, 6.5147e-05, 1.3271e-04, 3.7422e-05, 2.6765e-05,
        3.2470e-05, 1.0703e-04, 8.6502e-05, 1.9623e-06, 9.7257e-05, 3.7350e-05,
        6.8043e-05, 7.3593e-06, 2.2384e-04, 7.3476e-05, 6.4270e-05, 1.0699e-04,
        1.3342e-05, 1.1498e-04, 9.3358e-05, 5.7516e-05, 3.0736e-05, 2.6707e-06,
        7.1502e-07, 1.4310e-04, 1.9433e-05, 8.7563e-05, 1.6136e-04, 1.8000e-04,
        1.0200e-04, 5.3306e-05, 8.6545e-05, 4.0730e-06, 1.4985e-04, 4.4040e-06,
        1.1771e-04, 6.0542e-05, 4.2351e-05, 8.0372e-05, 4.2823e-05, 1.3322e-04,
        9.0356e-06, 1.2147e-04, 5.3876e-05, 2.4802e-05, 6.9769e-05, 5.3696e-05,
        8.3330e-05, 1.7498e-04, 4.6341e-05, 5.9294e-05, 1.5379e-05, 6.6714e-05,
        4.4178e-05, 2.3856e-05, 6.1244e-05, 1.8563e-04, 1.4010e-04, 2.4016e-05,
        3.0744e-05, 2.4048e-05, 5.3746e-05, 2.5470e-05, 1.0351e-04],
       grad_fn=<CatBackward>)

mean_overall=tensor(8.0392e-05, grad_fn=<MeanBackward0>)

-----------------------------------------------ITERATION70-----------------------------------------------

final_causality=[[1, 1, 1, 1, 1, 1, 1, 1, 1, 1, 1, 1, 1], [1, 1, 1, 1, 1, 1, 1, 1, 1, 1, 1, 1, 1, 1, 1, 1, 1, 1, 1, 1, 1, 1, 1, 1, 1, 1, 1, 1, 1, 1, 1, 1, 1, 1, 1, 1, 1, 1, 1, 1, 1, 1, 1, 1, 1, 1, 1, 1, 1, 1], [1, 1, 1, 1, 1, 1, 1, 1, 1, 1, 1, 1, 1, 1, 1, 1, 1, 1, 1, 1, 1, 1, 1, 1, 1, 1, 1, 1, 1, 1, 1, 1, 1, 1, 1, 1, 1, 1, 1, 1, 1, 1, 1, 1, 1, 1, 1, 1, 1, 1]]

means=tensor([3.8279e-05, 1.1336e-04, 3.2244e-04, 1.2346e-04, 5.4101e-05, 1.1177e-04,
        1.4790e-04, 7.0259e-05, 4.0669e-04, 2.9691e-04, 2.1844e-04, 3.2013e-04,
        2.9733e-04, 5.8630e-06, 4.7590e-05, 2.1419e-05, 3.2635e-05, 9.7314e-05,
        3.6466e-05, 4.8149e-05, 4.4770e-05, 2.8774e-04, 1.9987e-05, 8.5448e-06,
        2.5041e-05, 7.9192e-05, 9.3966e-05, 4.5010e-05, 6.9962e-05, 5.7213e-05,
        5.5297e-05, 8.6561e-05, 9.1525e-06, 1.3968e-04, 4.4648e-05, 5.6797e-06,
        1.0774e-04, 7.4688e-05, 6.2705e-05, 6.4652e-05, 1.6290e-05, 1.1433e-05,
        3.2947e-05, 6.7190e-05, 4.6334e-05, 3.1931e-04, 2.0125e-04, 6.3245e-05,
        3.9497e-05, 1.1024e-04, 6.5332e-05, 1.2757e-04, 3.5723e-05, 2.5687e-05,
        3.0255e-05, 1.1418e-04, 9.3731e-05, 1.1161e-05, 1.0270e-04, 3.1167e-05,
        6.2088e-05, 8.8539e-06, 2.1238e-04, 7.5327e-05, 6.3727e-05, 1.0223e-04,
        1.3584e-05, 1.2474e-04, 9.6429e-05, 5.9346e-05, 2.9274e-05, 2.8699e-06,
        5.4194e-07, 1.4130e-04, 2.0415e-05, 8.8359e-05, 1.4216e-04, 1.9299e-04,
        1.0778e-04, 5.5107e-05, 9.6694e-05, 4.2859e-06, 1.5671e-04, 4.0520e-06,
        1.1399e-04, 5.8755e-05, 4.1629e-05, 7.9360e-05, 3.9785e-05, 1.3730e-04,
        8.6144e-06, 1.1761e-04, 5.2330e-05, 2.4545e-05, 7.4989e-05, 6.1166e-05,
        8.8045e-05, 1.7030e-04, 4.8927e-05, 5.8454e-05, 1.7415e-05, 7.4727e-05,
        3.4634e-05, 2.6024e-05, 6.5533e-05, 2.0461e-04, 1.5872e-04, 2.3691e-05,
        2.8980e-05, 2.3930e-05, 5.5287e-05, 2.6582e-05, 8.9700e-05],
       grad_fn=<CatBackward>)

mean_overall=tensor(8.4999e-05, grad_fn=<MeanBackward0>)

-----------------------------------------------ITERATION80-----------------------------------------------

final_causality=[[1, 1, 1, 1, 1, 1, 1, 1, 1, 1, 1, 1, 1], [1, 1, 1, 1, 1, 1, 1, 1, 1, 1, 1, 1, 1, 1, 1, 1, 1, 1, 1, 1, 1, 1, 1, 1, 1, 1, 1, 1, 1, 1, 1, 1, 1, 1, 1, 1, 1, 1, 1, 1, 1, 1, 1, 1, 1, 1, 1, 1, 1, 1], [1, 1, 1, 1, 1, 1, 1, 1, 1, 1, 1, 1, 1, 1, 1, 1, 1, 1, 1, 1, 1, 1, 1, 1, 1, 1, 1, 1, 1, 1, 1, 1, 1, 1, 1, 1, 1, 1, 1, 1, 1, 1, 1, 1, 1, 1, 1, 1, 1, 1]]

means=tensor([6.3966e-05, 1.5748e-04, 3.8067e-04, 1.7349e-04, 2.6064e-05, 1.3269e-04,
        1.9524e-04, 8.4574e-05, 4.6117e-04, 2.6862e-04, 2.6206e-04, 3.2903e-04,
        3.4473e-04, 4.0236e-06, 4.7601e-05, 2.5317e-05, 2.9172e-05, 1.0374e-04,
        4.5267e-05, 5.0278e-05, 4.1926e-05, 3.1380e-04, 2.8870e-05, 1.0358e-05,
        2.7941e-05, 7.3770e-05, 1.0403e-04, 4.0074e-05, 7.9954e-05, 6.2561e-05,
        6.3480e-05, 9.4496e-05, 1.0070e-05, 1.5154e-04, 4.2443e-05, 5.8723e-06,
        9.6617e-05, 8.2871e-05, 7.3102e-05, 7.5253e-05, 2.2284e-05, 9.8735e-06,
        3.7608e-05, 7.3934e-05, 5.0940e-05, 3.5461e-04, 2.1165e-04, 7.0496e-05,
        4.2258e-05, 1.2742e-04, 6.4734e-05, 1.2544e-04, 3.8258e-05, 2.4531e-05,
        2.9509e-05, 1.2408e-04, 1.0363e-04, 1.8395e-05, 1.0748e-04, 2.2965e-05,
        5.7667e-05, 9.1515e-06, 2.0279e-04, 7.7061e-05, 6.3185e-05, 9.7318e-05,
        1.4074e-05, 1.3569e-04, 9.9402e-05, 6.2222e-05, 2.8139e-05, 3.4305e-06,
        6.6154e-07, 1.3968e-04, 2.1169e-05, 8.9481e-05, 1.2868e-04, 2.0763e-04,
        1.1416e-04, 5.6731e-05, 1.0807e-04, 4.1585e-06, 1.6395e-04, 3.9593e-06,
        1.0994e-04, 5.6909e-05, 4.1256e-05, 7.8182e-05, 3.6824e-05, 1.4155e-04,
        8.0052e-06, 1.1330e-04, 5.0471e-05, 2.4596e-05, 8.1133e-05, 6.8943e-05,
        9.3880e-05, 1.6471e-04, 5.1677e-05, 5.7412e-05, 1.9142e-05, 8.4429e-05,
        2.8732e-05, 2.7935e-05, 7.0770e-05, 2.2414e-04, 1.7787e-04, 2.3665e-05,
        2.6976e-05, 2.3634e-05, 6.3013e-05, 2.7953e-05, 7.6309e-05],
       grad_fn=<CatBackward>)

mean_overall=tensor(9.0851e-05, grad_fn=<MeanBackward0>)

-----------------------------------------------ITERATION90-----------------------------------------------

final_causality=[[1, 1, 1, 1, 1, 1, 1, 1, 1, 1, 1, 1, 1], [1, 1, 1, 1, 1, 1, 1, 1, 1, 1, 1, 1, 1, 1, 1, 1, 1, 1, 1, 1, 1, 1, 1, 1, 1, 1, 1, 1, 1, 1, 1, 1, 1, 1, 1, 1, 1, 1, 1, 1, 1, 1, 1, 1, 1, 1, 1, 1, 1, 1], [1, 1, 1, 1, 1, 1, 1, 1, 1, 1, 1, 1, 1, 1, 1, 1, 1, 1, 1, 1, 1, 1, 1, 1, 1, 1, 1, 1, 1, 1, 1, 1, 1, 1, 1, 1, 1, 1, 1, 1, 1, 1, 1, 1, 1, 1, 1, 1, 1, 1]]

means=tensor([9.2006e-05, 2.0603e-04, 4.4566e-04, 2.2725e-04, 3.8413e-05, 1.5616e-04,
        2.4765e-04, 1.0037e-04, 5.2123e-04, 2.3867e-04, 3.1107e-04, 3.3913e-04,
        3.9699e-04, 2.1144e-06, 4.7791e-05, 3.0230e-05, 2.6024e-05, 1.1082e-04,
        5.5970e-05, 5.2963e-05, 3.9397e-05, 3.4304e-04, 3.9871e-05, 1.2746e-05,
        3.1407e-05, 6.8844e-05, 1.1554e-04, 3.5450e-05, 9.1668e-05, 6.8716e-05,
        7.3024e-05, 1.0323e-04, 1.1240e-05, 1.6484e-04, 4.0402e-05, 6.2585e-06,
        8.5997e-05, 9.2483e-05, 8.5473e-05, 8.7668e-05, 3.0016e-05, 8.5489e-06,
        4.3187e-05, 8.1743e-05, 5.6239e-05, 3.9451e-04, 2.2368e-04, 7.9160e-05,
        4.5494e-05, 1.4732e-04, 6.4293e-05, 1.3256e-04, 4.3476e-05, 2.4234e-05,
        2.8926e-05, 1.3528e-04, 1.1500e-04, 2.6953e-05, 1.1282e-04, 1.4800e-05,
        5.3479e-05, 9.9204e-06, 1.9333e-04, 7.9358e-05, 6.2768e-05, 9.2204e-05,
        1.4622e-05, 1.4781e-04, 1.0277e-04, 6.5836e-05, 2.6904e-05, 4.1100e-06,
        7.8223e-07, 1.3832e-04, 2.2160e-05, 9.0715e-05, 1.1620e-04, 2.2399e-04,
        1.2111e-04, 5.8676e-05, 1.2106e-04, 4.0368e-06, 1.7165e-04, 3.8534e-06,
        1.0597e-04, 5.4716e-05, 4.5380e-05, 7.7940e-05, 3.3965e-05, 1.6833e-04,
        7.4163e-06, 1.0883e-04, 4.8533e-05, 2.6011e-05, 8.9497e-05, 7.7590e-05,
        1.0105e-04, 1.5858e-04, 5.5020e-05, 5.6480e-05, 2.1196e-05, 9.5961e-05,
        2.5319e-05, 3.0019e-05, 7.6725e-05, 2.4535e-04, 1.9834e-04, 2.3567e-05,
        2.5248e-05, 2.3317e-05, 7.5447e-05, 2.9242e-05, 6.2646e-05],
       grad_fn=<CatBackward>)

mean_overall=tensor(9.8455e-05, grad_fn=<MeanBackward0>)

-----------------------------------------------ITERATION100-----------------------------------------------

final_causality=[[1, 1, 1, 1, 1, 1, 1, 1, 1, 1, 1, 1, 1], [1, 1, 1, 1, 1, 1, 1, 1, 1, 1, 1, 1, 1, 1, 1, 1, 1, 1, 1, 1, 1, 1, 1, 1, 1, 1, 1, 1, 1, 1, 1, 1, 1, 1, 1, 1, 1, 1, 1, 1, 1, 1, 1, 1, 1, 1, 1, 1, 1, 1], [1, 1, 1, 1, 1, 1, 1, 1, 1, 1, 1, 1, 1, 1, 1, 1, 1, 1, 1, 1, 1, 1, 1, 1, 1, 1, 1, 1, 1, 1, 1, 1, 1, 1, 1, 1, 1, 1, 1, 1, 1, 1, 1, 1, 1, 1, 1, 1, 1, 1]]

means=tensor([1.2323e-04, 2.5966e-04, 5.1857e-04, 2.8429e-04, 8.6420e-05, 1.8251e-04,
        3.0641e-04, 1.1830e-04, 5.8737e-04, 2.0581e-04, 3.6686e-04, 3.5037e-04,
        4.5398e-04, 2.0533e-08, 4.9340e-05, 3.7250e-05, 2.1950e-05, 1.1966e-04,
        7.0253e-05, 5.5602e-05, 3.7729e-05, 3.7501e-04, 5.2354e-05, 1.6614e-05,
        3.4979e-05, 6.3695e-05, 1.2860e-04, 3.0556e-05, 1.0494e-04, 7.6268e-05,
        8.3728e-05, 1.1292e-04, 1.2133e-05, 1.7932e-04, 3.9498e-05, 6.3501e-06,
        7.4729e-05, 1.0506e-04, 1.0153e-04, 1.0162e-04, 3.9213e-05, 6.8879e-06,
        4.9400e-05, 9.1915e-05, 6.3041e-05, 4.3847e-04, 2.3837e-04, 8.9929e-05,
        5.0390e-05, 1.6933e-04, 6.4516e-05, 1.3990e-04, 4.8961e-05, 2.4581e-05,
        2.7975e-05, 1.4755e-04, 1.2886e-04, 3.8530e-05, 1.1919e-04, 7.2448e-06,
        4.9030e-05, 1.2024e-05, 1.8341e-04, 8.2532e-05, 6.2547e-05, 8.6679e-05,
        1.6451e-05, 1.6124e-04, 1.0684e-04, 7.0415e-05, 2.5579e-05, 4.7867e-06,
        7.8563e-07, 1.3726e-04, 2.3660e-05, 9.2072e-05, 1.0369e-04, 2.4229e-04,
        1.2874e-04, 6.1186e-05, 1.3598e-04, 4.0363e-06, 1.8004e-04, 3.7106e-06,
        1.0214e-04, 5.2068e-05, 4.9928e-05, 7.9861e-05, 3.1494e-05, 2.0097e-04,
        6.8398e-06, 1.0420e-04, 4.6472e-05, 2.7333e-05, 9.9081e-05, 8.7517e-05,
        1.1109e-04, 1.5245e-04, 5.9346e-05, 6.0047e-05, 2.3957e-05, 1.0880e-04,
        3.1334e-05, 3.2555e-05, 8.3370e-05, 2.6919e-04, 2.2084e-04, 2.3238e-05,
        2.3455e-05, 2.3071e-05, 8.9087e-05, 3.0324e-05, 5.7196e-05],
       grad_fn=<CatBackward>)

mean_overall=tensor(0.0001, grad_fn=<MeanBackward0>)

-----------------------------------------------ITERATION110-----------------------------------------------

final_causality=[[1, 1, 1, 1, 1, 1, 1, 1, 1, 1, 1, 1, 1], [1, 1, 1, 1, 1, 1, 1, 1, 1, 1, 1, 1, 1, 1, 1, 1, 1, 1, 1, 1, 1, 1, 1, 1, 1, 1, 1, 1, 1, 1, 1, 1, 1, 1, 1, 1, 1, 1, 1, 1, 1, 1, 1, 1, 1, 1, 1, 1, 1, 1], [1, 1, 1, 1, 1, 1, 1, 1, 1, 1, 1, 1, 1, 1, 1, 1, 1, 1, 1, 1, 1, 1, 1, 1, 1, 1, 1, 1, 1, 1, 1, 1, 1, 1, 1, 1, 1, 1, 1, 1, 1, 1, 1, 1, 1, 1, 1, 1, 1, 1]]

means=tensor([1.5774e-04, 3.1950e-04, 6.0035e-04, 3.4869e-04, 1.4150e-04, 2.1218e-04,
        3.7138e-04, 1.3878e-04, 6.6105e-04, 1.7080e-04, 4.2932e-04, 3.6297e-04,
        5.1832e-04, 2.1885e-06, 5.0994e-05, 4.5372e-05, 1.8549e-05, 1.2941e-04,
        8.6721e-05, 5.8889e-05, 3.6479e-05, 4.1085e-04, 6.9269e-05, 2.0963e-05,
        3.9698e-05, 5.9184e-05, 1.4493e-04, 2.6406e-05, 1.2137e-04, 8.4459e-05,
        9.7061e-05, 1.2418e-04, 1.3658e-05, 1.9635e-04, 3.8563e-05, 6.7749e-06,
        6.4442e-05, 1.1987e-04, 1.1986e-04, 1.1838e-04, 5.1471e-05, 5.6916e-06,
        5.8607e-05, 1.0327e-04, 7.0548e-05, 4.8802e-04, 2.5483e-04, 1.0191e-04,
        5.5671e-05, 1.9514e-04, 6.4796e-05, 1.4826e-04, 5.5256e-05, 2.5218e-05,
        2.9266e-05, 1.6206e-04, 1.4629e-04, 5.1756e-05, 1.3042e-04, 3.7984e-07,
        4.5156e-05, 1.4361e-05, 1.7447e-04, 8.6236e-05, 6.2631e-05, 8.0512e-05,
        1.9258e-05, 1.7630e-04, 1.1136e-04, 7.5724e-05, 2.4095e-05, 5.7316e-06,
        8.5207e-07, 1.3678e-04, 2.5348e-05, 9.5554e-05, 9.5360e-05, 2.6286e-04,
        1.3738e-04, 6.4013e-05, 1.5284e-04, 3.9624e-06, 1.8982e-04, 3.6275e-06,
        9.7973e-05, 4.8969e-05, 5.5004e-05, 8.2049e-05, 2.8962e-05, 2.3562e-04,
        6.1795e-06, 9.9133e-05, 4.4260e-05, 2.8451e-05, 1.0960e-04, 9.8354e-05,
        1.2265e-04, 1.4540e-04, 6.4416e-05, 6.6911e-05, 2.7023e-05, 1.2316e-04,
        3.9233e-05, 3.5338e-05, 9.1065e-05, 2.9503e-04, 2.4479e-04, 2.2880e-05,
        2.2609e-05, 2.4415e-05, 1.0386e-04, 3.1303e-05, 5.9947e-05],
       grad_fn=<CatBackward>)

mean_overall=tensor(0.0001, grad_fn=<MeanBackward0>)

-----------------------------------------------ITERATION120-----------------------------------------------

final_causality=[[1, 1, 1, 1, 1, 1, 1, 1, 1, 1, 1, 1, 1], [1, 1, 1, 1, 1, 1, 1, 1, 1, 1, 1, 1, 1, 1, 1, 1, 1, 1, 1, 1, 1, 1, 1, 1, 1, 1, 1, 1, 1, 1, 1, 1, 1, 1, 1, 1, 1, 1, 1, 1, 1, 1, 1, 1, 1, 1, 1, 1, 1, 1], [1, 1, 1, 1, 1, 1, 1, 1, 1, 1, 1, 1, 1, 1, 1, 1, 1, 1, 1, 1, 1, 1, 1, 1, 1, 1, 1, 1, 1, 1, 1, 1, 1, 1, 1, 1, 1, 1, 1, 1, 1, 1, 1, 1, 1, 1, 1, 1, 1, 1]]

means=tensor([1.9632e-04, 3.8679e-04, 6.9295e-04, 4.2099e-04, 2.0486e-04, 2.4578e-04,
        4.4432e-04, 1.6239e-04, 7.4337e-04, 1.3209e-04, 5.0015e-04, 3.7653e-04,
        5.9038e-04, 4.5725e-06, 5.3241e-05, 5.5417e-05, 1.5319e-05, 1.4044e-04,
        1.0659e-04, 6.2639e-05, 3.5371e-05, 4.5055e-04, 9.0296e-05, 2.6562e-05,
        4.5392e-05, 5.5018e-05, 1.6377e-04, 2.2571e-05, 1.4057e-04, 9.3864e-05,
        1.1260e-04, 1.3763e-04, 1.5475e-05, 2.1550e-04, 3.7991e-05, 7.3374e-06,
        5.4660e-05, 1.3741e-04, 1.4144e-04, 1.3788e-04, 6.6934e-05, 4.6513e-06,
        6.9721e-05, 1.1650e-04, 7.9791e-05, 5.4316e-04, 2.7284e-04, 1.1589e-04,
        6.1926e-05, 2.2457e-04, 6.5384e-05, 1.5839e-04, 6.2299e-05, 2.6951e-05,
        3.0779e-05, 1.7847e-04, 1.6621e-04, 6.7961e-05, 1.4292e-04, 1.4197e-05,
        4.1568e-05, 1.7406e-05, 1.6924e-04, 9.0696e-05, 6.3114e-05, 7.4488e-05,
        2.2496e-05, 1.9311e-04, 1.1800e-04, 8.1971e-05, 2.3312e-05, 6.9013e-06,
        9.4910e-07, 1.3709e-04, 2.7359e-05, 1.0044e-04, 9.2775e-05, 2.8922e-04,
        1.4722e-04, 6.7352e-05, 1.7179e-04, 3.8998e-06, 2.0171e-04, 3.5226e-06,
        9.3921e-05, 4.6278e-05, 6.0642e-05, 8.4629e-05, 2.6128e-05, 2.7253e-04,
        5.4642e-06, 9.7056e-05, 4.1976e-05, 2.9323e-05, 1.2132e-04, 1.1034e-04,
        1.3580e-04, 1.3744e-04, 7.1155e-05, 7.4745e-05, 3.0678e-05, 1.3918e-04,
        4.7713e-05, 3.8570e-05, 9.9834e-05, 3.2343e-04, 2.7053e-04, 2.2380e-05,
        2.4494e-05, 2.7520e-05, 1.1990e-04, 3.2024e-05, 6.4402e-05],
       grad_fn=<CatBackward>)

mean_overall=tensor(0.0001, grad_fn=<MeanBackward0>)

-----------------------------------------------ITERATION130-----------------------------------------------

final_causality=[[1, 1, 1, 1, 1, 1, 1, 1, 1, 1, 1, 1, 1], [1, 1, 1, 1, 1, 1, 1, 1, 1, 1, 1, 1, 1, 1, 1, 1, 1, 1, 1, 1, 1, 1, 1, 1, 1, 1, 1, 1, 1, 1, 1, 1, 1, 1, 1, 1, 1, 1, 1, 1, 1, 1, 1, 1, 1, 1, 1, 1, 1, 1], [1, 1, 1, 1, 1, 1, 1, 1, 1, 1, 1, 1, 1, 1, 1, 1, 1, 1, 1, 1, 1, 1, 1, 1, 1, 1, 1, 1, 1, 1, 1, 1, 1, 1, 1, 1, 1, 1, 1, 1, 1, 1, 1, 1, 1, 1, 1, 1, 1, 1]]

means=tensor([2.3968e-04, 4.6270e-04, 7.9779e-04, 5.0242e-04, 2.7746e-04, 2.8399e-04,
        5.2636e-04, 1.8962e-04, 8.3555e-04, 8.8698e-05, 5.8060e-04, 3.9058e-04,
        6.7098e-04, 7.2027e-06, 5.6268e-05, 6.7902e-05, 1.2134e-05, 1.5298e-04,
        1.3090e-04, 6.6909e-05, 3.5075e-05, 4.9431e-04, 1.1590e-04, 3.3881e-05,
        5.2145e-05, 5.1184e-05, 1.8514e-04, 1.8934e-05, 1.6264e-04, 1.0479e-04,
        1.3038e-04, 1.5455e-04, 1.8193e-05, 2.3675e-04, 3.7882e-05, 8.2132e-06,
        4.5272e-05, 1.5798e-04, 1.6683e-04, 1.6030e-04, 8.6065e-05, 3.6823e-06,
        8.2901e-05, 1.3196e-04, 9.0714e-05, 6.0417e-04, 2.9242e-04, 1.3233e-04,
        6.9418e-05, 2.5782e-04, 6.6361e-05, 1.7115e-04, 7.0157e-05, 2.9124e-05,
        3.2485e-05, 1.9683e-04, 1.8881e-04, 8.7954e-05, 1.5674e-04, 2.8999e-05,
        3.8206e-05, 2.1433e-05, 1.6416e-04, 9.6036e-05, 6.4081e-05, 7.5644e-05,
        2.6211e-05, 2.1188e-04, 1.2620e-04, 8.9689e-05, 2.5243e-05, 8.3257e-06,
        1.0388e-06, 1.3842e-04, 2.9767e-05, 1.0674e-04, 9.5601e-05, 3.1899e-04,
        1.5848e-04, 7.3479e-05, 1.9293e-04, 3.8720e-06, 2.1649e-04, 3.7268e-06,
        8.9743e-05, 4.3726e-05, 6.6890e-05, 8.8358e-05, 2.2918e-05, 3.1188e-04,
        4.8495e-06, 1.0126e-04, 3.9419e-05, 2.9908e-05, 1.3441e-04, 1.2363e-04,
        1.5066e-04, 1.2854e-04, 7.9051e-05, 8.3575e-05, 3.5358e-05, 1.5700e-04,
        5.7055e-05, 4.2386e-05, 1.0978e-04, 3.5478e-04, 2.9831e-04, 2.1707e-05,
        2.6776e-05, 3.1378e-05, 1.3734e-04, 3.2415e-05, 7.4996e-05],
       grad_fn=<CatBackward>)

mean_overall=tensor(0.0001, grad_fn=<MeanBackward0>)

-----------------------------------------------ITERATION140-----------------------------------------------

final_causality=[[1, 1, 1, 1, 1, 1, 1, 1, 1, 1, 1, 1, 1], [1, 1, 1, 1, 1, 1, 1, 1, 1, 1, 1, 1, 1, 1, 1, 1, 1, 1, 1, 1, 1, 1, 1, 1, 1, 1, 1, 1, 1, 1, 1, 1, 1, 1, 1, 1, 1, 1, 1, 1, 1, 1, 1, 1, 1, 1, 1, 1, 1, 1], [1, 1, 1, 1, 1, 1, 1, 1, 1, 1, 1, 1, 1, 1, 1, 1, 1, 1, 1, 1, 1, 1, 1, 1, 1, 1, 1, 1, 1, 1, 1, 1, 1, 1, 1, 1, 1, 1, 1, 1, 1, 1, 1, 1, 1, 1, 1, 1, 1, 1]]

means=tensor([2.8846e-04, 5.4855e-04, 9.1614e-04, 5.9523e-04, 3.5923e-04, 3.2759e-04,
        6.1829e-04, 2.2109e-04, 9.3896e-04, 4.0119e-05, 6.7155e-04, 4.0443e-04,
        7.6160e-04, 9.8664e-06, 5.9839e-05, 8.2840e-05, 9.2915e-06, 1.6693e-04,
        1.5926e-04, 7.2155e-05, 3.5121e-05, 5.4262e-04, 1.4706e-04, 4.2933e-05,
        6.0432e-05, 4.7819e-05, 2.0954e-04, 1.5670e-05, 1.8826e-04, 1.1717e-04,
        1.5162e-04, 1.7367e-04, 2.2080e-05, 2.6115e-04, 3.7992e-05, 9.9123e-06,
        3.6541e-05, 1.8151e-04, 1.9595e-04, 1.8629e-04, 1.0982e-04, 2.9333e-06,
        9.8779e-05, 1.4953e-04, 1.0315e-04, 6.7235e-04, 3.1399e-04, 1.5308e-04,
        7.7933e-05, 2.9558e-04, 6.7606e-05, 1.8520e-04, 7.9124e-05, 3.2505e-05,
        3.4618e-05, 2.1757e-04, 2.1468e-04, 1.1170e-04, 1.7177e-04, 4.5136e-05,
        3.5230e-05, 2.6419e-05, 1.5948e-04, 1.0225e-04, 6.5630e-05, 8.0767e-05,
        3.0535e-05, 2.3292e-04, 1.3533e-04, 9.8678e-05, 2.7450e-05, 1.0167e-05,
        1.1653e-06, 1.4102e-04, 3.2559e-05, 1.1474e-04, 1.1818e-04, 3.5212e-04,
        1.7142e-04, 8.2283e-05, 2.1641e-04, 3.8461e-06, 2.3482e-04, 4.3919e-06,
        8.4965e-05, 4.2118e-05, 7.3860e-05, 9.3207e-05, 2.2927e-05, 3.5388e-04,
        4.7129e-06, 1.0770e-04, 3.9100e-05, 3.0041e-05, 1.4892e-04, 1.3824e-04,
        1.6747e-04, 1.2227e-04, 8.8052e-05, 9.5026e-05, 4.0990e-05, 1.7691e-04,
        6.8638e-05, 4.6926e-05, 1.2114e-04, 3.8914e-04, 3.2814e-04, 2.0890e-05,
        3.3173e-05, 3.6052e-05, 1.5640e-04, 3.2483e-05, 8.8449e-05],
       grad_fn=<CatBackward>)

mean_overall=tensor(0.0002, grad_fn=<MeanBackward0>)

-----------------------------------------------ITERATION150-----------------------------------------------

final_causality=[[1, 1, 1, 1, 1, 1, 1, 1, 1, 1, 1, 1, 1], [1, 1, 1, 1, 1, 1, 1, 1, 1, 1, 1, 1, 1, 1, 1, 1, 1, 1, 1, 1, 1, 1, 1, 1, 1, 1, 1, 1, 1, 1, 1, 1, 1, 1, 1, 1, 1, 1, 1, 1, 1, 1, 1, 1, 1, 1, 1, 1, 1, 1], [1, 1, 1, 1, 1, 1, 1, 1, 1, 1, 1, 1, 1, 1, 1, 1, 1, 1, 1, 1, 1, 1, 1, 1, 1, 1, 1, 1, 1, 1, 1, 1, 1, 1, 1, 1, 1, 1, 1, 1, 1, 1, 1, 1, 1, 1, 1, 1, 1, 1]]

means=tensor([3.4349e-04, 6.4556e-04, 1.0496e-03, 7.0072e-04, 4.5205e-04, 3.7727e-04,
        7.2151e-04, 2.5733e-04, 1.0547e-03, 4.5414e-05, 7.7439e-04, 4.1751e-04,
        8.6308e-04, 1.2731e-05, 6.4270e-05, 1.0081e-04, 6.5717e-06, 1.8254e-04,
        1.9234e-04, 7.8139e-05, 3.5358e-05, 5.9562e-04, 1.8413e-04, 5.4303e-05,
        7.0310e-05, 4.4818e-05, 2.3695e-04, 1.2637e-05, 2.1743e-04, 1.3138e-04,
        1.7735e-04, 1.9520e-04, 2.7385e-05, 2.9227e-04, 3.8499e-05, 1.2427e-05,
        2.8224e-05, 2.0864e-04, 2.2942e-04, 2.1605e-04, 1.3863e-04, 2.3232e-06,
        1.1742e-04, 1.6962e-04, 1.1739e-04, 7.4724e-04, 3.3749e-04, 1.7736e-04,
        8.7849e-05, 3.3801e-04, 6.9213e-05, 2.0043e-04, 8.9301e-05, 3.6898e-05,
        3.7132e-05, 2.4065e-04, 2.4392e-04, 1.3995e-04, 1.8826e-04, 6.2636e-05,
        3.2577e-05, 3.2975e-05, 1.5630e-04, 1.0949e-04, 6.7845e-05, 8.6884e-05,
        3.5516e-05, 2.5645e-04, 1.4571e-04, 1.0906e-04, 2.9988e-05, 1.2494e-05,
        1.4075e-06, 1.4508e-04, 3.5835e-05, 1.2465e-04, 1.4272e-04, 3.8884e-04,
        1.8622e-04, 9.2563e-05, 2.4235e-04, 3.8542e-06, 2.5555e-04, 5.7033e-06,
        7.9485e-05, 4.0296e-05, 8.2278e-05, 9.8912e-05, 3.1442e-05, 3.9875e-04,
        4.5726e-06, 1.2099e-04, 4.2843e-05, 2.9653e-05, 1.6504e-04, 1.5437e-04,
        1.8637e-04, 1.3281e-04, 9.8298e-05, 1.0783e-04, 4.7702e-05, 1.9907e-04,
        8.3375e-05, 5.2348e-05, 1.3403e-04, 4.2687e-04, 3.6030e-04, 1.9886e-05,
        4.0524e-05, 4.1642e-05, 1.7725e-04, 3.2163e-05, 1.0372e-04],
       grad_fn=<CatBackward>)

mean_overall=tensor(0.0002, grad_fn=<MeanBackward0>)

-----------------------------------------------ITERATION160-----------------------------------------------

final_causality=[[1, 1, 1, 1, 1, 1, 1, 1, 1, 1, 1, 1, 1], [1, 1, 1, 1, 1, 1, 1, 1, 1, 1, 1, 1, 1, 1, 1, 1, 1, 1, 1, 1, 1, 1, 1, 1, 1, 1, 1, 1, 1, 1, 1, 1, 1, 1, 1, 1, 1, 1, 1, 1, 1, 1, 1, 1, 1, 1, 1, 1, 1, 1], [1, 1, 1, 1, 1, 1, 1, 1, 1, 1, 1, 1, 1, 1, 1, 1, 1, 1, 1, 1, 1, 1, 1, 1, 1, 1, 1, 1, 1, 1, 1, 1, 1, 1, 1, 1, 1, 1, 1, 1, 1, 1, 1, 1, 1, 1, 1, 1, 1, 1]]

means=tensor([4.0519e-04, 7.5525e-04, 1.1992e-03, 8.2022e-04, 5.5676e-04, 4.3399e-04,
        8.3664e-04, 2.9890e-04, 1.1845e-03, 1.1682e-04, 8.9044e-04, 4.2885e-04,
        9.7691e-04, 1.6363e-05, 6.9286e-05, 1.2243e-04, 4.0170e-06, 2.0010e-04,
        2.3067e-04, 8.5342e-05, 3.5727e-05, 6.5366e-04, 2.2858e-04, 6.8420e-05,
        8.2356e-05, 4.2058e-05, 2.6831e-04, 9.7322e-06, 2.5103e-04, 1.4750e-04,
        2.0914e-04, 2.1924e-04, 3.6212e-05, 3.2701e-04, 3.9228e-05, 1.5671e-05,
        2.0376e-05, 2.3917e-04, 2.6760e-04, 2.5004e-04, 1.7354e-04, 1.6621e-06,
        1.3976e-04, 1.9267e-04, 1.3398e-04, 8.3017e-04, 3.6372e-04, 2.0578e-04,
        9.9311e-05, 3.8541e-04, 7.1229e-05, 2.1911e-04, 1.0075e-04, 4.2067e-05,
        4.0048e-05, 2.6652e-04, 2.7726e-04, 1.7562e-04, 2.0651e-04, 8.2272e-05,
        3.0070e-05, 4.1091e-05, 1.5479e-04, 1.1837e-04, 7.0860e-05, 9.5444e-05,
        4.1306e-05, 2.8293e-04, 1.5768e-04, 1.2226e-04, 3.5237e-05, 1.5628e-05,
        1.7187e-06, 1.5084e-04, 3.9658e-05, 1.3669e-04, 1.6976e-04, 4.2987e-04,
        2.0317e-04, 1.0453e-04, 2.7114e-04, 3.8983e-06, 2.7913e-04, 7.3600e-06,
        7.3116e-05, 3.8966e-05, 9.2294e-05, 1.0559e-04, 4.1109e-05, 4.4711e-04,
        5.2448e-06, 1.3590e-04, 4.8901e-05, 2.8811e-05, 1.8303e-04, 1.7229e-04,
        2.0774e-04, 1.4473e-04, 1.0997e-04, 1.2227e-04, 5.5739e-05, 2.2392e-04,
        9.9630e-05, 5.8697e-05, 1.4875e-04, 4.6862e-04, 3.9530e-04, 1.8680e-05,
        5.0568e-05, 4.8238e-05, 2.0025e-04, 3.1452e-05, 1.2637e-04],
       grad_fn=<CatBackward>)

mean_overall=tensor(0.0002, grad_fn=<MeanBackward0>)

-----------------------------------------------ITERATION170-----------------------------------------------

final_causality=[[1, 1, 1, 1, 1, 1, 1, 1, 1, 1, 1, 1, 1], [1, 1, 1, 1, 1, 1, 1, 1, 1, 1, 1, 1, 1, 1, 1, 1, 1, 1, 1, 1, 1, 1, 1, 1, 1, 1, 1, 1, 1, 1, 1, 1, 1, 1, 1, 1, 1, 1, 1, 1, 1, 1, 1, 1, 1, 1, 1, 1, 1, 1], [1, 1, 1, 1, 1, 1, 1, 1, 1, 1, 1, 1, 1, 1, 1, 1, 1, 1, 1, 1, 1, 1, 1, 1, 1, 1, 1, 1, 1, 1, 1, 1, 1, 1, 1, 1, 1, 1, 1, 1, 1, 1, 1, 1, 1, 1, 1, 1, 1, 1]]

means=tensor([4.7428e-04, 8.7881e-04, 1.3664e-03, 9.5556e-04, 6.7446e-04, 4.9854e-04,
        9.6492e-04, 3.4638e-04, 1.3292e-03, 2.0124e-04, 1.0208e-03, 4.3764e-04,
        1.1042e-03, 2.0742e-05, 7.4989e-05, 1.4802e-04, 1.6309e-06, 2.1967e-04,
        2.7446e-04, 9.3742e-05, 3.6291e-05, 7.2074e-04, 2.8096e-04, 8.5661e-05,
        9.6888e-05, 3.9594e-05, 3.0377e-04, 6.9658e-06, 2.8933e-04, 1.6569e-04,
        2.4577e-04, 2.4609e-04, 4.7780e-05, 3.6566e-04, 4.0186e-05, 1.9883e-05,
        1.2935e-05, 2.7344e-04, 3.1188e-04, 2.8862e-04, 2.1520e-04, 1.0036e-06,
        1.6615e-04, 2.1882e-04, 1.5304e-04, 9.2126e-04, 3.9333e-04, 2.3852e-04,
        1.1433e-04, 4.3814e-04, 7.3638e-05, 2.4293e-04, 1.1366e-04, 4.8124e-05,
        4.3458e-05, 2.9530e-04, 3.1499e-04, 2.1777e-04, 2.2654e-04, 1.0460e-04,
        2.7778e-05, 5.0987e-05, 1.5345e-04, 1.2921e-04, 7.4791e-05, 1.0518e-04,
        4.8014e-05, 3.1260e-04, 1.7100e-04, 1.3838e-04, 4.1937e-05, 1.9922e-05,
        2.1243e-06, 1.5851e-04, 4.5165e-05, 1.5175e-04, 2.0368e-04, 4.7545e-04,
        2.2246e-04, 1.1825e-04, 3.0286e-04, 3.9843e-06, 3.0600e-04, 9.4822e-06,
        6.6144e-05, 3.9414e-05, 1.0351e-04, 1.1374e-04, 5.2037e-05, 4.9910e-04,
        7.0421e-06, 1.5254e-04, 5.8772e-05, 2.7788e-05, 2.0299e-04, 1.9210e-04,
        2.3174e-04, 1.6275e-04, 1.2316e-04, 1.4067e-04, 6.5319e-05, 2.5163e-04,
        1.1753e-04, 6.6078e-05, 1.6549e-04, 5.1450e-04, 4.3325e-04, 1.8189e-05,
        6.1898e-05, 5.5926e-05, 2.2558e-04, 3.0324e-05, 1.5947e-04],
       grad_fn=<CatBackward>)

mean_overall=tensor(0.0002, grad_fn=<MeanBackward0>)

-----------------------------------------------ITERATION180-----------------------------------------------

final_causality=[[1, 1, 1, 1, 1, 1, 1, 1, 1, 1, 1, 1, 1], [1, 1, 1, 1, 1, 1, 1, 1, 1, 1, 1, 1, 1, 1, 1, 1, 1, 1, 1, 1, 1, 1, 1, 1, 1, 1, 1, 1, 1, 1, 1, 1, 1, 1, 1, 1, 1, 1, 1, 1, 1, 1, 1, 1, 1, 1, 1, 1, 1, 1], [1, 1, 1, 1, 1, 1, 1, 1, 1, 1, 1, 1, 1, 1, 1, 1, 1, 1, 1, 1, 1, 1, 1, 1, 1, 1, 1, 1, 1, 1, 1, 1, 1, 1, 1, 1, 1, 1, 1, 1, 1, 1, 1, 1, 1, 1, 1, 1, 1, 1]]

means=tensor([5.5144e-04, 1.0172e-03, 1.5524e-03, 1.1083e-03, 8.0640e-04, 5.7161e-04,
        1.1076e-03, 4.0022e-04, 1.4893e-03, 2.9708e-04, 1.1666e-03, 4.4321e-04,
        1.2459e-03, 2.6432e-05, 8.1608e-05, 1.7800e-04, 6.5386e-08, 2.4137e-04,
        3.2403e-04, 1.0314e-04, 3.7068e-05, 7.9429e-04, 3.4150e-04, 1.0700e-04,
        1.1411e-04, 3.7440e-05, 3.4329e-04, 4.2896e-06, 3.3231e-04, 1.8619e-04,
        2.8744e-04, 2.7598e-04, 6.2620e-05, 4.0833e-04, 4.1456e-05, 2.5296e-05,
        5.7495e-06, 3.1187e-04, 3.6280e-04, 3.3204e-04, 2.6404e-04, 3.6629e-07,
        1.9669e-04, 2.4828e-04, 1.7507e-04, 1.0203e-03, 4.2549e-04, 2.7576e-04,
        1.3157e-04, 4.9637e-04, 7.9422e-05, 2.6898e-04, 1.2821e-04, 5.5249e-05,
        4.7398e-05, 3.2696e-04, 3.5724e-04, 2.6686e-04, 2.4840e-04, 1.3003e-04,
        2.5732e-05, 6.3145e-05, 1.5229e-04, 1.4157e-04, 7.9718e-05, 1.1621e-04,
        5.5731e-05, 3.4561e-04, 1.8852e-04, 1.5646e-04, 4.9553e-05, 2.5473e-05,
        2.6415e-06, 1.7440e-04, 5.1748e-05, 1.7554e-04, 2.4082e-04, 5.2570e-04,
        2.4418e-04, 1.3377e-04, 3.3753e-04, 4.1289e-06, 3.4330e-04, 1.2207e-05,
        6.2987e-05, 4.2124e-05, 1.1599e-04, 1.2334e-04, 6.4306e-05, 5.5479e-04,
        9.0762e-06, 1.7369e-04, 6.9855e-05, 2.6336e-05, 2.2505e-04, 2.1393e-04,
        2.5847e-04, 1.9081e-04, 1.3798e-04, 1.6154e-04, 7.6742e-05, 2.8236e-04,
        1.3717e-04, 7.4627e-05, 1.8439e-04, 5.6466e-04, 4.7430e-04, 1.7708e-05,
        7.4583e-05, 6.4787e-05, 2.5338e-04, 2.8747e-05, 1.9639e-04],
       grad_fn=<CatBackward>)

mean_overall=tensor(0.0003, grad_fn=<MeanBackward0>)

-----------------------------------------------ITERATION190-----------------------------------------------

final_causality=[[1, 1, 1, 1, 1, 1, 1, 1, 1, 1, 1, 1, 1], [1, 1, 1, 1, 1, 1, 1, 1, 1, 1, 1, 1, 1, 1, 1, 1, 1, 1, 1, 1, 1, 1, 1, 1, 1, 1, 1, 1, 1, 1, 1, 1, 1, 1, 1, 1, 1, 1, 1, 1, 1, 1, 1, 1, 1, 1, 1, 1, 1, 1], [1, 1, 1, 1, 1, 1, 1, 1, 1, 1, 1, 1, 1, 1, 1, 1, 1, 1, 1, 1, 1, 1, 1, 1, 1, 1, 1, 1, 1, 1, 1, 1, 1, 1, 1, 1, 1, 1, 1, 1, 1, 1, 1, 1, 1, 1, 1, 1, 1, 1]]

means=tensor([6.3711e-04, 1.1713e-03, 1.7582e-03, 1.2800e-03, 9.5340e-04, 6.5393e-04,
        1.2651e-03, 4.6086e-04, 1.6652e-03, 4.0394e-04, 1.3288e-03, 4.4474e-04,
        1.4026e-03, 3.4699e-05, 8.9193e-05, 2.1258e-04, 2.8087e-06, 2.6525e-04,
        3.7942e-04, 1.1364e-04, 3.8097e-05, 8.7382e-04, 4.1050e-04, 1.3477e-04,
        1.3435e-04, 3.5853e-05, 3.8697e-04, 1.6894e-06, 3.8011e-04, 2.0910e-04,
        3.3440e-04, 3.0912e-04, 8.1362e-05, 4.5516e-04, 4.3013e-05, 3.2202e-05,
        5.3503e-07, 3.5464e-04, 4.1954e-04, 3.8056e-04, 3.2052e-04, 7.4189e-08,
        2.3159e-04, 2.8112e-04, 2.0086e-04, 1.1273e-03, 4.6025e-04, 3.1759e-04,
        1.5118e-04, 5.6026e-04, 8.6773e-05, 2.9728e-04, 1.4456e-04, 6.3555e-05,
        5.1944e-05, 3.6152e-04, 4.0420e-04, 3.2312e-04, 2.7205e-04, 1.5904e-04,
        2.4065e-05, 7.7935e-05, 1.5137e-04, 1.5552e-04, 9.1037e-05, 1.3787e-04,
        6.4581e-05, 3.8215e-04, 2.1340e-04, 1.7654e-04, 5.8128e-05, 3.2657e-05,
        3.3037e-06, 1.9383e-04, 5.9296e-05, 2.0268e-04, 2.8593e-04, 5.8072e-04,
        2.6841e-04, 1.5109e-04, 3.7518e-04, 4.3382e-06, 3.8457e-04, 1.5737e-05,
        6.3014e-05, 4.6256e-05, 1.2983e-04, 1.3427e-04, 7.7995e-05, 6.1425e-04,
        1.1400e-05, 2.0047e-04, 8.2187e-05, 2.4465e-05, 2.4930e-04, 2.3788e-04,
        2.8806e-04, 2.2148e-04, 1.5458e-04, 1.8462e-04, 9.0293e-05, 3.1626e-04,
        1.5866e-04, 8.4464e-05, 2.0562e-04, 6.1921e-04, 5.1853e-04, 1.9247e-05,
        8.8669e-05, 7.4883e-05, 2.8378e-04, 2.6723e-05, 2.3867e-04],
       grad_fn=<CatBackward>)

mean_overall=tensor(0.0003, grad_fn=<MeanBackward0>)

-----------------------------------------------ITERATION200-----------------------------------------------

final_causality=[[1, 1, 1, 1, 1, 1, 1, 1, 1, 1, 1, 1, 1], [1, 1, 1, 1, 1, 1, 1, 1, 1, 1, 1, 1, 1, 1, 1, 1, 1, 1, 1, 1, 1, 1, 1, 1, 1, 1, 1, 1, 1, 1, 1, 1, 1, 1, 1, 1, 1, 1, 1, 1, 1, 1, 1, 1, 1, 1, 1, 1, 1, 1], [1, 1, 1, 1, 1, 1, 1, 1, 1, 1, 1, 1, 1, 1, 1, 1, 1, 1, 1, 1, 1, 1, 1, 1, 1, 1, 1, 1, 1, 1, 1, 1, 1, 1, 1, 1, 1, 1, 1, 1, 1, 1, 1, 1, 1, 1, 1, 1, 1, 1]]

means=tensor([7.3153e-04, 1.3415e-03, 1.9835e-03, 1.4715e-03, 1.1160e-03, 7.4619e-04,
        1.4380e-03, 5.2848e-04, 1.8567e-03, 5.2180e-04, 1.5077e-03, 4.4158e-04,
        1.5750e-03, 4.5072e-05, 9.7805e-05, 2.5199e-04, 6.0161e-06, 2.9131e-04,
        4.4059e-04, 1.2532e-04, 3.9389e-05, 9.5920e-04, 4.8804e-04, 1.6787e-04,
        1.5786e-04, 3.4611e-05, 4.3480e-04, 4.9675e-07, 4.3269e-04, 2.3451e-04,
        3.8677e-04, 3.4564e-04, 1.0460e-04, 5.0616e-04, 4.4839e-05, 4.0873e-05,
        7.8696e-06, 4.0181e-04, 4.8213e-04, 4.3428e-04, 3.8490e-04, 1.0583e-06,
        2.7095e-04, 3.1743e-04, 2.2964e-04, 1.2419e-03, 4.9753e-04, 3.6405e-04,
        1.7329e-04, 6.2977e-04, 9.4816e-05, 3.2779e-04, 1.6281e-04, 7.3176e-05,
        5.7133e-05, 3.9889e-04, 4.5594e-04, 3.8674e-04, 2.9746e-04, 1.9201e-04,
        2.2753e-05, 9.5609e-05, 1.5066e-04, 1.7144e-04, 1.0666e-04, 1.6765e-04,
        7.4677e-05, 4.2232e-04, 2.4055e-04, 1.9863e-04, 6.7695e-05, 4.1908e-05,
        4.1496e-06, 2.1640e-04, 6.7884e-05, 2.3316e-04, 3.3654e-04, 6.4053e-04,
        2.9519e-04, 1.7136e-04, 4.1578e-04, 4.6231e-06, 4.2979e-04, 2.0324e-05,
        6.3129e-05, 5.2889e-05, 1.4508e-04, 1.5010e-04, 9.3158e-05, 6.7745e-04,
        1.4162e-05, 2.2967e-04, 9.5781e-05, 2.2190e-05, 2.7580e-04, 2.6400e-04,
        3.2060e-04, 2.5470e-04, 1.7308e-04, 2.0999e-04, 1.0632e-04, 3.5345e-04,
        1.8206e-04, 9.5704e-05, 2.2934e-04, 6.7822e-04, 5.6601e-04, 2.3263e-05,
        1.0424e-04, 8.9335e-05, 3.1687e-04, 2.5014e-05, 2.8501e-04],
       grad_fn=<CatBackward>)

mean_overall=tensor(0.0003, grad_fn=<MeanBackward0>)

-----------------------------------------------ITERATION210-----------------------------------------------

final_causality=[[1, 1, 1, 1, 1, 1, 1, 1, 1, 1, 1, 1, 1], [1, 1, 1, 1, 1, 1, 1, 1, 1, 1, 1, 1, 1, 1, 1, 1, 1, 1, 1, 1, 1, 1, 1, 1, 1, 1, 1, 1, 1, 1, 1, 1, 1, 1, 1, 1, 1, 1, 1, 1, 1, 1, 1, 1, 1, 1, 1, 1, 1, 1], [1, 1, 1, 1, 1, 1, 1, 1, 1, 1, 1, 1, 1, 1, 1, 1, 1, 1, 1, 1, 1, 1, 1, 1, 1, 1, 1, 1, 1, 1, 1, 1, 1, 1, 1, 1, 1, 1, 1, 1, 1, 1, 1, 1, 1, 1, 1, 1, 1, 1]]

means=tensor([8.3471e-04, 1.5280e-03, 2.2283e-03, 1.6831e-03, 1.2936e-03, 8.4871e-04,
        1.6263e-03, 6.0278e-04, 2.0624e-03, 6.5013e-04, 1.7035e-03, 4.3310e-04,
        1.7634e-03, 5.7855e-05, 1.0747e-04, 2.9628e-04, 9.4187e-06, 3.1950e-04,
        5.0731e-04, 1.3881e-04, 4.0946e-05, 1.0501e-03, 5.7396e-04, 2.0664e-04,
        1.8487e-04, 3.3668e-05, 4.8666e-04, 3.6189e-06, 4.8988e-04, 2.6244e-04,
        4.4490e-04, 3.8558e-04, 1.3286e-04, 5.6116e-04, 4.6908e-05, 5.1573e-05,
        1.5707e-05, 4.5333e-04, 5.5037e-04, 4.9363e-04, 4.5717e-04, 2.1880e-06,
        3.1470e-04, 3.5717e-04, 2.6140e-04, 1.3636e-03, 5.3722e-04, 4.1500e-04,
        1.9797e-04, 7.0463e-04, 1.0353e-04, 3.6041e-04, 1.8302e-04, 8.4217e-05,
        6.2991e-05, 4.3886e-04, 5.1239e-04, 4.5769e-04, 3.2449e-04, 2.2916e-04,
        2.1657e-05, 1.1641e-04, 1.5016e-04, 1.8946e-04, 1.2428e-04, 2.0022e-04,
        8.6313e-05, 4.6605e-04, 2.6990e-04, 2.2264e-04, 7.9093e-05, 5.3735e-05,
        5.2367e-06, 2.4200e-04, 7.7565e-05, 2.6683e-04, 3.9073e-04, 7.0496e-04,
        3.2469e-04, 1.9489e-04, 4.5918e-04, 4.9956e-06, 4.7877e-04, 2.6261e-05,
        6.3360e-05, 6.0516e-05, 1.6177e-04, 1.7089e-04, 1.0980e-04, 7.4418e-04,
        1.7263e-05, 2.6117e-04, 1.1067e-04, 2.0759e-05, 3.0449e-04, 2.9227e-04,
        3.5654e-04, 2.9554e-04, 1.9337e-04, 2.3765e-04, 1.2515e-04, 3.9392e-04,
        2.0738e-04, 1.0844e-04, 2.5563e-04, 7.4155e-04, 6.1659e-04, 2.7975e-05,
        1.2197e-04, 1.0606e-04, 3.5260e-04, 2.4053e-05, 3.3513e-04],
       grad_fn=<CatBackward>)

mean_overall=tensor(0.0004, grad_fn=<MeanBackward0>)

-----------------------------------------------ITERATION220-----------------------------------------------

final_causality=[[1, 1, 1, 1, 1, 1, 1, 1, 1, 1, 1, 1, 1], [1, 1, 1, 1, 1, 1, 1, 1, 1, 1, 1, 1, 1, 1, 1, 1, 1, 1, 1, 1, 1, 1, 1, 1, 1, 1, 1, 1, 1, 1, 1, 1, 1, 1, 1, 1, 1, 1, 1, 1, 1, 1, 1, 1, 1, 1, 1, 1, 1, 1], [1, 1, 1, 1, 1, 1, 1, 1, 1, 1, 1, 1, 1, 1, 1, 1, 1, 1, 1, 1, 1, 1, 1, 1, 1, 1, 1, 1, 1, 1, 1, 1, 1, 1, 1, 1, 1, 1, 1, 1, 1, 1, 1, 1, 1, 1, 1, 1, 1, 1]]

means=tensor([9.4632e-04, 1.7303e-03, 2.4914e-03, 1.9144e-03, 1.4852e-03, 9.6145e-04,
        1.8295e-03, 6.8311e-04, 2.2799e-03, 7.8785e-04, 1.9156e-03, 4.1944e-04,
        1.9670e-03, 7.3305e-05, 1.1820e-04, 3.4534e-04, 1.2943e-05, 3.4971e-04,
        5.7916e-04, 1.5602e-04, 4.4309e-05, 1.1460e-03, 6.6774e-04, 2.5122e-04,
        2.1547e-04, 3.3018e-05, 5.4227e-04, 7.1194e-06, 5.5878e-04, 2.9284e-04,
        5.0813e-04, 4.2882e-04, 1.6652e-04, 6.1978e-04, 4.9199e-05, 6.4509e-05,
        2.3812e-05, 5.0900e-04, 6.2385e-04, 5.5792e-04, 5.3702e-04, 3.3975e-06,
        3.6252e-04, 4.0018e-04, 2.9601e-04, 1.4918e-03, 5.7900e-04, 4.7010e-04,
        2.2519e-04, 7.8430e-04, 1.1287e-04, 3.9489e-04, 2.0515e-04, 9.6751e-05,
        6.9508e-05, 4.8104e-04, 5.7326e-04, 5.3570e-04, 3.5294e-04, 2.7056e-04,
        2.0764e-05, 1.4298e-04, 1.4984e-04, 2.0968e-04, 1.4372e-04, 2.3537e-04,
        9.9673e-05, 5.1312e-04, 3.0126e-04, 2.4841e-04, 9.2372e-05, 6.8654e-05,
        6.6191e-06, 2.7033e-04, 8.8362e-05, 3.0342e-04, 4.4814e-04, 7.7356e-04,
        3.5668e-04, 2.2000e-04, 5.0505e-04, 5.4622e-06, 5.3108e-04, 3.3888e-05,
        7.3001e-05, 7.1362e-05, 1.7985e-04, 1.9365e-04, 1.2786e-04, 8.1401e-04,
        2.0724e-05, 2.9473e-04, 1.2703e-04, 1.9243e-05, 3.3521e-04, 3.2256e-04,
        3.9618e-04, 3.3963e-04, 2.1534e-04, 2.6750e-04, 1.4704e-04, 4.3749e-04,
        2.3453e-04, 1.2272e-04, 2.8445e-04, 8.0889e-04, 6.7001e-04, 3.3208e-05,
        1.4110e-04, 1.2436e-04, 3.9081e-04, 2.3484e-05, 3.8862e-04],
       grad_fn=<CatBackward>)

mean_overall=tensor(0.0004, grad_fn=<MeanBackward0>)

-----------------------------------------------ITERATION230-----------------------------------------------

final_causality=[[1, 1, 1, 1, 1, 1, 1, 1, 1, 1, 1, 1, 1], [1, 1, 1, 1, 1, 1, 1, 1, 1, 1, 1, 1, 1, 1, 1, 1, 1, 1, 1, 1, 1, 1, 1, 1, 1, 1, 1, 1, 1, 1, 1, 1, 1, 1, 1, 1, 1, 1, 1, 1, 1, 1, 1, 1, 1, 1, 1, 1, 1, 1], [1, 1, 1, 1, 1, 1, 1, 1, 1, 1, 1, 1, 1, 1, 1, 1, 1, 1, 1, 1, 1, 1, 1, 1, 1, 1, 1, 1, 1, 1, 1, 1, 1, 1, 1, 1, 1, 1, 1, 1, 1, 1, 1, 1, 1, 1, 1, 1, 1, 1]]

means=tensor([1.0657e-03, 1.9469e-03, 2.7705e-03, 2.1645e-03, 1.6887e-03, 1.0841e-03,
        2.0461e-03, 7.6842e-04, 2.5058e-03, 9.3307e-04, 2.1428e-03, 4.0125e-04,
        2.1848e-03, 9.1572e-05, 1.2993e-04, 3.9883e-04, 1.6567e-05, 3.8169e-04,
        6.5544e-04, 1.7488e-04, 4.8834e-05, 1.2458e-03, 7.6844e-04, 3.0149e-04,
        2.4963e-04, 3.2658e-05, 6.0115e-04, 1.0901e-05, 6.3484e-04, 3.2553e-04,
        5.7587e-04, 4.7508e-04, 2.0572e-04, 6.8142e-04, 5.1734e-05, 7.9797e-05,
        3.2126e-05, 5.6842e-04, 7.0187e-04, 6.2659e-04, 6.2376e-04, 4.6788e-06,
        4.1382e-04, 4.4615e-04, 3.3319e-04, 1.6250e-03, 6.2243e-04, 5.2874e-04,
        2.5480e-04, 8.6796e-04, 1.2274e-04, 4.3086e-04, 2.2906e-04, 1.1079e-04,
        7.6644e-05, 5.2486e-04, 6.3802e-04, 6.2018e-04, 3.8282e-04, 3.1602e-04,
        2.0199e-05, 1.7434e-04, 1.4964e-04, 2.3148e-04, 1.6680e-04, 2.7271e-04,
        1.1448e-04, 5.6310e-04, 3.3432e-04, 2.7566e-04, 1.0659e-04, 8.7178e-05,
        8.3848e-06, 3.0227e-04, 1.0025e-04, 3.4250e-04, 5.0821e-04, 8.4566e-04,
        3.9067e-04, 2.4642e-04, 5.5293e-04, 6.0277e-06, 5.8611e-04, 4.3569e-05,
        8.6569e-05, 8.5162e-05, 1.9961e-04, 2.2042e-04, 1.4721e-04, 8.8630e-04,
        2.4554e-05, 3.3002e-04, 1.4436e-04, 1.7558e-05, 3.6770e-04, 3.5462e-04,
        4.3832e-04, 3.8544e-04, 2.3883e-04, 2.9930e-04, 1.7219e-04, 4.8380e-04,
        2.6331e-04, 1.3853e-04, 3.1565e-04, 8.7962e-04, 7.2578e-04, 4.0375e-05,
        1.6150e-04, 1.4411e-04, 4.3116e-04, 2.2843e-05, 4.4488e-04],
       grad_fn=<CatBackward>)

mean_overall=tensor(0.0005, grad_fn=<MeanBackward0>)

-----------------------------------------------ITERATION240-----------------------------------------------

final_causality=[[1, 1, 1, 1, 1, 1, 1, 1, 1, 1, 1, 1, 1], [1, 1, 1, 1, 1, 1, 1, 1, 1, 1, 1, 1, 1, 1, 1, 1, 1, 1, 1, 1, 1, 1, 1, 1, 1, 1, 1, 1, 1, 1, 1, 1, 1, 1, 1, 1, 1, 1, 1, 1, 1, 1, 1, 1, 1, 1, 1, 1, 1, 1], [1, 1, 1, 1, 1, 1, 1, 1, 1, 1, 1, 1, 1, 1, 1, 1, 1, 1, 1, 1, 1, 1, 1, 1, 1, 1, 1, 1, 1, 1, 1, 1, 1, 1, 1, 1, 1, 1, 1, 1, 1, 1, 1, 1, 1, 1, 1, 1, 1, 1]]

means=tensor([1.1917e-03, 2.1757e-03, 3.0623e-03, 2.4312e-03, 1.9014e-03, 1.2158e-03,
        2.2736e-03, 8.5705e-04, 2.7355e-03, 1.0829e-03, 2.3832e-03, 3.7973e-04,
        2.4150e-03, 1.1265e-04, 1.4256e-04, 4.5610e-04, 2.0260e-05, 4.1507e-04,
        7.3515e-04, 1.9507e-04, 5.3683e-05, 1.3485e-03, 8.7469e-04, 3.5696e-04,
        2.8714e-04, 3.2590e-05, 6.6262e-04, 1.4963e-05, 7.1497e-04, 3.6018e-04,
        6.4722e-04, 5.2390e-04, 2.5035e-04, 7.4523e-04, 5.6312e-05, 9.7428e-05,
        4.0616e-05, 6.3094e-04, 7.8337e-04, 6.9878e-04, 7.1623e-04, 6.0358e-06,
        4.6770e-04, 4.9453e-04, 3.7247e-04, 1.7618e-03, 6.6687e-04, 5.8996e-04,
        2.8648e-04, 9.5440e-04, 1.3296e-04, 4.6780e-04, 2.5447e-04, 1.2627e-04,
        8.4326e-05, 5.6959e-04, 7.0586e-04, 7.1011e-04, 4.1552e-04, 3.6512e-04,
        1.9825e-05, 2.0974e-04, 1.4953e-04, 2.5464e-04, 1.9210e-04, 3.1171e-04,
        1.3065e-04, 6.1559e-04, 3.6861e-04, 3.0402e-04, 1.2158e-04, 1.0974e-04,
        1.0716e-05, 3.3991e-04, 1.1315e-04, 3.8345e-04, 5.7013e-04, 9.2027e-04,
        4.2621e-04, 2.7378e-04, 6.0217e-04, 6.6930e-06, 6.4302e-04, 5.5655e-05,
        1.0090e-04, 1.0007e-04, 2.2232e-04, 2.4972e-04, 1.6762e-04, 9.6016e-04,
        2.8742e-05, 3.6654e-04, 1.6245e-04, 1.7322e-05, 4.0153e-04, 3.8808e-04,
        4.8246e-04, 4.3290e-04, 2.6356e-04, 3.3266e-04, 2.0066e-04, 5.3229e-04,
        2.9342e-04, 1.5575e-04, 3.4893e-04, 9.5286e-04, 7.8320e-04, 4.8102e-05,
        1.8292e-04, 1.6525e-04, 4.7313e-04, 2.8093e-05, 5.0310e-04],
       grad_fn=<CatBackward>)

mean_overall=tensor(0.0005, grad_fn=<MeanBackward0>)

-----------------------------------------------ITERATION250-----------------------------------------------

final_causality=[[1, 1, 1, 1, 1, 1, 1, 1, 1, 1, 1, 1, 1], [1, 1, 1, 1, 1, 1, 1, 1, 1, 1, 1, 1, 1, 1, 1, 1, 1, 1, 1, 1, 1, 1, 1, 1, 1, 1, 1, 1, 1, 1, 1, 1, 1, 1, 1, 1, 1, 1, 1, 1, 1, 1, 1, 1, 1, 1, 1, 1, 1, 1], [1, 1, 1, 1, 1, 1, 1, 1, 1, 1, 1, 1, 1, 1, 1, 1, 1, 1, 1, 1, 1, 1, 1, 1, 1, 1, 1, 1, 1, 1, 1, 1, 1, 1, 1, 1, 1, 1, 1, 1, 1, 1, 1, 1, 1, 1, 1, 1, 1, 1]]

means=tensor([1.3227e-03, 2.4139e-03, 3.3620e-03, 2.7117e-03, 2.1191e-03, 1.3555e-03,
        2.5090e-03, 9.4670e-04, 2.9625e-03, 1.2335e-03, 2.6341e-03, 3.5681e-04,
        2.6551e-03, 1.3633e-04, 1.5591e-04, 5.1620e-04, 2.3978e-05, 4.4934e-04,
        8.1749e-04, 2.1632e-04, 5.8805e-05, 1.4524e-03, 9.8459e-04, 4.1672e-04,
        3.2756e-04, 3.2816e-05, 7.2578e-04, 1.9333e-05, 7.9769e-04, 3.9633e-04,
        7.2093e-04, 5.7458e-04, 2.9988e-04, 8.1009e-04, 6.1102e-05, 1.1722e-04,
        4.9228e-05, 6.9569e-04, 8.6695e-04, 7.7334e-04, 8.1280e-04, 7.5110e-06,
        5.2292e-04, 5.4459e-04, 4.1314e-04, 1.9001e-03, 7.1152e-04, 6.5249e-04,
        3.1973e-04, 1.0421e-03, 1.4332e-04, 5.0503e-04, 2.8100e-04, 1.4303e-04,
        9.2437e-05, 6.1428e-04, 7.7568e-04, 8.0404e-04, 4.4849e-04, 4.1718e-04,
        1.9610e-05, 2.4876e-04, 1.5160e-04, 2.7878e-04, 2.1812e-04, 3.5165e-04,
        1.4803e-04, 6.7001e-04, 4.0354e-04, 3.3298e-04, 1.3711e-04, 1.3663e-04,
        1.3591e-05, 3.8070e-04, 1.2688e-04, 4.2550e-04, 6.3285e-04, 9.9611e-04,
        4.6266e-04, 3.0160e-04, 6.5197e-04, 7.4541e-06, 7.0073e-04, 7.0417e-05,
        1.1575e-04, 1.1708e-04, 2.4578e-04, 2.8005e-04, 1.8880e-04, 1.0344e-03,
        3.3253e-05, 4.0368e-04, 1.8098e-04, 2.2246e-05, 4.3613e-04, 4.2240e-04,
        5.2790e-04, 4.8062e-04, 2.8911e-04, 3.6704e-04, 2.3229e-04, 5.8216e-04,
        3.2442e-04, 1.7417e-04, 3.8382e-04, 1.0274e-03, 8.4138e-04, 5.6247e-05,
        2.0505e-04, 1.8738e-04, 5.1605e-04, 3.5678e-05, 5.6225e-04],
       grad_fn=<CatBackward>)

mean_overall=tensor(0.0006, grad_fn=<MeanBackward0>)

-----------------------------------------------ITERATION260-----------------------------------------------

final_causality=[[1, 1, 1, 1, 1, 1, 1, 1, 1, 1, 1, 1, 1], [1, 1, 1, 1, 1, 1, 1, 1, 1, 1, 1, 1, 1, 1, 1, 1, 1, 1, 1, 1, 1, 1, 1, 1, 1, 1, 1, 1, 1, 1, 1, 1, 1, 1, 1, 1, 1, 1, 1, 1, 1, 1, 1, 1, 1, 1, 1, 1, 1, 1], [1, 1, 1, 1, 1, 1, 1, 1, 1, 1, 1, 1, 1, 1, 1, 1, 1, 1, 1, 1, 1, 1, 1, 1, 1, 1, 1, 1, 1, 1, 1, 1, 1, 1, 1, 1, 1, 1, 1, 1, 1, 1, 1, 1, 1, 1, 1, 1, 1, 1]]

means=tensor([1.4569e-03, 2.6578e-03, 3.6641e-03, 3.0021e-03, 2.3368e-03, 1.5014e-03,
        2.7480e-03, 1.0345e-03, 3.1791e-03, 1.3799e-03, 2.8921e-03, 3.3518e-04,
        2.9017e-03, 1.6216e-04, 1.6973e-04, 5.7784e-04, 2.7642e-05, 4.8390e-04,
        9.0150e-04, 2.3826e-04, 6.4120e-05, 1.5556e-03, 1.0958e-03, 4.7943e-04,
        3.7025e-04, 3.3341e-05, 7.8953e-04, 2.4026e-05, 8.8115e-04, 4.3333e-04,
        7.9542e-04, 6.2625e-04, 3.5337e-04, 8.7464e-04, 6.5993e-05, 1.3876e-04,
        5.7863e-05, 7.6156e-04, 9.5090e-04, 8.4878e-04, 9.1133e-04, 9.0905e-06,
        5.7792e-04, 5.9539e-04, 4.5433e-04, 2.0374e-03, 7.5544e-04, 7.1473e-04,
        3.5386e-04, 1.1291e-03, 1.5353e-04, 5.4176e-04, 3.0810e-04, 1.6079e-04,
        1.0082e-04, 6.5782e-04, 8.4611e-04, 9.0010e-04, 4.8100e-04, 4.7120e-04,
        1.9547e-05, 2.9061e-04, 1.5334e-04, 3.0346e-04, 2.4424e-04, 3.9166e-04,
        1.6633e-04, 7.2473e-04, 4.3838e-04, 3.6195e-04, 1.5289e-04, 1.6785e-04,
        1.7035e-05, 4.2163e-04, 1.4119e-04, 4.6775e-04, 6.9513e-04, 1.0716e-03,
        4.9927e-04, 3.2934e-04, 7.0134e-04, 8.3002e-06, 7.5796e-04, 8.7986e-05,
        1.3080e-04, 1.3527e-04, 2.6956e-04, 3.1105e-04, 2.1031e-04, 1.1076e-03,
        3.8020e-05, 4.4068e-04, 1.9958e-04, 2.8607e-05, 4.7078e-04, 4.5688e-04,
        5.7374e-04, 5.2765e-04, 3.1498e-04, 4.0173e-04, 2.6669e-04, 6.3262e-04,
        3.5571e-04, 1.9348e-04, 4.1966e-04, 1.1025e-03, 8.9930e-04, 6.4661e-05,
        2.2744e-04, 2.0995e-04, 5.5905e-04, 4.3939e-05, 6.2110e-04],
       grad_fn=<CatBackward>)

mean_overall=tensor(0.0007, grad_fn=<MeanBackward0>)

-----------------------------------------------ITERATION270-----------------------------------------------

final_causality=[[1, 1, 1, 1, 1, 1, 1, 1, 1, 1, 1, 1, 1], [1, 1, 1, 1, 1, 1, 1, 1, 1, 1, 1, 1, 1, 1, 1, 1, 1, 1, 1, 1, 1, 1, 1, 1, 1, 1, 1, 1, 1, 1, 1, 1, 1, 1, 1, 1, 1, 1, 1, 1, 1, 1, 1, 1, 1, 1, 1, 1, 1, 1], [1, 1, 1, 1, 1, 1, 1, 1, 1, 1, 1, 1, 1, 1, 1, 1, 1, 1, 1, 1, 1, 1, 1, 1, 1, 1, 1, 1, 1, 1, 1, 1, 1, 1, 1, 1, 1, 1, 1, 1, 1, 1, 1, 1, 1, 1, 1, 1, 1, 1]]

means=tensor([1.5920e-03, 2.9028e-03, 3.9621e-03, 3.2978e-03, 2.5488e-03, 1.6517e-03,
        2.9860e-03, 1.1168e-03, 3.3767e-03, 1.5163e-03, 3.1534e-03, 3.1822e-04,
        3.1513e-03, 1.8945e-04, 1.8374e-04, 6.3950e-04, 3.1154e-05, 5.1803e-04,
        9.8440e-04, 2.6042e-04, 6.9524e-05, 1.6562e-03, 1.2056e-03, 5.4336e-04,
        4.1484e-04, 3.4170e-05, 8.5345e-04, 2.9040e-05, 9.6434e-04, 4.7044e-04,
        8.6888e-04, 6.7783e-04, 4.0941e-04, 9.3735e-04, 7.0854e-05, 1.6144e-04,
        6.6376e-05, 8.2729e-04, 1.0333e-03, 9.2342e-04, 1.0093e-03, 1.0757e-05,
        6.3090e-04, 6.4582e-04, 4.9498e-04, 2.1711e-03, 7.9757e-04, 7.7485e-04,
        3.8806e-04, 1.2134e-03, 1.6329e-04, 5.7710e-04, 3.3511e-04, 1.7917e-04,
        1.0927e-04, 6.9903e-04, 9.1559e-04, 9.9607e-04, 5.1225e-04, 5.2598e-04,
        1.9629e-05, 3.3417e-04, 1.5468e-04, 3.2808e-04, 2.6983e-04, 4.3079e-04,
        1.8517e-04, 7.7849e-04, 4.7231e-04, 3.9029e-04, 1.6856e-04, 2.0309e-04,
        2.1048e-05, 4.6164e-04, 1.5575e-04, 5.0919e-04, 7.5558e-04, 1.1451e-03,
        5.3519e-04, 3.5639e-04, 7.4920e-04, 9.2134e-06, 8.1333e-04, 1.0828e-04,
        1.4571e-04, 1.5314e-04, 2.9311e-04, 3.4205e-04, 2.3167e-04, 1.1782e-03,
        4.2949e-05, 4.7668e-04, 2.1782e-04, 3.5110e-05, 5.0467e-04, 4.9110e-04,
        6.1891e-04, 5.7296e-04, 3.4056e-04, 4.3592e-04, 3.0321e-04, 6.8290e-04,
        3.8662e-04, 2.1323e-04, 4.5564e-04, 1.1768e-03, 9.5726e-04, 7.3160e-05,
        2.4958e-04, 2.3239e-04, 6.0114e-04, 5.2603e-05, 6.7827e-04],
       grad_fn=<CatBackward>)

mean_overall=tensor(0.0007, grad_fn=<MeanBackward0>)

-----------------------------------------------ITERATION280-----------------------------------------------

final_causality=[[1, 1, 1, 1, 1, 1, 1, 1, 1, 1, 1, 1, 1], [1, 1, 1, 1, 1, 1, 1, 1, 1, 1, 1, 1, 1, 1, 1, 1, 1, 1, 1, 1, 1, 1, 1, 1, 1, 1, 1, 1, 1, 1, 1, 1, 1, 1, 1, 1, 1, 1, 1, 1, 1, 1, 1, 1, 1, 1, 1, 1, 1, 1], [1, 1, 1, 1, 1, 1, 1, 1, 1, 1, 1, 1, 1, 1, 1, 1, 1, 1, 1, 1, 1, 1, 1, 1, 1, 1, 1, 1, 1, 1, 1, 1, 1, 1, 1, 1, 1, 1, 1, 1, 1, 1, 1, 1, 1, 1, 1, 1, 1, 1]]

means=tensor([1.7256e-03, 3.1446e-03, 4.2493e-03, 3.5940e-03, 2.7487e-03, 1.8041e-03,
        3.2180e-03, 1.1901e-03, 3.5460e-03, 1.6366e-03, 3.4139e-03, 3.0977e-04,
        3.3998e-03, 2.1729e-04, 1.9761e-04, 6.9947e-04, 3.4400e-05, 5.5157e-04,
        1.0643e-03, 2.8257e-04, 7.4895e-05, 1.7519e-03, 1.3112e-03, 6.0645e-04,
        4.6025e-04, 3.5309e-05, 9.1795e-04, 3.4343e-05, 1.0439e-03, 5.0682e-04,
        9.3936e-04, 7.2821e-04, 4.6622e-04, 9.9669e-04, 7.5543e-05, 1.8441e-04,
        7.4589e-05, 8.9151e-04, 1.1125e-03, 9.9547e-04, 1.1040e-03, 1.2484e-05,
        6.7996e-04, 6.9470e-04, 5.3400e-04, 2.2984e-03, 8.3686e-04, 8.3096e-04,
        4.2139e-04, 1.2927e-03, 1.7261e-04, 6.1014e-04, 3.6132e-04, 1.9773e-04,
        1.1859e-04, 7.4001e-04, 9.8247e-04, 1.0896e-03, 5.4144e-04, 5.8016e-04,
        1.9845e-05, 3.7801e-04, 1.5554e-04, 3.5204e-04, 2.9423e-04, 4.6808e-04,
        2.0408e-04, 8.2993e-04, 5.0449e-04, 4.1730e-04, 1.8372e-04, 2.4168e-04,
        2.5585e-05, 4.9973e-04, 1.7039e-04, 5.4880e-04, 8.1280e-04, 1.2148e-03,
        5.6956e-04, 3.8212e-04, 7.9445e-04, 1.0181e-05, 8.6543e-04, 1.3098e-04,
        1.6015e-04, 1.7023e-04, 3.1586e-04, 3.7198e-04, 2.5236e-04, 1.2446e-03,
        4.7919e-05, 5.1085e-04, 2.3526e-04, 4.1746e-05, 5.3696e-04, 5.2411e-04,
        6.6228e-04, 6.1551e-04, 3.6519e-04, 4.6875e-04, 3.4094e-04, 7.3112e-04,
        4.1639e-04, 2.3292e-04, 4.9085e-04, 1.2472e-03, 1.0121e-03, 8.1539e-05,
        2.7093e-04, 2.5410e-04, 6.4132e-04, 6.1096e-05, 7.3238e-04],
       grad_fn=<CatBackward>)

mean_overall=tensor(0.0008, grad_fn=<MeanBackward0>)

-----------------------------------------------ITERATION290-----------------------------------------------

final_causality=[[1, 1, 1, 1, 1, 1, 1, 1, 1, 1, 1, 1, 1], [1, 1, 1, 1, 1, 1, 1, 1, 1, 1, 1, 1, 1, 1, 1, 1, 1, 1, 1, 1, 1, 1, 1, 1, 1, 1, 1, 1, 1, 1, 1, 1, 1, 1, 1, 1, 1, 1, 1, 1, 1, 1, 1, 1, 1, 1, 1, 1, 1, 1], [1, 1, 1, 1, 1, 1, 1, 1, 1, 1, 1, 1, 1, 1, 1, 1, 1, 1, 1, 1, 1, 1, 1, 1, 1, 1, 1, 1, 1, 1, 1, 1, 1, 1, 1, 1, 1, 1, 1, 1, 1, 1, 1, 1, 1, 1, 1, 1, 1, 1]]

means=tensor([1.8556e-03, 3.3786e-03, 4.5193e-03, 3.8859e-03, 2.9307e-03, 1.9565e-03,
        3.4391e-03, 1.2505e-03, 3.6788e-03, 1.7349e-03, 3.6698e-03, 3.1367e-04,
        3.6437e-03, 2.4466e-04, 2.1101e-04, 7.5614e-04, 3.7267e-05, 5.8422e-04,
        1.1394e-03, 3.0411e-04, 8.0109e-05, 1.8409e-03, 1.4099e-03, 6.6662e-04,
        5.0448e-04, 3.6761e-05, 9.7907e-04, 3.9884e-05, 1.1176e-03, 5.4167e-04,
        1.0050e-03, 7.7628e-04, 5.2177e-04, 1.0512e-03, 7.9925e-05, 2.0673e-04,
        8.2318e-05, 9.5528e-04, 1.1865e-03, 1.0632e-03, 1.1927e-03, 1.4236e-05,
        7.2335e-04, 7.4093e-04, 5.7031e-04, 2.4168e-03, 8.7240e-04, 8.8130e-04,
        4.5296e-04, 1.3652e-03, 1.8082e-04, 6.4011e-04, 3.8604e-04, 2.1598e-04,
        1.2829e-04, 7.7700e-04, 1.0452e-03, 1.1783e-03, 5.6784e-04, 6.3236e-04,
        2.0187e-05, 4.2057e-04, 1.5589e-04, 3.7473e-04, 3.1689e-04, 5.0264e-04,
        2.2256e-04, 8.7778e-04, 5.3414e-04, 4.4239e-04, 1.9799e-04, 2.8267e-04,
        3.0552e-05, 5.3497e-04, 1.8453e-04, 5.8567e-04, 8.6552e-04, 1.2790e-03,
        6.0156e-04, 4.0598e-04, 8.3608e-04, 1.1268e-05, 9.1301e-04, 1.5568e-04,
        1.7382e-04, 1.8615e-04, 3.3724e-04, 4.0007e-04, 2.7183e-04, 1.3052e-03,
        5.2800e-05, 5.4240e-04, 2.5146e-04, 4.8232e-05, 5.6684e-04, 5.5490e-04,
        7.0276e-04, 6.5436e-04, 3.8826e-04, 4.9940e-04, 3.7886e-04, 7.7606e-04,
        4.4432e-04, 2.5203e-04, 5.2441e-04, 1.3120e-03, 1.0626e-03, 8.9591e-05,
        2.9094e-04, 2.7450e-04, 6.7863e-04, 6.9194e-05, 7.8217e-04],
       grad_fn=<CatBackward>)

mean_overall=tensor(0.0008, grad_fn=<MeanBackward0>)

-----------------------------------------------ITERATION300-----------------------------------------------

final_causality=[[1, 1, 1, 1, 1, 1, 1, 1, 1, 1, 1, 1, 1], [1, 1, 1, 1, 1, 1, 1, 1, 1, 1, 1, 1, 1, 1, 1, 1, 1, 1, 1, 1, 1, 1, 1, 1, 1, 1, 1, 1, 1, 1, 1, 1, 1, 1, 1, 1, 1, 1, 1, 1, 1, 1, 1, 1, 1, 1, 1, 1, 1, 1], [1, 1, 1, 1, 1, 1, 1, 1, 1, 1, 1, 1, 1, 1, 1, 1, 1, 1, 1, 1, 1, 1, 1, 1, 1, 1, 1, 1, 1, 1, 1, 1, 1, 1, 1, 1, 1, 1, 1, 1, 1, 1, 1, 1, 1, 1, 1, 1, 1, 1]]

means=tensor([1.9804e-03, 3.6010e-03, 4.7671e-03, 4.1695e-03, 3.0896e-03, 2.1071e-03,
        3.6454e-03, 1.2948e-03, 3.7690e-03, 1.8063e-03, 3.9178e-03, 3.3320e-04,
        3.8800e-03, 2.7051e-04, 2.2367e-04, 8.0808e-04, 3.9667e-05, 6.1427e-04,
        1.2082e-03, 3.2401e-04, 8.5056e-05, 1.9217e-03, 1.4995e-03, 7.2196e-04,
        5.4638e-04, 3.8525e-05, 1.0357e-03, 4.5595e-05, 1.1837e-03, 5.7430e-04,
        1.0644e-03, 8.2111e-04, 5.7412e-04, 1.0999e-03, 8.3885e-05, 2.2742e-04,
        8.9399e-05, 1.0139e-03, 1.2538e-03, 1.1253e-03, 1.2733e-03, 1.5973e-05,
        7.5971e-04, 7.8356e-04, 6.0306e-04, 2.5245e-03, 9.0347e-04, 9.2449e-04,
        4.8201e-04, 1.4292e-03, 1.8770e-04, 6.6640e-04, 4.0867e-04, 2.3347e-04,
        1.3739e-04, 8.0836e-04, 1.1025e-03, 1.2602e-03, 5.9089e-04, 6.8137e-04,
        2.0640e-05, 4.6033e-04, 1.5571e-04, 3.9564e-04, 3.3738e-04, 5.3378e-04,
        2.4015e-04, 9.2103e-04, 5.6065e-04, 4.6506e-04, 2.1104e-04, 3.2495e-04,
        3.5837e-05, 5.6665e-04, 1.9780e-04, 6.1906e-04, 9.1275e-04, 1.3365e-03,
        6.3057e-04, 4.2750e-04, 8.7331e-04, 1.2345e-05, 9.5510e-04, 1.8172e-04,
        1.8648e-04, 2.0062e-04, 3.5680e-04, 4.2571e-04, 2.8967e-04, 1.3590e-03,
        5.7465e-05, 5.7071e-04, 2.6609e-04, 5.4388e-05, 5.9370e-04, 5.8281e-04,
        7.3944e-04, 6.8878e-04, 4.0926e-04, 5.2721e-04, 4.1592e-04, 8.1673e-04,
        4.6981e-04, 2.7006e-04, 5.5553e-04, 1.3700e-03, 1.1078e-03, 9.7134e-05,
        3.0915e-04, 2.9308e-04, 7.1232e-04, 7.6703e-05, 8.2784e-04],
       grad_fn=<CatBackward>)

mean_overall=tensor(0.0009, grad_fn=<MeanBackward0>)

-----------------------------------------------ITERATION310-----------------------------------------------

final_causality=[[1, 1, 1, 1, 1, 1, 1, 1, 1, 1, 1, 1, 1], [1, 1, 1, 1, 1, 1, 1, 1, 1, 1, 1, 1, 1, 1, 1, 1, 1, 1, 1, 1, 1, 1, 1, 1, 1, 1, 1, 1, 1, 1, 1, 1, 1, 1, 1, 1, 1, 1, 1, 1, 1, 1, 1, 1, 1, 1, 1, 1, 1, 1], [1, 1, 1, 1, 1, 1, 1, 1, 1, 1, 1, 1, 1, 1, 1, 1, 1, 1, 1, 1, 1, 1, 1, 1, 1, 1, 1, 1, 1, 1, 1, 1, 1, 1, 1, 1, 1, 1, 1, 1, 1, 1, 1, 1, 1, 1, 1, 1, 1, 1]]

means=tensor([2.0988e-03, 3.8094e-03, 4.9890e-03, 4.4421e-03, 3.2220e-03, 2.2545e-03,
        3.8339e-03, 1.3210e-03, 3.8138e-03, 1.8477e-03, 4.1560e-03, 3.7055e-04,
        4.1068e-03, 2.9403e-04, 2.3539e-04, 8.5435e-04, 4.1550e-05, 6.4129e-04,
        1.2698e-03, 3.4187e-04, 8.9653e-05, 1.9935e-03, 1.5785e-03, 7.7114e-04,
        5.8504e-04, 4.0599e-05, 1.0870e-03, 5.1410e-05, 1.2412e-03, 6.0420e-04,
        1.1166e-03, 8.6204e-04, 6.2169e-04, 1.1419e-03, 8.7351e-05, 2.4573e-04,
        9.5715e-05, 1.0661e-03, 1.3134e-03, 1.1807e-03, 1.3442e-03, 1.7663e-05,
        7.8825e-04, 8.2195e-04, 6.3166e-04, 2.6204e-03, 9.2971e-04, 9.5976e-04,
        5.0801e-04, 1.4868e-03, 1.9310e-04, 6.8867e-04, 4.2880e-04, 2.4983e-04,
        1.4572e-04, 8.3365e-04, 1.1537e-03, 1.3342e-03, 6.1028e-04, 7.2630e-04,
        2.1193e-05, 4.9612e-04, 1.5500e-04, 4.1441e-04, 3.5545e-04, 5.6107e-04,
        2.5647e-04, 9.5902e-04, 5.8367e-04, 4.8503e-04, 2.2264e-04, 3.6748e-04,
        4.1343e-05, 5.9436e-04, 2.0991e-04, 6.4855e-04, 9.5392e-04, 1.3865e-03,
        6.5619e-04, 4.4643e-04, 9.0569e-04, 1.3388e-05, 9.9117e-04, 2.0826e-04,
        1.9798e-04, 2.1346e-04, 3.7422e-04, 4.4847e-04, 3.0557e-04, 1.4053e-03,
        6.1816e-05, 5.9544e-04, 2.7892e-04, 6.0262e-05, 6.1717e-04, 6.0744e-04,
        7.7173e-04, 7.1839e-04, 4.2784e-04, 5.5176e-04, 4.5126e-04, 8.5246e-04,
        4.9245e-04, 2.8665e-04, 5.8365e-04, 1.4202e-03, 1.1473e-03, 1.0404e-04,
        3.2525e-04, 3.0950e-04, 7.4190e-04, 8.3488e-05, 8.6770e-04],
       grad_fn=<CatBackward>)

mean_overall=tensor(0.0009, grad_fn=<MeanBackward0>)

-----------------------------------------------ITERATION320-----------------------------------------------

final_causality=[[1, 1, 1, 1, 1, 1, 1, 1, 1, 1, 1, 1, 1], [1, 1, 1, 1, 1, 1, 1, 1, 1, 1, 1, 1, 1, 1, 1, 1, 1, 1, 1, 1, 1, 1, 1, 1, 1, 1, 1, 1, 1, 1, 1, 1, 1, 1, 1, 1, 1, 1, 1, 1, 1, 1, 1, 1, 1, 1, 1, 1, 1, 1], [1, 1, 1, 1, 1, 1, 1, 1, 1, 1, 1, 1, 1, 1, 1, 1, 1, 1, 1, 1, 1, 1, 1, 1, 1, 1, 1, 1, 1, 1, 1, 1, 1, 1, 1, 1, 1, 1, 1, 1, 1, 1, 1, 1, 1, 1, 1, 1, 1, 1]]

means=tensor([2.2106e-03, 4.0024e-03, 5.1839e-03, 4.7021e-03, 3.3262e-03, 2.3981e-03,
        4.0033e-03, 1.3283e-03, 3.8142e-03, 1.8582e-03, 4.3833e-03, 4.2640e-04,
        4.3233e-03, 3.1471e-04, 2.4607e-04, 8.9455e-04, 4.2913e-05, 6.6514e-04,
        1.3239e-03, 3.5761e-04, 9.3853e-05, 2.0561e-03, 1.6466e-03, 8.1353e-04,
        6.2182e-04, 4.2979e-05, 1.1328e-03, 5.7269e-05, 1.2895e-03, 6.3113e-04,
        1.1611e-03, 8.9880e-04, 6.6356e-04, 1.1772e-03, 9.0295e-05, 2.6120e-04,
        1.0122e-04, 1.1113e-03, 1.3650e-03, 1.2292e-03, 1.4050e-03, 1.9284e-05,
        8.0934e-04, 8.5584e-04, 6.5593e-04, 2.7041e-03, 9.5110e-04, 9.8700e-04,
        5.3071e-04, 1.5446e-03, 1.9703e-04, 7.0690e-04, 4.4626e-04, 2.6486e-04,
        1.5315e-04, 8.5286e-04, 1.1984e-03, 1.3995e-03, 6.2596e-04, 7.6668e-04,
        2.1829e-05, 5.2728e-04, 1.5380e-04, 4.3091e-04, 3.7107e-04, 5.8439e-04,
        2.7133e-04, 9.9158e-04, 6.0312e-04, 5.0224e-04, 2.3272e-04, 4.0943e-04,
        4.6896e-05, 6.1800e-04, 2.2073e-04, 6.7401e-04, 9.8893e-04, 1.4289e-03,
        6.7831e-04, 4.6273e-04, 9.3315e-04, 1.4378e-05, 1.0211e-03, 2.3471e-04,
        2.0829e-04, 2.2464e-04, 3.8939e-04, 4.6820e-04, 3.1940e-04, 1.4440e-03,
        6.5795e-05, 6.1702e-04, 2.8990e-04, 6.5624e-05, 6.3781e-04, 6.2865e-04,
        7.9944e-04, 7.4318e-04, 4.4392e-04, 5.7289e-04, 4.8429e-04, 8.8305e-04,
        5.1213e-04, 3.0160e-04, 6.0854e-04, 1.4626e-03, 1.1809e-03, 1.1024e-04,
        3.3913e-04, 3.2362e-04, 7.6725e-04, 8.9692e-05, 9.0159e-04],
       grad_fn=<CatBackward>)

mean_overall=tensor(0.0010, grad_fn=<MeanBackward0>)

-----------------------------------------------ITERATION330-----------------------------------------------

final_causality=[[1, 1, 1, 1, 1, 1, 1, 1, 1, 1, 1, 1, 1], [1, 1, 1, 1, 1, 1, 1, 1, 1, 1, 1, 1, 1, 1, 1, 1, 1, 1, 1, 1, 1, 1, 1, 1, 1, 1, 1, 1, 1, 1, 1, 1, 1, 1, 1, 1, 1, 1, 1, 1, 1, 1, 1, 1, 1, 1, 1, 1, 1, 1], [1, 1, 1, 1, 1, 1, 1, 1, 1, 1, 1, 1, 1, 1, 1, 1, 1, 1, 1, 1, 1, 1, 1, 1, 1, 1, 1, 1, 1, 1, 1, 1, 1, 1, 1, 1, 1, 1, 1, 1, 1, 1, 1, 1, 1, 1, 1, 1, 1, 1]]

means=tensor([2.3162e-03, 4.1800e-03, 5.3522e-03, 4.9496e-03, 3.4025e-03, 2.5381e-03,
        4.1536e-03, 1.3171e-03, 3.7744e-03, 1.8390e-03, 4.6001e-03, 5.0001e-04,
        4.5300e-03, 3.3242e-04, 2.5571e-04, 9.2884e-04, 4.3797e-05, 6.8592e-04,
        1.3707e-03, 3.7207e-04, 9.7650e-05, 2.1099e-03, 1.7041e-03, 8.4929e-04,
        6.5575e-04, 4.5656e-05, 1.1732e-03, 6.3134e-05, 1.3293e-03, 6.5513e-04,
        1.1983e-03, 9.3142e-04, 6.9952e-04, 1.2061e-03, 9.2737e-05, 2.7374e-04,
        1.0592e-04, 1.1539e-03, 1.4090e-03, 1.2710e-03, 1.4560e-03, 2.0868e-05,
        8.2446e-04, 8.8531e-04, 6.7603e-04, 2.7763e-03, 9.6794e-04, 1.0067e-03,
        5.5020e-04, 1.5947e-03, 1.9959e-04, 7.2132e-04, 4.6110e-04, 2.7848e-04,
        1.5965e-04, 8.6641e-04, 1.2369e-03, 1.4566e-03, 6.3814e-04, 8.0249e-04,
        2.2534e-05, 5.5374e-04, 1.5218e-04, 4.4521e-04, 3.8438e-04, 6.0393e-04,
        2.8468e-04, 1.0189e-03, 6.1971e-04, 5.1685e-04, 2.4132e-04, 4.5033e-04,
        5.2410e-05, 6.3780e-04, 2.3024e-04, 6.9563e-04, 1.0181e-03, 1.4640e-03,
        6.9708e-04, 4.7657e-04, 9.5599e-04, 1.5309e-05, 1.0454e-03, 2.6069e-04,
        2.1746e-04, 2.3436e-04, 4.0240e-04, 4.8500e-04, 3.3123e-04, 1.4764e-03,
        6.9391e-05, 6.3544e-04, 2.9913e-04, 7.0437e-05, 6.5516e-04, 6.4662e-04,
        8.2275e-04, 7.6349e-04, 4.5757e-04, 5.9073e-04, 5.1480e-04, 9.0869e-04,
        5.2893e-04, 3.1490e-04, 6.3025e-04, 1.4974e-03, 1.2090e-03, 1.1575e-04,
        3.5087e-04, 3.3551e-04, 7.8854e-04, 9.5142e-05, 9.2984e-04],
       grad_fn=<CatBackward>)

mean_overall=tensor(0.0010, grad_fn=<MeanBackward0>)

-----------------------------------------------ITERATION340-----------------------------------------------

final_causality=[[1, 1, 1, 1, 1, 1, 1, 1, 1, 1, 1, 1, 1], [1, 1, 1, 1, 1, 1, 1, 1, 1, 1, 1, 1, 1, 1, 1, 1, 1, 1, 1, 1, 1, 1, 1, 1, 1, 1, 1, 1, 1, 1, 1, 1, 1, 1, 1, 1, 1, 1, 1, 1, 1, 1, 1, 1, 1, 1, 1, 1, 1, 1], [1, 1, 1, 1, 1, 1, 1, 1, 1, 1, 1, 1, 1, 1, 1, 1, 1, 1, 1, 1, 1, 1, 1, 1, 1, 1, 1, 1, 1, 1, 1, 1, 1, 1, 1, 1, 1, 1, 1, 1, 1, 1, 1, 1, 1, 1, 1, 1, 1, 1]]

means=tensor([2.4167e-03, 4.3435e-03, 5.4965e-03, 5.1859e-03, 3.4527e-03, 2.6749e-03,
        4.2861e-03, 1.2892e-03, 3.7006e-03, 1.7931e-03, 4.8076e-03, 5.8957e-04,
        4.7284e-03, 3.4738e-04, 2.6443e-04, 9.5782e-04, 4.4279e-05, 7.0392e-04,
        1.4109e-03, 3.8478e-04, 1.0107e-04, 2.1559e-03, 1.7522e-03, 8.7916e-04,
        6.8681e-04, 4.8622e-05, 1.2086e-03, 6.8988e-05, 1.3614e-03, 6.7642e-04,
        1.2289e-03, 9.6025e-04, 7.2995e-04, 1.2293e-03, 9.4729e-05, 2.8360e-04,
        1.0990e-04, 1.1922e-03, 1.4462e-03, 1.3067e-03, 1.4984e-03, 2.2477e-05,
        8.3339e-04, 9.1075e-04, 6.9237e-04, 2.8381e-03, 9.8077e-04, 1.0200e-03,
        5.6676e-04, 1.6378e-03, 2.0095e-04, 7.3236e-04, 4.7355e-04, 2.9076e-04,
        1.6527e-04, 8.7502e-04, 1.2699e-03, 1.5064e-03, 6.4721e-04, 8.3404e-04,
        2.3294e-05, 5.7590e-04, 1.5021e-04, 4.5754e-04, 3.9565e-04, 6.2006e-04,
        2.9663e-04, 1.0417e-03, 6.3358e-04, 5.2916e-04, 2.4860e-04, 4.9006e-04,
        5.7848e-05, 6.5418e-04, 2.3857e-04, 7.1384e-04, 1.0421e-03, 1.4926e-03,
        7.1286e-04, 4.8826e-04, 9.7477e-04, 1.6184e-05, 1.0676e-03, 2.8607e-04,
        2.2561e-04, 2.4283e-04, 4.1347e-04, 4.9913e-04, 3.4126e-04, 1.5031e-03,
        7.2635e-05, 6.5083e-04, 3.0682e-04, 7.4752e-05, 6.6958e-04, 6.6170e-04,
        8.4215e-04, 7.7991e-04, 4.6908e-04, 6.0563e-04, 5.4289e-04, 9.2991e-04,
        5.4318e-04, 3.2666e-04, 6.4908e-04, 1.5256e-03, 1.2322e-03, 1.2062e-04,
        3.6068e-04, 3.4540e-04, 8.0619e-04, 9.9895e-05, 9.5312e-04],
       grad_fn=<CatBackward>)

mean_overall=tensor(0.0010, grad_fn=<MeanBackward0>)

-----------------------------------------------ITERATION350-----------------------------------------------

final_causality=[[1, 1, 1, 1, 1, 1, 1, 1, 1, 1, 1, 1, 1], [1, 1, 1, 1, 1, 1, 1, 1, 1, 1, 1, 1, 1, 1, 1, 1, 1, 1, 1, 1, 1, 1, 1, 1, 1, 1, 1, 1, 1, 1, 1, 1, 1, 1, 1, 1, 1, 1, 1, 1, 1, 1, 1, 1, 1, 1, 1, 1, 1, 1], [1, 1, 1, 1, 1, 1, 1, 1, 1, 1, 1, 1, 1, 1, 1, 1, 1, 1, 1, 1, 1, 1, 1, 1, 1, 1, 1, 1, 1, 1, 1, 1, 1, 1, 1, 1, 1, 1, 1, 1, 1, 1, 1, 1, 1, 1, 1, 1, 1, 1]]

means=tensor([2.5135e-03, 4.4946e-03, 5.6200e-03, 5.4128e-03, 3.4797e-03, 2.8098e-03,
        4.4027e-03, 1.2469e-03, 3.5997e-03, 1.7246e-03, 5.0076e-03, 6.9268e-04,
        4.9208e-03, 3.5998e-04, 2.7236e-04, 9.8237e-04, 4.4451e-05, 7.1956e-04,
        1.4455e-03, 3.9593e-04, 1.0416e-04, 2.1952e-03, 1.7928e-03, 9.0419e-04,
        7.1536e-04, 5.1872e-05, 1.2398e-03, 7.4831e-05, 1.3872e-03, 6.9538e-04,
        1.2539e-03, 9.8582e-04, 7.5558e-04, 1.2477e-03, 9.6349e-05, 2.9117e-04,
        1.1326e-04, 1.2264e-03, 1.4777e-03, 1.3373e-03, 1.5336e-03, 2.4099e-05,
        8.3734e-04, 9.3272e-04, 7.0556e-04, 2.8912e-03, 9.9024e-04, 1.0279e-03,
        5.8087e-04, 1.6750e-03, 2.0136e-04, 7.4059e-04, 4.8396e-04, 3.0187e-04,
        1.7011e-04, 8.7955e-04, 1.2981e-03, 1.5499e-03, 6.5422e-04, 8.6195e-04,
        2.4096e-05, 5.9440e-04, 1.4795e-04, 4.6822e-04, 4.0525e-04, 6.3330e-04,
        3.0739e-04, 1.0606e-03, 6.4500e-04, 5.3959e-04, 2.5479e-04, 5.2878e-04,
        6.3220e-05, 6.6771e-04, 2.4589e-04, 7.2918e-04, 1.0617e-03, 1.5158e-03,
        7.2612e-04, 4.9819e-04, 9.9018e-04, 1.7012e-05, 1.0864e-03, 3.1094e-04,
        2.3290e-04, 2.5009e-04, 4.2293e-04, 5.1100e-04, 3.4975e-04, 1.5246e-03,
        7.5584e-05, 6.6367e-04, 3.1325e-04, 7.8648e-05, 6.8159e-04, 6.7440e-04,
        8.5828e-04, 7.9316e-04, 4.7881e-04, 6.1805e-04, 5.6892e-04, 9.4743e-04,
        5.5527e-04, 3.3713e-04, 6.6547e-04, 1.5483e-03, 1.2515e-03, 1.2497e-04,
        3.6889e-04, 3.5359e-04, 8.2076e-04, 1.0406e-04, 9.7226e-04],
       grad_fn=<CatBackward>)

mean_overall=tensor(0.0010, grad_fn=<MeanBackward0>)

-----------------------------------------------ITERATION360-----------------------------------------------

final_causality=[[1, 1, 1, 1, 1, 1, 1, 1, 1, 1, 1, 1, 1], [1, 1, 1, 1, 1, 1, 1, 1, 1, 1, 1, 1, 1, 1, 1, 1, 1, 1, 1, 1, 1, 1, 1, 1, 1, 1, 1, 1, 1, 1, 1, 1, 1, 1, 1, 1, 1, 1, 1, 1, 1, 1, 1, 1, 1, 1, 1, 1, 1, 1], [1, 1, 1, 1, 1, 1, 1, 1, 1, 1, 1, 1, 1, 1, 1, 1, 1, 1, 1, 1, 1, 1, 1, 1, 1, 1, 1, 1, 1, 1, 1, 1, 1, 1, 1, 1, 1, 1, 1, 1, 1, 1, 1, 1, 1, 1, 1, 1, 1, 1]]

means=tensor([2.6082e-03, 4.6356e-03, 5.7264e-03, 5.6328e-03, 3.4869e-03, 2.9439e-03,
        4.5059e-03, 1.1927e-03, 3.4780e-03, 1.6374e-03, 5.2024e-03, 8.0694e-04,
        5.1094e-03, 3.7074e-04, 2.7969e-04, 1.0034e-03, 4.4411e-05, 7.3329e-04,
        1.4756e-03, 4.0577e-04, 1.0699e-04, 2.2292e-03, 1.8290e-03, 9.2552e-04,
        7.4188e-04, 5.5400e-05, 1.2676e-03, 8.0680e-05, 1.4080e-03, 7.1243e-04,
        1.2745e-03, 1.0087e-03, 7.7778e-04, 1.2622e-03, 9.7679e-05, 3.0078e-04,
        1.1613e-04, 1.2574e-03, 1.5047e-03, 1.3638e-03, 1.5630e-03, 2.5825e-05,
        8.3752e-04, 9.5188e-04, 7.1626e-04, 2.9372e-03, 9.9706e-04, 1.0317e-03,
        5.9303e-04, 1.7074e-03, 2.0102e-04, 7.4658e-04, 4.9273e-04, 3.1202e-04,
        1.7431e-04, 8.8250e-04, 1.3227e-03, 1.5885e-03, 6.5980e-04, 8.8689e-04,
        2.4929e-05, 6.1001e-04, 1.4548e-04, 4.7762e-04, 4.1353e-04, 6.4421e-04,
        3.1721e-04, 1.0764e-03, 6.5451e-04, 5.4854e-04, 2.6011e-04, 5.6679e-04,
        6.8573e-05, 6.7896e-04, 2.5243e-04, 7.4223e-04, 1.0778e-03, 1.5346e-03,
        7.3737e-04, 5.0678e-04, 1.0029e-03, 1.7810e-05, 1.1019e-03, 3.3556e-04,
        2.3952e-04, 2.5641e-04, 4.3111e-04, 5.2104e-04, 3.5727e-04, 1.5420e-03,
        7.8309e-05, 6.7451e-04, 3.1870e-04, 8.2219e-05, 6.9170e-04, 6.8523e-04,
        8.7181e-04, 8.0395e-04, 4.8715e-04, 6.2849e-04, 5.9337e-04, 9.6200e-04,
        5.6565e-04, 3.4658e-04, 6.7993e-04, 1.5666e-03, 1.2675e-03, 1.2890e-04,
        3.7584e-04, 3.6043e-04, 8.3286e-04, 1.0777e-04, 9.8811e-04],
       grad_fn=<CatBackward>)

mean_overall=tensor(0.0011, grad_fn=<MeanBackward0>)

-----------------------------------------------ITERATION370-----------------------------------------------

final_causality=[[1, 1, 1, 1, 1, 1, 1, 1, 1, 1, 1, 1, 1], [1, 1, 1, 1, 1, 1, 1, 1, 1, 1, 1, 1, 1, 1, 1, 1, 1, 1, 1, 1, 1, 1, 1, 1, 1, 1, 1, 1, 1, 1, 1, 1, 1, 1, 1, 1, 1, 1, 1, 1, 1, 1, 1, 1, 1, 1, 1, 1, 1, 1], [1, 1, 1, 1, 1, 1, 1, 1, 1, 1, 1, 1, 1, 1, 1, 1, 1, 1, 1, 1, 1, 1, 1, 1, 1, 1, 1, 1, 1, 1, 1, 1, 1, 1, 1, 1, 1, 1, 1, 1, 1, 1, 1, 1, 1, 1, 1, 1, 1, 1]]

means=tensor([2.7025e-03, 4.7687e-03, 5.8194e-03, 5.8482e-03, 3.4775e-03, 3.0786e-03,
        4.5979e-03, 1.1288e-03, 3.3411e-03, 1.5354e-03, 5.3940e-03, 9.3016e-04,
        5.2969e-03, 3.8013e-04, 2.8660e-04, 1.0219e-03, 4.4246e-05, 7.4556e-04,
        1.5023e-03, 4.1454e-04, 1.0961e-04, 2.2590e-03, 1.8607e-03, 9.4422e-04,
        7.6683e-04, 5.9203e-05, 1.2928e-03, 8.6557e-05, 1.4252e-03, 7.2800e-04,
        1.2917e-03, 1.0295e-03, 7.9780e-04, 1.2738e-03, 9.8799e-05, 3.1124e-04,
        1.1863e-04, 1.2858e-03, 1.5282e-03, 1.3871e-03, 1.5881e-03, 2.7577e-05,
        8.3502e-04, 9.6883e-04, 7.2507e-04, 2.9777e-03, 1.0019e-03, 1.0351e-03,
        6.0374e-04, 1.7361e-03, 2.0017e-04, 7.5086e-04, 5.0024e-04, 3.2144e-04,
        1.7799e-04, 8.8372e-04, 1.3445e-03, 1.6235e-03, 6.6380e-04, 9.0955e-04,
        2.5783e-05, 6.2345e-04, 1.4286e-04, 4.8606e-04, 4.2082e-04, 6.5330e-04,
        3.2636e-04, 1.0899e-03, 6.6259e-04, 5.5641e-04, 2.6478e-04, 6.0448e-04,
        7.3973e-05, 6.8847e-04, 2.5839e-04, 7.5352e-04, 1.0912e-03, 1.5501e-03,
        7.4708e-04, 5.1441e-04, 1.0137e-03, 1.8592e-05, 1.1148e-03, 3.6025e-04,
        2.4564e-04, 2.6202e-04, 4.3834e-04, 5.2968e-04, 3.6412e-04, 1.5563e-03,
        8.0882e-05, 6.8383e-04, 3.2342e-04, 8.5559e-05, 7.0041e-04, 6.9466e-04,
        8.8338e-04, 8.1292e-04, 4.9445e-04, 6.3741e-04, 6.1676e-04, 9.7433e-04,
        5.7474e-04, 3.5528e-04, 6.9295e-04, 1.5815e-03, 1.2812e-03, 1.3254e-04,
        3.8184e-04, 3.6625e-04, 8.4306e-04, 1.1113e-04, 1.0015e-03],
       grad_fn=<CatBackward>)

mean_overall=tensor(0.0011, grad_fn=<MeanBackward0>)

-----------------------------------------------ITERATION380-----------------------------------------------

final_causality=[[1, 1, 1, 1, 1, 1, 1, 1, 1, 1, 1, 1, 1], [1, 1, 1, 1, 1, 1, 1, 1, 1, 1, 1, 1, 1, 1, 1, 1, 1, 1, 1, 1, 1, 1, 1, 1, 1, 1, 1, 1, 1, 1, 1, 1, 1, 1, 1, 1, 1, 1, 1, 1, 1, 1, 1, 1, 1, 1, 1, 1, 1, 1], [1, 1, 1, 1, 1, 1, 1, 1, 1, 1, 1, 1, 1, 1, 1, 1, 1, 1, 1, 1, 1, 1, 1, 1, 1, 1, 1, 1, 1, 1, 1, 1, 1, 1, 1, 1, 1, 1, 1, 1, 1, 1, 1, 1, 1, 1, 1, 1, 1, 1]]

means=tensor([2.7976e-03, 4.8957e-03, 5.9022e-03, 6.0610e-03, 3.4542e-03, 3.2150e-03,
        4.6809e-03, 1.0569e-03, 3.1930e-03, 1.4217e-03, 5.5845e-03, 1.0606e-03,
        5.4854e-03, 3.8856e-04, 2.9323e-04, 1.0385e-03, 4.4029e-05, 7.5677e-04,
        1.5264e-03, 4.2306e-04, 1.1208e-04, 2.2858e-03, 1.8892e-03, 9.6118e-04,
        7.9065e-04, 6.3281e-05, 1.3160e-03, 9.2484e-05, 1.4400e-03, 7.4247e-04,
        1.3063e-03, 1.0488e-03, 8.1552e-04, 1.2831e-03, 9.9779e-05, 3.2094e-04,
        1.2088e-04, 1.3122e-03, 1.5493e-03, 1.4081e-03, 1.6099e-03, 2.9381e-05,
        8.3073e-04, 9.8413e-04, 7.3254e-04, 3.0140e-03, 1.0052e-03, 1.0404e-03,
        6.1342e-04, 1.7619e-03, 1.9897e-04, 7.5392e-04, 5.0683e-04, 3.3032e-04,
        1.8127e-04, 8.8328e-04, 1.3642e-03, 1.6559e-03, 6.6662e-04, 9.3057e-04,
        2.6654e-05, 6.3532e-04, 1.4014e-04, 4.9385e-04, 4.2741e-04, 6.6101e-04,
        3.3505e-04, 1.1017e-03, 6.6966e-04, 5.6353e-04, 2.6901e-04, 6.4223e-04,
        7.9498e-05, 6.9670e-04, 2.6397e-04, 7.6351e-04, 1.1026e-03, 1.5630e-03,
        7.5567e-04, 5.2139e-04, 1.0229e-03, 1.9377e-05, 1.1258e-03, 3.8536e-04,
        2.5140e-04, 2.6713e-04, 4.4490e-04, 5.3726e-04, 3.7031e-04, 1.5682e-03,
        8.3369e-05, 6.9205e-04, 3.2765e-04, 8.8748e-05, 7.0811e-04, 7.0313e-04,
        8.9355e-04, 8.2060e-04, 5.0104e-04, 6.4521e-04, 6.3957e-04, 9.8503e-04,
        5.8291e-04, 3.6347e-04, 7.0494e-04, 1.5940e-03, 1.2933e-03, 1.3597e-04,
        3.8718e-04, 3.7133e-04, 8.5184e-04, 1.1425e-04, 1.0130e-03],
       grad_fn=<CatBackward>)

mean_overall=tensor(0.0011, grad_fn=<MeanBackward0>)

-----------------------------------------------ITERATION390-----------------------------------------------

final_causality=[[1, 1, 1, 1, 1, 1, 1, 1, 1, 1, 1, 1, 1], [1, 1, 1, 1, 1, 1, 1, 1, 1, 1, 1, 1, 1, 1, 1, 1, 1, 1, 1, 1, 1, 1, 1, 1, 1, 1, 1, 1, 1, 1, 1, 1, 1, 1, 1, 1, 1, 1, 1, 1, 1, 1, 1, 1, 1, 1, 1, 1, 1, 1], [1, 1, 1, 1, 1, 1, 1, 1, 1, 1, 1, 1, 1, 1, 1, 1, 1, 1, 1, 1, 1, 1, 1, 1, 1, 1, 1, 1, 1, 1, 1, 1, 1, 1, 1, 1, 1, 1, 1, 1, 1, 1, 1, 1, 1, 1, 1, 1, 1, 1]]

means=tensor([2.8949e-03, 5.0180e-03, 5.9774e-03, 6.2730e-03, 3.4195e-03, 3.3543e-03,
        4.7565e-03, 9.7837e-04, 3.0370e-03, 1.2987e-03, 5.7755e-03, 1.1970e-03,
        5.6769e-03, 3.9634e-04, 2.9973e-04, 1.0539e-03, 4.3818e-05, 7.6722e-04,
        1.5486e-03, 4.3105e-04, 1.1445e-04, 2.3104e-03, 1.9156e-03, 9.7708e-04,
        8.1370e-04, 6.7638e-05, 1.3377e-03, 9.8483e-05, 1.4531e-03, 7.5614e-04,
        1.3191e-03, 1.0668e-03, 8.3149e-04, 1.2910e-03, 1.0068e-04, 3.3012e-04,
        1.2296e-04, 1.3371e-03, 1.5687e-03, 1.4276e-03, 1.6296e-03, 3.1255e-05,
        8.2534e-04, 9.9822e-04, 7.3909e-04, 3.0473e-03, 1.0076e-03, 1.0444e-03,
        6.2244e-04, 1.7857e-03, 1.9758e-04, 7.5612e-04, 5.1277e-04, 3.3884e-04,
        1.8425e-04, 8.8172e-04, 1.3826e-03, 1.6866e-03, 6.6860e-04, 9.5043e-04,
        2.7534e-05, 6.4610e-04, 1.3735e-04, 5.0122e-04, 4.3351e-04, 6.6816e-04,
        3.4349e-04, 1.1123e-03, 6.7604e-04, 5.7016e-04, 2.7295e-04, 6.8034e-04,
        8.5224e-05, 7.0399e-04, 2.6931e-04, 7.7256e-04, 1.1125e-03, 1.5741e-03,
        7.6345e-04, 5.2797e-04, 1.0312e-03, 2.0178e-05, 1.1355e-03, 4.1122e-04,
        2.5692e-04, 2.7189e-04, 4.5101e-04, 5.4408e-04, 3.7605e-04, 1.5785e-03,
        8.5826e-05, 6.9949e-04, 3.3155e-04, 9.1854e-05, 7.1514e-04, 7.1095e-04,
        9.0273e-04, 8.2740e-04, 5.0716e-04, 6.5223e-04, 6.6222e-04, 9.9457e-04,
        5.9044e-04, 3.7138e-04, 7.1625e-04, 1.6056e-03, 1.3041e-03, 1.3927e-04,
        3.9207e-04, 3.7588e-04, 8.5959e-04, 1.1721e-04, 1.0233e-03],
       grad_fn=<CatBackward>)

mean_overall=tensor(0.0011, grad_fn=<MeanBackward0>)

-----------------------------------------------ITERATION400-----------------------------------------------

final_causality=[[1, 1, 1, 1, 1, 1, 1, 1, 1, 1, 1, 1, 1], [1, 1, 1, 1, 1, 1, 1, 1, 1, 1, 1, 1, 1, 1, 1, 1, 1, 1, 1, 1, 1, 1, 1, 1, 1, 1, 1, 1, 1, 1, 1, 1, 1, 1, 1, 1, 1, 1, 1, 1, 1, 1, 1, 1, 1, 1, 1, 1, 1, 1], [1, 1, 1, 1, 1, 1, 1, 1, 1, 1, 1, 1, 1, 1, 1, 1, 1, 1, 1, 1, 1, 1, 1, 1, 1, 1, 1, 1, 1, 1, 1, 1, 1, 1, 1, 1, 1, 1, 1, 1, 1, 1, 1, 1, 1, 1, 1, 1, 1, 1]]

means=tensor([2.9954e-03, 5.1368e-03, 6.0472e-03, 6.4854e-03, 3.3751e-03, 3.4974e-03,
        4.8260e-03, 8.9423e-04, 2.8750e-03, 1.1681e-03, 5.9681e-03, 1.3384e-03,
        5.8730e-03, 4.0372e-04, 3.0620e-04, 1.0686e-03, 4.3656e-05, 7.7716e-04,
        1.5694e-03, 4.3858e-04, 1.1675e-04, 2.3334e-03, 1.9406e-03, 9.9245e-04,
        8.3623e-04, 7.2278e-05, 1.3586e-03, 1.0457e-04, 1.4654e-03, 7.6924e-04,
        1.3307e-03, 1.0841e-03, 8.4614e-04, 1.2977e-03, 1.0153e-04, 3.3895e-04,
        1.2493e-04, 1.3613e-03, 1.5868e-03, 1.4470e-03, 1.6477e-03, 3.3214e-05,
        8.1937e-04, 1.0114e-03, 7.4507e-04, 3.0784e-03, 1.0093e-03, 1.0478e-03,
        6.3106e-04, 1.8081e-03, 1.9610e-04, 7.5777e-04, 5.1829e-04, 3.4711e-04,
        1.8702e-04, 8.7947e-04, 1.4001e-03, 1.7162e-03, 6.7000e-04, 9.6955e-04,
        2.8420e-05, 6.5614e-04, 1.3452e-04, 5.0836e-04, 4.3929e-04, 6.7524e-04,
        3.5183e-04, 1.1221e-03, 6.8197e-04, 5.7648e-04, 2.7670e-04, 7.1907e-04,
        9.1223e-05, 7.1063e-04, 2.7454e-04, 7.8094e-04, 1.1213e-03, 1.5839e-03,
        7.7069e-04, 5.3433e-04, 1.0387e-03, 2.1008e-05, 1.1443e-03, 4.3814e-04,
        2.6228e-04, 2.7643e-04, 4.5684e-04, 5.5035e-04, 3.8149e-04, 1.5877e-03,
        8.8295e-05, 7.0641e-04, 3.3536e-04, 9.4926e-05, 7.2174e-04, 7.1836e-04,
        9.1125e-04, 8.3362e-04, 5.1298e-04, 6.5869e-04, 6.8502e-04, 1.0033e-03,
        5.9754e-04, 3.7914e-04, 7.2713e-04, 1.6166e-03, 1.3142e-03, 1.4251e-04,
        3.9667e-04, 3.8007e-04, 8.6660e-04, 1.2008e-04, 1.0326e-03],
       grad_fn=<CatBackward>)

mean_overall=tensor(0.0011, grad_fn=<MeanBackward0>)

-----------------------------------------------ITERATION410-----------------------------------------------

final_causality=[[1, 1, 1, 1, 1, 1, 1, 1, 1, 1, 1, 1, 1], [1, 1, 1, 1, 1, 1, 1, 1, 1, 1, 1, 1, 1, 1, 1, 1, 1, 1, 1, 1, 1, 1, 1, 1, 1, 1, 1, 1, 1, 1, 1, 1, 1, 1, 1, 1, 1, 1, 1, 1, 1, 1, 1, 1, 1, 1, 1, 1, 1, 1], [1, 1, 1, 1, 1, 1, 1, 1, 1, 1, 1, 1, 1, 1, 1, 1, 1, 1, 1, 1, 1, 1, 1, 1, 1, 1, 1, 1, 1, 1, 1, 1, 1, 1, 1, 1, 1, 1, 1, 1, 1, 1, 1, 1, 1, 1, 1, 1, 1, 1]]

means=tensor([3.1000e-03, 5.2528e-03, 6.1130e-03, 6.6991e-03, 3.3221e-03, 3.6451e-03,
        4.8903e-03, 8.0502e-04, 2.7086e-03, 1.0312e-03, 6.1634e-03, 1.4842e-03,
        6.0750e-03, 4.1083e-04, 3.1271e-04, 1.0828e-03, 4.3572e-05, 7.8680e-04,
        1.5892e-03, 4.4574e-04, 1.1901e-04, 2.3554e-03, 1.9648e-03, 1.0076e-03,
        8.5843e-04, 7.7207e-05, 1.3787e-03, 1.1074e-04, 1.4772e-03, 7.8195e-04,
        1.3414e-03, 1.1008e-03, 8.5973e-04, 1.3038e-03, 1.0238e-04, 3.4754e-04,
        1.2686e-04, 1.3856e-03, 1.6043e-03, 1.4660e-03, 1.6647e-03, 3.5264e-05,
        8.1319e-04, 1.0241e-03, 7.5070e-04, 3.1080e-03, 1.0106e-03, 1.0509e-03,
        6.3948e-04, 1.8294e-03, 1.9462e-04, 7.5909e-04, 5.2354e-04, 3.5524e-04,
        1.8962e-04, 8.7685e-04, 1.4171e-03, 1.7451e-03, 6.7100e-04, 9.8820e-04,
        2.9309e-05, 6.6569e-04, 1.3167e-04, 5.1538e-04, 4.4487e-04, 6.8179e-04,
        3.6018e-04, 1.1313e-03, 6.8762e-04, 5.8265e-04, 2.8036e-04, 7.5859e-04,
        9.7558e-05, 7.1680e-04, 2.7975e-04, 7.8884e-04, 1.1293e-03, 1.5928e-03,
        7.7755e-04, 5.4062e-04, 1.0458e-03, 2.1876e-05, 1.1524e-03, 4.6636e-04,
        2.6755e-04, 2.8082e-04, 4.6251e-04, 5.5623e-04, 3.8675e-04, 1.5961e-03,
        9.0811e-05, 7.1297e-04, 3.3938e-04, 9.8002e-05, 7.2808e-04, 7.2556e-04,
        9.1933e-04, 8.3948e-04, 5.1866e-04, 6.6477e-04, 7.0823e-04, 1.0116e-03,
        6.0437e-04, 3.8688e-04, 7.3779e-04, 1.6269e-03, 1.3239e-03, 1.4572e-04,
        4.0111e-04, 3.8403e-04, 8.7371e-04, 1.2289e-04, 1.0413e-03],
       grad_fn=<CatBackward>)

mean_overall=tensor(0.0011, grad_fn=<MeanBackward0>)

-----------------------------------------------ITERATION420-----------------------------------------------

final_causality=[[1, 1, 1, 1, 1, 1, 1, 1, 1, 1, 1, 1, 1], [1, 1, 1, 1, 1, 1, 1, 1, 1, 1, 1, 1, 1, 1, 1, 1, 1, 1, 1, 1, 1, 1, 1, 1, 1, 1, 1, 1, 1, 1, 1, 1, 1, 1, 1, 1, 1, 1, 1, 1, 1, 1, 1, 1, 1, 1, 1, 1, 1, 1], [1, 1, 1, 1, 1, 1, 1, 1, 1, 1, 1, 1, 1, 1, 1, 1, 1, 1, 1, 1, 1, 1, 1, 1, 1, 1, 1, 1, 1, 1, 1, 1, 1, 1, 1, 1, 1, 1, 1, 1, 1, 1, 1, 1, 1, 1, 1, 1, 1, 1]]

means=tensor([3.2095e-03, 5.3662e-03, 6.1759e-03, 6.9145e-03, 3.2616e-03, 3.7979e-03,
        4.9499e-03, 7.1110e-04, 2.5387e-03, 8.8868e-04, 6.3621e-03, 1.6340e-03,
        6.2841e-03, 4.1778e-04, 3.1932e-04, 1.0969e-03, 4.3588e-05, 7.9625e-04,
        1.6084e-03, 4.5263e-04, 1.2124e-04, 2.3767e-03, 1.9886e-03, 1.0229e-03,
        8.8041e-04, 8.2433e-05, 1.3985e-03, 1.1700e-04, 1.4891e-03, 7.9440e-04,
        1.3515e-03, 1.1172e-03, 8.7244e-04, 1.3095e-03, 1.0324e-04, 3.5595e-04,
        1.2907e-04, 1.4094e-03, 1.6213e-03, 1.4847e-03, 1.6810e-03, 3.7404e-05,
        8.0705e-04, 1.0363e-03, 7.5618e-04, 3.1365e-03, 1.0117e-03, 1.0540e-03,
        6.4784e-04, 1.8500e-03, 1.9320e-04, 7.6025e-04, 5.2863e-04, 3.6327e-04,
        1.9210e-04, 8.7409e-04, 1.4339e-03, 1.7736e-03, 6.7176e-04, 1.0066e-03,
        3.0198e-05, 6.7489e-04, 1.2883e-04, 5.2239e-04, 4.5031e-04, 6.8795e-04,
        3.6861e-04, 1.1402e-03, 6.9312e-04, 5.8876e-04, 2.8399e-04, 7.9901e-04,
        1.0429e-04, 7.2263e-04, 2.8500e-04, 7.9638e-04, 1.1368e-03, 1.6010e-03,
        7.8417e-04, 5.4692e-04, 1.0525e-03, 2.2792e-05, 1.1600e-03, 4.9609e-04,
        2.7278e-04, 2.8512e-04, 4.6811e-04, 5.6182e-04, 3.9189e-04, 1.6039e-03,
        9.3398e-05, 7.1930e-04, 3.4336e-04, 1.0112e-04, 7.3429e-04, 7.3265e-04,
        9.2715e-04, 8.4510e-04, 5.2427e-04, 6.7058e-04, 7.3204e-04, 1.0194e-03,
        6.1104e-04, 3.9468e-04, 7.4834e-04, 1.6366e-03, 1.3333e-03, 1.4894e-04,
        4.0547e-04, 3.8782e-04, 8.8186e-04, 1.2568e-04, 1.0496e-03],
       grad_fn=<CatBackward>)

mean_overall=tensor(0.0012, grad_fn=<MeanBackward0>)

-----------------------------------------------ITERATION430-----------------------------------------------

final_causality=[[1, 1, 1, 1, 1, 1, 1, 1, 1, 1, 1, 1, 1], [1, 1, 1, 1, 1, 1, 1, 1, 1, 1, 1, 1, 1, 1, 1, 1, 1, 1, 1, 1, 1, 1, 1, 1, 1, 1, 1, 1, 1, 1, 1, 1, 1, 1, 1, 1, 1, 1, 1, 1, 1, 1, 1, 1, 1, 1, 1, 1, 1, 1], [1, 1, 1, 1, 1, 1, 1, 1, 1, 1, 1, 1, 1, 1, 1, 1, 1, 1, 1, 1, 1, 1, 1, 1, 1, 1, 1, 1, 1, 1, 1, 1, 1, 1, 1, 1, 1, 1, 1, 1, 1, 1, 1, 1, 1, 1, 1, 1, 1, 1]]

means=tensor([3.3243e-03, 5.4771e-03, 6.2366e-03, 7.1318e-03, 3.1940e-03, 3.9564e-03,
        5.0052e-03, 6.1263e-04, 2.3658e-03, 7.4123e-04, 6.5645e-03, 1.7875e-03,
        6.5011e-03, 4.2462e-04, 3.2607e-04, 1.1110e-03, 4.3718e-05, 8.0562e-04,
        1.6270e-03, 4.5928e-04, 1.2347e-04, 2.3975e-03, 2.0124e-03, 1.0383e-03,
        9.0224e-04, 8.7962e-05, 1.4180e-03, 1.2335e-04, 1.5013e-03, 8.0667e-04,
        1.3613e-03, 1.1332e-03, 8.8438e-04, 1.3150e-03, 1.0413e-04, 3.6421e-04,
        1.3155e-04, 1.4327e-03, 1.6380e-03, 1.5033e-03, 1.6968e-03, 3.9628e-05,
        8.0114e-04, 1.0482e-03, 7.6163e-04, 3.1643e-03, 1.0128e-03, 1.0574e-03,
        6.5624e-04, 1.8702e-03, 1.9189e-04, 7.6137e-04, 5.3364e-04, 3.7125e-04,
        1.9448e-04, 8.7138e-04, 1.4506e-03, 1.8021e-03, 6.7237e-04, 1.0248e-03,
        3.1082e-05, 6.8386e-04, 1.2599e-04, 5.2944e-04, 4.5568e-04, 6.9382e-04,
        3.7720e-04, 1.1489e-03, 6.9854e-04, 5.9487e-04, 2.8762e-04, 8.4042e-04,
        1.1147e-04, 7.2821e-04, 2.9032e-04, 8.0366e-04, 1.1438e-03, 1.6086e-03,
        7.9062e-04, 5.5329e-04, 1.0590e-03, 2.3762e-05, 1.1673e-03, 5.2750e-04,
        2.7798e-04, 2.8937e-04, 4.7369e-04, 5.6720e-04, 3.9698e-04, 1.6114e-03,
        9.6073e-05, 7.2547e-04, 3.4734e-04, 1.0441e-04, 7.4043e-04, 7.3971e-04,
        9.3479e-04, 8.5058e-04, 5.2988e-04, 6.7622e-04, 7.5658e-04, 1.0271e-03,
        6.1761e-04, 4.0259e-04, 7.5888e-04, 1.6459e-03, 1.3425e-03, 1.5219e-04,
        4.0980e-04, 3.9151e-04, 8.8978e-04, 1.2847e-04, 1.0576e-03],
       grad_fn=<CatBackward>)

mean_overall=tensor(0.0012, grad_fn=<MeanBackward0>)

-----------------------------------------------ITERATION440-----------------------------------------------

final_causality=[[1, 1, 1, 1, 1, 1, 1, 1, 1, 1, 1, 1, 1], [1, 1, 1, 1, 1, 1, 1, 1, 1, 1, 1, 1, 1, 1, 1, 1, 1, 1, 1, 1, 1, 1, 1, 1, 1, 1, 1, 1, 1, 1, 1, 1, 1, 1, 1, 1, 1, 1, 1, 1, 1, 1, 1, 1, 1, 1, 1, 1, 1, 1], [1, 1, 1, 1, 1, 1, 1, 1, 1, 1, 1, 1, 1, 1, 1, 1, 1, 1, 1, 1, 1, 1, 1, 1, 1, 1, 1, 1, 1, 1, 1, 1, 1, 1, 1, 1, 1, 1, 1, 1, 1, 1, 1, 1, 1, 1, 1, 1, 1, 1]]

means=tensor([3.4452e-03, 5.5854e-03, 6.2957e-03, 7.3509e-03, 3.1197e-03, 4.1209e-03,
        5.0564e-03, 5.0965e-04, 2.1904e-03, 5.8916e-04, 6.7710e-03, 1.9445e-03,
        6.7268e-03, 4.3136e-04, 3.3298e-04, 1.1251e-03, 4.3970e-05, 8.1497e-04,
        1.6453e-03, 4.6573e-04, 1.2568e-04, 2.4181e-03, 2.0362e-03, 1.0540e-03,
        9.2394e-04, 9.3800e-05, 1.4389e-03, 1.2975e-04, 1.5139e-03, 8.1882e-04,
        1.3709e-03, 1.1491e-03, 8.9562e-04, 1.3205e-03, 1.0506e-04, 3.7234e-04,
        1.3410e-04, 1.4557e-03, 1.6547e-03, 1.5219e-03, 1.7122e-03, 4.1924e-05,
        7.9557e-04, 1.0599e-03, 7.6713e-04, 3.1917e-03, 1.0139e-03, 1.0612e-03,
        6.6476e-04, 1.8900e-03, 1.9070e-04, 7.6256e-04, 5.3864e-04, 3.7919e-04,
        1.9732e-04, 8.6883e-04, 1.4674e-03, 1.8306e-03, 6.7292e-04, 1.0430e-03,
        3.1960e-05, 6.9263e-04, 1.2318e-04, 5.3657e-04, 4.6101e-04, 6.9945e-04,
        3.8598e-04, 1.1574e-03, 7.0393e-04, 6.0103e-04, 2.9128e-04, 8.8286e-04,
        1.1914e-04, 7.3359e-04, 2.9576e-04, 8.1073e-04, 1.1505e-03, 1.6159e-03,
        7.9698e-04, 5.5978e-04, 1.0654e-03, 2.4793e-05, 1.1744e-03, 5.6075e-04,
        2.8318e-04, 2.9360e-04, 4.7929e-04, 5.7241e-04, 4.0205e-04, 1.6186e-03,
        9.8851e-05, 7.3155e-04, 3.5136e-04, 1.0776e-04, 7.4658e-04, 7.4682e-04,
        9.4234e-04, 8.5599e-04, 5.3553e-04, 6.8172e-04, 7.8193e-04, 1.0346e-03,
        6.2414e-04, 4.1067e-04, 7.6948e-04, 1.6550e-03, 1.3517e-03, 1.5547e-04,
        4.1413e-04, 3.9512e-04, 8.9755e-04, 1.3126e-04, 1.0653e-03],
       grad_fn=<CatBackward>)

mean_overall=tensor(0.0012, grad_fn=<MeanBackward0>)

