loss_training=[0.05390385242521759, 0.0311870263083874, 0.029950530868200976, 0.029748369310447383, 0.028842825943987238, 0.028409764447320688, 0.027982926451764926, 0.02747785050540651, 0.026920691336697722, 0.026302100543515353, 0.025609399353218962, 0.024834793980279535, 0.023974165644126685, 0.023027739934369514, 0.022000436583827724, 0.020903365218848915, 0.019754377034709794, 0.018578491584840304, 0.01740714429676048, 0.016276281001258334, 0.015222847421722717, 0.01427994026058768, 0.01347134707357401, 0.012806977933514858, 0.012280984372643538, 0.011873796358373143, 0.011557733812789146, 0.011304037136340244, 0.011088488167461275, 0.010893920535627962, 0.010709861748208952, 0.010530717379389478, 0.01035382633851369, 0.010178037141311968, 0.010002880754576261, 0.00982816849247658, 0.009653824811966978, 0.009479827470676834, 0.009306189134139976, 0.009132952485125013, 0.008960188977240956, 0.008787998360975222, 0.008616508268322635, 0.008445873631753833, 0.008276275773645652]

test_loss_training=[0.06928739212255838, 0.04281757607702493, 0.04264510234871846, 0.045029482309757625, 0.042243465306985806, 0.04230851118360085, 0.04228471080379608, 0.04140069595334843, 0.04121873352286658, 0.04053937649567581, 0.039988038059305064, 0.039308693381859036, 0.038556007837410866, 0.03774396079218378, 0.03684790185868352, 0.03590401758930289, 0.03491114236786752, 0.03390207108230368, 0.032899813906389415, 0.0319373942489597, 0.031046570160262788, 0.030253421774034412, 0.0295771643161148, 0.0290218764792256, 0.028579244187553116, 0.028228705968333056, 0.027944124717127445, 0.027700082056118566, 0.027476333583456337, 0.027259682530659742, 0.027042962026073567, 0.026823014514702603, 0.026598844258196423, 0.026370344453048714, 0.02613764781448455, 0.025900882768729875, 0.02566011692782392, 0.02541537276715673, 0.025166660259205356, 0.02491400329828722, 0.02465745629309464, 0.024397113645510622, 0.024133114729798736, 0.02386564617612547, 0.0235949426491271]

loss_control_training_MSE=[0.047251047255741835, 0.03185843073019903, 0.02963999965562412, 0.029656053931571585, 0.02884053303997322, 0.028358058366962525, 0.027928307408560216, 0.02742521556628205, 0.026862893991448752, 0.026236604252262565, 0.02553574686057672, 0.024752606771646386, 0.02388333393755357, 0.022928509778606845, 0.021893628502088633, 0.02079044408449165, 0.019637526582490707, 0.018460585522585265, 0.017291620500929913, 0.01616685909461823, 0.015123099912569948, 0.014192752802117759, 0.013398393116523395, 0.01274838079081087, 0.012235335410154011, 0.011838578124894465, 0.011530006565400073, 0.011281106682144375, 0.011068307717691194, 0.01087516538949946, 0.01069178734592957, 0.010512954119287907, 0.010336209073530767, 0.01016049752739192, 0.009985391372335305, 0.009810718225426037, 0.009636409530395866, 0.0094624470062177, 0.009288846437849193, 0.00911565341762776, 0.00894294224655187, 0.00877081548337188, 0.008599403520432109, 0.008428863977027768, 0.008259380746896744]

variances=[2.7759586338663504e-09, 3.0578653901713693e-09, 3.1343131271721315e-09, 3.4500779421051445e-09, 4.056205736960967e-09, 4.940741106677616e-09, 6.269445906170783e-09, 8.089826989667443e-09, 1.0584237654653668e-08, 1.4091233318338158e-08, 1.894802963854109e-08, 2.5555564720545574e-08, 3.4451803423175764e-08, 4.627026917843784e-08, 6.182190125459633e-08, 8.19858033248227e-08, 1.0764089307881525e-07, 1.3963720043596223e-07, 1.7872719843496993e-07, 2.2535465755948387e-07, 2.793266240210888e-07, 3.3969364307093766e-07, 4.0471368906375206e-07, 4.71904319324156e-07, 5.381888493005148e-07, 6.006003565701201e-07, 6.568256081831799e-07, 7.056243128265658e-07, 7.469861623841853e-07, 7.818388715250275e-07, 8.116406858414071e-07, 8.380125504197986e-07, 8.624761356172214e-07, 8.862934834271344e-07, 9.1047464266367e-07, 9.356162209091451e-07, 9.622043338797204e-07, 9.906178541695428e-07, 1.0210760946397553e-06, 1.0537330053512522e-06, 1.0887322973304957e-06, 1.1262283278311387e-06, 1.1663530899405921e-06, 1.2092352238469825e-06, 1.2550040715452227e-06]

ACE_values=[6.549388076283439e-05, 6.519290871319276e-05, 6.663218306714069e-05, 6.90760415968796e-05, 7.294338996588883e-05, 7.83904915591488e-05, 8.528729430990267e-05, 9.441500011735755e-05, 0.00010587408365067135, 0.00011940922829480097, 0.0001355754850386689, 0.00015471486838598088, 0.0001771888975061399, 0.0002032732843544494, 0.00023306390982369467, 0.0002668131352444415, 0.0003047613644118085, 0.0003468803426009233, 0.00039275142375346737, 0.000441796951598911, 0.000493002264175729, 0.0005452329610660131, 0.0005970013840652552, 0.0006466721639314687, 0.0006925479108860977, 0.0007333468061398849, 0.0007683182696432024, 0.0007972879858443187, 0.0008206609561880777, 0.0008392561233217364, 0.0008540626185262656, 0.0008661104042700226, 0.0008762670049664549, 0.0008852029548817984, 0.0008934750754207336, 0.0009014758624436201, 0.0009093330334057957, 0.0009171298201204306, 0.0009249673575681842, 0.0009329145109661543, 0.0009409533929527727, 0.0009490704791582797, 0.0009572547292554876, 0.0009655050846256819, 0.0009738202275489068]

------------------------------CONTROL NEURAL NET-------------------------------

loss_test_control=tensor(0.0233, grad_fn=<MseLossBackward>)

