-----------------------------------------------ITERATION0-----------------------------------------------

final_causality=[[1, 1, 1, 1, 1, 1, 1, 1, 1, 1, 1, 1, 1], [1, 1, 1, 1, 1, 1, 1, 1, 1, 1, 1, 1, 1, 1, 1, 1, 1, 1, 1, 1, 1, 1, 1, 1, 1, 1, 1, 1, 1, 1, 1, 1, 1, 1, 1, 1, 1, 1, 1, 1, 1, 1, 1, 1, 1, 1, 1, 1, 1, 1], [1, 1, 1, 1, 1, 1, 1, 1, 1, 1, 1, 1, 1, 1, 1, 1, 1, 1, 1, 1, 1, 1, 1, 1, 1, 1, 1, 1, 1, 1, 1, 1, 1, 1, 1, 1, 1, 1, 1, 1, 1, 1, 1, 1, 1, 1, 1, 1, 1, 1]]

means=tensor([6.4260e-05, 6.9389e-18, 6.9389e-18, 3.8205e-04, 1.0089e-04, 1.1025e-04,
        3.6911e-05, 9.7740e-06, 6.9389e-18, 6.9389e-18, 6.9389e-18, 2.9890e-04,
        4.9510e-05, 8.9562e-05, 9.8972e-05, 8.6962e-05, 2.6053e-05, 5.2821e-06,
        3.8781e-05, 7.0296e-05, 1.2797e-04, 8.0555e-05, 2.2063e-06, 1.5854e-05,
        3.9981e-05, 1.4162e-05, 6.3923e-05, 3.2241e-05, 1.0265e-05, 1.0867e-04,
        2.3012e-05, 9.6838e-05, 1.1070e-05, 3.8311e-05, 5.4301e-05, 2.5582e-05,
        9.0712e-06, 2.1779e-05, 9.0028e-05, 2.8525e-05, 1.2235e-04, 2.2489e-05,
        4.7481e-05, 5.4160e-05, 1.4493e-04, 5.2358e-05, 7.3075e-05, 4.1644e-05,
        1.5267e-04, 7.4660e-05, 2.5285e-05, 7.4798e-06, 8.3306e-05, 5.6900e-06,
        7.4361e-05, 2.6049e-05, 6.9425e-05, 1.2054e-04, 2.0346e-04, 6.1023e-06,
        1.2206e-04, 5.3628e-05, 3.7556e-06, 8.6555e-05, 1.0729e-04, 9.1607e-05,
        1.4262e-04, 1.0432e-04, 9.9352e-05, 1.9591e-05, 8.3168e-05, 2.1040e-05,
        3.3446e-05, 7.0051e-05, 1.1539e-04, 6.1784e-05, 2.7794e-05, 7.9587e-05,
        3.6116e-05, 4.6873e-05, 9.0418e-07, 5.0171e-05, 8.6931e-05, 8.5025e-05,
        2.2281e-05, 3.9924e-05, 4.7583e-06, 2.4812e-05, 1.7826e-05, 9.3320e-05,
        1.9040e-06, 1.5941e-05, 6.6991e-05, 4.7768e-06, 5.5315e-05, 2.6897e-05,
        2.6162e-07, 1.4182e-04, 6.7120e-06, 7.4322e-05, 4.2219e-05, 2.0878e-05,
        3.1395e-05, 1.5879e-07, 8.4769e-05, 2.8908e-05, 6.7381e-05, 4.4470e-05,
        4.1900e-06, 4.6046e-05, 5.2811e-05, 1.5844e-05, 6.3576e-05],
       grad_fn=<CatBackward>)

mean_overall=tensor(5.7521e-05, grad_fn=<MeanBackward0>)

-----------------------------------------------ITERATION10-----------------------------------------------

final_causality=[[1, 1, 1, 1, 1, 1, 1, 1, 1, 1, 1, 1, 1], [1, 1, 1, 1, 1, 1, 1, 1, 1, 1, 1, 1, 1, 1, 1, 1, 1, 1, 1, 1, 1, 1, 1, 1, 1, 1, 1, 1, 1, 1, 1, 1, 1, 1, 1, 1, 1, 1, 1, 1, 1, 1, 1, 1, 1, 1, 1, 1, 1, 1], [1, 1, 1, 1, 1, 1, 1, 1, 1, 1, 1, 1, 1, 1, 1, 1, 1, 1, 1, 1, 1, 1, 1, 1, 1, 1, 1, 1, 1, 1, 1, 1, 1, 1, 1, 1, 1, 1, 1, 1, 1, 1, 1, 1, 1, 1, 1, 1, 1, 1]]

means=tensor([6.7793e-06, 0.0000e+00, 0.0000e+00, 3.1993e-04, 9.3263e-05, 1.6797e-04,
        2.9269e-05, 1.6049e-06, 0.0000e+00, 0.0000e+00, 0.0000e+00, 4.1554e-04,
        1.1640e-05, 5.5017e-05, 7.8476e-05, 7.1469e-05, 8.6141e-06, 1.9858e-05,
        4.7061e-05, 9.5497e-05, 1.0671e-04, 6.9286e-05, 8.3977e-06, 2.7129e-05,
        6.2744e-05, 2.9439e-05, 9.2876e-05, 1.0413e-05, 9.6088e-06, 1.3237e-04,
        3.8388e-05, 7.6354e-05, 2.3463e-05, 5.0811e-05, 3.5849e-05, 9.2672e-06,
        3.7967e-06, 3.3992e-06, 1.2952e-04, 9.1887e-06, 1.4020e-04, 8.8231e-06,
        2.5420e-05, 2.8382e-05, 1.6930e-04, 4.3198e-05, 5.3670e-05, 2.6200e-05,
        1.3081e-04, 4.8029e-05, 4.4321e-05, 4.1951e-06, 5.2762e-05, 2.3586e-05,
        1.0176e-04, 5.1360e-05, 9.3935e-05, 8.6623e-05, 2.3048e-04, 1.8092e-05,
        1.4717e-04, 3.4361e-05, 1.8800e-05, 8.2637e-05, 1.0198e-04, 8.6223e-05,
        1.2654e-04, 1.1117e-04, 9.9154e-05, 2.3873e-05, 8.6817e-05, 2.3229e-05,
        3.4857e-05, 8.0336e-05, 1.1122e-04, 5.8984e-05, 3.0866e-05, 8.3723e-05,
        4.0500e-05, 5.4160e-05, 7.7657e-08, 5.4076e-05, 8.9924e-05, 7.8834e-05,
        2.6904e-05, 3.8658e-05, 1.5501e-06, 2.9534e-05, 2.1240e-05, 9.4593e-05,
        5.0527e-06, 1.9545e-05, 6.6621e-05, 1.7830e-06, 6.2132e-05, 2.9134e-05,
        2.6678e-06, 1.4592e-04, 2.6363e-06, 7.7455e-05, 4.4763e-05, 1.8728e-05,
        3.2445e-05, 1.3876e-06, 9.0462e-05, 2.9567e-05, 7.4714e-05, 4.3072e-05,
        1.3944e-07, 3.9106e-05, 6.2420e-05, 1.6310e-05, 5.8784e-05],
       grad_fn=<CatBackward>)

mean_overall=tensor(5.7779e-05, grad_fn=<MeanBackward0>)

-----------------------------------------------ITERATION20-----------------------------------------------

final_causality=[[1, 1, 1, 1, 1, 1, 1, 1, 1, 1, 1, 1, 1], [1, 1, 1, 1, 1, 1, 1, 1, 1, 1, 1, 1, 1, 1, 1, 1, 1, 1, 1, 1, 1, 1, 1, 1, 1, 1, 1, 1, 1, 1, 1, 1, 1, 1, 1, 1, 1, 1, 1, 1, 1, 1, 1, 1, 1, 1, 1, 1, 1, 1], [1, 1, 1, 1, 1, 1, 1, 1, 1, 1, 1, 1, 1, 1, 1, 1, 1, 1, 1, 1, 1, 1, 1, 1, 1, 1, 1, 1, 1, 1, 1, 1, 1, 1, 1, 1, 1, 1, 1, 1, 1, 1, 1, 1, 1, 1, 1, 1, 1, 1]]

means=tensor([2.1390e-05, 0.0000e+00, 0.0000e+00, 2.6188e-04, 8.7945e-05, 2.0243e-04,
        2.4702e-05, 1.7403e-06, 0.0000e+00, 0.0000e+00, 0.0000e+00, 4.7781e-04,
        1.7259e-05, 3.6164e-05, 6.6138e-05, 6.2734e-05, 1.1229e-06, 3.2964e-05,
        5.1535e-05, 1.1071e-04, 9.4064e-05, 6.2171e-05, 1.2359e-05, 3.2787e-05,
        7.5046e-05, 3.8506e-05, 1.0635e-04, 1.3733e-06, 1.9374e-05, 1.4412e-04,
        4.8067e-05, 6.4591e-05, 3.0677e-05, 5.8958e-05, 2.6806e-05, 3.2631e-07,
        8.3814e-07, 5.8683e-06, 1.5356e-04, 2.3739e-07, 1.4734e-04, 1.4398e-06,
        1.3154e-05, 1.3800e-05, 1.8098e-04, 3.8500e-05, 4.3683e-05, 1.7471e-05,
        1.1803e-04, 3.3860e-05, 5.4998e-05, 1.1328e-05, 3.6061e-05, 3.4470e-05,
        1.1861e-04, 6.2818e-05, 1.0461e-04, 6.7528e-05, 2.4104e-04, 3.3299e-05,
        1.6202e-04, 2.4652e-05, 3.2338e-05, 7.7243e-05, 9.9676e-05, 8.3394e-05,
        1.1825e-04, 1.1592e-04, 1.0023e-04, 2.6210e-05, 8.7020e-05, 2.6682e-05,
        3.5449e-05, 8.7186e-05, 1.0556e-04, 5.7071e-05, 3.2006e-05, 8.8102e-05,
        4.2858e-05, 5.9073e-05, 4.9256e-07, 5.6113e-05, 9.4029e-05, 7.5313e-05,
        2.9440e-05, 3.7949e-05, 2.4541e-07, 3.1902e-05, 2.2964e-05, 9.4366e-05,
        6.8884e-06, 2.1600e-05, 6.8026e-05, 2.9698e-07, 6.6543e-05, 2.9754e-05,
        4.2456e-06, 1.4592e-04, 4.1888e-07, 7.8276e-05, 4.6374e-05, 1.7107e-05,
        3.2666e-05, 2.1400e-06, 9.0841e-05, 2.9894e-05, 7.8313e-05, 4.3978e-05,
        2.5361e-06, 3.5448e-05, 6.8120e-05, 1.7011e-05, 5.5087e-05],
       grad_fn=<CatBackward>)

mean_overall=tensor(5.8857e-05, grad_fn=<MeanBackward0>)

-----------------------------------------------ITERATION30-----------------------------------------------

final_causality=[[1, 1, 1, 1, 1, 1, 1, 1, 1, 1, 1, 1, 1], [1, 1, 1, 1, 1, 1, 1, 1, 1, 1, 1, 1, 1, 1, 1, 1, 1, 1, 1, 1, 1, 1, 1, 1, 1, 1, 1, 1, 1, 1, 1, 1, 1, 1, 1, 1, 1, 1, 1, 1, 1, 1, 1, 1, 1, 1, 1, 1, 1, 1], [1, 1, 1, 1, 1, 1, 1, 1, 1, 1, 1, 1, 1, 1, 1, 1, 1, 1, 1, 1, 1, 1, 1, 1, 1, 1, 1, 1, 1, 1, 1, 1, 1, 1, 1, 1, 1, 1, 1, 1, 1, 1, 1, 1, 1, 1, 1, 1, 1, 1]]

means=tensor([2.2405e-05, 0.0000e+00, 0.0000e+00, 2.1404e-04, 8.6464e-05, 2.0062e-04,
        2.5072e-05, 1.4152e-06, 0.0000e+00, 0.0000e+00, 0.0000e+00, 4.5972e-04,
        4.7318e-05, 4.0184e-05, 6.4968e-05, 6.4984e-05, 1.6303e-07, 2.9163e-05,
        5.0981e-05, 1.1094e-04, 9.4976e-05, 6.2543e-05, 1.2179e-05, 3.1099e-05,
        7.2899e-05, 3.7265e-05, 9.8889e-05, 6.6504e-07, 1.6423e-05, 1.3922e-04,
        4.8763e-05, 6.6284e-05, 3.0242e-05, 6.0060e-05, 3.0689e-05, 1.8811e-06,
        1.4536e-06, 2.8479e-06, 1.5491e-04, 3.1041e-06, 1.4144e-04, 3.1670e-06,
        1.5308e-05, 1.5357e-05, 1.7582e-04, 4.0158e-05, 4.7809e-05, 1.8356e-05,
        1.2031e-04, 3.8594e-05, 5.2372e-05, 1.0767e-05, 3.8189e-05, 3.4039e-05,
        1.1989e-04, 5.4865e-05, 9.7114e-05, 6.9429e-05, 2.3096e-04, 3.2872e-05,
        1.6165e-04, 2.8080e-05, 3.2640e-05, 7.2657e-05, 9.8109e-05, 8.4310e-05,
        1.1984e-04, 1.1856e-04, 9.9175e-05, 2.5775e-05, 8.3267e-05, 2.8043e-05,
        3.5697e-05, 8.8361e-05, 9.9710e-05, 5.6824e-05, 3.0821e-05, 9.2160e-05,
        4.2281e-05, 5.9531e-05, 3.8793e-07, 5.5136e-05, 9.9922e-05, 7.5484e-05,
        2.8900e-05, 3.7700e-05, 9.0668e-08, 3.1104e-05, 2.2628e-05, 9.2093e-05,
        6.2955e-06, 2.1223e-05, 7.1527e-05, 5.7008e-07, 6.6638e-05, 2.9726e-05,
        3.9361e-06, 1.4114e-04, 8.4189e-07, 7.7724e-05, 4.5631e-05, 1.7081e-05,
        3.2634e-05, 1.9171e-06, 8.6047e-05, 3.0776e-05, 7.6871e-05, 4.3821e-05,
        2.0360e-06, 3.5524e-05, 6.8027e-05, 1.7653e-05, 5.3618e-05],
       grad_fn=<CatBackward>)

mean_overall=tensor(5.8176e-05, grad_fn=<MeanBackward0>)

-----------------------------------------------ITERATION40-----------------------------------------------

final_causality=[[1, 1, 1, 1, 1, 1, 1, 1, 1, 1, 1, 1, 1], [1, 1, 1, 1, 1, 1, 1, 1, 1, 1, 1, 1, 1, 1, 1, 1, 1, 1, 1, 1, 1, 1, 1, 1, 1, 1, 1, 1, 1, 1, 1, 1, 1, 1, 1, 1, 1, 1, 1, 1, 1, 1, 1, 1, 1, 1, 1, 1, 1, 1], [1, 1, 1, 1, 1, 1, 1, 1, 1, 1, 1, 1, 1, 1, 1, 1, 1, 1, 1, 1, 1, 1, 1, 1, 1, 1, 1, 1, 1, 1, 1, 1, 1, 1, 1, 1, 1, 1, 1, 1, 1, 1, 1, 1, 1, 1, 1, 1, 1, 1]]

means=tensor([6.2861e-05, 0.0000e+00, 2.7756e-17, 1.6784e-04, 8.6017e-05, 1.9418e-04,
        2.5805e-05, 5.1895e-06, 0.0000e+00, 2.7756e-17, 0.0000e+00, 4.3007e-04,
        7.3291e-05, 4.8200e-05, 6.5465e-05, 6.9143e-05, 3.4638e-06, 2.2614e-05,
        4.9585e-05, 1.0841e-04, 9.8085e-05, 6.4107e-05, 1.1139e-05, 2.8221e-05,
        6.9556e-05, 3.4410e-05, 8.8397e-05, 1.9055e-06, 1.1378e-05, 1.3169e-04,
        4.7808e-05, 7.0226e-05, 2.8336e-05, 6.0013e-05, 3.7187e-05, 5.1344e-06,
        2.6921e-06, 2.1717e-06, 1.5263e-04, 8.8917e-06, 1.3362e-04, 6.4933e-06,
        1.9903e-05, 1.9424e-05, 1.6780e-04, 4.3004e-05, 5.4667e-05, 2.0673e-05,
        1.2516e-04, 4.6945e-05, 4.7760e-05, 8.9225e-06, 4.3327e-05, 3.1586e-05,
        1.1855e-04, 4.4331e-05, 8.7269e-05, 7.4662e-05, 2.1780e-04, 3.0044e-05,
        1.5899e-04, 3.4147e-05, 3.0721e-05, 7.0974e-05, 9.6867e-05, 8.5934e-05,
        1.2314e-04, 1.2109e-04, 9.7387e-05, 2.4853e-05, 7.9052e-05, 2.8977e-05,
        3.5893e-05, 8.8466e-05, 9.6764e-05, 5.6868e-05, 2.9051e-05, 9.6292e-05,
        4.1172e-05, 5.9210e-05, 1.5989e-07, 5.3845e-05, 1.0607e-04, 7.6579e-05,
        2.7819e-05, 3.7601e-05, 8.2127e-07, 2.9783e-05, 2.1897e-05, 8.9823e-05,
        5.3725e-06, 2.0393e-05, 7.5412e-05, 1.1587e-06, 6.6035e-05, 2.9560e-05,
        3.2575e-06, 1.3743e-04, 1.7393e-06, 7.7104e-05, 4.4585e-05, 1.7309e-05,
        3.2567e-05, 1.5761e-06, 8.0373e-05, 3.1728e-05, 7.4735e-05, 4.3564e-05,
        9.9617e-07, 3.6233e-05, 6.6951e-05, 1.8423e-05, 5.2523e-05],
       grad_fn=<CatBackward>)

mean_overall=tensor(5.7764e-05, grad_fn=<MeanBackward0>)

-----------------------------------------------ITERATION50-----------------------------------------------

final_causality=[[1, 1, 1, 1, 1, 1, 1, 1, 1, 1, 1, 1, 1], [1, 1, 1, 1, 1, 1, 1, 1, 1, 1, 1, 1, 1, 1, 1, 1, 1, 1, 1, 1, 1, 1, 1, 1, 1, 1, 1, 1, 1, 1, 1, 1, 1, 1, 1, 1, 1, 1, 1, 1, 1, 1, 1, 1, 1, 1, 1, 1, 1, 1], [1, 1, 1, 1, 1, 1, 1, 1, 1, 1, 1, 1, 1, 1, 1, 1, 1, 1, 1, 1, 1, 1, 1, 1, 1, 1, 1, 1, 1, 1, 1, 1, 1, 1, 1, 1, 1, 1, 1, 1, 1, 1, 1, 1, 1, 1, 1, 1, 1, 1]]

means=tensor([9.1916e-05, 0.0000e+00, 0.0000e+00, 1.1132e-04, 8.3515e-05, 2.0386e-04,
        2.4557e-05, 7.2430e-06, 0.0000e+00, 0.0000e+00, 0.0000e+00, 4.3088e-04,
        1.1311e-04, 4.7770e-05, 6.1757e-05, 6.9344e-05, 2.4026e-06, 2.2344e-05,
        5.0282e-05, 1.1251e-04, 9.5815e-05, 6.2619e-05, 1.1913e-05, 2.8042e-05,
        7.1853e-05, 3.5856e-05, 8.5253e-05, 1.8698e-07, 1.0872e-05, 1.3018e-04,
        5.1106e-05, 6.9048e-05, 2.9607e-05, 6.3458e-05, 3.9433e-05, 4.4435e-06,
        2.6053e-06, 2.9840e-06, 1.6087e-04, 1.0284e-05, 1.3040e-04, 6.4924e-06,
        1.9065e-05, 1.7290e-05, 1.6565e-04, 4.3699e-05, 5.6695e-05, 1.9419e-05,
        1.2441e-04, 4.8588e-05, 4.8386e-05, 1.0365e-05, 4.1429e-05, 3.4175e-05,
        1.2449e-04, 4.0280e-05, 8.3620e-05, 7.1961e-05, 2.1358e-04, 3.4159e-05,
        1.6323e-04, 3.5618e-05, 3.4905e-05, 7.0494e-05, 9.5252e-05, 8.6463e-05,
        1.2301e-04, 1.2532e-04, 9.6716e-05, 2.4959e-05, 8.0236e-05, 3.1176e-05,
        3.6247e-05, 9.1431e-05, 9.6599e-05, 5.6471e-05, 2.9043e-05, 1.0130e-04,
        4.1260e-05, 6.1014e-05, 1.8875e-07, 5.3687e-05, 1.1243e-04, 7.6360e-05,
        2.7990e-05, 3.7376e-05, 7.8480e-07, 2.9618e-05, 2.2043e-05, 8.8308e-05,
        5.3897e-06, 2.0579e-05, 7.9059e-05, 1.1049e-06, 6.7582e-05, 2.9538e-05,
        3.3332e-06, 1.3666e-04, 1.7089e-06, 7.7020e-05, 4.4358e-05, 1.6961e-05,
        3.2466e-05, 1.6009e-06, 7.5399e-05, 3.2647e-05, 7.4461e-05, 4.4047e-05,
        9.6590e-07, 3.5596e-05, 6.8526e-05, 1.9168e-05, 5.0461e-05],
       grad_fn=<CatBackward>)

mean_overall=tensor(5.8244e-05, grad_fn=<MeanBackward0>)

-----------------------------------------------ITERATION60-----------------------------------------------

final_causality=[[1, 1, 1, 1, 1, 1, 1, 1, 1, 1, 1, 1, 1], [1, 1, 1, 1, 1, 1, 1, 1, 1, 1, 1, 1, 1, 1, 1, 1, 1, 1, 1, 1, 1, 1, 1, 1, 1, 1, 1, 1, 1, 1, 1, 1, 1, 1, 1, 1, 1, 1, 1, 1, 1, 1, 1, 1, 1, 1, 1, 1, 1, 1], [1, 1, 1, 1, 1, 1, 1, 1, 1, 1, 1, 1, 1, 1, 1, 1, 1, 1, 1, 1, 1, 1, 1, 1, 1, 1, 1, 1, 1, 1, 1, 1, 1, 1, 1, 1, 1, 1, 1, 1, 1, 1, 1, 1, 1, 1, 1, 1, 1, 1]]

means=tensor([1.1969e-04, 0.0000e+00, 0.0000e+00, 4.9094e-05, 8.0172e-05, 2.1948e-04,
        2.2625e-05, 8.9638e-06, 0.0000e+00, 0.0000e+00, 0.0000e+00, 4.4163e-04,
        1.6057e-04, 4.4733e-05, 5.7180e-05, 6.8377e-05, 1.3136e-09, 2.4077e-05,
        5.1724e-05, 1.1909e-04, 9.1797e-05, 6.0136e-05, 1.3573e-05, 2.8706e-05,
        7.6164e-05, 3.8892e-05, 8.4269e-05, 3.8389e-06, 1.1758e-05, 1.3050e-04,
        5.6169e-05, 6.6261e-05, 3.2035e-05, 6.8377e-05, 4.0514e-05, 2.5378e-06,
        2.1016e-06, 2.5282e-06, 1.7326e-04, 1.0438e-05, 1.3209e-04, 5.4536e-06,
        1.6526e-05, 1.3243e-05, 1.6524e-04, 4.3779e-05, 5.7335e-05, 1.7364e-05,
        1.2196e-04, 4.8196e-05, 5.0743e-05, 1.3127e-05, 3.7414e-05, 3.8752e-05,
        1.3333e-04, 3.8084e-05, 8.1736e-05, 6.6869e-05, 2.1410e-04, 4.1060e-05,
        1.7009e-04, 3.5690e-05, 4.1573e-05, 7.0370e-05, 9.3641e-05, 8.6703e-05,
        1.2180e-04, 1.3043e-04, 9.6327e-05, 2.5385e-05, 8.2810e-05, 3.4009e-05,
        3.6654e-05, 9.5524e-05, 9.7111e-05, 5.5996e-05, 2.9600e-05, 1.0676e-04,
        4.1786e-05, 6.3659e-05, 3.0723e-07, 5.3971e-05, 1.1912e-04, 7.5732e-05,
        2.8563e-05, 3.7179e-05, 5.0311e-07, 2.9801e-05, 2.2491e-05, 8.6948e-05,
        5.7072e-06, 2.1128e-05, 8.2802e-05, 8.5283e-07, 7.0073e-05, 2.9570e-05,
        3.6704e-06, 1.3675e-04, 1.3922e-06, 7.7127e-05, 4.4957e-05, 1.6463e-05,
        3.2338e-05, 1.7340e-06, 7.0411e-05, 3.3617e-05, 7.4756e-05, 4.4835e-05,
        1.2445e-06, 3.4523e-05, 7.1153e-05, 1.9915e-05, 4.8060e-05],
       grad_fn=<CatBackward>)

mean_overall=tensor(5.9215e-05, grad_fn=<MeanBackward0>)

-----------------------------------------------ITERATION70-----------------------------------------------

final_causality=[[1, 1, 1, 1, 1, 1, 1, 1, 1, 1, 1, 1, 1], [1, 1, 1, 1, 1, 1, 1, 1, 1, 1, 1, 1, 1, 1, 1, 1, 1, 1, 1, 1, 1, 1, 1, 1, 1, 1, 1, 1, 1, 1, 1, 1, 1, 1, 1, 1, 1, 1, 1, 1, 1, 1, 1, 1, 1, 1, 1, 1, 1, 1], [1, 1, 1, 1, 1, 1, 1, 1, 1, 1, 1, 1, 1, 1, 1, 1, 1, 1, 1, 1, 1, 1, 1, 1, 1, 1, 1, 1, 1, 1, 1, 1, 1, 1, 1, 1, 1, 1, 1, 1, 1, 1, 1, 1, 1, 1, 1, 1, 1, 1]]

means=tensor([1.5440e-04, 0.0000e+00, 0.0000e+00, 1.8315e-05, 7.7492e-05, 2.3011e-04,
        2.1308e-05, 1.1603e-05, 0.0000e+00, 0.0000e+00, 0.0000e+00, 4.4054e-04,
        2.0659e-04, 4.5418e-05, 5.4170e-05, 6.9243e-05, 7.2226e-07, 2.3243e-05,
        5.2423e-05, 1.2330e-04, 8.9889e-05, 5.8843e-05, 1.4537e-05, 2.8268e-05,
        7.8348e-05, 4.0404e-05, 8.0347e-05, 5.8107e-06, 1.0747e-05, 1.2829e-04,
        5.9951e-05, 6.5639e-05, 3.3221e-05, 7.2575e-05, 4.4083e-05, 2.2404e-06,
        2.1818e-06, 4.0823e-06, 1.8255e-04, 1.2781e-05, 1.3245e-04, 5.9050e-06,
        1.6276e-05, 1.1643e-05, 1.6216e-04, 4.4992e-05, 6.0540e-05, 1.6825e-05,
        1.2194e-04, 5.1185e-05, 5.1137e-05, 1.4849e-05, 3.6270e-05, 4.1671e-05,
        1.4000e-04, 3.3344e-05, 7.7500e-05, 6.4992e-05, 2.1143e-04, 4.5995e-05,
        1.7484e-04, 3.8207e-05, 4.6571e-05, 6.9727e-05, 9.2348e-05, 8.7718e-05,
        1.2202e-04, 1.3551e-04, 9.5390e-05, 2.5359e-05, 8.4253e-05, 3.6850e-05,
        3.6997e-05, 1.0022e-04, 9.6996e-05, 5.5790e-05, 2.9493e-05, 1.1238e-04,
        4.1900e-05, 6.5633e-05, 3.0833e-07, 5.3790e-05, 1.2634e-04, 7.5734e-05,
        2.8610e-05, 3.7141e-05, 5.6240e-07, 2.9487e-05, 2.2581e-05, 8.5304e-05,
        5.6635e-06, 2.1294e-05, 8.7097e-05, 8.7381e-07, 7.4622e-05, 3.0839e-05,
        3.7050e-06, 1.3579e-04, 1.4819e-06, 7.7098e-05, 4.5018e-05, 1.6211e-05,
        3.2204e-05, 1.7375e-06, 6.5630e-05, 3.4716e-05, 7.4291e-05, 4.5423e-05,
        1.0896e-06, 3.3991e-05, 7.3207e-05, 2.0652e-05, 4.5949e-05],
       grad_fn=<CatBackward>)

mean_overall=tensor(6.0366e-05, grad_fn=<MeanBackward0>)

-----------------------------------------------ITERATION80-----------------------------------------------

final_causality=[[1, 1, 1, 1, 1, 1, 1, 1, 1, 1, 1, 1, 1], [1, 1, 1, 1, 1, 1, 1, 1, 1, 1, 1, 1, 1, 1, 1, 1, 1, 1, 1, 1, 1, 1, 1, 1, 1, 1, 1, 1, 1, 1, 1, 1, 1, 1, 1, 1, 1, 1, 1, 1, 1, 1, 1, 1, 1, 1, 1, 1, 1, 1], [1, 1, 1, 1, 1, 1, 1, 1, 1, 1, 1, 1, 1, 1, 1, 1, 1, 1, 1, 1, 1, 1, 1, 1, 1, 1, 1, 1, 1, 1, 1, 1, 1, 1, 1, 1, 1, 1, 1, 1, 1, 1, 1, 1, 1, 1, 1, 1, 1, 1]]

means=tensor([1.9189e-04, 0.0000e+00, 2.7756e-17, 8.1361e-05, 7.4820e-05, 2.4048e-04,
        2.0062e-05, 1.4565e-05, 0.0000e+00, 0.0000e+00, 0.0000e+00, 4.3723e-04,
        2.5466e-04, 4.7025e-05, 5.1406e-05, 7.0806e-05, 1.1577e-06, 2.1873e-05,
        5.3033e-05, 1.2721e-04, 8.8404e-05, 5.7792e-05, 1.5395e-05, 2.7613e-05,
        8.0204e-05, 4.1739e-05, 7.5876e-05, 7.5730e-06, 9.3292e-06, 1.2552e-04,
        6.3763e-05, 6.5528e-05, 3.4202e-05, 7.6926e-05, 4.8587e-05, 2.2886e-06,
        2.4112e-06, 6.2326e-06, 1.9190e-04, 1.5874e-05, 1.3249e-04, 6.7418e-06,
        1.6555e-05, 1.0544e-05, 1.5841e-04, 4.6576e-05, 6.4597e-05, 1.6600e-05,
        1.2251e-04, 5.5230e-05, 5.1198e-05, 1.6605e-05, 3.5745e-05, 4.4508e-05,
        1.4669e-04, 2.8135e-05, 7.2891e-05, 6.3801e-05, 2.0800e-04, 5.1058e-05,
        1.7954e-04, 4.1537e-05, 5.1741e-05, 6.8950e-05, 9.1015e-05, 8.9245e-05,
        1.2253e-04, 1.4098e-04, 9.4286e-05, 2.5226e-05, 8.5486e-05, 3.9743e-05,
        3.7329e-05, 1.0813e-04, 9.6818e-05, 5.5692e-05, 2.9261e-05, 1.1884e-04,
        4.1986e-05, 6.7581e-05, 2.7184e-07, 5.3497e-05, 1.3483e-04, 7.5881e-05,
        2.8528e-05, 3.7190e-05, 7.0412e-07, 2.9055e-05, 2.2598e-05, 8.3556e-05,
        5.5450e-06, 2.1410e-05, 9.1764e-05, 9.5501e-07, 7.9306e-05, 3.2789e-05,
        3.6781e-06, 1.3463e-04, 1.6662e-06, 7.7068e-05, 4.4984e-05, 1.6028e-05,
        3.2066e-05, 1.7186e-06, 6.2325e-05, 3.5920e-05, 7.3655e-05, 4.6012e-05,
        8.3894e-07, 3.3553e-05, 7.5308e-05, 2.1376e-05, 4.3818e-05],
       grad_fn=<CatBackward>)

mean_overall=tensor(6.2496e-05, grad_fn=<MeanBackward0>)

-----------------------------------------------ITERATION90-----------------------------------------------

final_causality=[[1, 1, 1, 1, 1, 1, 1, 1, 1, 1, 1, 1, 1], [1, 1, 1, 1, 1, 1, 1, 1, 1, 1, 1, 1, 1, 1, 1, 1, 1, 1, 1, 1, 1, 1, 1, 1, 1, 1, 1, 1, 1, 1, 1, 1, 1, 1, 1, 1, 1, 1, 1, 1, 1, 1, 1, 1, 1, 1, 1, 1, 1, 1], [1, 1, 1, 1, 1, 1, 1, 1, 1, 1, 1, 1, 1, 1, 1, 1, 1, 1, 1, 1, 1, 1, 1, 1, 1, 1, 1, 1, 1, 1, 1, 1, 1, 1, 1, 1, 1, 1, 1, 1, 1, 1, 1, 1, 1, 1, 1, 1, 1, 1]]

means=tensor([2.2969e-04, 0.0000e+00, 0.0000e+00, 1.4939e-04, 7.1550e-05, 2.5490e-04,
        1.8382e-05, 1.7445e-05, 0.0000e+00, 0.0000e+00, 0.0000e+00, 4.4006e-04,
        3.0878e-04, 4.7196e-05, 4.7786e-05, 7.3381e-05, 2.4843e-06, 2.1684e-05,
        5.4124e-05, 1.3276e-04, 8.5931e-05, 5.6186e-05, 1.6799e-05, 2.7459e-05,
        8.3344e-05, 4.4143e-05, 7.2682e-05, 1.0400e-05, 8.7194e-06, 1.2382e-04,
        6.8873e-05, 6.4529e-05, 3.5931e-05, 8.2427e-05, 5.2620e-05, 1.6559e-06,
        2.4145e-06, 7.7740e-06, 2.0418e-04, 1.8707e-05, 1.3334e-04, 7.0103e-06,
        1.5943e-05, 8.3792e-06, 1.5567e-04, 4.7864e-05, 6.7995e-05, 1.5797e-05,
        1.2216e-04, 5.8245e-05, 5.2307e-05, 1.9456e-05, 3.4062e-05, 4.8761e-05,
        1.5545e-04, 2.4006e-05, 6.9335e-05, 6.1302e-05, 2.0584e-04, 5.8259e-05,
        1.8603e-04, 4.4173e-05, 5.8774e-05, 6.9323e-05, 8.9855e-05, 9.1174e-05,
        1.2237e-04, 1.4724e-04, 9.3302e-05, 2.5274e-05, 8.7329e-05, 4.3099e-05,
        3.7684e-05, 1.1691e-04, 9.7062e-05, 5.5580e-05, 2.9358e-05, 1.2613e-04,
        4.2393e-05, 7.0116e-05, 2.8950e-07, 5.3408e-05, 1.4388e-04, 7.5750e-05,
        2.8659e-05, 3.7373e-05, 7.0427e-07, 2.8816e-05, 2.2790e-05, 8.1799e-05,
        5.5961e-06, 2.1773e-05, 9.6633e-05, 9.2226e-07, 8.4893e-05, 3.4995e-05,
        3.8102e-06, 1.3397e-04, 1.6854e-06, 7.7152e-05, 4.5250e-05, 1.5791e-05,
        3.2407e-05, 1.7513e-06, 6.4358e-05, 3.7213e-05, 7.3337e-05, 4.6798e-05,
        7.6541e-07, 3.2841e-05, 7.8222e-05, 2.2097e-05, 4.1731e-05],
       grad_fn=<CatBackward>)

mean_overall=tensor(6.5133e-05, grad_fn=<MeanBackward0>)

-----------------------------------------------ITERATION100-----------------------------------------------

final_causality=[[1, 1, 1, 1, 1, 1, 1, 1, 1, 1, 1, 1, 1], [1, 1, 1, 1, 1, 1, 1, 1, 1, 1, 1, 1, 1, 1, 1, 1, 1, 1, 1, 1, 1, 1, 1, 1, 1, 1, 1, 1, 1, 1, 1, 1, 1, 1, 1, 1, 1, 1, 1, 1, 1, 1, 1, 1, 1, 1, 1, 1, 1, 1], [1, 1, 1, 1, 1, 1, 1, 1, 1, 1, 1, 1, 1, 1, 1, 1, 1, 1, 1, 1, 1, 1, 1, 1, 1, 1, 1, 1, 1, 1, 1, 1, 1, 1, 1, 1, 1, 1, 1, 1, 1, 1, 1, 1, 1, 1, 1, 1, 1, 1]]

means=tensor([2.7006e-04, 2.7756e-17, 0.0000e+00, 2.2097e-04, 6.8073e-05, 2.7046e-04,
        1.6638e-05, 2.0583e-05, 2.7756e-17, 2.7756e-17, 2.7756e-17, 4.4321e-04,
        3.6663e-04, 4.7636e-05, 4.4133e-05, 7.6250e-05, 3.8134e-06, 2.1469e-05,
        5.5305e-05, 1.3864e-04, 8.3512e-05, 5.4619e-05, 1.8333e-05, 2.7299e-05,
        8.6658e-05, 4.6780e-05, 6.9473e-05, 1.3464e-05, 8.0579e-06, 1.2206e-04,
        7.4469e-05, 6.3666e-05, 3.7763e-05, 8.8482e-05, 5.7232e-05, 1.0845e-06,
        2.4652e-06, 9.6349e-06, 2.1744e-04, 2.2064e-05, 1.3420e-04, 7.4015e-06,
        1.5441e-05, 6.2938e-06, 1.5277e-04, 4.9348e-05, 7.1831e-05, 1.5116e-05,
        1.2197e-04, 6.1740e-05, 5.3489e-05, 2.2745e-05, 3.2526e-05, 5.3459e-05,
        1.6491e-04, 1.9854e-05, 6.5970e-05, 5.8964e-05, 2.0354e-04, 6.6317e-05,
        1.9384e-04, 4.7211e-05, 6.6603e-05, 6.9990e-05, 8.8970e-05, 9.8153e-05,
        1.2221e-04, 1.5409e-04, 9.2231e-05, 2.5295e-05, 8.9218e-05, 4.6658e-05,
        3.8019e-05, 1.2593e-04, 9.7367e-05, 5.5553e-05, 2.9457e-05, 1.3383e-04,
        4.2905e-05, 7.2824e-05, 2.9875e-07, 5.3289e-05, 1.5350e-04, 7.5636e-05,
        2.8749e-05, 3.7667e-05, 7.2153e-07, 2.8547e-05, 2.2982e-05, 7.9924e-05,
        5.6416e-06, 2.2191e-05, 1.0185e-04, 8.9983e-07, 9.0890e-05, 3.7415e-05,
        3.9475e-06, 1.3332e-04, 1.7238e-06, 7.7269e-05, 4.5541e-05, 1.5603e-05,
        3.4598e-05, 1.7759e-06, 6.6466e-05, 3.8626e-05, 7.2974e-05, 4.7649e-05,
        6.7468e-07, 3.2110e-05, 8.1459e-05, 2.2792e-05, 4.3261e-05],
       grad_fn=<CatBackward>)

mean_overall=tensor(6.8112e-05, grad_fn=<MeanBackward0>)

-----------------------------------------------ITERATION110-----------------------------------------------

final_causality=[[1, 1, 1, 1, 1, 1, 1, 1, 1, 1, 1, 1, 1], [1, 1, 1, 1, 1, 1, 1, 1, 1, 1, 1, 1, 1, 1, 1, 1, 1, 1, 1, 1, 1, 1, 1, 1, 1, 1, 1, 1, 1, 1, 1, 1, 1, 1, 1, 1, 1, 1, 1, 1, 1, 1, 1, 1, 1, 1, 1, 1, 1, 1], [1, 1, 1, 1, 1, 1, 1, 1, 1, 1, 1, 1, 1, 1, 1, 1, 1, 1, 1, 1, 1, 1, 1, 1, 1, 1, 1, 1, 1, 1, 1, 1, 1, 1, 1, 1, 1, 1, 1, 1, 1, 1, 1, 1, 1, 1, 1, 1, 1, 1]]

means=tensor([3.1364e-04, 2.7756e-17, 2.7756e-17, 2.9589e-04, 6.4480e-05, 2.8640e-04,
        1.4947e-05, 2.4076e-05, 2.7756e-17, 0.0000e+00, 2.7756e-17, 4.4511e-04,
        4.2764e-04, 4.8818e-05, 4.0678e-05, 7.9679e-05, 4.9080e-06, 2.0904e-05,
        5.6474e-05, 1.4448e-04, 8.1440e-05, 5.3258e-05, 1.9871e-05, 2.7005e-05,
        8.9835e-05, 4.9421e-05, 6.5949e-05, 1.6573e-05, 7.1227e-06, 1.1994e-04,
        8.0332e-05, 6.3229e-05, 3.9515e-05, 9.5415e-05, 6.2773e-05, 7.6789e-07,
        2.6435e-06, 1.2134e-05, 2.3117e-04, 2.6286e-05, 1.3487e-04, 8.1182e-06,
        1.5348e-05, 4.5825e-06, 1.4943e-04, 5.1179e-05, 7.6434e-05, 1.4707e-05,
        1.2227e-04, 6.6252e-05, 5.4484e-05, 2.6318e-05, 3.1471e-05, 5.8335e-05,
        1.7471e-04, 1.5413e-05, 6.4359e-05, 5.7162e-05, 2.0073e-04, 7.4904e-05,
        2.0362e-04, 5.1004e-05, 7.4970e-05, 7.0680e-05, 8.8778e-05, 1.0561e-04,
        1.2222e-04, 1.6148e-04, 9.1017e-05, 2.5228e-05, 9.0992e-05, 5.0395e-05,
        3.8310e-05, 1.3503e-04, 9.7639e-05, 5.5640e-05, 2.9473e-05, 1.4196e-04,
        4.3473e-05, 7.5730e-05, 2.7696e-07, 5.3076e-05, 1.6371e-04, 7.5619e-05,
        2.8764e-05, 3.8075e-05, 8.0109e-07, 2.8191e-05, 2.3126e-05, 7.7904e-05,
        5.6335e-06, 2.2646e-05, 1.0749e-04, 9.2027e-07, 9.7157e-05, 4.0050e-05,
        4.0442e-06, 1.3254e-04, 1.8307e-06, 8.1809e-05, 4.5782e-05, 1.5492e-05,
        3.6969e-05, 1.7745e-06, 6.8709e-05, 4.0179e-05, 7.2463e-05, 4.8529e-05,
        5.1663e-07, 3.1423e-05, 8.4883e-05, 2.3443e-05, 4.4915e-05],
       grad_fn=<CatBackward>)

mean_overall=tensor(7.1379e-05, grad_fn=<MeanBackward0>)

-----------------------------------------------ITERATION120-----------------------------------------------

final_causality=[[1, 1, 1, 1, 1, 1, 1, 1, 1, 1, 1, 1, 1], [1, 1, 1, 1, 1, 1, 1, 1, 1, 1, 1, 1, 1, 1, 1, 1, 1, 1, 1, 1, 1, 1, 1, 1, 1, 1, 1, 1, 1, 1, 1, 1, 1, 1, 1, 1, 1, 1, 1, 1, 1, 1, 1, 1, 1, 1, 1, 1, 1, 1], [1, 1, 1, 1, 1, 1, 1, 1, 1, 1, 1, 1, 1, 1, 1, 1, 1, 1, 1, 1, 1, 1, 1, 1, 1, 1, 1, 1, 1, 1, 1, 1, 1, 1, 1, 1, 1, 1, 1, 1, 1, 1, 1, 1, 1, 1, 1, 1, 1, 1]]

means=tensor([3.5994e-04, 0.0000e+00, 0.0000e+00, 3.7564e-04, 6.0531e-05, 3.0444e-04,
        1.3103e-05, 2.7817e-05, 0.0000e+00, 0.0000e+00, 0.0000e+00, 4.4892e-04,
        4.9365e-04, 4.9917e-05, 3.7039e-05, 8.3258e-05, 6.2157e-06, 2.0602e-05,
        5.7838e-05, 1.5099e-04, 7.9223e-05, 5.1826e-05, 2.1683e-05, 2.6826e-05,
        9.3471e-05, 5.2548e-05, 6.2724e-05, 2.0233e-05, 6.3346e-06, 1.1804e-04,
        8.6963e-05, 6.2728e-05, 4.1543e-05, 1.0320e-04, 6.8748e-05, 3.4789e-07,
        2.8190e-06, 1.4873e-05, 2.4660e-04, 3.0958e-05, 1.3575e-04, 8.8258e-06,
        1.5142e-05, 2.6957e-06, 1.4623e-04, 5.3125e-05, 8.1273e-05, 1.4239e-05,
        1.2251e-04, 7.1047e-05, 5.5787e-05, 3.0635e-05, 3.0292e-05, 6.3983e-05,
        1.8562e-04, 1.1180e-05, 6.2941e-05, 5.5220e-05, 1.9812e-04, 8.4864e-05,
        2.1448e-04, 5.5011e-05, 8.4534e-05, 7.1324e-05, 8.8579e-05, 1.1361e-04,
        1.2207e-04, 1.6961e-04, 8.9739e-05, 2.5170e-05, 9.2950e-05, 5.4467e-05,
        3.8555e-05, 1.4465e-04, 9.8075e-05, 5.5809e-05, 2.9568e-05, 1.5056e-04,
        4.4234e-05, 7.9218e-05, 2.6040e-07, 5.2876e-05, 1.7457e-04, 7.5542e-05,
        2.8847e-05, 3.8640e-05, 8.6323e-07, 2.7854e-05, 2.3313e-05, 7.5755e-05,
        5.6598e-06, 2.3893e-05, 1.1349e-04, 9.2270e-07, 1.0401e-04, 4.2940e-05,
        4.1833e-06, 1.3188e-04, 1.9189e-06, 8.6793e-05, 4.6204e-05, 1.5424e-05,
        3.9581e-05, 1.7766e-06, 7.2044e-05, 4.1881e-05, 7.1980e-05, 5.0939e-05,
        3.8525e-07, 3.0653e-05, 8.8808e-05, 2.4042e-05, 4.6722e-05],
       grad_fn=<CatBackward>)

mean_overall=tensor(7.5026e-05, grad_fn=<MeanBackward0>)

-----------------------------------------------ITERATION130-----------------------------------------------

final_causality=[[1, 1, 1, 1, 1, 1, 1, 1, 1, 1, 1, 1, 1], [1, 1, 1, 1, 1, 1, 1, 1, 1, 1, 1, 1, 1, 1, 1, 1, 1, 1, 1, 1, 1, 1, 1, 1, 1, 1, 1, 1, 1, 1, 1, 1, 1, 1, 1, 1, 1, 1, 1, 1, 1, 1, 1, 1, 1, 1, 1, 1, 1, 1], [1, 1, 1, 1, 1, 1, 1, 1, 1, 1, 1, 1, 1, 1, 1, 1, 1, 1, 1, 1, 1, 1, 1, 1, 1, 1, 1, 1, 1, 1, 1, 1, 1, 1, 1, 1, 1, 1, 1, 1, 1, 1, 1, 1, 1, 1, 1, 1, 1, 1]]

means=tensor([4.0957e-04, 0.0000e+00, 0.0000e+00, 4.6054e-04, 5.6227e-05, 3.2443e-04,
        1.1146e-05, 3.1878e-05, 0.0000e+00, 0.0000e+00, 0.0000e+00, 4.5409e-04,
        5.6484e-04, 5.1132e-05, 3.3315e-05, 8.7102e-05, 7.6492e-06, 2.0437e-05,
        5.9363e-05, 1.5807e-04, 7.6986e-05, 5.0395e-05, 2.3745e-05, 2.6710e-05,
        9.7461e-05, 5.6100e-05, 6.0497e-05, 2.4415e-05, 5.6026e-06, 1.1623e-04,
        9.4320e-05, 6.2287e-05, 4.3803e-05, 1.1182e-04, 7.5326e-05, 2.4439e-09,
        3.0272e-06, 1.8018e-05, 2.6387e-04, 3.6260e-05, 1.3677e-04, 9.6133e-06,
        1.4947e-05, 7.4658e-07, 1.4306e-04, 5.5256e-05, 8.6493e-05, 1.3787e-05,
        1.2563e-04, 7.6277e-05, 5.7299e-05, 3.5709e-05, 2.9132e-05, 7.0347e-05,
        1.9756e-04, 7.0194e-06, 6.1627e-05, 5.3299e-05, 1.9558e-04, 9.6148e-05,
        2.2633e-04, 5.9390e-05, 9.5259e-05, 7.5432e-05, 8.8800e-05, 1.2218e-04,
        1.2182e-04, 1.7849e-04, 8.8370e-05, 2.5092e-05, 9.5049e-05, 5.8834e-05,
        3.8730e-05, 1.5480e-04, 9.8637e-05, 5.6077e-05, 3.0446e-05, 1.5965e-04,
        4.5179e-05, 8.2993e-05, 2.4229e-07, 5.2661e-05, 1.8613e-04, 7.5435e-05,
        2.8909e-05, 3.9380e-05, 9.4859e-07, 2.7513e-05, 2.3526e-05, 7.3456e-05,
        5.7021e-06, 2.5337e-05, 1.1990e-04, 9.2017e-07, 1.1144e-04, 4.6094e-05,
        4.3491e-06, 1.3127e-04, 2.0337e-06, 9.2097e-05, 4.7493e-05, 1.5416e-05,
        4.2448e-05, 1.7747e-06, 7.5582e-05, 4.3755e-05, 7.1480e-05, 5.5824e-05,
        2.5961e-07, 2.9822e-05, 9.3209e-05, 2.4567e-05, 4.8694e-05],
       grad_fn=<CatBackward>)

mean_overall=tensor(7.9134e-05, grad_fn=<MeanBackward0>)

-----------------------------------------------ITERATION140-----------------------------------------------

final_causality=[[1, 1, 1, 1, 1, 1, 1, 1, 1, 1, 1, 1, 1], [1, 1, 1, 1, 1, 1, 1, 1, 1, 1, 1, 1, 1, 1, 1, 1, 1, 1, 1, 1, 1, 1, 1, 1, 1, 1, 1, 1, 1, 1, 1, 1, 1, 1, 1, 1, 1, 1, 1, 1, 1, 1, 1, 1, 1, 1, 1, 1, 1, 1], [1, 1, 1, 1, 1, 1, 1, 1, 1, 1, 1, 1, 1, 1, 1, 1, 1, 1, 1, 1, 1, 1, 1, 1, 1, 1, 1, 1, 1, 1, 1, 1, 1, 1, 1, 1, 1, 1, 1, 1, 1, 1, 1, 1, 1, 1, 1, 1, 1, 1]]

means=tensor([4.6317e-04, 0.0000e+00, 0.0000e+00, 5.5085e-04, 5.1572e-05, 3.4609e-04,
        9.1396e-06, 3.6338e-05, 0.0000e+00, 0.0000e+00, 0.0000e+00, 4.5987e-04,
        6.4129e-04, 5.2709e-05, 2.9622e-05, 9.1370e-05, 9.0986e-06, 2.0251e-05,
        6.2611e-05, 1.6553e-04, 7.4878e-05, 4.9050e-05, 2.6007e-05, 2.6595e-05,
        1.0166e-04, 5.9979e-05, 5.8773e-05, 2.9153e-05, 4.8145e-06, 1.1439e-04,
        1.0232e-04, 6.2057e-05, 4.6252e-05, 1.2169e-04, 8.2731e-05, 2.7452e-07,
        3.3141e-06, 2.1784e-05, 2.8240e-04, 4.2421e-05, 1.3781e-04, 1.0596e-05,
        1.4917e-05, 7.3966e-07, 1.3977e-04, 5.7663e-05, 9.2529e-05, 1.3438e-05,
        1.2958e-04, 8.2214e-05, 5.8895e-05, 4.1515e-05, 2.8154e-05, 7.7329e-05,
        2.1037e-04, 2.7679e-06, 6.0306e-05, 5.1584e-05, 1.9293e-04, 1.0864e-04,
        2.3905e-04, 6.4352e-05, 1.0707e-04, 8.2566e-05, 8.9586e-05, 1.3133e-04,
        1.2157e-04, 1.8815e-04, 8.6880e-05, 2.4959e-05, 9.7726e-05, 6.3460e-05,
        3.8807e-05, 1.6547e-04, 1.0148e-04, 5.6465e-05, 3.3673e-05, 1.6930e-04,
        4.6290e-05, 8.7006e-05, 2.0954e-07, 5.2395e-05, 1.9845e-04, 7.5338e-05,
        2.8910e-05, 4.0307e-05, 1.0663e-06, 2.7389e-05, 2.3741e-05, 7.0993e-05,
        5.7363e-06, 2.6951e-05, 1.2677e-04, 9.2887e-07, 1.1937e-04, 4.9522e-05,
        4.5191e-06, 1.3064e-04, 2.1779e-06, 9.7732e-05, 4.8899e-05, 1.5489e-05,
        4.5589e-05, 1.7715e-06, 7.9270e-05, 4.5826e-05, 7.1542e-05, 6.1175e-05,
        1.1395e-07, 2.8958e-05, 9.8034e-05, 2.4993e-05, 5.0840e-05],
       grad_fn=<CatBackward>)

mean_overall=tensor(8.3740e-05, grad_fn=<MeanBackward0>)

-----------------------------------------------ITERATION150-----------------------------------------------

final_causality=[[1, 1, 1, 1, 1, 1, 1, 1, 1, 1, 1, 1, 1], [1, 1, 1, 1, 1, 1, 1, 1, 1, 1, 1, 1, 1, 1, 1, 1, 1, 1, 1, 1, 1, 1, 1, 1, 1, 1, 1, 1, 1, 1, 1, 1, 1, 1, 1, 1, 1, 1, 1, 1, 1, 1, 1, 1, 1, 1, 1, 1, 1, 1], [1, 1, 1, 1, 1, 1, 1, 1, 1, 1, 1, 1, 1, 1, 1, 1, 1, 1, 1, 1, 1, 1, 1, 1, 1, 1, 1, 1, 1, 1, 1, 1, 1, 1, 1, 1, 1, 1, 1, 1, 1, 1, 1, 1, 1, 1, 1, 1, 1, 1]]

means=tensor([5.2109e-04, 0.0000e+00, 0.0000e+00, 6.4747e-04, 4.6462e-05, 3.7006e-04,
        7.0197e-06, 4.1216e-05, 0.0000e+00, 0.0000e+00, 0.0000e+00, 4.6718e-04,
        7.2394e-04, 5.4470e-05, 2.5875e-05, 9.5983e-05, 1.0679e-05, 2.0190e-05,
        6.6334e-05, 1.7359e-04, 7.2794e-05, 4.7732e-05, 2.8567e-05, 2.6697e-05,
        1.0624e-04, 6.5115e-05, 5.7113e-05, 3.4639e-05, 4.0637e-06, 1.1265e-04,
        1.1114e-04, 6.1933e-05, 4.8942e-05, 1.3264e-04, 9.0889e-05, 6.7379e-07,
        3.6557e-06, 2.6129e-05, 3.0254e-04, 4.9404e-05, 1.3897e-04, 1.1709e-05,
        1.4937e-05, 2.4538e-06, 1.3651e-04, 6.0305e-05, 9.9409e-05, 1.3126e-05,
        1.3374e-04, 8.8718e-05, 6.0698e-05, 4.8269e-05, 2.7228e-05, 8.5129e-05,
        2.2428e-04, 1.1413e-06, 5.9084e-05, 4.9929e-05, 1.9034e-04, 1.2266e-04,
        2.5287e-04, 6.9794e-05, 1.2020e-04, 9.0032e-05, 9.7237e-05, 1.4112e-04,
        1.2124e-04, 1.9868e-04, 8.5276e-05, 2.4790e-05, 1.0099e-04, 6.8415e-05,
        3.8768e-05, 1.7685e-04, 1.0597e-04, 5.6976e-05, 3.7037e-05, 1.7955e-04,
        4.7616e-05, 9.1330e-05, 1.7028e-07, 5.2098e-05, 2.1160e-04, 7.5210e-05,
        2.8876e-05, 4.1458e-05, 1.1956e-06, 2.7350e-05, 2.3984e-05, 6.8357e-05,
        5.7839e-06, 2.8783e-05, 1.3411e-04, 9.3466e-07, 1.2794e-04, 5.3244e-05,
        4.7166e-06, 1.3003e-04, 2.3328e-06, 1.0375e-04, 5.0488e-05, 1.5643e-05,
        4.9254e-05, 1.7672e-06, 8.3207e-05, 4.8118e-05, 7.7123e-05, 6.7105e-05,
        3.0072e-08, 2.8026e-05, 1.0340e-04, 2.5301e-05, 5.3193e-05],
       grad_fn=<CatBackward>)

mean_overall=tensor(8.8965e-05, grad_fn=<MeanBackward0>)

-----------------------------------------------ITERATION160-----------------------------------------------

final_causality=[[1, 1, 1, 1, 1, 1, 1, 1, 1, 1, 1, 1, 1], [1, 1, 1, 1, 1, 1, 1, 1, 1, 1, 1, 1, 1, 1, 1, 1, 1, 1, 1, 1, 1, 1, 1, 1, 1, 1, 1, 1, 1, 1, 1, 1, 1, 1, 1, 1, 1, 1, 1, 1, 1, 1, 1, 1, 1, 1, 1, 1, 1, 1], [1, 1, 1, 1, 1, 1, 1, 1, 1, 1, 1, 1, 1, 1, 1, 1, 1, 1, 1, 1, 1, 1, 1, 1, 1, 1, 1, 1, 1, 1, 1, 1, 1, 1, 1, 1, 1, 1, 1, 1, 1, 1, 1, 1, 1, 1, 1, 1, 1, 1]]

means=tensor([5.8391e-04, 2.7756e-17, 2.7756e-17, 7.5106e-04, 4.0833e-05, 3.9653e-04,
        4.7875e-06, 4.6571e-05, 2.7756e-17, 2.7756e-17, 2.7756e-17, 4.7605e-04,
        8.1338e-04, 5.6459e-05, 2.2092e-05, 1.0099e-04, 1.2391e-05, 2.0239e-05,
        7.0342e-05, 1.8226e-04, 7.0759e-05, 4.6456e-05, 3.1450e-05, 2.7992e-05,
        1.1119e-04, 7.1552e-05, 5.5504e-05, 4.0896e-05, 3.3341e-06, 1.1099e-04,
        1.2083e-04, 6.1944e-05, 5.1884e-05, 1.4472e-04, 9.9890e-05, 1.0810e-06,
        4.0670e-06, 3.1151e-05, 3.2433e-04, 5.7321e-05, 1.4027e-04, 1.2986e-05,
        1.5032e-05, 4.2268e-06, 1.3326e-04, 6.3214e-05, 1.0690e-04, 1.2864e-05,
        1.3818e-04, 9.5872e-05, 6.4250e-05, 5.6075e-05, 2.6376e-05, 9.3801e-05,
        2.3935e-04, 4.8143e-06, 5.7952e-05, 4.8360e-05, 1.8779e-04, 1.3830e-04,
        2.6784e-04, 7.5785e-05, 1.3473e-04, 9.7856e-05, 1.0669e-04, 1.5158e-04,
        1.2084e-04, 2.1016e-04, 8.3546e-05, 2.4577e-05, 1.0448e-04, 7.3714e-05,
        3.8588e-05, 1.8904e-04, 1.1471e-04, 5.7620e-05, 4.0548e-05, 1.9046e-04,
        4.9170e-05, 9.5980e-05, 1.2245e-07, 5.1761e-05, 2.2563e-04, 7.5052e-05,
        2.8796e-05, 4.2858e-05, 1.3412e-06, 2.7331e-05, 2.4254e-05, 6.5534e-05,
        5.8425e-06, 3.0844e-05, 1.4196e-04, 9.3933e-07, 1.3719e-04, 5.7453e-05,
        4.9422e-06, 1.2944e-04, 2.5035e-06, 1.1019e-04, 5.5841e-05, 1.5918e-05,
        5.3748e-05, 1.7592e-06, 8.7417e-05, 5.0659e-05, 8.3591e-05, 7.3676e-05,
        1.7397e-07, 2.7023e-05, 1.0933e-04, 2.5467e-05, 5.5778e-05],
       grad_fn=<CatBackward>)

mean_overall=tensor(9.4844e-05, grad_fn=<MeanBackward0>)

-----------------------------------------------ITERATION170-----------------------------------------------

final_causality=[[1, 1, 1, 1, 1, 1, 1, 1, 1, 1, 1, 1, 1], [1, 1, 1, 1, 1, 1, 1, 1, 1, 1, 1, 1, 1, 1, 1, 1, 1, 1, 1, 1, 1, 1, 1, 1, 1, 1, 1, 1, 1, 1, 1, 1, 1, 1, 1, 1, 1, 1, 1, 1, 1, 1, 1, 1, 1, 1, 1, 1, 1, 1], [1, 1, 1, 1, 1, 1, 1, 1, 1, 1, 1, 1, 1, 1, 1, 1, 1, 1, 1, 1, 1, 1, 1, 1, 1, 1, 1, 1, 1, 1, 1, 1, 1, 1, 1, 1, 1, 1, 1, 1, 1, 1, 1, 1, 1, 1, 1, 1, 1, 1]]

means=tensor([6.5228e-04, 0.0000e+00, 2.7756e-17, 8.6229e-04, 3.4618e-05, 4.2565e-04,
        2.4554e-06, 5.2470e-05, 0.0000e+00, 0.0000e+00, 0.0000e+00, 4.8641e-04,
        9.1022e-04, 5.8747e-05, 1.8300e-05, 1.0645e-04, 1.4222e-05, 2.0367e-05,
        7.4647e-05, 1.9153e-04, 6.8814e-05, 4.5245e-05, 3.4673e-05, 2.9368e-05,
        1.1650e-04, 7.8740e-05, 5.3913e-05, 4.7982e-05, 2.5973e-06, 1.0938e-04,
        1.3141e-04, 6.2134e-05, 5.5074e-05, 1.5797e-04, 1.0986e-04, 1.4789e-06,
        4.5732e-06, 3.6973e-05, 3.4780e-04, 6.6313e-05, 1.4167e-04, 1.4476e-05,
        1.5244e-05, 6.0497e-06, 1.3001e-04, 6.6432e-05, 1.1509e-04, 1.2676e-05,
        1.4294e-04, 1.0379e-04, 6.9238e-05, 6.5031e-05, 2.5923e-05, 1.0338e-04,
        2.5559e-04, 8.6454e-06, 5.6889e-05, 4.6918e-05, 1.8526e-04, 1.5561e-04,
        2.8400e-04, 8.2419e-05, 1.5073e-04, 1.0608e-04, 1.1744e-04, 1.6293e-04,
        1.2040e-04, 2.2265e-04, 8.1678e-05, 2.4310e-05, 1.0820e-04, 7.9370e-05,
        3.8241e-05, 2.0211e-04, 1.2663e-04, 5.8413e-05, 4.4212e-05, 2.0208e-04,
        5.0964e-05, 1.0096e-04, 6.1996e-08, 5.1368e-05, 2.4063e-04, 7.4872e-05,
        2.8658e-05, 4.4537e-05, 1.5115e-06, 2.7329e-05, 2.4550e-05, 6.2510e-05,
        5.9071e-06, 3.3142e-05, 1.5038e-04, 9.4630e-07, 1.4714e-04, 6.2475e-05,
        5.2669e-06, 1.2883e-04, 2.6990e-06, 1.1708e-04, 6.2260e-05, 1.6372e-05,
        5.8694e-05, 1.9239e-06, 9.5392e-05, 5.3482e-05, 9.0681e-05, 8.0947e-05,
        3.2795e-07, 2.5945e-05, 1.1585e-04, 2.5465e-05, 5.8617e-05],
       grad_fn=<CatBackward>)

mean_overall=tensor(0.0001, grad_fn=<MeanBackward0>)

-----------------------------------------------ITERATION180-----------------------------------------------

final_causality=[[1, 1, 1, 1, 1, 1, 1, 1, 1, 1, 1, 1, 1], [1, 1, 1, 1, 1, 1, 1, 1, 1, 1, 1, 1, 1, 1, 1, 1, 1, 1, 1, 1, 1, 1, 1, 1, 1, 1, 1, 1, 1, 1, 1, 1, 1, 1, 1, 1, 1, 1, 1, 1, 1, 1, 1, 1, 1, 1, 1, 1, 1, 1], [1, 1, 1, 1, 1, 1, 1, 1, 1, 1, 1, 1, 1, 1, 1, 1, 1, 1, 1, 1, 1, 1, 1, 1, 1, 1, 1, 1, 1, 1, 1, 1, 1, 1, 1, 1, 1, 1, 1, 1, 1, 1, 1, 1, 1, 1, 1, 1, 1, 1]]

means=tensor([7.2684e-04, 2.7756e-17, 2.7756e-17, 9.8204e-04, 2.7718e-05, 4.5786e-04,
        6.4846e-07, 5.8970e-05, 2.7756e-17, 2.7756e-17, 2.7756e-17, 4.9865e-04,
        1.0153e-03, 6.1305e-05, 1.4478e-05, 1.1239e-04, 1.6411e-05, 2.0612e-05,
        7.9291e-05, 2.0148e-04, 6.6937e-05, 4.4088e-05, 3.8360e-05, 3.0850e-05,
        1.2225e-04, 8.6797e-05, 5.2377e-05, 5.6019e-05, 1.8716e-06, 1.0787e-04,
        1.4299e-04, 6.2485e-05, 5.8559e-05, 1.7255e-04, 1.2083e-04, 1.8955e-06,
        5.2160e-06, 4.3653e-05, 3.7311e-04, 7.6455e-05, 1.4321e-04, 1.6185e-05,
        1.5552e-05, 7.9731e-06, 1.2677e-04, 6.9968e-05, 1.2399e-04, 1.2548e-05,
        1.4803e-04, 1.1249e-04, 7.4889e-05, 7.5310e-05, 2.5906e-05, 1.1399e-04,
        2.7312e-04, 1.2676e-05, 5.5941e-05, 4.5570e-05, 1.8279e-04, 1.7475e-04,
        3.0145e-04, 8.9712e-05, 1.6863e-04, 1.1481e-04, 1.2874e-04, 1.7517e-04,
        1.1988e-04, 2.3625e-04, 7.9665e-05, 2.3991e-05, 1.1223e-04, 8.5424e-05,
        3.7704e-05, 2.1621e-04, 1.3926e-04, 5.9365e-05, 4.8061e-05, 2.1448e-04,
        5.3025e-05, 1.0632e-04, 9.0206e-09, 5.0920e-05, 2.5669e-04, 7.5262e-05,
        2.8462e-05, 4.6530e-05, 1.7038e-06, 2.7354e-05, 2.4879e-05, 5.9271e-05,
        6.4137e-06, 3.5703e-05, 1.6041e-04, 9.5200e-07, 1.5787e-04, 6.7916e-05,
        5.7921e-06, 1.2819e-04, 2.9174e-06, 1.2450e-04, 6.9332e-05, 1.6949e-05,
        6.4145e-05, 2.2308e-06, 1.0630e-04, 5.6620e-05, 9.8454e-05, 8.9008e-05,
        4.8859e-07, 2.4775e-05, 1.2304e-04, 2.5273e-05, 6.1740e-05],
       grad_fn=<CatBackward>)

mean_overall=tensor(0.0001, grad_fn=<MeanBackward0>)

-----------------------------------------------ITERATION190-----------------------------------------------

final_causality=[[1, 1, 1, 1, 1, 1, 1, 1, 1, 1, 1, 1, 1], [1, 1, 1, 1, 1, 1, 1, 1, 1, 1, 1, 1, 1, 1, 1, 1, 1, 1, 1, 1, 1, 1, 1, 1, 1, 1, 1, 1, 1, 1, 1, 1, 1, 1, 1, 1, 1, 1, 1, 1, 1, 1, 1, 1, 1, 1, 1, 1, 1, 1], [1, 1, 1, 1, 1, 1, 1, 1, 1, 1, 1, 1, 1, 1, 1, 1, 1, 1, 1, 1, 1, 1, 1, 1, 1, 1, 1, 1, 1, 1, 1, 1, 1, 1, 1, 1, 1, 1, 1, 1, 1, 1, 1, 1, 1, 1, 1, 1, 1, 1]]

means=tensor([8.0832e-04, 0.0000e+00, 0.0000e+00, 1.1111e-03, 2.0036e-05, 4.9346e-04,
        3.3148e-06, 6.6143e-05, 0.0000e+00, 0.0000e+00, 0.0000e+00, 5.1286e-04,
        1.1294e-03, 6.4164e-05, 1.0629e-05, 1.1884e-04, 1.9498e-05, 2.0972e-05,
        8.4300e-05, 2.1215e-04, 6.5143e-05, 4.2993e-05, 4.2811e-05, 3.2445e-05,
        1.2845e-04, 9.5811e-05, 5.0889e-05, 6.5099e-05, 1.1452e-06, 1.0644e-04,
        1.5563e-04, 6.3019e-05, 6.2359e-05, 1.8855e-04, 1.3293e-04, 2.3308e-06,
        5.9915e-06, 5.1295e-05, 4.0034e-04, 8.7877e-05, 1.4489e-04, 1.8151e-05,
        1.5973e-05, 1.0018e-05, 1.2355e-04, 7.3857e-05, 1.3367e-04, 1.2488e-05,
        1.5349e-04, 1.2205e-04, 8.1088e-05, 8.7052e-05, 2.5978e-05, 1.2571e-04,
        2.9201e-04, 1.6985e-05, 5.5256e-05, 4.4325e-05, 1.8037e-04, 1.9584e-04,
        3.2027e-04, 9.7737e-05, 1.8912e-04, 1.2409e-04, 1.4066e-04, 1.8828e-04,
        1.1931e-04, 2.5106e-04, 8.2637e-05, 2.3614e-05, 1.1657e-04, 9.1902e-05,
        3.6952e-05, 2.3145e-04, 1.5264e-04, 6.0493e-05, 5.2115e-05, 2.2773e-04,
        5.6295e-05, 1.1209e-04, 9.0278e-08, 5.1395e-05, 2.7388e-04, 7.7744e-05,
        2.8201e-05, 4.8870e-05, 1.9229e-06, 2.8495e-05, 2.5246e-05, 5.5798e-05,
        7.0031e-06, 3.8546e-05, 1.7114e-04, 9.5709e-07, 1.6945e-04, 7.3813e-05,
        6.3920e-06, 1.2837e-04, 3.1644e-06, 1.3247e-04, 7.7117e-05, 1.7666e-05,
        7.0155e-05, 2.5922e-06, 1.1801e-04, 6.0108e-05, 1.0695e-04, 9.7938e-05,
        6.5944e-07, 2.3502e-05, 1.3096e-04, 2.4866e-05, 6.5549e-05],
       grad_fn=<CatBackward>)

mean_overall=tensor(0.0001, grad_fn=<MeanBackward0>)

-----------------------------------------------ITERATION200-----------------------------------------------

final_causality=[[1, 1, 1, 1, 1, 1, 1, 1, 1, 1, 1, 1, 1], [1, 1, 1, 1, 1, 1, 1, 1, 1, 1, 1, 1, 1, 1, 1, 1, 1, 1, 1, 1, 1, 1, 1, 1, 1, 1, 1, 1, 1, 1, 1, 1, 1, 1, 1, 1, 1, 1, 1, 1, 1, 1, 1, 1, 1, 1, 1, 1, 1, 1], [1, 1, 1, 1, 1, 1, 1, 1, 1, 1, 1, 1, 1, 1, 1, 1, 1, 1, 1, 1, 1, 1, 1, 1, 1, 1, 1, 1, 1, 1, 1, 1, 1, 1, 1, 1, 1, 1, 1, 1, 1, 1, 1, 1, 1, 1, 1, 1, 1, 1]]

means=tensor([8.9750e-04, 0.0000e+00, 0.0000e+00, 1.2505e-03, 1.1463e-05, 5.3280e-04,
        6.1231e-06, 7.4066e-05, 0.0000e+00, 0.0000e+00, 0.0000e+00, 5.2919e-04,
        1.2534e-03, 6.7352e-05, 6.7532e-06, 1.2586e-04, 2.3080e-05, 2.1447e-05,
        8.9706e-05, 2.2358e-04, 6.3440e-05, 4.1965e-05, 4.7817e-05, 3.4167e-05,
        1.3514e-04, 1.0588e-04, 4.9446e-05, 7.5328e-05, 4.0949e-07, 1.0510e-04,
        1.6941e-04, 6.3749e-05, 6.6501e-05, 2.0609e-04, 1.4626e-04, 2.7909e-06,
        6.9260e-06, 6.0003e-05, 4.2960e-04, 1.0071e-04, 1.4671e-04, 2.0438e-05,
        1.6520e-05, 1.2213e-05, 1.2036e-04, 7.8130e-05, 1.4418e-04, 1.2500e-05,
        1.5934e-04, 1.3255e-04, 8.7887e-05, 1.0041e-04, 2.6150e-05, 1.3862e-04,
        3.1233e-04, 2.1661e-05, 5.4662e-05, 4.3187e-05, 1.7801e-04, 2.1894e-04,
        3.4056e-04, 1.0656e-04, 2.1170e-04, 1.3401e-04, 1.5329e-04, 2.0234e-04,
        1.1868e-04, 2.6716e-04, 8.8625e-05, 2.3177e-05, 1.2258e-04, 9.8836e-05,
        3.5961e-05, 2.4794e-04, 1.6684e-04, 6.1811e-05, 5.6397e-05, 2.4189e-04,
        6.2398e-05, 1.1829e-04, 1.8580e-07, 5.4262e-05, 2.9231e-04, 8.0660e-05,
        2.7868e-05, 5.1592e-05, 2.1733e-06, 3.0176e-05, 2.5654e-05, 5.2071e-05,
        7.6507e-06, 4.1693e-05, 1.8264e-04, 9.6161e-07, 1.8192e-04, 8.0207e-05,
        7.0928e-06, 1.2893e-04, 3.4455e-06, 1.4107e-04, 8.5680e-05, 1.8540e-05,
        7.6781e-05, 3.0092e-06, 1.3062e-04, 6.3987e-05, 1.1622e-04, 1.0782e-04,
        8.4376e-07, 2.2112e-05, 1.3966e-04, 2.4218e-05, 7.4053e-05],
       grad_fn=<CatBackward>)

mean_overall=tensor(0.0001, grad_fn=<MeanBackward0>)

-----------------------------------------------ITERATION210-----------------------------------------------

final_causality=[[1, 1, 1, 1, 1, 1, 1, 1, 1, 1, 1, 1, 1], [1, 1, 1, 1, 1, 1, 1, 1, 1, 1, 1, 1, 1, 1, 1, 1, 1, 1, 1, 1, 1, 1, 1, 1, 1, 1, 1, 1, 1, 1, 1, 1, 1, 1, 1, 1, 1, 1, 1, 1, 1, 1, 1, 1, 1, 1, 1, 1, 1, 1], [1, 1, 1, 1, 1, 1, 1, 1, 1, 1, 1, 1, 1, 1, 1, 1, 1, 1, 1, 1, 1, 1, 1, 1, 1, 1, 1, 1, 1, 1, 1, 1, 1, 1, 1, 1, 1, 1, 1, 1, 1, 1, 1, 1, 1, 1, 1, 1, 1, 1]]

means=tensor([9.9521e-04, 0.0000e+00, 0.0000e+00, 1.4012e-03, 1.8760e-06, 5.7632e-04,
        9.0875e-06, 8.2817e-05, 0.0000e+00, 0.0000e+00, 0.0000e+00, 5.4788e-04,
        1.3883e-03, 7.0877e-05, 2.8401e-06, 1.3348e-04, 2.7234e-05, 2.2054e-05,
        9.5548e-05, 2.3582e-04, 6.1828e-05, 4.1076e-05, 5.3445e-05, 3.6032e-05,
        1.4236e-04, 1.1713e-04, 4.8059e-05, 8.6829e-05, 2.6105e-07, 1.0386e-04,
        1.8441e-04, 6.4682e-05, 7.1022e-05, 2.2530e-04, 1.6092e-04, 3.2898e-06,
        8.1703e-06, 6.9873e-05, 4.6100e-04, 1.1509e-04, 1.4870e-04, 2.3115e-05,
        1.7198e-05, 1.4602e-05, 1.1718e-04, 8.4444e-05, 1.5579e-04, 1.2586e-05,
        1.6561e-04, 1.4407e-04, 9.5350e-05, 1.1557e-04, 2.6423e-05, 1.5283e-04,
        3.3420e-04, 2.6794e-05, 5.4166e-05, 4.2149e-05, 1.7573e-04, 2.4418e-04,
        3.6240e-04, 1.1625e-04, 2.3654e-04, 1.4464e-04, 1.6671e-04, 2.1742e-04,
        1.2480e-04, 2.8466e-04, 9.5118e-05, 2.2679e-05, 1.3404e-04, 1.0627e-04,
        3.4707e-05, 2.6580e-04, 1.8352e-04, 6.3336e-05, 6.0935e-05, 2.5706e-04,
        6.9140e-05, 1.2498e-04, 2.9686e-07, 5.7459e-05, 3.1207e-04, 8.4046e-05,
        2.7459e-05, 5.4732e-05, 2.4581e-06, 3.2040e-05, 2.6246e-05, 4.9140e-05,
        8.3661e-06, 4.5168e-05, 1.9496e-04, 9.6448e-07, 1.9538e-04, 8.7144e-05,
        7.9042e-06, 1.2955e-04, 3.7654e-06, 1.5036e-04, 9.5099e-05, 1.9589e-05,
        8.4084e-05, 3.5249e-06, 1.4422e-04, 6.8297e-05, 1.2631e-04, 1.1875e-04,
        1.0440e-06, 2.0588e-05, 1.4922e-04, 2.3306e-05, 8.4834e-05],
       grad_fn=<CatBackward>)

mean_overall=tensor(0.0001, grad_fn=<MeanBackward0>)

-----------------------------------------------ITERATION220-----------------------------------------------

final_causality=[[1, 1, 1, 1, 1, 1, 1, 1, 1, 1, 1, 1, 1], [1, 1, 1, 1, 1, 1, 1, 1, 1, 1, 1, 1, 1, 1, 1, 1, 1, 1, 1, 1, 1, 1, 1, 1, 1, 1, 1, 1, 1, 1, 1, 1, 1, 1, 1, 1, 1, 1, 1, 1, 1, 1, 1, 1, 1, 1, 1, 1, 1, 1], [1, 1, 1, 1, 1, 1, 1, 1, 1, 1, 1, 1, 1, 1, 1, 1, 1, 1, 1, 1, 1, 1, 1, 1, 1, 1, 1, 1, 1, 1, 1, 1, 1, 1, 1, 1, 1, 1, 1, 1, 1, 1, 1, 1, 1, 1, 1, 1, 1, 1]]

means=tensor([1.1024e-03, 0.0000e+00, 0.0000e+00, 1.5642e-03, 9.2426e-06, 6.2442e-04,
        1.2213e-05, 9.2486e-05, 0.0000e+00, 0.0000e+00, 0.0000e+00, 5.6903e-04,
        1.5351e-03, 7.4766e-05, 1.2380e-06, 1.4176e-04, 3.2031e-05, 2.2872e-05,
        1.0186e-04, 2.4894e-04, 6.0313e-05, 4.0281e-05, 5.9764e-05, 3.8056e-05,
        1.5015e-04, 1.2968e-04, 4.6724e-05, 9.9725e-05, 1.0680e-06, 1.0272e-04,
        2.0090e-04, 6.5833e-05, 7.5955e-05, 2.4631e-04, 1.7704e-04, 3.8365e-06,
        9.8800e-06, 8.1020e-05, 4.9466e-04, 1.3116e-04, 1.5087e-04, 2.6843e-05,
        1.8019e-05, 1.7224e-05, 1.1404e-04, 9.1591e-05, 1.6851e-04, 1.2749e-05,
        1.7234e-04, 1.5669e-04, 1.0354e-04, 1.3269e-04, 2.6809e-05, 1.6845e-04,
        3.5768e-04, 3.2490e-05, 5.3772e-05, 4.1210e-05, 1.7352e-04, 2.7162e-04,
        3.8590e-04, 1.2689e-04, 2.6379e-04, 1.5607e-04, 1.8102e-04, 2.3362e-04,
        1.3224e-04, 3.0368e-04, 1.0216e-04, 2.2116e-05, 1.4641e-04, 1.1474e-04,
        3.3167e-05, 2.8517e-04, 2.0176e-04, 6.5087e-05, 6.6267e-05, 2.7329e-04,
        7.6554e-05, 1.3218e-04, 4.2631e-07, 6.1136e-05, 3.3326e-04, 8.7940e-05,
        2.6967e-05, 5.8327e-05, 2.7960e-06, 3.4103e-05, 2.7144e-05, 4.9889e-05,
        9.1580e-06, 4.8997e-05, 2.0815e-04, 9.6563e-07, 2.0989e-04, 9.4674e-05,
        8.8434e-06, 1.3021e-04, 4.1316e-06, 1.6040e-04, 1.0544e-04, 2.0849e-05,
        9.2129e-05, 4.1174e-06, 1.5893e-04, 7.3085e-05, 1.3729e-04, 1.3083e-04,
        1.2653e-06, 1.8912e-05, 1.5971e-04, 2.2104e-05, 9.6545e-05],
       grad_fn=<CatBackward>)

mean_overall=tensor(0.0001, grad_fn=<MeanBackward0>)

-----------------------------------------------ITERATION230-----------------------------------------------

final_causality=[[1, 1, 1, 1, 1, 1, 1, 1, 1, 1, 1, 1, 1], [1, 1, 1, 1, 1, 1, 1, 1, 1, 1, 1, 1, 1, 1, 1, 1, 1, 1, 1, 1, 1, 1, 1, 1, 1, 1, 1, 1, 1, 1, 1, 1, 1, 1, 1, 1, 1, 1, 1, 1, 1, 1, 1, 1, 1, 1, 1, 1, 1, 1], [1, 1, 1, 1, 1, 1, 1, 1, 1, 1, 1, 1, 1, 1, 1, 1, 1, 1, 1, 1, 1, 1, 1, 1, 1, 1, 1, 1, 1, 1, 1, 1, 1, 1, 1, 1, 1, 1, 1, 1, 1, 1, 1, 1, 1, 1, 1, 1, 1, 1]]

means=tensor([1.2199e-03, 0.0000e+00, 0.0000e+00, 1.7406e-03, 2.1395e-05, 6.7758e-04,
        1.5506e-05, 1.0317e-04, 0.0000e+00, 0.0000e+00, 0.0000e+00, 5.9282e-04,
        1.6948e-03, 7.9040e-05, 6.5823e-06, 1.5076e-04, 3.7553e-05, 2.3930e-05,
        1.0869e-04, 2.6298e-04, 5.8898e-05, 3.9565e-05, 6.6853e-05, 4.0304e-05,
        1.5856e-04, 1.4366e-04, 4.5444e-05, 1.1416e-04, 1.9065e-06, 1.0168e-04,
        2.1885e-04, 6.7212e-05, 8.1394e-05, 2.6937e-04, 1.9476e-04, 4.4455e-06,
        1.1966e-05, 9.3627e-05, 5.3070e-04, 1.4908e-04, 1.5321e-04, 3.1293e-05,
        1.8994e-05, 2.0125e-05, 1.1091e-04, 9.9441e-05, 1.8229e-04, 1.2992e-05,
        1.7957e-04, 1.7050e-04, 1.1252e-04, 1.5193e-04, 2.7316e-05, 1.8557e-04,
        3.8288e-04, 3.8861e-05, 5.3483e-05, 4.0368e-05, 1.7139e-04, 3.0135e-04,
        4.1115e-04, 1.3856e-04, 2.9361e-04, 1.7043e-04, 1.9631e-04, 2.5101e-04,
        1.4039e-04, 3.2434e-04, 1.0982e-04, 2.1487e-05, 1.5981e-04, 1.2448e-04,
        3.1317e-05, 3.0617e-04, 2.2116e-04, 6.7081e-05, 7.2177e-05, 2.9067e-04,
        8.4673e-05, 1.3995e-04, 5.7719e-07, 6.6910e-05, 3.5599e-04, 9.2383e-05,
        2.6388e-05, 6.2481e-05, 3.1872e-06, 3.6383e-05, 3.0125e-05, 5.0698e-05,
        1.0038e-05, 5.3208e-05, 2.2228e-04, 9.6441e-07, 2.2553e-04, 1.0285e-04,
        9.9713e-06, 1.3091e-04, 4.5519e-06, 1.7127e-04, 1.1678e-04, 2.2452e-05,
        1.0098e-04, 4.8106e-06, 1.7486e-04, 7.8397e-05, 1.4929e-04, 1.4415e-04,
        1.5133e-06, 1.7066e-05, 1.7123e-04, 2.0588e-05, 1.0927e-04],
       grad_fn=<CatBackward>)

mean_overall=tensor(0.0002, grad_fn=<MeanBackward0>)

-----------------------------------------------ITERATION240-----------------------------------------------

final_causality=[[1, 1, 1, 1, 1, 1, 1, 1, 1, 1, 1, 1, 1], [1, 1, 1, 1, 1, 1, 1, 1, 1, 1, 1, 1, 1, 1, 1, 1, 1, 1, 1, 1, 1, 1, 1, 1, 1, 1, 1, 1, 1, 1, 1, 1, 1, 1, 1, 1, 1, 1, 1, 1, 1, 1, 1, 1, 1, 1, 1, 1, 1, 1], [1, 1, 1, 1, 1, 1, 1, 1, 1, 1, 1, 1, 1, 1, 1, 1, 1, 1, 1, 1, 1, 1, 1, 1, 1, 1, 1, 1, 1, 1, 1, 1, 1, 1, 1, 1, 1, 1, 1, 1, 1, 1, 1, 1, 1, 1, 1, 1, 1, 1]]

means=tensor([1.3488e-03, 0.0000e+00, 0.0000e+00, 1.9316e-03, 3.5016e-05, 7.3630e-04,
        1.8974e-05, 1.1495e-04, 0.0000e+00, 2.7756e-17, 0.0000e+00, 6.1936e-04,
        1.8687e-03, 8.3721e-05, 1.2015e-05, 1.6053e-04, 4.3888e-05, 2.5160e-05,
        1.1608e-04, 2.7828e-04, 5.7583e-05, 3.9021e-05, 7.4793e-05, 4.2901e-05,
        1.6764e-04, 1.5922e-04, 4.4220e-05, 1.3027e-04, 2.7875e-06, 1.0075e-04,
        2.3856e-04, 6.8833e-05, 8.7767e-05, 2.9475e-04, 2.1423e-04, 5.1331e-06,
        1.4501e-05, 1.0779e-04, 5.6925e-04, 1.6903e-04, 1.5575e-04, 3.6476e-05,
        2.0135e-05, 2.3358e-05, 1.0782e-04, 1.0806e-04, 1.9720e-04, 1.3318e-05,
        1.8733e-04, 1.8568e-04, 1.2237e-04, 1.7416e-04, 2.7951e-05, 2.0433e-04,
        4.0991e-04, 4.6026e-05, 5.3304e-05, 3.9619e-05, 1.6936e-04, 3.3546e-04,
        4.3827e-04, 1.5134e-04, 3.2618e-04, 1.8598e-04, 2.1269e-04, 2.6972e-04,
        1.4932e-04, 3.4674e-04, 1.1814e-04, 2.0791e-05, 1.7434e-04, 1.3494e-04,
        2.9138e-05, 3.2892e-04, 2.4180e-04, 6.9430e-05, 7.8488e-05, 3.0929e-04,
        9.3532e-05, 1.4834e-04, 7.5352e-07, 7.4091e-05, 3.8038e-04, 9.7414e-05,
        2.5716e-05, 6.8258e-05, 3.6369e-06, 3.8899e-05, 3.3448e-05, 5.3271e-05,
        1.1018e-05, 5.7832e-05, 2.3743e-04, 9.6014e-07, 2.4237e-04, 1.1174e-04,
        1.1323e-05, 1.3165e-04, 5.0360e-06, 1.8303e-04, 1.2919e-04, 2.4327e-05,
        1.1139e-04, 5.6210e-06, 1.9211e-04, 8.4284e-05, 1.6415e-04, 1.5882e-04,
        1.7955e-06, 1.5249e-05, 1.8387e-04, 1.8734e-05, 1.2308e-04],
       grad_fn=<CatBackward>)

mean_overall=tensor(0.0002, grad_fn=<MeanBackward0>)

-----------------------------------------------ITERATION250-----------------------------------------------

final_causality=[[1, 1, 1, 1, 1, 1, 1, 1, 1, 1, 1, 1, 1], [1, 1, 1, 1, 1, 1, 1, 1, 1, 1, 1, 1, 1, 1, 1, 1, 1, 1, 1, 1, 1, 1, 1, 1, 1, 1, 1, 1, 1, 1, 1, 1, 1, 1, 1, 1, 1, 1, 1, 1, 1, 1, 1, 1, 1, 1, 1, 1, 1, 1], [1, 1, 1, 1, 1, 1, 1, 1, 1, 1, 1, 1, 1, 1, 1, 1, 1, 1, 1, 1, 1, 1, 1, 1, 1, 1, 1, 1, 1, 1, 1, 1, 1, 1, 1, 1, 1, 1, 1, 1, 1, 1, 1, 1, 1, 1, 1, 1, 1, 1]]

means=tensor([1.4902e-03, 0.0000e+00, 0.0000e+00, 2.1385e-03, 5.0278e-05, 8.0109e-04,
        2.2620e-05, 1.2796e-04, 0.0000e+00, 0.0000e+00, 0.0000e+00, 6.4874e-04,
        2.0578e-03, 8.8832e-05, 1.7557e-05, 1.7113e-04, 5.1127e-05, 2.6578e-05,
        1.2407e-04, 2.9521e-04, 5.6372e-05, 3.8543e-05, 8.3675e-05, 4.5725e-05,
        1.7745e-04, 1.7650e-04, 4.3051e-05, 1.4823e-04, 3.7241e-06, 9.9929e-05,
        2.6036e-04, 7.0708e-05, 9.5408e-05, 3.2242e-04, 2.3562e-04, 5.9180e-06,
        1.7564e-05, 1.2363e-04, 6.1042e-04, 1.9118e-04, 1.5850e-04, 4.2491e-05,
        2.1456e-05, 2.6977e-05, 1.0475e-04, 1.1752e-04, 2.1332e-04, 1.3730e-05,
        1.9567e-04, 2.0230e-04, 1.3317e-04, 1.9964e-04, 2.8725e-05, 2.2483e-04,
        4.3886e-04, 5.4114e-05, 5.3239e-05, 3.9491e-05, 1.6742e-04, 3.7452e-04,
        4.6736e-04, 1.6534e-04, 3.6166e-04, 2.0272e-04, 2.3114e-04, 2.8982e-04,
        1.5911e-04, 3.7102e-04, 1.2719e-04, 2.0026e-05, 1.9009e-04, 1.4619e-04,
        2.6840e-05, 3.5357e-04, 2.6379e-04, 7.2437e-05, 8.5241e-05, 3.2922e-04,
        1.0316e-04, 1.5739e-04, 9.6059e-07, 8.1998e-05, 4.0653e-04, 1.0308e-04,
        2.4946e-05, 7.4757e-05, 4.1553e-06, 4.1671e-05, 3.7152e-05, 5.6175e-05,
        1.2158e-05, 6.2900e-05, 2.5366e-04, 9.5212e-07, 2.6051e-04, 1.2140e-04,
        1.3125e-05, 1.3244e-04, 5.5954e-06, 1.9628e-04, 1.4274e-04, 2.6503e-05,
        1.2338e-04, 6.5644e-06, 2.1081e-04, 9.0796e-05, 1.8025e-04, 1.7538e-04,
        2.1216e-06, 1.6615e-05, 1.9772e-04, 1.6851e-05, 1.3806e-04],
       grad_fn=<CatBackward>)

mean_overall=tensor(0.0002, grad_fn=<MeanBackward0>)

-----------------------------------------------ITERATION260-----------------------------------------------

final_causality=[[1, 1, 1, 1, 1, 1, 1, 1, 1, 1, 1, 1, 1], [1, 1, 1, 1, 1, 1, 1, 1, 1, 1, 1, 1, 1, 1, 1, 1, 1, 1, 1, 1, 1, 1, 1, 1, 1, 1, 1, 1, 1, 1, 1, 1, 1, 1, 1, 1, 1, 1, 1, 1, 1, 1, 1, 1, 1, 1, 1, 1, 1, 1], [1, 1, 1, 1, 1, 1, 1, 1, 1, 1, 1, 1, 1, 1, 1, 1, 1, 1, 1, 1, 1, 1, 1, 1, 1, 1, 1, 1, 1, 1, 1, 1, 1, 1, 1, 1, 1, 1, 1, 1, 1, 1, 1, 1, 1, 1, 1, 1, 1, 1]]

means=tensor([1.6451e-03, 0.0000e+00, 0.0000e+00, 2.3626e-03, 6.7367e-05, 8.7250e-04,
        2.6444e-05, 1.4229e-04, 0.0000e+00, 0.0000e+00, 0.0000e+00, 6.8101e-04,
        2.2635e-03, 9.4396e-05, 2.3233e-05, 1.8262e-04, 5.9763e-05, 2.8199e-05,
        1.3272e-04, 3.1335e-04, 5.5265e-05, 3.8130e-05, 9.3594e-05, 4.8802e-05,
        1.8804e-04, 1.9567e-04, 4.1939e-05, 1.6821e-04, 4.7305e-06, 9.9217e-05,
        2.8401e-04, 7.2850e-05, 1.0380e-04, 3.5253e-04, 2.5911e-04, 6.8236e-06,
        2.1248e-05, 1.4126e-04, 6.5435e-04, 2.1572e-04, 1.6146e-04, 4.9446e-05,
        2.2969e-05, 3.1043e-05, 1.0170e-04, 1.2791e-04, 2.3072e-04, 1.4231e-05,
        2.0461e-04, 2.2044e-04, 1.4500e-04, 2.2806e-04, 2.9647e-05, 2.4721e-04,
        4.6986e-04, 6.3259e-05, 5.3293e-05, 4.0193e-05, 1.6558e-04, 4.1690e-04,
        4.9853e-04, 1.8065e-04, 4.0022e-04, 2.2073e-04, 2.5245e-04, 3.1144e-04,
        1.7086e-04, 3.9730e-04, 1.3703e-04, 1.9191e-05, 2.0717e-04, 1.5829e-04,
        2.5521e-05, 3.8024e-04, 2.8720e-04, 7.5805e-05, 9.2482e-05, 3.5056e-04,
        1.1359e-04, 1.6717e-04, 1.2050e-06, 9.0674e-05, 4.3456e-04, 1.0958e-04,
        2.4073e-05, 8.2025e-05, 4.7544e-06, 4.5442e-05, 4.1284e-05, 5.9319e-05,
        1.3543e-05, 6.8448e-05, 2.7105e-04, 9.6991e-07, 2.8002e-04, 1.3189e-04,
        1.5251e-05, 1.3869e-04, 6.2796e-06, 2.1232e-04, 1.5861e-04, 2.9008e-05,
        1.3653e-04, 7.6696e-06, 2.3107e-04, 9.7990e-05, 1.9767e-04, 1.9506e-04,
        2.5034e-06, 1.8275e-05, 2.1290e-04, 1.4981e-05, 1.5430e-04],
       grad_fn=<CatBackward>)

mean_overall=tensor(0.0002, grad_fn=<MeanBackward0>)

-----------------------------------------------ITERATION270-----------------------------------------------

final_causality=[[1, 1, 1, 1, 1, 1, 1, 1, 1, 1, 1, 1, 1], [1, 1, 1, 1, 1, 1, 1, 1, 1, 1, 1, 1, 1, 1, 1, 1, 1, 1, 1, 1, 1, 1, 1, 1, 1, 1, 1, 1, 1, 1, 1, 1, 1, 1, 1, 1, 1, 1, 1, 1, 1, 1, 1, 1, 1, 1, 1, 1, 1, 1], [1, 1, 1, 1, 1, 1, 1, 1, 1, 1, 1, 1, 1, 1, 1, 1, 1, 1, 1, 1, 1, 1, 1, 1, 1, 1, 1, 1, 1, 1, 1, 1, 1, 1, 1, 1, 1, 1, 1, 1, 1, 1, 1, 1, 1, 1, 1, 1, 1, 1]]

means=tensor([1.8148e-03, 2.7756e-17, 2.7756e-17, 2.6053e-03, 8.6482e-05, 9.5110e-04,
        3.0448e-05, 1.5808e-04, 2.7756e-17, 0.0000e+00, 2.7756e-17, 7.1613e-04,
        2.4872e-03, 1.0236e-04, 2.9072e-05, 1.9508e-04, 7.0426e-05, 3.0042e-05,
        1.4208e-04, 3.3280e-04, 5.4262e-05, 3.7809e-05, 1.0465e-04, 5.2156e-05,
        1.9950e-04, 2.1690e-04, 4.0882e-05, 1.9038e-04, 5.8234e-06, 9.8618e-05,
        3.0961e-04, 7.5273e-05, 1.1302e-04, 3.8525e-04, 2.8488e-04, 7.8768e-06,
        2.5652e-05, 1.6084e-04, 7.0117e-04, 2.4286e-04, 1.6494e-04, 5.7458e-05,
        2.4691e-05, 3.5621e-05, 9.8668e-05, 1.3930e-04, 2.4961e-04, 1.4823e-05,
        2.1422e-04, 2.4021e-04, 1.5796e-04, 2.5957e-04, 3.0727e-05, 2.7158e-04,
        5.0301e-04, 7.3606e-05, 5.3618e-05, 4.1020e-05, 1.6385e-04, 4.6277e-04,
        5.3190e-04, 1.9740e-04, 4.4202e-04, 2.4011e-04, 2.7530e-04, 3.3468e-04,
        1.8431e-04, 4.2570e-04, 1.4798e-04, 1.8284e-05, 2.2570e-04, 1.7130e-04,
        2.4021e-05, 4.0908e-04, 3.1214e-04, 7.9561e-05, 1.0026e-04, 3.7339e-04,
        1.2484e-04, 1.7774e-04, 1.4953e-06, 1.0016e-04, 4.6459e-04, 1.1763e-04,
        2.3091e-05, 9.0140e-05, 5.4489e-06, 4.9735e-05, 4.5895e-05, 6.2715e-05,
        1.5103e-05, 7.4511e-05, 2.8967e-04, 1.0335e-06, 3.0099e-04, 1.4329e-04,
        1.7768e-05, 1.5192e-04, 7.1141e-06, 2.2968e-04, 1.7670e-04, 3.1873e-05,
        1.5093e-04, 8.9943e-06, 2.5300e-04, 1.0592e-04, 2.1650e-04, 2.1667e-04,
        2.9561e-06, 2.0607e-05, 2.2951e-04, 1.4605e-05, 1.7188e-04],
       grad_fn=<CatBackward>)

mean_overall=tensor(0.0002, grad_fn=<MeanBackward0>)

-----------------------------------------------ITERATION280-----------------------------------------------

final_causality=[[1, 1, 1, 1, 1, 1, 1, 1, 1, 1, 1, 1, 1], [1, 1, 1, 1, 1, 1, 1, 1, 1, 1, 1, 1, 1, 1, 1, 1, 1, 1, 1, 1, 1, 1, 1, 1, 1, 1, 1, 1, 1, 1, 1, 1, 1, 1, 1, 1, 1, 1, 1, 1, 1, 1, 1, 1, 1, 1, 1, 1, 1, 1], [1, 1, 1, 1, 1, 1, 1, 1, 1, 1, 1, 1, 1, 1, 1, 1, 1, 1, 1, 1, 1, 1, 1, 1, 1, 1, 1, 1, 1, 1, 1, 1, 1, 1, 1, 1, 1, 1, 1, 1, 1, 1, 1, 1, 1, 1, 1, 1, 1, 1]]

means=tensor([2.0006e-03, 0.0000e+00, 0.0000e+00, 2.8679e-03, 1.0784e-04, 1.0375e-03,
        3.4629e-05, 1.7543e-04, 0.0000e+00, 0.0000e+00, 0.0000e+00, 7.5402e-04,
        2.7303e-03, 1.1167e-04, 3.5107e-05, 2.0858e-04, 8.2637e-05, 3.2126e-05,
        1.5222e-04, 3.5364e-04, 5.3363e-05, 3.7576e-05, 1.1696e-04, 5.5816e-05,
        2.1188e-04, 2.4035e-04, 3.9880e-05, 2.1495e-04, 7.0216e-06, 9.8137e-05,
        3.3729e-04, 7.7991e-05, 1.2316e-04, 4.2075e-04, 3.1315e-04, 9.1103e-06,
        3.0892e-05, 1.8281e-04, 7.5103e-04, 2.7280e-04, 1.6881e-04, 6.6652e-05,
        2.6636e-05, 4.0781e-05, 9.5652e-05, 1.5178e-04, 2.7015e-04, 1.5510e-05,
        2.2453e-04, 2.6172e-04, 1.7213e-04, 2.9437e-04, 3.1977e-05, 2.9809e-04,
        5.3845e-04, 8.5311e-05, 5.4429e-05, 4.1979e-05, 1.6223e-04, 5.1234e-04,
        5.6758e-04, 2.1617e-04, 4.8722e-04, 2.6117e-04, 2.9980e-04, 3.5965e-04,
        1.9899e-04, 4.5633e-04, 1.6350e-04, 1.7304e-05, 2.4577e-04, 1.8529e-04,
        2.2332e-05, 4.4021e-04, 3.3867e-04, 8.3732e-05, 1.0862e-04, 3.9779e-04,
        1.3695e-04, 1.8917e-04, 1.8420e-06, 1.1050e-04, 4.9674e-04, 1.2656e-04,
        2.1997e-05, 1.0029e-04, 6.2562e-06, 5.4442e-05, 5.1042e-05, 6.6396e-05,
        1.6864e-05, 8.1128e-05, 3.0961e-04, 1.1081e-06, 3.2350e-04, 1.5566e-04,
        2.0762e-05, 1.6622e-04, 8.0931e-06, 2.4843e-04, 1.9631e-04, 3.5132e-05,
        1.6664e-04, 1.0724e-05, 2.7671e-04, 1.1464e-04, 2.3681e-04, 2.4037e-04,
        3.5064e-06, 2.3227e-05, 2.4768e-04, 1.4494e-05, 1.9089e-04],
       grad_fn=<CatBackward>)

mean_overall=tensor(0.0002, grad_fn=<MeanBackward0>)

-----------------------------------------------ITERATION290-----------------------------------------------

final_causality=[[1, 1, 1, 1, 1, 1, 1, 1, 1, 1, 1, 1, 1], [1, 1, 1, 1, 1, 1, 1, 1, 1, 1, 1, 1, 1, 1, 1, 1, 1, 1, 1, 1, 1, 1, 1, 1, 1, 1, 1, 1, 1, 1, 1, 1, 1, 1, 1, 1, 1, 1, 1, 1, 1, 1, 1, 1, 1, 1, 1, 1, 1, 1], [1, 1, 1, 1, 1, 1, 1, 1, 1, 1, 1, 1, 1, 1, 1, 1, 1, 1, 1, 1, 1, 1, 1, 1, 1, 1, 1, 1, 1, 1, 1, 1, 1, 1, 1, 1, 1, 1, 1, 1, 1, 1, 1, 1, 1, 1, 1, 1, 1, 1]]

means=tensor([2.2036e-03, 0.0000e+00, 0.0000e+00, 3.1522e-03, 1.3166e-04, 1.1323e-03,
        3.8987e-05, 1.9448e-04, 0.0000e+00, 2.7756e-17, 0.0000e+00, 7.9448e-04,
        2.9942e-03, 1.2195e-04, 4.1372e-05, 2.2319e-04, 9.6555e-05, 3.4474e-05,
        1.6319e-04, 3.7596e-04, 5.2567e-05, 3.7409e-05, 1.3063e-04, 5.9812e-05,
        2.2526e-04, 2.6621e-04, 3.8934e-05, 2.4210e-04, 8.3462e-06, 9.7774e-05,
        3.6717e-04, 8.1017e-05, 1.3430e-04, 4.5920e-04, 3.4415e-04, 1.0563e-05,
        3.7094e-05, 2.0725e-04, 8.0407e-04, 3.0577e-04, 1.7296e-04, 7.7160e-05,
        2.8822e-05, 4.6599e-05, 9.2644e-05, 1.6545e-04, 2.9229e-04, 1.6293e-05,
        2.3559e-04, 2.8508e-04, 1.8762e-04, 3.3260e-04, 3.3409e-05, 3.2685e-04,
        5.7631e-04, 9.8542e-05, 5.5387e-05, 4.3078e-05, 1.6073e-04, 5.6583e-04,
        6.0569e-04, 2.3681e-04, 5.3596e-04, 2.8645e-04, 3.2603e-04, 3.8646e-04,
        2.1496e-04, 4.8934e-04, 1.8035e-04, 1.6249e-05, 2.6750e-04, 2.0035e-04,
        2.0445e-05, 4.7376e-04, 3.6689e-04, 8.9519e-05, 1.1763e-04, 4.2385e-04,
        1.4993e-04, 2.0151e-04, 2.2585e-06, 1.2174e-04, 5.3111e-04, 1.3643e-04,
        2.1669e-05, 1.1145e-04, 7.1969e-06, 6.0168e-05, 5.6790e-05, 7.4217e-05,
        1.8861e-05, 8.8341e-05, 3.3094e-04, 1.1955e-06, 3.4763e-04, 1.6907e-04,
        2.4338e-05, 1.8166e-04, 9.2434e-06, 2.6865e-04, 2.1754e-04, 3.8819e-05,
        1.8377e-04, 1.2789e-05, 3.0232e-04, 1.2421e-04, 2.5867e-04, 2.6632e-04,
        4.2020e-06, 2.6145e-05, 2.6753e-04, 1.4584e-05, 2.1141e-04],
       grad_fn=<CatBackward>)

mean_overall=tensor(0.0003, grad_fn=<MeanBackward0>)

-----------------------------------------------ITERATION300-----------------------------------------------

final_causality=[[1, 1, 1, 1, 1, 1, 1, 1, 1, 1, 1, 1, 1], [1, 1, 1, 1, 1, 1, 1, 1, 1, 1, 1, 1, 1, 1, 1, 1, 1, 1, 1, 1, 1, 1, 1, 1, 1, 1, 1, 1, 1, 1, 1, 1, 1, 1, 1, 1, 1, 1, 1, 1, 1, 1, 1, 1, 1, 1, 1, 1, 1, 1], [1, 1, 1, 1, 1, 1, 1, 1, 1, 1, 1, 1, 1, 1, 1, 1, 1, 1, 1, 1, 1, 1, 1, 1, 1, 1, 1, 1, 1, 1, 1, 1, 1, 1, 1, 1, 1, 1, 1, 1, 1, 1, 1, 1, 1, 1, 1, 1, 1, 1]]

means=tensor([2.4252e-03, 0.0000e+00, 0.0000e+00, 3.4596e-03, 1.5819e-04, 1.2361e-03,
        4.3522e-05, 2.1538e-04, 0.0000e+00, 2.7756e-17, 0.0000e+00, 8.3719e-04,
        3.2806e-03, 1.3328e-04, 4.7907e-05, 2.3900e-04, 1.1235e-04, 3.7108e-05,
        1.7507e-04, 3.9986e-04, 5.1872e-05, 3.7306e-05, 1.4578e-04, 6.4177e-05,
        2.3972e-04, 2.9466e-04, 3.8041e-05, 2.7205e-04, 9.8216e-06, 9.7533e-05,
        3.9938e-04, 8.4366e-05, 1.4655e-04, 5.0076e-04, 3.7810e-04, 1.2279e-05,
        4.4402e-05, 2.3422e-04, 8.6044e-04, 3.4199e-04, 1.7742e-04, 8.9121e-05,
        3.1266e-05, 5.3155e-05, 8.9639e-05, 1.8040e-04, 3.1610e-04, 1.7218e-05,
        2.4745e-04, 3.1042e-04, 2.0453e-04, 3.7443e-04, 3.5035e-05, 3.5919e-04,
        6.1672e-04, 1.1354e-04, 5.6501e-05, 4.4326e-05, 1.5934e-04, 6.2350e-04,
        6.4635e-04, 2.5937e-04, 5.8837e-04, 3.1349e-04, 3.5409e-04, 4.1816e-04,
        2.3231e-04, 5.2481e-04, 1.9975e-04, 1.5346e-05, 2.9098e-04, 2.1655e-04,
        1.8352e-05, 5.0987e-04, 3.9687e-04, 9.7715e-05, 1.2734e-04, 4.5165e-04,
        1.6381e-04, 2.1486e-04, 2.7614e-06, 1.3390e-04, 5.6783e-04, 1.4729e-04,
        2.3842e-05, 1.2367e-04, 8.2957e-06, 6.6583e-05, 6.3212e-05, 8.5879e-05,
        2.1132e-05, 9.6192e-05, 3.5374e-04, 1.2978e-06, 3.7347e-04, 1.8359e-04,
        2.8623e-05, 1.9829e-04, 1.0596e-05, 2.9043e-04, 2.4047e-04, 4.2968e-05,
        2.0238e-04, 1.5271e-05, 3.2994e-04, 1.3468e-04, 2.8217e-04, 2.9467e-04,
        5.0544e-06, 3.2433e-05, 2.8920e-04, 1.5627e-05, 2.3351e-04],
       grad_fn=<CatBackward>)

mean_overall=tensor(0.0003, grad_fn=<MeanBackward0>)

-----------------------------------------------ITERATION310-----------------------------------------------

final_causality=[[1, 1, 1, 1, 1, 1, 1, 1, 1, 1, 1, 1, 1], [1, 1, 1, 1, 1, 1, 1, 1, 1, 1, 1, 1, 1, 1, 1, 1, 1, 1, 1, 1, 1, 1, 1, 1, 1, 1, 1, 1, 1, 1, 1, 1, 1, 1, 1, 1, 1, 1, 1, 1, 1, 1, 1, 1, 1, 1, 1, 1, 1, 1], [1, 1, 1, 1, 1, 1, 1, 1, 1, 1, 1, 1, 1, 1, 1, 1, 1, 1, 1, 1, 1, 1, 1, 1, 1, 1, 1, 1, 1, 1, 1, 1, 1, 1, 1, 1, 1, 1, 1, 1, 1, 1, 1, 1, 1, 1, 1, 1, 1, 1]]

means=tensor([2.6668e-03, 2.7756e-17, 2.7756e-17, 3.7920e-03, 1.8768e-04, 1.3496e-03,
        4.8236e-05, 2.3826e-04, 2.7756e-17, 2.7756e-17, 2.7756e-17, 8.8168e-04,
        3.5911e-03, 1.4575e-04, 5.4755e-05, 2.5609e-04, 1.3019e-04, 4.0056e-05,
        1.8791e-04, 4.2544e-04, 5.1275e-05, 3.7268e-05, 1.6253e-04, 6.8948e-05,
        2.5589e-04, 3.2587e-04, 3.7201e-05, 3.0499e-04, 1.1475e-05, 9.7416e-05,
        4.3405e-04, 8.8052e-05, 1.6002e-04, 5.4561e-04, 4.1525e-04, 1.4312e-05,
        5.2980e-05, 2.6387e-04, 9.2027e-04, 3.8168e-04, 1.8219e-04, 1.0268e-04,
        3.4028e-05, 6.0535e-05, 8.6629e-05, 1.9674e-04, 3.4170e-04, 1.8351e-05,
        2.6015e-04, 3.3787e-04, 2.2297e-04, 4.2001e-04, 3.6869e-05, 3.9462e-04,
        6.5982e-04, 1.3048e-04, 5.7781e-05, 4.5732e-05, 1.5808e-04, 6.8559e-04,
        6.8968e-04, 2.8400e-04, 6.4459e-04, 3.4236e-04, 3.8405e-04, 4.5252e-04,
        2.5109e-04, 5.6286e-04, 2.2273e-04, 1.6852e-05, 3.1631e-04, 2.3397e-04,
        1.9376e-05, 5.4863e-04, 4.2867e-04, 1.0687e-04, 1.3782e-04, 4.8127e-04,
        1.7861e-04, 2.2929e-04, 3.3709e-06, 1.4703e-04, 6.0699e-04, 1.5919e-04,
        2.7347e-05, 1.3699e-04, 9.5814e-06, 7.3589e-05, 7.0895e-05, 9.8281e-05,
        2.3722e-05, 1.0473e-04, 3.7810e-04, 1.4173e-06, 4.0111e-04, 1.9927e-04,
        3.3772e-05, 2.1614e-04, 1.2207e-05, 3.1384e-04, 2.6516e-04, 4.7618e-05,
        2.2256e-04, 1.8268e-05, 3.5966e-04, 1.4611e-04, 3.0736e-04, 3.2561e-04,
        6.1021e-06, 3.9429e-05, 3.1281e-04, 2.0627e-05, 2.5727e-04],
       grad_fn=<CatBackward>)

mean_overall=tensor(0.0003, grad_fn=<MeanBackward0>)

-----------------------------------------------ITERATION320-----------------------------------------------

final_causality=[[1, 1, 1, 1, 1, 1, 1, 1, 1, 1, 1, 1, 1], [1, 1, 1, 1, 1, 1, 1, 1, 1, 1, 1, 1, 1, 1, 1, 1, 1, 1, 1, 1, 1, 1, 1, 1, 1, 1, 1, 1, 1, 1, 1, 1, 1, 1, 1, 1, 1, 1, 1, 1, 1, 1, 1, 1, 1, 1, 1, 1, 1, 1], [1, 1, 1, 1, 1, 1, 1, 1, 1, 1, 1, 1, 1, 1, 1, 1, 1, 1, 1, 1, 1, 1, 1, 1, 1, 1, 1, 1, 1, 1, 1, 1, 1, 1, 1, 1, 1, 1, 1, 1, 1, 1, 1, 1, 1, 1, 1, 1, 1, 1]]

means=tensor([2.9298e-03, 2.7756e-17, 0.0000e+00, 4.1510e-03, 2.2040e-04, 1.4734e-03,
        5.3137e-05, 2.6328e-04, 2.7756e-17, 0.0000e+00, 2.7756e-17, 9.2732e-04,
        3.9273e-03, 1.5945e-04, 6.1964e-05, 2.7454e-04, 1.5026e-04, 4.3409e-05,
        2.0181e-04, 4.5281e-04, 5.0775e-05, 3.7292e-05, 1.8101e-04, 7.4162e-05,
        2.7424e-04, 3.6002e-04, 3.6414e-05, 3.4113e-04, 1.3336e-05, 9.7425e-05,
        4.7131e-04, 9.2088e-05, 1.7481e-04, 5.9390e-04, 4.5585e-04, 1.6724e-05,
        6.3015e-05, 2.9640e-04, 9.8373e-04, 4.2506e-04, 1.8731e-04, 1.1799e-04,
        3.7306e-05, 6.8875e-05, 8.3607e-05, 2.1457e-04, 3.6918e-04, 1.9617e-05,
        2.7374e-04, 3.6754e-04, 2.4306e-04, 4.6948e-04, 3.8927e-05, 4.3296e-04,
        7.0577e-04, 1.4958e-04, 5.9240e-05, 4.7305e-05, 1.5758e-04, 7.5235e-04,
        7.3578e-04, 3.1087e-04, 7.0472e-04, 3.7309e-04, 4.1597e-04, 4.8922e-04,
        2.7137e-04, 6.0358e-04, 2.4760e-04, 1.8546e-05, 3.4358e-04, 2.5272e-04,
        2.1687e-05, 5.9016e-04, 4.6235e-04, 1.1805e-04, 1.4912e-04, 5.1279e-04,
        1.9433e-04, 2.4489e-04, 4.1118e-06, 1.6114e-04, 6.4870e-04, 1.7248e-04,
        3.1643e-05, 1.5144e-04, 1.1088e-05, 8.1237e-05, 8.0204e-05, 1.1144e-04,
        2.6687e-05, 1.1400e-04, 4.0410e-04, 1.5564e-06, 4.3062e-04, 2.1619e-04,
        3.9973e-05, 2.3527e-04, 1.4263e-05, 3.3894e-04, 2.9169e-04, 5.2804e-05,
        2.4437e-04, 2.1903e-05, 3.9158e-04, 1.5855e-04, 3.3432e-04, 3.5928e-04,
        7.3919e-06, 4.7122e-05, 3.3850e-04, 2.6633e-05, 2.8274e-04],
       grad_fn=<CatBackward>)

mean_overall=tensor(0.0003, grad_fn=<MeanBackward0>)

-----------------------------------------------ITERATION330-----------------------------------------------

final_causality=[[1, 1, 1, 1, 1, 1, 1, 1, 1, 1, 1, 1, 1], [1, 1, 1, 1, 1, 1, 1, 1, 1, 1, 1, 1, 1, 1, 1, 1, 1, 1, 1, 1, 1, 1, 1, 1, 1, 1, 1, 1, 1, 1, 1, 1, 1, 1, 1, 1, 1, 1, 1, 1, 1, 1, 1, 1, 1, 1, 1, 1, 1, 1], [1, 1, 1, 1, 1, 1, 1, 1, 1, 1, 1, 1, 1, 1, 1, 1, 1, 1, 1, 1, 1, 1, 1, 1, 1, 1, 1, 1, 1, 1, 1, 1, 1, 1, 1, 1, 1, 1, 1, 1, 1, 1, 1, 1, 1, 1, 1, 1, 1, 1]]

means=tensor([3.2154e-03, 0.0000e+00, 0.0000e+00, 4.5384e-03, 2.5663e-04, 1.6081e-03,
        5.8241e-05, 2.9058e-04, 0.0000e+00, 0.0000e+00, 0.0000e+00, 9.7324e-04,
        4.2911e-03, 1.7446e-04, 6.9583e-05, 2.9445e-04, 1.7275e-04, 4.7350e-05,
        2.1683e-04, 4.8205e-04, 5.0368e-05, 3.7375e-05, 2.0134e-04, 7.9861e-05,
        2.9414e-04, 3.9728e-04, 3.5677e-05, 3.8065e-04, 1.5440e-05, 9.7562e-05,
        5.1131e-04, 9.6489e-05, 1.9105e-04, 6.4579e-04, 5.0015e-04, 1.9585e-05,
        7.4721e-05, 3.3197e-04, 1.0510e-03, 4.7234e-04, 1.9279e-04, 1.3519e-04,
        4.2161e-05, 7.8761e-05, 8.0562e-05, 2.3399e-04, 3.9864e-04, 2.1024e-05,
        2.8827e-04, 3.9955e-04, 2.6490e-04, 5.2300e-04, 4.1222e-05, 4.7435e-04,
        7.5471e-04, 1.7109e-04, 6.0889e-05, 4.9055e-05, 1.5750e-04, 8.2399e-04,
        7.8476e-04, 3.4015e-04, 7.6883e-04, 4.0574e-04, 4.4990e-04, 5.2834e-04,
        2.9321e-04, 6.4702e-04, 2.7443e-04, 2.0439e-05, 3.7285e-04, 2.7288e-04,
        2.5564e-05, 6.3454e-04, 4.9794e-04, 1.3026e-04, 1.6133e-04, 5.4627e-04,
        2.1101e-04, 2.6174e-04, 5.0140e-06, 1.7626e-04, 6.9306e-04, 1.8701e-04,
        3.6907e-05, 1.6706e-04, 1.2854e-05, 8.9581e-05, 9.0583e-05, 1.2535e-04,
        3.0087e-05, 1.2405e-04, 4.3180e-04, 1.7183e-06, 4.6207e-04, 2.3438e-04,
        4.7456e-05, 2.5570e-04, 1.6699e-05, 3.6577e-04, 3.2010e-04, 5.8564e-05,
        2.6789e-04, 2.6327e-05, 4.2577e-04, 1.7205e-04, 3.6308e-04, 3.9587e-04,
        8.9798e-06, 5.5549e-05, 3.6640e-04, 3.3324e-05, 3.0998e-04],
       grad_fn=<CatBackward>)

mean_overall=tensor(0.0004, grad_fn=<MeanBackward0>)

-----------------------------------------------ITERATION340-----------------------------------------------

final_causality=[[1, 1, 1, 1, 1, 1, 1, 1, 1, 1, 1, 1, 1], [1, 1, 1, 1, 1, 1, 1, 1, 1, 1, 1, 1, 1, 1, 1, 1, 1, 1, 1, 1, 1, 1, 1, 1, 1, 1, 1, 1, 1, 1, 1, 1, 1, 1, 1, 1, 1, 1, 1, 1, 1, 1, 1, 1, 1, 1, 1, 1, 1, 1], [1, 1, 1, 1, 1, 1, 1, 1, 1, 1, 1, 1, 1, 1, 1, 1, 1, 1, 1, 1, 1, 1, 1, 1, 1, 1, 1, 1, 1, 1, 1, 1, 1, 1, 1, 1, 1, 1, 1, 1, 1, 1, 1, 1, 1, 1, 1, 1, 1, 1]]

means=tensor([3.5253e-03, 2.7756e-17, 2.7756e-17, 4.9561e-03, 2.9665e-04, 1.7543e-03,
        6.3574e-05, 3.2032e-04, 2.7756e-17, 0.0000e+00, 2.7756e-17, 1.0183e-03,
        4.6841e-03, 1.9088e-04, 7.7665e-05, 3.1590e-04, 1.9782e-04, 5.1746e-05,
        2.3305e-04, 5.1329e-04, 5.0050e-05, 3.7542e-05, 2.2364e-04, 8.6090e-05,
        3.1571e-04, 4.3779e-04, 3.4990e-05, 4.2372e-04, 1.7823e-05, 9.7829e-05,
        5.5417e-04, 1.0127e-04, 2.0885e-04, 7.0143e-04, 5.4839e-04, 2.2974e-05,
        8.8344e-05, 3.7076e-04, 1.1221e-03, 5.2374e-04, 1.9865e-04, 1.5445e-04,
        4.7703e-05, 8.9915e-05, 7.7486e-05, 2.5511e-04, 4.3022e-04, 2.2957e-05,
        3.0499e-04, 4.3403e-04, 2.8860e-04, 5.8072e-04, 4.3773e-05, 5.1890e-04,
        8.0680e-04, 1.9526e-04, 6.2740e-05, 5.0992e-05, 1.5754e-04, 9.0068e-04,
        8.3672e-04, 3.7202e-04, 8.3697e-04, 4.4033e-04, 4.8585e-04, 5.6994e-04,
        3.1710e-04, 6.9325e-04, 3.0331e-04, 2.2544e-05, 4.0421e-04, 2.9453e-04,
        3.0026e-05, 6.8186e-04, 5.3546e-04, 1.4380e-04, 1.7450e-04, 5.8176e-04,
        2.2865e-04, 2.7993e-04, 6.1132e-06, 1.9485e-04, 7.4014e-04, 2.0275e-04,
        4.2822e-05, 1.8388e-04, 1.4924e-05, 9.8677e-05, 1.0215e-04, 1.4002e-04,
        3.3996e-05, 1.3493e-04, 4.6130e-04, 2.0650e-06, 4.9554e-04, 2.5389e-04,
        5.6494e-05, 2.7746e-04, 1.9581e-05, 3.9437e-04, 3.5045e-04, 6.4933e-05,
        2.9317e-04, 3.1721e-05, 4.6231e-04, 1.8666e-04, 3.9370e-04, 4.3552e-04,
        1.0933e-05, 6.4747e-05, 3.9665e-04, 4.1890e-05, 3.3900e-04],
       grad_fn=<CatBackward>)

mean_overall=tensor(0.0004, grad_fn=<MeanBackward0>)

-----------------------------------------------ITERATION350-----------------------------------------------

final_causality=[[1, 1, 1, 1, 1, 1, 1, 1, 1, 1, 1, 1, 1], [1, 1, 1, 1, 1, 1, 1, 1, 1, 1, 1, 1, 1, 1, 1, 1, 1, 1, 1, 1, 1, 1, 1, 1, 1, 1, 1, 1, 1, 1, 1, 1, 1, 1, 1, 1, 1, 1, 1, 1, 1, 1, 1, 1, 1, 1, 1, 1, 1, 1], [1, 1, 1, 1, 1, 1, 1, 1, 1, 1, 1, 1, 1, 1, 1, 1, 1, 1, 1, 1, 1, 1, 1, 1, 1, 1, 1, 1, 1, 1, 1, 1, 1, 1, 1, 1, 1, 1, 1, 1, 1, 1, 1, 1, 1, 1, 1, 1, 1, 1]]

means=tensor([3.8606e-03, 2.7756e-17, 2.7756e-17, 5.4059e-03, 3.4077e-04, 1.9125e-03,
        6.9176e-05, 3.5267e-04, 2.7756e-17, 2.7756e-17, 2.7756e-17, 1.0612e-03,
        5.1081e-03, 2.0879e-04, 8.6266e-05, 3.3898e-04, 2.2566e-04, 5.6639e-05,
        2.5056e-04, 5.4660e-04, 4.9818e-05, 3.7777e-05, 2.4803e-04, 9.2896e-05,
        3.3906e-04, 4.8171e-04, 3.4350e-05, 4.7049e-04, 2.0527e-05, 9.8227e-05,
        6.0003e-04, 1.0643e-04, 2.2835e-04, 7.6095e-04, 6.0081e-04, 2.6979e-05,
        1.0417e-04, 4.1294e-04, 1.1972e-03, 5.7945e-04, 2.0683e-04, 1.7591e-04,
        5.4008e-05, 1.0247e-04, 7.4367e-05, 2.7803e-04, 4.6546e-04, 2.5807e-05,
        3.2297e-04, 4.7107e-04, 3.1428e-04, 6.4275e-04, 4.6597e-05, 5.6670e-04,
        8.6218e-04, 2.2239e-04, 6.4807e-05, 5.3129e-05, 1.5768e-04, 9.8249e-04,
        8.9174e-04, 4.0666e-04, 9.0914e-04, 4.7687e-04, 5.2384e-04, 6.1402e-04,
        3.4285e-04, 7.4226e-04, 3.3430e-04, 2.4874e-05, 4.3768e-04, 3.1778e-04,
        3.4859e-05, 7.3214e-04, 5.7491e-04, 1.5860e-04, 1.8870e-04, 6.1932e-04,
        2.4725e-04, 2.9955e-04, 7.4520e-06, 2.1484e-04, 7.8999e-04, 2.1973e-04,
        4.9474e-05, 2.0191e-04, 1.7349e-05, 1.0859e-04, 1.1501e-04, 1.5544e-04,
        3.8497e-05, 1.4669e-04, 4.9263e-04, 2.4927e-06, 5.3108e-04, 2.7476e-04,
        6.7416e-05, 3.0344e-04, 2.2986e-05, 4.2476e-04, 3.8276e-04, 7.1944e-05,
        3.2023e-04, 3.8304e-05, 5.0122e-04, 2.0240e-04, 4.2620e-04, 4.7839e-04,
        1.3330e-05, 7.4743e-05, 4.2936e-04, 5.1283e-05, 3.6984e-04],
       grad_fn=<CatBackward>)

mean_overall=tensor(0.0004, grad_fn=<MeanBackward0>)

-----------------------------------------------ITERATION360-----------------------------------------------

final_causality=[[1, 1, 1, 1, 1, 1, 1, 1, 1, 1, 1, 1, 1], [1, 1, 1, 1, 1, 1, 1, 1, 1, 1, 1, 1, 1, 1, 1, 1, 1, 1, 1, 1, 1, 1, 1, 1, 1, 1, 1, 1, 1, 1, 1, 1, 1, 1, 1, 1, 1, 1, 1, 1, 1, 1, 1, 1, 1, 1, 1, 1, 1, 1], [1, 1, 1, 1, 1, 1, 1, 1, 1, 1, 1, 1, 1, 1, 1, 1, 1, 1, 1, 1, 1, 1, 1, 1, 1, 1, 1, 1, 1, 1, 1, 1, 1, 1, 1, 1, 1, 1, 1, 1, 1, 1, 1, 1, 1, 1, 1, 1, 1, 1]]

means=tensor([4.2227e-03, 0.0000e+00, 0.0000e+00, 5.8897e-03, 3.8927e-04, 2.0831e-03,
        7.5099e-05, 3.8779e-04, 0.0000e+00, 2.7756e-17, 0.0000e+00, 1.1001e-03,
        5.5649e-03, 2.2828e-04, 9.5444e-05, 3.6376e-04, 2.5662e-04, 6.2561e-05,
        2.6943e-04, 5.8209e-04, 4.9668e-05, 3.8109e-05, 2.7459e-04, 1.0033e-04,
        3.6432e-04, 5.2912e-04, 3.3758e-05, 5.2109e-04, 2.3594e-05, 9.8758e-05,
        6.4901e-04, 1.1299e-04, 2.4967e-04, 8.2445e-04, 6.5763e-04, 3.1696e-05,
        1.2251e-04, 4.5865e-04, 1.2765e-03, 6.3962e-04, 2.1805e-04, 1.9971e-04,
        6.1156e-05, 1.1656e-04, 7.1194e-05, 3.0284e-04, 5.0315e-04, 2.9425e-05,
        3.4215e-04, 5.1077e-04, 3.4203e-04, 7.0919e-04, 4.9713e-05, 6.1784e-04,
        9.2102e-04, 2.5276e-04, 6.7103e-05, 5.5476e-05, 1.5794e-04, 1.0694e-03,
        9.4988e-04, 4.4425e-04, 9.8530e-04, 5.1534e-04, 5.6384e-04, 6.6059e-04,
        3.7027e-04, 7.9405e-04, 3.6970e-04, 2.7580e-05, 4.7331e-04, 3.4270e-04,
        4.0078e-05, 7.8542e-04, 6.1625e-04, 1.7457e-04, 2.0402e-04, 6.5895e-04,
        2.6683e-04, 3.2069e-04, 9.0802e-06, 2.3608e-04, 8.4265e-04, 2.3797e-04,
        5.6955e-05, 2.2115e-04, 2.0186e-05, 1.1937e-04, 1.2930e-04, 1.7160e-04,
        4.3683e-05, 1.5939e-04, 5.2586e-04, 2.9952e-06, 5.6872e-04, 2.9700e-04,
        8.0610e-05, 3.3237e-04, 2.7001e-05, 4.5695e-04, 4.1705e-04, 7.9626e-05,
        3.4911e-04, 4.6331e-05, 5.4254e-04, 2.1930e-04, 4.6058e-04, 5.2460e-04,
        1.6264e-05, 8.5559e-05, 4.6464e-04, 6.1481e-05, 4.0247e-04],
       grad_fn=<CatBackward>)

mean_overall=tensor(0.0005, grad_fn=<MeanBackward0>)

-----------------------------------------------ITERATION370-----------------------------------------------

final_causality=[[1, 1, 1, 1, 1, 1, 1, 1, 1, 1, 1, 1, 1], [1, 1, 1, 1, 1, 1, 1, 1, 1, 1, 1, 1, 1, 1, 1, 1, 1, 1, 1, 1, 1, 1, 1, 1, 1, 1, 1, 1, 1, 1, 1, 1, 1, 1, 1, 1, 1, 1, 1, 1, 1, 1, 1, 1, 1, 1, 1, 1, 1, 1], [1, 1, 1, 1, 1, 1, 1, 1, 1, 1, 1, 1, 1, 1, 1, 1, 1, 1, 1, 1, 1, 1, 1, 1, 1, 1, 1, 1, 1, 1, 1, 1, 1, 1, 1, 1, 1, 1, 1, 1, 1, 1, 1, 1, 1, 1, 1, 1, 1, 1]]

means=tensor([4.6128e-03, 2.7756e-17, 2.7756e-17, 6.4091e-03, 4.4247e-04, 2.2666e-03,
        8.1416e-05, 4.2584e-04, 2.7756e-17, 2.7756e-17, 2.7756e-17, 1.1329e-03,
        6.0561e-03, 2.4943e-04, 1.0526e-04, 3.9031e-04, 2.9083e-04, 6.9700e-05,
        2.8973e-04, 6.1982e-04, 4.9595e-05, 3.8484e-05, 3.0343e-04, 1.0843e-04,
        3.9158e-04, 5.8012e-04, 3.3210e-05, 5.7559e-04, 2.7071e-05, 1.0207e-04,
        7.0124e-04, 1.2174e-04, 2.7292e-04, 8.9203e-04, 7.1902e-04, 3.7230e-05,
        1.4371e-04, 5.0806e-04, 1.3600e-03, 7.0440e-04, 2.2987e-04, 2.2598e-04,
        6.9229e-05, 1.3234e-04, 6.7955e-05, 3.2963e-04, 5.4336e-04, 3.3927e-05,
        3.6257e-04, 5.5320e-04, 3.7194e-04, 7.8007e-04, 5.3138e-05, 6.7235e-04,
        9.8343e-04, 2.8667e-04, 6.9642e-05, 5.8046e-05, 1.5830e-04, 1.1614e-03,
        1.0112e-03, 4.8495e-04, 1.0653e-03, 5.5570e-04, 6.0580e-04, 7.0958e-04,
        3.9933e-04, 8.4853e-04, 4.0982e-04, 3.2920e-05, 5.1108e-04, 3.6936e-04,
        4.5694e-05, 8.4167e-04, 6.5943e-04, 1.9173e-04, 2.2050e-04, 7.0066e-04,
        2.8735e-04, 3.4343e-04, 1.1056e-05, 2.5856e-04, 8.9812e-04, 2.5747e-04,
        6.5464e-05, 2.4159e-04, 2.3497e-05, 1.3109e-04, 1.4515e-04, 1.8848e-04,
        4.9662e-05, 1.7306e-04, 5.6100e-04, 3.5940e-06, 6.0848e-04, 3.2062e-04,
        9.6531e-05, 3.6293e-04, 3.1719e-05, 4.9090e-04, 4.5328e-04, 8.8002e-05,
        3.7978e-04, 5.6102e-05, 5.8625e-04, 2.3738e-04, 4.9683e-04, 5.7424e-04,
        1.9842e-05, 9.7205e-05, 5.0259e-04, 7.2504e-05, 4.3686e-04],
       grad_fn=<CatBackward>)

mean_overall=tensor(0.0005, grad_fn=<MeanBackward0>)

-----------------------------------------------ITERATION380-----------------------------------------------

final_causality=[[1, 1, 1, 1, 1, 1, 1, 1, 1, 1, 1, 1, 1], [1, 1, 1, 1, 1, 1, 1, 1, 1, 1, 1, 1, 1, 1, 1, 1, 1, 1, 1, 1, 1, 1, 1, 1, 1, 1, 1, 1, 1, 1, 1, 1, 1, 1, 1, 1, 1, 1, 1, 1, 1, 1, 1, 1, 1, 1, 1, 1, 1, 1], [1, 1, 1, 1, 1, 1, 1, 1, 1, 1, 1, 1, 1, 1, 1, 1, 1, 1, 1, 1, 1, 1, 1, 1, 1, 1, 1, 1, 1, 1, 1, 1, 1, 1, 1, 1, 1, 1, 1, 1, 1, 1, 1, 1, 1, 1, 1, 1, 1, 1]]

means=tensor([5.0317e-03, 2.7756e-17, 2.7756e-17, 6.9658e-03, 5.0064e-04, 2.4629e-03,
        8.8216e-05, 4.6696e-04, 2.7756e-17, 2.7756e-17, 2.7756e-17, 1.1573e-03,
        6.5832e-03, 2.7230e-04, 1.1844e-04, 4.1870e-04, 3.2832e-04, 7.7662e-05,
        3.1152e-04, 6.5986e-04, 4.9596e-05, 3.8899e-05, 3.3460e-04, 1.1727e-04,
        4.2093e-04, 6.3475e-04, 3.2707e-05, 6.3404e-04, 3.1005e-05, 1.0590e-04,
        7.5681e-04, 1.3125e-04, 2.9821e-04, 9.6371e-04, 7.8514e-04, 4.3687e-05,
        1.6816e-04, 5.6126e-04, 1.4478e-03, 7.7389e-04, 2.4229e-04, 2.5483e-04,
        7.8307e-05, 1.4994e-04, 6.4802e-05, 3.5848e-04, 5.8619e-04, 3.9109e-05,
        3.8425e-04, 5.9842e-04, 4.0408e-04, 8.5533e-04, 5.6893e-05, 7.3021e-04,
        1.0495e-03, 3.2439e-04, 7.2438e-05, 6.0852e-05, 1.5876e-04, 1.2581e-03,
        1.0756e-03, 5.2892e-04, 1.1490e-03, 5.9790e-04, 6.4964e-04, 7.6091e-04,
        4.3001e-04, 9.0559e-04, 4.5243e-04, 3.8728e-05, 5.5099e-04, 3.9784e-04,
        5.1766e-05, 9.0083e-04, 7.0437e-04, 2.1008e-04, 2.3822e-04, 7.4442e-04,
        3.0882e-04, 3.6784e-04, 1.3445e-05, 2.8225e-04, 9.5636e-04, 2.7822e-04,
        7.5144e-05, 2.6319e-04, 2.7349e-05, 1.4381e-04, 1.6268e-04, 2.0603e-04,
        5.6551e-05, 1.8775e-04, 5.9807e-04, 4.3339e-06, 6.5035e-04, 3.4560e-04,
        1.1570e-04, 3.9509e-04, 3.7247e-05, 5.2657e-04, 4.9143e-04, 9.7089e-05,
        4.1223e-04, 6.7954e-05, 6.3229e-04, 2.5665e-04, 5.3490e-04, 6.2737e-04,
        2.4186e-05, 1.0968e-04, 5.4327e-04, 8.4370e-05, 4.7294e-04],
       grad_fn=<CatBackward>)

mean_overall=tensor(0.0006, grad_fn=<MeanBackward0>)

-----------------------------------------------ITERATION390-----------------------------------------------

final_causality=[[1, 1, 1, 1, 1, 1, 1, 1, 1, 1, 1, 1, 1], [1, 1, 1, 1, 1, 1, 1, 1, 1, 1, 1, 1, 1, 1, 1, 1, 1, 1, 1, 1, 1, 1, 1, 1, 1, 1, 1, 1, 1, 1, 1, 1, 1, 1, 1, 1, 1, 1, 1, 1, 1, 1, 1, 1, 1, 1, 1, 1, 1, 1], [1, 1, 1, 1, 1, 1, 1, 1, 1, 1, 1, 1, 1, 1, 1, 1, 1, 1, 1, 1, 1, 1, 1, 1, 1, 1, 1, 1, 1, 1, 1, 1, 1, 1, 1, 1, 1, 1, 1, 1, 1, 1, 1, 1, 1, 1, 1, 1, 1, 1]]

means=tensor([5.4802e-03, 0.0000e+00, 0.0000e+00, 7.5610e-03, 5.6406e-04, 2.6722e-03,
        9.5606e-05, 5.1129e-04, 0.0000e+00, 0.0000e+00, 0.0000e+00, 1.1706e-03,
        7.1475e-03, 2.9696e-04, 1.3339e-04, 4.4896e-04, 3.6919e-04, 8.6508e-05,
        3.3488e-04, 7.0225e-04, 4.9667e-05, 3.9347e-05, 3.6814e-04, 1.2688e-04,
        4.5247e-04, 6.9298e-04, 3.2246e-05, 6.9640e-04, 3.5446e-05, 1.0995e-04,
        8.1580e-04, 1.4154e-04, 3.2563e-04, 1.0395e-03, 8.5606e-04, 5.1181e-05,
        1.9623e-04, 6.1836e-04, 1.5398e-03, 8.4812e-04, 2.5534e-04, 2.8635e-04,
        8.8670e-05, 1.6951e-04, 6.1535e-05, 3.8941e-04, 6.3170e-04, 4.5046e-05,
        4.0720e-04, 6.4646e-04, 4.3850e-04, 9.3483e-04, 6.0995e-05, 7.9137e-04,
        1.1194e-03, 3.6618e-04, 7.5504e-05, 6.3905e-05, 1.5932e-04, 1.3593e-03,
        1.1433e-03, 5.7628e-04, 1.2361e-03, 6.4183e-04, 6.9523e-04, 8.1442e-04,
        4.6225e-04, 9.6506e-04, 4.9749e-04, 4.5036e-05, 5.9297e-04, 4.2815e-04,
        5.9078e-05, 9.6279e-04, 7.5092e-04, 2.2958e-04, 2.5723e-04, 7.9017e-04,
        3.3119e-04, 3.9398e-04, 1.6325e-05, 3.0712e-04, 1.0173e-03, 3.0020e-04,
        8.6012e-05, 2.8592e-04, 3.1813e-05, 1.5758e-04, 1.8200e-04, 2.2422e-04,
        6.4478e-05, 2.0350e-04, 6.3702e-04, 5.1902e-06, 6.9431e-04, 3.7190e-04,
        1.3872e-04, 4.2879e-04, 4.3695e-05, 5.6387e-04, 5.3142e-04, 1.0689e-04,
        4.4637e-04, 8.2269e-05, 6.8058e-04, 2.7707e-04, 5.7473e-04, 6.8398e-04,
        2.9433e-05, 1.2297e-04, 5.8671e-04, 9.7086e-05, 5.1061e-04],
       grad_fn=<CatBackward>)

mean_overall=tensor(0.0006, grad_fn=<MeanBackward0>)

-----------------------------------------------ITERATION400-----------------------------------------------

final_causality=[[1, 1, 1, 1, 1, 1, 1, 1, 1, 1, 1, 1, 1], [1, 1, 1, 1, 1, 1, 1, 1, 1, 1, 1, 1, 1, 1, 1, 1, 1, 1, 1, 1, 1, 1, 1, 1, 1, 1, 1, 1, 1, 1, 1, 1, 1, 1, 1, 1, 1, 1, 1, 1, 1, 1, 1, 1, 1, 1, 1, 1, 1, 1], [1, 1, 1, 1, 1, 1, 1, 1, 1, 1, 1, 1, 1, 1, 1, 1, 1, 1, 1, 1, 1, 1, 1, 1, 1, 1, 1, 1, 1, 1, 1, 1, 1, 1, 1, 1, 1, 1, 1, 1, 1, 1, 1, 1, 1, 1, 1, 1, 1, 1]]

means=tensor([5.9587e-03, 2.7756e-17, 2.7756e-17, 8.1958e-03, 6.3297e-04, 2.8938e-03,
        1.0371e-04, 5.5896e-04, 2.7756e-17, 2.7756e-17, 2.7756e-17, 1.1699e-03,
        7.7499e-03, 3.2341e-04, 1.4994e-04, 4.8331e-04, 4.1351e-04, 9.6294e-05,
        3.5982e-04, 7.4699e-04, 4.9804e-05, 3.9822e-05, 4.0406e-04, 1.3731e-04,
        4.8622e-04, 7.5477e-04, 3.1826e-05, 7.6260e-04, 4.0561e-05, 1.1421e-04,
        8.7825e-04, 1.5264e-04, 3.5526e-04, 1.1194e-03, 9.3181e-04, 5.9821e-05,
        2.2829e-04, 6.7939e-04, 1.6360e-03, 9.2711e-04, 2.6902e-04, 3.2059e-04,
        1.0033e-04, 1.9118e-04, 5.8144e-05, 4.2246e-04, 6.7991e-04, 5.1816e-05,
        4.3143e-04, 6.9729e-04, 4.7522e-04, 1.0183e-03, 6.5461e-05, 8.5571e-04,
        1.1932e-03, 4.1224e-04, 7.8853e-05, 6.7218e-05, 1.5996e-04, 1.4646e-03,
        1.2139e-03, 6.2713e-04, 1.3263e-03, 6.8737e-04, 7.4244e-04, 8.6993e-04,
        4.9597e-04, 1.0267e-03, 5.4492e-04, 5.1872e-05, 6.3692e-04, 4.6033e-04,
        6.6916e-05, 1.0274e-03, 7.9893e-04, 2.5022e-04, 2.7755e-04, 8.3780e-04,
        3.5440e-04, 4.2187e-04, 1.9778e-05, 3.3311e-04, 1.0808e-03, 3.2334e-04,
        9.8189e-05, 3.0969e-04, 3.6962e-05, 1.7243e-04, 2.0321e-04, 2.4299e-04,
        7.3582e-05, 2.2032e-04, 6.7780e-04, 6.1741e-06, 7.4026e-04, 3.9944e-04,
        1.6623e-04, 4.6395e-04, 5.1182e-05, 6.0270e-04, 5.7315e-04, 1.1740e-04,
        4.8210e-04, 9.9462e-05, 7.3098e-04, 2.9862e-04, 6.1622e-04, 7.4402e-04,
        3.5735e-05, 1.3705e-04, 6.3289e-04, 1.1066e-04, 5.4974e-04],
       grad_fn=<CatBackward>)

mean_overall=tensor(0.0006, grad_fn=<MeanBackward0>)

-----------------------------------------------ITERATION410-----------------------------------------------

final_causality=[[1, 1, 1, 1, 1, 1, 1, 1, 1, 1, 1, 1, 1], [1, 1, 1, 1, 1, 1, 1, 1, 1, 1, 1, 1, 1, 1, 1, 1, 1, 1, 1, 1, 1, 1, 1, 1, 1, 1, 1, 1, 1, 1, 1, 1, 1, 1, 1, 1, 1, 1, 1, 1, 1, 1, 1, 1, 1, 1, 1, 1, 1, 1], [1, 1, 1, 1, 1, 1, 1, 1, 1, 1, 1, 1, 1, 1, 1, 1, 1, 1, 1, 1, 1, 1, 1, 1, 1, 1, 1, 1, 1, 1, 1, 1, 1, 1, 1, 1, 1, 1, 1, 1, 1, 1, 1, 1, 1, 1, 1, 1, 1, 1]]

means=tensor([6.4671e-03, 0.0000e+00, 0.0000e+00, 8.8707e-03, 7.0757e-04, 3.1271e-03,
        1.1266e-04, 6.1005e-04, 0.0000e+00, 0.0000e+00, 0.0000e+00, 1.1523e-03,
        8.3908e-03, 3.5167e-04, 1.6819e-04, 5.2041e-04, 4.6130e-04, 1.0707e-04,
        3.8638e-04, 7.9405e-04, 5.0005e-05, 4.0317e-05, 4.4230e-04, 1.4861e-04,
        5.2220e-04, 8.1998e-04, 3.1448e-05, 8.3249e-04, 4.8520e-05, 1.1869e-04,
        9.4415e-04, 1.6455e-04, 3.8712e-04, 1.2032e-03, 1.0123e-03, 6.9714e-05,
        2.6466e-04, 7.4434e-04, 1.7363e-03, 1.0108e-03, 2.8330e-04, 3.5754e-04,
        1.1327e-04, 2.1506e-04, 5.4622e-05, 4.5759e-04, 7.3084e-04, 5.9493e-05,
        4.5691e-04, 7.5086e-04, 5.1423e-04, 1.1054e-03, 7.0305e-05, 9.2304e-04,
        1.2707e-03, 4.6271e-04, 8.2496e-05, 7.0800e-05, 1.6066e-04, 1.5735e-03,
        1.2875e-03, 6.8152e-04, 1.4192e-03, 7.3434e-04, 7.9105e-04, 9.2718e-04,
        5.3701e-04, 1.0902e-03, 5.9457e-04, 5.9263e-05, 6.8270e-04, 4.9436e-04,
        7.5364e-05, 1.0944e-03, 8.4820e-04, 2.7213e-04, 2.9922e-04, 8.8717e-04,
        3.7841e-04, 4.5152e-04, 2.3900e-05, 3.6013e-04, 1.1466e-03, 3.4759e-04,
        1.1179e-04, 3.3442e-04, 4.2869e-05, 1.8841e-04, 2.2641e-04, 2.6227e-04,
        8.4007e-05, 2.3822e-04, 7.2029e-04, 7.2956e-06, 7.8811e-04, 4.2814e-04,
        1.9893e-04, 5.0045e-04, 5.9828e-05, 6.4290e-04, 6.1647e-04, 1.2860e-04,
        5.1928e-04, 1.1998e-04, 7.8330e-04, 3.2124e-04, 6.5922e-04, 8.0736e-04,
        4.3256e-05, 1.5186e-04, 6.8176e-04, 1.2507e-04, 5.9014e-04],
       grad_fn=<CatBackward>)

mean_overall=tensor(0.0007, grad_fn=<MeanBackward0>)

-----------------------------------------------ITERATION420-----------------------------------------------

final_causality=[[1, 1, 1, 1, 1, 1, 1, 1, 1, 1, 1, 1, 1], [1, 1, 1, 1, 1, 1, 1, 1, 1, 1, 1, 1, 1, 1, 1, 1, 1, 1, 1, 1, 1, 1, 1, 1, 1, 1, 1, 1, 1, 1, 1, 1, 1, 1, 1, 1, 1, 1, 1, 1, 1, 1, 1, 1, 1, 1, 1, 1, 1, 1], [1, 1, 1, 1, 1, 1, 1, 1, 1, 1, 1, 1, 1, 1, 1, 1, 1, 1, 1, 1, 1, 1, 1, 1, 1, 1, 1, 1, 1, 1, 1, 1, 1, 1, 1, 1, 1, 1, 1, 1, 1, 1, 1, 1, 1, 1, 1, 1, 1, 1]]

means=tensor([7.0047e-03, 2.7756e-17, 2.7756e-17, 9.5857e-03, 7.8799e-04, 3.3707e-03,
        1.2261e-04, 6.6461e-04, 2.7756e-17, 2.7756e-17, 2.7756e-17, 1.1152e-03,
        9.0702e-03, 3.8171e-04, 1.8824e-04, 5.5969e-04, 5.1252e-04, 1.1886e-04,
        4.1453e-04, 8.4335e-04, 5.0267e-05, 4.0823e-05, 4.8278e-04, 1.6082e-04,
        5.6039e-04, 8.8841e-04, 3.1110e-05, 9.0583e-04, 5.7633e-05, 1.2339e-04,
        1.0134e-03, 1.7727e-04, 4.2123e-04, 1.2907e-03, 1.0975e-03, 8.1187e-05,
        3.0558e-04, 8.1314e-04, 1.8404e-03, 1.0989e-03, 2.9819e-04, 3.9717e-04,
        1.2754e-04, 2.4123e-04, 5.0962e-05, 4.9474e-04, 7.8443e-04, 6.8145e-05,
        4.8357e-04, 8.0705e-04, 5.5545e-04, 1.1957e-03, 7.5537e-05, 9.9313e-04,
        1.3520e-03, 5.1764e-04, 8.6571e-05, 7.4661e-05, 1.6142e-04, 1.6856e-03,
        1.3638e-03, 7.3943e-04, 1.5143e-03, 7.8256e-04, 8.4083e-04, 9.8586e-04,
        5.7932e-04, 1.1553e-03, 6.4622e-04, 6.7228e-05, 7.3013e-04, 5.3017e-04,
        8.4569e-05, 1.1636e-03, 8.9850e-04, 2.9629e-04, 3.2222e-04, 9.3809e-04,
        4.0310e-04, 4.8292e-04, 2.8791e-05, 3.8810e-04, 1.2146e-03, 3.7604e-04,
        1.2693e-04, 3.5997e-04, 4.9602e-05, 2.0552e-04, 2.5162e-04, 2.8199e-04,
        9.5900e-05, 2.5720e-04, 7.6433e-04, 8.5626e-06, 8.3768e-04, 4.5784e-04,
        2.3750e-04, 5.3815e-04, 6.9751e-05, 6.8428e-04, 6.6121e-04, 1.4046e-04,
        5.5773e-04, 1.4428e-04, 8.3730e-04, 3.4484e-04, 7.0356e-04, 8.7379e-04,
        5.2173e-05, 1.6734e-04, 7.3320e-04, 1.4030e-04, 6.3161e-04],
       grad_fn=<CatBackward>)

mean_overall=tensor(0.0007, grad_fn=<MeanBackward0>)

-----------------------------------------------ITERATION430-----------------------------------------------

final_causality=[[1, 1, 1, 1, 1, 1, 1, 1, 1, 1, 1, 1, 1], [1, 1, 1, 1, 1, 1, 1, 1, 1, 1, 1, 1, 1, 1, 1, 1, 1, 1, 1, 1, 1, 1, 1, 1, 1, 1, 1, 1, 1, 1, 1, 1, 1, 1, 1, 1, 1, 1, 1, 1, 1, 1, 1, 1, 1, 1, 1, 1, 1, 1], [1, 1, 1, 1, 1, 1, 1, 1, 1, 1, 1, 1, 1, 1, 1, 1, 1, 1, 1, 1, 1, 1, 1, 1, 1, 1, 1, 1, 1, 1, 1, 1, 1, 1, 1, 1, 1, 1, 1, 1, 1, 1, 1, 1, 1, 1, 1, 1, 1, 1]]

means=tensor([7.5701e-03, 0.0000e+00, 2.7756e-17, 1.0340e-02, 8.7430e-04, 3.6227e-03,
        1.3369e-04, 7.2264e-04, 0.0000e+00, 0.0000e+00, 0.0000e+00, 1.0562e-03,
        9.7873e-03, 4.1344e-04, 2.1015e-04, 6.0105e-04, 5.6706e-04, 1.3169e-04,
        4.4422e-04, 8.9476e-04, 5.0586e-05, 4.1592e-05, 5.2535e-04, 1.7395e-04,
        6.0070e-04, 9.5977e-04, 3.0811e-05, 9.8231e-04, 6.7883e-05, 1.2832e-04,
        1.0860e-03, 1.9078e-04, 4.5754e-04, 1.3817e-03, 1.1871e-03, 9.4167e-05,
        3.5117e-04, 8.8562e-04, 1.9481e-03, 1.1913e-03, 3.1362e-04, 4.3935e-04,
        1.4317e-04, 2.6975e-04, 4.7163e-05, 5.3379e-04, 8.4058e-04, 7.7832e-05,
        5.1134e-04, 8.6569e-04, 5.9877e-04, 1.2886e-03, 8.1159e-05, 1.0656e-03,
        1.4369e-03, 5.7698e-04, 9.3460e-05, 7.8806e-05, 1.6221e-04, 1.8003e-03,
        1.4424e-03, 8.0079e-04, 1.6113e-03, 8.3176e-04, 8.9149e-04, 1.0456e-03,
        6.2239e-04, 1.2214e-03, 6.9962e-04, 7.5780e-05, 7.7896e-04, 5.6768e-04,
        9.5282e-05, 1.2345e-03, 9.4954e-04, 3.2116e-04, 3.4653e-04, 9.9031e-04,
        4.2838e-04, 5.1599e-04, 3.4560e-05, 4.1686e-04, 1.2843e-03, 4.0589e-04,
        1.4367e-04, 3.8620e-04, 5.7224e-05, 2.2375e-04, 2.7888e-04, 3.0205e-04,
        1.0940e-04, 2.7723e-04, 8.0972e-04, 9.9801e-06, 8.8877e-04, 4.8840e-04,
        2.8259e-04, 5.7685e-04, 8.1060e-05, 7.2660e-04, 7.0715e-04, 1.5290e-04,
        5.9720e-04, 1.7283e-04, 8.9269e-04, 3.6930e-04, 7.4902e-04, 9.4299e-04,
        6.2667e-05, 1.8339e-04, 7.8702e-04, 1.5631e-04, 6.7388e-04],
       grad_fn=<CatBackward>)

mean_overall=tensor(0.0008, grad_fn=<MeanBackward0>)

-----------------------------------------------ITERATION440-----------------------------------------------

final_causality=[[1, 1, 1, 1, 1, 1, 1, 1, 1, 1, 1, 1, 1], [1, 1, 1, 1, 1, 1, 1, 1, 1, 1, 1, 1, 1, 1, 1, 1, 1, 1, 1, 1, 1, 1, 1, 1, 1, 1, 1, 1, 1, 1, 1, 1, 1, 1, 1, 1, 1, 1, 1, 1, 1, 1, 1, 1, 1, 1, 1, 1, 1, 1], [1, 1, 1, 1, 1, 1, 1, 1, 1, 1, 1, 1, 1, 1, 1, 1, 1, 1, 1, 1, 1, 1, 1, 1, 1, 1, 1, 1, 1, 1, 1, 1, 1, 1, 1, 1, 1, 1, 1, 1, 1, 1, 1, 1, 1, 1, 1, 1, 1, 1]]

means=tensor([8.1612e-03, 2.7756e-17, 0.0000e+00, 1.1132e-02, 9.6646e-04, 3.8804e-03,
        1.4604e-04, 7.8410e-04, 2.7756e-17, 2.7756e-17, 2.7756e-17, 9.7351e-04,
        1.0540e-02, 4.4672e-04, 2.3396e-04, 6.4436e-04, 6.2471e-04, 1.4555e-04,
        4.7535e-04, 9.4808e-04, 5.0960e-05, 4.2637e-05, 5.6981e-04, 1.8802e-04,
        6.4297e-04, 1.0337e-03, 3.0553e-05, 1.0615e-03, 7.9269e-05, 1.3346e-04,
        1.1615e-03, 2.0503e-04, 4.9596e-04, 1.4757e-03, 1.2807e-03, 1.0882e-04,
        4.0140e-04, 9.6151e-04, 2.0588e-03, 1.2875e-03, 3.2954e-04, 4.8389e-04,
        1.6017e-04, 3.0061e-04, 4.3230e-05, 5.7455e-04, 8.9940e-04, 8.8594e-05,
        5.4009e-04, 9.2652e-04, 6.4401e-04, 1.3837e-03, 8.7170e-05, 1.1402e-03,
        1.5251e-03, 6.4057e-04, 1.0085e-04, 8.3233e-05, 1.6300e-04, 1.9170e-03,
        1.5231e-03, 8.6542e-04, 1.7096e-03, 8.8166e-04, 9.4272e-04, 1.1060e-03,
        6.6590e-04, 1.2882e-03, 7.5444e-04, 8.4918e-05, 8.2891e-04, 6.0674e-04,
        1.0637e-04, 1.3067e-03, 1.0010e-03, 3.4655e-04, 3.7208e-04, 1.0435e-03,
        4.5412e-04, 5.5061e-04, 4.1319e-05, 4.4627e-04, 1.3554e-03, 4.3623e-04,
        1.6209e-04, 4.1294e-04, 6.5781e-05, 2.4305e-04, 3.0813e-04, 3.2234e-04,
        1.2464e-04, 2.9823e-04, 8.5620e-04, 1.1549e-05, 9.4111e-04, 5.1961e-04,
        3.3475e-04, 6.1632e-04, 9.3847e-05, 7.6959e-04, 7.5404e-04, 1.6586e-04,
        6.3742e-04, 2.0609e-04, 9.4911e-04, 3.9448e-04, 7.9533e-04, 1.0146e-03,
        7.4919e-05, 1.9991e-04, 8.4295e-04, 1.7304e-04, 7.1667e-04],
       grad_fn=<CatBackward>)

mean_overall=tensor(0.0009, grad_fn=<MeanBackward0>)

