loss_training=[0.0641778929989096, 0.06344843187950354, 0.06265097201204087, 0.06178275274098663, 0.060821822846739974, 0.05973269048656224, 0.05847419756517674, 0.05699624203977978, 0.05524094729746548, 0.05314969871838559, 0.05066991381940566, 0.047766591944096284, 0.04443571813323687, 0.040720433885402925, 0.036729097716486254, 0.032645072676880556, 0.02871435247938551, 0.025198247506433322, 0.02229397043046781, 0.020068123891921676, 0.018458188231776158, 0.017321653299401357, 0.016499264702297928, 0.015867384211008542, 0.015348705567844866, 0.014906967718239848, 0.014523445527573205, 0.014188519318651035, 0.013894923837170212, 0.013636908147975565, 0.013409767895807848, 0.013212345120495224, 0.01303443798969566, 0.012880067263871062, 0.012743241645548305, 0.012621467826329868, 0.012512250380287106, 0.012413904616053024, 0.012324596819183608, 0.012242906538988097, 0.012182601284964128, 0.012102644771299768, 0.012038549836291228, 0.011979428560162424, 0.011923558927523885]

test_loss_training=[0.07683164664448638, 0.06901491352690786, 0.06802629689789552, 0.06686350423077866, 0.06557766599019124, 0.06423817163769335, 0.06249522090199272, 0.06000379665712102, 0.05711386721684312, 0.05391954664134226, 0.05015566036565961, 0.04610560881882847, 0.041859911921050943, 0.03772230615144455, 0.03397760267863133, 0.03088073755655375, 0.028638086640193405, 0.027401196242244307, 0.02722519275222852, 0.027976385694558473, 0.0293072303316244, 0.030817365626380135, 0.03217795538837072, 0.033583232245006533, 0.03498513670769324, 0.03623785228500207, 0.03748154239115139, 0.03875126171015638, 0.04005700546961313, 0.04138306802963811, 0.04276298810528997, 0.04399158278359255, 0.045495725930732756, 0.04689306228462848, 0.048267547880157996, 0.049616387790228526, 0.050845413738000465, 0.0520668907290014, 0.053201862682816674, 0.05426623335679241, 0.05482078625165663, 0.056138317510141394, 0.05709493969428913, 0.05757178447422809, 0.05808953260317545]

loss_control_training_MSE=[0.0643034448121805, 0.06337438705941437, 0.06257185705359161, 0.06169418380693546, 0.06071990423083737, 0.05961479353133505, 0.058337373031589514, 0.056834096422656015, 0.05504789288684219, 0.05291997123618696, 0.05039899800253579, 0.047452463548433264, 0.04408026615591575, 0.040331289766113165, 0.036321205166537265, 0.032240686924216576, 0.028340037205087532, 0.024878044132117038, 0.02204100186685734, 0.01988133230437648, 0.01832594844057773, 0.017227694134264403, 0.01642999642624112, 0.01581085039095089, 0.015301735487549865, 0.014866101818466114, 0.01448790117429245, 0.014157398219074871, 0.013867606521691582, 0.013612875016723584, 0.013388597993036109, 0.013194724015561649, 0.013018744103049915, 0.01286589120621525, 0.012730444088337933, 0.012609975089600284, 0.012501955128851992, 0.012404588862299996, 0.012316107294113716, 0.012235119961057767, 0.012170214890321863, 0.012093820942763971, 0.012033192264777622, 0.011973381908663858, 0.011918279298421786]

variances=[3.2020950430176783e-09, 4.093847238290052e-09, 7.087364855525995e-09, 1.2649409041973154e-08, 2.207512427243695e-08, 3.691332537371169e-08, 5.944584128533835e-08, 9.352831526730081e-08, 1.4526894178134808e-07, 2.240045837571518e-07, 3.431614587693715e-07, 5.215887556175393e-07, 7.84613077307081e-07, 1.165191947717349e-06, 1.7031768317696978e-06, 2.4410131659979753e-06, 3.411800889969111e-06, 4.621102402611345e-06, 6.010540571398488e-06, 7.468470742715271e-06, 8.890288910710747e-06, 1.0153552119394245e-05, 1.1173792729585745e-05, 1.1937208492558912e-05, 1.248122361625961e-05, 1.286830125892352e-05, 1.3162951041165828e-05, 1.341017904194813e-05, 1.3634584479763555e-05, 1.3825499694029407e-05, 1.3986962018298786e-05, 1.413644789601704e-05, 1.4277712054373849e-05, 1.440458311610082e-05, 1.4517691013317103e-05, 1.4617870644627185e-05, 1.4705893609997521e-05, 1.478416688024375e-05, 1.4853235023069867e-05, 1.4913876445944955e-05, 1.4963195341826564e-05, 1.5009170747563576e-05, 1.5047426171018976e-05, 1.507808338716437e-05, 1.510435641644165e-05]

ACE_values=[5.6048615384067e-05, 5.7625722267990436e-05, 6.396473581468124e-05, 7.675199109324191e-05, 9.347452236895412e-05, 0.00011449138224546488, 0.00014206517395731755, 0.0001772781939075353, 0.00022136207837198762, 0.0002757347618353718, 0.00034209848078718474, 0.0004222085981440823, 0.0005170532590618215, 0.0006271828774797425, 0.0007526374848129476, 0.0008920050628653327, 0.0010421300776522282, 0.0011963077128784813, 0.0013514485512277864, 0.0015017789905593844, 0.0016303641393829343, 0.0017323412773125831, 0.0018067113349418198, 0.0018569111493109372, 0.0018885412811571502, 0.0019078005022700258, 0.001920076622017382, 0.0019288797146367455, 0.0019361140691266745, 0.001947945874637947, 0.001964019454205639, 0.0019786919913822782, 0.0019924352913945585, 0.002004889796931739, 0.0020162334747563975, 0.0020265802171101147, 0.002036030785891498, 0.002044806668190079, 0.002052923285932039, 0.0020604645347705305, 0.002067280702925295, 0.002074035707201282, 0.002080320509283721, 0.0020861492952912643, 0.002091747867121687]

-------------------------------CAUSAL NEURAL NET-------------------------------

loss_test_causal=tensor(0.0587, grad_fn=<MseLossBackward>)

