-----------------------------------------------ITERATION0-----------------------------------------------

final_causality=[[1, 1, 1, 1, 1, 1, 1, 1, 1, 1, 1, 1, 1], [1, 1, 1, 1, 1, 1, 1, 1, 1, 1, 1, 1, 1, 1, 1, 1, 1, 1, 1, 1, 1, 1, 1, 1, 1, 1, 1, 1, 1, 1, 1, 1, 1, 1, 1, 1, 1, 1, 1, 1, 1, 1, 1, 1, 1, 1, 1, 1, 1, 1], [1, 1, 1, 1, 1, 1, 1, 1, 1, 1, 1, 1, 1, 1, 1, 1, 1, 1, 1, 1, 1, 1, 1, 1, 1, 1, 1, 1, 1, 1, 1, 1, 1, 1, 1, 1, 1, 1, 1, 1, 1, 1, 1, 1, 1, 1, 1, 1, 1, 1]]

means=tensor([1.4115e-05, 4.8312e-05, 1.3423e-04, 1.1804e-04, 4.6773e-05, 1.7415e-05,
        8.4718e-05, 1.3913e-05, 1.5656e-04, 1.9062e-05, 1.8851e-04, 3.2476e-05,
        1.1138e-04, 7.8431e-06, 3.4666e-05, 3.8916e-05, 4.3330e-05, 2.5646e-05,
        6.8701e-05, 5.4160e-05, 2.0275e-04, 1.4035e-06, 6.8386e-05, 2.2432e-05,
        9.8000e-05, 2.0949e-05, 7.2470e-05, 3.9026e-06, 7.4553e-05, 8.2779e-06,
        5.9915e-05, 8.8782e-05, 5.6609e-05, 1.6575e-05, 9.5829e-05, 8.3542e-05,
        7.1393e-05, 3.6221e-05, 5.5203e-07, 7.4094e-05, 9.4310e-05, 6.4234e-05,
        9.2516e-06, 2.2513e-05, 7.2083e-05, 5.2872e-05, 9.5108e-05, 1.9499e-04,
        1.2247e-04, 1.2383e-05, 4.2242e-05, 5.3084e-05, 5.2156e-06, 2.5182e-05,
        3.7506e-05, 2.9339e-05, 1.2540e-04, 4.8652e-05, 5.9036e-06, 9.8819e-08,
        9.9136e-06, 3.1372e-05, 4.2035e-05, 4.0463e-05, 2.8961e-05, 1.6175e-05,
        9.2268e-05, 7.0288e-05, 1.4478e-04, 1.3631e-04, 1.3848e-04, 5.9730e-05,
        1.0049e-04, 5.9635e-05, 1.0412e-05, 4.7971e-05, 9.5004e-05, 3.5413e-05,
        8.4279e-05, 4.0516e-05, 6.4983e-05, 2.2268e-05, 1.8581e-04, 1.2474e-04,
        6.1045e-05, 7.7470e-05, 8.4395e-05, 2.1197e-06, 2.9377e-05, 1.1665e-04,
        9.2410e-05, 6.4512e-05, 1.1951e-04, 1.7396e-05, 6.3928e-06, 8.6568e-05,
        1.0763e-05, 5.4674e-05, 3.8805e-05, 4.3351e-06, 8.3440e-05, 5.1536e-05,
        1.1364e-04, 4.8167e-06, 1.1556e-04, 8.1836e-06, 2.4105e-06, 5.7586e-05,
        4.4136e-05, 6.9537e-05, 1.3434e-05, 4.0274e-06, 4.2499e-05],
       grad_fn=<CatBackward>)

mean_overall=tensor(5.9184e-05, grad_fn=<MeanBackward0>)

-----------------------------------------------ITERATION10-----------------------------------------------

final_causality=[[1, 1, 1, 1, 1, 1, 1, 1, 1, 1, 1, 1, 1], [1, 1, 1, 1, 1, 1, 1, 1, 1, 1, 1, 1, 1, 1, 1, 1, 1, 1, 1, 1, 1, 1, 1, 1, 1, 1, 1, 1, 1, 1, 1, 1, 1, 1, 1, 1, 1, 1, 1, 1, 1, 1, 1, 1, 1, 1, 1, 1, 1, 1], [1, 1, 1, 1, 1, 1, 1, 1, 1, 1, 1, 1, 1, 1, 1, 1, 1, 1, 1, 1, 1, 1, 1, 1, 1, 1, 1, 1, 1, 1, 1, 1, 1, 1, 1, 1, 1, 1, 1, 1, 1, 1, 1, 1, 1, 1, 1, 1, 1, 1]]

means=tensor([6.4281e-07, 6.9695e-05, 3.1166e-05, 1.7121e-04, 7.3733e-05, 3.4371e-05,
        3.5908e-05, 6.6026e-05, 1.0570e-04, 1.0050e-04, 1.8528e-04, 5.2437e-05,
        7.0126e-05, 4.9613e-05, 1.5234e-05, 6.9798e-05, 2.2317e-05, 4.3410e-05,
        8.4175e-05, 2.6472e-05, 1.7128e-04, 2.2542e-05, 4.0379e-05, 4.8375e-05,
        1.2900e-04, 4.7240e-05, 9.5610e-05, 2.1862e-05, 4.2464e-05, 1.9431e-05,
        8.7153e-05, 1.2084e-04, 7.9073e-05, 4.0875e-05, 1.1617e-04, 5.4715e-05,
        4.7393e-05, 4.7025e-05, 1.7192e-05, 4.3693e-05, 1.2924e-04, 3.1339e-05,
        1.2316e-05, 3.9204e-05, 3.3796e-05, 7.0321e-05, 6.4031e-05, 1.3605e-04,
        1.5238e-04, 1.0750e-05, 1.7534e-05, 7.7163e-05, 2.3036e-05, 9.2498e-08,
        1.7989e-05, 2.2647e-06, 8.9866e-05, 8.8079e-05, 1.4685e-05, 1.5566e-05,
        1.9072e-05, 1.2552e-05, 1.9941e-05, 3.6744e-05, 3.2167e-05, 1.8581e-05,
        8.2528e-05, 6.1910e-05, 1.3920e-04, 1.2433e-04, 1.2932e-04, 5.2648e-05,
        9.7433e-05, 5.7772e-05, 1.2914e-05, 5.1735e-05, 1.0034e-04, 4.3638e-05,
        7.4247e-05, 3.6836e-05, 5.9547e-05, 1.7572e-05, 1.8638e-04, 1.1754e-04,
        5.4375e-05, 7.0617e-05, 8.8385e-05, 6.3058e-06, 3.3209e-05, 1.2749e-04,
        7.5517e-05, 5.8559e-05, 1.0367e-04, 2.0663e-05, 8.9610e-06, 9.6891e-05,
        1.7584e-05, 6.2124e-05, 3.7418e-05, 8.2535e-06, 7.5254e-05, 5.6501e-05,
        1.0998e-04, 8.9097e-06, 1.2128e-04, 1.0309e-05, 4.8343e-06, 5.4663e-05,
        3.9845e-05, 6.3752e-05, 1.0626e-05, 4.7299e-07, 4.6667e-05],
       grad_fn=<CatBackward>)

mean_overall=tensor(5.9150e-05, grad_fn=<MeanBackward0>)

-----------------------------------------------ITERATION20-----------------------------------------------

final_causality=[[1, 1, 1, 1, 1, 1, 1, 1, 1, 1, 1, 1, 1], [1, 1, 1, 1, 1, 1, 1, 1, 1, 1, 1, 1, 1, 1, 1, 1, 1, 1, 1, 1, 1, 1, 1, 1, 1, 1, 1, 1, 1, 1, 1, 1, 1, 1, 1, 1, 1, 1, 1, 1, 1, 1, 1, 1, 1, 1, 1, 1, 1, 1], [1, 1, 1, 1, 1, 1, 1, 1, 1, 1, 1, 1, 1, 1, 1, 1, 1, 1, 1, 1, 1, 1, 1, 1, 1, 1, 1, 1, 1, 1, 1, 1, 1, 1, 1, 1, 1, 1, 1, 1, 1, 1, 1, 1, 1, 1, 1, 1, 1, 1]]

means=tensor([1.1095e-05, 9.0565e-05, 6.7690e-05, 2.2354e-04, 9.2002e-05, 5.3187e-05,
        1.2835e-05, 1.1697e-04, 5.1758e-05, 1.7936e-04, 1.8526e-04, 7.5698e-05,
        2.7782e-05, 8.3511e-05, 1.9245e-06, 9.6286e-05, 3.9783e-06, 6.0465e-05,
        9.8983e-05, 8.8760e-07, 1.4215e-04, 4.2016e-05, 1.5363e-05, 7.1014e-05,
        1.5627e-04, 7.1004e-05, 1.1708e-04, 3.8520e-05, 1.4264e-05, 4.3514e-05,
        1.1254e-04, 1.4674e-04, 9.8478e-05, 6.2780e-05, 1.3357e-04, 2.7764e-05,
        2.6335e-05, 5.7957e-05, 3.1965e-05, 1.5539e-05, 1.6084e-04, 1.3629e-06,
        3.2825e-05, 5.3309e-05, 1.0969e-06, 8.5173e-05, 3.5537e-05, 8.4241e-05,
        1.7779e-04, 2.9658e-05, 2.6263e-06, 9.9003e-05, 4.8245e-05, 2.2138e-05,
        7.0435e-07, 3.0912e-05, 5.5852e-05, 1.2349e-04, 3.3584e-05, 2.9803e-05,
        4.5919e-05, 3.8004e-06, 1.2075e-06, 3.6965e-05, 3.3821e-05, 2.1231e-05,
        7.4151e-05, 5.4295e-05, 1.3568e-04, 1.1902e-04, 1.2000e-04, 4.7925e-05,
        9.3792e-05, 5.5871e-05, 1.4491e-05, 5.5322e-05, 1.0488e-04, 5.0618e-05,
        6.4781e-05, 3.2949e-05, 5.4212e-05, 1.3905e-05, 1.8209e-04, 1.1018e-04,
        4.8291e-05, 6.3721e-05, 9.1045e-05, 1.0054e-05, 3.7623e-05, 1.3759e-04,
        6.6282e-05, 5.1258e-05, 8.7376e-05, 2.4699e-05, 1.1165e-05, 1.0478e-04,
        2.3193e-05, 6.7330e-05, 3.4235e-05, 1.2146e-05, 6.7276e-05, 6.0656e-05,
        1.0246e-04, 1.2593e-05, 1.2605e-04, 1.1860e-05, 7.0761e-06, 5.2826e-05,
        3.5629e-05, 5.6804e-05, 8.0411e-06, 2.8894e-06, 4.9850e-05],
       grad_fn=<CatBackward>)

mean_overall=tensor(6.2467e-05, grad_fn=<MeanBackward0>)

-----------------------------------------------ITERATION30-----------------------------------------------

final_causality=[[1, 1, 1, 1, 1, 1, 1, 1, 1, 1, 1, 1, 1], [1, 1, 1, 1, 1, 1, 1, 1, 1, 1, 1, 1, 1, 1, 1, 1, 1, 1, 1, 1, 1, 1, 1, 1, 1, 1, 1, 1, 1, 1, 1, 1, 1, 1, 1, 1, 1, 1, 1, 1, 1, 1, 1, 1, 1, 1, 1, 1, 1, 1], [1, 1, 1, 1, 1, 1, 1, 1, 1, 1, 1, 1, 1, 1, 1, 1, 1, 1, 1, 1, 1, 1, 1, 1, 1, 1, 1, 1, 1, 1, 1, 1, 1, 1, 1, 1, 1, 1, 1, 1, 1, 1, 1, 1, 1, 1, 1, 1, 1, 1]]

means=tensor([1.5913e-05, 1.1112e-04, 1.5370e-04, 2.7519e-04, 9.6033e-05, 7.4792e-05,
        5.8955e-05, 1.6532e-04, 5.2438e-06, 2.5338e-04, 1.9194e-04, 1.0403e-04,
        4.4203e-06, 1.0812e-04, 1.5293e-05, 1.1677e-04, 9.9133e-06, 7.5424e-05,
        1.1161e-04, 2.6674e-05, 1.1783e-04, 5.6409e-05, 2.5450e-06, 8.8811e-05,
        1.7807e-04, 9.0470e-05, 1.3527e-04, 5.3140e-05, 8.4457e-06, 6.3933e-05,
        1.3394e-04, 1.6723e-04, 1.1356e-04, 8.0828e-05, 1.4716e-04, 5.1271e-06,
        9.4237e-06, 6.6910e-05, 4.2688e-05, 5.2415e-06, 1.8688e-04, 2.0520e-05,
        4.7815e-05, 6.4026e-05, 1.8228e-05, 9.6542e-05, 1.1920e-05, 4.3012e-05,
        1.9743e-04, 4.4777e-05, 2.1062e-05, 1.1708e-04, 6.7822e-05, 4.0857e-05,
        1.3369e-05, 5.3582e-05, 2.6692e-05, 1.5233e-04, 4.9262e-05, 4.1777e-05,
        6.7685e-05, 1.6782e-05, 1.1523e-05, 4.1429e-05, 3.4209e-05, 2.3681e-05,
        7.1407e-05, 4.8156e-05, 1.3388e-04, 1.1897e-04, 1.1160e-04, 4.4121e-05,
        9.0105e-05, 5.4213e-05, 1.5709e-05, 6.0030e-05, 1.0836e-04, 5.6326e-05,
        5.7386e-05, 2.9451e-05, 4.8956e-05, 1.0946e-05, 1.7698e-04, 1.0650e-04,
        4.3304e-05, 5.7494e-05, 9.3208e-05, 1.3001e-05, 4.2436e-05, 1.4671e-04,
        6.2689e-05, 4.6747e-05, 7.2340e-05, 2.8860e-05, 1.2719e-05, 1.1245e-04,
        2.6912e-05, 7.0306e-05, 3.0643e-05, 1.6044e-05, 6.0396e-05, 6.4007e-05,
        9.3319e-05, 1.5617e-05, 1.2961e-04, 1.4099e-05, 8.8513e-06, 5.0525e-05,
        3.2271e-05, 5.0176e-05, 5.8602e-06, 5.7016e-06, 5.2394e-05],
       grad_fn=<CatBackward>)

mean_overall=tensor(6.9495e-05, grad_fn=<MeanBackward0>)

-----------------------------------------------ITERATION40-----------------------------------------------

final_causality=[[1, 1, 1, 1, 1, 1, 1, 1, 1, 1, 1, 1, 1], [1, 1, 1, 1, 1, 1, 1, 1, 1, 1, 1, 1, 1, 1, 1, 1, 1, 1, 1, 1, 1, 1, 1, 1, 1, 1, 1, 1, 1, 1, 1, 1, 1, 1, 1, 1, 1, 1, 1, 1, 1, 1, 1, 1, 1, 1, 1, 1, 1, 1], [1, 1, 1, 1, 1, 1, 1, 1, 1, 1, 1, 1, 1, 1, 1, 1, 1, 1, 1, 1, 1, 1, 1, 1, 1, 1, 1, 1, 1, 1, 1, 1, 1, 1, 1, 1, 1, 1, 1, 1, 1, 1, 1, 1, 1, 1, 1, 1, 1, 1]]

means=tensor([1.5527e-05, 1.2981e-04, 2.2579e-04, 3.2193e-04, 8.7757e-05, 9.6782e-05,
        1.0065e-04, 2.0727e-04, 2.4914e-05, 3.1679e-04, 2.0406e-04, 1.3404e-04,
        3.0337e-05, 1.2365e-04, 2.5009e-05, 1.3080e-04, 2.0029e-05, 8.7057e-05,
        1.2112e-04, 4.8170e-05, 9.9837e-05, 6.6717e-05, 1.2284e-05, 1.0115e-04,
        1.9351e-04, 1.0456e-04, 1.4899e-04, 6.6504e-05, 2.6557e-05, 7.9188e-05,
        1.4985e-04, 1.8185e-04, 1.2388e-04, 9.4165e-05, 1.5668e-04, 1.0894e-05,
        1.8535e-06, 7.3464e-05, 4.9526e-05, 1.9045e-05, 2.0598e-04, 3.6948e-05,
        5.7244e-05, 7.1179e-05, 3.2941e-05, 1.0424e-04, 3.4000e-06, 1.3751e-05,
        2.1095e-04, 5.5547e-05, 3.4588e-05, 1.3037e-04, 8.1228e-05, 5.4626e-05,
        2.4539e-05, 6.8752e-05, 4.8007e-06, 1.7313e-04, 6.0938e-05, 5.0759e-05,
        8.3271e-05, 2.6205e-05, 2.1420e-05, 4.5921e-05, 3.5023e-05, 2.5547e-05,
        7.0037e-05, 4.3828e-05, 1.3348e-04, 1.1958e-04, 1.0780e-04, 4.1079e-05,
        8.6982e-05, 5.3159e-05, 1.6455e-05, 6.4725e-05, 1.1177e-04, 6.0788e-05,
        5.1581e-05, 2.6765e-05, 4.4349e-05, 8.7588e-06, 1.7282e-04, 1.0316e-04,
        3.9711e-05, 5.7255e-05, 9.5058e-05, 1.5483e-05, 4.6861e-05, 1.5419e-04,
        6.2195e-05, 4.3068e-05, 6.0220e-05, 3.2452e-05, 1.3556e-05, 1.1966e-04,
        2.8672e-05, 7.1150e-05, 2.7753e-05, 1.9408e-05, 5.5256e-05, 6.9477e-05,
        8.4515e-05, 1.7838e-05, 1.3202e-04, 1.6055e-05, 9.9784e-06, 4.8058e-05,
        2.9964e-05, 4.4777e-05, 4.2488e-06, 7.9560e-06, 5.4335e-05],
       grad_fn=<CatBackward>)

mean_overall=tensor(7.7023e-05, grad_fn=<MeanBackward0>)

-----------------------------------------------ITERATION50-----------------------------------------------

final_causality=[[1, 1, 1, 1, 1, 1, 1, 1, 1, 1, 1, 1, 1], [1, 1, 1, 1, 1, 1, 1, 1, 1, 1, 1, 1, 1, 1, 1, 1, 1, 1, 1, 1, 1, 1, 1, 1, 1, 1, 1, 1, 1, 1, 1, 1, 1, 1, 1, 1, 1, 1, 1, 1, 1, 1, 1, 1, 1, 1, 1, 1, 1, 1], [1, 1, 1, 1, 1, 1, 1, 1, 1, 1, 1, 1, 1, 1, 1, 1, 1, 1, 1, 1, 1, 1, 1, 1, 1, 1, 1, 1, 1, 1, 1, 1, 1, 1, 1, 1, 1, 1, 1, 1, 1, 1, 1, 1, 1, 1, 1, 1, 1, 1]]

means=tensor([1.2775e-05, 1.4393e-04, 2.7643e-04, 3.5646e-04, 7.5506e-05, 1.1444e-04,
        1.3165e-04, 2.3773e-04, 6.0825e-05, 3.6225e-04, 2.1638e-04, 1.5871e-04,
        5.7067e-05, 1.3201e-04, 3.0990e-05, 1.3933e-04, 2.6313e-05, 9.4656e-05,
        1.2717e-04, 6.1388e-05, 8.8512e-05, 7.2702e-05, 1.8365e-05, 1.0843e-04,
        2.0284e-04, 1.1322e-04, 1.5801e-04, 7.5669e-05, 3.7931e-05, 8.8768e-05,
        1.5984e-04, 1.9036e-04, 1.2991e-04, 1.0245e-04, 1.6241e-04, 2.1816e-05,
        9.0490e-06, 7.7560e-05, 5.4929e-05, 2.7737e-05, 2.1791e-04, 4.7142e-05,
        6.2227e-05, 7.5265e-05, 4.2197e-05, 1.0871e-04, 1.1496e-05, 1.4544e-06,
        2.1894e-04, 6.2056e-05, 4.3184e-05, 1.3869e-04, 8.9080e-05, 6.3225e-05,
        3.1629e-05, 7.7285e-05, 6.7942e-06, 1.8589e-04, 6.8326e-05, 5.6468e-05,
        9.2732e-05, 3.1963e-05, 2.7881e-05, 4.9224e-05, 3.6462e-05, 2.6638e-05,
        6.9019e-05, 4.1222e-05, 1.3374e-04, 1.2036e-04, 1.0642e-04, 3.9058e-05,
        8.4815e-05, 5.5371e-05, 1.8361e-05, 6.8282e-05, 1.1417e-04, 6.4008e-05,
        4.7713e-05, 2.5050e-05, 4.1057e-05, 7.3645e-06, 1.7016e-04, 1.0057e-04,
        3.7707e-05, 6.2066e-05, 9.6389e-05, 1.7532e-05, 5.0098e-05, 1.5901e-04,
        6.4595e-05, 4.0541e-05, 5.2096e-05, 3.5063e-05, 1.3880e-05, 1.2508e-04,
        2.9117e-05, 7.0729e-05, 2.6440e-05, 2.1806e-05, 5.2023e-05, 7.4347e-05,
        7.7853e-05, 1.9236e-05, 1.3345e-04, 1.7450e-05, 1.0533e-05, 4.6091e-05,
        2.8608e-05, 4.1121e-05, 3.2466e-06, 9.6276e-06, 5.5631e-05],
       grad_fn=<CatBackward>)

mean_overall=tensor(8.2898e-05, grad_fn=<MeanBackward0>)

-----------------------------------------------ITERATION60-----------------------------------------------

final_causality=[[1, 1, 1, 1, 1, 1, 1, 1, 1, 1, 1, 1, 1], [1, 1, 1, 1, 1, 1, 1, 1, 1, 1, 1, 1, 1, 1, 1, 1, 1, 1, 1, 1, 1, 1, 1, 1, 1, 1, 1, 1, 1, 1, 1, 1, 1, 1, 1, 1, 1, 1, 1, 1, 1, 1, 1, 1, 1, 1, 1, 1, 1, 1], [1, 1, 1, 1, 1, 1, 1, 1, 1, 1, 1, 1, 1, 1, 1, 1, 1, 1, 1, 1, 1, 1, 1, 1, 1, 1, 1, 1, 1, 1, 1, 1, 1, 1, 1, 1, 1, 1, 1, 1, 1, 1, 1, 1, 1, 1, 1, 1, 1, 1]]

means=tensor([1.0672e-05, 1.5173e-04, 3.0278e-04, 3.7404e-04, 6.7514e-05, 1.2432e-04,
        1.4827e-04, 2.5411e-04, 8.0379e-05, 3.8620e-04, 2.2398e-04, 1.7271e-04,
        7.1748e-05, 1.3570e-04, 3.3856e-05, 1.4428e-04, 2.9359e-05, 9.8407e-05,
        1.3010e-04, 6.7737e-05, 8.2971e-05, 7.5513e-05, 2.1314e-05, 1.1180e-04,
        2.0725e-04, 1.1733e-04, 1.6300e-04, 8.0319e-05, 4.3476e-05, 9.3369e-05,
        1.6467e-04, 1.9435e-04, 1.3269e-04, 1.0645e-04, 1.6514e-04, 2.7130e-05,
        1.2566e-05, 7.9540e-05, 5.7518e-05, 3.1961e-05, 2.2369e-04, 5.2071e-05,
        6.4376e-05, 7.7136e-05, 4.6711e-05, 1.1078e-04, 1.5452e-05, 1.0230e-05,
        2.2264e-04, 6.5119e-05, 4.7406e-05, 1.4275e-04, 9.2774e-05, 6.7415e-05,
        3.5124e-05, 8.1519e-05, 1.3562e-05, 1.9197e-04, 7.1934e-05, 5.9232e-05,
        9.7191e-05, 3.4709e-05, 3.1117e-05, 5.0929e-05, 3.7148e-05, 2.7110e-05,
        6.8482e-05, 3.9993e-05, 1.3395e-04, 1.2079e-04, 1.0586e-04, 3.8040e-05,
        8.3675e-05, 5.6608e-05, 1.9640e-05, 7.0150e-05, 1.1550e-04, 6.5624e-05,
        4.5772e-05, 2.4212e-05, 3.9345e-05, 6.6650e-06, 1.6887e-04, 9.9165e-05,
        3.6802e-05, 6.4648e-05, 9.7054e-05, 1.8592e-05, 5.1799e-05, 1.6144e-04,
        6.5886e-05, 3.9255e-05, 4.8236e-05, 3.6450e-05, 1.3979e-05, 1.2793e-04,
        2.9168e-05, 7.0249e-05, 2.5774e-05, 2.3054e-05, 5.0438e-05, 7.7068e-05,
        7.4296e-05, 1.9922e-05, 1.3410e-04, 1.8175e-05, 1.0746e-05, 4.4998e-05,
        2.7975e-05, 3.9409e-05, 2.7605e-06, 1.0509e-05, 5.6302e-05],
       grad_fn=<CatBackward>)

mean_overall=tensor(8.6068e-05, grad_fn=<MeanBackward0>)

-----------------------------------------------ITERATION70-----------------------------------------------

final_causality=[[1, 1, 1, 1, 1, 1, 1, 1, 1, 1, 1, 1, 1], [1, 1, 1, 1, 1, 1, 1, 1, 1, 1, 1, 1, 1, 1, 1, 1, 1, 1, 1, 1, 1, 1, 1, 1, 1, 1, 1, 1, 1, 1, 1, 1, 1, 1, 1, 1, 1, 1, 1, 1, 1, 1, 1, 1, 1, 1, 1, 1, 1, 1], [1, 1, 1, 1, 1, 1, 1, 1, 1, 1, 1, 1, 1, 1, 1, 1, 1, 1, 1, 1, 1, 1, 1, 1, 1, 1, 1, 1, 1, 1, 1, 1, 1, 1, 1, 1, 1, 1, 1, 1, 1, 1, 1, 1, 1, 1, 1, 1, 1, 1]]

means=tensor([1.0348e-05, 1.5396e-04, 3.0939e-04, 3.7664e-04, 6.6251e-05, 1.2681e-04,
        1.5237e-04, 2.5861e-04, 8.5012e-05, 3.9223e-04, 2.2588e-04, 1.7633e-04,
        7.5516e-05, 1.3681e-04, 3.4618e-05, 1.4564e-04, 3.0161e-05, 9.9320e-05,
        1.3081e-04, 6.9498e-05, 8.1470e-05, 7.6369e-05, 2.2109e-05, 1.1265e-04,
        2.0836e-04, 1.1835e-04, 1.6422e-04, 8.1432e-05, 4.4924e-05, 9.4502e-05,
        1.6589e-04, 1.9553e-04, 1.3342e-04, 1.0748e-04, 1.6584e-04, 2.8575e-05,
        1.3504e-05, 8.0042e-05, 5.8131e-05, 3.3083e-05, 2.2520e-04, 5.3406e-05,
        6.5029e-05, 7.7645e-05, 4.7885e-05, 1.1134e-04, 1.6515e-05, 1.2572e-05,
        2.2357e-04, 6.5896e-05, 4.8486e-05, 1.4386e-04, 9.3868e-05, 6.8577e-05,
        3.6061e-05, 8.2833e-05, 1.5404e-05, 1.9349e-04, 7.2940e-05, 5.9890e-05,
        9.8311e-05, 3.5440e-05, 3.1951e-05, 5.1251e-05, 3.7226e-05, 2.7208e-05,
        6.8347e-05, 3.9708e-05, 1.3381e-04, 1.2073e-04, 1.0575e-04, 3.7765e-05,
        8.3328e-05, 5.6828e-05, 1.9929e-05, 7.0506e-05, 1.1596e-04, 6.6023e-05,
        4.5454e-05, 2.3992e-05, 3.8928e-05, 6.4560e-06, 1.6852e-04, 9.8809e-05,
        3.6520e-05, 6.5108e-05, 9.7143e-05, 1.8856e-05, 5.2179e-05, 1.6212e-04,
        6.6246e-05, 3.8943e-05, 4.7454e-05, 3.6893e-05, 1.4024e-05, 1.2854e-04,
        2.9351e-05, 7.0181e-05, 2.5625e-05, 2.3347e-05, 4.9991e-05, 7.7668e-05,
        7.3486e-05, 2.0108e-05, 1.3420e-04, 1.8344e-05, 1.0808e-05, 4.4707e-05,
        2.7806e-05, 3.9082e-05, 2.6266e-06, 1.0722e-05, 5.6491e-05],
       grad_fn=<CatBackward>)

mean_overall=tensor(8.6880e-05, grad_fn=<MeanBackward0>)

-----------------------------------------------ITERATION80-----------------------------------------------

final_causality=[[1, 1, 1, 1, 1, 1, 1, 1, 1, 1, 1, 1, 1], [1, 1, 1, 1, 1, 1, 1, 1, 1, 1, 1, 1, 1, 1, 1, 1, 1, 1, 1, 1, 1, 1, 1, 1, 1, 1, 1, 1, 1, 1, 1, 1, 1, 1, 1, 1, 1, 1, 1, 1, 1, 1, 1, 1, 1, 1, 1, 1, 1, 1], [1, 1, 1, 1, 1, 1, 1, 1, 1, 1, 1, 1, 1, 1, 1, 1, 1, 1, 1, 1, 1, 1, 1, 1, 1, 1, 1, 1, 1, 1, 1, 1, 1, 1, 1, 1, 1, 1, 1, 1, 1, 1, 1, 1, 1, 1, 1, 1, 1, 1]]

means=tensor([1.1229e-05, 1.5304e-04, 3.0510e-04, 3.7078e-04, 6.9284e-05, 1.2502e-04,
        1.4941e-04, 2.5650e-04, 8.1124e-05, 3.8828e-04, 2.2429e-04, 1.7392e-04,
        7.3065e-05, 1.3671e-04, 3.4295e-05, 1.4515e-04, 2.9794e-05, 9.8719e-05,
        1.3035e-04, 6.8908e-05, 8.2077e-05, 7.6257e-05, 2.1785e-05, 1.1221e-04,
        2.0779e-04, 1.1778e-04, 1.6342e-04, 8.0616e-05, 4.4223e-05, 9.3825e-05,
        1.6523e-04, 1.9530e-04, 1.3311e-04, 1.0698e-04, 1.6551e-04, 2.8012e-05,
        1.3093e-05, 7.9769e-05, 5.7712e-05, 3.2590e-05, 2.2448e-04, 5.2881e-05,
        6.4997e-05, 7.7478e-05, 4.7309e-05, 1.1114e-04, 1.6069e-05, 1.1593e-05,
        2.2308e-04, 6.5502e-05, 4.7903e-05, 1.4343e-04, 9.3663e-05, 6.8166e-05,
        3.5652e-05, 8.2418e-05, 1.4676e-05, 1.9265e-04, 7.2592e-05, 5.9437e-05,
        9.7715e-05, 3.5139e-05, 3.1497e-05, 5.0791e-05, 3.6968e-05, 2.7119e-05,
        6.8432e-05, 3.9725e-05, 1.3341e-04, 1.2034e-04, 1.0587e-04, 3.7886e-05,
        8.3409e-05, 5.6467e-05, 1.9662e-05, 6.9998e-05, 1.1586e-04, 6.5767e-05,
        4.5660e-05, 2.4097e-05, 3.9224e-05, 6.5022e-06, 1.6867e-04, 9.9046e-05,
        3.6539e-05, 6.4381e-05, 9.6904e-05, 1.8685e-05, 5.1817e-05, 1.6188e-04,
        6.6124e-05, 3.9161e-05, 4.8304e-05, 3.6545e-05, 1.4062e-05, 1.2788e-04,
        2.9253e-05, 7.0392e-05, 2.5759e-05, 2.3113e-05, 5.0135e-05, 7.7073e-05,
        7.4233e-05, 2.0031e-05, 1.3402e-04, 1.8204e-05, 1.0810e-05, 4.4828e-05,
        2.7869e-05, 3.9242e-05, 2.6746e-06, 1.0568e-05, 5.6416e-05],
       grad_fn=<CatBackward>)

mean_overall=tensor(8.6403e-05, grad_fn=<MeanBackward0>)

-----------------------------------------------ITERATION90-----------------------------------------------

final_causality=[[1, 1, 1, 1, 1, 1, 1, 1, 1, 1, 1, 1, 1], [1, 1, 1, 1, 1, 1, 1, 1, 1, 1, 1, 1, 1, 1, 1, 1, 1, 1, 1, 1, 1, 1, 1, 1, 1, 1, 1, 1, 1, 1, 1, 1, 1, 1, 1, 1, 1, 1, 1, 1, 1, 1, 1, 1, 1, 1, 1, 1, 1, 1], [1, 1, 1, 1, 1, 1, 1, 1, 1, 1, 1, 1, 1, 1, 1, 1, 1, 1, 1, 1, 1, 1, 1, 1, 1, 1, 1, 1, 1, 1, 1, 1, 1, 1, 1, 1, 1, 1, 1, 1, 1, 1, 1, 1, 1, 1, 1, 1, 1, 1]]

means=tensor([1.2377e-05, 1.5131e-04, 2.9795e-04, 3.6269e-04, 7.3338e-05, 1.2216e-04,
        1.4462e-04, 2.5266e-04, 7.5050e-05, 3.8173e-04, 2.2187e-04, 1.6999e-04,
        6.9022e-05, 1.3624e-04, 3.3669e-05, 1.4415e-04, 2.9104e-05, 9.7706e-05,
        1.2957e-04, 6.7656e-05, 8.3269e-05, 7.5868e-05, 2.1149e-05, 1.1142e-04,
        2.0675e-04, 1.1676e-04, 1.6207e-04, 7.9286e-05, 4.2932e-05, 9.2645e-05,
        1.6405e-04, 1.9467e-04, 1.3251e-04, 1.0604e-04, 1.6490e-04, 2.6889e-05,
        1.2310e-05, 7.9284e-05, 5.7008e-05, 3.1646e-05, 2.2314e-04, 5.1837e-05,
        6.4752e-05, 7.7119e-05, 4.6251e-05, 1.1072e-04, 1.5204e-05, 9.6853e-06,
        2.2219e-04, 6.4779e-05, 4.6869e-05, 1.4258e-04, 9.3089e-05, 6.7320e-05,
        3.4875e-05, 8.1519e-05, 1.3234e-05, 1.9115e-04, 7.1871e-05, 5.8680e-05,
        9.6639e-05, 3.4546e-05, 3.0696e-05, 5.0129e-05, 3.6621e-05, 2.6976e-05,
        6.8578e-05, 3.9947e-05, 1.3295e-04, 1.1988e-04, 1.0606e-04, 3.8116e-05,
        8.3608e-05, 5.5957e-05, 1.9251e-05, 6.9269e-05, 1.1561e-04, 6.5335e-05,
        4.6102e-05, 2.4294e-05, 3.9710e-05, 6.6199e-06, 1.6896e-04, 9.9439e-05,
        3.6650e-05, 6.3345e-05, 9.6582e-05, 1.8399e-05, 5.1262e-05, 1.6138e-04,
        6.5868e-05, 3.9523e-05, 4.9591e-05, 3.6141e-05, 1.4094e-05, 1.2689e-04,
        2.9374e-05, 7.0657e-05, 2.5970e-05, 2.2741e-05, 5.0444e-05, 7.6167e-05,
        7.5383e-05, 1.9882e-05, 1.3376e-04, 1.7984e-05, 1.0790e-05, 4.5083e-05,
        2.8000e-05, 3.9681e-05, 2.7737e-06, 1.0318e-05, 5.6272e-05],
       grad_fn=<CatBackward>)

mean_overall=tensor(8.5588e-05, grad_fn=<MeanBackward0>)

-----------------------------------------------ITERATION100-----------------------------------------------

final_causality=[[1, 1, 1, 1, 1, 1, 1, 1, 1, 1, 1, 1, 1], [1, 1, 1, 1, 1, 1, 1, 1, 1, 1, 1, 1, 1, 1, 1, 1, 1, 1, 1, 1, 1, 1, 1, 1, 1, 1, 1, 1, 1, 1, 1, 1, 1, 1, 1, 1, 1, 1, 1, 1, 1, 1, 1, 1, 1, 1, 1, 1, 1, 1], [1, 1, 1, 1, 1, 1, 1, 1, 1, 1, 1, 1, 1, 1, 1, 1, 1, 1, 1, 1, 1, 1, 1, 1, 1, 1, 1, 1, 1, 1, 1, 1, 1, 1, 1, 1, 1, 1, 1, 1, 1, 1, 1, 1, 1, 1, 1, 1, 1, 1]]

means=tensor([1.3258e-05, 1.5013e-04, 2.9246e-04, 3.5590e-04, 7.6551e-05, 1.2004e-04,
        1.4096e-04, 2.4991e-04, 7.0372e-05, 3.7677e-04, 2.2015e-04, 1.6713e-04,
        6.6005e-05, 1.3590e-04, 3.3209e-05, 1.4340e-04, 2.8566e-05, 9.6906e-05,
        1.2895e-04, 6.6691e-05, 8.4201e-05, 7.5595e-05, 2.0654e-05, 1.1078e-04,
        2.0593e-04, 1.1595e-04, 1.6100e-04, 7.8240e-05, 4.1921e-05, 9.1706e-05,
        1.6312e-04, 1.9423e-04, 1.3204e-04, 1.0532e-04, 1.6442e-04, 2.6017e-05,
        1.1703e-05, 7.8905e-05, 5.6440e-05, 3.0906e-05, 2.2212e-04, 5.1024e-05,
        6.4563e-05, 7.6838e-05, 4.5424e-05, 1.1040e-04, 1.4531e-05, 8.1852e-06,
        2.2148e-04, 6.4200e-05, 4.6063e-05, 1.4195e-04, 9.2672e-05, 6.6681e-05,
        3.4275e-05, 8.1061e-05, 1.2117e-05, 1.8996e-04, 7.1334e-05, 5.8074e-05,
        9.5779e-05, 3.4075e-05, 3.0078e-05, 4.9601e-05, 3.6324e-05, 2.6862e-05,
        6.8700e-05, 4.0129e-05, 1.3258e-04, 1.1951e-04, 1.0625e-04, 3.8296e-05,
        8.3753e-05, 5.5551e-05, 1.8930e-05, 6.8687e-05, 1.1547e-04, 6.4997e-05,
        4.6511e-05, 2.4454e-05, 4.0091e-05, 6.7108e-06, 1.6918e-04, 9.9748e-05,
        3.6728e-05, 6.2515e-05, 9.6318e-05, 1.8179e-05, 5.0827e-05, 1.6099e-04,
        6.5661e-05, 3.9810e-05, 5.0626e-05, 3.5830e-05, 1.4119e-05, 1.2612e-04,
        2.9460e-05, 7.0862e-05, 2.6140e-05, 2.2450e-05, 5.0684e-05, 7.5451e-05,
        7.6279e-05, 1.9767e-05, 1.3354e-04, 1.7813e-05, 1.0772e-05, 4.5274e-05,
        2.8111e-05, 4.0098e-05, 2.8515e-06, 1.0122e-05, 5.6169e-05],
       grad_fn=<CatBackward>)

mean_overall=tensor(8.4966e-05, grad_fn=<MeanBackward0>)

-----------------------------------------------ITERATION110-----------------------------------------------

final_causality=[[1, 1, 1, 1, 1, 1, 1, 1, 1, 1, 1, 1, 1], [1, 1, 1, 1, 1, 1, 1, 1, 1, 1, 1, 1, 1, 1, 1, 1, 1, 1, 1, 1, 1, 1, 1, 1, 1, 1, 1, 1, 1, 1, 1, 1, 1, 1, 1, 1, 1, 1, 1, 1, 1, 1, 1, 1, 1, 1, 1, 1, 1, 1], [1, 1, 1, 1, 1, 1, 1, 1, 1, 1, 1, 1, 1, 1, 1, 1, 1, 1, 1, 1, 1, 1, 1, 1, 1, 1, 1, 1, 1, 1, 1, 1, 1, 1, 1, 1, 1, 1, 1, 1, 1, 1, 1, 1, 1, 1, 1, 1, 1, 1]]

means=tensor([1.3766e-05, 1.4986e-04, 2.8986e-04, 3.5126e-04, 7.8524e-05, 1.1912e-04,
        1.3919e-04, 2.4897e-04, 6.7996e-05, 3.7448e-04, 2.1949e-04, 1.6598e-04,
        6.4681e-05, 1.3584e-04, 3.3011e-05, 1.4312e-04, 2.8314e-05, 9.6493e-05,
        1.2863e-04, 6.6290e-05, 8.4631e-05, 7.5561e-05, 2.0430e-05, 1.1044e-04,
        2.0553e-04, 1.1553e-04, 1.6044e-04, 7.7694e-05, 4.1434e-05, 9.1222e-05,
        1.6266e-04, 1.9415e-04, 1.3182e-04, 1.0497e-04, 1.6422e-04, 2.5630e-05,
        1.1425e-05, 7.8722e-05, 5.6128e-05, 3.0556e-05, 2.2166e-04, 5.0659e-05,
        6.4522e-05, 7.6719e-05, 4.5030e-05, 1.1027e-04, 1.4225e-05, 7.4792e-06,
        2.2113e-04, 6.3905e-05, 4.5675e-05, 1.4171e-04, 9.2574e-05, 6.6435e-05,
        3.4006e-05, 8.0910e-05, 1.1624e-05, 1.8935e-04, 7.1144e-05, 5.7746e-05,
        9.5337e-05, 3.3843e-05, 2.9786e-05, 4.9297e-05, 3.6115e-05, 2.6806e-05,
        6.8775e-05, 4.0212e-05, 1.3231e-04, 1.1927e-04, 1.0644e-04, 3.8382e-05,
        8.3797e-05, 5.5315e-05, 1.8760e-05, 6.8348e-05, 1.1549e-04, 6.4826e-05,
        4.6724e-05, 2.4538e-05, 4.0292e-05, 6.7477e-06, 1.6928e-04, 9.9914e-05,
        3.6739e-05, 6.2032e-05, 9.6147e-05, 1.8072e-05, 5.0591e-05, 1.6082e-04,
        6.5555e-05, 3.9962e-05, 5.1220e-05, 3.5671e-05, 1.4143e-05, 1.2569e-04,
        2.9511e-05, 7.0989e-05, 2.6240e-05, 2.2296e-05, 5.0787e-05, 7.5053e-05,
        7.6749e-05, 1.9721e-05, 1.3342e-04, 1.7727e-05, 1.0766e-05, 4.5357e-05,
        2.8176e-05, 4.0322e-05, 2.8873e-06, 1.0019e-05, 5.6140e-05],
       grad_fn=<CatBackward>)

mean_overall=tensor(8.4675e-05, grad_fn=<MeanBackward0>)

-----------------------------------------------ITERATION120-----------------------------------------------

final_causality=[[1, 1, 1, 1, 1, 1, 1, 1, 1, 1, 1, 1, 1], [1, 1, 1, 1, 1, 1, 1, 1, 1, 1, 1, 1, 1, 1, 1, 1, 1, 1, 1, 1, 1, 1, 1, 1, 1, 1, 1, 1, 1, 1, 1, 1, 1, 1, 1, 1, 1, 1, 1, 1, 1, 1, 1, 1, 1, 1, 1, 1, 1, 1], [1, 1, 1, 1, 1, 1, 1, 1, 1, 1, 1, 1, 1, 1, 1, 1, 1, 1, 1, 1, 1, 1, 1, 1, 1, 1, 1, 1, 1, 1, 1, 1, 1, 1, 1, 1, 1, 1, 1, 1, 1, 1, 1, 1, 1, 1, 1, 1, 1, 1]]

means=tensor([1.4012e-05, 1.5026e-04, 2.8943e-04, 3.4819e-04, 7.9618e-05, 1.1910e-04,
        1.3883e-04, 2.4940e-04, 6.7322e-05, 3.7420e-04, 2.1960e-04, 1.6610e-04,
        6.4615e-05, 1.3600e-04, 3.3008e-05, 1.4321e-04, 2.8282e-05, 9.6372e-05,
        1.2853e-04, 6.6327e-05, 8.4677e-05, 7.5714e-05, 2.0414e-05, 1.1035e-04,
        2.0546e-04, 1.1542e-04, 1.6028e-04, 7.7523e-05, 4.1349e-05, 9.1086e-05,
        1.6257e-04, 1.9435e-04, 1.3181e-04, 1.0492e-04, 1.6421e-04, 2.5614e-05,
        1.1399e-05, 7.8688e-05, 5.6008e-05, 3.0505e-05, 2.2165e-04, 5.0640e-05,
        6.4603e-05, 7.6726e-05, 4.4965e-05, 1.1028e-04, 1.4200e-05, 7.3843e-06,
        2.2106e-04, 6.3829e-05, 4.5603e-05, 1.4179e-04, 9.2726e-05, 6.6492e-05,
        3.3989e-05, 8.0995e-05, 1.1611e-05, 1.8919e-04, 7.1222e-05, 5.7679e-05,
        9.5216e-05, 3.3798e-05, 2.9741e-05, 4.9157e-05, 3.5970e-05, 2.6794e-05,
        6.8816e-05, 4.0220e-05, 1.3211e-04, 1.1911e-04, 1.0661e-04, 3.8396e-05,
        8.3763e-05, 5.5205e-05, 1.8700e-05, 6.8188e-05, 1.1562e-04, 6.4780e-05,
        4.6790e-05, 2.4566e-05, 4.0358e-05, 6.7432e-06, 1.6928e-04, 9.9973e-05,
        3.6695e-05, 6.1807e-05, 9.6044e-05, 1.8049e-05, 5.0504e-05, 1.6082e-04,
        6.5525e-05, 4.0014e-05, 5.1484e-05, 3.5623e-05, 1.4168e-05, 1.2553e-04,
        2.9542e-05, 7.1052e-05, 2.6286e-05, 2.2245e-05, 5.0784e-05, 7.4890e-05,
        7.6903e-05, 1.9726e-05, 1.3335e-04, 1.7704e-05, 1.0771e-05, 4.5359e-05,
        2.8204e-05, 4.0400e-05, 2.8907e-06, 9.9856e-06, 5.6168e-05],
       grad_fn=<CatBackward>)

mean_overall=tensor(8.4635e-05, grad_fn=<MeanBackward0>)

-----------------------------------------------ITERATION130-----------------------------------------------

final_causality=[[1, 1, 1, 1, 1, 1, 1, 1, 1, 1, 1, 1, 1], [1, 1, 1, 1, 1, 1, 1, 1, 1, 1, 1, 1, 1, 1, 1, 1, 1, 1, 1, 1, 1, 1, 1, 1, 1, 1, 1, 1, 1, 1, 1, 1, 1, 1, 1, 1, 1, 1, 1, 1, 1, 1, 1, 1, 1, 1, 1, 1, 1, 1], [1, 1, 1, 1, 1, 1, 1, 1, 1, 1, 1, 1, 1, 1, 1, 1, 1, 1, 1, 1, 1, 1, 1, 1, 1, 1, 1, 1, 1, 1, 1, 1, 1, 1, 1, 1, 1, 1, 1, 1, 1, 1, 1, 1, 1, 1, 1, 1, 1, 1]]

means=tensor([1.4151e-05, 1.5096e-04, 2.8991e-04, 3.4570e-04, 8.0365e-05, 1.1945e-04,
        1.3907e-04, 2.5043e-04, 6.7362e-05, 3.7478e-04, 2.2006e-04, 1.6677e-04,
        6.5088e-05, 1.3626e-04, 3.3087e-05, 1.4346e-04, 2.8344e-05, 9.6375e-05,
        1.2853e-04, 6.6554e-05, 8.4558e-05, 7.5953e-05, 2.0488e-05, 1.1035e-04,
        2.0554e-04, 1.1543e-04, 1.6028e-04, 7.7511e-05, 4.1433e-05, 9.1096e-05,
        1.6263e-04, 1.9468e-04, 1.3188e-04, 1.0500e-04, 1.6430e-04, 2.5759e-05,
        1.1482e-05, 7.8718e-05, 5.5969e-05, 3.0582e-05, 2.2182e-04, 5.0769e-05,
        6.4739e-05, 7.6788e-05, 4.5041e-05, 1.1036e-04, 1.4295e-05, 7.5507e-06,
        2.2110e-04, 6.3844e-05, 4.5666e-05, 1.4199e-04, 9.2990e-05, 6.6681e-05,
        3.4081e-05, 8.1186e-05, 1.1803e-05, 1.8922e-04, 7.1418e-05, 5.7734e-05,
        9.5230e-05, 3.3831e-05, 2.9801e-05, 4.9084e-05, 3.5849e-05, 2.6801e-05,
        6.8844e-05, 4.0194e-05, 1.3195e-04, 1.1900e-04, 1.0678e-04, 3.8381e-05,
        8.3695e-05, 5.5145e-05, 1.8688e-05, 6.8101e-05, 1.1580e-04, 6.4787e-05,
        4.6794e-05, 2.4569e-05, 4.0367e-05, 6.7209e-06, 1.6923e-04, 9.9989e-05,
        3.6628e-05, 6.1688e-05, 9.5967e-05, 1.8063e-05, 5.0477e-05, 1.6088e-04,
        6.5527e-05, 4.0023e-05, 5.1608e-05, 3.5622e-05, 1.4193e-05, 1.2548e-04,
        2.9566e-05, 7.1088e-05, 2.6311e-05, 2.2235e-05, 5.0736e-05, 7.4823e-05,
        7.6924e-05, 1.9753e-05, 1.3331e-04, 1.7707e-05, 1.0780e-05, 4.5326e-05,
        2.8218e-05, 4.0417e-05, 2.8802e-06, 9.9813e-06, 5.6221e-05],
       grad_fn=<CatBackward>)

mean_overall=tensor(8.4703e-05, grad_fn=<MeanBackward0>)

-----------------------------------------------ITERATION140-----------------------------------------------

final_causality=[[1, 1, 1, 1, 1, 1, 1, 1, 1, 1, 1, 1, 1], [1, 1, 1, 1, 1, 1, 1, 1, 1, 1, 1, 1, 1, 1, 1, 1, 1, 1, 1, 1, 1, 1, 1, 1, 1, 1, 1, 1, 1, 1, 1, 1, 1, 1, 1, 1, 1, 1, 1, 1, 1, 1, 1, 1, 1, 1, 1, 1, 1, 1], [1, 1, 1, 1, 1, 1, 1, 1, 1, 1, 1, 1, 1, 1, 1, 1, 1, 1, 1, 1, 1, 1, 1, 1, 1, 1, 1, 1, 1, 1, 1, 1, 1, 1, 1, 1, 1, 1, 1, 1, 1, 1, 1, 1, 1, 1, 1, 1, 1, 1]]

means=tensor([1.4298e-05, 1.5168e-04, 2.9038e-04, 3.4312e-04, 8.1146e-05, 1.1981e-04,
        1.3930e-04, 2.5149e-04, 6.7389e-05, 3.7536e-04, 2.2052e-04, 1.6746e-04,
        6.5568e-05, 1.3653e-04, 3.3168e-05, 1.4372e-04, 2.8406e-05, 9.6374e-05,
        1.2853e-04, 6.6784e-05, 8.4440e-05, 7.6198e-05, 2.0562e-05, 1.1036e-04,
        2.0561e-04, 1.1544e-04, 1.6027e-04, 7.7494e-05, 4.1517e-05, 9.1103e-05,
        1.6269e-04, 1.9501e-04, 1.3195e-04, 1.0508e-04, 1.6439e-04, 2.5905e-05,
        1.1564e-05, 7.8748e-05, 5.5927e-05, 3.0658e-05, 2.2199e-04, 5.0898e-05,
        6.4878e-05, 7.6851e-05, 4.5116e-05, 1.1044e-04, 1.4391e-05, 7.7159e-06,
        2.2114e-04, 6.3857e-05, 4.5728e-05, 1.4220e-04, 9.3262e-05, 6.6874e-05,
        3.4174e-05, 8.1381e-05, 1.1997e-05, 1.8925e-04, 7.1618e-05, 5.7788e-05,
        9.5241e-05, 3.3863e-05, 2.9860e-05, 4.9008e-05, 3.5724e-05, 2.6808e-05,
        6.8873e-05, 4.0169e-05, 1.3177e-04, 1.1888e-04, 1.0695e-04, 3.8365e-05,
        8.3626e-05, 5.5082e-05, 1.8674e-05, 6.8009e-05, 1.1598e-04, 6.4793e-05,
        4.6800e-05, 2.4572e-05, 4.0378e-05, 6.6984e-06, 1.6919e-04, 1.0001e-04,
        3.6559e-05, 6.1564e-05, 9.5886e-05, 1.8076e-05, 5.0448e-05, 1.6094e-04,
        6.5528e-05, 4.0034e-05, 5.1741e-05, 3.5619e-05, 1.4220e-05, 1.2542e-04,
        2.9591e-05, 7.1127e-05, 2.6336e-05, 2.2225e-05, 5.0688e-05, 7.4752e-05,
        7.6949e-05, 1.9781e-05, 1.3326e-04, 1.7710e-05, 1.0790e-05, 4.5293e-05,
        2.8232e-05, 4.0437e-05, 2.8698e-06, 9.9762e-06, 5.6275e-05],
       grad_fn=<CatBackward>)

mean_overall=tensor(8.4771e-05, grad_fn=<MeanBackward0>)

-----------------------------------------------ITERATION150-----------------------------------------------

final_causality=[[1, 1, 1, 1, 1, 1, 1, 1, 1, 1, 1, 1, 1], [1, 1, 1, 1, 1, 1, 1, 1, 1, 1, 1, 1, 1, 1, 1, 1, 1, 1, 1, 1, 1, 1, 1, 1, 1, 1, 1, 1, 1, 1, 1, 1, 1, 1, 1, 1, 1, 1, 1, 1, 1, 1, 1, 1, 1, 1, 1, 1, 1, 1], [1, 1, 1, 1, 1, 1, 1, 1, 1, 1, 1, 1, 1, 1, 1, 1, 1, 1, 1, 1, 1, 1, 1, 1, 1, 1, 1, 1, 1, 1, 1, 1, 1, 1, 1, 1, 1, 1, 1, 1, 1, 1, 1, 1, 1, 1, 1, 1, 1, 1]]

means=tensor([1.4494e-05, 1.5231e-04, 2.9050e-04, 3.4016e-04, 8.2111e-05, 1.2003e-04,
        1.3929e-04, 2.5234e-04, 6.7119e-05, 3.7562e-04, 2.2087e-04, 1.6795e-04,
        6.5846e-05, 1.3677e-04, 3.3216e-05, 1.4392e-04, 2.8430e-05, 9.6322e-05,
        1.2848e-04, 6.6944e-05, 8.4387e-05, 7.6419e-05, 2.0601e-05, 1.1032e-04,
        2.0563e-04, 1.1540e-04, 1.6020e-04, 7.7410e-05, 4.1531e-05, 9.1048e-05,
        1.6268e-04, 1.9531e-04, 1.3199e-04, 1.0510e-04, 1.6445e-04, 2.5989e-05,
        1.1605e-05, 7.8752e-05, 5.5848e-05, 3.0684e-05, 2.2210e-04, 5.0970e-05,
        6.4999e-05, 7.6894e-05, 4.5134e-05, 1.1049e-04, 1.4440e-05, 7.7771e-06,
        2.2113e-04, 6.3832e-05, 4.5736e-05, 1.4237e-04, 9.3498e-05, 6.7021e-05,
        3.4225e-05, 8.1539e-05, 1.2113e-05, 1.8920e-04, 7.1778e-05, 5.7805e-05,
        9.5194e-05, 3.3863e-05, 2.9878e-05, 4.8901e-05, 3.5582e-05, 2.6808e-05,
        6.8909e-05, 4.0156e-05, 1.3158e-04, 1.1874e-04, 1.0714e-04, 3.8362e-05,
        8.3567e-05, 5.4996e-05, 1.8640e-05, 6.7882e-05, 1.1616e-04, 6.4777e-05,
        4.6833e-05, 2.4586e-05, 4.0413e-05, 6.6826e-06, 1.6917e-04, 1.0004e-04,
        3.6497e-05, 6.1389e-05, 9.5791e-05, 1.8075e-05, 5.0393e-05, 1.6098e-04,
        6.5515e-05, 4.0063e-05, 5.1938e-05, 3.5597e-05, 1.4247e-05, 1.2532e-04,
        2.9619e-05, 7.1177e-05, 2.6373e-05, 2.2196e-05, 5.0657e-05, 7.4637e-05,
        7.7030e-05, 1.9802e-05, 1.3320e-04, 1.7702e-05, 1.0798e-05, 4.5273e-05,
        2.8254e-05, 4.0483e-05, 2.8648e-06, 9.9585e-06, 5.6321e-05],
       grad_fn=<CatBackward>)

mean_overall=tensor(8.4797e-05, grad_fn=<MeanBackward0>)

-----------------------------------------------ITERATION160-----------------------------------------------

final_causality=[[1, 1, 1, 1, 1, 1, 1, 1, 1, 1, 1, 1, 1], [1, 1, 1, 1, 1, 1, 1, 1, 1, 1, 1, 1, 1, 1, 1, 1, 1, 1, 1, 1, 1, 1, 1, 1, 1, 1, 1, 1, 1, 1, 1, 1, 1, 1, 1, 1, 1, 1, 1, 1, 1, 1, 1, 1, 1, 1, 1, 1, 1, 1], [1, 1, 1, 1, 1, 1, 1, 1, 1, 1, 1, 1, 1, 1, 1, 1, 1, 1, 1, 1, 1, 1, 1, 1, 1, 1, 1, 1, 1, 1, 1, 1, 1, 1, 1, 1, 1, 1, 1, 1, 1, 1, 1, 1, 1, 1, 1, 1, 1, 1]]

means=tensor([1.4735e-05, 1.5286e-04, 2.9029e-04, 3.3687e-04, 8.3241e-05, 1.2013e-04,
        1.3907e-04, 2.5303e-04, 6.6585e-05, 3.7558e-04, 2.2112e-04, 1.6826e-04,
        6.5946e-05, 1.3698e-04, 3.3237e-05, 1.4408e-04, 2.8422e-05, 9.6223e-05,
        1.2841e-04, 6.7042e-05, 8.4390e-05, 7.6619e-05, 2.0610e-05, 1.1024e-04,
        2.0559e-04, 1.1531e-04, 1.6009e-04, 7.7267e-05, 4.1486e-05, 9.0939e-05,
        1.6262e-04, 1.9557e-04, 1.3200e-04, 1.0508e-04, 1.6447e-04, 2.6020e-05,
        1.1609e-05, 7.8734e-05, 5.5737e-05, 3.0664e-05, 2.2214e-04, 5.0992e-05,
        6.5105e-05, 7.6918e-05, 4.5104e-05, 1.1053e-04, 1.4448e-05, 7.7471e-06,
        2.2108e-04, 6.3773e-05, 4.5697e-05, 1.4249e-04, 9.3705e-05, 6.7126e-05,
        3.4239e-05, 8.1666e-05, 1.2159e-05, 1.8907e-04, 7.1903e-05, 5.7790e-05,
        9.5098e-05, 3.3834e-05, 2.9860e-05, 4.8765e-05, 3.5425e-05, 2.6801e-05,
        6.8952e-05, 4.0155e-05, 1.3137e-04, 1.1859e-04, 1.0733e-04, 3.8369e-05,
        8.3519e-05, 5.4888e-05, 1.8588e-05, 6.7725e-05, 1.1633e-04, 6.4742e-05,
        4.6889e-05, 2.4610e-05, 4.0470e-05, 6.6727e-06, 1.6915e-04, 1.0010e-04,
        3.6449e-05, 6.1171e-05, 9.5683e-05, 1.8061e-05, 5.0313e-05, 1.6099e-04,
        6.5490e-05, 4.0108e-05, 5.2190e-05, 3.5558e-05, 1.4275e-05, 1.2517e-04,
        2.9651e-05, 7.1239e-05, 2.6418e-05, 2.2151e-05, 5.0640e-05, 7.4483e-05,
        7.7161e-05, 1.9814e-05, 1.3314e-04, 1.7684e-05, 1.0805e-05, 4.5265e-05,
        2.8282e-05, 4.0552e-05, 2.8646e-06, 9.9300e-06, 5.6361e-05],
       grad_fn=<CatBackward>)

mean_overall=tensor(8.4787e-05, grad_fn=<MeanBackward0>)

-----------------------------------------------ITERATION170-----------------------------------------------

final_causality=[[1, 1, 1, 1, 1, 1, 1, 1, 1, 1, 1, 1, 1], [1, 1, 1, 1, 1, 1, 1, 1, 1, 1, 1, 1, 1, 1, 1, 1, 1, 1, 1, 1, 1, 1, 1, 1, 1, 1, 1, 1, 1, 1, 1, 1, 1, 1, 1, 1, 1, 1, 1, 1, 1, 1, 1, 1, 1, 1, 1, 1, 1, 1], [1, 1, 1, 1, 1, 1, 1, 1, 1, 1, 1, 1, 1, 1, 1, 1, 1, 1, 1, 1, 1, 1, 1, 1, 1, 1, 1, 1, 1, 1, 1, 1, 1, 1, 1, 1, 1, 1, 1, 1, 1, 1, 1, 1, 1, 1, 1, 1, 1, 1]]

means=tensor([1.4999e-05, 1.5339e-04, 2.8995e-04, 3.3340e-04, 8.4458e-05, 1.2018e-04,
        1.3875e-04, 2.5365e-04, 6.5934e-05, 3.7542e-04, 2.2133e-04, 1.6852e-04,
        6.5974e-05, 1.3718e-04, 3.3246e-05, 1.4421e-04, 2.8401e-05, 9.6105e-05,
        1.2831e-04, 6.7117e-05, 8.4418e-05, 7.6813e-05, 2.0606e-05, 1.1015e-04,
        2.0554e-04, 1.1520e-04, 1.6001e-04, 7.7097e-05, 4.1414e-05, 9.0805e-05,
        1.6254e-04, 1.9582e-04, 1.3200e-04, 1.0505e-04, 1.6449e-04, 2.6029e-05,
        1.1597e-05, 7.8706e-05, 5.5612e-05, 3.0626e-05, 2.2215e-04, 5.0994e-05,
        6.5206e-05, 7.6936e-05, 4.5052e-05, 1.1055e-04, 1.4439e-05, 7.6789e-06,
        2.2101e-04, 6.3698e-05, 4.5637e-05, 1.4260e-04, 9.3903e-05, 6.7216e-05,
        3.4239e-05, 8.1782e-05, 1.2178e-05, 1.8892e-04, 7.2016e-05, 5.7761e-05,
        9.4979e-05, 3.3793e-05, 2.9826e-05, 4.8616e-05, 3.5260e-05, 2.6791e-05,
        6.8999e-05, 4.0159e-05, 1.3115e-04, 1.1842e-04, 1.0753e-04, 3.8381e-05,
        8.3474e-05, 5.4769e-05, 1.8528e-05, 6.7553e-05, 1.1649e-04, 6.4698e-05,
        4.6955e-05, 2.4638e-05, 4.0537e-05, 6.6651e-06, 1.6915e-04, 1.0016e-04,
        3.6416e-05, 6.0931e-05, 9.5567e-05, 1.8041e-05, 5.0223e-05, 1.6099e-04,
        6.5459e-05, 4.0161e-05, 5.2470e-05, 3.5511e-05, 1.4304e-05, 1.2500e-04,
        2.9685e-05, 7.1305e-05, 2.6469e-05, 2.2098e-05, 5.0630e-05, 7.4310e-05,
        7.7315e-05, 1.9824e-05, 1.3306e-04, 1.7662e-05, 1.0811e-05, 4.5261e-05,
        2.8314e-05, 4.0632e-05, 2.8664e-06, 9.8979e-06, 5.6398e-05],
       grad_fn=<CatBackward>)

mean_overall=tensor(8.4762e-05, grad_fn=<MeanBackward0>)

-----------------------------------------------ITERATION180-----------------------------------------------

final_causality=[[1, 1, 1, 1, 1, 1, 1, 1, 1, 1, 1, 1, 1], [1, 1, 1, 1, 1, 1, 1, 1, 1, 1, 1, 1, 1, 1, 1, 1, 1, 1, 1, 1, 1, 1, 1, 1, 1, 1, 1, 1, 1, 1, 1, 1, 1, 1, 1, 1, 1, 1, 1, 1, 1, 1, 1, 1, 1, 1, 1, 1, 1, 1], [1, 1, 1, 1, 1, 1, 1, 1, 1, 1, 1, 1, 1, 1, 1, 1, 1, 1, 1, 1, 1, 1, 1, 1, 1, 1, 1, 1, 1, 1, 1, 1, 1, 1, 1, 1, 1, 1, 1, 1, 1, 1, 1, 1, 1, 1, 1, 1, 1, 1]]

means=tensor([1.5268e-05, 1.5393e-04, 2.8962e-04, 3.2985e-04, 8.5703e-05, 1.2023e-04,
        1.3844e-04, 2.5429e-04, 6.5279e-05, 3.7528e-04, 2.2155e-04, 1.6879e-04,
        6.6012e-05, 1.3739e-04, 3.3257e-05, 1.4436e-04, 2.8381e-05, 9.5985e-05,
        1.2822e-04, 6.7197e-05, 8.4443e-05, 7.7014e-05, 2.0604e-05, 1.1005e-04,
        2.0549e-04, 1.1509e-04, 1.5994e-04, 7.6925e-05, 4.1344e-05, 9.0670e-05,
        1.6246e-04, 1.9609e-04, 1.3200e-04, 1.0501e-04, 1.6451e-04, 2.6040e-05,
        1.1587e-05, 7.8678e-05, 5.5485e-05, 3.0589e-05, 2.2217e-04, 5.0998e-05,
        6.5311e-05, 7.6955e-05, 4.5002e-05, 1.1058e-04, 1.4432e-05, 7.6131e-06,
        2.2094e-04, 6.3623e-05, 4.5578e-05, 1.4271e-04, 9.4107e-05, 6.7311e-05,
        3.4241e-05, 8.1902e-05, 1.2200e-05, 1.8876e-04, 7.2133e-05, 5.7733e-05,
        9.4860e-05, 3.3752e-05, 2.9793e-05, 4.8464e-05, 3.5092e-05, 2.6781e-05,
        6.9046e-05, 4.0163e-05, 1.3092e-04, 1.1825e-04, 1.0774e-04, 3.8393e-05,
        8.3427e-05, 5.4648e-05, 1.8467e-05, 6.7377e-05, 1.1666e-04, 6.4653e-05,
        4.7022e-05, 2.4666e-05, 4.0604e-05, 6.6570e-06, 1.6914e-04, 1.0022e-04,
        3.6382e-05, 6.0686e-05, 9.5449e-05, 1.8022e-05, 5.0132e-05, 1.6099e-04,
        6.5429e-05, 4.0215e-05, 5.2754e-05, 3.5463e-05, 1.4333e-05, 1.2483e-04,
        2.9720e-05, 7.1373e-05, 2.6520e-05, 2.2045e-05, 5.0619e-05, 7.4135e-05,
        7.7471e-05, 1.9835e-05, 1.3299e-04, 1.7640e-05, 1.0817e-05, 4.5256e-05,
        2.8345e-05, 4.0713e-05, 2.8679e-06, 9.8750e-06, 5.6436e-05],
       grad_fn=<CatBackward>)

mean_overall=tensor(8.4739e-05, grad_fn=<MeanBackward0>)

-----------------------------------------------ITERATION190-----------------------------------------------

final_causality=[[1, 1, 1, 1, 1, 1, 1, 1, 1, 1, 1, 1, 1], [1, 1, 1, 1, 1, 1, 1, 1, 1, 1, 1, 1, 1, 1, 1, 1, 1, 1, 1, 1, 1, 1, 1, 1, 1, 1, 1, 1, 1, 1, 1, 1, 1, 1, 1, 1, 1, 1, 1, 1, 1, 1, 1, 1, 1, 1, 1, 1, 1, 1], [1, 1, 1, 1, 1, 1, 1, 1, 1, 1, 1, 1, 1, 1, 1, 1, 1, 1, 1, 1, 1, 1, 1, 1, 1, 1, 1, 1, 1, 1, 1, 1, 1, 1, 1, 1, 1, 1, 1, 1, 1, 1, 1, 1, 1, 1, 1, 1, 1, 1]]

means=tensor([1.5536e-05, 1.5450e-04, 2.8934e-04, 3.2627e-04, 8.6955e-05, 1.2031e-04,
        1.3816e-04, 2.5499e-04, 6.4658e-05, 3.7519e-04, 2.2180e-04, 1.6910e-04,
        6.6087e-05, 1.3761e-04, 3.3274e-05, 1.4451e-04, 2.8366e-05, 9.5871e-05,
        1.2812e-04, 6.7292e-05, 8.4458e-05, 7.7225e-05, 2.0608e-05, 1.0996e-04,
        2.0544e-04, 1.1498e-04, 1.5986e-04, 7.6760e-05, 4.1283e-05, 9.0542e-05,
        1.6239e-04, 1.9637e-04, 1.3200e-04, 1.0499e-04, 1.6453e-04, 2.6063e-05,
        1.1584e-05, 7.8654e-05, 5.5360e-05, 3.0560e-05, 2.2220e-04, 5.1011e-05,
        6.5420e-05, 7.6978e-05, 4.4960e-05, 1.1061e-04, 1.4432e-05, 7.5633e-06,
        2.2088e-04, 6.3553e-05, 4.5527e-05, 1.4283e-04, 9.4324e-05, 6.7417e-05,
        3.4250e-05, 8.2032e-05, 1.2237e-05, 1.8862e-04, 7.2261e-05, 5.7711e-05,
        9.4748e-05, 3.3716e-05, 2.9766e-05, 4.8313e-05, 3.4921e-05, 2.6772e-05,
        6.9093e-05, 4.0164e-05, 1.3070e-04, 1.1808e-04, 1.0795e-04, 3.8403e-05,
        8.3377e-05, 5.4528e-05, 1.8409e-05, 6.7203e-05, 1.1684e-04, 6.4612e-05,
        4.7087e-05, 2.4693e-05, 4.0669e-05, 6.6475e-06, 1.6913e-04, 1.0028e-04,
        3.6345e-05, 6.0444e-05, 9.5330e-05, 1.8005e-05, 5.0042e-05, 1.6100e-04,
        6.5399e-05, 4.0267e-05, 5.3035e-05, 3.5418e-05, 1.4364e-05, 1.2466e-04,
        2.9754e-05, 7.1441e-05, 2.6571e-05, 2.1994e-05, 5.0605e-05, 7.3963e-05,
        7.7621e-05, 1.9847e-05, 1.3291e-04, 1.7618e-05, 1.0824e-05, 4.5250e-05,
        2.8377e-05, 4.0792e-05, 2.8686e-06, 9.8537e-06, 5.6478e-05],
       grad_fn=<CatBackward>)

mean_overall=tensor(8.4722e-05, grad_fn=<MeanBackward0>)

-----------------------------------------------ITERATION200-----------------------------------------------

final_causality=[[1, 1, 1, 1, 1, 1, 1, 1, 1, 1, 1, 1, 1], [1, 1, 1, 1, 1, 1, 1, 1, 1, 1, 1, 1, 1, 1, 1, 1, 1, 1, 1, 1, 1, 1, 1, 1, 1, 1, 1, 1, 1, 1, 1, 1, 1, 1, 1, 1, 1, 1, 1, 1, 1, 1, 1, 1, 1, 1, 1, 1, 1, 1], [1, 1, 1, 1, 1, 1, 1, 1, 1, 1, 1, 1, 1, 1, 1, 1, 1, 1, 1, 1, 1, 1, 1, 1, 1, 1, 1, 1, 1, 1, 1, 1, 1, 1, 1, 1, 1, 1, 1, 1, 1, 1, 1, 1, 1, 1, 1, 1, 1, 1]]

means=tensor([1.5805e-05, 1.5510e-04, 2.8910e-04, 3.2264e-04, 8.8221e-05, 1.2041e-04,
        1.3790e-04, 2.5573e-04, 6.4056e-05, 3.7514e-04, 2.2207e-04, 1.6944e-04,
        6.6189e-05, 1.3785e-04, 3.3295e-05, 1.4468e-04, 2.8355e-05, 9.5761e-05,
        1.2804e-04, 6.7398e-05, 8.4466e-05, 7.7445e-05, 2.0615e-05, 1.0988e-04,
        2.0540e-04, 1.1488e-04, 1.5980e-04, 7.6599e-05, 4.1229e-05, 9.0418e-05,
        1.6232e-04, 1.9665e-04, 1.3201e-04, 1.0497e-04, 1.6456e-04, 2.6094e-05,
        1.1586e-05, 7.8632e-05, 5.5276e-05, 3.0535e-05, 2.2225e-04, 5.1032e-05,
        6.5535e-05, 7.7004e-05, 4.4923e-05, 1.1065e-04, 1.4439e-05, 7.5245e-06,
        2.2082e-04, 6.3486e-05, 4.5481e-05, 1.4297e-04, 9.4551e-05, 6.7531e-05,
        3.4264e-05, 8.2170e-05, 1.2284e-05, 1.8848e-04, 7.2397e-05, 5.7692e-05,
        9.4639e-05, 3.3682e-05, 2.9744e-05, 4.8162e-05, 3.4748e-05, 2.6764e-05,
        6.9141e-05, 4.0164e-05, 1.3046e-04, 1.1791e-04, 1.0817e-04, 3.8412e-05,
        8.3325e-05, 5.4408e-05, 1.8351e-05, 6.7028e-05, 1.1702e-04, 6.4571e-05,
        4.7150e-05, 2.4719e-05, 4.0733e-05, 6.6370e-06, 1.6912e-04, 1.0035e-04,
        3.6306e-05, 6.0201e-05, 9.5209e-05, 1.7989e-05, 4.9954e-05, 1.6101e-04,
        6.5371e-05, 4.0318e-05, 5.3316e-05, 3.5374e-05, 1.4395e-05, 1.2450e-04,
        2.9789e-05, 7.1509e-05, 2.6623e-05, 2.1943e-05, 5.0588e-05, 7.3792e-05,
        7.7768e-05, 1.9861e-05, 1.3284e-04, 1.7598e-05, 1.0831e-05, 4.5241e-05,
        2.8409e-05, 4.0869e-05, 2.8687e-06, 9.8332e-06, 5.6521e-05],
       grad_fn=<CatBackward>)

mean_overall=tensor(8.4710e-05, grad_fn=<MeanBackward0>)

-----------------------------------------------ITERATION210-----------------------------------------------

final_causality=[[1, 1, 1, 1, 1, 1, 1, 1, 1, 1, 1, 1, 1], [1, 1, 1, 1, 1, 1, 1, 1, 1, 1, 1, 1, 1, 1, 1, 1, 1, 1, 1, 1, 1, 1, 1, 1, 1, 1, 1, 1, 1, 1, 1, 1, 1, 1, 1, 1, 1, 1, 1, 1, 1, 1, 1, 1, 1, 1, 1, 1, 1, 1], [1, 1, 1, 1, 1, 1, 1, 1, 1, 1, 1, 1, 1, 1, 1, 1, 1, 1, 1, 1, 1, 1, 1, 1, 1, 1, 1, 1, 1, 1, 1, 1, 1, 1, 1, 1, 1, 1, 1, 1, 1, 1, 1, 1, 1, 1, 1, 1, 1, 1]]

means=tensor([1.6079e-05, 1.5571e-04, 2.8887e-04, 3.1895e-04, 8.9512e-05, 1.2052e-04,
        1.3764e-04, 2.5650e-04, 6.3450e-05, 3.7510e-04, 2.2235e-04, 1.6980e-04,
        6.6299e-05, 1.3808e-04, 3.3318e-05, 1.4485e-04, 2.8345e-05, 9.5649e-05,
        1.2795e-04, 6.7507e-05, 8.4472e-05, 7.7670e-05, 2.0624e-05, 1.0979e-04,
        2.0537e-04, 1.1478e-04, 1.5973e-04, 7.6437e-05, 4.1176e-05, 9.0293e-05,
        1.6225e-04, 1.9695e-04, 1.3202e-04, 1.0495e-04, 1.6459e-04, 2.6128e-05,
        1.1589e-05, 7.8611e-05, 5.5373e-05, 3.0512e-05, 2.2229e-04, 5.1055e-05,
        6.5652e-05, 7.7031e-05, 4.4888e-05, 1.1069e-04, 1.4446e-05, 7.4878e-06,
        2.2076e-04, 6.3418e-05, 4.5436e-05, 1.4310e-04, 9.4784e-05, 6.7649e-05,
        3.4280e-05, 8.2311e-05, 1.2334e-05, 1.8834e-04, 7.2537e-05, 5.7675e-05,
        9.4530e-05, 3.3649e-05, 2.9723e-05, 4.8009e-05, 3.4571e-05, 2.6756e-05,
        6.9190e-05, 4.0163e-05, 1.3023e-04, 1.1773e-04, 1.0838e-04, 3.8421e-05,
        8.3271e-05, 5.4287e-05, 1.8293e-05, 6.6851e-05, 1.1721e-04, 6.4531e-05,
        4.7214e-05, 2.4746e-05, 4.0797e-05, 6.6262e-06, 1.6910e-04, 1.0041e-04,
        3.6266e-05, 5.9954e-05, 9.5087e-05, 1.7973e-05, 4.9865e-05, 1.6103e-04,
        6.5342e-05, 4.0370e-05, 5.3600e-05, 3.5329e-05, 1.4426e-05, 1.2433e-04,
        2.9825e-05, 7.1578e-05, 2.6675e-05, 2.1892e-05, 5.0570e-05, 7.3618e-05,
        7.7916e-05, 1.9875e-05, 1.3276e-04, 1.7578e-05, 1.0838e-05, 4.5231e-05,
        2.8440e-05, 4.0946e-05, 2.8686e-06, 9.8128e-06, 5.6565e-05],
       grad_fn=<CatBackward>)

mean_overall=tensor(8.4701e-05, grad_fn=<MeanBackward0>)

-----------------------------------------------ITERATION220-----------------------------------------------

final_causality=[[1, 1, 1, 1, 1, 1, 1, 1, 1, 1, 1, 1, 1], [1, 1, 1, 1, 1, 1, 1, 1, 1, 1, 1, 1, 1, 1, 1, 1, 1, 1, 1, 1, 1, 1, 1, 1, 1, 1, 1, 1, 1, 1, 1, 1, 1, 1, 1, 1, 1, 1, 1, 1, 1, 1, 1, 1, 1, 1, 1, 1, 1, 1], [1, 1, 1, 1, 1, 1, 1, 1, 1, 1, 1, 1, 1, 1, 1, 1, 1, 1, 1, 1, 1, 1, 1, 1, 1, 1, 1, 1, 1, 1, 1, 1, 1, 1, 1, 1, 1, 1, 1, 1, 1, 1, 1, 1, 1, 1, 1, 1, 1, 1]]

means=tensor([1.6359e-05, 1.5634e-04, 2.8862e-04, 3.1519e-04, 9.0836e-05, 1.2062e-04,
        1.3737e-04, 2.5727e-04, 6.2826e-05, 3.7505e-04, 2.2263e-04, 1.7016e-04,
        6.6407e-05, 1.3832e-04, 3.3340e-05, 1.4503e-04, 2.8334e-05, 9.5535e-05,
        1.2785e-04, 6.7618e-05, 8.4480e-05, 7.7899e-05, 2.0633e-05, 1.0970e-04,
        2.0533e-04, 1.1467e-04, 1.5966e-04, 7.6270e-05, 4.1120e-05, 9.0164e-05,
        1.6219e-04, 1.9725e-04, 1.3203e-04, 1.0492e-04, 1.6461e-04, 2.6160e-05,
        1.1591e-05, 7.8589e-05, 5.5471e-05, 3.0487e-05, 2.2234e-04, 5.1077e-05,
        6.5771e-05, 7.7059e-05, 4.4850e-05, 1.1073e-04, 1.4453e-05, 7.4478e-06,
        2.2070e-04, 6.3348e-05, 4.5389e-05, 1.4324e-04, 9.5021e-05, 6.7769e-05,
        3.4295e-05, 8.2455e-05, 1.2384e-05, 1.8819e-04, 7.2679e-05, 5.7656e-05,
        9.4417e-05, 3.3614e-05, 2.9700e-05, 4.7853e-05, 3.4391e-05, 2.6748e-05,
        6.9240e-05, 4.0163e-05, 1.2999e-04, 1.1755e-04, 1.0861e-04, 3.8430e-05,
        8.3216e-05, 5.4162e-05, 1.8233e-05, 6.6669e-05, 1.1740e-04, 6.4489e-05,
        4.7279e-05, 2.4773e-05, 4.0863e-05, 6.6153e-06, 1.6909e-04, 1.0047e-04,
        3.6225e-05, 5.9703e-05, 9.4962e-05, 1.7956e-05, 4.9773e-05, 1.6104e-04,
        6.5313e-05, 4.0423e-05, 5.3890e-05, 3.5284e-05, 1.4459e-05, 1.2416e-04,
        2.9861e-05, 7.1648e-05, 2.6757e-05, 2.1840e-05, 5.0553e-05, 7.3440e-05,
        7.8069e-05, 1.9890e-05, 1.3268e-04, 1.7556e-05, 1.0846e-05, 4.5222e-05,
        2.8473e-05, 4.1026e-05, 2.8686e-06, 9.7917e-06, 5.6610e-05],
       grad_fn=<CatBackward>)

mean_overall=tensor(8.4691e-05, grad_fn=<MeanBackward0>)

-----------------------------------------------ITERATION230-----------------------------------------------

final_causality=[[1, 1, 1, 1, 1, 1, 1, 1, 1, 1, 1, 1, 1], [1, 1, 1, 1, 1, 1, 1, 1, 1, 1, 1, 1, 1, 1, 1, 1, 1, 1, 1, 1, 1, 1, 1, 1, 1, 1, 1, 1, 1, 1, 1, 1, 1, 1, 1, 1, 1, 1, 1, 1, 1, 1, 1, 1, 1, 1, 1, 1, 1, 1], [1, 1, 1, 1, 1, 1, 1, 1, 1, 1, 1, 1, 1, 1, 1, 1, 1, 1, 1, 1, 1, 1, 1, 1, 1, 1, 1, 1, 1, 1, 1, 1, 1, 1, 1, 1, 1, 1, 1, 1, 1, 1, 1, 1, 1, 1, 1, 1, 1, 1]]

means=tensor([1.6646e-05, 1.5697e-04, 2.8836e-04, 3.1136e-04, 9.2191e-05, 1.2073e-04,
        1.3708e-04, 2.5806e-04, 6.2183e-05, 3.7499e-04, 2.2292e-04, 1.7052e-04,
        6.6512e-05, 1.3857e-04, 3.3362e-05, 1.4520e-04, 2.8322e-05, 9.5417e-05,
        1.2776e-04, 6.7728e-05, 8.4491e-05, 7.8132e-05, 2.0640e-05, 1.0960e-04,
        2.0528e-04, 1.1456e-04, 1.5959e-04, 7.6099e-05, 4.1061e-05, 9.0031e-05,
        1.6211e-04, 1.9756e-04, 1.3204e-04, 1.0490e-04, 1.6464e-04, 2.6192e-05,
        1.1592e-05, 7.8565e-05, 5.5571e-05, 3.0461e-05, 2.2238e-04, 5.1098e-05,
        6.5891e-05, 7.7086e-05, 4.4810e-05, 1.1077e-04, 1.4459e-05, 7.4041e-06,
        2.2064e-04, 6.3275e-05, 4.5339e-05, 1.4338e-04, 9.5261e-05, 6.7889e-05,
        3.4309e-05, 8.2599e-05, 1.2432e-05, 1.8804e-04, 7.2823e-05, 5.7635e-05,
        9.4301e-05, 3.3578e-05, 2.9676e-05, 4.7693e-05, 3.4207e-05, 2.6739e-05,
        6.9291e-05, 4.0164e-05, 1.2974e-04, 1.1737e-04, 1.0884e-04, 3.8440e-05,
        8.3160e-05, 5.4035e-05, 1.8172e-05, 6.6484e-05, 1.1760e-04, 6.4446e-05,
        4.7346e-05, 2.4801e-05, 4.0931e-05, 6.6045e-06, 1.6907e-04, 1.0054e-04,
        3.6184e-05, 5.9445e-05, 9.4834e-05, 1.7939e-05, 4.9680e-05, 1.6105e-04,
        6.5283e-05, 4.0478e-05, 5.4188e-05, 3.5237e-05, 1.4492e-05, 1.2399e-04,
        2.9898e-05, 7.1720e-05, 2.6888e-05, 2.1786e-05, 5.0535e-05, 7.3258e-05,
        7.8225e-05, 1.9904e-05, 1.3260e-04, 1.7534e-05, 1.0853e-05, 4.5213e-05,
        2.8507e-05, 4.1108e-05, 2.8688e-06, 9.7699e-06, 5.6655e-05],
       grad_fn=<CatBackward>)

mean_overall=tensor(8.4680e-05, grad_fn=<MeanBackward0>)

-----------------------------------------------ITERATION240-----------------------------------------------

final_causality=[[1, 1, 1, 1, 1, 1, 1, 1, 1, 1, 1, 1, 1], [1, 1, 1, 1, 1, 1, 1, 1, 1, 1, 1, 1, 1, 1, 1, 1, 1, 1, 1, 1, 1, 1, 1, 1, 1, 1, 1, 1, 1, 1, 1, 1, 1, 1, 1, 1, 1, 1, 1, 1, 1, 1, 1, 1, 1, 1, 1, 1, 1, 1], [1, 1, 1, 1, 1, 1, 1, 1, 1, 1, 1, 1, 1, 1, 1, 1, 1, 1, 1, 1, 1, 1, 1, 1, 1, 1, 1, 1, 1, 1, 1, 1, 1, 1, 1, 1, 1, 1, 1, 1, 1, 1, 1, 1, 1, 1, 1, 1, 1, 1]]

means=tensor([1.6938e-05, 1.5760e-04, 2.8809e-04, 3.0746e-04, 9.3574e-05, 1.2083e-04,
        1.3679e-04, 2.5885e-04, 6.1526e-05, 3.7494e-04, 2.2321e-04, 1.7089e-04,
        6.6617e-05, 1.3882e-04, 3.3384e-05, 1.4542e-04, 2.8309e-05, 9.5297e-05,
        1.2766e-04, 6.7840e-05, 8.4502e-05, 7.8369e-05, 2.0647e-05, 1.0951e-04,
        2.0524e-04, 1.1445e-04, 1.5952e-04, 7.5924e-05, 4.1000e-05, 8.9895e-05,
        1.6204e-04, 1.9787e-04, 1.3205e-04, 1.0488e-04, 1.6467e-04, 2.6224e-05,
        1.1592e-05, 7.8541e-05, 5.5672e-05, 3.0433e-05, 2.2242e-04, 5.1118e-05,
        6.6012e-05, 7.7113e-05, 4.4769e-05, 1.1081e-04, 1.4464e-05, 7.3584e-06,
        2.2058e-04, 6.3201e-05, 4.5289e-05, 1.4353e-04, 9.5504e-05, 6.8011e-05,
        3.4323e-05, 8.2745e-05, 1.2480e-05, 1.8789e-04, 7.2968e-05, 5.7615e-05,
        9.4183e-05, 3.3541e-05, 2.9651e-05, 4.7530e-05, 3.4020e-05, 2.6730e-05,
        6.9342e-05, 4.0164e-05, 1.2949e-04, 1.1719e-04, 1.0907e-04, 3.8450e-05,
        8.3104e-05, 5.3905e-05, 1.8110e-05, 6.6295e-05, 1.1779e-04, 6.4402e-05,
        4.7415e-05, 2.4830e-05, 4.1000e-05, 6.5936e-06, 1.6906e-04, 1.0060e-04,
        3.6142e-05, 5.9183e-05, 9.4704e-05, 1.7921e-05, 4.9585e-05, 1.6106e-04,
        6.5252e-05, 4.0534e-05, 5.4490e-05, 3.5189e-05, 1.4525e-05, 1.2381e-04,
        2.9936e-05, 7.1793e-05, 2.7021e-05, 2.1731e-05, 5.0518e-05, 7.3072e-05,
        7.8385e-05, 1.9919e-05, 1.3252e-04, 1.7512e-05, 1.0861e-05, 4.5204e-05,
        2.8541e-05, 4.1191e-05, 2.8691e-06, 9.7477e-06, 5.6702e-05],
       grad_fn=<CatBackward>)

mean_overall=tensor(8.4670e-05, grad_fn=<MeanBackward0>)

-----------------------------------------------ITERATION250-----------------------------------------------

final_causality=[[1, 1, 1, 1, 1, 1, 1, 1, 1, 1, 1, 1, 1], [1, 1, 1, 1, 1, 1, 1, 1, 1, 1, 1, 1, 1, 1, 1, 1, 1, 1, 1, 1, 1, 1, 1, 1, 1, 1, 1, 1, 1, 1, 1, 1, 1, 1, 1, 1, 1, 1, 1, 1, 1, 1, 1, 1, 1, 1, 1, 1, 1, 1], [1, 1, 1, 1, 1, 1, 1, 1, 1, 1, 1, 1, 1, 1, 1, 1, 1, 1, 1, 1, 1, 1, 1, 1, 1, 1, 1, 1, 1, 1, 1, 1, 1, 1, 1, 1, 1, 1, 1, 1, 1, 1, 1, 1, 1, 1, 1, 1, 1, 1]]

means=tensor([1.7235e-05, 1.5825e-04, 2.8782e-04, 3.0350e-04, 9.4982e-05, 1.2094e-04,
        1.3649e-04, 2.5966e-04, 6.0860e-05, 3.7488e-04, 2.2351e-04, 1.7127e-04,
        6.6725e-05, 1.3907e-04, 3.3406e-05, 1.4566e-04, 2.8296e-05, 9.5175e-05,
        1.2756e-04, 6.7953e-05, 8.4513e-05, 7.8609e-05, 2.0655e-05, 1.0941e-04,
        2.0520e-04, 1.1434e-04, 1.5945e-04, 7.5747e-05, 4.0939e-05, 8.9758e-05,
        1.6197e-04, 1.9819e-04, 1.3206e-04, 1.0485e-04, 1.6470e-04, 2.6256e-05,
        1.1593e-05, 7.8517e-05, 5.5775e-05, 3.0405e-05, 2.2247e-04, 5.1138e-05,
        6.6134e-05, 7.7141e-05, 4.4728e-05, 1.1085e-04, 1.4469e-05, 7.3121e-06,
        2.2051e-04, 6.3126e-05, 4.5238e-05, 1.4367e-04, 9.5752e-05, 6.8135e-05,
        3.4338e-05, 8.2894e-05, 1.2530e-05, 1.8773e-04, 7.3116e-05, 5.7594e-05,
        9.4063e-05, 3.3503e-05, 2.9626e-05, 4.7365e-05, 3.3830e-05, 2.6721e-05,
        6.9395e-05, 4.0165e-05, 1.2924e-04, 1.1700e-04, 1.0930e-04, 3.8461e-05,
        8.3047e-05, 5.3774e-05, 1.8047e-05, 6.6103e-05, 1.1799e-04, 6.4357e-05,
        4.7485e-05, 2.4859e-05, 4.1070e-05, 6.5825e-06, 1.6905e-04, 1.0067e-04,
        3.6099e-05, 5.8917e-05, 9.4571e-05, 1.7904e-05, 4.9488e-05, 1.6108e-04,
        6.5221e-05, 4.0591e-05, 5.4797e-05, 3.5141e-05, 1.4559e-05, 1.2363e-04,
        2.9974e-05, 7.1867e-05, 2.7156e-05, 2.1676e-05, 5.0500e-05, 7.2884e-05,
        7.8547e-05, 1.9934e-05, 1.3244e-04, 1.7489e-05, 1.0868e-05, 4.5194e-05,
        2.8576e-05, 4.1275e-05, 2.8693e-06, 9.7252e-06, 5.6749e-05],
       grad_fn=<CatBackward>)

mean_overall=tensor(8.4659e-05, grad_fn=<MeanBackward0>)

-----------------------------------------------ITERATION260-----------------------------------------------

final_causality=[[1, 1, 1, 1, 1, 1, 1, 1, 1, 1, 1, 1, 1], [1, 1, 1, 1, 1, 1, 1, 1, 1, 1, 1, 1, 1, 1, 1, 1, 1, 1, 1, 1, 1, 1, 1, 1, 1, 1, 1, 1, 1, 1, 1, 1, 1, 1, 1, 1, 1, 1, 1, 1, 1, 1, 1, 1, 1, 1, 1, 1, 1, 1], [1, 1, 1, 1, 1, 1, 1, 1, 1, 1, 1, 1, 1, 1, 1, 1, 1, 1, 1, 1, 1, 1, 1, 1, 1, 1, 1, 1, 1, 1, 1, 1, 1, 1, 1, 1, 1, 1, 1, 1, 1, 1, 1, 1, 1, 1, 1, 1, 1, 1]]

means=tensor([1.7536e-05, 1.5891e-04, 2.8755e-04, 2.9950e-04, 9.6415e-05, 1.2105e-04,
        1.3619e-04, 2.6048e-04, 6.0187e-05, 3.7483e-04, 2.2381e-04, 1.7165e-04,
        6.6836e-05, 1.3932e-04, 3.3429e-05, 1.4590e-04, 2.8283e-05, 9.5052e-05,
        1.2746e-04, 6.8069e-05, 8.4525e-05, 7.8854e-05, 2.0662e-05, 1.0931e-04,
        2.0515e-04, 1.1422e-04, 1.5937e-04, 7.5567e-05, 4.0877e-05, 8.9618e-05,
        1.6189e-04, 1.9851e-04, 1.3207e-04, 1.0483e-04, 1.6473e-04, 2.6289e-05,
        1.1593e-05, 7.8492e-05, 5.5879e-05, 3.0377e-05, 2.2252e-04, 5.1159e-05,
        6.6258e-05, 7.7170e-05, 4.4686e-05, 1.1089e-04, 1.4475e-05, 7.2657e-06,
        2.2044e-04, 6.3050e-05, 4.5186e-05, 1.4382e-04, 9.6005e-05, 6.8262e-05,
        3.4354e-05, 8.3045e-05, 1.2580e-05, 1.8758e-04, 7.3266e-05, 5.7573e-05,
        9.3942e-05, 3.3465e-05, 2.9600e-05, 4.7198e-05, 3.3637e-05, 2.6712e-05,
        6.9449e-05, 4.0165e-05, 1.2898e-04, 1.1681e-04, 1.0954e-04, 3.8471e-05,
        8.2989e-05, 5.3641e-05, 1.7983e-05, 6.5909e-05, 1.1820e-04, 6.4312e-05,
        4.7556e-05, 2.4889e-05, 4.1141e-05, 6.5713e-06, 1.6903e-04, 1.0074e-04,
        3.6056e-05, 5.8647e-05, 9.4437e-05, 1.7886e-05, 4.9391e-05, 1.6109e-04,
        6.5189e-05, 4.0648e-05, 5.5107e-05, 3.5092e-05, 1.4594e-05, 1.2345e-04,
        3.0012e-05, 7.1942e-05, 2.7293e-05, 2.1619e-05, 5.0482e-05, 7.2694e-05,
        7.8711e-05, 1.9949e-05, 1.3236e-04, 1.7466e-05, 1.0876e-05, 4.5185e-05,
        2.8611e-05, 4.1360e-05, 2.8696e-06, 9.7025e-06, 5.6796e-05],
       grad_fn=<CatBackward>)

mean_overall=tensor(8.4649e-05, grad_fn=<MeanBackward0>)

-----------------------------------------------ITERATION270-----------------------------------------------

final_causality=[[1, 1, 1, 1, 1, 1, 1, 1, 1, 1, 1, 1, 1], [1, 1, 1, 1, 1, 1, 1, 1, 1, 1, 1, 1, 1, 1, 1, 1, 1, 1, 1, 1, 1, 1, 1, 1, 1, 1, 1, 1, 1, 1, 1, 1, 1, 1, 1, 1, 1, 1, 1, 1, 1, 1, 1, 1, 1, 1, 1, 1, 1, 1], [1, 1, 1, 1, 1, 1, 1, 1, 1, 1, 1, 1, 1, 1, 1, 1, 1, 1, 1, 1, 1, 1, 1, 1, 1, 1, 1, 1, 1, 1, 1, 1, 1, 1, 1, 1, 1, 1, 1, 1, 1, 1, 1, 1, 1, 1, 1, 1, 1, 1]]

means=tensor([1.7842e-05, 1.5957e-04, 2.8727e-04, 2.9544e-04, 9.7872e-05, 1.2116e-04,
        1.3588e-04, 2.6132e-04, 5.9505e-05, 3.7479e-04, 2.2412e-04, 1.7204e-04,
        6.6950e-05, 1.3958e-04, 3.3452e-05, 1.4615e-04, 2.8270e-05, 9.4928e-05,
        1.2736e-04, 6.8187e-05, 8.4536e-05, 7.9102e-05, 2.0670e-05, 1.0921e-04,
        2.0511e-04, 1.1410e-04, 1.5929e-04, 7.5386e-05, 4.0814e-05, 8.9477e-05,
        1.6182e-04, 1.9883e-04, 1.3208e-04, 1.0480e-04, 1.6476e-04, 2.6323e-05,
        1.1594e-05, 7.8467e-05, 5.5985e-05, 3.0348e-05, 2.2257e-04, 5.1181e-05,
        6.6384e-05, 7.7199e-05, 4.4644e-05, 1.1093e-04, 1.4481e-05, 7.2187e-06,
        2.2038e-04, 6.2973e-05, 4.5134e-05, 1.4397e-04, 9.6261e-05, 6.8390e-05,
        3.4369e-05, 8.3198e-05, 1.2631e-05, 1.8742e-04, 7.3419e-05, 5.7551e-05,
        9.3819e-05, 3.3427e-05, 2.9575e-05, 4.7029e-05, 3.3441e-05, 2.6703e-05,
        6.9503e-05, 4.0166e-05, 1.2872e-04, 1.1662e-04, 1.0979e-04, 3.8481e-05,
        8.2930e-05, 5.3506e-05, 1.7919e-05, 6.5713e-05, 1.1840e-04, 6.4267e-05,
        4.7627e-05, 2.4918e-05, 4.1212e-05, 6.5599e-06, 1.6902e-04, 1.0081e-04,
        3.6012e-05, 5.8375e-05, 9.4301e-05, 1.7867e-05, 4.9292e-05, 1.6110e-04,
        6.5157e-05, 4.0707e-05, 5.5421e-05, 3.5043e-05, 1.4629e-05, 1.2327e-04,
        3.0051e-05, 7.2018e-05, 2.7432e-05, 2.1562e-05, 5.0463e-05, 7.2501e-05,
        7.8877e-05, 1.9964e-05, 1.3227e-04, 1.7442e-05, 1.0884e-05, 4.5175e-05,
        2.8646e-05, 4.1446e-05, 2.8698e-06, 9.6795e-06, 5.6845e-05],
       grad_fn=<CatBackward>)

mean_overall=tensor(8.4639e-05, grad_fn=<MeanBackward0>)

-----------------------------------------------ITERATION280-----------------------------------------------

final_causality=[[1, 1, 1, 1, 1, 1, 1, 1, 1, 1, 1, 1, 1], [1, 1, 1, 1, 1, 1, 1, 1, 1, 1, 1, 1, 1, 1, 1, 1, 1, 1, 1, 1, 1, 1, 1, 1, 1, 1, 1, 1, 1, 1, 1, 1, 1, 1, 1, 1, 1, 1, 1, 1, 1, 1, 1, 1, 1, 1, 1, 1, 1, 1], [1, 1, 1, 1, 1, 1, 1, 1, 1, 1, 1, 1, 1, 1, 1, 1, 1, 1, 1, 1, 1, 1, 1, 1, 1, 1, 1, 1, 1, 1, 1, 1, 1, 1, 1, 1, 1, 1, 1, 1, 1, 1, 1, 1, 1, 1, 1, 1, 1, 1]]

means=tensor([1.8152e-05, 1.6024e-04, 2.8700e-04, 2.9134e-04, 9.9352e-05, 1.2128e-04,
        1.3557e-04, 2.6216e-04, 5.8815e-05, 3.7474e-04, 2.2444e-04, 1.7243e-04,
        6.7067e-05, 1.3985e-04, 3.3476e-05, 1.4640e-04, 2.8257e-05, 9.4802e-05,
        1.2726e-04, 6.8306e-05, 8.4548e-05, 7.9354e-05, 2.0678e-05, 1.0911e-04,
        2.0506e-04, 1.1399e-04, 1.5922e-04, 7.5202e-05, 4.0750e-05, 8.9333e-05,
        1.6174e-04, 1.9916e-04, 1.3209e-04, 1.0478e-04, 1.6479e-04, 2.6358e-05,
        1.1595e-05, 7.8442e-05, 5.6092e-05, 3.0319e-05, 2.2261e-04, 5.1202e-05,
        6.6510e-05, 7.7228e-05, 4.4601e-05, 1.1097e-04, 1.4487e-05, 7.1710e-06,
        2.2031e-04, 6.2895e-05, 4.5082e-05, 1.4412e-04, 9.6521e-05, 6.8520e-05,
        3.4386e-05, 8.3352e-05, 1.2684e-05, 1.8725e-04, 7.3574e-05, 5.7530e-05,
        9.3695e-05, 3.3387e-05, 2.9549e-05, 4.6858e-05, 3.3243e-05, 2.6693e-05,
        6.9558e-05, 4.0167e-05, 1.2846e-04, 1.1642e-04, 1.1003e-04, 3.8492e-05,
        8.2871e-05, 5.3370e-05, 1.7923e-05, 6.5513e-05, 1.1861e-04, 6.4220e-05,
        4.7700e-05, 2.4949e-05, 4.1285e-05, 6.5484e-06, 1.6900e-04, 1.0088e-04,
        3.5968e-05, 5.8098e-05, 9.4164e-05, 1.7849e-05, 4.9192e-05, 1.6112e-04,
        6.5124e-05, 4.0766e-05, 5.5739e-05, 3.4993e-05, 1.4665e-05, 1.2308e-04,
        3.0090e-05, 7.2095e-05, 2.7573e-05, 2.1504e-05, 5.0444e-05, 7.2306e-05,
        7.9045e-05, 1.9980e-05, 1.3219e-04, 1.7418e-05, 1.0892e-05, 4.5165e-05,
        2.8682e-05, 4.1533e-05, 2.8700e-06, 9.6564e-06, 5.6894e-05],
       grad_fn=<CatBackward>)

mean_overall=tensor(8.4629e-05, grad_fn=<MeanBackward0>)

-----------------------------------------------ITERATION290-----------------------------------------------

final_causality=[[1, 1, 1, 1, 1, 1, 1, 1, 1, 1, 1, 1, 1], [1, 1, 1, 1, 1, 1, 1, 1, 1, 1, 1, 1, 1, 1, 1, 1, 1, 1, 1, 1, 1, 1, 1, 1, 1, 1, 1, 1, 1, 1, 1, 1, 1, 1, 1, 1, 1, 1, 1, 1, 1, 1, 1, 1, 1, 1, 1, 1, 1, 1], [1, 1, 1, 1, 1, 1, 1, 1, 1, 1, 1, 1, 1, 1, 1, 1, 1, 1, 1, 1, 1, 1, 1, 1, 1, 1, 1, 1, 1, 1, 1, 1, 1, 1, 1, 1, 1, 1, 1, 1, 1, 1, 1, 1, 1, 1, 1, 1, 1, 1]]

means=tensor([1.8466e-05, 1.6092e-04, 2.8672e-04, 2.8719e-04, 1.0086e-04, 1.2139e-04,
        1.3525e-04, 2.6302e-04, 5.8116e-05, 3.7470e-04, 2.2476e-04, 1.7283e-04,
        6.7185e-05, 1.4011e-04, 3.3500e-05, 1.4666e-04, 2.8243e-05, 9.4675e-05,
        1.2716e-04, 6.8427e-05, 8.4560e-05, 7.9609e-05, 2.0686e-05, 1.0901e-04,
        2.0502e-04, 1.1387e-04, 1.5914e-04, 7.5016e-05, 4.0685e-05, 8.9188e-05,
        1.6166e-04, 1.9950e-04, 1.3210e-04, 1.0475e-04, 1.6482e-04, 2.6393e-05,
        1.1596e-05, 7.8417e-05, 5.6200e-05, 3.0290e-05, 2.2266e-04, 5.1223e-05,
        6.6638e-05, 7.7258e-05, 4.4557e-05, 1.1101e-04, 1.4493e-05, 7.1225e-06,
        2.2024e-04, 6.2816e-05, 4.5029e-05, 1.4427e-04, 9.6784e-05, 6.8652e-05,
        3.4402e-05, 8.3509e-05, 1.2736e-05, 1.8709e-04, 7.3731e-05, 5.7509e-05,
        9.3570e-05, 3.3348e-05, 2.9523e-05, 4.6685e-05, 3.3042e-05, 2.6684e-05,
        6.9614e-05, 4.0167e-05, 1.2823e-04, 1.1623e-04, 1.1028e-04, 3.8503e-05,
        8.2811e-05, 5.3232e-05, 1.7949e-05, 6.5312e-05, 1.1882e-04, 6.4173e-05,
        4.7773e-05, 2.4979e-05, 4.1358e-05, 6.5369e-06, 1.6899e-04, 1.0096e-04,
        3.5923e-05, 5.8029e-05, 9.4024e-05, 1.7831e-05, 4.9091e-05, 1.6113e-04,
        6.5092e-05, 4.0826e-05, 5.6060e-05, 3.4943e-05, 1.4701e-05, 1.2289e-04,
        3.0129e-05, 7.2173e-05, 2.7715e-05, 2.1446e-05, 5.0425e-05, 7.2109e-05,
        7.9216e-05, 1.9995e-05, 1.3210e-04, 1.7394e-05, 1.0900e-05, 4.5155e-05,
        2.8719e-05, 4.1620e-05, 2.8702e-06, 9.6330e-06, 5.6944e-05],
       grad_fn=<CatBackward>)

mean_overall=tensor(8.4622e-05, grad_fn=<MeanBackward0>)

-----------------------------------------------ITERATION300-----------------------------------------------

final_causality=[[1, 1, 1, 1, 1, 1, 1, 1, 1, 1, 1, 1, 1], [1, 1, 1, 1, 1, 1, 1, 1, 1, 1, 1, 1, 1, 1, 1, 1, 1, 1, 1, 1, 1, 1, 1, 1, 1, 1, 1, 1, 1, 1, 1, 1, 1, 1, 1, 1, 1, 1, 1, 1, 1, 1, 1, 1, 1, 1, 1, 1, 1, 1], [1, 1, 1, 1, 1, 1, 1, 1, 1, 1, 1, 1, 1, 1, 1, 1, 1, 1, 1, 1, 1, 1, 1, 1, 1, 1, 1, 1, 1, 1, 1, 1, 1, 1, 1, 1, 1, 1, 1, 1, 1, 1, 1, 1, 1, 1, 1, 1, 1, 1]]

means=tensor([1.8784e-05, 1.6160e-04, 2.8644e-04, 2.8301e-04, 1.0238e-04, 1.2151e-04,
        1.3493e-04, 2.6389e-04, 5.7410e-05, 3.7466e-04, 2.2508e-04, 1.7324e-04,
        6.7305e-05, 1.4038e-04, 3.3524e-05, 1.4691e-04, 2.8230e-05, 9.4546e-05,
        1.2705e-04, 6.8549e-05, 8.4573e-05, 7.9867e-05, 2.0694e-05, 1.0891e-04,
        2.0497e-04, 1.1375e-04, 1.5906e-04, 7.4829e-05, 4.0620e-05, 8.9041e-05,
        1.6159e-04, 1.9983e-04, 1.3211e-04, 1.0473e-04, 1.6485e-04, 2.6428e-05,
        1.1597e-05, 7.8391e-05, 5.6310e-05, 3.0260e-05, 2.2272e-04, 5.1245e-05,
        6.6766e-05, 7.7288e-05, 4.4514e-05, 1.1105e-04, 1.4499e-05, 7.0732e-06,
        2.2017e-04, 6.2736e-05, 4.4975e-05, 1.4443e-04, 9.7050e-05, 6.8786e-05,
        3.4419e-05, 8.3667e-05, 1.2790e-05, 1.8692e-04, 7.3889e-05, 5.7487e-05,
        9.3443e-05, 3.3307e-05, 2.9497e-05, 4.6510e-05, 3.2839e-05, 2.6674e-05,
        6.9671e-05, 4.0168e-05, 1.2800e-04, 1.1603e-04, 1.1053e-04, 3.8514e-05,
        8.2750e-05, 5.3092e-05, 1.7975e-05, 6.5108e-05, 1.1903e-04, 6.4126e-05,
        4.7847e-05, 2.5010e-05, 4.1433e-05, 6.5252e-06, 1.6897e-04, 1.0103e-04,
        3.5877e-05, 5.8053e-05, 9.3883e-05, 1.7812e-05, 4.8990e-05, 1.6115e-04,
        6.5058e-05, 4.0887e-05, 5.6385e-05, 3.4893e-05, 1.4738e-05, 1.2270e-04,
        3.0169e-05, 7.2251e-05, 2.7859e-05, 2.1387e-05, 5.0406e-05, 7.1909e-05,
        7.9387e-05, 2.0011e-05, 1.3201e-04, 1.7370e-05, 1.0908e-05, 4.5144e-05,
        2.8756e-05, 4.1709e-05, 2.8705e-06, 9.6093e-06, 5.6994e-05],
       grad_fn=<CatBackward>)

mean_overall=tensor(8.4616e-05, grad_fn=<MeanBackward0>)

-----------------------------------------------ITERATION310-----------------------------------------------

final_causality=[[1, 1, 1, 1, 1, 1, 1, 1, 1, 1, 1, 1, 1], [1, 1, 1, 1, 1, 1, 1, 1, 1, 1, 1, 1, 1, 1, 1, 1, 1, 1, 1, 1, 1, 1, 1, 1, 1, 1, 1, 1, 1, 1, 1, 1, 1, 1, 1, 1, 1, 1, 1, 1, 1, 1, 1, 1, 1, 1, 1, 1, 1, 1], [1, 1, 1, 1, 1, 1, 1, 1, 1, 1, 1, 1, 1, 1, 1, 1, 1, 1, 1, 1, 1, 1, 1, 1, 1, 1, 1, 1, 1, 1, 1, 1, 1, 1, 1, 1, 1, 1, 1, 1, 1, 1, 1, 1, 1, 1, 1, 1, 1, 1]]

means=tensor([1.9106e-05, 1.6230e-04, 2.8615e-04, 2.7878e-04, 1.0393e-04, 1.2163e-04,
        1.3460e-04, 2.6477e-04, 5.6697e-05, 3.7462e-04, 2.2541e-04, 1.7365e-04,
        6.7428e-05, 1.4065e-04, 3.3548e-05, 1.4718e-04, 2.8216e-05, 9.4416e-05,
        1.2695e-04, 6.8673e-05, 8.4586e-05, 8.0128e-05, 2.0702e-05, 1.0880e-04,
        2.0493e-04, 1.1362e-04, 1.5898e-04, 7.4639e-05, 4.0554e-05, 8.8893e-05,
        1.6151e-04, 2.0018e-04, 1.3213e-04, 1.0470e-04, 1.6488e-04, 2.6465e-05,
        1.1598e-05, 7.8365e-05, 5.6421e-05, 3.0230e-05, 2.2277e-04, 5.1267e-05,
        6.6896e-05, 7.7319e-05, 4.4469e-05, 1.1110e-04, 1.4505e-05, 7.0232e-06,
        2.2010e-04, 6.2655e-05, 4.4921e-05, 1.4458e-04, 9.7320e-05, 6.8921e-05,
        3.4436e-05, 8.3826e-05, 1.2843e-05, 1.8675e-04, 7.4049e-05, 5.7465e-05,
        9.3315e-05, 3.3267e-05, 2.9471e-05, 4.6333e-05, 3.2634e-05, 2.6665e-05,
        6.9728e-05, 4.0169e-05, 1.2777e-04, 1.1583e-04, 1.1078e-04, 3.8525e-05,
        8.2688e-05, 5.2986e-05, 1.8015e-05, 6.4903e-05, 1.1925e-04, 6.4078e-05,
        4.7923e-05, 2.5041e-05, 4.1507e-05, 6.5135e-06, 1.6896e-04, 1.0110e-04,
        3.5831e-05, 5.8077e-05, 9.3740e-05, 1.7793e-05, 4.8887e-05, 1.6116e-04,
        6.5025e-05, 4.0948e-05, 5.6712e-05, 3.4842e-05, 1.4775e-05, 1.2251e-04,
        3.0209e-05, 7.2330e-05, 2.8004e-05, 2.1327e-05, 5.0387e-05, 7.1708e-05,
        7.9561e-05, 2.0027e-05, 1.3193e-04, 1.7345e-05, 1.0916e-05, 4.5134e-05,
        2.8793e-05, 4.1798e-05, 2.8707e-06, 9.5855e-06, 5.7045e-05],
       grad_fn=<CatBackward>)

mean_overall=tensor(8.4610e-05, grad_fn=<MeanBackward0>)

-----------------------------------------------ITERATION320-----------------------------------------------

final_causality=[[1, 1, 1, 1, 1, 1, 1, 1, 1, 1, 1, 1, 1], [1, 1, 1, 1, 1, 1, 1, 1, 1, 1, 1, 1, 1, 1, 1, 1, 1, 1, 1, 1, 1, 1, 1, 1, 1, 1, 1, 1, 1, 1, 1, 1, 1, 1, 1, 1, 1, 1, 1, 1, 1, 1, 1, 1, 1, 1, 1, 1, 1, 1], [1, 1, 1, 1, 1, 1, 1, 1, 1, 1, 1, 1, 1, 1, 1, 1, 1, 1, 1, 1, 1, 1, 1, 1, 1, 1, 1, 1, 1, 1, 1, 1, 1, 1, 1, 1, 1, 1, 1, 1, 1, 1, 1, 1, 1, 1, 1, 1, 1, 1]]

means=tensor([1.9431e-05, 1.6299e-04, 2.8587e-04, 2.7452e-04, 1.0549e-04, 1.2175e-04,
        1.3426e-04, 2.6565e-04, 5.5977e-05, 3.7459e-04, 2.2575e-04, 1.7407e-04,
        6.7553e-05, 1.4093e-04, 3.3573e-05, 1.4744e-04, 2.8202e-05, 9.4286e-05,
        1.2684e-04, 6.8798e-05, 8.4599e-05, 8.0392e-05, 2.0710e-05, 1.0869e-04,
        2.0488e-04, 1.1350e-04, 1.5890e-04, 7.4448e-05, 4.0487e-05, 8.8743e-05,
        1.6143e-04, 2.0052e-04, 1.3214e-04, 1.0468e-04, 1.6491e-04, 2.6501e-05,
        1.1599e-05, 7.8339e-05, 5.6532e-05, 3.0199e-05, 2.2282e-04, 5.1288e-05,
        6.7026e-05, 7.7350e-05, 4.4425e-05, 1.1114e-04, 1.4511e-05, 6.9726e-06,
        2.2003e-04, 6.2574e-05, 4.4867e-05, 1.4474e-04, 9.7592e-05, 6.9058e-05,
        3.4453e-05, 8.3987e-05, 1.2898e-05, 1.8658e-04, 7.4211e-05, 5.7443e-05,
        9.3186e-05, 3.3226e-05, 2.9445e-05, 4.6155e-05, 3.2427e-05, 2.6655e-05,
        6.9785e-05, 4.0170e-05, 1.2754e-04, 1.1563e-04, 1.1104e-04, 3.8536e-05,
        8.2626e-05, 5.2948e-05, 1.8069e-05, 6.4695e-05, 1.1947e-04, 6.4029e-05,
        4.7998e-05, 2.5073e-05, 4.1583e-05, 6.5017e-06, 1.6894e-04, 1.0118e-04,
        3.5785e-05, 5.8101e-05, 9.3596e-05, 1.7774e-05, 4.8784e-05, 1.6117e-04,
        6.4991e-05, 4.1011e-05, 5.7042e-05, 3.4790e-05, 1.4813e-05, 1.2232e-04,
        3.0250e-05, 7.2410e-05, 2.8151e-05, 2.1267e-05, 5.0367e-05, 7.1505e-05,
        7.9736e-05, 2.0044e-05, 1.3184e-04, 1.7321e-05, 1.0925e-05, 4.5123e-05,
        2.8831e-05, 4.1888e-05, 2.8710e-06, 9.5615e-06, 5.7096e-05],
       grad_fn=<CatBackward>)

mean_overall=tensor(8.4606e-05, grad_fn=<MeanBackward0>)

-----------------------------------------------ITERATION330-----------------------------------------------

final_causality=[[1, 1, 1, 1, 1, 1, 1, 1, 1, 1, 1, 1, 1], [1, 1, 1, 1, 1, 1, 1, 1, 1, 1, 1, 1, 1, 1, 1, 1, 1, 1, 1, 1, 1, 1, 1, 1, 1, 1, 1, 1, 1, 1, 1, 1, 1, 1, 1, 1, 1, 1, 1, 1, 1, 1, 1, 1, 1, 1, 1, 1, 1, 1], [1, 1, 1, 1, 1, 1, 1, 1, 1, 1, 1, 1, 1, 1, 1, 1, 1, 1, 1, 1, 1, 1, 1, 1, 1, 1, 1, 1, 1, 1, 1, 1, 1, 1, 1, 1, 1, 1, 1, 1, 1, 1, 1, 1, 1, 1, 1, 1, 1, 1]]

means=tensor([1.9759e-05, 1.6369e-04, 2.8558e-04, 2.7022e-04, 1.0708e-04, 1.2188e-04,
        1.3393e-04, 2.6655e-04, 5.5251e-05, 3.7456e-04, 2.2609e-04, 1.7449e-04,
        6.7679e-05, 1.4120e-04, 3.3598e-05, 1.4770e-04, 2.8187e-05, 9.4154e-05,
        1.2673e-04, 6.8924e-05, 8.4612e-05, 8.0659e-05, 2.0718e-05, 1.0859e-04,
        2.0483e-04, 1.1338e-04, 1.5882e-04, 7.4255e-05, 4.0419e-05, 8.8592e-05,
        1.6135e-04, 2.0087e-04, 1.3215e-04, 1.0465e-04, 1.6495e-04, 2.6538e-05,
        1.1600e-05, 7.8312e-05, 5.6645e-05, 3.0168e-05, 2.2288e-04, 5.1310e-05,
        6.7157e-05, 7.7381e-05, 4.4380e-05, 1.1119e-04, 1.4517e-05, 6.9214e-06,
        2.1996e-04, 6.2491e-05, 4.4812e-05, 1.4490e-04, 9.7867e-05, 6.9196e-05,
        3.4471e-05, 8.4149e-05, 1.2953e-05, 1.8641e-04, 7.4375e-05, 5.7421e-05,
        9.3056e-05, 3.3184e-05, 2.9418e-05, 4.5976e-05, 3.2218e-05, 2.6645e-05,
        6.9844e-05, 4.0171e-05, 1.2730e-04, 1.1543e-04, 1.1130e-04, 3.8547e-05,
        8.2564e-05, 5.2911e-05, 1.8123e-05, 6.4486e-05, 1.1968e-04, 6.3980e-05,
        4.8075e-05, 2.5104e-05, 4.1659e-05, 6.4899e-06, 1.6893e-04, 1.0125e-04,
        3.5738e-05, 5.8126e-05, 9.3451e-05, 1.7755e-05, 4.8680e-05, 1.6119e-04,
        6.4957e-05, 4.1074e-05, 5.7376e-05, 3.4739e-05, 1.4850e-05, 1.2213e-04,
        3.0290e-05, 7.2491e-05, 2.8299e-05, 2.1206e-05, 5.0348e-05, 7.1300e-05,
        7.9913e-05, 2.0060e-05, 1.3175e-04, 1.7329e-05, 1.0933e-05, 4.5112e-05,
        2.8869e-05, 4.1978e-05, 2.8712e-06, 9.5374e-06, 5.7148e-05],
       grad_fn=<CatBackward>)

mean_overall=tensor(8.4601e-05, grad_fn=<MeanBackward0>)

-----------------------------------------------ITERATION340-----------------------------------------------

final_causality=[[1, 1, 1, 1, 1, 1, 1, 1, 1, 1, 1, 1, 1], [1, 1, 1, 1, 1, 1, 1, 1, 1, 1, 1, 1, 1, 1, 1, 1, 1, 1, 1, 1, 1, 1, 1, 1, 1, 1, 1, 1, 1, 1, 1, 1, 1, 1, 1, 1, 1, 1, 1, 1, 1, 1, 1, 1, 1, 1, 1, 1, 1, 1], [1, 1, 1, 1, 1, 1, 1, 1, 1, 1, 1, 1, 1, 1, 1, 1, 1, 1, 1, 1, 1, 1, 1, 1, 1, 1, 1, 1, 1, 1, 1, 1, 1, 1, 1, 1, 1, 1, 1, 1, 1, 1, 1, 1, 1, 1, 1, 1, 1, 1]]

means=tensor([2.0091e-05, 1.6440e-04, 2.8530e-04, 2.6590e-04, 1.0869e-04, 1.2200e-04,
        1.3358e-04, 2.6746e-04, 5.4520e-05, 3.7453e-04, 2.2643e-04, 1.7492e-04,
        6.7808e-05, 1.4148e-04, 3.3624e-05, 1.4797e-04, 2.8173e-05, 9.4021e-05,
        1.2663e-04, 6.9052e-05, 8.4626e-05, 8.0928e-05, 2.0726e-05, 1.0848e-04,
        2.0478e-04, 1.1325e-04, 1.5874e-04, 7.4061e-05, 4.0351e-05, 8.8439e-05,
        1.6127e-04, 2.0122e-04, 1.3216e-04, 1.0462e-04, 1.6498e-04, 2.6576e-05,
        1.1601e-05, 7.8286e-05, 5.6759e-05, 3.0137e-05, 2.2293e-04, 5.1332e-05,
        6.7288e-05, 7.7412e-05, 4.4334e-05, 1.1123e-04, 1.4523e-05, 6.8696e-06,
        2.1989e-04, 6.2408e-05, 4.4757e-05, 1.4507e-04, 9.8145e-05, 6.9336e-05,
        3.4489e-05, 8.4312e-05, 1.3009e-05, 1.8624e-04, 7.4540e-05, 5.7399e-05,
        9.2925e-05, 3.3142e-05, 2.9392e-05, 4.5795e-05, 3.2007e-05, 2.6636e-05,
        6.9903e-05, 4.0173e-05, 1.2707e-04, 1.1523e-04, 1.1156e-04, 3.8559e-05,
        8.2501e-05, 5.2873e-05, 1.8178e-05, 6.4275e-05, 1.1990e-04, 6.3931e-05,
        4.8152e-05, 2.5136e-05, 4.1736e-05, 6.4780e-06, 1.6891e-04, 1.0133e-04,
        3.5690e-05, 5.8150e-05, 9.3304e-05, 1.7736e-05, 4.8576e-05, 1.6121e-04,
        6.4923e-05, 4.1137e-05, 5.7712e-05, 3.4687e-05, 1.4889e-05, 1.2193e-04,
        3.0331e-05, 7.2571e-05, 2.8448e-05, 2.1145e-05, 5.0328e-05, 7.1094e-05,
        8.0091e-05, 2.0077e-05, 1.3166e-04, 1.7337e-05, 1.0941e-05, 4.5101e-05,
        2.8908e-05, 4.2069e-05, 2.8715e-06, 9.5131e-06, 5.7201e-05],
       grad_fn=<CatBackward>)

mean_overall=tensor(8.4597e-05, grad_fn=<MeanBackward0>)

-----------------------------------------------ITERATION350-----------------------------------------------

final_causality=[[1, 1, 1, 1, 1, 1, 1, 1, 1, 1, 1, 1, 1], [1, 1, 1, 1, 1, 1, 1, 1, 1, 1, 1, 1, 1, 1, 1, 1, 1, 1, 1, 1, 1, 1, 1, 1, 1, 1, 1, 1, 1, 1, 1, 1, 1, 1, 1, 1, 1, 1, 1, 1, 1, 1, 1, 1, 1, 1, 1, 1, 1, 1], [1, 1, 1, 1, 1, 1, 1, 1, 1, 1, 1, 1, 1, 1, 1, 1, 1, 1, 1, 1, 1, 1, 1, 1, 1, 1, 1, 1, 1, 1, 1, 1, 1, 1, 1, 1, 1, 1, 1, 1, 1, 1, 1, 1, 1, 1, 1, 1, 1, 1]]

means=tensor([2.0426e-05, 1.6511e-04, 2.8501e-04, 2.6155e-04, 1.1031e-04, 1.2213e-04,
        1.3323e-04, 2.6837e-04, 5.3783e-05, 3.7451e-04, 2.2678e-04, 1.7536e-04,
        6.7939e-05, 1.4176e-04, 3.3649e-05, 1.4824e-04, 2.8158e-05, 9.3888e-05,
        1.2652e-04, 6.9180e-05, 8.4641e-05, 8.1200e-05, 2.0735e-05, 1.0837e-04,
        2.0474e-04, 1.1312e-04, 1.5865e-04, 7.3885e-05, 4.0282e-05, 8.8285e-05,
        1.6119e-04, 2.0158e-04, 1.3217e-04, 1.0460e-04, 1.6501e-04, 2.6614e-05,
        1.1602e-05, 7.8259e-05, 5.6873e-05, 3.0106e-05, 2.2299e-04, 5.1354e-05,
        6.7419e-05, 7.7444e-05, 4.4289e-05, 1.1127e-04, 1.4529e-05, 6.8172e-06,
        2.1981e-04, 6.2324e-05, 4.4702e-05, 1.4523e-04, 9.8426e-05, 6.9477e-05,
        3.4507e-05, 8.4477e-05, 1.3065e-05, 1.8606e-04, 7.4707e-05, 5.7376e-05,
        9.2793e-05, 3.3100e-05, 2.9365e-05, 4.5613e-05, 3.1794e-05, 2.6626e-05,
        6.9962e-05, 4.0174e-05, 1.2683e-04, 1.1502e-04, 1.1182e-04, 3.8570e-05,
        8.2437e-05, 5.2834e-05, 1.8233e-05, 6.4063e-05, 1.2013e-04, 6.3882e-05,
        4.8230e-05, 2.5168e-05, 4.1813e-05, 6.4660e-06, 1.6890e-04, 1.0141e-04,
        3.5643e-05, 5.8175e-05, 9.3156e-05, 1.7717e-05, 4.8470e-05, 1.6122e-04,
        6.4888e-05, 4.1201e-05, 5.8050e-05, 3.4635e-05, 1.4927e-05, 1.2174e-04,
        3.0371e-05, 7.2653e-05, 2.8599e-05, 2.1083e-05, 5.0308e-05, 7.0886e-05,
        8.0299e-05, 2.0094e-05, 1.3157e-04, 1.7345e-05, 1.0950e-05, 4.5090e-05,
        2.8946e-05, 4.2160e-05, 2.8718e-06, 9.4887e-06, 5.7254e-05],
       grad_fn=<CatBackward>)

mean_overall=tensor(8.4594e-05, grad_fn=<MeanBackward0>)

-----------------------------------------------ITERATION360-----------------------------------------------

final_causality=[[1, 1, 1, 1, 1, 1, 1, 1, 1, 1, 1, 1, 1], [1, 1, 1, 1, 1, 1, 1, 1, 1, 1, 1, 1, 1, 1, 1, 1, 1, 1, 1, 1, 1, 1, 1, 1, 1, 1, 1, 1, 1, 1, 1, 1, 1, 1, 1, 1, 1, 1, 1, 1, 1, 1, 1, 1, 1, 1, 1, 1, 1, 1], [1, 1, 1, 1, 1, 1, 1, 1, 1, 1, 1, 1, 1, 1, 1, 1, 1, 1, 1, 1, 1, 1, 1, 1, 1, 1, 1, 1, 1, 1, 1, 1, 1, 1, 1, 1, 1, 1, 1, 1, 1, 1, 1, 1, 1, 1, 1, 1, 1, 1]]

means=tensor([2.0763e-05, 1.6582e-04, 2.8472e-04, 2.5717e-04, 1.1195e-04, 1.2226e-04,
        1.3288e-04, 2.6929e-04, 5.3041e-05, 3.7449e-04, 2.2714e-04, 1.7579e-04,
        6.8072e-05, 1.4205e-04, 3.3675e-05, 1.4852e-04, 2.8144e-05, 9.3754e-05,
        1.2641e-04, 6.9310e-05, 8.4655e-05, 8.1474e-05, 2.0743e-05, 1.0826e-04,
        2.0469e-04, 1.1300e-04, 1.5857e-04, 7.3826e-05, 4.0212e-05, 8.8130e-05,
        1.6111e-04, 2.0193e-04, 1.3218e-04, 1.0457e-04, 1.6504e-04, 2.6653e-05,
        1.1603e-05, 7.8232e-05, 5.6989e-05, 3.0074e-05, 2.2305e-04, 5.1375e-05,
        6.7551e-05, 7.7476e-05, 4.4243e-05, 1.1132e-04, 1.4536e-05, 6.7643e-06,
        2.1974e-04, 6.2240e-05, 4.4647e-05, 1.4539e-04, 9.8709e-05, 6.9619e-05,
        3.4526e-05, 8.4642e-05, 1.3121e-05, 1.8589e-04, 7.4875e-05, 5.7354e-05,
        9.2660e-05, 3.3057e-05, 2.9338e-05, 4.5430e-05, 3.1579e-05, 2.6616e-05,
        7.0022e-05, 4.0175e-05, 1.2659e-04, 1.1482e-04, 1.1209e-04, 3.8582e-05,
        8.2373e-05, 5.2796e-05, 1.8289e-05, 6.3849e-05, 1.2035e-04, 6.3832e-05,
        4.8309e-05, 2.5201e-05, 4.1891e-05, 6.4541e-06, 1.6888e-04, 1.0149e-04,
        3.5595e-05, 5.8200e-05, 9.3007e-05, 1.7698e-05, 4.8365e-05, 1.6124e-04,
        6.4853e-05, 4.1266e-05, 5.8389e-05, 3.4582e-05, 1.4967e-05, 1.2154e-04,
        3.0412e-05, 7.2735e-05, 2.8750e-05, 2.1021e-05, 5.0287e-05, 7.0677e-05,
        8.0570e-05, 2.0111e-05, 1.3148e-04, 1.7353e-05, 1.0958e-05, 4.5078e-05,
        2.8986e-05, 4.2251e-05, 2.8720e-06, 9.4835e-06, 5.7307e-05],
       grad_fn=<CatBackward>)

mean_overall=tensor(8.4592e-05, grad_fn=<MeanBackward0>)

-----------------------------------------------ITERATION370-----------------------------------------------

final_causality=[[1, 1, 1, 1, 1, 1, 1, 1, 1, 1, 1, 1, 1], [1, 1, 1, 1, 1, 1, 1, 1, 1, 1, 1, 1, 1, 1, 1, 1, 1, 1, 1, 1, 1, 1, 1, 1, 1, 1, 1, 1, 1, 1, 1, 1, 1, 1, 1, 1, 1, 1, 1, 1, 1, 1, 1, 1, 1, 1, 1, 1, 1, 1], [1, 1, 1, 1, 1, 1, 1, 1, 1, 1, 1, 1, 1, 1, 1, 1, 1, 1, 1, 1, 1, 1, 1, 1, 1, 1, 1, 1, 1, 1, 1, 1, 1, 1, 1, 1, 1, 1, 1, 1, 1, 1, 1, 1, 1, 1, 1, 1, 1, 1]]

means=tensor([2.1103e-05, 1.6654e-04, 2.8443e-04, 2.5277e-04, 1.1362e-04, 1.2239e-04,
        1.3253e-04, 2.7022e-04, 5.2295e-05, 3.7447e-04, 2.2749e-04, 1.7624e-04,
        6.8207e-05, 1.4233e-04, 3.3701e-05, 1.4879e-04, 2.8129e-05, 9.3619e-05,
        1.2630e-04, 6.9441e-05, 8.4670e-05, 8.1750e-05, 2.0751e-05, 1.0815e-04,
        2.0464e-04, 1.1287e-04, 1.5848e-04, 7.3767e-05, 4.0142e-05, 8.7974e-05,
        1.6103e-04, 2.0229e-04, 1.3220e-04, 1.0454e-04, 1.6507e-04, 2.6691e-05,
        1.1603e-05, 7.8205e-05, 5.7105e-05, 3.0042e-05, 2.2310e-04, 5.1397e-05,
        6.7684e-05, 7.7508e-05, 4.4197e-05, 1.1136e-04, 1.4542e-05, 6.7108e-06,
        2.1967e-04, 6.2154e-05, 4.4591e-05, 1.4556e-04, 9.8994e-05, 6.9762e-05,
        3.4545e-05, 8.4808e-05, 1.3178e-05, 1.8571e-04, 7.5044e-05, 5.7332e-05,
        9.2526e-05, 3.3014e-05, 2.9312e-05, 4.5246e-05, 3.1364e-05, 2.6606e-05,
        7.0083e-05, 4.0177e-05, 1.2635e-04, 1.1461e-04, 1.1236e-04, 3.8594e-05,
        8.2309e-05, 5.2757e-05, 1.8346e-05, 6.3634e-05, 1.2058e-04, 6.3781e-05,
        4.8388e-05, 2.5233e-05, 4.1969e-05, 6.4421e-06, 1.6886e-04, 1.0157e-04,
        3.5546e-05, 5.8225e-05, 9.2857e-05, 1.7678e-05, 4.8259e-05, 1.6125e-04,
        6.4818e-05, 4.1331e-05, 5.8731e-05, 3.4530e-05, 1.5006e-05, 1.2134e-04,
        3.0453e-05, 7.2817e-05, 2.8903e-05, 2.0958e-05, 5.0267e-05, 7.0467e-05,
        8.0842e-05, 2.0128e-05, 1.3139e-04, 1.7362e-05, 1.0967e-05, 4.5067e-05,
        2.9025e-05, 4.2343e-05, 2.8723e-06, 9.4864e-06, 5.7361e-05],
       grad_fn=<CatBackward>)

mean_overall=tensor(8.4591e-05, grad_fn=<MeanBackward0>)

-----------------------------------------------ITERATION380-----------------------------------------------

final_causality=[[1, 1, 1, 1, 1, 1, 1, 1, 1, 1, 1, 1, 1], [1, 1, 1, 1, 1, 1, 1, 1, 1, 1, 1, 1, 1, 1, 1, 1, 1, 1, 1, 1, 1, 1, 1, 1, 1, 1, 1, 1, 1, 1, 1, 1, 1, 1, 1, 1, 1, 1, 1, 1, 1, 1, 1, 1, 1, 1, 1, 1, 1, 1], [1, 1, 1, 1, 1, 1, 1, 1, 1, 1, 1, 1, 1, 1, 1, 1, 1, 1, 1, 1, 1, 1, 1, 1, 1, 1, 1, 1, 1, 1, 1, 1, 1, 1, 1, 1, 1, 1, 1, 1, 1, 1, 1, 1, 1, 1, 1, 1, 1, 1]]

means=tensor([2.1446e-05, 1.6726e-04, 2.8414e-04, 2.4836e-04, 1.1529e-04, 1.2252e-04,
        1.3216e-04, 2.7116e-04, 5.1544e-05, 3.7446e-04, 2.2785e-04, 1.7668e-04,
        6.8344e-05, 1.4262e-04, 3.3727e-05, 1.4907e-04, 2.8114e-05, 9.3483e-05,
        1.2618e-04, 6.9573e-05, 8.4685e-05, 8.2029e-05, 2.0759e-05, 1.0804e-04,
        2.0459e-04, 1.1275e-04, 1.5840e-04, 7.3708e-05, 4.0071e-05, 8.7816e-05,
        1.6095e-04, 2.0266e-04, 1.3221e-04, 1.0452e-04, 1.6511e-04, 2.6731e-05,
        1.1604e-05, 7.8177e-05, 5.7222e-05, 3.0010e-05, 2.2316e-04, 5.1419e-05,
        6.7816e-05, 7.7541e-05, 4.4150e-05, 1.1141e-04, 1.4548e-05, 6.6568e-06,
        2.1959e-04, 6.2069e-05, 4.4536e-05, 1.4572e-04, 9.9281e-05, 6.9907e-05,
        3.4564e-05, 8.4975e-05, 1.3236e-05, 1.8553e-04, 7.5214e-05, 5.7309e-05,
        9.2392e-05, 3.2971e-05, 2.9285e-05, 4.5060e-05, 3.1146e-05, 2.6596e-05,
        7.0144e-05, 4.0179e-05, 1.2611e-04, 1.1441e-04, 1.1263e-04, 3.8606e-05,
        8.2244e-05, 5.2718e-05, 1.8403e-05, 6.3418e-05, 1.2080e-04, 6.3731e-05,
        4.8467e-05, 2.5266e-05, 4.2048e-05, 6.4300e-06, 1.6885e-04, 1.0165e-04,
        3.5497e-05, 5.8250e-05, 9.2706e-05, 1.7659e-05, 4.8152e-05, 1.6127e-04,
        6.4783e-05, 4.1397e-05, 5.9074e-05, 3.4477e-05, 1.5046e-05, 1.2115e-04,
        3.0495e-05, 7.2900e-05, 2.9056e-05, 2.0896e-05, 5.0246e-05, 7.0255e-05,
        8.1116e-05, 2.0145e-05, 1.3129e-04, 1.7370e-05, 1.0975e-05, 4.5055e-05,
        2.9064e-05, 4.2435e-05, 2.8726e-06, 9.4893e-06, 5.7415e-05],
       grad_fn=<CatBackward>)

mean_overall=tensor(8.4591e-05, grad_fn=<MeanBackward0>)

-----------------------------------------------ITERATION390-----------------------------------------------

final_causality=[[1, 1, 1, 1, 1, 1, 1, 1, 1, 1, 1, 1, 1], [1, 1, 1, 1, 1, 1, 1, 1, 1, 1, 1, 1, 1, 1, 1, 1, 1, 1, 1, 1, 1, 1, 1, 1, 1, 1, 1, 1, 1, 1, 1, 1, 1, 1, 1, 1, 1, 1, 1, 1, 1, 1, 1, 1, 1, 1, 1, 1, 1, 1], [1, 1, 1, 1, 1, 1, 1, 1, 1, 1, 1, 1, 1, 1, 1, 1, 1, 1, 1, 1, 1, 1, 1, 1, 1, 1, 1, 1, 1, 1, 1, 1, 1, 1, 1, 1, 1, 1, 1, 1, 1, 1, 1, 1, 1, 1, 1, 1, 1, 1]]

means=tensor([2.1791e-05, 1.6798e-04, 2.8385e-04, 2.4392e-04, 1.1699e-04, 1.2265e-04,
        1.3180e-04, 2.7210e-04, 5.0790e-05, 3.7445e-04, 2.2822e-04, 1.7714e-04,
        6.8483e-05, 1.4291e-04, 3.3754e-05, 1.4935e-04, 2.8099e-05, 9.3347e-05,
        1.2607e-04, 6.9705e-05, 8.4701e-05, 8.2309e-05, 2.0767e-05, 1.0793e-04,
        2.0454e-04, 1.1265e-04, 1.5831e-04, 7.3648e-05, 4.0000e-05, 8.7658e-05,
        1.6087e-04, 2.0302e-04, 1.3222e-04, 1.0449e-04, 1.6514e-04, 2.6771e-05,
        1.1605e-05, 7.8150e-05, 5.7339e-05, 2.9977e-05, 2.2322e-04, 5.1440e-05,
        6.7949e-05, 7.7573e-05, 4.4104e-05, 1.1146e-04, 1.4555e-05, 6.6024e-06,
        2.1952e-04, 6.1983e-05, 4.4480e-05, 1.4589e-04, 9.9571e-05, 7.0052e-05,
        3.4584e-05, 8.5143e-05, 1.3294e-05, 1.8535e-04, 7.5386e-05, 5.7287e-05,
        9.2258e-05, 3.2927e-05, 2.9258e-05, 4.4875e-05, 3.0928e-05, 2.6586e-05,
        7.0205e-05, 4.0180e-05, 1.2587e-04, 1.1420e-04, 1.1290e-04, 3.8618e-05,
        8.2179e-05, 5.2679e-05, 1.8460e-05, 6.3200e-05, 1.2103e-04, 6.3680e-05,
        4.8547e-05, 2.5299e-05, 4.2127e-05, 6.4180e-06, 1.6883e-04, 1.0173e-04,
        3.5448e-05, 5.8275e-05, 9.2554e-05, 1.7639e-05, 4.8046e-05, 1.6129e-04,
        6.4748e-05, 4.1463e-05, 5.9419e-05, 3.4425e-05, 1.5086e-05, 1.2095e-04,
        3.0536e-05, 7.2983e-05, 2.9210e-05, 2.0832e-05, 5.0226e-05, 7.0043e-05,
        8.1391e-05, 2.0162e-05, 1.3120e-04, 1.7378e-05, 1.0984e-05, 4.5043e-05,
        2.9104e-05, 4.2527e-05, 2.8729e-06, 9.4923e-06, 5.7469e-05],
       grad_fn=<CatBackward>)

mean_overall=tensor(8.4590e-05, grad_fn=<MeanBackward0>)

-----------------------------------------------ITERATION400-----------------------------------------------

final_causality=[[1, 1, 1, 1, 1, 1, 1, 1, 1, 1, 1, 1, 1], [1, 1, 1, 1, 1, 1, 1, 1, 1, 1, 1, 1, 1, 1, 1, 1, 1, 1, 1, 1, 1, 1, 1, 1, 1, 1, 1, 1, 1, 1, 1, 1, 1, 1, 1, 1, 1, 1, 1, 1, 1, 1, 1, 1, 1, 1, 1, 1, 1, 1], [1, 1, 1, 1, 1, 1, 1, 1, 1, 1, 1, 1, 1, 1, 1, 1, 1, 1, 1, 1, 1, 1, 1, 1, 1, 1, 1, 1, 1, 1, 1, 1, 1, 1, 1, 1, 1, 1, 1, 1, 1, 1, 1, 1, 1, 1, 1, 1, 1, 1]]

means=tensor([2.2139e-05, 1.6870e-04, 2.8357e-04, 2.3947e-04, 1.1870e-04, 1.2278e-04,
        1.3143e-04, 2.7305e-04, 5.0033e-05, 3.7445e-04, 2.2859e-04, 1.7759e-04,
        6.8624e-05, 1.4320e-04, 3.3781e-05, 1.4963e-04, 2.8083e-05, 9.3211e-05,
        1.2596e-04, 6.9838e-05, 8.4717e-05, 8.2592e-05, 2.0776e-05, 1.0781e-04,
        2.0450e-04, 1.1254e-04, 1.5823e-04, 7.3589e-05, 3.9928e-05, 8.7499e-05,
        1.6079e-04, 2.0339e-04, 1.3223e-04, 1.0447e-04, 1.6517e-04, 2.6811e-05,
        1.1606e-05, 7.8122e-05, 5.7457e-05, 2.9945e-05, 2.2329e-04, 5.1462e-05,
        6.8081e-05, 7.7606e-05, 4.4057e-05, 1.1150e-04, 1.4561e-05, 6.5474e-06,
        2.1944e-04, 6.1896e-05, 4.4424e-05, 1.4606e-04, 9.9862e-05, 7.0199e-05,
        3.4604e-05, 8.5311e-05, 1.3352e-05, 1.8516e-04, 7.5558e-05, 5.7264e-05,
        9.2122e-05, 3.2883e-05, 2.9231e-05, 4.4688e-05, 3.0708e-05, 2.6576e-05,
        7.0267e-05, 4.0182e-05, 1.2562e-04, 1.1400e-04, 1.1317e-04, 3.8630e-05,
        8.2113e-05, 5.2640e-05, 1.8518e-05, 6.2982e-05, 1.2126e-04, 6.3628e-05,
        4.8627e-05, 2.5332e-05, 4.2206e-05, 6.4060e-06, 1.6881e-04, 1.0181e-04,
        3.5399e-05, 5.8300e-05, 9.2402e-05, 1.7620e-05, 4.7939e-05, 1.6130e-04,
        6.4712e-05, 4.1530e-05, 5.9765e-05, 3.4372e-05, 1.5126e-05, 1.2075e-04,
        3.0577e-05, 7.3066e-05, 2.9366e-05, 2.0769e-05, 5.0205e-05, 6.9830e-05,
        8.1667e-05, 2.0180e-05, 1.3111e-04, 1.7386e-05, 1.0992e-05, 4.5031e-05,
        2.9144e-05, 4.2620e-05, 2.8731e-06, 9.4954e-06, 5.7524e-05],
       grad_fn=<CatBackward>)

mean_overall=tensor(8.4590e-05, grad_fn=<MeanBackward0>)

-----------------------------------------------ITERATION410-----------------------------------------------

final_causality=[[1, 1, 1, 1, 1, 1, 1, 1, 1, 1, 1, 1, 1], [1, 1, 1, 1, 1, 1, 1, 1, 1, 1, 1, 1, 1, 1, 1, 1, 1, 1, 1, 1, 1, 1, 1, 1, 1, 1, 1, 1, 1, 1, 1, 1, 1, 1, 1, 1, 1, 1, 1, 1, 1, 1, 1, 1, 1, 1, 1, 1, 1, 1], [1, 1, 1, 1, 1, 1, 1, 1, 1, 1, 1, 1, 1, 1, 1, 1, 1, 1, 1, 1, 1, 1, 1, 1, 1, 1, 1, 1, 1, 1, 1, 1, 1, 1, 1, 1, 1, 1, 1, 1, 1, 1, 1, 1, 1, 1, 1, 1, 1, 1]]

means=tensor([2.2488e-05, 1.6943e-04, 2.8328e-04, 2.3500e-04, 1.2042e-04, 1.2292e-04,
        1.3106e-04, 2.7400e-04, 4.9272e-05, 3.7445e-04, 2.2896e-04, 1.7805e-04,
        6.8767e-05, 1.4349e-04, 3.3807e-05, 1.4991e-04, 2.8068e-05, 9.3074e-05,
        1.2585e-04, 6.9973e-05, 8.4733e-05, 8.2876e-05, 2.0784e-05, 1.0770e-04,
        2.0445e-04, 1.1243e-04, 1.5814e-04, 7.3529e-05, 3.9856e-05, 8.7339e-05,
        1.6071e-04, 2.0376e-04, 1.3225e-04, 1.0444e-04, 1.6520e-04, 2.6851e-05,
        1.1607e-05, 7.8094e-05, 5.7576e-05, 2.9912e-05, 2.2335e-04, 5.1483e-05,
        6.8214e-05, 7.7639e-05, 4.4010e-05, 1.1155e-04, 1.4568e-05, 6.4920e-06,
        2.1936e-04, 6.1809e-05, 4.4368e-05, 1.4623e-04, 1.0015e-04, 7.0346e-05,
        3.4624e-05, 8.5480e-05, 1.3411e-05, 1.8498e-04, 7.5732e-05, 5.7242e-05,
        9.1987e-05, 3.2839e-05, 2.9204e-05, 4.4501e-05, 3.0487e-05, 2.6565e-05,
        7.0329e-05, 4.0184e-05, 1.2538e-04, 1.1379e-04, 1.1344e-04, 3.8642e-05,
        8.2048e-05, 5.2601e-05, 1.8576e-05, 6.2763e-05, 1.2149e-04, 6.3577e-05,
        4.8708e-05, 2.5365e-05, 4.2286e-05, 6.3939e-06, 1.6880e-04, 1.0189e-04,
        3.5349e-05, 5.8326e-05, 9.2248e-05, 1.7600e-05, 4.7832e-05, 1.6132e-04,
        6.4677e-05, 4.1597e-05, 6.0111e-05, 3.4319e-05, 1.5166e-05, 1.2055e-04,
        3.0618e-05, 7.3150e-05, 2.9521e-05, 2.0705e-05, 5.0184e-05, 6.9616e-05,
        8.1945e-05, 2.0197e-05, 1.3102e-04, 1.7394e-05, 1.1001e-05, 4.5019e-05,
        2.9184e-05, 4.2712e-05, 2.8734e-06, 9.4985e-06, 5.7579e-05],
       grad_fn=<CatBackward>)

mean_overall=tensor(8.4590e-05, grad_fn=<MeanBackward0>)

-----------------------------------------------ITERATION420-----------------------------------------------

final_causality=[[1, 1, 1, 1, 1, 1, 1, 1, 1, 1, 1, 1, 1], [1, 1, 1, 1, 1, 1, 1, 1, 1, 1, 1, 1, 1, 1, 1, 1, 1, 1, 1, 1, 1, 1, 1, 1, 1, 1, 1, 1, 1, 1, 1, 1, 1, 1, 1, 1, 1, 1, 1, 1, 1, 1, 1, 1, 1, 1, 1, 1, 1, 1], [1, 1, 1, 1, 1, 1, 1, 1, 1, 1, 1, 1, 1, 1, 1, 1, 1, 1, 1, 1, 1, 1, 1, 1, 1, 1, 1, 1, 1, 1, 1, 1, 1, 1, 1, 1, 1, 1, 1, 1, 1, 1, 1, 1, 1, 1, 1, 1, 1, 1]]

means=tensor([2.2840e-05, 1.7016e-04, 2.8299e-04, 2.3053e-04, 1.2216e-04, 1.2306e-04,
        1.3068e-04, 2.7496e-04, 4.8509e-05, 3.7446e-04, 2.2934e-04, 1.7851e-04,
        6.8911e-05, 1.4378e-04, 3.3835e-05, 1.5019e-04, 2.8053e-05, 9.2937e-05,
        1.2573e-04, 7.0107e-05, 8.4750e-05, 8.3161e-05, 2.0792e-05, 1.0759e-04,
        2.0440e-04, 1.1233e-04, 1.5805e-04, 7.3470e-05, 3.9783e-05, 8.7178e-05,
        1.6063e-04, 2.0413e-04, 1.3226e-04, 1.0441e-04, 1.6524e-04, 2.6892e-05,
        1.1608e-05, 7.8066e-05, 5.7695e-05, 2.9879e-05, 2.2341e-04, 5.1504e-05,
        6.8346e-05, 7.7673e-05, 4.3962e-05, 1.1160e-04, 1.4574e-05, 6.4361e-06,
        2.1929e-04, 6.1721e-05, 4.4312e-05, 1.4640e-04, 1.0045e-04, 7.0494e-05,
        3.4645e-05, 8.5649e-05, 1.3469e-05, 1.8479e-04, 7.5906e-05, 5.7220e-05,
        9.1851e-05, 3.2795e-05, 2.9178e-05, 4.4313e-05, 3.0265e-05, 2.6555e-05,
        7.0392e-05, 4.0186e-05, 1.2513e-04, 1.1358e-04, 1.1372e-04, 3.8663e-05,
        8.1982e-05, 5.2561e-05, 1.8634e-05, 6.2543e-05, 1.2172e-04, 6.3525e-05,
        4.8789e-05, 2.5399e-05, 4.2366e-05, 6.3819e-06, 1.6878e-04, 1.0197e-04,
        3.5299e-05, 5.8351e-05, 9.2094e-05, 1.7581e-05, 4.7724e-05, 1.6134e-04,
        6.4641e-05, 4.1664e-05, 6.0459e-05, 3.4266e-05, 1.5207e-05, 1.2035e-04,
        3.0659e-05, 7.3233e-05, 2.9678e-05, 2.0642e-05, 5.0163e-05, 6.9402e-05,
        8.2223e-05, 2.0215e-05, 1.3092e-04, 1.7402e-05, 1.1010e-05, 4.5007e-05,
        2.9225e-05, 4.2805e-05, 2.8737e-06, 9.5017e-06, 5.7634e-05],
       grad_fn=<CatBackward>)

mean_overall=tensor(8.4591e-05, grad_fn=<MeanBackward0>)

-----------------------------------------------ITERATION430-----------------------------------------------

final_causality=[[1, 1, 1, 1, 1, 1, 1, 1, 1, 1, 1, 1, 1], [1, 1, 1, 1, 1, 1, 1, 1, 1, 1, 1, 1, 1, 1, 1, 1, 1, 1, 1, 1, 1, 1, 1, 1, 1, 1, 1, 1, 1, 1, 1, 1, 1, 1, 1, 1, 1, 1, 1, 1, 1, 1, 1, 1, 1, 1, 1, 1, 1, 1], [1, 1, 1, 1, 1, 1, 1, 1, 1, 1, 1, 1, 1, 1, 1, 1, 1, 1, 1, 1, 1, 1, 1, 1, 1, 1, 1, 1, 1, 1, 1, 1, 1, 1, 1, 1, 1, 1, 1, 1, 1, 1, 1, 1, 1, 1, 1, 1, 1, 1]]

means=tensor([2.3193e-05, 1.7088e-04, 2.8270e-04, 2.2604e-04, 1.2391e-04, 1.2320e-04,
        1.3030e-04, 2.7593e-04, 4.7743e-05, 3.7447e-04, 2.2972e-04, 1.7898e-04,
        6.9058e-05, 1.4407e-04, 3.3862e-05, 1.5048e-04, 2.8037e-05, 9.2800e-05,
        1.2562e-04, 7.0243e-05, 8.4767e-05, 8.3448e-05, 2.0800e-05, 1.0747e-04,
        2.0435e-04, 1.1222e-04, 1.5797e-04, 7.3410e-05, 3.9710e-05, 8.7017e-05,
        1.6055e-04, 2.0450e-04, 1.3228e-04, 1.0439e-04, 1.6527e-04, 2.6934e-05,
        1.1609e-05, 7.8038e-05, 5.7814e-05, 2.9845e-05, 2.2348e-04, 5.1525e-05,
        6.8478e-05, 7.7706e-05, 4.3915e-05, 1.1164e-04, 1.4581e-05, 6.3799e-06,
        2.1921e-04, 6.1633e-05, 4.4256e-05, 1.4657e-04, 1.0075e-04, 7.0643e-05,
        3.4666e-05, 8.5818e-05, 1.3529e-05, 1.8461e-04, 7.6081e-05, 5.7197e-05,
        9.1714e-05, 3.2750e-05, 2.9151e-05, 4.4125e-05, 3.0042e-05, 2.6545e-05,
        7.0455e-05, 4.0189e-05, 1.2489e-04, 1.1338e-04, 1.1399e-04, 3.8738e-05,
        8.1915e-05, 5.2521e-05, 1.8693e-05, 6.2322e-05, 1.2195e-04, 6.3474e-05,
        4.8871e-05, 2.5432e-05, 4.2446e-05, 6.3699e-06, 1.6876e-04, 1.0206e-04,
        3.5249e-05, 5.8376e-05, 9.1939e-05, 1.7561e-05, 4.7617e-05, 1.6135e-04,
        6.4605e-05, 4.1732e-05, 6.0807e-05, 3.4213e-05, 1.5248e-05, 1.2015e-04,
        3.0700e-05, 7.3317e-05, 2.9835e-05, 2.0577e-05, 5.0142e-05, 6.9187e-05,
        8.2502e-05, 2.0233e-05, 1.3083e-04, 1.7411e-05, 1.1018e-05, 4.4994e-05,
        2.9265e-05, 4.2897e-05, 2.8740e-06, 9.5050e-06, 5.7690e-05],
       grad_fn=<CatBackward>)

mean_overall=tensor(8.4592e-05, grad_fn=<MeanBackward0>)

-----------------------------------------------ITERATION440-----------------------------------------------

final_causality=[[1, 1, 1, 1, 1, 1, 1, 1, 1, 1, 1, 1, 1], [1, 1, 1, 1, 1, 1, 1, 1, 1, 1, 1, 1, 1, 1, 1, 1, 1, 1, 1, 1, 1, 1, 1, 1, 1, 1, 1, 1, 1, 1, 1, 1, 1, 1, 1, 1, 1, 1, 1, 1, 1, 1, 1, 1, 1, 1, 1, 1, 1, 1], [1, 1, 1, 1, 1, 1, 1, 1, 1, 1, 1, 1, 1, 1, 1, 1, 1, 1, 1, 1, 1, 1, 1, 1, 1, 1, 1, 1, 1, 1, 1, 1, 1, 1, 1, 1, 1, 1, 1, 1, 1, 1, 1, 1, 1, 1, 1, 1, 1, 1]]

means=tensor([2.3549e-05, 1.7161e-04, 2.8242e-04, 2.2155e-04, 1.2568e-04, 1.2334e-04,
        1.2991e-04, 2.7690e-04, 4.6975e-05, 3.7449e-04, 2.3011e-04, 1.7945e-04,
        6.9207e-05, 1.4437e-04, 3.3889e-05, 1.5077e-04, 2.8021e-05, 9.2662e-05,
        1.2551e-04, 7.0379e-05, 8.4784e-05, 8.3737e-05, 2.0808e-05, 1.0736e-04,
        2.0430e-04, 1.1211e-04, 1.5788e-04, 7.3350e-05, 3.9637e-05, 8.6854e-05,
        1.6047e-04, 2.0487e-04, 1.3229e-04, 1.0436e-04, 1.6530e-04, 2.6975e-05,
        1.1610e-05, 7.8010e-05, 5.7934e-05, 2.9812e-05, 2.2354e-04, 5.1546e-05,
        6.8610e-05, 7.7740e-05, 4.3868e-05, 1.1169e-04, 1.4588e-05, 6.3232e-06,
        2.1913e-04, 6.1545e-05, 4.4200e-05, 1.4675e-04, 1.0104e-04, 7.0793e-05,
        3.4687e-05, 8.5988e-05, 1.3588e-05, 1.8442e-04, 7.6257e-05, 5.7175e-05,
        9.1578e-05, 3.2705e-05, 2.9124e-05, 4.3937e-05, 2.9818e-05, 2.6535e-05,
        7.0518e-05, 4.0191e-05, 1.2464e-04, 1.1317e-04, 1.1427e-04, 3.8814e-05,
        8.1849e-05, 5.2482e-05, 1.8752e-05, 6.2101e-05, 1.2219e-04, 6.3422e-05,
        4.8953e-05, 2.5465e-05, 4.2526e-05, 6.3579e-06, 1.6874e-04, 1.0214e-04,
        3.5199e-05, 5.8402e-05, 9.1784e-05, 1.7542e-05, 4.7510e-05, 1.6137e-04,
        6.4638e-05, 4.1801e-05, 6.1156e-05, 3.4161e-05, 1.5289e-05, 1.1995e-04,
        3.0741e-05, 7.3401e-05, 2.9993e-05, 2.0513e-05, 5.0121e-05, 6.8971e-05,
        8.2782e-05, 2.0250e-05, 1.3074e-04, 1.7419e-05, 1.1027e-05, 4.4982e-05,
        2.9306e-05, 4.2990e-05, 2.8743e-06, 9.5083e-06, 5.7746e-05],
       grad_fn=<CatBackward>)

mean_overall=tensor(8.4594e-05, grad_fn=<MeanBackward0>)

