loss_training=[0.17641741296063912, 0.03314626372677547, 0.0022313792275772027, 0.006836165502500005, 0.0035099793556716543, 0.002264288339993256, 0.002480642700736285, 0.0022088681509345454, 0.002226997914732399, 0.002201869098257404, 0.0021976879681505105, 0.0021941217471337046, 0.002191398940367691, 0.0021890824566180907, 0.0021867511634035713, 0.002184398158472506, 0.0021819954182171514, 0.002179523858672589, 0.002176993831781106, 0.0021744001820398376, 0.002171748173161915, 0.0021690386025867707, 0.0021662740262831746, 0.0021634562959957685, 0.002160587341167993, 0.0021576686708613194, 0.0021547020698727175, 0.0021516890201745066, 0.0021486309226800165, 0.0021455291279893303, 0.002142384882787869, 0.0021391993451671735, 0.0021359735937014628, 0.002132708634755899, 0.002129405404450652, 0.0021260647714947587, 0.002122687545714268, 0.002119274474873365, 0.0021158262539412807, 0.0021123435223783394, 0.0021088268663071834, 0.002105276829758987, 0.002101693907185698, 0.0020980785537081073, 0.0020944311807917348]

test_loss_training=[0.04153742578730983, 0.06309338438987548, 0.14825266626613767, 0.18446382844502882, 0.15759327009294816, 0.13051701719258832, 0.12723140750534603, 0.13597193627543638, 0.14025101799830428, 0.13780873868055318, 0.13562786188331566, 0.13612362612608847, 0.13686891923932923, 0.13659590903913676, 0.1361985171202015, 0.1361839625391631, 0.1361865522861398, 0.13604015202381128, 0.1359047435897185, 0.13581786369806045, 0.13571200401296699, 0.1355889320694302, 0.13547346793474588, 0.13535767210059027, 0.13523511658824922, 0.1351111321664933, 0.1349861191495434, 0.13485805941012255, 0.13472779148285263, 0.13459574544364863, 0.134461486968532, 0.13432516219979715, 0.1341869200869626, 0.13404669013268256, 0.13390452097748076, 0.13376046446398399, 0.13361452205119032, 0.13346672103188492, 0.13331708497037284, 0.1331656258843635, 0.13301236051751825, 0.13285730189126732, 0.13270045969209052, 0.13254184318917372, 0.1323814590400038]

loss_control_training_MSE=[0.15610914792849523, 0.02589494522895337, 0.002504965791467406, 0.006809415357589352, 0.003165425070822813, 0.002312673712683312, 0.002451550006779027, 0.0022027147905948493, 0.002227566659059031, 0.0021997507179756038, 0.0021979247519530454, 0.0021936695497771284, 0.0021913094510802368, 0.0021888860276987913, 0.00218659585628484, 0.002184223739678231, 0.0021818196619374543, 0.002179340663149074, 0.0021768048193787615, 0.0021742053029801607, 0.0021715475972086343, 0.0021688326221778373, 0.0021660628116003107, 0.0021632400607253825, 0.002160366240979494, 0.0021574429805914547, 0.0021544719240990124, 0.00215145459718318, 0.0021483923856311163, 0.002145286617252656, 0.0021421385265652936, 0.0021389492625727372, 0.0021357198962730726, 0.0021324514257492658, 0.0021291447804248752, 0.002125800824746577, 0.002122420361494121, 0.0021190041348720296, 0.002115552833381002, 0.0021120670925077484, 0.0021085474972665236, 0.0021049945846086894, 0.0021014088457155765, 0.0020977907281895932, 0.0020941406381525325]

variances=[2.165633982487101e-09, 2.147363486434121e-09, 2.546529198727086e-09, 2.7478397902411025e-09, 2.6406353658055648e-09, 2.5122568018650458e-09, 2.496776584714334e-09, 2.5410588445929974e-09, 2.5744047545664634e-09, 2.5787168695597235e-09, 2.583953638770931e-09, 2.6036293858382943e-09, 2.628311694840284e-09, 2.651572992183813e-09, 2.6770124305320677e-09, 2.7075276147346507e-09, 2.7418604490569575e-09, 2.7792804430648264e-09, 2.8206410081404546e-09, 2.8663973099254687e-09, 2.9163558470710262e-09, 2.9706460078127013e-09, 3.0296159181690247e-09, 3.093482726056215e-09, 3.165757833417529e-09, 3.228957740661163e-09, 3.3021084362264785e-09, 3.3767727628972886e-09, 3.454370914030759e-09, 3.5374904121078e-09, 3.6264217488560432e-09, 3.7213921966679754e-09, 3.82259829503511e-09, 3.930265905390902e-09, 4.044587393756815e-09, 4.165769244995459e-09, 4.294028199411979e-09, 4.4293591612838485e-09, 4.572003969742995e-09, 4.722207403600768e-09, 4.880046083030329e-09, 5.045926195578337e-09, 5.219778900028437e-09, 5.4019746280254254e-09, 5.592806843911933e-09]

ACE_values=[6.175527163632515e-05, 6.304521669194071e-05, 6.647448218401751e-05, 6.821157546409039e-05, 6.71162108194663e-05, 6.584621681153302e-05, 6.563839124498183e-05, 6.610736344489241e-05, 6.64296016646032e-05, 6.643525493220958e-05, 6.643012975515985e-05, 6.655793569269494e-05, 6.671595987651726e-05, 6.683411155760523e-05, 6.694730668109654e-05, 6.708416420315876e-05, 6.722919767204677e-05, 6.737198909146158e-05, 6.751965648092754e-05, 6.767489490182937e-05, 6.783567266411564e-05, 6.800615343163465e-05, 6.818376886795866e-05, 6.836841004015333e-05, 6.853153427812199e-05, 6.881394292079692e-05, 6.906571166740117e-05, 6.935220212496907e-05, 6.966532914086436e-05, 6.999027007453131e-05, 7.032397435879703e-05, 7.066549346264046e-05, 7.10148087592199e-05, 7.13707267419786e-05, 7.173324210193052e-05, 7.210443743567404e-05, 7.248329041096915e-05, 7.287196613755397e-05, 7.326944282202973e-05, 7.367693160820555e-05, 7.409826079994648e-05, 7.453105196141942e-05, 7.497651123264761e-05, 7.54313822835666e-05, 7.589437735819892e-05]

-------------------------------CAUSAL NEURAL NET-------------------------------

loss_test_causal=tensor(0.1322, grad_fn=<MseLossBackward>)

