-----------------------------------------------ITERATION0-----------------------------------------------

final_causality=[[1, 1, 1, 1, 1, 1, 1, 1, 1, 1, 1, 1, 1], [1, 1, 1, 1, 1, 1, 1, 1, 1, 1, 1, 1, 1, 1, 1, 1, 1, 1, 1, 1, 1, 1, 1, 1, 1, 1, 1, 1, 1, 1, 1, 1, 1, 1, 1, 1, 1, 1, 1, 1, 1, 1, 1, 1, 1, 1, 1, 1, 1, 1], [1, 1, 1, 1, 1, 1, 1, 1, 1, 1, 1, 1, 1, 1, 1, 1, 1, 1, 1, 1, 1, 1, 1, 1, 1, 1, 1, 1, 1, 1, 1, 1, 1, 1, 1, 1, 1, 1, 1, 1, 1, 1, 1, 1, 1, 1, 1, 1, 1, 1]]

means=tensor([3.3613e-04, 0.0000e+00, 5.4325e-05, 0.0000e+00, 5.8261e-05, 5.8578e-05,
        1.0972e-05, 5.1815e-05, 9.0354e-06, 9.4088e-05, 7.7329e-06, 1.6988e-04,
        2.7357e-05, 2.9669e-05, 3.1128e-05, 8.2485e-05, 2.4666e-05, 8.5101e-05,
        1.1008e-04, 9.5263e-05, 9.0293e-05, 1.4503e-04, 6.8386e-06, 3.7834e-05,
        4.8020e-05, 6.1952e-06, 5.0596e-05, 4.2128e-05, 2.7433e-04, 4.8386e-05,
        7.3376e-06, 8.0194e-05, 1.1598e-04, 2.3019e-05, 7.9514e-06, 8.1270e-05,
        1.2117e-04, 2.5001e-05, 3.8279e-05, 1.6556e-05, 2.9365e-05, 1.0061e-05,
        9.5692e-05, 1.3032e-04, 7.0733e-05, 8.7725e-06, 7.8045e-05, 5.4003e-05,
        3.1775e-05, 4.2586e-05, 9.6768e-05, 8.1247e-05, 2.8381e-05, 6.0985e-07,
        3.4541e-05, 6.1507e-05, 7.3235e-06, 1.5674e-06, 2.8161e-05, 1.0719e-04,
        1.3423e-05, 3.8154e-05, 4.9969e-05, 5.4365e-05, 1.1271e-05, 7.2095e-05,
        8.4915e-05, 9.4955e-05, 4.3819e-05, 1.6102e-04, 2.5173e-05, 1.6931e-05,
        1.5656e-04, 5.6817e-05, 7.8208e-05, 6.1794e-05, 8.4283e-05, 3.5299e-06,
        9.7051e-05, 6.0468e-05, 5.5711e-05, 4.2771e-05, 2.1880e-05, 9.2397e-05,
        4.9492e-05, 8.1616e-05, 8.8822e-05, 9.7345e-05, 2.3030e-05, 6.8429e-06,
        4.7127e-05, 1.0727e-04, 5.3658e-05, 4.9520e-05, 3.8422e-05, 2.2092e-05,
        6.0079e-05, 9.9683e-05, 2.1349e-06, 4.0029e-05, 8.9377e-05, 3.5901e-05,
        7.8218e-05, 1.7107e-05, 4.0417e-05, 3.4542e-05, 3.6580e-05, 9.6437e-05,
        1.0578e-04, 1.3385e-04, 4.8592e-05, 5.2794e-05, 1.3399e-04],
       grad_fn=<CatBackward>)

mean_overall=tensor(6.0619e-05, grad_fn=<MeanBackward0>)

-----------------------------------------------ITERATION10-----------------------------------------------

final_causality=[[1, 1, 1, 1, 1, 1, 1, 1, 1, 1, 1, 1, 1], [1, 1, 1, 1, 1, 1, 1, 1, 1, 1, 1, 1, 1, 1, 1, 1, 1, 1, 1, 1, 1, 1, 1, 1, 1, 1, 1, 1, 1, 1, 1, 1, 1, 1, 1, 1, 1, 1, 1, 1, 1, 1, 1, 1, 1, 1, 1, 1, 1, 1], [1, 1, 1, 1, 1, 1, 1, 1, 1, 1, 1, 1, 1, 1, 1, 1, 1, 1, 1, 1, 1, 1, 1, 1, 1, 1, 1, 1, 1, 1, 1, 1, 1, 1, 1, 1, 1, 1, 1, 1, 1, 1, 1, 1, 1, 1, 1, 1, 1, 1]]

means=tensor([3.1806e-04, 0.0000e+00, 1.7473e-04, 0.0000e+00, 7.8895e-06, 8.7894e-05,
        3.5003e-06, 6.6648e-05, 5.8554e-05, 1.1040e-04, 2.9939e-05, 2.2793e-04,
        2.8922e-05, 5.2704e-05, 1.1531e-05, 9.3036e-05, 5.5128e-06, 6.5631e-05,
        1.3662e-04, 1.1370e-04, 6.6849e-05, 1.6615e-04, 2.7251e-05, 2.0623e-05,
        7.2260e-05, 2.4505e-05, 2.3126e-05, 1.9267e-05, 2.1883e-04, 7.6566e-05,
        6.5695e-06, 9.6126e-05, 9.0661e-05, 3.8934e-06, 2.0965e-05, 5.9885e-05,
        1.0155e-04, 1.1918e-05, 2.9150e-05, 6.0095e-06, 4.2082e-06, 4.2829e-05,
        1.1566e-04, 9.3731e-05, 4.9640e-05, 1.5587e-05, 6.0864e-05, 7.2700e-05,
        4.5144e-05, 2.7675e-05, 6.7786e-05, 9.6421e-05, 4.8965e-05, 2.1406e-05,
        1.3197e-05, 7.9105e-05, 1.8149e-05, 1.5823e-05, 8.0624e-06, 7.7754e-05,
        1.4668e-05, 8.5542e-06, 6.7362e-05, 5.6286e-05, 8.2094e-06, 7.1595e-05,
        7.9005e-05, 9.5376e-05, 3.9480e-05, 1.4624e-04, 2.8182e-05, 1.1709e-05,
        1.6074e-04, 6.1302e-05, 8.3425e-05, 5.7908e-05, 8.4753e-05, 1.1147e-06,
        1.0518e-04, 6.6816e-05, 5.4730e-05, 3.8926e-05, 2.2813e-05, 8.6236e-05,
        5.4009e-05, 7.4226e-05, 8.8466e-05, 9.7050e-05, 2.1960e-05, 1.0575e-05,
        5.0868e-05, 1.0238e-04, 4.7419e-05, 4.7349e-05, 4.2462e-05, 2.3904e-05,
        6.0022e-05, 8.9972e-05, 1.8803e-06, 3.4880e-05, 8.8865e-05, 3.4358e-05,
        7.3574e-05, 2.1352e-05, 3.7519e-05, 3.1640e-05, 3.8955e-05, 1.0155e-04,
        1.0324e-04, 1.3912e-04, 5.3964e-05, 5.7770e-05, 1.4177e-04],
       grad_fn=<CatBackward>)

mean_overall=tensor(6.1343e-05, grad_fn=<MeanBackward0>)

-----------------------------------------------ITERATION20-----------------------------------------------

final_causality=[[1, 1, 1, 1, 1, 1, 1, 1, 1, 1, 1, 1, 1], [1, 1, 1, 1, 1, 1, 1, 1, 1, 1, 1, 1, 1, 1, 1, 1, 1, 1, 1, 1, 1, 1, 1, 1, 1, 1, 1, 1, 1, 1, 1, 1, 1, 1, 1, 1, 1, 1, 1, 1, 1, 1, 1, 1, 1, 1, 1, 1, 1, 1], [1, 1, 1, 1, 1, 1, 1, 1, 1, 1, 1, 1, 1, 1, 1, 1, 1, 1, 1, 1, 1, 1, 1, 1, 1, 1, 1, 1, 1, 1, 1, 1, 1, 1, 1, 1, 1, 1, 1, 1, 1, 1, 1, 1, 1, 1, 1, 1, 1, 1]]

means=tensor([3.0771e-04, 0.0000e+00, 1.9294e-04, 0.0000e+00, 1.8302e-05, 9.2116e-05,
        3.0478e-06, 6.9610e-05, 7.3366e-05, 1.1539e-04, 3.2662e-05, 2.3627e-04,
        2.5857e-05, 5.6482e-05, 8.1660e-06, 9.4692e-05, 2.1792e-06, 6.2126e-05,
        1.4110e-04, 1.1674e-04, 6.2676e-05, 1.6987e-04, 3.0816e-05, 1.7668e-05,
        7.5929e-05, 2.7424e-05, 1.8505e-05, 1.5174e-05, 2.0977e-04, 8.1188e-05,
        9.1190e-06, 9.8709e-05, 8.5862e-05, 6.6937e-07, 2.3253e-05, 5.6043e-05,
        9.8340e-05, 9.5687e-06, 2.7477e-05, 4.1699e-06, 5.3982e-09, 4.8203e-05,
        1.1870e-04, 8.7127e-05, 4.6058e-05, 1.9366e-05, 5.7847e-05, 7.5561e-05,
        4.7309e-05, 2.4889e-05, 6.2958e-05, 9.9103e-05, 5.2343e-05, 2.5016e-05,
        9.4248e-06, 8.1718e-05, 2.2527e-05, 1.8116e-05, 4.6797e-06, 7.2352e-05,
        1.9356e-05, 3.1882e-06, 6.9992e-05, 5.6660e-05, 7.6414e-06, 7.1507e-05,
        7.8015e-05, 9.4660e-05, 3.8705e-05, 1.4253e-04, 2.8592e-05, 1.0654e-05,
        1.6026e-04, 6.1808e-05, 8.4279e-05, 5.7700e-05, 8.4369e-05, 6.9342e-07,
        1.0670e-04, 6.7888e-05, 5.4377e-05, 3.8363e-05, 2.3211e-05, 8.4942e-05,
        5.4989e-05, 7.2826e-05, 8.7449e-05, 9.6895e-05, 2.1671e-05, 1.1110e-05,
        5.1104e-05, 1.0155e-04, 4.6452e-05, 4.7274e-05, 4.2805e-05, 2.4358e-05,
        5.9763e-05, 8.8335e-05, 2.5762e-06, 3.3844e-05, 8.8691e-05, 3.3962e-05,
        7.3002e-05, 2.2079e-05, 3.7012e-05, 3.1141e-05, 3.9220e-05, 1.0187e-04,
        1.0267e-04, 1.4022e-04, 5.4616e-05, 5.9806e-05, 1.4302e-04],
       grad_fn=<CatBackward>)

mean_overall=tensor(6.1599e-05, grad_fn=<MeanBackward0>)

-----------------------------------------------ITERATION30-----------------------------------------------

final_causality=[[1, 1, 1, 1, 1, 1, 1, 1, 1, 1, 1, 1, 1], [1, 1, 1, 1, 1, 1, 1, 1, 1, 1, 1, 1, 1, 1, 1, 1, 1, 1, 1, 1, 1, 1, 1, 1, 1, 1, 1, 1, 1, 1, 1, 1, 1, 1, 1, 1, 1, 1, 1, 1, 1, 1, 1, 1, 1, 1, 1, 1, 1, 1], [1, 1, 1, 1, 1, 1, 1, 1, 1, 1, 1, 1, 1, 1, 1, 1, 1, 1, 1, 1, 1, 1, 1, 1, 1, 1, 1, 1, 1, 1, 1, 1, 1, 1, 1, 1, 1, 1, 1, 1, 1, 1, 1, 1, 1, 1, 1, 1, 1, 1]]

means=tensor([3.0612e-04, 0.0000e+00, 1.5401e-04, 0.0000e+00, 1.0208e-06, 8.3271e-05,
        5.7952e-06, 6.6198e-05, 5.2476e-05, 1.1192e-04, 2.5585e-05, 2.1892e-04,
        2.2474e-05, 4.9363e-05, 1.4422e-05, 9.1462e-05, 7.6150e-06, 6.8055e-05,
        1.3340e-04, 1.1127e-04, 6.9949e-05, 1.6429e-04, 2.4817e-05, 2.3026e-05,
        6.7575e-05, 2.1495e-05, 2.6883e-05, 2.1966e-05, 2.2774e-04, 7.2702e-05,
        4.9041e-06, 9.4005e-05, 9.3660e-05, 6.6198e-06, 1.9562e-05, 6.2593e-05,
        1.0449e-04, 1.3650e-05, 3.0352e-05, 7.4681e-06, 7.3454e-06, 3.7970e-05,
        1.1221e-04, 9.7905e-05, 5.2512e-05, 1.2022e-05, 6.3144e-05, 6.9686e-05,
        4.3064e-05, 2.9622e-05, 7.1908e-05, 9.5164e-05, 4.6093e-05, 1.8151e-05,
        1.5946e-05, 7.5933e-05, 1.4860e-05, 1.3605e-05, 1.0928e-05, 8.1014e-05,
        1.0945e-05, 1.1478e-05, 6.4196e-05, 5.5979e-05, 8.3681e-06, 7.2114e-05,
        8.0239e-05, 9.4119e-05, 4.0097e-05, 1.4509e-04, 2.7584e-05, 1.1397e-05,
        1.5810e-04, 6.0248e-05, 8.2986e-05, 5.9668e-05, 8.3926e-05, 1.3100e-06,
        1.0359e-04, 6.5767e-05, 5.4622e-05, 3.9762e-05, 2.2650e-05, 8.6701e-05,
        5.3871e-05, 7.5034e-05, 8.6608e-05, 9.7073e-05, 2.2167e-05, 9.6292e-06,
        4.9606e-05, 1.0327e-04, 4.8714e-05, 4.9093e-05, 4.1286e-05, 2.4056e-05,
        5.9675e-05, 9.1526e-05, 1.4036e-06, 3.5068e-05, 8.9102e-05, 3.4513e-05,
        7.5102e-05, 2.0713e-05, 3.8019e-05, 3.1854e-05, 3.8346e-05, 9.9107e-05,
        1.0359e-04, 1.3908e-04, 5.2514e-05, 6.0156e-05, 1.4083e-04],
       grad_fn=<CatBackward>)

mean_overall=tensor(6.0727e-05, grad_fn=<MeanBackward0>)

-----------------------------------------------ITERATION40-----------------------------------------------

final_causality=[[1, 1, 1, 1, 1, 1, 1, 1, 1, 1, 1, 1, 1], [1, 1, 1, 1, 1, 1, 1, 1, 1, 1, 1, 1, 1, 1, 1, 1, 1, 1, 1, 1, 1, 1, 1, 1, 1, 1, 1, 1, 1, 1, 1, 1, 1, 1, 1, 1, 1, 1, 1, 1, 1, 1, 1, 1, 1, 1, 1, 1, 1, 1], [1, 1, 1, 1, 1, 1, 1, 1, 1, 1, 1, 1, 1, 1, 1, 1, 1, 1, 1, 1, 1, 1, 1, 1, 1, 1, 1, 1, 1, 1, 1, 1, 1, 1, 1, 1, 1, 1, 1, 1, 1, 1, 1, 1, 1, 1, 1, 1, 1, 1]]

means=tensor([2.9771e-04, 0.0000e+00, 1.5466e-04, 0.0000e+00, 4.8097e-07, 8.3919e-05,
        6.0927e-06, 6.7853e-05, 5.5800e-05, 1.1432e-04, 2.5542e-05, 2.2001e-04,
        1.9078e-05, 4.9792e-05, 1.4096e-05, 9.1673e-05, 7.1142e-06, 6.7462e-05,
        1.3431e-04, 1.1179e-04, 6.9442e-05, 1.6535e-04, 2.5429e-05, 2.2696e-05,
        6.7656e-05, 2.1662e-05, 2.6451e-05, 2.1325e-05, 2.2773e-04, 7.3258e-05,
        5.1582e-06, 9.4356e-05, 9.2657e-05, 6.3650e-06, 1.9955e-05, 6.1977e-05,
        1.0446e-04, 1.3305e-05, 3.0101e-05, 7.2386e-06, 6.8665e-06, 3.8419e-05,
        1.1235e-04, 9.6782e-05, 5.2210e-05, 1.2337e-05, 6.2817e-05, 6.9808e-05,
        4.3299e-05, 2.9134e-05, 7.1593e-05, 9.5840e-05, 4.6457e-05, 1.8431e-05,
        1.5394e-05, 7.5967e-05, 1.5306e-05, 1.3974e-05, 1.0670e-05, 8.0002e-05,
        1.1376e-05, 1.0427e-05, 6.4245e-05, 5.6018e-05, 8.2599e-06, 7.1545e-05,
        8.0007e-05, 9.3563e-05, 3.9981e-05, 1.4402e-04, 2.7570e-05, 1.1155e-05,
        1.5717e-04, 6.0188e-05, 8.3146e-05, 5.9904e-05, 8.3547e-05, 1.2558e-06,
        1.0377e-04, 6.5909e-05, 5.4544e-05, 3.9835e-05, 2.2656e-05, 8.6394e-05,
        5.4084e-05, 7.4799e-05, 8.6113e-05, 9.7048e-05, 2.2126e-05, 9.6394e-06,
        4.9498e-05, 1.0341e-04, 4.8625e-05, 4.8942e-05, 4.1177e-05, 2.4176e-05,
        5.9487e-05, 9.1245e-05, 1.4430e-06, 3.4939e-05, 8.9135e-05, 3.4410e-05,
        7.5264e-05, 2.0812e-05, 3.7952e-05, 3.1746e-05, 3.8317e-05, 9.9146e-05,
        1.0359e-04, 1.3948e-04, 5.2512e-05, 6.0880e-05, 1.4104e-04],
       grad_fn=<CatBackward>)

mean_overall=tensor(6.0650e-05, grad_fn=<MeanBackward0>)

-----------------------------------------------ITERATION50-----------------------------------------------

final_causality=[[1, 1, 1, 1, 1, 1, 1, 1, 1, 1, 1, 1, 1], [1, 1, 1, 1, 1, 1, 1, 1, 1, 1, 1, 1, 1, 1, 1, 1, 1, 1, 1, 1, 1, 1, 1, 1, 1, 1, 1, 1, 1, 1, 1, 1, 1, 1, 1, 1, 1, 1, 1, 1, 1, 1, 1, 1, 1, 1, 1, 1, 1, 1], [1, 1, 1, 1, 1, 1, 1, 1, 1, 1, 1, 1, 1, 1, 1, 1, 1, 1, 1, 1, 1, 1, 1, 1, 1, 1, 1, 1, 1, 1, 1, 1, 1, 1, 1, 1, 1, 1, 1, 1, 1, 1, 1, 1, 1, 1, 1, 1, 1, 1]]

means=tensor([2.8635e-04, 1.3878e-17, 1.6670e-04, 1.3878e-17, 8.1651e-06, 8.7282e-05,
        5.8031e-06, 7.1101e-05, 6.6678e-05, 1.1888e-04, 2.7393e-05, 2.2635e-04,
        1.5136e-05, 5.2462e-05, 1.1837e-05, 9.2920e-05, 4.8796e-06, 6.4956e-05,
        1.3781e-04, 1.1412e-04, 6.6676e-05, 1.6847e-04, 2.8060e-05, 2.0700e-05,
        7.0191e-05, 2.3626e-05, 2.3446e-05, 1.8504e-05, 2.2253e-04, 7.6529e-05,
        6.7728e-06, 9.6225e-05, 8.9050e-05, 4.2950e-06, 2.1601e-05, 5.9258e-05,
        1.0267e-04, 1.1655e-05, 2.8938e-05, 5.9696e-06, 4.1084e-06, 4.2036e-05,
        1.1445e-04, 9.2161e-05, 4.9949e-05, 1.4877e-05, 6.0860e-05, 7.1701e-05,
        4.4861e-05, 2.7107e-05, 6.8591e-05, 9.7935e-05, 4.8794e-05, 2.0837e-05,
        1.2754e-05, 7.7696e-05, 1.8184e-05, 1.5660e-05, 8.5133e-06, 7.6145e-05,
        1.4438e-05, 6.6157e-06, 6.5995e-05, 5.6268e-05, 7.9091e-06, 7.0497e-05,
        7.9001e-05, 9.2946e-05, 3.9410e-05, 1.4192e-04, 2.7837e-05, 1.0642e-05,
        1.5655e-04, 6.0561e-05, 8.3730e-05, 5.9644e-05, 8.3137e-05, 1.0103e-06,
        1.0493e-04, 6.6755e-05, 5.4391e-05, 3.9525e-05, 2.2699e-05, 8.5461e-05,
        5.4699e-05, 7.3852e-05, 8.5713e-05, 9.6983e-05, 2.1931e-05, 1.0097e-05,
        4.9802e-05, 1.0313e-04, 4.7822e-05, 4.8106e-05, 4.1478e-05, 2.4428e-05,
        5.9250e-05, 8.9908e-05, 1.8364e-06, 3.4437e-05, 8.9063e-05, 3.4123e-05,
        7.4754e-05, 2.1359e-05, 3.7561e-05, 3.1472e-05, 3.8536e-05, 1.0011e-04,
        1.0333e-04, 1.4039e-04, 5.3162e-05, 6.1689e-05, 1.4198e-04],
       grad_fn=<CatBackward>)

mean_overall=tensor(6.0832e-05, grad_fn=<MeanBackward0>)

-----------------------------------------------ITERATION60-----------------------------------------------

final_causality=[[1, 1, 1, 1, 1, 1, 1, 1, 1, 1, 1, 1, 1], [1, 1, 1, 1, 1, 1, 1, 1, 1, 1, 1, 1, 1, 1, 1, 1, 1, 1, 1, 1, 1, 1, 1, 1, 1, 1, 1, 1, 1, 1, 1, 1, 1, 1, 1, 1, 1, 1, 1, 1, 1, 1, 1, 1, 1, 1, 1, 1, 1, 1], [1, 1, 1, 1, 1, 1, 1, 1, 1, 1, 1, 1, 1, 1, 1, 1, 1, 1, 1, 1, 1, 1, 1, 1, 1, 1, 1, 1, 1, 1, 1, 1, 1, 1, 1, 1, 1, 1, 1, 1, 1, 1, 1, 1, 1, 1, 1, 1, 1, 1]]

means=tensor([2.7835e-04, 0.0000e+00, 1.5837e-04, 0.0000e+00, 5.4270e-06, 8.6148e-05,
        6.5060e-06, 7.2163e-05, 6.4364e-05, 1.2013e-04, 2.5966e-05, 2.2389e-04,
        1.1166e-05, 5.1221e-05, 1.3034e-05, 9.2379e-05, 5.7398e-06, 6.5822e-05,
        1.3694e-04, 1.1337e-04, 6.8013e-05, 1.6820e-04, 2.7261e-05, 2.1687e-05,
        6.8443e-05, 2.2404e-05, 2.5141e-05, 1.9556e-05, 2.2722e-04, 7.4986e-05,
        5.9730e-06, 9.5445e-05, 8.9915e-05, 5.5207e-06, 2.1053e-05, 6.0255e-05,
        1.0428e-04, 1.2294e-05, 2.9390e-05, 6.5413e-06, 5.4543e-06, 4.0004e-05,
        1.1308e-04, 9.3764e-05, 5.1333e-05, 1.3558e-05, 6.1887e-05, 7.0402e-05,
        4.4119e-05, 2.7749e-05, 7.0597e-05, 9.7582e-05, 4.7645e-05, 1.9485e-05,
        1.3792e-05, 7.6376e-05, 1.6842e-05, 1.5038e-05, 9.7998e-06, 7.7289e-05,
        1.2885e-05, 7.6095e-06, 6.4724e-05, 5.6146e-05, 8.0238e-06, 6.9757e-05,
        7.9206e-05, 9.2344e-05, 3.9632e-05, 1.4195e-04, 2.7629e-05, 1.0752e-05,
        1.5524e-04, 6.0182e-05, 8.3527e-05, 6.0210e-05, 8.2692e-05, 1.1216e-06,
        1.0443e-04, 6.6435e-05, 5.4411e-05, 3.9912e-05, 2.2651e-05, 8.5617e-05,
        5.4524e-05, 7.4200e-05, 8.5337e-05, 9.6998e-05, 2.2002e-05, 9.8427e-06,
        4.9451e-05, 1.0377e-04, 4.8231e-05, 4.8082e-05, 4.1089e-05, 2.4399e-05,
        5.9050e-05, 9.0389e-05, 1.6382e-06, 3.4699e-05, 8.9190e-05, 3.4131e-05,
        7.5188e-05, 2.1141e-05, 3.7724e-05, 3.1591e-05, 3.8361e-05, 9.9813e-05,
        1.0357e-04, 1.4045e-04, 5.2782e-05, 6.1910e-05, 1.4166e-04],
       grad_fn=<CatBackward>)

mean_overall=tensor(6.0608e-05, grad_fn=<MeanBackward0>)

-----------------------------------------------ITERATION70-----------------------------------------------

final_causality=[[1, 1, 1, 1, 1, 1, 1, 1, 1, 1, 1, 1, 1], [1, 1, 1, 1, 1, 1, 1, 1, 1, 1, 1, 1, 1, 1, 1, 1, 1, 1, 1, 1, 1, 1, 1, 1, 1, 1, 1, 1, 1, 1, 1, 1, 1, 1, 1, 1, 1, 1, 1, 1, 1, 1, 1, 1, 1, 1, 1, 1, 1, 1], [1, 1, 1, 1, 1, 1, 1, 1, 1, 1, 1, 1, 1, 1, 1, 1, 1, 1, 1, 1, 1, 1, 1, 1, 1, 1, 1, 1, 1, 1, 1, 1, 1, 1, 1, 1, 1, 1, 1, 1, 1, 1, 1, 1, 1, 1, 1, 1, 1, 1]]

means=tensor([2.6851e-04, 1.3878e-17, 1.5594e-04, 1.3878e-17, 5.8963e-06, 8.6438e-05,
        6.9190e-06, 7.4104e-05, 6.6090e-05, 1.2259e-04, 2.5515e-05, 2.2417e-04,
        6.7844e-06, 5.1152e-05, 1.3218e-05, 9.2378e-05, 5.6789e-06, 6.5670e-05,
        1.3743e-04, 1.1356e-04, 6.8153e-05, 1.6903e-04, 2.7522e-05, 2.1797e-05,
        6.7963e-05, 2.2112e-05, 2.5483e-05, 1.9450e-05, 2.2922e-04, 7.4866e-05,
        5.8806e-06, 9.5458e-05, 8.9390e-05, 5.7964e-06, 2.1166e-05, 6.0135e-05,
        1.0497e-04, 1.2243e-05, 2.9358e-05, 6.5659e-06, 5.5993e-06, 3.9626e-05,
        1.1272e-04, 9.3503e-05, 5.1684e-05, 1.3396e-05, 6.2051e-05, 7.0020e-05,
        4.4070e-05, 2.7575e-05, 7.1192e-05, 9.7989e-05, 4.7527e-05, 1.9237e-05,
        1.3728e-05, 7.5934e-05, 1.6738e-05, 1.5107e-05, 1.0094e-05, 7.6915e-05,
        1.2701e-05, 7.1296e-06, 6.4333e-05, 5.6132e-05, 8.0063e-06, 6.8771e-05,
        7.9011e-05, 9.1686e-05, 3.9614e-05, 1.4137e-04, 2.7724e-05, 1.0702e-05,
        1.5405e-04, 6.0023e-05, 8.3551e-05, 6.0537e-05, 8.2216e-05, 1.1311e-06,
        1.0462e-04, 6.6480e-05, 5.4384e-05, 4.0105e-05, 2.2623e-05, 8.5436e-05,
        5.4571e-05, 7.4165e-05, 8.4972e-05, 9.6989e-05, 2.1991e-05, 9.8149e-06,
        4.9300e-05, 1.0419e-04, 4.8271e-05, 4.7724e-05, 4.0903e-05, 2.4445e-05,
        5.8818e-05, 9.0316e-05, 1.6203e-06, 3.4757e-05, 8.9264e-05, 3.4038e-05,
        7.5299e-05, 2.1157e-05, 3.7719e-05, 3.1636e-05, 3.8310e-05, 9.9971e-05,
        1.0368e-04, 1.4079e-04, 5.2730e-05, 6.2236e-05, 1.4172e-04],
       grad_fn=<CatBackward>)

mean_overall=tensor(6.0505e-05, grad_fn=<MeanBackward0>)

-----------------------------------------------ITERATION80-----------------------------------------------

final_causality=[[1, 1, 1, 1, 1, 1, 1, 1, 1, 1, 1, 1, 1], [1, 1, 1, 1, 1, 1, 1, 1, 1, 1, 1, 1, 1, 1, 1, 1, 1, 1, 1, 1, 1, 1, 1, 1, 1, 1, 1, 1, 1, 1, 1, 1, 1, 1, 1, 1, 1, 1, 1, 1, 1, 1, 1, 1, 1, 1, 1, 1, 1, 1], [1, 1, 1, 1, 1, 1, 1, 1, 1, 1, 1, 1, 1, 1, 1, 1, 1, 1, 1, 1, 1, 1, 1, 1, 1, 1, 1, 1, 1, 1, 1, 1, 1, 1, 1, 1, 1, 1, 1, 1, 1, 1, 1, 1, 1, 1, 1, 1, 1, 1]]

means=tensor([2.5712e-04, 1.3878e-17, 1.5744e-04, 1.3878e-17, 8.5301e-06, 8.7692e-05,
        7.1591e-06, 7.6690e-05, 7.0624e-05, 1.2596e-04, 2.5702e-05, 2.2630e-04,
        1.9823e-06, 5.1876e-05, 1.2721e-05, 9.2744e-05, 4.9922e-06, 6.4831e-05,
        1.3887e-04, 1.1441e-04, 6.7490e-05, 1.7064e-04, 2.8516e-05, 2.1315e-05,
        6.8317e-05, 2.2445e-05, 2.4911e-05, 1.8561e-05, 2.2942e-04, 7.5718e-05,
        6.2739e-06, 9.6014e-05, 8.7926e-05, 5.4334e-06, 2.1743e-05, 5.9262e-05,
        1.0503e-04, 1.1729e-05, 2.9000e-05, 6.2223e-06, 4.9321e-06, 4.0361e-05,
        1.1304e-04, 9.1978e-05, 5.1337e-05, 1.4004e-05, 6.1636e-05, 7.0255e-05,
        4.4490e-05, 2.6854e-05, 7.0837e-05, 9.8932e-05, 4.8109e-05, 1.9733e-05,
        1.2918e-05, 7.6074e-05, 1.7487e-05, 1.5658e-05, 9.7231e-06, 7.5513e-05,
        1.3442e-05, 5.6424e-06, 6.4523e-05, 5.6193e-05, 7.8978e-06, 6.7606e-05,
        7.8542e-05, 9.0971e-05, 3.9434e-05, 1.4037e-04, 2.7980e-05, 1.0539e-05,
        1.5291e-04, 6.0006e-05, 8.3732e-05, 6.0714e-05, 8.1706e-05, 1.0717e-06,
        1.0510e-04, 6.6774e-05, 5.4325e-05, 4.0170e-05, 2.2609e-05, 8.5022e-05,
        5.4774e-05, 7.3870e-05, 8.4596e-05, 9.6969e-05, 2.1925e-05, 9.9376e-06,
        4.9279e-05, 1.0447e-04, 4.8064e-05, 4.7137e-05, 4.0846e-05, 2.4548e-05,
        5.8557e-05, 8.9866e-05, 1.7228e-06, 3.4674e-05, 8.9303e-05, 3.3879e-05,
        7.5201e-05, 2.1333e-05, 3.7599e-05, 3.1631e-05, 3.8339e-05, 1.0044e-04,
        1.0371e-04, 1.4134e-04, 5.2897e-05, 6.2658e-05, 1.4204e-04],
       grad_fn=<CatBackward>)

mean_overall=tensor(6.0481e-05, grad_fn=<MeanBackward0>)

-----------------------------------------------ITERATION90-----------------------------------------------

final_causality=[[1, 1, 1, 1, 1, 1, 1, 1, 1, 1, 1, 1, 1], [1, 1, 1, 1, 1, 1, 1, 1, 1, 1, 1, 1, 1, 1, 1, 1, 1, 1, 1, 1, 1, 1, 1, 1, 1, 1, 1, 1, 1, 1, 1, 1, 1, 1, 1, 1, 1, 1, 1, 1, 1, 1, 1, 1, 1, 1, 1, 1, 1, 1], [1, 1, 1, 1, 1, 1, 1, 1, 1, 1, 1, 1, 1, 1, 1, 1, 1, 1, 1, 1, 1, 1, 1, 1, 1, 1, 1, 1, 1, 1, 1, 1, 1, 1, 1, 1, 1, 1, 1, 1, 1, 1, 1, 1, 1, 1, 1, 1, 1, 1]]

means=tensor([2.4628e-04, 0.0000e+00, 1.5384e-04, 0.0000e+00, 8.6438e-06, 8.7851e-05,
        7.6581e-06, 7.8795e-05, 7.1977e-05, 1.2858e-04, 2.5081e-05, 2.2632e-04,
        1.1475e-06, 5.1646e-05, 1.3082e-05, 9.2664e-05, 5.0542e-06, 6.4806e-05,
        1.3928e-04, 1.1452e-04, 6.7848e-05, 1.7146e-04, 2.8684e-05, 2.1570e-05,
        6.7620e-05, 2.1983e-05, 2.5508e-05, 1.8617e-05, 2.3218e-04, 7.5364e-05,
        6.0652e-06, 9.5909e-05, 8.7527e-05, 5.8914e-06, 2.1781e-05, 5.9291e-05,
        1.0597e-04, 1.1774e-05, 2.9036e-05, 6.3314e-06, 5.2761e-06, 3.9701e-05,
        1.1249e-04, 9.1973e-05, 5.1913e-05, 1.3675e-05, 6.1965e-05, 6.9681e-05,
        4.4345e-05, 2.6774e-05, 7.1753e-05, 9.9284e-05, 4.7834e-05, 1.9293e-05,
        1.3002e-05, 7.5444e-05, 1.7191e-05, 1.5643e-05, 1.0219e-05, 7.5322e-05,
        1.3044e-05, 5.3001e-06, 6.3962e-05, 5.6161e-05, 7.9012e-06, 6.6487e-05,
        7.8367e-05, 9.0242e-05, 3.9448e-05, 1.3985e-04, 2.8063e-05, 1.0520e-05,
        1.5157e-04, 5.9798e-05, 8.3724e-05, 6.1115e-05, 8.1179e-05, 1.0988e-06,
        1.0529e-04, 6.6776e-05, 5.4307e-05, 4.0416e-05, 2.2571e-05, 8.4870e-05,
        5.4784e-05, 7.3892e-05, 8.4203e-05, 9.6968e-05, 2.1925e-05, 9.8816e-06,
        4.9090e-05, 1.0500e-04, 4.8159e-05, 4.6753e-05, 4.0617e-05, 2.4582e-05,
        5.8298e-05, 8.9862e-05, 1.6804e-06, 3.4777e-05, 8.9395e-05, 3.3787e-05,
        7.5346e-05, 2.1320e-05, 3.7616e-05, 3.1694e-05, 3.8270e-05, 1.0059e-04,
        1.0386e-04, 1.4170e-04, 5.2803e-05, 6.2959e-05, 1.4205e-04],
       grad_fn=<CatBackward>)

mean_overall=tensor(6.0392e-05, grad_fn=<MeanBackward0>)

-----------------------------------------------ITERATION100-----------------------------------------------

final_causality=[[1, 1, 1, 1, 1, 1, 1, 1, 1, 1, 1, 1, 1], [1, 1, 1, 1, 1, 1, 1, 1, 1, 1, 1, 1, 1, 1, 1, 1, 1, 1, 1, 1, 1, 1, 1, 1, 1, 1, 1, 1, 1, 1, 1, 1, 1, 1, 1, 1, 1, 1, 1, 1, 1, 1, 1, 1, 1, 1, 1, 1, 1, 1], [1, 1, 1, 1, 1, 1, 1, 1, 1, 1, 1, 1, 1, 1, 1, 1, 1, 1, 1, 1, 1, 1, 1, 1, 1, 1, 1, 1, 1, 1, 1, 1, 1, 1, 1, 1, 1, 1, 1, 1, 1, 1, 1, 1, 1, 1, 1, 1, 1, 1]]

means=tensor([2.3432e-04, 1.3878e-17, 1.5252e-04, 1.3878e-17, 1.0094e-05, 8.8587e-05,
        8.0687e-06, 8.1324e-05, 7.5090e-05, 1.3177e-04, 2.4866e-05, 2.2752e-04,
        5.0193e-06, 5.1911e-05, 1.3040e-05, 9.2791e-05, 4.7216e-06, 6.4354e-05,
        1.4029e-04, 1.1505e-04, 6.7754e-05, 1.7280e-04, 2.9311e-05, 2.1464e-05,
        6.7432e-05, 2.1882e-05, 2.5543e-05, 1.8201e-05, 2.3394e-04, 7.5565e-05,
        6.1474e-06, 9.6393e-05, 8.6538e-05, 5.9667e-06, 2.2106e-05, 5.8858e-05,
        1.0654e-04, 1.1537e-05, 2.8876e-05, 6.2215e-06, 5.1289e-06, 3.9716e-05,
        1.1232e-04, 9.1225e-05, 5.2098e-05, 1.3816e-05, 6.1967e-05, 6.9446e-05,
        4.4491e-05, 2.6360e-05, 7.2127e-05, 9.9967e-05, 4.7995e-05, 1.9283e-05,
        1.2624e-05, 7.5137e-05, 1.7429e-05, 1.5933e-05, 1.0343e-05, 7.4517e-05,
        1.3193e-05, 4.3153e-06, 6.3739e-05, 5.6171e-05, 7.8493e-06, 6.5251e-05,
        7.8017e-05, 8.9479e-05, 3.9366e-05, 1.3906e-04, 2.8249e-05, 1.0430e-05,
        1.5025e-04, 5.9674e-05, 8.3813e-05, 6.1445e-05, 8.0629e-05, 1.0842e-06,
        1.0565e-04, 6.6925e-05, 5.4269e-05, 4.0586e-05, 2.2541e-05, 8.4578e-05,
        5.4886e-05, 7.3761e-05, 8.3782e-05, 9.6962e-05, 2.1894e-05, 9.9151e-06,
        4.8972e-05, 1.0546e-04, 4.8104e-05, 4.6235e-05, 4.0463e-05, 2.4650e-05,
        5.8019e-05, 8.9625e-05, 1.7104e-06, 3.4793e-05, 8.9465e-05, 3.3654e-05,
        7.5369e-05, 2.1405e-05, 3.7564e-05, 3.1726e-05, 3.8247e-05, 1.0094e-04,
        1.0396e-04, 1.4221e-04, 5.2836e-05, 6.3336e-05, 1.4220e-04],
       grad_fn=<CatBackward>)

mean_overall=tensor(6.0399e-05, grad_fn=<MeanBackward0>)

-----------------------------------------------ITERATION110-----------------------------------------------

final_causality=[[1, 1, 1, 1, 1, 1, 1, 1, 1, 1, 1, 1, 1], [1, 1, 1, 1, 1, 1, 1, 1, 1, 1, 1, 1, 1, 1, 1, 1, 1, 1, 1, 1, 1, 1, 1, 1, 1, 1, 1, 1, 1, 1, 1, 1, 1, 1, 1, 1, 1, 1, 1, 1, 1, 1, 1, 1, 1, 1, 1, 1, 1, 1], [1, 1, 1, 1, 1, 1, 1, 1, 1, 1, 1, 1, 1, 1, 1, 1, 1, 1, 1, 1, 1, 1, 1, 1, 1, 1, 1, 1, 1, 1, 1, 1, 1, 1, 1, 1, 1, 1, 1, 1, 1, 1, 1, 1, 1, 1, 1, 1, 1, 1]]

means=tensor([2.2188e-04, 1.3878e-17, 1.5089e-04, 1.3878e-17, 1.1492e-05, 8.9308e-05,
        8.5126e-06, 8.3945e-05, 7.8186e-05, 1.3507e-04, 2.4606e-05, 2.2869e-04,
        1.1553e-05, 5.2148e-05, 1.3039e-05, 9.2901e-05, 4.4091e-06, 6.3924e-05,
        1.4131e-04, 1.1557e-04, 6.7713e-05, 1.7419e-04, 2.9948e-05, 2.1391e-05,
        6.7191e-05, 2.1739e-05, 2.5640e-05, 1.7817e-05, 2.3593e-04, 7.5717e-05,
        6.2057e-06, 9.7196e-05, 8.5563e-05, 6.0867e-06, 2.2424e-05, 5.8453e-05,
        1.0718e-04, 1.1320e-05, 2.8731e-05, 6.1297e-06, 5.0247e-06, 3.9669e-05,
        1.1211e-04, 9.0525e-05, 5.2342e-05, 1.3921e-05, 6.2009e-05, 6.9161e-05,
        4.4619e-05, 2.5962e-05, 7.2587e-05, 1.0065e-04, 4.8124e-05, 1.9229e-05,
        1.2274e-05, 7.4779e-05, 1.7632e-05, 1.6214e-05, 1.0519e-05, 7.3742e-05,
        1.3298e-05, 3.3394e-06, 6.3472e-05, 5.6176e-05, 7.8006e-06, 6.3962e-05,
        7.7668e-05, 8.8685e-05, 3.9289e-05, 1.3826e-04, 2.8436e-05, 1.0344e-05,
        1.4886e-04, 5.9535e-05, 8.3898e-05, 6.1804e-05, 8.0056e-05, 1.0733e-06,
        1.0602e-04, 6.7066e-05, 5.4233e-05, 4.0772e-05, 2.2507e-05, 8.4287e-05,
        5.4981e-05, 7.3639e-05, 8.3393e-05, 9.6959e-05, 2.1864e-05, 9.9417e-06,
        4.8840e-05, 1.0596e-04, 4.8062e-05, 4.5707e-05, 4.0297e-05, 2.4716e-05,
        5.7728e-05, 8.9399e-05, 1.7349e-06, 3.4818e-05, 8.9542e-05, 3.3519e-05,
        7.5403e-05, 2.1486e-05, 3.7516e-05, 3.1762e-05, 3.8219e-05, 1.0129e-04,
        1.0408e-04, 1.4273e-04, 5.2858e-05, 6.3720e-05, 1.4235e-04],
       grad_fn=<CatBackward>)

mean_overall=tensor(6.0429e-05, grad_fn=<MeanBackward0>)

-----------------------------------------------ITERATION120-----------------------------------------------

final_causality=[[1, 1, 1, 1, 1, 1, 1, 1, 1, 1, 1, 1, 1], [1, 1, 1, 1, 1, 1, 1, 1, 1, 1, 1, 1, 1, 1, 1, 1, 1, 1, 1, 1, 1, 1, 1, 1, 1, 1, 1, 1, 1, 1, 1, 1, 1, 1, 1, 1, 1, 1, 1, 1, 1, 1, 1, 1, 1, 1, 1, 1, 1, 1], [1, 1, 1, 1, 1, 1, 1, 1, 1, 1, 1, 1, 1, 1, 1, 1, 1, 1, 1, 1, 1, 1, 1, 1, 1, 1, 1, 1, 1, 1, 1, 1, 1, 1, 1, 1, 1, 1, 1, 1, 1, 1, 1, 1, 1, 1, 1, 1, 1, 1]]

means=tensor([2.0912e-04, 1.3878e-17, 1.4854e-04, 1.3878e-17, 1.2617e-05, 8.9917e-05,
        9.0085e-06, 8.6595e-05, 8.0973e-05, 1.3840e-04, 2.4232e-05, 2.2963e-04,
        1.8424e-05, 5.2273e-05, 1.3152e-05, 9.2958e-05, 4.1819e-06, 6.3586e-05,
        1.4225e-04, 1.1602e-04, 6.7807e-05, 1.7553e-04, 3.0513e-05, 2.1413e-05,
        6.6812e-05, 2.1490e-05, 2.5897e-05, 1.7545e-05, 2.3835e-04, 7.5716e-05,
        6.1885e-06, 9.7961e-05, 8.4697e-05, 6.3195e-06, 2.2689e-05, 5.8154e-05,
        1.0796e-04, 1.1169e-05, 2.8632e-05, 6.0942e-06, 5.0492e-06, 3.9444e-05,
        1.1177e-04, 9.0002e-05, 5.2720e-05, 1.3913e-05, 6.2152e-05, 6.8761e-05,
        4.4681e-05, 2.5636e-05, 7.3239e-05, 1.0129e-04, 4.8150e-05, 1.9053e-05,
        1.2029e-05, 7.4312e-05, 1.7710e-05, 1.6435e-05, 1.0817e-05, 7.3102e-05,
        1.3264e-05, 2.4760e-06, 6.3102e-05, 5.6169e-05, 7.7646e-06, 6.2637e-05,
        7.7346e-05, 8.7863e-05, 3.9235e-05, 1.3749e-04, 2.8606e-05, 1.0273e-05,
        1.4742e-04, 5.9365e-05, 8.3962e-05, 6.2206e-05, 7.9464e-05, 1.0732e-06,
        1.0636e-04, 6.7172e-05, 5.4200e-05, 4.0988e-05, 2.2469e-05, 8.4019e-05,
        5.5055e-05, 7.3555e-05, 8.2989e-05, 9.6960e-05, 2.1843e-05, 9.9460e-06,
        4.8683e-05, 1.0652e-04, 4.8059e-05, 4.5192e-05, 4.0105e-05, 2.4776e-05,
        5.7428e-05, 8.9226e-05, 1.7415e-06, 3.4866e-05, 8.9627e-05, 3.3388e-05,
        7.5470e-05, 2.1545e-05, 3.7485e-05, 3.1809e-05, 3.8177e-05, 1.0162e-04,
        1.0421e-04, 1.4326e-04, 5.2846e-05, 6.4102e-05, 1.4246e-04],
       grad_fn=<CatBackward>)

mean_overall=tensor(6.0451e-05, grad_fn=<MeanBackward0>)

-----------------------------------------------ITERATION130-----------------------------------------------

final_causality=[[1, 1, 1, 1, 1, 1, 1, 1, 1, 1, 1, 1, 1], [1, 1, 1, 1, 1, 1, 1, 1, 1, 1, 1, 1, 1, 1, 1, 1, 1, 1, 1, 1, 1, 1, 1, 1, 1, 1, 1, 1, 1, 1, 1, 1, 1, 1, 1, 1, 1, 1, 1, 1, 1, 1, 1, 1, 1, 1, 1, 1, 1, 1], [1, 1, 1, 1, 1, 1, 1, 1, 1, 1, 1, 1, 1, 1, 1, 1, 1, 1, 1, 1, 1, 1, 1, 1, 1, 1, 1, 1, 1, 1, 1, 1, 1, 1, 1, 1, 1, 1, 1, 1, 1, 1, 1, 1, 1, 1, 1, 1, 1, 1]]

means=tensor([1.9571e-04, 0.0000e+00, 1.4676e-04, 0.0000e+00, 1.4144e-05, 9.0713e-05,
        9.4950e-06, 8.9442e-05, 8.4320e-05, 1.4200e-04, 2.3954e-05, 2.3091e-04,
        2.5601e-05, 5.2540e-05, 1.3156e-05, 9.3078e-05, 3.8411e-06, 6.3127e-05,
        1.4338e-04, 1.1660e-04, 6.7776e-05, 1.7707e-04, 3.1235e-05, 2.1337e-05,
        6.6564e-05, 2.1340e-05, 2.6008e-05, 1.7137e-05, 2.4055e-04, 7.5884e-05,
        6.2559e-06, 9.8832e-05, 8.3657e-05, 6.4525e-06, 2.3049e-05, 5.7724e-05,
        1.0866e-04, 1.0939e-05, 2.8479e-05, 5.9969e-06, 4.9371e-06, 3.9403e-05,
        1.1154e-04, 8.9257e-05, 5.2996e-05, 1.4062e-05, 6.2205e-05, 6.8454e-05,
        4.4826e-05, 2.5214e-05, 7.3754e-05, 1.0204e-04, 4.8298e-05, 1.8999e-05,
        1.1654e-05, 7.3931e-05, 1.7942e-05, 1.6753e-05, 1.1017e-05, 7.2278e-05,
        1.3388e-05, 1.4150e-06, 6.2819e-05, 5.6174e-05, 7.7118e-06, 6.1246e-05,
        7.6972e-05, 8.7009e-05, 3.9151e-05, 1.3663e-04, 2.8810e-05, 1.0179e-05,
        1.4594e-04, 5.9212e-05, 8.4054e-05, 6.2598e-05, 7.8850e-05, 1.0616e-06,
        1.0676e-04, 6.7322e-05, 5.4162e-05, 4.1190e-05, 2.2433e-05, 8.3704e-05,
        5.5157e-05, 7.3424e-05, 8.2568e-05, 9.6963e-05, 2.1814e-05, 9.9756e-06,
        4.8542e-05, 1.0707e-04, 4.8013e-05, 4.4628e-05, 3.9930e-05, 2.4849e-05,
        5.7113e-05, 8.8985e-05, 1.7686e-06, 3.4891e-05, 8.9710e-05, 3.3245e-05,
        7.5505e-05, 2.1633e-05, 3.7433e-05, 3.1848e-05, 3.8147e-05, 1.0201e-04,
        1.0434e-04, 1.4384e-04, 5.2870e-05, 6.4514e-05, 1.4262e-04],
       grad_fn=<CatBackward>)

mean_overall=tensor(6.0491e-05, grad_fn=<MeanBackward0>)

-----------------------------------------------ITERATION140-----------------------------------------------

final_causality=[[1, 1, 1, 1, 1, 1, 1, 1, 1, 1, 1, 1, 1], [1, 1, 1, 1, 1, 1, 1, 1, 1, 1, 1, 1, 1, 1, 1, 1, 1, 1, 1, 1, 1, 1, 1, 1, 1, 1, 1, 1, 1, 1, 1, 1, 1, 1, 1, 1, 1, 1, 1, 1, 1, 1, 1, 1, 1, 1, 1, 1, 1, 1], [1, 1, 1, 1, 1, 1, 1, 1, 1, 1, 1, 1, 1, 1, 1, 1, 1, 1, 1, 1, 1, 1, 1, 1, 1, 1, 1, 1, 1, 1, 1, 1, 1, 1, 1, 1, 1, 1, 1, 1, 1, 1, 1, 1, 1, 1, 1, 1, 1, 1]]

means=tensor([1.8197e-04, 0.0000e+00, 1.4447e-04, 0.0000e+00, 1.5505e-05, 9.1445e-05,
        1.0022e-05, 9.2337e-05, 8.7489e-05, 1.4567e-04, 2.3598e-05, 2.3206e-04,
        3.3081e-05, 5.2739e-05, 1.3236e-05, 9.3163e-05, 3.5539e-06, 6.2727e-05,
        1.4447e-04, 1.1714e-04, 6.7837e-05, 1.7860e-04, 3.1967e-05, 2.1325e-05,
        6.6226e-05, 2.1120e-05, 2.6230e-05, 1.6803e-05, 2.4307e-04, 7.5953e-05,
        6.2747e-06, 9.9686e-05, 8.2685e-05, 6.6627e-06, 2.3380e-05, 5.7362e-05,
        1.0947e-04, 1.0751e-05, 2.8356e-05, 5.9366e-06, 4.9101e-06, 3.9246e-05,
        1.1122e-04, 8.8627e-05, 5.3366e-05, 1.4178e-05, 6.2327e-05, 6.8070e-05,
        4.4930e-05, 2.4840e-05, 7.4406e-05, 1.0277e-04, 4.8379e-05, 1.8867e-05,
        1.1346e-05, 7.3475e-05, 1.8096e-05, 1.7037e-05, 1.1302e-05, 7.1541e-05,
        1.3424e-05, 4.1873e-07, 6.2467e-05, 5.6171e-05, 7.6668e-06, 5.9820e-05,
        7.6614e-05, 8.6131e-05, 3.9080e-05, 1.3577e-04, 2.9005e-05, 1.0094e-05,
        1.4441e-04, 5.9038e-05, 8.4135e-05, 6.3023e-05, 7.8218e-05, 1.0572e-06,
        1.0715e-04, 6.7450e-05, 5.4126e-05, 4.1414e-05, 2.2392e-05, 8.3401e-05,
        5.5244e-05, 7.3317e-05, 8.2132e-05, 9.6969e-05, 2.1790e-05, 9.9905e-06,
        4.8384e-05, 1.0766e-04, 4.7994e-05, 4.4070e-05, 3.9737e-05, 2.4917e-05,
        5.6789e-05, 8.8778e-05, 1.7841e-06, 3.4931e-05, 8.9799e-05, 3.3103e-05,
        7.5563e-05, 2.1708e-05, 3.7391e-05, 3.1894e-05, 3.8108e-05, 1.0239e-04,
        1.0448e-04, 1.4443e-04, 5.2871e-05, 6.4928e-05, 1.4275e-04],
       grad_fn=<CatBackward>)

mean_overall=tensor(6.0528e-05, grad_fn=<MeanBackward0>)

-----------------------------------------------ITERATION150-----------------------------------------------

final_causality=[[1, 1, 1, 1, 1, 1, 1, 1, 1, 1, 1, 1, 1], [1, 1, 1, 1, 1, 1, 1, 1, 1, 1, 1, 1, 1, 1, 1, 1, 1, 1, 1, 1, 1, 1, 1, 1, 1, 1, 1, 1, 1, 1, 1, 1, 1, 1, 1, 1, 1, 1, 1, 1, 1, 1, 1, 1, 1, 1, 1, 1, 1, 1], [1, 1, 1, 1, 1, 1, 1, 1, 1, 1, 1, 1, 1, 1, 1, 1, 1, 1, 1, 1, 1, 1, 1, 1, 1, 1, 1, 1, 1, 1, 1, 1, 1, 1, 1, 1, 1, 1, 1, 1, 1, 1, 1, 1, 1, 1, 1, 1, 1, 1]]

means=tensor([1.6774e-04, 0.0000e+00, 1.4231e-04, 0.0000e+00, 1.7024e-05, 9.2255e-05,
        1.0564e-05, 9.5361e-05, 9.0894e-05, 1.4952e-04, 2.3260e-05, 2.3334e-04,
        4.0857e-05, 5.2989e-05, 1.3288e-05, 9.3270e-05, 3.2261e-06, 6.2285e-05,
        1.4565e-04, 1.1773e-04, 6.7868e-05, 1.8023e-04, 3.2780e-05, 2.1286e-05,
        6.5924e-05, 2.0926e-05, 2.6417e-05, 1.6425e-05, 2.4561e-04, 7.6077e-05,
        6.3211e-06, 1.0059e-04, 8.1648e-05, 6.8496e-06, 2.3753e-05, 5.6958e-05,
        1.1027e-04, 1.0539e-05, 2.8216e-05, 5.8578e-06, 4.8427e-06, 3.9144e-05,
        1.1093e-04, 8.7923e-05, 5.3718e-05, 1.4338e-05, 6.2427e-05, 6.7707e-05,
        4.5064e-05, 2.4433e-05, 7.5039e-05, 1.0355e-04, 4.8502e-05, 1.8770e-05,
        1.0995e-05, 7.3039e-05, 1.8304e-05, 1.7363e-05, 1.1568e-05, 7.0740e-05,
        1.3512e-05, 1.3499e-07, 6.2135e-05, 5.6171e-05, 7.6156e-06, 5.8346e-05,
        7.6234e-05, 8.5225e-05, 3.8999e-05, 1.3487e-04, 2.9216e-05, 1.0001e-05,
        1.4286e-04, 5.8864e-05, 8.4225e-05, 6.3457e-05, 7.7566e-05, 1.0492e-06,
        1.0757e-04, 6.7594e-05, 5.4087e-05, 4.1639e-05, 2.2351e-05, 8.3078e-05,
        5.5342e-05, 7.3194e-05, 8.1680e-05, 9.6980e-05, 2.1764e-05, 1.0013e-05,
        4.8226e-05, 1.0827e-04, 4.7961e-05, 4.3489e-05, 3.9548e-05, 2.4992e-05,
        5.6454e-05, 8.8547e-05, 1.8061e-06, 3.4964e-05, 8.9889e-05, 3.2956e-05,
        7.5612e-05, 2.1793e-05, 3.7342e-05, 3.1939e-05, 3.8072e-05, 1.0280e-04,
        1.0463e-04, 1.4506e-04, 5.2883e-05, 6.5359e-05, 1.4290e-04],
       grad_fn=<CatBackward>)

mean_overall=tensor(6.0582e-05, grad_fn=<MeanBackward0>)

-----------------------------------------------ITERATION160-----------------------------------------------

final_causality=[[1, 1, 1, 1, 1, 1, 1, 1, 1, 1, 1, 1, 1], [1, 1, 1, 1, 1, 1, 1, 1, 1, 1, 1, 1, 1, 1, 1, 1, 1, 1, 1, 1, 1, 1, 1, 1, 1, 1, 1, 1, 1, 1, 1, 1, 1, 1, 1, 1, 1, 1, 1, 1, 1, 1, 1, 1, 1, 1, 1, 1, 1, 1], [1, 1, 1, 1, 1, 1, 1, 1, 1, 1, 1, 1, 1, 1, 1, 1, 1, 1, 1, 1, 1, 1, 1, 1, 1, 1, 1, 1, 1, 1, 1, 1, 1, 1, 1, 1, 1, 1, 1, 1, 1, 1, 1, 1, 1, 1, 1, 1, 1, 1]]

means=tensor([1.5313e-04, 0.0000e+00, 1.4000e-04, 0.0000e+00, 1.8578e-05, 9.3086e-05,
        1.1139e-05, 9.8479e-05, 9.4368e-05, 1.5351e-04, 2.2890e-05, 2.3468e-04,
        4.8935e-05, 5.3240e-05, 1.3356e-05, 9.3375e-05, 2.8972e-06, 6.1844e-05,
        1.4687e-04, 1.1835e-04, 6.7920e-05, 1.8193e-04, 3.3629e-05, 2.1258e-05,
        6.5606e-05, 2.0720e-05, 2.6631e-05, 1.6053e-05, 2.4828e-04, 7.6192e-05,
        6.3638e-06, 1.0152e-04, 8.0606e-05, 7.0548e-06, 2.4139e-05, 5.6559e-05,
        1.1112e-04, 1.0330e-05, 2.8080e-05, 5.7838e-06, 4.7871e-06, 3.9027e-05,
        1.1062e-04, 8.7227e-05, 5.4100e-05, 1.4498e-05, 6.2544e-05, 6.7325e-05,
        4.5198e-05, 2.4029e-05, 7.5717e-05, 1.0435e-04, 4.8621e-05, 1.8662e-05,
        1.0648e-05, 7.2584e-05, 1.8511e-05, 1.7699e-05, 1.1859e-05, 6.9940e-05,
        1.3596e-05, 1.3464e-06, 6.1788e-05, 5.6170e-05, 7.5640e-06, 5.6831e-05,
        7.5849e-05, 8.4294e-05, 3.8918e-05, 1.3394e-04, 2.9431e-05, 9.9055e-06,
        1.4126e-04, 5.8681e-05, 8.4315e-05, 6.3910e-05, 7.6897e-05, 1.0422e-06,
        1.0800e-04, 6.7738e-05, 5.4048e-05, 4.1875e-05, 2.2307e-05, 8.2748e-05,
        5.5441e-05, 7.3070e-05, 8.1211e-05, 9.6996e-05, 2.1739e-05, 1.0035e-05,
        4.8061e-05, 1.0890e-04, 4.7932e-05, 4.2900e-05, 3.9352e-05, 2.5067e-05,
        5.6107e-05, 8.8316e-05, 1.8273e-06, 3.4999e-05, 8.9984e-05, 3.2808e-05,
        7.5667e-05, 2.1879e-05, 3.7293e-05, 3.1987e-05, 3.8033e-05, 1.0323e-04,
        1.0478e-04, 1.4572e-04, 5.2892e-05, 6.5800e-05, 1.4305e-04],
       grad_fn=<CatBackward>)

mean_overall=tensor(6.0655e-05, grad_fn=<MeanBackward0>)

-----------------------------------------------ITERATION170-----------------------------------------------

final_causality=[[1, 1, 1, 1, 1, 1, 1, 1, 1, 1, 1, 1, 1], [1, 1, 1, 1, 1, 1, 1, 1, 1, 1, 1, 1, 1, 1, 1, 1, 1, 1, 1, 1, 1, 1, 1, 1, 1, 1, 1, 1, 1, 1, 1, 1, 1, 1, 1, 1, 1, 1, 1, 1, 1, 1, 1, 1, 1, 1, 1, 1, 1, 1], [1, 1, 1, 1, 1, 1, 1, 1, 1, 1, 1, 1, 1, 1, 1, 1, 1, 1, 1, 1, 1, 1, 1, 1, 1, 1, 1, 1, 1, 1, 1, 1, 1, 1, 1, 1, 1, 1, 1, 1, 1, 1, 1, 1, 1, 1, 1, 1, 1, 1]]

means=tensor([1.3811e-04, 0.0000e+00, 1.3760e-04, 0.0000e+00, 2.0201e-05, 9.3950e-05,
        1.1751e-05, 1.0170e-04, 9.7954e-05, 1.5766e-04, 2.2491e-05, 2.3609e-04,
        5.7320e-05, 5.3505e-05, 1.3430e-05, 9.3483e-05, 2.5590e-06, 6.1397e-05,
        1.4813e-04, 1.1899e-04, 6.8094e-05, 1.8369e-04, 3.4527e-05, 2.1234e-05,
        6.5286e-05, 2.0511e-05, 2.6858e-05, 1.5679e-05, 2.5106e-04, 7.6311e-05,
        6.4098e-06, 1.0247e-04, 7.9547e-05, 7.2693e-06, 2.4546e-05, 5.6156e-05,
        1.1200e-04, 1.0121e-05, 2.7943e-05, 5.7100e-06, 4.7323e-06, 3.8911e-05,
        1.1030e-04, 8.6522e-05, 5.4501e-05, 1.4668e-05, 6.2669e-05, 6.6934e-05,
        4.5338e-05, 2.3621e-05, 7.6427e-05, 1.0518e-04, 4.8747e-05, 1.8554e-05,
        1.0295e-05, 7.2121e-05, 1.8731e-05, 1.8053e-05, 1.2165e-05, 6.9129e-05,
        1.3687e-05, 2.9934e-06, 6.1434e-05, 5.6170e-05, 7.5106e-06, 5.5755e-05,
        7.5454e-05, 8.3338e-05, 3.8833e-05, 1.3298e-04, 2.9655e-05, 9.8058e-06,
        1.3963e-04, 5.8491e-05, 8.4407e-05, 6.4381e-05, 7.6209e-05, 1.0350e-06,
        1.0846e-04, 6.7887e-05, 5.4008e-05, 4.2118e-05, 2.2261e-05, 8.2409e-05,
        5.5542e-05, 7.2941e-05, 8.0726e-05, 9.7019e-05, 2.1717e-05, 1.0058e-05,
        4.7891e-05, 1.0956e-04, 4.7901e-05, 4.2300e-05, 3.9153e-05, 2.5195e-05,
        5.5749e-05, 8.8078e-05, 1.8493e-06, 3.5035e-05, 9.0083e-05, 3.2657e-05,
        7.5723e-05, 2.1969e-05, 3.7241e-05, 3.2038e-05, 3.7992e-05, 1.0368e-04,
        1.0494e-04, 1.4640e-04, 5.2900e-05, 6.6254e-05, 1.4321e-04],
       grad_fn=<CatBackward>)

mean_overall=tensor(6.0744e-05, grad_fn=<MeanBackward0>)

-----------------------------------------------ITERATION180-----------------------------------------------

final_causality=[[1, 1, 1, 1, 1, 1, 1, 1, 1, 1, 1, 1, 1], [1, 1, 1, 1, 1, 1, 1, 1, 1, 1, 1, 1, 1, 1, 1, 1, 1, 1, 1, 1, 1, 1, 1, 1, 1, 1, 1, 1, 1, 1, 1, 1, 1, 1, 1, 1, 1, 1, 1, 1, 1, 1, 1, 1, 1, 1, 1, 1, 1, 1], [1, 1, 1, 1, 1, 1, 1, 1, 1, 1, 1, 1, 1, 1, 1, 1, 1, 1, 1, 1, 1, 1, 1, 1, 1, 1, 1, 1, 1, 1, 1, 1, 1, 1, 1, 1, 1, 1, 1, 1, 1, 1, 1, 1, 1, 1, 1, 1, 1, 1]]

means=tensor([1.2270e-04, 0.0000e+00, 1.3515e-04, 0.0000e+00, 2.1893e-05, 9.4853e-05,
        1.2388e-05, 1.0502e-04, 1.0165e-04, 1.6196e-04, 2.2080e-05, 2.3757e-04,
        6.5994e-05, 5.3787e-05, 1.3506e-05, 9.3597e-05, 2.2081e-06, 6.0941e-05,
        1.4945e-04, 1.1966e-04, 6.8363e-05, 1.8552e-04, 3.5480e-05, 2.1209e-05,
        6.4968e-05, 2.0303e-05, 2.7093e-05, 1.5297e-05, 2.5394e-04, 7.6443e-05,
        6.4626e-06, 1.0345e-04, 7.8469e-05, 7.4889e-06, 2.4978e-05, 5.5746e-05,
        1.1292e-04, 9.9069e-06, 2.7893e-05, 5.6341e-06, 4.6732e-06, 3.8803e-05,
        1.0998e-04, 8.5804e-05, 5.4917e-05, 1.4852e-05, 6.2799e-05, 6.6538e-05,
        4.5489e-05, 2.3206e-05, 7.7163e-05, 1.0604e-04, 4.8885e-05, 1.8451e-05,
        9.9327e-06, 7.1654e-05, 1.8968e-05, 1.8428e-05, 1.2482e-05, 6.8304e-05,
        1.3793e-05, 4.7383e-06, 6.1077e-05, 5.6169e-05, 7.4550e-06, 5.5049e-05,
        7.5051e-05, 8.2360e-05, 3.8745e-05, 1.3199e-04, 2.9886e-05, 9.7307e-06,
        1.3798e-04, 5.8295e-05, 8.4502e-05, 6.4866e-05, 7.5506e-05, 1.0274e-06,
        1.0892e-04, 6.8039e-05, 5.3967e-05, 4.2369e-05, 2.2213e-05, 8.2059e-05,
        5.5646e-05, 7.2807e-05, 8.0225e-05, 9.7047e-05, 2.1695e-05, 1.0083e-05,
        4.7716e-05, 1.1024e-04, 4.7869e-05, 4.1691e-05, 3.8952e-05, 2.5337e-05,
        5.5381e-05, 8.7834e-05, 1.8728e-06, 3.5070e-05, 9.0186e-05, 3.2505e-05,
        7.5779e-05, 2.2062e-05, 3.7187e-05, 3.2089e-05, 3.7951e-05, 1.0414e-04,
        1.0512e-04, 1.4712e-04, 5.2909e-05, 6.6718e-05, 1.4337e-04],
       grad_fn=<CatBackward>)

mean_overall=tensor(6.0847e-05, grad_fn=<MeanBackward0>)

-----------------------------------------------ITERATION190-----------------------------------------------

final_causality=[[1, 1, 1, 1, 1, 1, 1, 1, 1, 1, 1, 1, 1], [1, 1, 1, 1, 1, 1, 1, 1, 1, 1, 1, 1, 1, 1, 1, 1, 1, 1, 1, 1, 1, 1, 1, 1, 1, 1, 1, 1, 1, 1, 1, 1, 1, 1, 1, 1, 1, 1, 1, 1, 1, 1, 1, 1, 1, 1, 1, 1, 1, 1], [1, 1, 1, 1, 1, 1, 1, 1, 1, 1, 1, 1, 1, 1, 1, 1, 1, 1, 1, 1, 1, 1, 1, 1, 1, 1, 1, 1, 1, 1, 1, 1, 1, 1, 1, 1, 1, 1, 1, 1, 1, 1, 1, 1, 1, 1, 1, 1, 1, 1]]

means=tensor([1.0693e-04, 0.0000e+00, 1.3260e-04, 0.0000e+00, 2.3623e-05, 9.5785e-05,
        1.3048e-05, 1.0843e-04, 1.0541e-04, 1.6638e-04, 2.1653e-05, 2.3910e-04,
        7.4949e-05, 5.4079e-05, 1.3592e-05, 9.3712e-05, 1.8512e-06, 6.0482e-05,
        1.5081e-04, 1.2035e-04, 6.8655e-05, 1.8742e-04, 3.6481e-05, 2.1191e-05,
        6.4645e-05, 2.0090e-05, 2.7346e-05, 1.4917e-05, 2.5694e-04, 7.6576e-05,
        6.5170e-06, 1.0446e-04, 7.7384e-05, 7.7205e-06, 2.5428e-05, 5.5336e-05,
        1.1386e-04, 9.6944e-06, 2.7881e-05, 5.5603e-06, 4.6188e-06, 3.8694e-05,
        1.0964e-04, 8.5086e-05, 5.5356e-05, 1.5044e-05, 6.2940e-05, 6.6132e-05,
        4.5645e-05, 2.2792e-05, 7.7935e-05, 1.0692e-04, 4.9027e-05, 1.8345e-05,
        9.5695e-06, 7.1177e-05, 1.9215e-05, 1.8821e-05, 1.2818e-05, 6.7477e-05,
        1.3905e-05, 6.5417e-06, 6.0712e-05, 5.6168e-05, 7.3983e-06, 5.4330e-05,
        7.4643e-05, 8.1361e-05, 3.8654e-05, 1.3098e-04, 3.0123e-05, 9.6669e-06,
        1.3629e-04, 5.8091e-05, 8.4599e-05, 6.5368e-05, 7.4788e-05, 1.0201e-06,
        1.0941e-04, 6.8193e-05, 5.3926e-05, 4.2627e-05, 2.2163e-05, 8.1701e-05,
        5.5751e-05, 7.2672e-05, 7.9709e-05, 9.7082e-05, 2.1674e-05, 1.0107e-05,
        4.7537e-05, 1.1095e-04, 4.7838e-05, 4.1951e-05, 3.8749e-05, 2.5484e-05,
        5.5004e-05, 8.7589e-05, 1.8965e-06, 3.5105e-05, 9.0290e-05, 3.2351e-05,
        7.5838e-05, 2.2156e-05, 3.7133e-05, 3.2142e-05, 3.7908e-05, 1.0463e-04,
        1.0529e-04, 1.4786e-04, 5.2916e-05, 6.7191e-05, 1.4353e-04],
       grad_fn=<CatBackward>)

mean_overall=tensor(6.0966e-05, grad_fn=<MeanBackward0>)

-----------------------------------------------ITERATION200-----------------------------------------------

final_causality=[[1, 1, 1, 1, 1, 1, 1, 1, 1, 1, 1, 1, 1], [1, 1, 1, 1, 1, 1, 1, 1, 1, 1, 1, 1, 1, 1, 1, 1, 1, 1, 1, 1, 1, 1, 1, 1, 1, 1, 1, 1, 1, 1, 1, 1, 1, 1, 1, 1, 1, 1, 1, 1, 1, 1, 1, 1, 1, 1, 1, 1, 1, 1], [1, 1, 1, 1, 1, 1, 1, 1, 1, 1, 1, 1, 1, 1, 1, 1, 1, 1, 1, 1, 1, 1, 1, 1, 1, 1, 1, 1, 1, 1, 1, 1, 1, 1, 1, 1, 1, 1, 1, 1, 1, 1, 1, 1, 1, 1, 1, 1, 1, 1]]

means=tensor([9.0791e-05, 1.3878e-17, 1.2999e-04, 1.3878e-17, 2.5410e-05, 9.6755e-05,
        1.3729e-05, 1.1194e-04, 1.0926e-04, 1.7094e-04, 2.1221e-05, 2.4068e-04,
        8.4185e-05, 5.4388e-05, 1.3681e-05, 9.3832e-05, 1.4829e-06, 6.0016e-05,
        1.5225e-04, 1.2107e-04, 6.8963e-05, 1.8939e-04, 3.7540e-05, 2.1173e-05,
        6.4325e-05, 1.9879e-05, 2.7609e-05, 1.4532e-05, 2.6003e-04, 7.6721e-05,
        6.5784e-06, 1.0549e-04, 7.6284e-05, 7.9578e-06, 2.5904e-05, 5.4922e-05,
        1.1484e-04, 9.4791e-06, 2.7870e-05, 5.4852e-06, 4.5612e-06, 3.8593e-05,
        1.0930e-04, 8.4359e-05, 5.5810e-05, 1.5249e-05, 6.3086e-05, 6.5721e-05,
        4.5811e-05, 2.2375e-05, 7.8734e-05, 1.0784e-04, 4.9180e-05, 1.8244e-05,
        9.1986e-06, 7.0697e-05, 1.9481e-05, 1.9235e-05, 1.3166e-05, 6.6639e-05,
        1.4031e-05, 8.4049e-06, 6.0346e-05, 5.6167e-05, 7.3395e-06, 5.3599e-05,
        7.4229e-05, 8.0342e-05, 3.8713e-05, 1.2994e-04, 3.0367e-05, 9.7821e-06,
        1.3458e-04, 5.7882e-05, 8.4699e-05, 6.5884e-05, 7.4056e-05, 1.0126e-06,
        1.0991e-04, 6.8349e-05, 5.3884e-05, 4.2892e-05, 2.2111e-05, 8.1332e-05,
        5.5858e-05, 7.2533e-05, 7.9178e-05, 9.7122e-05, 2.1654e-05, 1.0133e-05,
        4.7354e-05, 1.1168e-04, 4.7805e-05, 4.2466e-05, 3.8545e-05, 2.5635e-05,
        5.4618e-05, 8.7340e-05, 1.9215e-06, 3.5139e-05, 9.0397e-05, 3.2196e-05,
        7.5897e-05, 2.2254e-05, 3.7076e-05, 3.2196e-05, 3.7864e-05, 1.0513e-04,
        1.0548e-04, 1.4863e-04, 5.2924e-05, 6.7675e-05, 1.4369e-04],
       grad_fn=<CatBackward>)

mean_overall=tensor(6.1098e-05, grad_fn=<MeanBackward0>)

-----------------------------------------------ITERATION210-----------------------------------------------

final_causality=[[1, 1, 1, 1, 1, 1, 1, 1, 1, 1, 1, 1, 1], [1, 1, 1, 1, 1, 1, 1, 1, 1, 1, 1, 1, 1, 1, 1, 1, 1, 1, 1, 1, 1, 1, 1, 1, 1, 1, 1, 1, 1, 1, 1, 1, 1, 1, 1, 1, 1, 1, 1, 1, 1, 1, 1, 1, 1, 1, 1, 1, 1, 1], [1, 1, 1, 1, 1, 1, 1, 1, 1, 1, 1, 1, 1, 1, 1, 1, 1, 1, 1, 1, 1, 1, 1, 1, 1, 1, 1, 1, 1, 1, 1, 1, 1, 1, 1, 1, 1, 1, 1, 1, 1, 1, 1, 1, 1, 1, 1, 1, 1, 1]]

means=tensor([7.4296e-05, 1.3878e-17, 1.2730e-04, 1.3878e-17, 2.7237e-05, 9.7757e-05,
        1.4432e-05, 1.1555e-04, 1.1318e-04, 1.7562e-04, 2.0779e-05, 2.4229e-04,
        9.3700e-05, 5.4710e-05, 1.3778e-05, 9.3955e-05, 1.1074e-06, 5.9548e-05,
        1.5411e-04, 1.2182e-04, 6.9293e-05, 1.9143e-04, 3.8654e-05, 2.1161e-05,
        6.4004e-05, 1.9665e-05, 2.7888e-05, 1.4149e-05, 2.6324e-04, 7.6870e-05,
        6.6433e-06, 1.0655e-04, 7.5178e-05, 8.2054e-06, 2.6402e-05, 5.4508e-05,
        1.1585e-04, 9.2646e-06, 2.7864e-05, 5.4114e-06, 4.5064e-06, 3.8494e-05,
        1.0896e-04, 8.3632e-05, 5.6286e-05, 1.5465e-05, 6.3243e-05, 6.5303e-05,
        4.5984e-05, 2.1957e-05, 7.9567e-05, 1.0877e-04, 4.9339e-05, 1.8144e-05,
        8.8258e-06, 7.0211e-05, 1.9760e-05, 1.9670e-05, 1.3532e-05, 6.5799e-05,
        1.4166e-05, 1.0317e-05, 5.9973e-05, 5.6165e-05, 7.2793e-06, 5.2858e-05,
        7.3811e-05, 7.9304e-05, 3.8976e-05, 1.2886e-04, 3.0617e-05, 9.9368e-06,
        1.3285e-04, 5.7665e-05, 8.4802e-05, 6.6415e-05, 7.3311e-05, 1.0053e-06,
        1.1042e-04, 6.8507e-05, 5.3842e-05, 4.3165e-05, 2.2058e-05, 8.0955e-05,
        5.5965e-05, 7.2393e-05, 7.8633e-05, 9.7168e-05, 2.1636e-05, 1.0159e-05,
        4.7166e-05, 1.1242e-04, 4.7772e-05, 4.2993e-05, 3.8339e-05, 2.5792e-05,
        5.4224e-05, 8.7090e-05, 1.9470e-06, 3.5172e-05, 9.0507e-05, 3.2040e-05,
        7.5958e-05, 2.2354e-05, 3.7018e-05, 3.2251e-05, 3.7819e-05, 1.0564e-04,
        1.0567e-04, 1.4943e-04, 5.2931e-05, 6.8167e-05, 1.4386e-04],
       grad_fn=<CatBackward>)

mean_overall=tensor(6.1245e-05, grad_fn=<MeanBackward0>)

-----------------------------------------------ITERATION220-----------------------------------------------

final_causality=[[1, 1, 1, 1, 1, 1, 1, 1, 1, 1, 1, 1, 1], [1, 1, 1, 1, 1, 1, 1, 1, 1, 1, 1, 1, 1, 1, 1, 1, 1, 1, 1, 1, 1, 1, 1, 1, 1, 1, 1, 1, 1, 1, 1, 1, 1, 1, 1, 1, 1, 1, 1, 1, 1, 1, 1, 1, 1, 1, 1, 1, 1, 1], [1, 1, 1, 1, 1, 1, 1, 1, 1, 1, 1, 1, 1, 1, 1, 1, 1, 1, 1, 1, 1, 1, 1, 1, 1, 1, 1, 1, 1, 1, 1, 1, 1, 1, 1, 1, 1, 1, 1, 1, 1, 1, 1, 1, 1, 1, 1, 1, 1, 1]]

means=tensor([5.7445e-05, 0.0000e+00, 1.2454e-04, 0.0000e+00, 2.9113e-05, 9.8797e-05,
        1.5155e-05, 1.1925e-04, 1.1717e-04, 1.8044e-04, 2.0331e-05, 2.4395e-04,
        1.0350e-04, 5.5048e-05, 1.3880e-05, 9.4082e-05, 7.2228e-07, 5.9075e-05,
        1.5603e-04, 1.2259e-04, 6.9644e-05, 1.9354e-04, 3.9829e-05, 2.1153e-05,
        6.3685e-05, 1.9452e-05, 2.8179e-05, 1.3764e-05, 2.6655e-04, 7.7030e-05,
        6.7145e-06, 1.0763e-04, 7.4064e-05, 8.4605e-06, 2.6926e-05, 5.4093e-05,
        1.1689e-04, 9.0492e-06, 2.7860e-05, 5.3376e-06, 4.4507e-06, 3.8402e-05,
        1.0860e-04, 8.2902e-05, 5.6779e-05, 1.5694e-05, 6.3407e-05, 6.4881e-05,
        4.6166e-05, 2.1539e-05, 8.0431e-05, 1.0974e-04, 4.9509e-05, 1.8048e-05,
        8.4481e-06, 6.9723e-05, 2.0056e-05, 2.0127e-05, 1.3912e-05, 6.4955e-05,
        1.4316e-05, 1.2282e-05, 5.9599e-05, 5.6162e-05, 7.2173e-06, 5.2105e-05,
        7.3388e-05, 7.8248e-05, 3.9302e-05, 1.2777e-04, 3.0874e-05, 1.0096e-05,
        1.3110e-04, 5.7442e-05, 8.4908e-05, 6.6961e-05, 7.2554e-05, 9.9792e-07,
        1.1095e-04, 6.8667e-05, 5.3800e-05, 4.3444e-05, 2.2003e-05, 8.0567e-05,
        5.6073e-05, 7.2251e-05, 7.8073e-05, 9.7221e-05, 2.1618e-05, 1.0186e-05,
        4.6974e-05, 1.1319e-04, 4.7739e-05, 4.3532e-05, 3.8132e-05, 2.5953e-05,
        5.3822e-05, 8.6838e-05, 1.9735e-06, 3.5205e-05, 9.0618e-05, 3.1883e-05,
        7.6019e-05, 2.2458e-05, 3.6959e-05, 3.2307e-05, 3.7773e-05, 1.0618e-04,
        1.0587e-04, 1.5027e-04, 5.2938e-05, 6.8668e-05, 1.4402e-04],
       grad_fn=<CatBackward>)

mean_overall=tensor(6.1400e-05, grad_fn=<MeanBackward0>)

-----------------------------------------------ITERATION230-----------------------------------------------

final_causality=[[1, 1, 1, 1, 1, 1, 1, 1, 1, 1, 1, 1, 1], [1, 1, 1, 1, 1, 1, 1, 1, 1, 1, 1, 1, 1, 1, 1, 1, 1, 1, 1, 1, 1, 1, 1, 1, 1, 1, 1, 1, 1, 1, 1, 1, 1, 1, 1, 1, 1, 1, 1, 1, 1, 1, 1, 1, 1, 1, 1, 1, 1, 1], [1, 1, 1, 1, 1, 1, 1, 1, 1, 1, 1, 1, 1, 1, 1, 1, 1, 1, 1, 1, 1, 1, 1, 1, 1, 1, 1, 1, 1, 1, 1, 1, 1, 1, 1, 1, 1, 1, 1, 1, 1, 1, 1, 1, 1, 1, 1, 1, 1, 1]]

means=tensor([4.0244e-05, 1.3878e-17, 1.2171e-04, 1.3878e-17, 3.1031e-05, 9.9871e-05,
        1.5899e-05, 1.2306e-04, 1.2123e-04, 1.8538e-04, 1.9876e-05, 2.4565e-04,
        1.1357e-04, 5.5400e-05, 1.3989e-05, 9.4212e-05, 3.2930e-07, 5.8600e-05,
        1.5802e-04, 1.2340e-04, 7.0016e-05, 1.9572e-04, 4.1064e-05, 2.1149e-05,
        6.3367e-05, 1.9238e-05, 2.8486e-05, 1.3381e-05, 2.6996e-04, 7.7197e-05,
        6.7908e-06, 1.0874e-04, 7.2945e-05, 8.7249e-06, 2.7475e-05, 5.3678e-05,
        1.1796e-04, 8.8344e-06, 2.7861e-05, 5.2649e-06, 4.3966e-06, 3.8316e-05,
        1.0824e-04, 8.2173e-05, 5.7294e-05, 1.5935e-05, 6.3580e-05, 6.4453e-05,
        4.6356e-05, 2.1121e-05, 8.1328e-05, 1.1073e-04, 4.9687e-05, 1.7954e-05,
        8.0680e-06, 6.9230e-05, 2.0369e-05, 2.0606e-05, 1.4309e-05, 6.4110e-05,
        1.4477e-05, 1.4298e-05, 5.9221e-05, 5.6158e-05, 7.1537e-06, 5.1343e-05,
        7.2962e-05, 7.7174e-05, 3.9692e-05, 1.2664e-04, 3.1137e-05, 1.0260e-05,
        1.2933e-04, 5.7212e-05, 8.5016e-05, 6.7522e-05, 7.1784e-05, 9.9069e-07,
        1.1149e-04, 6.8828e-05, 5.3759e-05, 4.3730e-05, 2.1946e-05, 8.0171e-05,
        5.6182e-05, 7.2107e-05, 7.7498e-05, 9.7281e-05, 2.1603e-05, 1.0214e-05,
        4.6778e-05, 1.1398e-04, 4.7706e-05, 4.4082e-05, 3.7924e-05, 2.6120e-05,
        5.3412e-05, 8.6585e-05, 2.0007e-06, 3.5237e-05, 9.0731e-05, 3.1726e-05,
        7.6081e-05, 2.2563e-05, 3.6899e-05, 3.2363e-05, 3.7725e-05, 1.0673e-04,
        1.0608e-04, 1.5113e-04, 5.2944e-05, 6.9177e-05, 1.4419e-04],
       grad_fn=<CatBackward>)

mean_overall=tensor(6.1566e-05, grad_fn=<MeanBackward0>)

-----------------------------------------------ITERATION240-----------------------------------------------

final_causality=[[1, 1, 1, 1, 1, 1, 1, 1, 1, 1, 1, 1, 1], [1, 1, 1, 1, 1, 1, 1, 1, 1, 1, 1, 1, 1, 1, 1, 1, 1, 1, 1, 1, 1, 1, 1, 1, 1, 1, 1, 1, 1, 1, 1, 1, 1, 1, 1, 1, 1, 1, 1, 1, 1, 1, 1, 1, 1, 1, 1, 1, 1, 1], [1, 1, 1, 1, 1, 1, 1, 1, 1, 1, 1, 1, 1, 1, 1, 1, 1, 1, 1, 1, 1, 1, 1, 1, 1, 1, 1, 1, 1, 1, 1, 1, 1, 1, 1, 1, 1, 1, 1, 1, 1, 1, 1, 1, 1, 1, 1, 1, 1, 1]]

means=tensor([2.2691e-05, 1.3878e-17, 1.1880e-04, 1.3878e-17, 3.2994e-05, 1.0098e-04,
        1.6663e-05, 1.2696e-04, 1.2535e-04, 1.9044e-04, 1.9414e-05, 2.4739e-04,
        1.2393e-04, 5.5768e-05, 1.4105e-05, 9.4346e-05, 9.8521e-09, 5.8123e-05,
        1.6008e-04, 1.2423e-04, 7.0410e-05, 1.9797e-04, 4.2363e-05, 2.1149e-05,
        6.3052e-05, 1.9024e-05, 2.8807e-05, 1.2998e-05, 2.7349e-04, 7.7373e-05,
        6.8734e-06, 1.0987e-04, 7.1821e-05, 8.9976e-06, 2.8050e-05, 5.3264e-05,
        1.1907e-04, 8.6199e-06, 2.7866e-05, 5.1929e-06, 4.3428e-06, 3.8236e-05,
        1.0788e-04, 8.1445e-05, 5.7827e-05, 1.6190e-05, 6.3762e-05, 6.4020e-05,
        4.6556e-05, 2.0705e-05, 8.2257e-05, 1.1175e-04, 4.9875e-05, 1.7863e-05,
        7.6845e-06, 6.8735e-05, 2.0700e-05, 2.1109e-05, 1.4722e-05, 6.3264e-05,
        1.4651e-05, 1.6367e-05, 5.8840e-05, 5.6154e-05, 7.0883e-06, 5.0571e-05,
        7.2533e-05, 7.6084e-05, 4.0095e-05, 1.2548e-04, 3.1406e-05, 1.0429e-05,
        1.2755e-04, 5.6975e-05, 8.5126e-05, 6.8444e-05, 7.1003e-05, 9.8351e-07,
        1.1205e-04, 6.8990e-05, 5.3717e-05, 4.4024e-05, 2.1888e-05, 7.9765e-05,
        5.6291e-05, 7.1962e-05, 7.6908e-05, 9.7348e-05, 2.1589e-05, 1.0243e-05,
        4.6577e-05, 1.1480e-04, 4.7672e-05, 4.4644e-05, 3.7716e-05, 2.6292e-05,
        5.2994e-05, 8.6330e-05, 2.0289e-06, 3.5268e-05, 9.0845e-05, 3.1568e-05,
        7.6144e-05, 2.2671e-05, 3.6837e-05, 3.2421e-05, 3.7677e-05, 1.0731e-04,
        1.0630e-04, 1.5202e-04, 5.2950e-05, 6.9696e-05, 1.4436e-04],
       grad_fn=<CatBackward>)

mean_overall=tensor(6.1744e-05, grad_fn=<MeanBackward0>)

-----------------------------------------------ITERATION250-----------------------------------------------

final_causality=[[1, 1, 1, 1, 1, 1, 1, 1, 1, 1, 1, 1, 1], [1, 1, 1, 1, 1, 1, 1, 1, 1, 1, 1, 1, 1, 1, 1, 1, 1, 1, 1, 1, 1, 1, 1, 1, 1, 1, 1, 1, 1, 1, 1, 1, 1, 1, 1, 1, 1, 1, 1, 1, 1, 1, 1, 1, 1, 1, 1, 1, 1, 1], [1, 1, 1, 1, 1, 1, 1, 1, 1, 1, 1, 1, 1, 1, 1, 1, 1, 1, 1, 1, 1, 1, 1, 1, 1, 1, 1, 1, 1, 1, 1, 1, 1, 1, 1, 1, 1, 1, 1, 1, 1, 1, 1, 1, 1, 1, 1, 1, 1, 1]]

means=tensor([4.7826e-06, 0.0000e+00, 1.1582e-04, 0.0000e+00, 3.5005e-05, 1.0213e-04,
        1.7451e-05, 1.3097e-04, 1.2953e-04, 1.9564e-04, 1.8950e-05, 2.4917e-04,
        1.3459e-04, 5.6151e-05, 1.4228e-05, 9.4575e-05, 4.5241e-07, 5.7645e-05,
        1.6220e-04, 1.2508e-04, 7.0828e-05, 2.0029e-04, 4.3730e-05, 2.1154e-05,
        6.2739e-05, 1.8812e-05, 2.9144e-05, 1.2617e-05, 2.7712e-04, 7.7558e-05,
        6.9622e-06, 1.1102e-04, 7.0696e-05, 9.2792e-06, 2.8653e-05, 5.2852e-05,
        1.2020e-04, 8.4064e-06, 2.7875e-05, 5.1220e-06, 4.2903e-06, 3.8164e-05,
        1.0750e-04, 8.0719e-05, 5.8382e-05, 1.6458e-05, 6.3953e-05, 6.3584e-05,
        4.6765e-05, 2.0290e-05, 8.3220e-05, 1.1280e-04, 5.0072e-05, 1.7777e-05,
        7.2988e-06, 6.8239e-05, 2.1049e-05, 2.1636e-05, 1.5153e-05, 6.2419e-05,
        1.4840e-05, 1.8490e-05, 5.8458e-05, 5.6149e-05, 7.0998e-06, 4.9791e-05,
        7.2101e-05, 7.4977e-05, 4.0512e-05, 1.2430e-04, 3.1682e-05, 1.0603e-05,
        1.2593e-04, 5.6732e-05, 8.5239e-05, 6.9470e-05, 7.0210e-05, 9.7640e-07,
        1.1263e-04, 6.9153e-05, 5.3675e-05, 4.4324e-05, 2.1828e-05, 7.9349e-05,
        5.6400e-05, 7.1816e-05, 7.6303e-05, 9.7422e-05, 2.1576e-05, 1.0273e-05,
        4.6372e-05, 1.1563e-04, 4.7637e-05, 4.5217e-05, 3.7507e-05, 2.6470e-05,
        5.2568e-05, 8.6075e-05, 2.0581e-06, 3.5298e-05, 9.0961e-05, 3.1411e-05,
        7.6207e-05, 2.2781e-05, 3.6774e-05, 3.2479e-05, 3.7627e-05, 1.0789e-04,
        1.0652e-04, 1.5295e-04, 5.2955e-05, 7.0223e-05, 1.4452e-04],
       grad_fn=<CatBackward>)

mean_overall=tensor(6.1944e-05, grad_fn=<MeanBackward0>)

-----------------------------------------------ITERATION260-----------------------------------------------

final_causality=[[1, 1, 1, 1, 1, 1, 1, 1, 1, 1, 1, 1, 1], [1, 1, 1, 1, 1, 1, 1, 1, 1, 1, 1, 1, 1, 1, 1, 1, 1, 1, 1, 1, 1, 1, 1, 1, 1, 1, 1, 1, 1, 1, 1, 1, 1, 1, 1, 1, 1, 1, 1, 1, 1, 1, 1, 1, 1, 1, 1, 1, 1, 1], [1, 1, 1, 1, 1, 1, 1, 1, 1, 1, 1, 1, 1, 1, 1, 1, 1, 1, 1, 1, 1, 1, 1, 1, 1, 1, 1, 1, 1, 1, 1, 1, 1, 1, 1, 1, 1, 1, 1, 1, 1, 1, 1, 1, 1, 1, 1, 1, 1, 1]]

means=tensor([6.5340e-06, 0.0000e+00, 1.1272e-04, 0.0000e+00, 3.7094e-05, 1.0332e-04,
        1.8274e-05, 1.3507e-04, 1.3373e-04, 2.0095e-04, 1.8496e-05, 2.5099e-04,
        1.4556e-04, 5.6546e-05, 1.4360e-05, 9.4823e-05, 9.6901e-07, 5.7160e-05,
        1.6440e-04, 1.2597e-04, 7.1271e-05, 2.0270e-04, 4.5163e-05, 2.1165e-05,
        6.2411e-05, 1.8604e-05, 2.9508e-05, 1.2234e-05, 2.8087e-04, 7.7769e-05,
        7.0596e-06, 1.1222e-04, 6.9560e-05, 9.5717e-06, 2.9291e-05, 5.2436e-05,
        1.2139e-04, 8.1934e-06, 2.7887e-05, 5.0514e-06, 4.2331e-06, 3.8095e-05,
        1.0713e-04, 7.9992e-05, 5.8956e-05, 1.6738e-05, 6.4144e-05, 6.3140e-05,
        4.6984e-05, 1.9872e-05, 8.4218e-05, 1.1389e-04, 5.0276e-05, 1.7693e-05,
        6.9079e-06, 6.7743e-05, 2.1413e-05, 2.2192e-05, 1.5611e-05, 6.1566e-05,
        1.5048e-05, 2.0674e-05, 5.8064e-05, 5.6142e-05, 7.2149e-06, 4.8982e-05,
        7.1663e-05, 7.3834e-05, 4.0946e-05, 1.2307e-04, 3.1964e-05, 1.0783e-05,
        1.2426e-04, 5.6481e-05, 8.5356e-05, 7.0523e-05, 6.9393e-05, 9.6925e-07,
        1.1322e-04, 6.9317e-05, 5.3634e-05, 4.4636e-05, 2.1768e-05, 7.8914e-05,
        5.6509e-05, 7.1668e-05, 7.5682e-05, 9.7505e-05, 2.1565e-05, 1.0303e-05,
        4.6160e-05, 1.1649e-04, 4.7603e-05, 4.5802e-05, 3.7295e-05, 2.6658e-05,
        5.2129e-05, 8.5819e-05, 2.0884e-06, 3.5326e-05, 9.1079e-05, 3.1251e-05,
        7.6271e-05, 2.2894e-05, 3.6710e-05, 3.2537e-05, 3.7575e-05, 1.0851e-04,
        1.0676e-04, 1.5391e-04, 5.2959e-05, 7.0763e-05, 1.4469e-04],
       grad_fn=<CatBackward>)

mean_overall=tensor(6.2332e-05, grad_fn=<MeanBackward0>)

-----------------------------------------------ITERATION270-----------------------------------------------

final_causality=[[1, 1, 1, 1, 1, 1, 1, 1, 1, 1, 1, 1, 1], [1, 1, 1, 1, 1, 1, 1, 1, 1, 1, 1, 1, 1, 1, 1, 1, 1, 1, 1, 1, 1, 1, 1, 1, 1, 1, 1, 1, 1, 1, 1, 1, 1, 1, 1, 1, 1, 1, 1, 1, 1, 1, 1, 1, 1, 1, 1, 1, 1, 1], [1, 1, 1, 1, 1, 1, 1, 1, 1, 1, 1, 1, 1, 1, 1, 1, 1, 1, 1, 1, 1, 1, 1, 1, 1, 1, 1, 1, 1, 1, 1, 1, 1, 1, 1, 1, 1, 1, 1, 1, 1, 1, 1, 1, 1, 1, 1, 1, 1, 1]]

means=tensor([2.7482e-05, 1.3878e-17, 1.0949e-04, 1.3878e-17, 3.9296e-05, 1.0455e-04,
        1.9117e-05, 1.3927e-04, 1.3792e-04, 2.0637e-04, 1.8028e-05, 2.5285e-04,
        1.5684e-04, 5.6935e-05, 1.4506e-05, 9.5086e-05, 1.5244e-06, 5.6649e-05,
        1.6675e-04, 1.2688e-04, 7.1743e-05, 2.0525e-04, 4.6664e-05, 2.1184e-05,
        6.2019e-05, 1.8417e-05, 2.9939e-05, 1.1834e-05, 2.8481e-04, 7.8061e-05,
        7.1728e-06, 1.1351e-04, 6.8386e-05, 9.8805e-06, 2.9990e-05, 5.2000e-05,
        1.2269e-04, 7.9773e-06, 2.7902e-05, 4.9778e-06, 4.1515e-06, 3.8017e-05,
        1.0673e-04, 7.9242e-05, 5.9545e-05, 1.7030e-05, 6.4303e-05, 6.2670e-05,
        4.7218e-05, 1.9433e-05, 8.5256e-05, 1.1508e-04, 5.0475e-05, 1.7612e-05,
        6.5002e-06, 6.7256e-05, 2.1782e-05, 2.2792e-05, 1.6128e-05, 6.0674e-05,
        1.5295e-05, 2.2934e-05, 5.7630e-05, 5.6135e-05, 7.3345e-06, 4.8084e-05,
        7.1216e-05, 7.2587e-05, 4.1395e-05, 1.2171e-04, 3.2255e-05, 1.0967e-05,
        1.2242e-04, 5.6221e-05, 8.5486e-05, 7.1622e-05, 6.8503e-05, 9.6194e-07,
        1.1383e-04, 6.9485e-05, 5.3590e-05, 4.4978e-05, 2.1706e-05, 7.8423e-05,
        5.6617e-05, 7.1514e-05, 7.5044e-05, 9.7591e-05, 2.1552e-05, 1.0334e-05,
        4.5939e-05, 1.1739e-04, 4.7570e-05, 4.6398e-05, 3.7070e-05, 2.6870e-05,
        5.1674e-05, 8.5565e-05, 2.1198e-06, 3.5355e-05, 9.1200e-05, 3.1081e-05,
        7.6334e-05, 2.3009e-05, 3.6643e-05, 3.2598e-05, 3.7521e-05, 1.0915e-04,
        1.0701e-04, 1.5493e-04, 5.2960e-05, 7.1333e-05, 1.4486e-04],
       grad_fn=<CatBackward>)

mean_overall=tensor(6.2901e-05, grad_fn=<MeanBackward0>)

-----------------------------------------------ITERATION280-----------------------------------------------

final_causality=[[1, 1, 1, 1, 1, 1, 1, 1, 1, 1, 1, 1, 1], [1, 1, 1, 1, 1, 1, 1, 1, 1, 1, 1, 1, 1, 1, 1, 1, 1, 1, 1, 1, 1, 1, 1, 1, 1, 1, 1, 1, 1, 1, 1, 1, 1, 1, 1, 1, 1, 1, 1, 1, 1, 1, 1, 1, 1, 1, 1, 1, 1, 1], [1, 1, 1, 1, 1, 1, 1, 1, 1, 1, 1, 1, 1, 1, 1, 1, 1, 1, 1, 1, 1, 1, 1, 1, 1, 1, 1, 1, 1, 1, 1, 1, 1, 1, 1, 1, 1, 1, 1, 1, 1, 1, 1, 1, 1, 1, 1, 1, 1, 1]]

means=tensor([4.9678e-05, 1.3878e-17, 1.0614e-04, 1.3878e-17, 4.1580e-05, 1.0583e-04,
        1.9981e-05, 1.4357e-04, 1.4213e-04, 2.1192e-04, 1.7547e-05, 2.5475e-04,
        1.6843e-04, 5.7330e-05, 1.4664e-05, 9.5363e-05, 2.1034e-06, 5.6125e-05,
        1.6922e-04, 1.2783e-04, 7.2245e-05, 2.0791e-04, 4.8239e-05, 2.1209e-05,
        6.1594e-05, 1.8241e-05, 3.0418e-05, 1.1428e-05, 2.8889e-04, 7.8405e-05,
        7.2989e-06, 1.1487e-04, 6.7193e-05, 1.0203e-05, 3.0739e-05, 5.1556e-05,
        1.2406e-04, 7.7608e-06, 2.7919e-05, 4.9034e-06, 4.0570e-06, 3.7940e-05,
        1.0633e-04, 7.8484e-05, 6.0154e-05, 1.7406e-05, 6.4449e-05, 6.2186e-05,
        4.7466e-05, 1.9001e-05, 8.6331e-05, 1.1634e-04, 5.0676e-05, 1.7533e-05,
        6.0829e-06, 6.6775e-05, 2.2163e-05, 2.3430e-05, 1.6687e-05, 5.9764e-05,
        1.5572e-05, 2.5267e-05, 5.7172e-05, 5.6127e-05, 7.4587e-06, 4.7133e-05,
        7.0762e-05, 7.1276e-05, 4.1860e-05, 1.2143e-04, 3.2552e-05, 1.1157e-05,
        1.2048e-04, 5.5952e-05, 8.5625e-05, 7.2755e-05, 6.7569e-05, 9.5464e-07,
        1.1446e-04, 6.9655e-05, 5.3544e-05, 4.5339e-05, 2.1643e-05, 7.7897e-05,
        5.6725e-05, 7.1356e-05, 7.4388e-05, 9.7685e-05, 2.1539e-05, 1.0365e-05,
        4.5710e-05, 1.1831e-04, 4.7538e-05, 4.7005e-05, 3.6837e-05, 2.7097e-05,
        5.1432e-05, 8.5312e-05, 2.1522e-06, 3.5382e-05, 9.1323e-05, 3.0906e-05,
        7.6398e-05, 2.3126e-05, 3.6575e-05, 3.2661e-05, 3.7465e-05, 1.0982e-04,
        1.0728e-04, 1.5599e-04, 5.2960e-05, 7.1924e-05, 1.4504e-04],
       grad_fn=<CatBackward>)

mean_overall=tensor(6.3509e-05, grad_fn=<MeanBackward0>)

-----------------------------------------------ITERATION290-----------------------------------------------

final_causality=[[1, 1, 1, 1, 1, 1, 1, 1, 1, 1, 1, 1, 1], [1, 1, 1, 1, 1, 1, 1, 1, 1, 1, 1, 1, 1, 1, 1, 1, 1, 1, 1, 1, 1, 1, 1, 1, 1, 1, 1, 1, 1, 1, 1, 1, 1, 1, 1, 1, 1, 1, 1, 1, 1, 1, 1, 1, 1, 1, 1, 1, 1, 1], [1, 1, 1, 1, 1, 1, 1, 1, 1, 1, 1, 1, 1, 1, 1, 1, 1, 1, 1, 1, 1, 1, 1, 1, 1, 1, 1, 1, 1, 1, 1, 1, 1, 1, 1, 1, 1, 1, 1, 1, 1, 1, 1, 1, 1, 1, 1, 1, 1, 1]]

means=tensor([7.2590e-05, 1.3878e-17, 1.0270e-04, 1.3878e-17, 4.3925e-05, 1.0716e-04,
        2.0867e-05, 1.4798e-04, 1.4638e-04, 2.1761e-04, 1.7061e-05, 2.5668e-04,
        1.8035e-04, 5.7737e-05, 1.4832e-05, 9.5649e-05, 2.6982e-06, 5.5597e-05,
        1.7179e-04, 1.2880e-04, 7.2775e-05, 2.1066e-04, 4.9893e-05, 2.1241e-05,
        6.1160e-05, 1.8072e-05, 3.0927e-05, 1.1022e-05, 2.9310e-04, 7.8778e-05,
        7.4357e-06, 1.1627e-04, 6.5998e-05, 1.0537e-05, 3.1530e-05, 5.1112e-05,
        1.2548e-04, 7.5459e-06, 2.7942e-05, 4.8299e-06, 3.9582e-06, 3.7869e-05,
        1.0593e-04, 7.7730e-05, 6.0784e-05, 1.7864e-05, 6.4595e-05, 6.1695e-05,
        4.7727e-05, 1.8576e-05, 8.7445e-05, 1.1765e-04, 5.0886e-05, 1.7460e-05,
        5.6614e-06, 6.6297e-05, 2.2563e-05, 2.4103e-05, 1.7274e-05, 5.8852e-05,
        1.5873e-05, 2.7671e-05, 5.6706e-05, 5.6118e-05, 7.5874e-06, 4.7071e-05,
        7.0304e-05, 6.9934e-05, 4.2343e-05, 1.2131e-04, 3.2857e-05, 1.1353e-05,
        1.1851e-04, 5.5675e-05, 8.5767e-05, 7.3915e-05, 6.6611e-05, 9.4744e-07,
        1.1511e-04, 6.9825e-05, 5.3499e-05, 4.5713e-05, 2.1579e-05, 7.7351e-05,
        5.6832e-05, 7.1196e-05, 7.3715e-05, 9.7787e-05, 2.1527e-05, 1.0398e-05,
        4.5474e-05, 1.1925e-04, 4.7506e-05, 4.7622e-05, 3.6601e-05, 2.7336e-05,
        5.1185e-05, 8.5059e-05, 2.1858e-06, 3.5408e-05, 9.1448e-05, 3.0730e-05,
        7.6462e-05, 2.3245e-05, 3.6505e-05, 3.2724e-05, 3.7407e-05, 1.1051e-04,
        1.0756e-04, 1.5709e-04, 5.2959e-05, 7.2527e-05, 1.4523e-04],
       grad_fn=<CatBackward>)

mean_overall=tensor(6.4148e-05, grad_fn=<MeanBackward0>)

-----------------------------------------------ITERATION300-----------------------------------------------

final_causality=[[1, 1, 1, 1, 1, 1, 1, 1, 1, 1, 1, 1, 1], [1, 1, 1, 1, 1, 1, 1, 1, 1, 1, 1, 1, 1, 1, 1, 1, 1, 1, 1, 1, 1, 1, 1, 1, 1, 1, 1, 1, 1, 1, 1, 1, 1, 1, 1, 1, 1, 1, 1, 1, 1, 1, 1, 1, 1, 1, 1, 1, 1, 1], [1, 1, 1, 1, 1, 1, 1, 1, 1, 1, 1, 1, 1, 1, 1, 1, 1, 1, 1, 1, 1, 1, 1, 1, 1, 1, 1, 1, 1, 1, 1, 1, 1, 1, 1, 1, 1, 1, 1, 1, 1, 1, 1, 1, 1, 1, 1, 1, 1, 1]]

means=tensor([9.6038e-05, 1.3878e-17, 9.9174e-05, 1.3878e-17, 4.6322e-05, 1.0853e-04,
        2.1777e-05, 1.5251e-04, 1.5066e-04, 2.2343e-04, 1.6570e-05, 2.5865e-04,
        1.9258e-04, 5.8161e-05, 1.5008e-05, 9.5945e-05, 3.3062e-06, 5.5070e-05,
        1.7443e-04, 1.2981e-04, 7.3336e-05, 2.1350e-04, 5.1631e-05, 2.1281e-05,
        6.0727e-05, 1.7908e-05, 3.1463e-05, 1.0620e-05, 2.9743e-04, 7.9172e-05,
        7.5829e-06, 1.1770e-04, 6.4805e-05, 1.0883e-05, 3.2359e-05, 5.0671e-05,
        1.2694e-04, 7.3335e-06, 2.7971e-05, 4.7580e-06, 3.8588e-06, 3.7807e-05,
        1.0552e-04, 7.7093e-05, 6.1437e-05, 1.8348e-05, 6.4748e-05, 6.1202e-05,
        4.7998e-05, 1.8154e-05, 8.8597e-05, 1.1899e-04, 5.1106e-05, 1.7393e-05,
        5.2379e-06, 6.5822e-05, 2.2984e-05, 2.4808e-05, 1.7887e-05, 5.7944e-05,
        1.6195e-05, 3.0146e-05, 5.6237e-05, 5.6108e-05, 7.7209e-06, 4.7423e-05,
        6.9845e-05, 6.8571e-05, 4.2843e-05, 1.2119e-04, 3.3184e-05, 1.1554e-05,
        1.1652e-04, 5.5389e-05, 8.5911e-05, 7.5100e-05, 6.5638e-05, 9.4038e-07,
        1.1577e-04, 6.9997e-05, 5.3454e-05, 4.6096e-05, 2.1514e-05, 7.6790e-05,
        5.6938e-05, 7.1036e-05, 7.3025e-05, 9.7900e-05, 2.1519e-05, 1.0432e-05,
        4.5233e-05, 1.2027e-04, 4.7472e-05, 4.8250e-05, 3.6366e-05, 2.7584e-05,
        5.0934e-05, 8.4806e-05, 2.2206e-06, 3.5433e-05, 9.1575e-05, 3.0605e-05,
        7.6527e-05, 2.3367e-05, 3.6434e-05, 3.2788e-05, 3.7346e-05, 1.1122e-04,
        1.0786e-04, 1.5823e-04, 5.2958e-05, 7.3142e-05, 1.4541e-04],
       grad_fn=<CatBackward>)

mean_overall=tensor(6.4814e-05, grad_fn=<MeanBackward0>)

-----------------------------------------------ITERATION310-----------------------------------------------

final_causality=[[1, 1, 1, 1, 1, 1, 1, 1, 1, 1, 1, 1, 1], [1, 1, 1, 1, 1, 1, 1, 1, 1, 1, 1, 1, 1, 1, 1, 1, 1, 1, 1, 1, 1, 1, 1, 1, 1, 1, 1, 1, 1, 1, 1, 1, 1, 1, 1, 1, 1, 1, 1, 1, 1, 1, 1, 1, 1, 1, 1, 1, 1, 1], [1, 1, 1, 1, 1, 1, 1, 1, 1, 1, 1, 1, 1, 1, 1, 1, 1, 1, 1, 1, 1, 1, 1, 1, 1, 1, 1, 1, 1, 1, 1, 1, 1, 1, 1, 1, 1, 1, 1, 1, 1, 1, 1, 1, 1, 1, 1, 1, 1, 1]]

means=tensor([1.1997e-04, 0.0000e+00, 9.5559e-05, 0.0000e+00, 4.8771e-05, 1.0996e-04,
        2.2711e-05, 1.5716e-04, 1.5499e-04, 2.2939e-04, 1.6076e-05, 2.6065e-04,
        2.0516e-04, 5.8602e-05, 1.5194e-05, 9.6251e-05, 3.9265e-06, 5.4545e-05,
        1.7715e-04, 1.3084e-04, 7.3927e-05, 2.1642e-04, 5.3457e-05, 2.1327e-05,
        6.0298e-05, 1.7760e-05, 3.2023e-05, 1.0223e-05, 3.0189e-04, 7.9586e-05,
        7.7406e-06, 1.1915e-04, 6.3619e-05, 1.1239e-05, 3.3228e-05, 5.0236e-05,
        1.2845e-04, 7.1240e-06, 2.8005e-05, 4.6880e-06, 3.7598e-06, 3.7755e-05,
        1.0510e-04, 7.6508e-05, 6.2114e-05, 1.8894e-05, 6.4909e-05, 6.0706e-05,
        4.8282e-05, 1.7737e-05, 8.9788e-05, 1.2036e-04, 5.1337e-05, 1.7333e-05,
        4.8132e-06, 6.5350e-05, 2.3430e-05, 2.5547e-05, 1.8523e-05, 5.7044e-05,
        1.6538e-05, 3.2696e-05, 5.5768e-05, 5.6098e-05, 7.8593e-06, 4.7782e-05,
        6.9384e-05, 6.7192e-05, 4.3362e-05, 1.2108e-04, 3.3530e-05, 1.1762e-05,
        1.1452e-04, 5.5096e-05, 8.6057e-05, 7.6309e-05, 6.4651e-05, 9.3348e-07,
        1.1704e-04, 7.0169e-05, 5.3410e-05, 4.6488e-05, 2.1446e-05, 7.6217e-05,
        5.7044e-05, 7.0875e-05, 7.2318e-05, 9.8023e-05, 2.1514e-05, 1.0467e-05,
        4.4985e-05, 1.2134e-04, 4.7437e-05, 4.8886e-05, 3.6130e-05, 2.7842e-05,
        5.0681e-05, 8.4552e-05, 2.2567e-06, 3.5457e-05, 9.1703e-05, 3.0575e-05,
        7.6592e-05, 2.3492e-05, 3.6362e-05, 3.2852e-05, 3.7284e-05, 1.1195e-04,
        1.0816e-04, 1.5940e-04, 5.2956e-05, 7.3767e-05, 1.4559e-04],
       grad_fn=<CatBackward>)

mean_overall=tensor(6.5509e-05, grad_fn=<MeanBackward0>)

-----------------------------------------------ITERATION320-----------------------------------------------

final_causality=[[1, 1, 1, 1, 1, 1, 1, 1, 1, 1, 1, 1, 1], [1, 1, 1, 1, 1, 1, 1, 1, 1, 1, 1, 1, 1, 1, 1, 1, 1, 1, 1, 1, 1, 1, 1, 1, 1, 1, 1, 1, 1, 1, 1, 1, 1, 1, 1, 1, 1, 1, 1, 1, 1, 1, 1, 1, 1, 1, 1, 1, 1, 1], [1, 1, 1, 1, 1, 1, 1, 1, 1, 1, 1, 1, 1, 1, 1, 1, 1, 1, 1, 1, 1, 1, 1, 1, 1, 1, 1, 1, 1, 1, 1, 1, 1, 1, 1, 1, 1, 1, 1, 1, 1, 1, 1, 1, 1, 1, 1, 1, 1, 1]]

means=tensor([1.4437e-04, 1.3878e-17, 9.1855e-05, 1.3878e-17, 5.1269e-05, 1.1143e-04,
        2.3670e-05, 1.6195e-04, 1.5936e-04, 2.3549e-04, 1.5579e-05, 2.6269e-04,
        2.1809e-04, 5.9060e-05, 1.5390e-05, 9.6567e-05, 4.5590e-06, 5.4022e-05,
        1.7995e-04, 1.3191e-04, 7.4549e-05, 2.1942e-04, 5.5374e-05, 2.1382e-05,
        5.9874e-05, 1.7621e-05, 3.2607e-05, 9.8308e-06, 3.0646e-04, 8.0017e-05,
        7.9092e-06, 1.2064e-04, 6.2441e-05, 1.1606e-05, 3.4137e-05, 4.9808e-05,
        1.3000e-04, 6.9176e-06, 2.8047e-05, 4.6202e-06, 3.6619e-06, 3.7714e-05,
        1.0468e-04, 7.5935e-05, 6.2816e-05, 1.9474e-05, 6.5078e-05, 6.0209e-05,
        4.8578e-05, 1.7325e-05, 9.1018e-05, 1.2177e-04, 5.1615e-05, 1.7279e-05,
        4.3877e-06, 6.4882e-05, 2.3900e-05, 2.6321e-05, 1.9183e-05, 5.6154e-05,
        1.6904e-05, 3.5325e-05, 5.5299e-05, 5.6086e-05, 8.0029e-06, 4.8149e-05,
        6.8920e-05, 6.5797e-05, 4.3900e-05, 1.2097e-04, 3.3883e-05, 1.1976e-05,
        1.1251e-04, 5.4794e-05, 8.6204e-05, 7.7542e-05, 6.3652e-05, 9.2674e-07,
        1.1850e-04, 7.0340e-05, 5.3366e-05, 4.6889e-05, 2.1377e-05, 7.5632e-05,
        5.7149e-05, 7.0714e-05, 7.1592e-05, 9.8158e-05, 2.1513e-05, 1.0503e-05,
        4.4730e-05, 1.2245e-04, 4.7400e-05, 4.9595e-05, 3.5894e-05, 2.8109e-05,
        5.0425e-05, 8.4298e-05, 2.2940e-06, 3.5479e-05, 9.1832e-05, 3.0547e-05,
        7.6657e-05, 2.3619e-05, 3.6288e-05, 3.2917e-05, 3.7218e-05, 1.1271e-04,
        1.0848e-04, 1.6061e-04, 5.2954e-05, 7.4404e-05, 1.4576e-04],
       grad_fn=<CatBackward>)

mean_overall=tensor(6.6227e-05, grad_fn=<MeanBackward0>)

-----------------------------------------------ITERATION330-----------------------------------------------

final_causality=[[1, 1, 1, 1, 1, 1, 1, 1, 1, 1, 1, 1, 1], [1, 1, 1, 1, 1, 1, 1, 1, 1, 1, 1, 1, 1, 1, 1, 1, 1, 1, 1, 1, 1, 1, 1, 1, 1, 1, 1, 1, 1, 1, 1, 1, 1, 1, 1, 1, 1, 1, 1, 1, 1, 1, 1, 1, 1, 1, 1, 1, 1, 1], [1, 1, 1, 1, 1, 1, 1, 1, 1, 1, 1, 1, 1, 1, 1, 1, 1, 1, 1, 1, 1, 1, 1, 1, 1, 1, 1, 1, 1, 1, 1, 1, 1, 1, 1, 1, 1, 1, 1, 1, 1, 1, 1, 1, 1, 1, 1, 1, 1, 1]]

means=tensor([1.6926e-04, 1.3878e-17, 8.8060e-05, 1.3878e-17, 5.3819e-05, 1.1295e-04,
        2.4655e-05, 1.6687e-04, 1.6377e-04, 2.4175e-04, 1.5080e-05, 2.6477e-04,
        2.3137e-04, 5.9780e-05, 1.5594e-05, 9.6892e-05, 5.2039e-06, 5.3503e-05,
        1.8282e-04, 1.3301e-04, 7.5203e-05, 2.2251e-04, 5.7386e-05, 2.1444e-05,
        5.9508e-05, 1.7487e-05, 3.3216e-05, 9.4452e-06, 3.1115e-04, 8.0468e-05,
        8.0895e-06, 1.2215e-04, 6.1272e-05, 1.1985e-05, 3.5087e-05, 4.9386e-05,
        1.3159e-04, 6.7146e-06, 2.8095e-05, 4.5546e-06, 3.5652e-06, 3.7685e-05,
        1.0426e-04, 7.5376e-05, 6.3543e-05, 2.0088e-05, 6.5256e-05, 5.9712e-05,
        4.8886e-05, 1.6920e-05, 9.2289e-05, 1.2321e-04, 5.2120e-05, 1.7233e-05,
        3.9615e-06, 6.4417e-05, 2.4396e-05, 2.7132e-05, 1.9867e-05, 5.5274e-05,
        1.7292e-05, 3.8035e-05, 5.4830e-05, 5.6072e-05, 8.1519e-06, 4.8525e-05,
        6.8455e-05, 6.4387e-05, 4.4459e-05, 1.2087e-04, 3.4244e-05, 1.2197e-05,
        1.1050e-04, 5.4484e-05, 8.6351e-05, 7.8800e-05, 6.2641e-05, 9.2016e-07,
        1.1999e-04, 7.0512e-05, 5.3323e-05, 4.7297e-05, 2.1307e-05, 7.5036e-05,
        5.7254e-05, 7.0553e-05, 7.0848e-05, 9.8304e-05, 2.1516e-05, 1.0541e-05,
        4.4469e-05, 1.2358e-04, 4.7361e-05, 5.0347e-05, 3.5659e-05, 2.8385e-05,
        5.0166e-05, 8.4044e-05, 2.3328e-06, 3.5500e-05, 9.1962e-05, 3.0520e-05,
        7.6723e-05, 2.3759e-05, 3.6213e-05, 3.2982e-05, 3.7151e-05, 1.1349e-04,
        1.0880e-04, 1.6186e-04, 5.2953e-05, 7.5052e-05, 1.4594e-04],
       grad_fn=<CatBackward>)

mean_overall=tensor(6.6974e-05, grad_fn=<MeanBackward0>)

-----------------------------------------------ITERATION340-----------------------------------------------

final_causality=[[1, 1, 1, 1, 1, 1, 1, 1, 1, 1, 1, 1, 1], [1, 1, 1, 1, 1, 1, 1, 1, 1, 1, 1, 1, 1, 1, 1, 1, 1, 1, 1, 1, 1, 1, 1, 1, 1, 1, 1, 1, 1, 1, 1, 1, 1, 1, 1, 1, 1, 1, 1, 1, 1, 1, 1, 1, 1, 1, 1, 1, 1, 1], [1, 1, 1, 1, 1, 1, 1, 1, 1, 1, 1, 1, 1, 1, 1, 1, 1, 1, 1, 1, 1, 1, 1, 1, 1, 1, 1, 1, 1, 1, 1, 1, 1, 1, 1, 1, 1, 1, 1, 1, 1, 1, 1, 1, 1, 1, 1, 1, 1, 1]]

means=tensor([1.9465e-04, 0.0000e+00, 8.4172e-05, 0.0000e+00, 5.6420e-05, 1.1453e-04,
        2.5666e-05, 1.7193e-04, 1.6821e-04, 2.4815e-04, 1.4579e-05, 2.6689e-04,
        2.4503e-04, 6.1006e-05, 1.5808e-05, 9.7227e-05, 5.8614e-06, 5.2988e-05,
        1.8578e-04, 1.3415e-04, 7.5890e-05, 2.2569e-04, 5.9498e-05, 2.1515e-05,
        5.9590e-05, 1.7358e-05, 3.3850e-05, 9.0661e-06, 3.1597e-04, 8.0938e-05,
        8.2819e-06, 1.2369e-04, 6.0113e-05, 1.2376e-05, 3.6080e-05, 4.8972e-05,
        1.3322e-04, 6.5151e-06, 2.8150e-05, 4.4914e-06, 3.4699e-06, 3.7668e-05,
        1.0384e-04, 7.4830e-05, 6.4296e-05, 2.0737e-05, 6.5444e-05, 5.9215e-05,
        4.9206e-05, 1.6521e-05, 9.3601e-05, 1.2468e-04, 5.2643e-05, 1.7195e-05,
        3.5348e-06, 6.3957e-05, 2.4920e-05, 2.7979e-05, 2.0577e-05, 5.4405e-05,
        1.7704e-05, 4.0877e-05, 5.4363e-05, 5.6058e-05, 8.3065e-06, 4.8910e-05,
        6.7987e-05, 6.2963e-05, 4.5038e-05, 1.2077e-04, 3.4614e-05, 1.2426e-05,
        1.0849e-04, 5.4165e-05, 8.6498e-05, 8.0083e-05, 6.1618e-05, 9.1375e-07,
        1.2153e-04, 7.0684e-05, 5.3282e-05, 4.7714e-05, 2.1234e-05, 7.4428e-05,
        5.7357e-05, 7.0392e-05, 7.0084e-05, 9.8462e-05, 2.1522e-05, 1.0579e-05,
        4.4201e-05, 1.2474e-04, 4.7321e-05, 5.1110e-05, 3.5424e-05, 2.8673e-05,
        4.9905e-05, 8.3788e-05, 2.3731e-06, 3.5519e-05, 9.2093e-05, 3.0494e-05,
        7.6789e-05, 2.3907e-05, 3.6136e-05, 3.3048e-05, 3.7080e-05, 1.1429e-04,
        1.0914e-04, 1.6314e-04, 5.2951e-05, 7.5712e-05, 1.4611e-04],
       grad_fn=<CatBackward>)

mean_overall=tensor(6.7752e-05, grad_fn=<MeanBackward0>)

-----------------------------------------------ITERATION350-----------------------------------------------

final_causality=[[1, 1, 1, 1, 1, 1, 1, 1, 1, 1, 1, 1, 1], [1, 1, 1, 1, 1, 1, 1, 1, 1, 1, 1, 1, 1, 1, 1, 1, 1, 1, 1, 1, 1, 1, 1, 1, 1, 1, 1, 1, 1, 1, 1, 1, 1, 1, 1, 1, 1, 1, 1, 1, 1, 1, 1, 1, 1, 1, 1, 1, 1, 1], [1, 1, 1, 1, 1, 1, 1, 1, 1, 1, 1, 1, 1, 1, 1, 1, 1, 1, 1, 1, 1, 1, 1, 1, 1, 1, 1, 1, 1, 1, 1, 1, 1, 1, 1, 1, 1, 1, 1, 1, 1, 1, 1, 1, 1, 1, 1, 1, 1, 1]]

means=tensor([2.2056e-04, 1.3878e-17, 8.0187e-05, 1.3878e-17, 5.9074e-05, 1.1617e-04,
        2.6704e-05, 1.7714e-04, 1.7270e-04, 2.5471e-04, 1.4077e-05, 2.6904e-04,
        2.5908e-04, 6.2278e-05, 1.6032e-05, 9.7572e-05, 6.5320e-06, 5.2477e-05,
        1.8881e-04, 1.3532e-04, 7.6612e-05, 2.2895e-04, 6.1713e-05, 2.1594e-05,
        5.9684e-05, 1.7234e-05, 3.4511e-05, 8.6937e-06, 3.2090e-04, 8.1428e-05,
        8.4870e-06, 1.2525e-04, 5.8965e-05, 1.2778e-05, 3.7117e-05, 4.8565e-05,
        1.3490e-04, 6.3192e-06, 2.8212e-05, 4.4307e-06, 3.3761e-06, 3.7796e-05,
        1.0341e-04, 7.4300e-05, 6.5075e-05, 2.1422e-05, 6.5641e-05, 5.8717e-05,
        4.9539e-05, 1.6129e-05, 9.4955e-05, 1.2618e-04, 5.3186e-05, 1.7165e-05,
        3.1076e-06, 6.3502e-05, 2.5472e-05, 2.8866e-05, 2.1311e-05, 5.3548e-05,
        1.8140e-05, 4.3875e-05, 5.4352e-05, 5.6042e-05, 8.4669e-06, 4.9303e-05,
        6.7517e-05, 6.1524e-05, 4.5639e-05, 1.2068e-04, 3.4993e-05, 1.2661e-05,
        1.0647e-04, 5.3837e-05, 8.6644e-05, 8.1393e-05, 6.0581e-05, 9.0750e-07,
        1.2312e-04, 7.0856e-05, 5.3241e-05, 4.8140e-05, 2.1160e-05, 7.3808e-05,
        5.7468e-05, 7.0232e-05, 6.9301e-05, 9.8633e-05, 2.1532e-05, 1.0620e-05,
        4.3926e-05, 1.2592e-04, 4.7278e-05, 5.1885e-05, 3.5189e-05, 2.8970e-05,
        4.9641e-05, 8.3531e-05, 2.4150e-06, 3.5537e-05, 9.2225e-05, 3.0469e-05,
        7.6855e-05, 2.4058e-05, 3.6058e-05, 3.3114e-05, 3.7006e-05, 1.1512e-04,
        1.0949e-04, 1.6446e-04, 5.2950e-05, 7.6386e-05, 1.4627e-04],
       grad_fn=<CatBackward>)

mean_overall=tensor(6.8561e-05, grad_fn=<MeanBackward0>)

-----------------------------------------------ITERATION360-----------------------------------------------

final_causality=[[1, 1, 1, 1, 1, 1, 1, 1, 1, 1, 1, 1, 1], [1, 1, 1, 1, 1, 1, 1, 1, 1, 1, 1, 1, 1, 1, 1, 1, 1, 1, 1, 1, 1, 1, 1, 1, 1, 1, 1, 1, 1, 1, 1, 1, 1, 1, 1, 1, 1, 1, 1, 1, 1, 1, 1, 1, 1, 1, 1, 1, 1, 1], [1, 1, 1, 1, 1, 1, 1, 1, 1, 1, 1, 1, 1, 1, 1, 1, 1, 1, 1, 1, 1, 1, 1, 1, 1, 1, 1, 1, 1, 1, 1, 1, 1, 1, 1, 1, 1, 1, 1, 1, 1, 1, 1, 1, 1, 1, 1, 1, 1, 1]]

means=tensor([2.4701e-04, 0.0000e+00, 7.6102e-05, 0.0000e+00, 6.1783e-05, 1.1786e-04,
        2.7771e-05, 1.8250e-04, 1.7721e-04, 2.6143e-04, 1.3575e-05, 2.7122e-04,
        2.7353e-04, 6.3595e-05, 1.6265e-05, 9.7928e-05, 7.2160e-06, 5.1971e-05,
        1.9192e-04, 1.3652e-04, 7.7368e-05, 2.3230e-04, 6.4035e-05, 2.1682e-05,
        5.9791e-05, 1.7116e-05, 3.5198e-05, 8.3285e-06, 3.2596e-04, 8.1938e-05,
        8.7056e-06, 1.2685e-04, 5.7828e-05, 1.3192e-05, 3.8201e-05, 4.8167e-05,
        1.3662e-04, 6.1270e-06, 2.8282e-05, 4.3726e-06, 3.2839e-06, 3.7946e-05,
        1.0299e-04, 7.3787e-05, 6.5880e-05, 2.2146e-05, 6.5847e-05, 5.8221e-05,
        4.9885e-05, 1.5744e-05, 9.6351e-05, 1.2771e-04, 5.3747e-05, 1.7143e-05,
        2.6799e-06, 6.3052e-05, 2.6054e-05, 2.9793e-05, 2.2072e-05, 5.2703e-05,
        1.8602e-05, 4.6992e-05, 5.4639e-05, 5.6025e-05, 8.6335e-06, 4.9775e-05,
        6.7044e-05, 6.1015e-05, 4.6262e-05, 1.2060e-04, 3.5380e-05, 1.2904e-05,
        1.0445e-04, 5.3501e-05, 8.6789e-05, 8.2729e-05, 5.9531e-05, 9.0141e-07,
        1.2475e-04, 7.1028e-05, 5.3202e-05, 4.8573e-05, 2.1085e-05, 7.3176e-05,
        5.7664e-05, 7.0073e-05, 6.8497e-05, 9.8816e-05, 2.1547e-05, 1.0662e-05,
        4.3642e-05, 1.2713e-04, 4.7233e-05, 5.2671e-05, 3.4954e-05, 2.9280e-05,
        4.9375e-05, 8.3273e-05, 2.4586e-06, 3.5554e-05, 9.2358e-05, 3.0446e-05,
        7.6921e-05, 2.4213e-05, 3.5979e-05, 3.3180e-05, 3.6928e-05, 1.1598e-04,
        1.0985e-04, 1.6582e-04, 5.2949e-05, 7.7073e-05, 1.4644e-04],
       grad_fn=<CatBackward>)

mean_overall=tensor(6.9408e-05, grad_fn=<MeanBackward0>)

-----------------------------------------------ITERATION370-----------------------------------------------

final_causality=[[1, 1, 1, 1, 1, 1, 1, 1, 1, 1, 1, 1, 1], [1, 1, 1, 1, 1, 1, 1, 1, 1, 1, 1, 1, 1, 1, 1, 1, 1, 1, 1, 1, 1, 1, 1, 1, 1, 1, 1, 1, 1, 1, 1, 1, 1, 1, 1, 1, 1, 1, 1, 1, 1, 1, 1, 1, 1, 1, 1, 1, 1, 1], [1, 1, 1, 1, 1, 1, 1, 1, 1, 1, 1, 1, 1, 1, 1, 1, 1, 1, 1, 1, 1, 1, 1, 1, 1, 1, 1, 1, 1, 1, 1, 1, 1, 1, 1, 1, 1, 1, 1, 1, 1, 1, 1, 1, 1, 1, 1, 1, 1, 1]]

means=tensor([2.7403e-04, 0.0000e+00, 7.1914e-05, 0.0000e+00, 6.4548e-05, 1.1961e-04,
        2.8866e-05, 1.8803e-04, 1.8177e-04, 2.6832e-04, 1.3072e-05, 2.7344e-04,
        2.8839e-04, 6.4961e-05, 1.6508e-05, 9.8294e-05, 7.9138e-06, 5.1470e-05,
        1.9511e-04, 1.3808e-04, 7.8160e-05, 2.3573e-04, 6.6468e-05, 2.1779e-05,
        5.9912e-05, 1.7003e-05, 3.5913e-05, 7.9706e-06, 3.3115e-04, 8.2469e-05,
        8.9383e-06, 1.2847e-04, 5.6704e-05, 1.3618e-05, 3.9332e-05, 4.7777e-05,
        1.3838e-04, 5.9386e-06, 2.8359e-05, 4.3172e-06, 3.1934e-06, 3.8115e-05,
        1.0256e-04, 7.3290e-05, 6.6712e-05, 2.2910e-05, 6.6062e-05, 5.7725e-05,
        5.0245e-05, 1.5366e-05, 9.7791e-05, 1.2928e-04, 5.4328e-05, 1.7130e-05,
        2.2517e-06, 6.2607e-05, 2.6668e-05, 3.0762e-05, 2.2860e-05, 5.1872e-05,
        1.9091e-05, 5.0235e-05, 5.4936e-05, 5.6006e-05, 8.8311e-06, 5.0538e-05,
        6.6567e-05, 6.0967e-05, 4.6909e-05, 1.2052e-04, 3.5777e-05, 1.3265e-05,
        1.0243e-04, 5.3155e-05, 8.6933e-05, 8.4094e-05, 5.8568e-05, 8.9548e-07,
        1.2642e-04, 7.1200e-05, 5.3163e-05, 4.9016e-05, 2.1007e-05, 7.2532e-05,
        5.7859e-05, 6.9916e-05, 6.7672e-05, 9.9013e-05, 2.1567e-05, 1.0705e-05,
        4.3351e-05, 1.2837e-04, 4.7185e-05, 5.3468e-05, 3.4718e-05, 2.9601e-05,
        4.9106e-05, 8.3014e-05, 2.5041e-06, 3.5569e-05, 9.2491e-05, 3.0425e-05,
        7.6988e-05, 2.4372e-05, 3.5898e-05, 3.3247e-05, 3.6848e-05, 1.1686e-04,
        1.1022e-04, 1.6723e-04, 5.2949e-05, 7.7775e-05, 1.4660e-04],
       grad_fn=<CatBackward>)

mean_overall=tensor(7.0292e-05, grad_fn=<MeanBackward0>)

-----------------------------------------------ITERATION380-----------------------------------------------

final_causality=[[1, 1, 1, 1, 1, 1, 1, 1, 1, 1, 1, 1, 1], [1, 1, 1, 1, 1, 1, 1, 1, 1, 1, 1, 1, 1, 1, 1, 1, 1, 1, 1, 1, 1, 1, 1, 1, 1, 1, 1, 1, 1, 1, 1, 1, 1, 1, 1, 1, 1, 1, 1, 1, 1, 1, 1, 1, 1, 1, 1, 1, 1, 1], [1, 1, 1, 1, 1, 1, 1, 1, 1, 1, 1, 1, 1, 1, 1, 1, 1, 1, 1, 1, 1, 1, 1, 1, 1, 1, 1, 1, 1, 1, 1, 1, 1, 1, 1, 1, 1, 1, 1, 1, 1, 1, 1, 1, 1, 1, 1, 1, 1, 1]]

means=tensor([3.0164e-04, 1.3878e-17, 6.7618e-05, 1.3878e-17, 6.7370e-05, 1.2143e-04,
        2.9992e-05, 1.9372e-04, 1.8635e-04, 2.7538e-04, 1.2570e-05, 2.7568e-04,
        3.0369e-04, 6.6375e-05, 1.6762e-05, 9.8670e-05, 8.6261e-06, 5.0973e-05,
        1.9838e-04, 1.4014e-04, 7.8988e-05, 2.3926e-04, 6.9018e-05, 2.1884e-05,
        6.0045e-05, 1.6895e-05, 3.6683e-05, 7.6204e-06, 3.3645e-04, 8.3022e-05,
        9.1859e-06, 1.3012e-04, 5.5593e-05, 1.4056e-05, 4.0513e-05, 4.7396e-05,
        1.4019e-04, 5.7541e-06, 2.8444e-05, 4.2645e-06, 3.1046e-06, 3.8302e-05,
        1.0213e-04, 7.2812e-05, 6.7572e-05, 2.3808e-05, 6.6287e-05, 5.7230e-05,
        5.0618e-05, 1.4995e-05, 9.9275e-05, 1.3088e-04, 5.4930e-05, 1.7126e-05,
        1.8231e-06, 6.2169e-05, 2.7314e-05, 3.1775e-05, 2.3676e-05, 5.1055e-05,
        1.9607e-05, 5.3612e-05, 5.5242e-05, 5.5986e-05, 9.0605e-06, 5.1315e-05,
        6.6086e-05, 6.0922e-05, 4.7580e-05, 1.2045e-04, 3.6184e-05, 1.3837e-05,
        1.0040e-04, 5.2800e-05, 8.7073e-05, 8.5488e-05, 5.8403e-05, 8.8971e-07,
        1.2814e-04, 7.1372e-05, 5.3127e-05, 4.9467e-05, 2.0928e-05, 7.1877e-05,
        5.8052e-05, 6.9760e-05, 6.6825e-05, 9.9223e-05, 2.1590e-05, 1.0751e-05,
        4.3050e-05, 1.2964e-04, 4.7134e-05, 5.4277e-05, 3.4483e-05, 2.9934e-05,
        4.8933e-05, 8.2752e-05, 2.5515e-06, 3.5583e-05, 9.2624e-05, 3.0405e-05,
        7.7054e-05, 2.4534e-05, 3.5816e-05, 3.3313e-05, 3.6763e-05, 1.1776e-04,
        1.1061e-04, 1.6867e-04, 5.2949e-05, 7.8492e-05, 1.4796e-04],
       grad_fn=<CatBackward>)

mean_overall=tensor(7.1230e-05, grad_fn=<MeanBackward0>)

-----------------------------------------------ITERATION390-----------------------------------------------

final_causality=[[1, 1, 1, 1, 1, 1, 1, 1, 1, 1, 1, 1, 1], [1, 1, 1, 1, 1, 1, 1, 1, 1, 1, 1, 1, 1, 1, 1, 1, 1, 1, 1, 1, 1, 1, 1, 1, 1, 1, 1, 1, 1, 1, 1, 1, 1, 1, 1, 1, 1, 1, 1, 1, 1, 1, 1, 1, 1, 1, 1, 1, 1, 1], [1, 1, 1, 1, 1, 1, 1, 1, 1, 1, 1, 1, 1, 1, 1, 1, 1, 1, 1, 1, 1, 1, 1, 1, 1, 1, 1, 1, 1, 1, 1, 1, 1, 1, 1, 1, 1, 1, 1, 1, 1, 1, 1, 1, 1, 1, 1, 1, 1, 1]]

means=tensor([3.2988e-04, 0.0000e+00, 6.3210e-05, 0.0000e+00, 7.0252e-05, 1.2332e-04,
        3.1148e-05, 1.9959e-04, 1.9096e-04, 2.8262e-04, 1.2068e-05, 2.7796e-04,
        3.1943e-04, 6.7841e-05, 1.7025e-05, 9.9058e-05, 9.3533e-06, 5.0482e-05,
        2.0173e-04, 1.4226e-04, 7.9855e-05, 2.4288e-04, 7.1687e-05, 2.2000e-05,
        6.0193e-05, 1.6794e-05, 3.7486e-05, 7.2780e-06, 3.4189e-04, 8.3597e-05,
        9.4491e-06, 1.3180e-04, 5.4496e-05, 1.4507e-05, 4.1745e-05, 4.7024e-05,
        1.4205e-04, 5.5735e-06, 2.8538e-05, 4.2146e-06, 3.0177e-06, 3.8508e-05,
        1.0169e-04, 7.2354e-05, 6.8658e-05, 2.4849e-05, 6.7102e-05, 5.6736e-05,
        5.1005e-05, 1.4632e-05, 1.0080e-04, 1.3252e-04, 5.5553e-05, 1.7131e-05,
        1.3939e-06, 6.1737e-05, 2.7994e-05, 3.2833e-05, 2.4519e-05, 5.0252e-05,
        2.0152e-05, 5.7130e-05, 5.5558e-05, 5.5963e-05, 9.2980e-06, 5.2107e-05,
        6.5600e-05, 6.0882e-05, 4.8913e-05, 1.2040e-04, 3.6601e-05, 1.4424e-05,
        9.8372e-05, 5.2436e-05, 8.7211e-05, 8.6911e-05, 5.8240e-05, 8.8408e-07,
        1.2991e-04, 7.1544e-05, 5.3092e-05, 4.9926e-05, 2.0847e-05, 7.1210e-05,
        5.8244e-05, 6.9605e-05, 6.5955e-05, 9.9446e-05, 2.1619e-05, 1.0798e-05,
        4.2741e-05, 1.3094e-04, 4.7081e-05, 5.5097e-05, 3.4246e-05, 3.0280e-05,
        4.8813e-05, 8.2489e-05, 2.6011e-06, 3.5596e-05, 9.2758e-05, 3.0387e-05,
        7.7121e-05, 2.4700e-05, 3.5732e-05, 3.3380e-05, 3.6674e-05, 1.1870e-04,
        1.1100e-04, 1.7015e-04, 5.2951e-05, 7.9226e-05, 1.5008e-04],
       grad_fn=<CatBackward>)

mean_overall=tensor(7.2217e-05, grad_fn=<MeanBackward0>)

-----------------------------------------------ITERATION400-----------------------------------------------

final_causality=[[1, 1, 1, 1, 1, 1, 1, 1, 1, 1, 1, 1, 1], [1, 1, 1, 1, 1, 1, 1, 1, 1, 1, 1, 1, 1, 1, 1, 1, 1, 1, 1, 1, 1, 1, 1, 1, 1, 1, 1, 1, 1, 1, 1, 1, 1, 1, 1, 1, 1, 1, 1, 1, 1, 1, 1, 1, 1, 1, 1, 1, 1, 1], [1, 1, 1, 1, 1, 1, 1, 1, 1, 1, 1, 1, 1, 1, 1, 1, 1, 1, 1, 1, 1, 1, 1, 1, 1, 1, 1, 1, 1, 1, 1, 1, 1, 1, 1, 1, 1, 1, 1, 1, 1, 1, 1, 1, 1, 1, 1, 1, 1, 1]]

means=tensor([3.5876e-04, 0.0000e+00, 5.8687e-05, 0.0000e+00, 7.3195e-05, 1.2528e-04,
        3.2335e-05, 2.0565e-04, 1.9560e-04, 2.9003e-04, 1.1568e-05, 2.8026e-04,
        3.3565e-04, 6.9359e-05, 1.7299e-05, 9.9456e-05, 1.0096e-05, 4.9997e-05,
        2.0517e-04, 1.4442e-04, 8.0760e-05, 2.4659e-04, 7.4481e-05, 2.2124e-05,
        6.0354e-05, 1.6699e-05, 3.8322e-05, 6.9437e-06, 3.4745e-04, 8.4195e-05,
        9.7287e-06, 1.3351e-04, 5.3413e-05, 1.4971e-05, 4.3029e-05, 4.6662e-05,
        1.4395e-04, 5.3969e-06, 2.8640e-05, 4.1676e-06, 2.9326e-06, 3.8734e-05,
        1.0126e-04, 7.1915e-05, 6.9784e-05, 2.5954e-05, 6.8343e-05, 5.6244e-05,
        5.1407e-05, 1.4276e-05, 1.0238e-04, 1.3419e-04, 5.6197e-05, 1.7146e-05,
        9.6413e-07, 6.1311e-05, 2.8709e-05, 3.3938e-05, 2.5392e-05, 4.9464e-05,
        2.0727e-05, 6.0798e-05, 5.5884e-05, 5.5939e-05, 9.5441e-06, 5.2915e-05,
        6.5110e-05, 6.0847e-05, 5.0351e-05, 1.2035e-04, 3.7123e-05, 1.5028e-05,
        9.6338e-05, 5.2062e-05, 8.7345e-05, 8.8366e-05, 5.8080e-05, 8.7860e-07,
        1.3173e-04, 7.1717e-05, 5.3059e-05, 5.0394e-05, 2.0765e-05, 7.0532e-05,
        5.8434e-05, 6.9454e-05, 6.5063e-05, 9.9684e-05, 2.1652e-05, 1.0848e-05,
        4.2422e-05, 1.3227e-04, 4.7023e-05, 5.5929e-05, 3.4008e-05, 3.0640e-05,
        4.8694e-05, 8.2222e-05, 2.6529e-06, 3.5608e-05, 9.2892e-05, 3.0372e-05,
        7.7187e-05, 2.4870e-05, 3.5646e-05, 3.3446e-05, 3.6580e-05, 1.1966e-04,
        1.1141e-04, 1.7168e-04, 5.2954e-05, 7.9977e-05, 1.5223e-04],
       grad_fn=<CatBackward>)

mean_overall=tensor(7.3240e-05, grad_fn=<MeanBackward0>)

-----------------------------------------------ITERATION410-----------------------------------------------

final_causality=[[1, 1, 1, 1, 1, 1, 1, 1, 1, 1, 1, 1, 1], [1, 1, 1, 1, 1, 1, 1, 1, 1, 1, 1, 1, 1, 1, 1, 1, 1, 1, 1, 1, 1, 1, 1, 1, 1, 1, 1, 1, 1, 1, 1, 1, 1, 1, 1, 1, 1, 1, 1, 1, 1, 1, 1, 1, 1, 1, 1, 1, 1, 1], [1, 1, 1, 1, 1, 1, 1, 1, 1, 1, 1, 1, 1, 1, 1, 1, 1, 1, 1, 1, 1, 1, 1, 1, 1, 1, 1, 1, 1, 1, 1, 1, 1, 1, 1, 1, 1, 1, 1, 1, 1, 1, 1, 1, 1, 1, 1, 1, 1, 1]]

means=tensor([3.8831e-04, 1.3878e-17, 5.4043e-05, 1.3878e-17, 7.6201e-05, 1.2731e-04,
        3.3556e-05, 2.1189e-04, 2.0027e-04, 2.9764e-04, 1.1070e-05, 2.8259e-04,
        3.5235e-04, 7.0931e-05, 1.7583e-05, 9.9865e-05, 1.0855e-05, 4.9517e-05,
        2.0868e-04, 1.4664e-04, 8.1704e-05, 2.5040e-04, 7.7405e-05, 2.2259e-05,
        6.0529e-05, 1.6610e-05, 3.9191e-05, 6.6178e-06, 3.5314e-04, 8.4816e-05,
        1.0026e-05, 1.3525e-04, 5.2345e-05, 1.5448e-05, 4.4368e-05, 4.6309e-05,
        1.4590e-04, 5.2244e-06, 2.8750e-05, 4.1235e-06, 2.8495e-06, 3.8982e-05,
        1.0083e-04, 7.1498e-05, 7.0948e-05, 2.7125e-05, 6.9625e-05, 5.5754e-05,
        5.1823e-05, 1.3928e-05, 1.0400e-04, 1.3589e-04, 5.6863e-05, 1.7170e-05,
        5.3367e-07, 6.0892e-05, 2.9461e-05, 3.5092e-05, 2.6295e-05, 4.8692e-05,
        2.1333e-05, 6.4624e-05, 5.6220e-05, 5.5961e-05, 9.7990e-06, 5.3739e-05,
        6.4613e-05, 6.0986e-05, 5.1838e-05, 1.2031e-04, 3.7748e-05, 1.5649e-05,
        9.4301e-05, 5.1679e-05, 8.7475e-05, 8.9852e-05, 5.7923e-05, 8.7325e-07,
        1.3360e-04, 7.1889e-05, 5.3027e-05, 5.0871e-05, 2.0680e-05, 6.9842e-05,
        5.8623e-05, 6.9729e-05, 6.4184e-05, 9.9936e-05, 2.1691e-05, 1.0899e-05,
        4.2092e-05, 1.3362e-04, 4.6962e-05, 5.6774e-05, 3.3770e-05, 3.1014e-05,
        4.8577e-05, 8.1953e-05, 2.7071e-06, 3.5619e-05, 9.3026e-05, 3.0358e-05,
        7.7254e-05, 2.5044e-05, 3.5559e-05, 3.3512e-05, 3.6482e-05, 1.2065e-04,
        1.1183e-04, 1.7324e-04, 5.2958e-05, 8.0747e-05, 1.5442e-04],
       grad_fn=<CatBackward>)

mean_overall=tensor(7.4301e-05, grad_fn=<MeanBackward0>)

-----------------------------------------------ITERATION420-----------------------------------------------

final_causality=[[1, 1, 1, 1, 1, 1, 1, 1, 1, 1, 1, 1, 1], [1, 1, 1, 1, 1, 1, 1, 1, 1, 1, 1, 1, 1, 1, 1, 1, 1, 1, 1, 1, 1, 1, 1, 1, 1, 1, 1, 1, 1, 1, 1, 1, 1, 1, 1, 1, 1, 1, 1, 1, 1, 1, 1, 1, 1, 1, 1, 1, 1, 1], [1, 1, 1, 1, 1, 1, 1, 1, 1, 1, 1, 1, 1, 1, 1, 1, 1, 1, 1, 1, 1, 1, 1, 1, 1, 1, 1, 1, 1, 1, 1, 1, 1, 1, 1, 1, 1, 1, 1, 1, 1, 1, 1, 1, 1, 1, 1, 1, 1, 1]]

means=tensor([4.1858e-04, 1.3878e-17, 4.9273e-05, 1.3878e-17, 7.9273e-05, 1.2941e-04,
        3.4809e-05, 2.1834e-04, 2.0496e-04, 3.0544e-04, 1.0575e-05, 2.8494e-04,
        3.6956e-04, 7.2559e-05, 1.7878e-05, 1.0029e-04, 1.1630e-05, 4.9044e-05,
        2.1228e-04, 1.4891e-04, 8.2689e-05, 2.5430e-04, 8.0462e-05, 2.2404e-05,
        6.0719e-05, 1.6528e-05, 4.0094e-05, 6.3003e-06, 3.5895e-04, 8.5462e-05,
        1.0340e-05, 1.3702e-04, 5.1292e-05, 1.5938e-05, 4.5763e-05, 4.5966e-05,
        1.4790e-04, 5.0560e-06, 2.8869e-05, 4.0825e-06, 2.7684e-06, 3.9251e-05,
        1.0039e-04, 7.1102e-05, 7.2151e-05, 2.8367e-05, 7.0950e-05, 5.5266e-05,
        5.2254e-05, 1.3587e-05, 1.0567e-04, 1.3763e-04, 5.7552e-05, 1.7205e-05,
        1.0246e-07, 6.0481e-05, 3.0251e-05, 3.6295e-05, 2.7228e-05, 4.7935e-05,
        2.1971e-05, 6.8615e-05, 5.6566e-05, 5.6032e-05, 1.0063e-05, 5.4992e-05,
        6.4109e-05, 6.2087e-05, 5.3375e-05, 1.2028e-04, 3.8389e-05, 1.6288e-05,
        9.2261e-05, 5.1286e-05, 8.7599e-05, 9.1372e-05, 5.7768e-05, 8.6802e-07,
        1.3552e-04, 7.2062e-05, 5.2998e-05, 5.1357e-05, 2.0595e-05, 6.9140e-05,
        5.8811e-05, 7.0690e-05, 6.3389e-05, 1.0020e-04, 2.1735e-05, 1.0953e-05,
        4.1752e-05, 1.3501e-04, 4.6898e-05, 5.7630e-05, 3.3530e-05, 3.1403e-05,
        4.8462e-05, 8.1680e-05, 2.7639e-06, 3.5629e-05, 9.3161e-05, 3.0346e-05,
        7.7321e-05, 2.5222e-05, 3.5470e-05, 3.3578e-05, 3.6379e-05, 1.2167e-04,
        1.1227e-04, 1.7485e-04, 5.2965e-05, 8.1537e-05, 1.5665e-04],
       grad_fn=<CatBackward>)

mean_overall=tensor(7.5415e-05, grad_fn=<MeanBackward0>)

-----------------------------------------------ITERATION430-----------------------------------------------

final_causality=[[1, 1, 1, 1, 1, 1, 1, 1, 1, 1, 1, 1, 1], [1, 1, 1, 1, 1, 1, 1, 1, 1, 1, 1, 1, 1, 1, 1, 1, 1, 1, 1, 1, 1, 1, 1, 1, 1, 1, 1, 1, 1, 1, 1, 1, 1, 1, 1, 1, 1, 1, 1, 1, 1, 1, 1, 1, 1, 1, 1, 1, 1, 1], [1, 1, 1, 1, 1, 1, 1, 1, 1, 1, 1, 1, 1, 1, 1, 1, 1, 1, 1, 1, 1, 1, 1, 1, 1, 1, 1, 1, 1, 1, 1, 1, 1, 1, 1, 1, 1, 1, 1, 1, 1, 1, 1, 1, 1, 1, 1, 1, 1, 1]]

means=tensor([4.4958e-04, 0.0000e+00, 4.4371e-05, 0.0000e+00, 8.2415e-05, 1.3160e-04,
        3.6097e-05, 2.2499e-04, 2.0967e-04, 3.1343e-04, 1.0080e-05, 2.8732e-04,
        3.8729e-04, 7.4245e-05, 1.8183e-05, 1.0072e-04, 1.2423e-05, 4.8576e-05,
        2.1596e-04, 1.5123e-04, 8.3715e-05, 2.5830e-04, 8.3658e-05, 2.2558e-05,
        6.0924e-05, 1.6453e-05, 4.1032e-05, 5.9916e-06, 3.6489e-04, 8.6132e-05,
        1.0674e-05, 1.3882e-04, 5.0255e-05, 1.6442e-05, 4.7216e-05, 4.5633e-05,
        1.4995e-04, 4.8917e-06, 2.8997e-05, 4.0445e-06, 2.6894e-06, 3.9542e-05,
        9.9959e-05, 7.0730e-05, 7.3394e-05, 2.9684e-05, 7.2320e-05, 5.4779e-05,
        5.2700e-05, 1.3255e-05, 1.0738e-04, 1.3940e-04, 5.8264e-05, 1.7250e-05,
        2.1014e-07, 6.0077e-05, 3.1082e-05, 3.7550e-05, 2.8192e-05, 4.7195e-05,
        2.2643e-05, 7.2782e-05, 5.6923e-05, 5.6103e-05, 1.0337e-05, 5.6580e-05,
        6.3598e-05, 6.3216e-05, 5.4964e-05, 1.2027e-04, 3.9048e-05, 1.6946e-05,
        9.0217e-05, 5.0883e-05, 8.7718e-05, 9.2927e-05, 5.7617e-05, 8.6294e-07,
        1.3750e-04, 7.2235e-05, 5.2971e-05, 5.1852e-05, 2.0507e-05, 6.8427e-05,
        5.8998e-05, 7.1684e-05, 6.2574e-05, 1.0048e-04, 2.1784e-05, 1.1009e-05,
        4.1431e-05, 1.3699e-04, 4.6828e-05, 5.8499e-05, 3.3288e-05, 3.1808e-05,
        4.8348e-05, 8.1402e-05, 2.8235e-06, 3.5638e-05, 9.3295e-05, 3.0337e-05,
        7.7387e-05, 2.5405e-05, 3.5380e-05, 3.3644e-05, 3.6271e-05, 1.2272e-04,
        1.1271e-04, 1.7651e-04, 5.2973e-05, 8.2348e-05, 1.5892e-04],
       grad_fn=<CatBackward>)

mean_overall=tensor(7.6575e-05, grad_fn=<MeanBackward0>)

-----------------------------------------------ITERATION440-----------------------------------------------

final_causality=[[1, 1, 1, 1, 1, 1, 1, 1, 1, 1, 1, 1, 1], [1, 1, 1, 1, 1, 1, 1, 1, 1, 1, 1, 1, 1, 1, 1, 1, 1, 1, 1, 1, 1, 1, 1, 1, 1, 1, 1, 1, 1, 1, 1, 1, 1, 1, 1, 1, 1, 1, 1, 1, 1, 1, 1, 1, 1, 1, 1, 1, 1, 1], [1, 1, 1, 1, 1, 1, 1, 1, 1, 1, 1, 1, 1, 1, 1, 1, 1, 1, 1, 1, 1, 1, 1, 1, 1, 1, 1, 1, 1, 1, 1, 1, 1, 1, 1, 1, 1, 1, 1, 1, 1, 1, 1, 1, 1, 1, 1, 1, 1, 1]]

means=tensor([4.8137e-04, 1.3878e-17, 3.9311e-05, 1.3878e-17, 8.5636e-05, 1.3387e-04,
        3.7413e-05, 2.3187e-04, 2.1445e-04, 3.2160e-04, 9.5558e-06, 2.8971e-04,
        4.0560e-04, 7.5989e-05, 1.8499e-05, 1.0125e-04, 1.3234e-05, 4.8115e-05,
        2.1973e-04, 1.5360e-04, 8.4784e-05, 2.6239e-04, 8.6996e-05, 2.2724e-05,
        6.1142e-05, 1.6384e-05, 4.2006e-05, 5.6929e-06, 3.7097e-04, 8.6826e-05,
        1.1027e-05, 1.4065e-04, 4.9234e-05, 1.7031e-05, 4.8729e-05, 4.5311e-05,
        1.5205e-04, 4.7320e-06, 2.9134e-05, 4.0102e-06, 2.6133e-06, 3.9856e-05,
        9.9524e-05, 7.0383e-05, 7.4679e-05, 3.1079e-05, 7.3735e-05, 5.4295e-05,
        5.3161e-05, 1.2930e-05, 1.0914e-04, 1.4121e-04, 5.8999e-05, 1.7305e-05,
        7.5000e-07, 5.9680e-05, 3.1953e-05, 3.8858e-05, 2.9190e-05, 4.6473e-05,
        2.3348e-05, 7.7131e-05, 5.7290e-05, 5.6173e-05, 1.0621e-05, 5.8200e-05,
        6.3077e-05, 6.5694e-05, 5.6607e-05, 1.2026e-04, 3.9725e-05, 1.7625e-05,
        8.8167e-05, 5.0471e-05, 8.7829e-05, 9.4517e-05, 5.7469e-05, 8.5823e-07,
        1.3953e-04, 7.2409e-05, 5.2945e-05, 5.2357e-05, 2.0417e-05, 6.7702e-05,
        5.9185e-05, 7.2711e-05, 6.2214e-05, 1.0078e-04, 2.1840e-05, 1.1069e-05,
        4.1132e-05, 1.3914e-04, 4.6755e-05, 5.9381e-05, 3.3043e-05, 3.2228e-05,
        4.8234e-05, 8.1119e-05, 2.8858e-06, 3.5646e-05, 9.3430e-05, 3.0330e-05,
        7.7454e-05, 2.5592e-05, 3.5287e-05, 3.3711e-05, 3.6157e-05, 1.2380e-04,
        1.1317e-04, 1.7821e-04, 5.2983e-05, 8.3180e-05, 1.6122e-04],
       grad_fn=<CatBackward>)

mean_overall=tensor(7.7794e-05, grad_fn=<MeanBackward0>)

