loss_training=[0.012325481836901965, 0.011805385308569491, 0.01176905007413377, 0.011720231376686673, 0.011658163145838693, 0.011591486315488753, 0.011519416121569434, 0.011440514601676822, 0.011353135389389457, 0.011256251097025334, 0.011149377089698032, 0.011031711584348373, 0.010902719823363178, 0.010761958441386827, 0.010609156090316318, 0.010444194925268107, 0.010267086279908891, 0.010077944668079422, 0.009877013593358457, 0.009664798422976422, 0.009442277774790734, 0.009211052878826492, 0.008973333919613349, 0.008731771381474277, 0.00848921313788831, 0.008248499000199855, 0.0080123754892488, 0.0077834868107419, 0.007564323683990352, 0.007357104439473, 0.007163620121813985, 0.006985103035761945, 0.0068221542191979736, 0.006674761061368556, 0.0065423966231142865, 0.006424152823160001, 0.006318896241470955, 0.006225499574914798, 0.006142813530517603, 0.006069736726672797, 0.006005230557679954, 0.005948317974553946, 0.0058980828409227895, 0.005853668050508803, 0.005814285635164353]

test_loss_training=[0.10093803791607618, 0.10180287695132173, 0.09813132925191746, 0.09639105679163112, 0.0955302043626135, 0.09476568554552206, 0.09384253859958412, 0.09263929443006226, 0.0911227528168915, 0.08945243326975955, 0.08781969231927172, 0.08613749583012427, 0.08426314642807438, 0.0823060043686366, 0.08027505378227977, 0.07814801667205899, 0.07597918607341064, 0.07377411132387426, 0.07157396499250746, 0.06940152938293441, 0.06727748814639767, 0.06521761680278884, 0.06323383629053775, 0.06134055364934233, 0.059557195715561215, 0.05790819056099027, 0.05642106954865988, 0.055123241562720866, 0.05403744998591518, 0.053177094644853304, 0.052544574170720094, 0.052134341516069264, 0.05193786770687664, 0.051945638349174074, 0.05214528323629286, 0.05251982774822077, 0.05304882384669388, 0.05370875238282927, 0.054474729892591216, 0.05532145591590996, 0.05622433116878714, 0.05716034146416531, 0.05810855036140306, 0.05905060856501046, 0.05997109693567136]

loss_control_training_MSE=[0.011848283010742571, 0.011842705468204184, 0.01175687917093702, 0.011707250059125233, 0.011649316902484417, 0.011584127941501791, 0.01151242291157508, 0.011432962060166868, 0.01134453495993899, 0.011246787094528716, 0.011138925835192126, 0.011020238834482308, 0.010890177791225128, 0.010748329690324123, 0.010594435388010425, 0.010428391879274433, 0.010250221560052019, 0.01006005006870792, 0.009858138086461007, 0.009645028654861418, 0.009421758472763725, 0.009189993080341392, 0.008951995663580552, 0.00871044728909706, 0.008468200685294604, 0.008228085409042343, 0.007992835443582336, 0.007765079035711398, 0.0075472830030855744, 0.007341626807028217, 0.007149848977986647, 0.006973117240463753, 0.006811966211217347, 0.0066663238433978325, 0.0065356174511784085, 0.0064189230500606795, 0.006315115360475529, 0.006223035025066223, 0.006141535964138089, 0.006069523875996923, 0.006005968058925198, 0.005949899379446574, 0.005900407651712645, 0.005856644080559247, 0.005817828652769355]

variances=[1.705507094157371e-09, 1.872798297365691e-09, 2.1879869225759773e-09, 2.6812078730959657e-09, 3.3478055351191784e-09, 4.309932962720405e-09, 5.6583319067334454e-09, 7.500262963021796e-09, 9.976934355550437e-09, 1.3266639474642288e-08, 1.75855102064201e-08, 2.3198560406970615e-08, 3.04041009923916e-08, 3.955604154479467e-08, 5.1101175532498805e-08, 6.549599404063996e-08, 8.326692520014333e-08, 1.0497797900158618e-07, 1.312722136362301e-07, 1.6290036908281462e-07, 2.0075101167577335e-07, 2.459034099670502e-07, 2.995057772404098e-07, 3.6263923695753883e-07, 4.36224933861996e-07, 5.209084185457704e-07, 6.16976113709801e-07, 7.244810419734404e-07, 8.43018602061205e-07, 9.717624041035506e-07, 1.1093178884661438e-06, 1.2537538484063243e-06, 1.4027492702126823e-06, 1.553689392319135e-06, 1.7039335677295143e-06, 1.8496453590053545e-06, 1.9864583803295735e-06, 2.1164706757385937e-06, 2.238945100702817e-06, 2.3536255743981335e-06, 2.460591604309734e-06, 2.560223201568209e-06, 2.65301705730818e-06, 2.739492874370273e-06, 2.820136374746283e-06]

ACE_values=[4.421685458401178e-05, 4.531208434241644e-05, 4.664244743113824e-05, 4.838253632672512e-05, 5.117205690650804e-05, 5.4538847534911466e-05, 5.8474085016578687e-05, 6.306808079530599e-05, 6.839959015872666e-05, 7.4552385180567e-05, 8.16293540104807e-05, 8.96715508891918e-05, 9.89509147710989e-05, 0.00010955736168505683, 0.00012148233916580846, 0.0001348206014466733, 0.0001495220482310519, 0.0001656718371854866, 0.00018317283035510266, 0.00020202437587399957, 0.00022225448646723806, 0.00024385716333247658, 0.0002667677604810249, 0.0002909508589472351, 0.0003162291082871484, 0.00034233125183112824, 0.0003690157301443401, 0.00039585952753211254, 0.00042256374966341857, 0.0004488019364377699, 0.000474393924576541, 0.0004990082435727099, 0.000522364075695739, 0.0005442183737890503, 0.0005643603335016996, 0.0005840731471629094, 0.0006052963712987513, 0.0006248741136457313, 0.0006427863816394523, 0.0006591316066843477, 0.0006740635228604367, 0.0006877755638160631, 0.0007002720496087604, 0.0007117432087023962, 0.0007222551614528788]

-------------------------------CAUSAL NEURAL NET-------------------------------

loss_test_causal=tensor(0.0608, grad_fn=<MseLossBackward>)

