loss_training=[0.033113372446419306, 0.014151309339998775, 0.011950706187064354, 0.01232131540237228, 0.012051212273498053, 0.01188845340206277, 0.011859979524387068, 0.011847950060468368, 0.011832006397209171, 0.011814559879923903, 0.011796764232274926, 0.01177854257797705, 0.01175970303038329, 0.0117401191462638, 0.011719726602476494, 0.011698483020376547, 0.011676335254921792, 0.011653171593373784, 0.011628836140173926, 0.011603358216343482, 0.011576674973039075, 0.011548698471949444, 0.011519344322360795, 0.01148849237351349, 0.011456031622640042, 0.011421847244701277, 0.011385836599728784, 0.011347871836483238, 0.011307814161428193, 0.011265507295002095, 0.01122080754849482, 0.011173598557468233, 0.011123728110182295, 0.011071058787560123, 0.011015442389553723, 0.010956649974115702, 0.010894568556021727, 0.010829074046624454, 0.010760090906672293, 0.010687517188809422, 0.010611243589627553, 0.01053119593711905, 0.010447307782588925, 0.010359534183727209, 0.010267853403328503]

test_loss_training=[0.05660208758395973, 0.13217054746638887, 0.1022210727467362, 0.09449750806443624, 0.10939415698432906, 0.09985723294624917, 0.1028029714963466, 0.10265578057505405, 0.1015629299681252, 0.10233072999912513, 0.10147001187559121, 0.1017370232269045, 0.10127412661730087, 0.10124369688138944, 0.10094895849540833, 0.10079178179338702, 0.10055125568634826, 0.1003379715199953, 0.10010191266289412, 0.09985738540582452, 0.09960635284794608, 0.09933952342463953, 0.09906454708834674, 0.09877453034947464, 0.09847130346366458, 0.09815302748318878, 0.09781815637247933, 0.09746605720415633, 0.0970939888307492, 0.09670250834562778, 0.09628896870953323, 0.09585313990094697, 0.09539377198471144, 0.09490964503493794, 0.09439998269437322, 0.09386663447588128, 0.09330740077043528, 0.09272175918499623, 0.09210986750931945, 0.09147119427563115, 0.09080546215218882, 0.09011370087851527, 0.08939812215580162, 0.08866048411943006, 0.08790297847505621]

loss_control_training_MSE=[0.02656368408743047, 0.01472488800711848, 0.011942636630954349, 0.012221054421392185, 0.012091766361378351, 0.011937568376596428, 0.011896218063144847, 0.01188209706241305, 0.01186743882115799, 0.011851168243554016, 0.011834135753876387, 0.011816574943002279, 0.011798367392867198, 0.011779470324976884, 0.011759813745532486, 0.011739364047787105, 0.01171806827976682, 0.011695865978711839, 0.011672638103122373, 0.011648347551743501, 0.011622937032026753, 0.011596329303003493, 0.011568436382624572, 0.011539161772058599, 0.01150840264015959, 0.011476050142205686, 0.01144199020033018, 0.011406104285777792, 0.011368267105184121, 0.01132834875848199, 0.01128622433006451, 0.011241765587431805, 0.01119484305074702, 0.011145327800714646, 0.011093093160784953, 0.0110379882479949, 0.010979880216359806, 0.01091867405289324, 0.010854271122896594, 0.01078657881712298, 0.010715509387630877, 0.010640988525312048, 0.010562966713251019, 0.010481407621777697, 0.010396288968029426]

variances=[8.504617029524948e-10, 1.023506897783425e-09, 1.013682167650848e-09, 1.0291524091143366e-09, 1.1253182676322012e-09, 1.1764192454398978e-09, 1.2684008514729414e-09, 1.3588652714515242e-09, 1.459285900720578e-09, 1.5877480080759864e-09, 1.7312364939124071e-09, 1.903578230737914e-09, 2.0990507261188548e-09, 2.326178766859831e-09, 2.5841536534562575e-09, 2.8784870975587617e-09, 3.211456802881326e-09, 3.5840402342711855e-09, 3.997193634298339e-09, 4.463114806934063e-09, 4.987771692012531e-09, 5.57847863396122e-09, 6.243622551659149e-09, 6.992510117651715e-09, 7.835757275239019e-09, 8.785640202722866e-09, 9.855984233145267e-09, 1.1062432882911505e-08, 1.2421694548899507e-08, 1.3954071620753561e-08, 1.5683081932413453e-08, 1.7633645689347038e-08, 1.983467060597342e-08, 2.2317863683951038e-08, 2.5118342348005488e-08, 2.8265952164820354e-08, 3.1807912621000486e-08, 3.579513189189044e-08, 4.028179867621492e-08, 4.5326887475374074e-08, 5.09922010441659e-08, 5.73496519085022e-08, 6.447601391441743e-08, 7.245111219821986e-08, 8.136154223015826e-08]

ACE_values=[3.582333306798737e-05, 3.6967685205605966e-05, 3.6677711927869116e-05, 3.657204995288495e-05, 3.692365855253027e-05, 3.6937189099703854e-05, 3.712945837776549e-05, 3.7570403350118836e-05, 3.802904223602455e-05, 3.860652131561607e-05, 3.918202907974323e-05, 3.98393940547114e-05, 4.05218791099855e-05, 4.127772864172963e-05, 4.2089006408735464e-05, 4.296414269914975e-05, 4.3902110570851677e-05, 4.496005059167071e-05, 4.6171823757896425e-05, 4.74676770085057e-05, 4.885559308624389e-05, 5.034791211034767e-05, 5.1941889482840664e-05, 5.3661910951050907e-05, 5.551679694301777e-05, 5.751306128653675e-05, 5.963977516071386e-05, 6.190667127811786e-05, 6.43282926111825e-05, 6.693047824587575e-05, 6.973213387116349e-05, 7.272163901218538e-05, 7.592175200249045e-05, 7.934084309023555e-05, 8.30001526665264e-05, 8.698248680560684e-05, 9.126022330932343e-05, 9.586287676160349e-05, 0.00010076707801404742, 0.00010598132028497634, 0.000111527079692461, 0.00011740153322778863, 0.00012361978984386002, 0.00013018929107294752, 0.00013710789291034337]

-------------------------------CAUSAL NEURAL NET-------------------------------

loss_test_causal=tensor(0.0872, grad_fn=<MseLossBackward>)

